112.25
112.25
114.0
114.0
113.5
113.5
113.75
113.75
114.0
114.0
114.0
117.25
117.25
114.75
114.75
119.5
119.5
120.5
120.5
121.0
120.75
120.75
121.25
121.25
122.25
122.25
120.75
120.75
121.25
121.25
121.0
121.0
121.0
121.0
121.0
121.5
121.5
120.75
120.75
119.75
119.75
121.5
121.5
121.25
121.25
121.75
121.75
122.0
122.0
122.5
123.0
123.0
124.0
124.0
124.25
124.25
124.5
124.5
124.5
124.5
124.25
124.25
124.25
124.25
123.5
123.5
123.5
123.5
123.0
123.0
123.5
123.5
124.0
124.0
125.0
125.0
125.25
125.25
125.0
125.0
125.25
125.25
125.25
125.25
125.0
125.0
125.0
125.0
125.0
125.0
124.0
124.0
124.75
124.75
124.0
124.0
123.5
123.5
123.5
123.5
124.0
124.0
124.25
124.0
124.0
124.5
124.5
125.25
125.25
125.0
125.0
125.0
125.0
124.5
124.5
125.25
125.25
125.0
125.0
125.25
125.25
125.25
125.25
126.0
125.25
125.25
125.5
125.5
125.5
125.5
126.0
126.0
126.25
126.25
126.75
126.75
126.5
126.5
126.0
126.0
125.75
125.75
126.25
126.25
126.5
126.5
126.75
126.75
127.25
127.25
128.0
128.0
128.0
127.5
127.5
127.75
127.75
128.5
128.5
129.5
129.5
129.5
129.0
129.0
129.0
128.75
129.75
129.75
129.0
129.0
129.0
129.0
128.75
128.75
128.75
128.75
128.75
129.0
129.0
128.75
129.04166666666666
129.33333333333334
129.625
129.91666666666666
130.20833333333334
130.5
130.5
130.0
130.0
130.0
130.0
129.5
129.5
128.5
128.5
129.5
129.5
129.25
128.75
128.75
128.0
128.0
128.0
128.0
127.5
127.75
127.75
126.25
126.25
125.0
125.0
126.25
126.25
128.25
128.25
128.0
128.0
128.25
128.25
128.0
128.0
128.25
128.25
128.5
128.5
128.0
128.0
129.0
129.0
129.5
129.75
129.75
129.5
129.5
130.25
130.25
129.75
129.75
129.75
129.75
129.75
129.75
130.25
130.0
130.0
129.25
129.25
130.0
130.0
130.25
130.25
130.25
130.25
130.25
130.0
130.0
131.25
131.25
130.5
130.5
130.75
131.0
131.0
130.75
130.75
130.75
130.75
130.25
130.25
130.0
130.0
129.75
129.75
130.0
130.0
129.5
130.0
130.0
130.0
130.0
129.5
129.5
129.75
129.75
130.25
130.25
130.5
130.75
130.75
130.5
130.5
130.75
130.75
130.75
130.0
130.0
131.0
131.0
130.25
130.25
130.25
130.25
130.25
130.25
130.25
130.25
130.25
130.25
130.25
130.25
130.25
130.25
130.25
130.25
130.25
130.0
130.0
130.0
130.0
130.0
130.0
130.0
130.0
130.0
129.75
129.75
129.5
129.5
130.25
130.25
130.25
130.25
130.25
130.5
130.5
131.0
131.0
131.5
131.5
131.5
131.5
131.0
131.0
131.0
131.0
130.75
130.75
130.75
130.5
130.5
130.75
130.75
130.5
130.75
130.75
130.75
130.75
130.75
130.75
130.5
130.5
130.75
130.75
130.75
130.25
130.25
130.5
130.5
130.75
130.75
130.75
130.75
129.5
129.5
129.5
129.5
130.5
130.25
130.25
130.25
129.75
129.25
129.25
129.0
129.0
129.0
129.0
129.0
129.0
128.75
129.5
129.5
129.0
129.0
129.0
129.0
129.75
129.75
129.75
129.75
130.25
129.5
129.5
130.25
130.25
130.5
130.5
130.5
130.5
130.25
130.25
130.5
131.0
131.0
131.0
131.0
130.25
130.25
130.5
130.5
130.5
130.5
130.25
130.25
130.5
130.75
130.75
130.25
130.25
130.25
130.25
131.0
131.0
130.5
131.0
131.0
131.0
131.0
131.5
131.5
131.5
131.5
131.75
131.75
131.5
131.5
131.5
130.75
130.75
130.25
130.25
130.0
130.0
129.5
129.5
129.75
129.75
129.75
130.0
130.0
130.5
130.5
130.75
130.75
130.25
130.25
130.75
130.75
130.75
131.0
131.0
131.0
131.0
131.5
131.5
131.5
131.5
130.75
130.75
131.25
131.0
131.0
131.0
131.0
131.5
131.5
131.75
131.75
132.0
131.0
131.0
130.25
130.25
130.5
130.5
130.25
130.25
130.0
130.0
129.75
129.75
129.25
128.75
128.75
129.0
129.0
129.25
129.25
129.5
129.5
129.75
129.75
130.0
130.0
130.25
130.75
130.75
130.25
130.25
130.25
130.25
129.5
129.5
130.25
130.25
129.5
129.5
130.0
130.0
130.5
130.25
130.25
130.25
130.25
130.25
130.25
129.0
129.0
129.5
129.5
128.5
129.0
129.0
129.0
129.0
129.5
129.5
129.5
129.5
129.5
129.5
129.0
129.0
129.5
129.5
129.5
129.25
129.25
129.5
129.5
129.5
129.5
130.25
130.5
130.5
130.5
130.75
130.75
130.5
130.75
130.75
130.5
130.5
130.25
130.5
130.5
129.75
129.75
129.5
129.5
129.5
129.5
128.5
128.5
129.5
129.5
130.25
130.25
130.5
130.25
130.25
129.75
129.75
130.25
130.25
129.5
129.5
129.0
129.0
129.0
129.25
129.25
129.0
129.0
128.5
128.5
128.0
128.0
128.0
128.0
127.25
127.25
128.0
128.25
128.25
128.0
128.0
128.25
128.25
128.5
128.5
128.5
128.5
128.5
128.5
128.5
128.5
128.0
128.5
128.5
129.0
129.0
129.25
129.25
129.25
129.25
129.25
129.25
129.0
129.0
129.0
129.0
129.0
129.0
128.75
128.75
130.25
130.25
129.5
129.5
129.25
129.25
129.5
129.5
129.5
129.25
129.25
128.75
128.75
129.0
129.0
129.5
129.5
129.0
129.0
129.0
128.75
128.75
129.0
129.0
128.5
128.5
129.0
129.0
129.5
129.5
129.75
129.75
129.75
129.5
129.5
129.5
129.5
130.25
130.25
130.75
130.75
131.5
131.5
132.0
132.75
132.75
133.25
133.25
132.0
132.0
131.5
131.5
130.25
130.25
128.25
127.25
127.25
127.0
127.0
128.0
128.0
129.25
129.25
130.0
130.0
130.5
131.0
131.0
130.75
130.75
130.75
130.75
130.75
130.75
130.75
130.75
130.75
130.5
130.5
130.25
130.25
130.75
130.75
130.75
130.75
131.0
131.0
132.0
132.0
132.0
132.0
132.0
131.25
131.25
131.75
131.75
131.5
132.0
132.0
131.75
131.75
131.75
131.75
131.5
131.5
131.5
131.5
131.5
131.5
131.5
130.5
130.5
130.25
130.25
130.75
130.75
130.0
130.0
130.0
130.25
130.25
130.0
130.0
129.5
129.5
129.75
129.75
129.25
129.25
129.5
129.5
130.0
130.25
130.25
130.0
130.0
130.0
130.0
129.5
129.5
129.5
129.5
129.25
129.25
129.5
129.5
129.5
129.0
129.0
129.0
129.0
129.0
129.0
128.75
128.75
128.5
128.5
128.75
129.0
129.0
129.0
129.0
129.0
129.0
128.25
128.25
129.0
129.0
129.0
129.75
129.75
130.25
130.25
131.0
131.0
132.75
132.75
133.5
133.5
133.25
134.25
134.25
134.0
134.0
135.25
135.25
135.0
135.0
136.25
135.0
135.0
136.0
136.25
136.25
136.25
135.0
135.0
135.0
135.0
135.0
135.0
135.0
134.75
134.75
135.0
135.0
135.0
132.3125
129.625
126.9375
124.25
121.5625
118.875
116.1875
113.5
113.5
112.75
112.75
112.0
112.0
113.25
113.25
113.25
113.5
111.5
111.5
111.0
111.0
112.5
112.5
112.5
112.5
112.5
109.75
109.75
113.0
113.0
112.75
112.75
112.75
111.0
111.0
112.75
112.75
113.0
113.0
113.0
113.0
113.0
113.0
112.75
112.75
112.75
112.75
112.95833333333333
113.16666666666667
113.375
113.58333333333333
113.79166666666667
114.0
114.0
114.0
114.0
114.0
113.75
113.75
113.75
113.75
114.0
114.0
113.75
115.7
117.65
119.6
121.55
123.5
125.45
127.4
129.35
131.3
133.25
133.25
133.25
133.25
133.25
133.25
134.75
134.75
134.75
134.75
134.75
134.75
134.75
134.75
135.0
135.0
134.75
134.75
134.25
133.75
133.25
132.75
132.25
131.75
131.25
130.75
130.25
129.75
129.25
128.75
128.25
127.75
127.25
127.25
127.0
127.0
127.5
127.5
127.25
127.25
127.25
127.25
127.25
127.25
127.25
127.25
126.875
126.5
126.125
125.75
125.375
125.0
125.0
125.0
123.75
123.75
124.0
124.0
125.25
125.25
124.75
124.75
124.5
124.75
124.75
124.0
124.0
124.75
124.75
124.75
124.75
124.0
122.5
122.5
124.0
124.0
124.0
123.75
123.75
123.75
123.5
123.5
123.5
123.5
123.25
123.0
123.0
123.0
122.75
122.75
124.25
124.25
122.75
122.75
125.0
125.0
123.5
123.5
123.25
123.25
123.25
123.25
123.25
123.25
123.5
123.25
123.25
123.5
124.15
124.8
125.45
126.1
126.75
126.75
127.5
127.5
127.25
127.75
127.75
127.75
127.5
127.5
127.25
127.25
123.0
123.0
122.0
122.0
122.0
122.0
122.5
122.5
121.25
121.25
121.75
121.75
121.0
121.0
122.25
122.25
122.25
122.0
122.0
123.0
122.5
122.5
122.5
122.75
122.25
122.25
122.25
122.25
123.0
123.0
122.25
122.25
123.75
123.75
123.75
123.5
123.5
123.25
123.25
123.75
123.75
122.75
122.75
122.5
122.5
122.5
120.75
120.75
122.25
122.25
120.5
120.5
122.75
122.75
122.25
122.25
123.0
123.0
123.5
123.5
124.0
124.5
124.5
124.5
124.5
124.5
123.75
124.5
124.5
125.0
125.0
125.25
125.25
125.0
125.0
127.25
127.25
126.75
126.75
127.75
127.5
127.5
128.0
128.0
127.25
127.25
126.75
126.75
127.0
127.0
126.25
126.25
126.25
126.25
126.5
126.5
125.75
125.75
126.0
126.0
126.0
126.0
123.5
123.5
124.5
124.5
123.25
123.25
125.0
125.25
125.25
125.25
125.25
125.5
125.5
126.5
126.5
126.75
126.75
126.75
126.75
127.0
127.0
126.75
127.5
127.5
126.25
126.25
126.5
126.5
126.5
126.5
126.5
126.5
126.5
126.5
126.5
126.5
126.0
125.5
125.0
124.5
124.0
123.5
123.0
123.0
123.0
123.0
120.0
120.0
120.0
113.25
113.25
114.75
114.75
116.5
116.5
117.0
117.0
117.0
117.5
117.5
118.75
118.75
119.5
119.25
119.25
120.25
120.25
119.75
119.75
118.25
118.25
118.75
118.75
117.0
117.0
117.0
117.75
117.75
119.0
119.0
118.75
118.75
119.5
119.5
119.5
119.5
119.5
119.25
119.25
119.5
119.5
119.5
118.5
118.5
118.0
118.0
116.75
116.75
117.5
117.5
119.0
119.0
119.25
119.25
119.0
119.0
119.0
119.0
119.0
119.0
120.75
120.75
121.0
121.0
121.0
121.0
122.75
122.75
122.75
122.75
123.0
123.0
123.5
123.5
124.0
124.0
125.0
125.0
124.25
124.25
123.0
123.0
123.25
123.25
124.0
124.0
122.0
122.0
122.25
122.25
122.75
122.75
122.5
122.75
122.75
123.0
123.0
123.5
123.5
123.5
123.5
123.0
123.0
122.75
122.75
122.25
122.25
122.25
122.25
122.5
122.5
122.25
122.25
123.25
123.25
123.0
123.0
123.0
123.0
122.5
122.5
123.75
123.75
123.5
123.5
123.25
123.25
123.25
125.25
125.25
124.75
124.5
124.5
124.75
124.75
124.5
124.5
124.0
124.0
124.75
124.75
125.5
125.5
125.25
125.25
125.75
125.75
126.0
126.0
126.25
126.75
126.75
127.25
127.25
127.5
127.5
127.5
127.5
127.5
127.5
127.5
127.5
127.75
127.75
127.0
127.75
127.75
128.0
128.0
128.25
128.25
126.75
126.75
126.25
126.25
125.75
125.75
125.0
125.0
125.75
125.75
126.25
126.25
126.0
126.25
126.25
126.75
126.75
126.5
126.5
126.25
126.25
126.5
126.5
126.25
126.25
126.75
126.75
127.5
127.5
128.0
127.75
127.75
128.0
128.0
128.0
128.0
128.0
128.0
128.0
128.0
128.0
128.0
128.0
128.0
127.0
126.75
126.75
126.75
126.75
126.25
126.25
126.25
126.25
127.0
127.0
128.5
128.5
129.0
129.0
128.75
128.25
128.25
129.0
129.0
129.0
128.5
128.0
128.0
128.5
128.5
128.0
128.0
128.5
129.5
129.5
129.5
129.5
129.75
129.75
129.75
129.75
129.5
129.5
129.5
129.5
129.25
129.0
129.0
128.5
128.5
128.5
128.5
128.5
128.5
128.75
128.75
128.75
128.75
128.5
128.5
128.5
128.5
128.75
129.25
129.25
130.0
130.0
129.0
129.0
129.75
129.75
129.5
129.5
129.0
129.0
129.5
129.75
129.75
130.25
130.25
130.5
130.5
130.75
130.75
131.75
131.75
132.5
132.75
132.75
132.5
132.5
131.5
131.5
131.75
131.75
131.75
131.75
131.25
130.75
130.75
130.25
130.25
130.0
130.0
129.75
129.75
130.25
130.25
129.25
129.25
129.25
129.25
129.25
129.5
129.5
129.75
129.75
129.25
129.25
128.75
128.75
129.25
129.0
129.0
129.0
129.0
128.5
128.5
128.5
128.5
128.5
128.5
128.75
128.75
128.75
128.5
128.5
128.5
128.5
128.5
128.5
128.75
128.75
128.5
128.5
128.25
128.25
128.25
128.25
128.0
128.75
128.75
128.75
128.75
128.5
128.5
128.5
128.5
128.0
128.0
128.0
128.0
128.0
128.0
128.0
128.0
128.0
127.75
127.75
128.0
128.0
128.0
128.0
128.5
128.5
128.5
128.5
128.5
128.5
129.0
129.75
129.75
129.75
129.75
130.25
130.25
130.25
130.25
130.25
130.25
130.25
130.0
130.0
129.5
129.5
129.5
129.5
129.5
129.5
129.25
129.25
129.0
129.0
130.0
129.75
129.75
130.0
130.0
130.0
130.0
129.5
129.5
129.5
129.5
129.75
130.75
130.75
131.0
131.0
130.75
130.75
130.75
130.75
130.25
130.25
130.75
131.0
131.0
132.0
132.0
132.0
132.0
132.0
132.0
132.0
131.75
131.75
131.75
131.75
132.25
132.25
132.25
132.25
132.0
132.0
131.75
131.75
131.75
131.75
131.75
132.0
132.0
131.5
131.5
130.75
130.5
130.5
130.5
130.5
130.5
130.5
130.75
130.25
130.25
130.25
130.75
130.75
130.75
130.75
130.75
130.75
130.75
130.75
130.5
130.5
130.25
130.25
130.0
130.0
129.75
129.75
130.75
130.75
131.5
131.5
132.0
132.0
132.75
132.0
132.0
131.5
131.5
131.5
131.5
131.0
131.0
130.75
130.75
131.0
130.25
130.25
130.0
130.0
130.25
130.25
130.25
130.25
130.75
130.75
130.75
130.75
130.75
130.25
130.25
130.5
130.5
130.75
130.75
130.75
131.0
131.0
131.5
131.5
131.5
131.5
131.5
131.5
132.0
132.0
131.75
131.75
131.5
131.5
131.5
131.5
131.5
131.5
131.5
131.5
131.0
131.0
131.0
131.0
131.5
131.5
131.5
131.5
132.0
132.0
131.5
131.5
130.75
130.25
130.25
130.75
130.75
130.75
130.75
130.75
130.75
130.75
130.75
130.75
130.25
130.25
130.5
130.5
131.0
131.0
131.25
131.0
131.0
131.25
131.25
131.5
131.5
130.75
130.75
130.75
130.75
130.75
130.5
130.5
130.5
130.5
130.5
130.5
130.75
130.75
131.0
131.0
130.75
130.75
130.75
130.75
131.5
132.0
132.0
132.5
132.5
132.75
132.75
133.0
133.0
132.0
132.0
132.0
132.25
132.25
132.75
132.75
132.75
132.75
132.75
132.5
132.5
131.75
131.75
130.75
130.75
131.0
130.75
130.75
130.5
130.5
130.25
130.25
130.25
130.25
129.5
129.5
129.25
129.25
129.0
128.5
128.5
128.75
128.75
128.5
128.5
128.5
128.5
128.75
128.75
128.5
128.5
128.0
128.5
128.5
128.75
128.75
129.25
129.25
129.5
129.5
130.25
130.25
130.75
130.75
130.75
130.75
130.75
130.75
130.5
130.5
130.5
130.25
130.25
129.5
129.5
128.0
126.25
126.25
125.25
125.25
125.0
125.0
125.0
125.0
125.0
125.25
126.25
126.25
126.5
126.5
126.75
126.75
127.5
127.5
129.5
129.5
131.5
133.5
133.5
133.25
133.25
135.5
136.0
136.0
137.0
137.0
138.0
139.75
139.75
140.75
140.75
141.75
142.0
142.0
140.75
140.75
142.75
143.0
143.0
141.75
141.75
141.75
141.75
140.25
141.0
141.0
138.75
138.75
139.0
139.0
139.25
138.25
138.25
137.25
137.25
136.75
136.75
136.75
135.25
135.25
132.25
113.5
113.5
109.75
109.75
117.25
117.25
111.5
111.5
111.5
112.5
112.5
115.0
115.0
113.25
113.25
113.25
113.25
113.25
113.25
113.25
113.25
113.25
113.25
113.25
113.25
113.25
113.25
113.71428571428571
114.17857142857143
114.64285714285714
115.10714285714286
115.57142857142857
116.03571428571429
116.5
115.0
115.0
114.25
114.25
114.25
114.25
114.25
110.5
110.5
111.0
111.0
115.0
115.0
115.0
115.0
114.25
114.25
116.75
116.75
115.0
115.0
116.5
116.5
115.75
115.75
114.75
114.75
115.0
115.0
114.75
114.75
116.25
116.25
115.0
115.0
115.0
114.5
114.5
115.5
115.75
115.75
115.25
115.25
115.5
115.5
115.5
115.5
116.0
116.0
119.5
119.5
119.5
117.25
117.25
118.5
118.5
117.5
117.5
117.5
117.5
117.5
117.5
117.5
117.5
117.5
117.25
117.25
109.5
109.5
109.5
111.75
111.75
110.0
107.25
107.25
108.75
108.75
108.75
110.0
110.0
110.75
110.75
108.5
108.5
108.5
103.5
103.5
108.75
108.75
105.25
105.25
105.25
105.25
111.0
111.0
111.0
110.0
109.75
109.75
109.75
109.75
109.75
109.75
109.75
110.0
110.0
110.0
110.0
108.64285714285714
107.28571428571429
105.92857142857143
104.57142857142857
103.21428571428571
101.85714285714286
100.5
100.5
101.25
101.25
104.0
104.0
104.0
104.0
103.25
103.25
104.25
104.25
104.25
107.0
107.75
107.75
107.75
107.75
107.75
107.5
107.5
108.0
108.0
108.25
108.25
108.25
108.25
108.0
108.0
108.0
108.5
108.5
109.0
109.0
109.0
109.0
108.25
108.25
108.25
110.25
110.25
110.25
110.25
112.0
112.0
112.0
112.0
113.0
113.0
114.0
114.0
115.25
115.25
115.75
115.75
116.75
116.75
116.75
116.75
115.75
115.75
116.0
116.0
117.25
117.25
118.0
118.0
118.0
117.0
117.0
118.5
118.5
119.25
119.25
119.25
119.25
119.25
120.0
120.0
118.5
118.5
118.5
115.75
115.75
119.0
119.0
117.5
117.5
118.25
118.25
118.5
118.5
118.75
118.75
118.0
118.0
115.75
115.75
116.5
116.5
116.25
116.25
117.0
117.0
117.75
117.75
117.75
117.75
119.0
119.0
117.75
117.75
117.0
117.0
118.75
118.75
118.75
118.75
122.0
122.0
118.75
118.75
118.0
118.0
117.5
117.5
117.75
117.75
116.5
116.5
116.5
117.5
117.0
117.0
117.0
117.0
117.0
118.0
118.0
116.5
116.5
118.0
118.0
118.5
118.5
120.25
120.25
120.75
121.5
121.5
123.0
123.0
124.0
124.0
124.0
124.0
124.0
124.0
124.5
124.5
124.0
124.0
123.5
123.5
124.5
124.5
125.25
125.25
126.75
126.75
126.5
126.5
127.25
127.25
126.75
126.75
126.5
126.5
126.75
126.75
126.75
126.75
126.75
126.25
126.25
126.25
126.25
126.75
127.0
127.0
127.0
126.75
126.75
126.25
126.25
126.5
126.5
126.5
126.75
126.75
128.0
128.0
129.0
129.0
129.25
129.25
128.5
128.5
128.0
128.0
128.0
127.0
127.0
128.0
128.0
128.0
125.25
128.0
128.0
127.75
127.75
127.5
127.5
129.5
129.5
129.5
129.5
129.5
129.5
129.5
129.5
129.5
129.25
129.25
129.0
128.75
128.5
128.25
128.0
127.75
127.5
127.25
127.25
127.5
127.5
126.75
126.75
126.75
126.75
127.75
127.75
126.0
126.0
125.75
125.75
125.75
125.75
125.75
126.0
126.0
126.0
126.0
123.86111111111111
121.72222222222223
119.58333333333333
117.44444444444444
115.30555555555556
113.16666666666667
111.02777777777777
108.88888888888889
106.75
106.75
112.0
112.0
109.0
109.0
107.0
107.0
109.25
109.25
114.5
114.5
114.5
114.5
111.25
111.25
111.25
111.25
111.25
111.25
111.5
111.5
111.25
111.25
111.25
107.25
107.25
109.75
109.75
109.5
109.5
109.25
109.25
109.25
109.25
109.25
109.25
109.25
109.5
109.5
113.5
113.5
114.5
114.5
115.0
115.0
115.0
115.0
116.0
116.0
115.75
117.5
117.5
117.5
119.5
119.5
120.75
120.75
118.5
118.5
119.75
119.75
117.0
117.0
117.0
117.0
114.25
114.25
111.5
111.5
111.5
105.75
105.75
103.0
103.0
104.5
104.5
106.0
106.0
106.25
106.25
105.25
105.25
104.25
104.75
104.75
104.75
106.25
106.25
107.25
107.25
109.25
109.25
109.25
111.25
111.25
110.75
108.75
108.75
108.75
111.25
111.25
114.5
114.5
116.75
116.75
119.0
120.5
120.5
121.5
121.5
122.75
122.75
121.0
121.0
120.75
120.75
122.0
122.0
122.75
122.75
123.0
123.0
122.0
122.0
121.0
121.0
121.0
120.25
120.25
120.25
136.75
135.0
135.0
125.75
125.75
120.5
120.5
118.25
118.25
118.0
118.0
118.25
118.25
118.75
118.75
118.5
118.5
118.75
118.75
118.0
118.0
118.75
118.75
119.0
119.0
118.75
118.75
119.5
119.5
119.25
119.25
119.5
119.5
119.75
119.75
119.75
119.75
120.5
120.5
119.75
119.75
119.25
119.25
118.5
118.5
118.5
118.0
118.0
118.75
118.25
118.25
119.25
119.25
119.25
119.5
119.75
119.75
119.75
119.75
122.25
122.25
124.5
124.5
124.5
124.5
122.75
122.75
122.75
122.75
120.0
120.0
117.75
117.75
115.5
115.5
115.0
115.0
115.5
115.5
114.75
114.75
114.25
114.25
114.75
114.75
114.75
115.0
115.0
115.75
115.75
115.75
115.75
115.5
115.5
115.75
115.75
117.25
117.25
118.0
120.75
120.75
120.75
120.75
121.5
121.5
119.5
119.5
120.75
120.75
121.5
121.5
120.25
120.25
119.75
119.75
119.25
119.25
116.5
116.5
114.75
114.75
112.25
112.25
112.5
112.5
112.75
112.75
112.75
113.5
113.5
114.25
114.25
115.0
115.0
116.0
116.0
116.0
116.0
116.5
116.5
117.0
117.0
117.75
117.75
119.0
119.0
119.25
119.25
119.75
119.75
119.75
119.75
120.0
120.0
120.25
120.25
121.0
121.0
122.25
122.25
124.0
124.0
125.5
125.5
125.5
125.25
125.25
123.75
123.75
122.5
122.5
121.75
121.75
121.0
121.0
121.75
121.75
121.75
121.75
121.5
121.5
121.75
121.75
122.25
122.25
123.5
123.5
122.5
122.5
122.0
122.0
122.25
122.25
122.0
122.0
121.25
121.25
121.75
121.75
121.5
121.5
121.5
121.5
121.0
121.0
121.75
121.75
122.5
122.5
122.75
122.75
123.75
124.5
124.5
124.5
124.5
125.0
125.0
125.25
125.25
124.5
124.5
125.0
125.0
125.75
125.75
126.25
126.25
127.0
127.0
128.25
129.25
129.25
129.75
129.75
130.25
130.25
130.5
130.5
130.75
130.75
130.0
129.0
129.0
130.25
130.25
130.75
130.75
132.0
132.0
131.0
131.0
132.0
132.0
132.0
132.0
132.0
132.0
132.0
132.25
132.25
132.5
132.0
132.0
132.0
132.0
130.75
130.75
129.5
129.5
129.25
129.25
129.0
129.0
129.5
129.5
129.5
129.25
129.25
129.0
129.0
129.0
129.0
128.75
128.75
129.0
129.0
128.75
128.5
128.5
128.5
128.5
128.5
128.5
128.25
128.25
128.5
128.5
128.0
128.0
127.5
127.5
127.5
128.0
128.0
128.75
128.75
129.0
129.0
129.0
129.0
129.5
129.5
129.25
129.5
129.5
130.25
130.25
130.25
130.25
130.5
130.5
130.75
130.75
131.0
131.0
131.0
131.0
131.0
131.0
131.0
131.75
131.75
132.0
132.0
132.0
133.5
133.5
133.5
133.5
133.25
133.25
133.25
132.5
130.75
130.75
130.25
130.25
129.5
129.5
128.5
128.5
128.25
128.25
128.5
128.5
128.0
128.0
126.75
126.75
126.0
126.0
125.25
125.25
127.25
127.25
127.0
127.0
126.0
126.0
127.25
127.25
126.25
126.25
126.25
126.25
129.0
127.75
127.75
127.5
127.5
127.5
127.5
125.75
125.75
127.0
127.0
125.5
125.5
124.75
124.75
124.5
124.5
124.0
124.0
123.75
123.75
123.5
123.5
124.5
125.0
125.0
124.75
124.75
125.25
125.25
127.25
127.25
127.25
129.0
134.0
134.0
134.75
134.75
135.0
135.0
134.25
134.25
134.25
134.0
132.0
132.0
124.5
124.5
124.5
121.0
121.0
121.75
121.75
119.5
119.5
120.0
118.75
118.75
118.25
118.25
117.5
117.5
118.5
118.5
117.0
117.0
118.0
118.0
118.0
118.0
118.0
116.0
116.0
115.75
115.75
116.0
116.0
121.0
121.0
122.0
123.5
123.5
123.5
123.25
123.25
123.0
122.5
122.5
122.5
122.5
122.75
122.75
121.0
121.0
120.0
120.0
118.75
118.75
118.5
118.5
118.5
118.5
118.5
119.25
119.25
117.75
117.75
119.75
119.75
120.25
120.25
119.75
119.75
118.75
118.0
118.0
118.0
118.0
116.75
116.75
116.75
118.0
118.0
118.0
118.0
117.75
117.75
117.75
117.75
118.0
118.0
118.0
118.0
117.6
117.2
116.8
116.4
116.0
116.0
114.5
114.5
114.5
114.5
116.0
116.0
115.75
115.75
115.75
116.0
116.0
116.0
116.0
115.75
116.5
116.5
116.75
116.75
117.5
117.5
117.5
118.5
118.5
119.25
119.25
117.75
117.75
116.5
116.5
116.25
116.25
116.0
116.0
115.5
115.5
115.5
115.5
115.0
115.0
116.5
116.5
116.0
116.0
116.5
116.5
117.25
117.25
116.25
116.25
116.75
116.75
116.75
116.75
118.75
118.75
117.75
117.75
117.75
118.0
117.0
117.0
117.5
117.5
117.5
117.5
117.5
118.25
118.25
117.25
117.25
115.25
115.25
115.25
115.25
117.75
117.75
117.25
117.25
116.0
116.75
116.75
116.75
117.25
117.25
116.0
116.0
116.75
116.75
117.5
117.5
115.5
115.5
118.75
118.5
118.5
116.75
116.75
117.0
117.0
116.75
116.75
117.75
117.75
119.25
119.25
119.5
119.5
120.75
120.75
120.75
120.75
119.5
119.5
120.25
120.25
120.5
120.5
120.5
120.5
121.25
121.25
121.5
121.5
121.75
121.75
121.75
121.75
121.75
121.75
121.75
121.75
121.75
122.0
122.0
122.0
122.0
127.25
127.25
128.25
128.25
128.25
127.75
127.75
127.75
127.75
128.0
128.0
128.0
128.0
128.0
127.75
127.75
128.0
128.0
128.0
128.0
128.0
124.5
124.5
124.5
126.25
126.25
127.5
128.0
128.0
127.25
127.25
126.25
126.25
126.25
124.5
124.5
124.0
124.0
124.5
124.5
123.5
123.5
124.5
124.5
123.5
123.5
123.5
123.5
122.0
122.0
121.75
121.75
122.25
122.25
122.0
122.0
121.5
121.5
122.0
122.5
122.5
122.5
122.5
122.0
122.0
122.25
122.25
122.25
122.25
122.25
122.25
122.0
122.0
122.75
122.75
121.25
121.25
120.75
120.75
120.75
120.75
120.75
120.75
120.0
120.0
120.0
120.0
119.0
120.0
120.0
121.25
121.25
121.0
121.0
121.0
121.0
121.0
120.75
122.0
122.0
123.5
121.5
121.5
121.5
121.5
121.5
121.5
123.0
123.0
122.75
122.75
123.25
123.25
123.25
123.25
124.0
124.0
124.0
124.0
126.25
128.0
128.0
127.5
127.5
128.5
128.5
128.0
128.0
128.0
128.0
128.0
128.0
127.75
127.75
127.75
127.25
127.25
125.5
125.5
125.0
124.0
124.0
124.0
122.75
120.25
120.25
120.25
120.25
120.25
121.0
121.0
120.5
120.5
119.75
119.75
119.5
119.5
121.75
121.75
121.75
121.75
121.75
121.5
122.25
122.25
122.25
122.25
121.75
121.75
122.25
122.25
123.25
123.25
123.5
123.5
124.0
124.0
124.5
124.5
124.5
124.5
124.5
124.25
124.25
124.25
124.25
124.25
124.25
124.75
124.75
125.25
125.25
125.0
125.0
125.5
125.5
125.25
125.25
126.0
126.0
125.75
125.75
125.75
125.75
125.75
125.75
125.75
126.25
126.25
126.25
126.25
126.25
125.75
125.75
125.75
125.75
126.25
126.25
126.0
126.0
125.25
125.25
126.75
126.75
129.0
129.0
129.25
129.25
128.5
128.5
129.0
129.0
127.75
128.0
128.0
128.25
128.25
128.75
128.75
128.0
128.0
127.25
127.25
127.75
127.75
128.25
128.25
128.25
128.5
128.5
127.75
127.75
127.5
127.5
127.5
127.5
127.25
127.25
127.5
127.5
127.75
127.75
127.5
127.5
127.5
128.0
128.0
128.0
128.0
127.75
127.75
127.5
127.5
126.5
126.5
126.25
126.25
127.5
127.5
126.25
125.75
125.75
125.5
125.5
126.0
126.0
126.0
127.0
127.0
127.75
128.25
128.25
128.5
128.5
128.75
128.75
128.75
128.75
129.0
129.0
128.75
128.75
128.5
129.0
129.0
129.0
129.0
129.0
129.0
128.0
128.0
127.5
128.5
128.5
126.75
126.75
127.25
127.25
128.5
128.5
128.25
128.25
128.0
128.0
127.5
127.5
127.25
127.25
126.75
126.75
126.75
126.75
126.75
127.0
127.0
126.75
126.75
127.25
127.25
127.25
127.25
127.25
127.5
127.5
127.5
127.5
128.25
128.25
128.0
128.0
128.5
128.5
128.5
128.5
129.0
129.0
129.25
129.25
129.0
129.0
129.25
129.0
129.0
129.5
129.5
129.75
129.75
130.0
130.0
129.5
129.5
128.75
128.75
128.75
128.25
128.25
128.5
128.5
128.5
128.5
128.25
128.25
128.0
127.25
127.25
127.0
127.0
127.25
127.25
127.5
127.5
127.75
128.0
128.0
130.25
130.25
129.75
129.75
128.5
128.5
129.0
129.0
129.5
129.5
129.75
129.75
130.75
130.75
131.0
131.25
131.25
131.25
131.25
130.75
130.75
130.5
130.0
130.0
130.25
130.25
128.25
128.25
128.25
128.25
128.0
128.0
127.5
127.5
127.25
127.25
127.25
127.25
127.25
127.25
127.25
127.25
128.0
128.0
128.0
127.25
127.25
129.0
129.0
128.5
128.5
128.5
128.5
129.25
129.25
129.5
128.75
128.75
128.5
128.5
129.0
129.0
129.0
129.0
129.5
129.5
129.5
129.5
129.5
128.75
128.75
129.0
129.0
129.75
129.75
129.5
129.5
130.5
130.5
130.75
130.5
130.5
129.5
129.5
129.25
129.25
129.75
129.75
130.0
130.0
129.0
129.0
130.0
130.0
130.25
130.25
130.25
130.25
130.25
130.0
130.0
129.5
129.5
130.25
130.0
130.0
129.5
129.5
129.25
129.25
129.5
129.5
129.25
129.25
129.25
129.25
129.25
129.25
129.5
129.5
129.75
130.75
130.75
130.5
130.5
131.0
131.0
130.5
130.25
130.25
130.75
130.75
130.75
130.75
131.25
131.25
131.0
131.0
130.75
131.5
131.5
131.75
131.75
131.25
131.25
131.0
131.0
131.5
132.25
132.25
132.25
133.25
133.75
133.75
134.75
134.75
135.5
135.5
133.5
133.5
132.75
132.75
133.0
133.0
133.0
132.75
132.75
132.0
132.0
131.25
131.5
131.5
132.5
132.5
133.0
133.0
133.0
133.0
133.0
132.0
132.0
132.5
132.5
133.5
133.5
133.75
133.5
133.5
133.25
133.25
133.5
133.5
133.25
133.25
133.25
133.5
133.5
133.0
133.0
133.0
133.0
134.25
134.25
134.0
133.5
133.5
133.0
133.0
132.5
132.5
131.5
131.5
131.5
132.0
132.0
131.75
131.75
131.75
131.75
131.75
131.75
131.25
131.25
130.75
130.25
130.25
131.25
131.25
131.0
131.0
131.25
131.25
130.75
130.75
130.25
130.75
130.75
132.0
132.0
132.0
132.0
131.75
131.75
130.75
130.25
130.25
131.0
131.0
131.25
131.25
130.75
130.75
130.0
130.0
129.5
129.5
129.0
129.0
130.0
130.75
130.75
130.25
130.25
130.5
130.5
130.5
130.25
130.25
130.5
130.5
131.0
131.0
131.25
131.25
131.25
130.75
130.75
130.75
130.75
130.75
130.75
130.75
130.75
131.5
131.5
131.5
131.25
131.25
131.5
131.5
131.5
131.5
132.0
132.25
132.25
133.25
133.25
133.75
133.75
135.0
135.0
134.75
135.5
135.5
136.0
136.0
137.5
138.5
138.5
140.0
140.0
138.5
138.5
140.0
141.0
141.0
140.0
140.0
140.25
142.5
142.5
142.75
142.75
141.75
141.75
141.75
141.75
141.75
141.75
141.75
141.75
141.75
141.75
141.75
138.5
138.5
138.5
138.5
138.5
138.5
138.5
138.5
138.5
138.5
138.25
138.25
138.5
137.85625
137.2125
136.56875
135.925
135.28125
134.6375
133.99375
133.35
132.70625
132.0625
131.41875
130.775
130.13125
129.4875
128.84375
128.2
127.55625
126.9125
126.26875
125.625
124.98125
124.3375
123.69375
123.05
122.40625
121.7625
121.11875
120.475
119.83125
119.1875
118.54375
117.9
117.25625
116.6125
115.96875
115.325
114.68124999999999
114.0375
113.39375
112.75
112.75
112.75
112.75
112.25
112.25
113.0
113.0
115.5
115.5
111.0
111.0
111.0
111.25
111.25
109.0
109.0
109.75
109.75
111.75
111.75
111.75
111.75
110.5
110.5
112.25
112.25
107.0
107.0
107.0
109.25
109.25
109.25
114.5
109.5
109.5
109.5
109.5
109.5
109.5
109.5
109.25
109.25
109.5
109.5
108.75
108.75
109.0
109.0
109.0
109.25
109.25
109.75
109.75
108.75
108.75
106.0
106.0
106.25
106.25
107.75
107.75
108.0
108.0
108.25
108.25
110.0
110.0
108.75
108.75
110.0
110.0
110.0
109.75
109.75
110.0
110.0
110.0
110.0
110.5
110.5
110.5
109.5
109.5
108.5
108.5
108.0
108.0
108.0
109.75
109.75
109.75
109.75
109.75
110.0
110.0
110.0
110.0
109.75
109.75
109.75
109.3
108.85
108.4
107.95
107.5
107.5
106.5
106.5
106.5
106.0
106.0
104.0
104.0
104.75
104.75
102.0
102.0
102.0
101.25
101.25
100.5
100.5
98.5
98.5
99.25
99.25
99.25
99.5
99.5
98.5
98.5
98.0
98.0
98.0
98.25
98.25
97.75
97.75
97.75
98.25
98.25
98.25
98.25
98.25
97.25
97.25
99.25
99.25
99.25
98.25
98.25
96.75
96.75
96.75
97.25
97.25
97.25
96.75
96.75
95.5
95.5
112.75
112.75
98.25
98.25
98.25
98.25
98.25
98.25
98.25
98.25
98.25
98.25
104.75
104.75
101.25
101.25
101.25
101.25
101.25
101.5
101.5
101.5
101.5
101.5
101.5
101.25
96.40625
91.5625
86.71875
81.875
77.03125
72.1875
67.34375
62.5
62.5
62.5
62.25
62.25
62.25
62.5
62.5
62.5
62.5
62.5
62.5
67.375
72.25
77.125
82.0
86.875
91.75
96.625
101.5
101.5
101.75
101.75
99.25
99.25
100.25
100.25
100.25
99.5
99.5
99.5
99.5
99.5
99.5
99.5
99.5
99.5
99.5
99.5
109.25
109.25
112.0
112.0
113.0
113.0
118.0
118.0
127.5
127.5
127.0
127.0
125.25
125.25
125.25
125.25
125.25
125.25
125.25
124.75
124.75
123.5
123.5
121.75
121.75
120.0
120.0
119.5
119.5
119.75
119.75
120.0
120.0
119.5
119.5
119.5
118.75
117.5
117.5
117.5
117.75
117.75
119.25
119.25
119.25
119.0
119.0
118.5
118.5
119.0
119.0
119.0
119.0
120.5
120.5
119.5
119.5
119.75
119.75
120.0
120.0
120.0
120.0
119.75
119.75
119.75
119.75
95.25
95.25
98.0
98.0
98.0
98.0
95.5
95.5
105.75
105.75
93.0
93.0
92.75
92.75
92.75
92.75
92.75
92.75
92.75
92.75
92.75
92.75
93.22857142857143
93.70714285714286
94.18571428571428
94.66428571428571
95.14285714285714
95.62142857142857
96.1
96.57857142857142
97.05714285714286
97.53571428571429
98.01428571428572
98.49285714285715
98.97142857142858
99.45
99.92857142857143
100.40714285714286
100.88571428571429
101.36428571428571
101.84285714285714
102.32142857142857
102.8
103.27857142857142
103.75714285714285
104.23571428571428
104.71428571428571
105.19285714285715
105.67142857142858
106.15
106.62857142857143
107.10714285714286
107.58571428571429
108.06428571428572
108.54285714285714
109.02142857142857
109.5
109.5
106.75
106.75
106.5
106.5
106.5
107.5
107.5
105.5
105.5
109.0
109.0
111.0
111.0
111.0
106.0
106.0
106.25
106.25
103.25
103.25
105.5
105.5
105.5
107.0
107.0
108.25
108.25
108.25
108.25
108.25
108.25
108.25
108.25
108.25
108.5
108.5
108.5
108.25
108.25
108.25
108.80681818181819
109.36363636363636
109.92045454545455
110.47727272727273
111.0340909090909
111.5909090909091
112.14772727272727
112.70454545454545
113.26136363636364
113.81818181818181
114.375
114.93181818181819
115.48863636363636
116.04545454545455
116.60227272727272
117.1590909090909
117.7159090909091
118.27272727272727
118.82954545454545
119.38636363636364
119.94318181818181
120.5
120.5
120.5
121.75
121.75
120.25
120.25
119.25
119.25
120.75
120.75
121.25
120.25
120.25
120.75
120.75
119.5
119.5
117.0
117.0
118.5
118.5
119.25
119.25
117.75
117.75
119.0
119.0
117.25
117.25
120.0
120.0
121.5
121.5
122.75
121.75
121.75
121.75
121.75
122.25
122.25
123.0
121.75
121.75
120.75
120.75
120.75
120.75
121.0
121.0
121.0
121.0
121.0
121.0
121.0
121.0
121.07142857142857
121.14285714285714
121.21428571428571
121.28571428571429
121.35714285714286
121.42857142857143
121.5
121.5
121.5
121.5
120.75
120.75
120.75
120.75
120.75
120.75
120.5
120.5
121.25
121.25
121.0
121.0
121.5
121.5
123.25
123.25
123.75
123.75
124.5
124.5
124.5
124.5
125.5
125.5
125.75
125.75
125.75
126.25
126.25
126.25
126.25
126.5
126.5
126.75
126.75
127.25
127.25
126.75
127.25
127.25
127.25
127.25
127.25
126.25
127.0
127.0
126.5
126.5
126.5
126.5
126.75
126.75
126.75
126.75
126.0
126.0
126.25
126.25
126.25
127.25
127.25
127.25
127.25
127.25
126.25
127.0
127.0
127.75
127.75
128.25
128.25
127.25
128.25
128.25
127.25
127.25
128.5
128.5
129.0
129.0
129.0
129.0
128.5
128.5
128.5
128.5
128.75
128.5
128.5
128.75
128.75
127.25
127.25
128.5
128.5
128.5
128.5
128.5
128.5
128.5
128.5
128.5
128.5
128.5
128.25
128.25
129.0
128.75
128.75
128.5
128.5
128.5
128.5
128.75
128.75
128.0
128.0
127.25
127.25
127.0
127.25
127.25
127.25
127.25
127.75
127.75
128.5
128.5
129.75
129.75
128.5
128.5
128.5
128.5
129.0
128.75
128.75
129.25
129.25
130.25
130.25
129.5
129.5
129.0
129.0
128.5
128.5
128.0
127.5
127.5
127.0
127.0
126.75
126.75
126.75
126.75
126.75
126.75
126.5
126.5
126.75
126.75
126.75
127.0
127.0
127.0
126.75
128.25
128.25
127.5
127.5
128.0
128.0
127.5
127.5
127.25
127.25
127.25
127.25
127.25
126.75
126.75
126.5
126.5
127.0
127.0
126.75
126.75
127.75
127.75
127.25
127.25
126.5
126.5
126.75
126.75
126.75
127.0
127.0
127.0
127.0
128.0
128.0
127.5
127.5
128.0
128.0
128.75
128.75
129.5
129.5
130.25
129.75
129.75
129.5
129.5
129.75
129.75
130.0
130.0
129.5
129.5
129.5
129.5
128.5
128.0
128.0
128.0
128.0
128.0
127.5
127.5
127.75
128.0
128.0
128.5
128.5
128.75
128.75
128.5
128.5
128.5
128.5
128.75
128.75
129.0
129.25
129.25
129.25
129.25
129.0
129.0
129.25
129.25
129.5
129.5
129.5
129.5
129.25
129.5
129.25
129.25
129.5
129.5
130.25
130.25
130.75
130.75
131.25
131.25
130.75
130.75
130.5
130.5
130.75
129.5
129.5
129.0
129.0
128.5
128.5
128.0
128.0
127.75
127.75
127.75
127.75
128.0
128.25
128.25
128.25
128.25
129.0
129.0
128.5
128.5
128.75
128.75
128.75
128.75
128.25
128.25
128.0
127.75
127.75
127.25
127.25
127.25
127.25
127.0
127.0
126.75
126.75
126.75
126.75
127.5
127.5
127.25
127.25
127.0
126.75
126.75
127.25
127.25
126.75
126.75
127.25
127.25
127.25
127.25
128.0
128.0
128.25
128.25
128.25
128.25
127.25
127.75
127.75
127.5
127.5
127.5
127.5
127.75
127.25
127.25
127.75
127.75
127.5
127.5
127.25
127.25
127.25
127.25
127.75
127.75
128.0
128.0
128.5
128.5
129.0
129.0
129.5
129.5
129.25
129.25
129.0
128.5
128.5
128.5
129.25
129.25
129.5
129.5
129.5
129.5
129.5
130.0
130.0
131.0
131.0
130.5
130.5
130.5
130.25
130.25
129.5
129.5
129.5
129.5
129.0
129.0
129.0
129.0
128.5
128.5
128.25
128.25
128.0
128.0
128.5
128.5
128.5
128.5
128.5
128.25
128.25
128.75
128.75
128.75
128.75
128.75
128.5
128.5
128.75
128.75
128.5
128.5
129.5
129.5
129.0
129.0
128.5
128.5
128.5
129.5
129.5
129.5
129.5
130.5
130.5
130.25
130.25
130.25
130.25
130.25
130.25
130.25
129.75
129.75
129.5
129.5
129.5
129.5
130.5
130.5
129.75
129.75
129.25
129.25
128.75
128.5
128.5
128.5
128.5
128.5
128.5
128.5
128.5
128.75
128.75
128.25
129.75
129.75
129.0
129.0
129.0
129.0
129.25
129.25
128.75
128.75
127.5
127.25
127.25
128.5
128.5
127.75
127.75
129.0
129.0
128.75
126.25
126.25
126.0
126.0
122.75
122.75
121.25
121.5
121.5
120.75
120.75
120.25
122.25
122.25
122.25
123.5
123.5
125.75
125.75
125.25
125.25
125.75
125.75
125.5
125.5
125.5
125.5
125.5
125.5
125.5
125.5
125.5
125.5
125.5
125.5
125.5
125.5
125.25
125.25
127.25
117.0
117.0
117.0
116.0
116.0
116.25
116.25
114.0
114.0
110.75
110.75
113.0
113.0
113.75
113.75
113.0
113.0
115.25
115.25
117.25
117.25
117.25
116.5
116.5
116.75
116.75
118.0
118.0
118.0
118.0
118.0
118.0
118.0
118.0
118.0
118.0
118.0
118.0
118.0
118.0
118.0
118.0
117.6
117.2
116.8
116.4
116.0
115.6
115.2
114.8
114.4
114.0
114.0
114.0
115.25
115.25
114.25
114.25
114.25
114.25
114.25
112.5
112.5
113.0
113.0
112.25
112.25
114.5
114.5
114.5
114.5
115.5
115.5
116.0
116.0
116.0
115.75
115.75
116.0
116.0
116.0
118.0
118.0
118.5
118.5
118.5
119.0
119.0
113.5
118.5
118.5
118.0
118.0
118.0
118.75
118.75
118.75
118.75
118.75
118.75
119.0
119.0
118.75
118.75
118.75
116.0
116.0
116.0
115.75
115.75
115.75
115.75
115.75
115.75
116.0
116.0
116.0
116.375
116.75
117.125
117.5
117.875
118.25
118.625
119.0
119.0
118.0
118.0
118.0
118.5
118.5
109.25
109.25
120.25
120.25
118.5
118.5
120.75
120.75
122.75
123.75
123.75
123.75
126.75
126.75
125.75
125.75
125.75
125.75
125.75
124.75
124.75
125.0
125.0
125.0
125.0
125.0
123.5
123.5
123.5
123.5
123.5
123.5
123.5
123.5
123.5
123.5
123.5
123.5
123.5
116.0
116.0
116.0
116.0
113.5
113.5
113.5
113.5
110.5
110.5
110.5
110.5
110.5
110.25
110.25
110.25
110.25
110.25
110.5
110.5
110.25
110.86111111111111
111.47222222222223
112.08333333333333
112.69444444444444
113.30555555555556
113.91666666666667
114.52777777777777
115.13888888888889
115.75
115.75
116.75
116.75
117.0
117.0
117.5
117.5
117.5
117.5
118.0
118.0
117.5
117.5
117.75
117.75
117.75
117.0
117.0
117.0
115.75
115.75
115.75
116.25
116.25
117.0
117.0
120.25
120.25
120.25
121.25
121.25
124.5
124.5
124.5
125.0
125.0
126.0
126.0
127.5
128.25
128.25
127.75
127.75
128.75
128.75
128.0
128.0
128.5
128.5
127.25
127.25
126.25
126.25
127.0
125.75
125.75
126.0
126.0
125.5
125.5
124.5
124.5
124.5
124.5
124.5
124.5
126.0
126.0
125.25
125.25
126.5
126.5
125.75
125.75
126.75
126.75
126.75
126.75
126.5
126.5
126.25
126.25
126.0
126.0
125.5
125.5
125.25
123.5
123.5
125.75
125.75
125.75
125.75
125.75
125.75
125.75
125.75
125.75
126.0
126.0
125.75
125.75
125.5
125.25
125.0
124.75
124.5
124.25
124.0
123.75
123.5
123.25
123.0
122.75
122.5
122.25
122.0
121.75
121.5
121.25
121.0
120.75
120.5
120.25
120.0
119.75
119.5
119.5
118.75
118.75
115.0
115.0
114.5
114.5
116.5
116.5
115.5
115.5
114.25
114.25
114.75
114.75
114.75
116.5
116.5
118.25
118.25
121.0
121.0
119.5
119.5
118.75
118.75
117.75
117.75
112.75
112.75
112.75
102.0
102.0
98.25
98.25
98.25
101.75
101.75
102.25
102.25
102.25
101.75
101.75
101.75
101.75
101.75
101.75
101.75
102.0
102.0
102.0
101.75
101.75
102.25
102.25
103.75
103.75
102.75
102.75
102.75
104.25
104.25
104.25
105.0
105.0
105.75
105.75
107.0
107.0
106.0
106.0
105.0
105.0
105.0
108.25
108.25
106.5
106.5
107.75
107.75
107.25
107.25
106.75
106.75
106.75
105.0
105.0
100.5
100.5
100.5
98.5
98.5
98.25
98.25
98.25
100.5
100.5
101.25
101.25
101.25
101.25
101.25
101.25
107.875
114.5
121.125
127.75
127.75
127.75
130.0
130.0
130.0
130.0
130.75
130.75
130.75
131.5
131.5
131.25
131.25
130.75
130.75
130.25
130.25
130.0
130.0
129.0
128.25
128.25
129.0
129.0
126.5
126.5
126.5
126.5
126.5
126.5
126.25
126.25
126.75
126.75
126.25
126.25
125.75
125.75
125.75
124.5
124.75
124.75
125.0
125.0
124.5
124.5
124.5
124.5
125.75
125.75
127.0
127.0
127.0
127.0
126.25
126.25
125.75
125.75
126.75
126.75
124.75
125.0
125.0
125.5
125.5
125.75
125.75
125.25
125.25
126.0
126.0
127.0
127.0
127.75
127.75
130.0
130.5
130.5
132.75
132.75
131.75
131.75
131.5
131.5
130.75
130.75
132.75
131.75
131.75
131.5
131.5
132.0
132.0
132.0
132.25
132.25
132.25
132.25
131.25
131.25
129.5
129.5
129.75
129.75
130.0
130.0
129.0
129.0
129.0
128.5
128.5
130.0
130.0
128.0
128.0
127.25
127.25
128.0
128.0
128.0
128.0
128.0
126.75
126.75
125.75
125.75
125.75
125.75
126.0
126.0
125.75
125.75
125.5
125.5
126.0
125.25
125.25
126.25
126.25
126.25
126.5
126.5
126.25
126.25
126.5
126.5
128.5
128.5
128.0
128.0
128.0
128.0
128.5
128.5
127.25
127.5
127.5
129.0
129.0
127.25
127.25
128.5
128.5
126.75
126.75
126.5
126.5
126.75
126.75
126.5
126.5
127.25
127.25
127.25
127.5
127.5
127.5
127.5
127.25
127.25
129.0
129.0
128.75
128.75
129.5
129.5
129.75
130.75
130.75
130.75
131.75
131.75
131.0
131.0
131.5
131.5
131.25
131.0
131.0
130.75
130.75
130.5
130.5
130.75
130.75
131.75
131.5
131.5
130.75
130.75
131.5
131.5
131.5
131.5
132.0
132.0
133.5
133.5
133.5
133.5
133.5
134.0
134.0
134.25
135.0
135.0
134.25
134.25
133.75
133.75
133.75
133.75
134.25
133.5
133.5
134.25
134.25
133.5
133.5
133.75
133.75
134.25
134.25
134.25
133.5
133.5
133.0
133.0
133.5
133.5
134.25
134.0
134.0
134.75
134.75
135.0
135.0
134.75
135.25
135.25
135.25
135.25
135.25
135.25
135.25
135.25
135.25
135.5
135.5
135.75
135.75
135.0
135.0
135.25
135.0
135.0
135.25
135.25
135.5
135.5
135.0
135.0
135.25
134.75
134.75
134.25
134.25
134.25
134.25
134.25
134.25
134.25
134.25
134.25
134.5
134.5
134.75
134.75
135.75
135.75
135.75
135.0
135.0
135.0
135.0
135.5
135.75
135.75
136.0
136.0
134.75
134.75
137.0
137.0
134.0
134.5
134.5
135.5
135.5
135.0
135.0
135.0
135.25
135.25
134.5
134.5
136.5
136.5
134.75
134.75
134.25
132.75
132.75
132.0
132.0
132.0
132.0
132.75
132.75
132.25
131.5
131.5
132.25
132.25
131.5
131.5
133.0
133.0
129.0
129.0
128.0
127.75
127.75
128.0
128.0
128.0
128.0
127.5
127.5
127.75
127.75
128.5
128.5
129.25
129.25
129.5
130.25
130.25
130.75
130.75
131.0
131.0
132.0
132.0
132.5
132.75
132.75
133.25
133.25
133.75
133.75
134.5
134.5
135.25
136.0
136.0
136.75
136.75
136.25
136.25
136.0
135.0
135.0
135.0
135.0
135.0
135.0
134.75
135.5
135.5
134.5
134.5
134.25
134.25
134.0
134.0
134.75
135.25
135.25
135.25
135.25
135.0
135.0
133.5
133.5
135.0
134.0
134.0
134.25
134.25
132.25
132.25
132.75
132.75
132.25
132.25
133.0
133.0
133.0
133.25
133.25
133.75
133.75
133.5
134.5
134.5
135.5
135.5
135.5
135.5
135.75
135.0
135.0
135.25
135.25
135.0
135.5
135.5
136.75
136.75
136.5
136.5
135.5
135.5
135.5
135.5
135.5
135.25
135.25
135.25
135.25
135.5
135.5
135.5
135.25
135.25
133.66666666666666
132.08333333333334
130.5
128.91666666666666
127.33333333333333
125.75
125.75
118.25
118.25
122.5
122.5
125.75
125.75
122.0
117.25
117.25
117.25
117.25
116.0
116.0
116.0
116.0
115.75
115.75
115.75
115.75
115.75
116.0
116.0
116.0
116.5576923076923
117.11538461538461
117.67307692307692
118.23076923076923
118.78846153846153
119.34615384615384
119.90384615384616
120.46153846153847
121.01923076923077
121.57692307692308
122.13461538461539
122.6923076923077
123.25
123.25
123.5
123.5
124.0
124.0
123.5
123.5
126.25
126.25
126.25
126.25
126.25
126.5
126.5
126.25
126.25
126.5
126.5
124.5
124.5
123.5
123.5
120.25
120.25
123.0
123.0
119.75
119.75
122.0
120.75
120.75
120.75
120.5
120.25
120.25
120.5
120.5
120.5
120.5
120.5
120.25
120.25
115.0
115.0
116.5
116.5
116.5
117.25
117.25
117.25
117.25
119.5
119.5
117.75
117.75
115.75
115.75
107.5
107.5
109.5
109.5
109.5
109.5
110.25
110.25
110.25
112.0
112.0
112.0
112.0
112.0
112.0
112.0
112.0
111.75
111.75
111.75
112.0
112.0
111.65625
111.3125
110.96875
110.625
110.28125
109.9375
109.59375
109.25
109.25
108.75
108.75
108.75
106.75
106.75
106.75
106.75
106.75
107.75
107.75
110.25
110.25
110.0
110.0
110.0
108.25
108.25
108.5
108.5
108.25
108.25
110.5
110.5
105.75
105.75
107.25
107.25
105.25
105.25
108.5
108.5
106.0
106.0
99.5
99.5
99.5
107.5
107.5
106.75
106.75
107.75
107.75
107.75
108.0
108.0
108.0
106.0
106.0
104.0
104.0
102.75
102.75
102.75
100.5
100.5
98.25
98.25
98.25
96.75
96.75
96.75
95.5
95.5
95.0
95.0
95.5
95.5
95.5
95.5
95.5
96.25
96.25
97.25
97.25
97.25
98.25
98.25
100.75
100.75
100.0
100.0
100.0
101.25
101.25
101.5
101.5
101.5
102.25
102.25
104.0
104.0
102.25
102.25
102.0
102.0
102.0
98.5
98.5
101.25
101.25
98.0
98.0
98.25
98.25
98.25
98.25
98.25
98.25
98.5
98.5
98.25
98.25
98.5
98.5
99.73809523809524
100.97619047619048
102.21428571428571
103.45238095238095
104.69047619047619
105.92857142857143
107.16666666666667
108.4047619047619
109.64285714285714
110.88095238095238
112.11904761904762
113.35714285714286
114.5952380952381
115.83333333333333
117.07142857142857
118.30952380952381
119.54761904761905
120.78571428571429
122.02380952380952
123.26190476190476
124.5
124.5
124.5
125.0
126.0
126.0
126.5
126.5
127.0
127.0
128.0
128.0
129.5
129.5
130.25
130.25
130.25
130.25
130.25
132.25
132.25
132.75
132.75
132.75
132.75
133.5
133.0
133.0
132.75
132.75
133.25
133.25
133.5
133.5
133.5
133.5
133.5
133.5
133.5
133.25
133.25
133.25
133.25
133.5
133.5
127.96428571428571
122.42857142857143
116.89285714285714
111.35714285714286
105.82142857142857
100.28571428571429
94.75
94.75
94.75
94.75
97.0
97.0
97.0
97.0
97.0
97.25
97.25
97.25
98.25
98.25
98.25
92.5
92.5
92.5
94.0
94.0
95.75
95.75
95.5
95.5
94.25
94.25
94.25
95.25
95.25
94.0
94.0
94.0
95.25
95.25
96.25
96.25
96.25
93.25
93.25
93.25
94.25
94.25
93.5
93.5
93.5
94.0
94.0
94.0
94.0
94.0
95.75
95.75
95.75
95.75
95.75
95.75
96.0
96.0
96.0
96.0
96.0
96.0
96.0
96.0
103.75
111.5
119.25
127.0
134.75
134.75
134.0
134.0
134.25
134.25
134.0
133.5
133.5
133.5
133.5
133.5
134.0
134.0
133.75
133.75
134.0
134.0
133.5
133.5
134.25
133.0
133.0
133.25
133.25
133.25
134.25
134.25
134.25
132.75
134.0
134.0
132.75
132.75
134.25
134.25
134.5
134.5
133.5
133.5
133.5
132.75
132.75
132.75
132.75
132.25
132.25
132.25
133.0
133.0
132.75
132.75
133.25
132.25
132.25
133.5
133.5
131.75
132.0
132.0
132.0
132.25
132.25
132.25
132.75
132.75
132.25
132.25
132.5
132.5
133.25
132.75
132.75
132.75
132.75
133.25
133.25
132.75
133.5
133.5
134.75
134.75
134.25
134.25
134.75
134.75
135.0
134.25
134.25
134.25
134.25
134.5
134.5
135.0
135.0
135.0
133.75
133.75
132.75
132.75
134.25
134.25
133.25
133.25
133.75
135.0
135.0
133.5
133.5
133.0
133.0
134.75
134.0
134.0
134.75
134.75
134.25
134.25
134.25
134.25
135.0
135.0
136.0
136.0
135.0
135.25
135.25
135.25
135.25
131.75
131.75
131.25
131.25
131.25
131.25
130.75
130.75
130.5
130.0
130.0
131.0
131.0
131.5
131.5
131.0
131.0
131.5
131.5
132.25
132.25
134.25
135.0
135.0
134.75
134.75
134.75
134.0
134.0
134.5
134.5
135.0
135.0
134.25
133.75
133.75
133.0
133.0
133.0
133.0
132.75
132.75
133.25
132.0
132.0
131.5
131.5
130.25
130.25
130.75
130.75
131.25
131.25
130.25
130.5
130.5
130.75
130.75
130.5
130.5
129.25
129.25
130.25
130.25
129.75
130.0
130.0
129.5
129.5
130.25
130.25
130.75
130.75
130.75
130.75
130.25
130.25
131.5
131.5
131.5
132.5
132.5
132.5
132.5
132.5
133.0
133.0
132.75
132.75
132.0
132.0
132.75
132.75
132.25
132.25
133.0
132.75
132.75
132.75
132.75
132.25
132.25
132.75
132.75
132.25
132.5
132.5
132.0
132.0
131.75
131.75
132.0
132.0
132.0
132.75
132.75
133.0
133.0
132.75
132.75
132.25
132.25
132.75
133.5
133.5
133.0
133.0
132.5
132.5
132.75
132.75
132.25
132.25
132.75
132.75
133.0
133.0
133.0
133.5
133.5
133.75
133.75
135.0
134.75
134.75
134.5
134.5
134.75
134.75
135.0
135.25
135.25
134.25
134.25
134.25
134.5
134.5
134.5
134.25
134.25
134.5
134.5
134.5
134.5
130.4
126.3
122.2
118.1
114.0
117.75
117.75
117.0
117.0
116.0
116.0
117.5
117.5
119.25
119.25
119.25
116.75
118.0
118.0
119.25
119.25
119.25
119.25
119.25
123.0
123.0
122.5
118.75
118.75
120.0
120.0
121.0
121.0
120.75
121.5
121.5
120.25
120.25
120.25
120.0
119.5
119.5
120.25
120.25
116.5
116.5
116.5
117.25
117.25
117.25
117.25
118.5
118.5
118.0
118.0
116.75
116.75
112.75
112.75
115.0
115.0
116.0
116.0
116.5
116.5
116.75
116.75
118.5
118.5
118.25
118.25
116.75
116.75
115.75
115.75
115.75
115.75
115.75
114.75
114.75
114.0
114.0
112.75
112.75
111.25
109.25
109.25
109.25
108.0
108.0
108.25
108.25
107.75
107.75
109.5
109.5
109.5
112.0
112.0
114.25
114.25
115.0
115.0
116.25
116.25
112.25
112.25
112.25
111.75
111.75
107.75
107.75
105.75
105.75
107.25
107.25
105.75
105.75
104.5
104.5
104.25
104.25
104.25
104.25
103.25
103.25
102.0
102.0
102.0
100.25
100.25
100.5
100.5
100.25
100.25
99.75
99.75
99.75
97.25
97.25
95.5
95.5
95.5
95.75
95.75
96.25
96.25
96.25
95.5
95.5
97.0
97.0
97.0
97.75
97.75
98.0
98.0
98.0
98.5
98.5
99.25
99.25
99.25
97.75
97.75
97.0
97.0
96.75
96.75
96.75
96.0
96.0
95.75
95.75
95.75
98.75
98.75
98.75
98.75
98.75
97.0
97.0
98.25
98.25
98.25
99.25
99.25
100.0
100.0
100.0
100.75
100.75
100.0
100.0
100.0
100.25
100.25
98.0
98.0
98.25
98.25
100.0
100.0
100.0
100.5
100.5
101.25
101.25
101.25
98.5
98.5
99.75
99.75
99.75
100.75
100.75
101.25
101.25
101.25
101.25
101.25
98.5
98.5
98.75
98.75
98.75
98.75
85.25
85.25
85.25
85.25
85.5
85.5
85.5
85.25
85.25
85.25
85.5
85.5
88.5
91.5
94.5
97.5
100.5
103.5
103.5
103.0
103.0
102.75
102.75
102.75
102.75
102.75
102.75
102.75
102.75
103.0
103.0
103.0
103.5576923076923
104.11538461538461
104.67307692307692
105.23076923076923
105.78846153846153
106.34615384615384
106.90384615384616
107.46153846153847
108.01923076923077
108.57692307692308
109.13461538461539
109.6923076923077
110.25
110.8076923076923
111.36538461538461
111.92307692307692
112.48076923076923
113.03846153846153
113.59615384615384
114.15384615384616
114.71153846153847
115.26923076923077
115.82692307692308
116.38461538461539
116.9423076923077
117.5
118.0576923076923
118.61538461538461
119.17307692307692
119.73076923076923
120.28846153846153
120.84615384615384
121.40384615384616
121.96153846153847
122.51923076923077
123.07692307692308
123.63461538461539
124.1923076923077
124.75
124.75
124.75
124.75
125.0
125.0
125.0
124.75
124.75
125.0
125.0
125.0
124.75
124.91666666666667
125.08333333333333
125.25
125.41666666666667
125.58333333333333
125.75
125.91666666666667
126.08333333333333
126.25
126.41666666666667
126.58333333333333
126.75
126.75
126.75
126.75
126.75
126.75
127.0
127.0
127.0
127.0
127.0
127.0
122.7
118.4
114.1
109.8
105.5
105.5
104.75
104.75
106.25
106.25
107.75
107.75
107.75
107.75
108.0
108.0
109.75
109.75
109.75
109.0
109.0
109.0
109.0
109.0
109.0
109.0
109.0
109.0
109.0
109.0
110.75
110.75
111.75
111.75
113.25
113.25
115.75
115.75
117.0
117.0
115.75
115.75
119.5
120.75
120.75
117.5
117.5
119.25
119.25
119.25
118.0
118.0
120.25
120.25
114.25
114.25
112.5
112.5
113.0
113.0
111.75
111.75
110.5
110.5
106.75
106.75
105.5
105.5
105.0
105.0
105.0
104.75
104.75
104.5
104.5
105.75
105.75
107.25
107.25
106.25
106.25
102.0
102.0
102.0
100.75
100.75
100.75
102.5
102.5
102.5
102.5
102.5
102.5
102.5
102.5
102.5
102.5
102.5
102.25
102.25
108.25
108.25
107.25
107.25
107.25
96.0
96.0
96.75
96.75
99.5
99.5
99.5
98.25
98.25
104.25
104.25
104.25
105.75
105.75
109.5
109.5
108.75
108.75
107.25
107.25
107.25
107.25
107.25
110.25
100.5
100.5
100.5
98.5
98.5
98.75
98.75
96.25
96.25
96.25
93.75
93.75
93.75
94.5
94.5
93.0
93.0
93.75
93.75
93.5
93.5
93.5
94.5
94.5
95.5
95.5
95.5
95.5
96.25
96.25
96.25
96.25
96.25
96.25
96.25
96.25
96.25
96.25
96.5
96.5
104.75
104.75
99.25
99.25
99.25
99.25
99.25
97.25
97.25
97.5
97.5
97.5
97.0
97.0
100.25
100.25
100.25
102.25
102.25
102.75
102.75
102.5
102.5
102.5
105.25
105.25
106.25
106.25
106.25
106.25
106.25
106.25
106.5
106.5
106.5
106.5
106.5
106.5
106.5
106.5
107.3375
108.175
109.0125
109.85
110.6875
111.525
112.3625
113.2
114.0375
114.875
115.7125
116.55
117.3875
118.225
119.0625
119.9
120.7375
121.575
122.4125
123.25
123.25
121.5
121.5
122.0
121.75
121.75
121.75
114.25
114.25
121.5
121.5
120.25
120.25
118.25
118.25
116.0
116.0
117.0
117.0
117.0
117.0
117.0
117.0
116.0
116.0
115.5
115.5
115.5
115.5
115.25
115.25
115.5
115.5
115.5
115.5
115.5
115.5
113.375
111.25
109.125
107.0
104.875
102.75
102.25
102.25
103.25
103.25
103.25
105.25
104.5
104.5
104.5
104.0
104.0
103.0
103.0
103.0
101.5
101.5
101.25
101.25
100.5
100.5
100.5
101.25
101.25
101.75
101.75
103.0
103.0
103.0
102.0
102.0
103.75
103.75
104.5
104.5
102.5
102.5
102.5
104.5
104.5
104.75
104.75
106.0
106.0
106.0
107.5
107.5
107.75
107.75
107.5
107.5
108.0
108.0
108.0
106.75
106.75
105.5
105.5
107.75
107.75
107.75
105.25
105.25
102.5
102.5
102.5
101.75
101.75
101.25
101.25
101.25
101.25
100.0
100.0
100.0
99.25
99.25
100.5
100.5
100.25
100.25
100.25
100.5
100.5
100.25
100.25
100.25
99.5
99.5
100.25
100.25
100.75
100.75
100.75
101.0
101.0
99.25
99.25
99.25
99.75
99.75
99.75
99.5
99.5
100.5
100.5
103.5
103.5
103.5
103.5
103.5
103.25
103.25
102.75
102.75
100.25
100.25
100.25
96.5
96.5
94.25
94.25
94.25
93.5
93.5
93.5
94.25
94.25
94.75
94.75
94.75
98.75
98.75
98.25
98.25
98.25
99.25
99.25
100.25
100.25
98.75
98.75
98.75
99.25
99.25
98.25
98.25
99.0
99.0
99.0
98.75
98.75
97.5
97.5
98.0
98.0
98.0
99.0
99.0
99.5
99.5
99.5
97.25
97.25
97.25
97.25
97.25
96.5
96.5
94.0
94.0
94.0
93.5
93.5
93.5
94.0
94.0
94.5
94.5
94.5
93.75
93.75
94.5
94.5
94.5
97.0
97.0
98.25
98.25
99.0
99.0
99.0
98.5
98.5
98.5
98.5
100.5
100.5
100.5
103.0
103.0
103.5
103.5
106.0
106.0
106.0
107.0
107.0
105.75
105.75
106.25
106.25
106.0
106.0
106.0
105.75
105.75
106.25
106.25
107.0
107.0
105.25
105.25
110.0
110.0
112.5
112.5
112.5
112.5
112.5
112.5
113.25
113.25
114.25
114.25
111.0
111.0
111.0
107.5
107.5
113.75
113.75
115.75
115.75
117.25
117.25
117.25
117.0
117.0
117.0
119.25
119.25
120.0
120.0
120.0
120.0
119.5
119.5
118.5
118.5
115.5
115.5
113.75
113.75
112.25
112.25
112.25
110.0
110.0
109.0
109.0
111.25
111.25
110.5
110.5
110.0
110.0
110.0
110.0
110.0
110.5
110.5
112.75
112.75
112.75
112.75
113.0
113.0
113.5
113.5
111.25
111.25
112.0
112.0
112.0
109.25
110.0
110.0
110.75
110.75
110.75
112.0
112.0
113.25
113.25
114.75
114.75
118.0
118.0
118.75
118.75
121.75
121.75
122.75
122.75
126.75
129.5
129.5
120.75
120.75
120.75
121.75
125.25
125.25
125.25
125.25
124.5
124.5
124.0
124.0
124.0
124.0
124.0
124.0
124.0
124.0
124.0
124.0
124.0
123.75
123.75
122.275
120.8
119.325
117.85
116.375
114.9
113.425
111.95
110.475
109.0
109.0
110.0
110.0
112.0
112.0
114.25
114.25
114.25
114.75
114.75
115.0
115.0
116.0
116.0
115.0
115.0
115.0
114.75
114.75
113.75
113.75
113.0
113.0
113.0
114.25
114.25
112.75
112.75
111.75
111.75
111.75
108.5
108.5
108.5
107.0
107.0
107.0
106.5
106.5
108.0
108.0
107.0
107.0
108.5
108.5
108.5
109.0
109.0
109.75
109.75
108.75
108.75
107.5
107.5
108.25
108.25
107.75
107.75
110.25
110.25
109.75
109.75
109.75
110.5
111.25
111.25
110.25
110.25
109.25
109.25
109.25
108.0
106.5
106.5
106.5
104.5
104.5
105.0
105.0
105.25
105.25
106.5
106.5
106.5
107.0
107.0
106.25
106.25
106.25
108.25
108.25
110.0
110.0
107.5
107.5
108.25
108.25
109.75
109.75
113.0
113.0
114.75
114.75
118.0
118.0
122.25
122.25
122.25
122.25
122.25
122.25
122.5
122.5
122.5
122.25
122.5
122.5
122.5
118.65
114.8
110.95
107.1
103.25
103.25
106.25
106.25
106.25
104.75
102.0
102.0
102.0
101.25
101.25
102.75
102.75
104.0
104.0
104.0
105.25
105.25
106.5
106.5
106.5
106.5
106.5
106.5
106.25
106.25
106.25
106.25
106.25
106.25
105.78333333333333
105.31666666666666
104.85
104.38333333333334
103.91666666666667
103.45
102.98333333333333
102.51666666666667
102.05
101.58333333333333
101.11666666666666
100.65
100.18333333333334
99.71666666666667
99.25
99.25
99.25
97.25
97.25
95.75
95.75
95.0
95.0
95.75
95.75
95.75
96.5
96.5
96.0
96.0
96.5
96.5
98.5
98.5
98.5
97.0
97.0
96.75
96.75
96.25
96.25
96.25
96.75
96.75
94.75
94.75
94.75
95.5
95.5
95.5
95.5
96.75
96.75
96.75
98.25
98.25
97.5
97.5
97.5
98.75
98.75
99.75
99.75
98.75
98.75
98.75
98.75
98.75
102.5
102.5
102.5
101.75
101.75
96.75
96.75
96.75
97.25
96.0
96.0
96.0
96.5
96.5
96.5
96.0
96.0
94.5
94.5
94.5
94.0
94.0
94.0
95.0
95.0
96.25
96.25
96.25
96.0
96.0
96.25
96.25
96.25
97.25
97.25
97.25
97.25
96.75
96.75
96.75
96.0
96.0
96.25
96.25
96.25
94.5
94.5
94.5
95.0
95.0
95.5
95.5
95.5
94.5
94.5
94.5
94.5
94.5
96.75
96.75
96.75
96.75
96.75
96.25
96.25
96.25
100.75
100.75
100.25
100.25
98.0
98.0
98.75
98.75
98.75
98.25
98.25
99.0
99.0
99.0
96.5
96.5
98.25
98.25
98.25
94.75
94.75
94.5
94.5
95.5
95.5
95.25
95.25
95.25
95.25
95.25
95.25
95.25
95.5
95.5
95.5
100.0
104.5
109.0
113.5
118.0
122.5
122.5
122.25
122.25
123.0
123.0
123.5
124.0
124.0
124.5
124.5
126.75
127.25
127.25
128.5
128.5
128.5
128.5
129.0
128.5
128.5
128.5
128.5
128.5
128.0
128.0
127.0
127.0
126.75
125.75
125.75
125.25
125.25
125.0
125.0
125.0
125.0
126.0
126.0
125.25
125.25
125.0
125.0
125.0
125.0
125.75
125.75
125.75
125.75
125.0
125.0
125.0
125.0
125.75
127.0
127.0
128.75
128.75
129.25
129.25
128.75
128.75
129.0
129.0
129.5
130.25
130.25
130.25
130.25
129.5
129.5
130.0
130.0
129.5
129.5
130.0
129.25
129.25
128.75
128.75
129.5
129.5
130.25
130.25
130.5
130.5
130.25
130.25
129.0
129.0
129.75
130.5
130.5
130.5
130.5
130.25
130.25
130.25
130.25
130.0
130.0
128.25
128.25
128.0
128.5
128.5
128.75
128.75
128.5
128.5
126.25
126.25
126.25
126.25
125.5
125.5
125.5
125.5
125.25
125.25
126.75
125.75
125.75
125.75
125.75
127.25
127.25
127.5
127.5
128.25
128.25
127.75
127.75
127.25
127.25
127.25
127.5
127.5
127.0
127.0
126.75
126.75
125.75
125.75
126.25
126.25
126.75
126.75
128.0
128.0
127.75
128.5
128.5
126.5
126.5
126.5
126.5
126.25
126.25
126.25
126.5
126.5
126.5
126.5
126.5
124.875
123.25
121.625
120.0
118.375
116.75
115.125
113.5
111.875
110.25
110.25
112.75
112.75
114.75
114.75
115.25
115.25
115.25
114.5
114.5
115.75
115.75
118.0
118.0
117.75
117.75
117.0
117.0
119.25
119.25
117.5
117.5
117.75
117.75
117.75
116.75
116.75
116.75
118.5
118.5
117.5
117.5
118.0
118.0
117.25
117.25
118.75
118.75
118.75
118.75
119.25
119.25
118.5
118.5
119.0
119.0
121.5
121.5
121.0
121.0
121.0
121.0
121.0
121.0
120.75
120.75
121.0
121.0
119.75
119.75
121.5
121.5
121.0
121.0
123.0
123.0
122.0
122.0
119.5
119.5
120.0
120.0
122.25
122.25
122.0
122.0
122.0
124.75
125.5
125.5
125.5
125.5
126.0
124.5
124.5
125.0
125.0
125.25
125.25
127.25
127.25
127.25
127.25
127.25
127.25
128.75
128.75
130.25
130.0
130.0
130.25
130.25
130.25
130.25
126.5
126.5
121.25
121.25
121.25
121.25
121.25
121.25
121.25
121.25
121.25
121.5
121.5
108.0
108.0
110.5
110.5
110.25
110.25
109.75
109.75
110.5
110.5
110.5
109.5
109.5
109.5
109.5
107.75
107.75
107.75
107.75
107.75
106.75
106.75
103.75
103.75
98.75
98.75
98.25
98.25
98.25
98.25
99.0
99.0
99.0
97.25
97.25
98.75
98.75
98.5
98.5
98.25
98.25
102.0
102.0
102.0
103.0
103.0
103.0
103.25
103.25
103.0
103.0
104.25
104.25
104.25
106.0
106.0
105.25
105.25
106.5
106.5
106.5
106.5
107.25
107.25
106.0
106.0
105.75
105.75
105.75
104.75
104.75
106.0
106.0
105.0
105.0
105.0
105.25
105.25
106.0
106.0
105.25
105.25
106.0
106.0
106.0
106.75
106.75
105.25
105.25
104.0
104.0
104.0
102.0
102.0
102.0
102.0
102.0
102.0
102.0
101.75
101.75
98.5
98.5
98.5
99.25
99.25
99.25
100.25
100.25
100.75
100.75
100.0
100.0
100.0
99.75
99.75
99.75
99.75
99.75
99.75
99.75
100.0
100.0
105.55
111.1
116.65
122.2
127.75
127.25
127.25
127.5
127.5
127.5
127.5
127.5
127.5
127.5
127.5
127.25
127.25
127.25
127.5
125.5
125.5
125.25
125.25
125.25
125.25
125.25
125.25
125.75
125.75
125.75
126.5
126.5
127.25
127.25
128.0
127.0
127.0
127.0
127.25
127.0
127.0
126.75
126.75
126.75
126.75
126.25
126.25
126.25
126.25
125.75
125.75
125.5
125.5
124.25
124.25
125.25
125.25
126.0
126.0
126.25
126.25
124.25
124.25
123.25
124.5
124.5
125.0
125.0
125.25
125.25
125.0
125.0
125.0
126.25
126.25
126.25
126.25
126.25
126.25
126.25
126.25
126.25
126.25
126.25
126.25
123.6
120.95
118.3
115.65
113.0
110.35
107.7
105.05
102.4
99.75
99.75
90.0
90.0
90.0
90.25
90.25
91.75
91.75
91.75
95.0
95.0
95.0
94.5
94.5
95.25
95.25
95.25
94.75
94.75
94.75
94.75
94.0
94.0
94.0
97.25
97.25
98.5
98.5
98.5
96.25
96.25
96.25
96.25
96.25
96.25
96.25
95.5
95.5
95.5
95.0
95.0
95.0
94.0
94.0
94.0
94.25
94.25
95.0
95.0
95.0
95.0
93.75
93.75
93.75
95.25
95.25
101.5
101.5
101.5
101.5
94.25
94.25
94.25
94.25
100.25
100.25
100.25
98.75
98.75
98.25
98.25
97.75
97.75
97.75
98.75
98.75
98.75
98.75
98.75
99.0
99.0
99.0
99.0
99.0
98.75
98.75
98.75
101.3125
103.875
106.4375
109.0
109.0
108.25
108.25
107.5
107.5
107.0
107.0
107.5
107.5
106.75
106.75
106.75
104.0
104.0
105.0
105.0
105.0
105.0
105.0
105.0
105.0
105.0
105.0
105.0
104.75
104.75
104.75
104.75
106.25
106.25
104.5
104.5
105.75
105.75
108.25
108.25
108.25
109.5
109.5
112.75
112.75
111.0
111.0
117.0
117.0
114.5
114.5
114.5
114.5
117.0
117.0
115.75
115.75
119.25
119.25
120.5
120.5
121.0
121.0
122.75
122.75
119.5
119.5
122.25
122.25
123.0
123.0
111.75
111.75
112.5
112.5
123.75
123.75
121.5
120.5
120.5
124.75
124.75
124.75
125.25
125.25
125.25
136.0
136.0
124.5
124.5
124.5
129.75
129.75
129.75
129.75
129.75
129.75
129.75
125.5
125.5
121.75
121.75
118.75
118.75
119.0
119.0
119.25
119.25
119.0
119.0
122.25
122.75
122.75
123.25
123.25
123.25
123.0
129.75
129.75
121.0
121.0
125.75
125.75
130.75
130.75
129.5
132.5
132.5
132.5
132.5
132.5
132.5
132.5
132.5
132.5
132.5
132.5
132.5
132.5
131.04545454545453
129.5909090909091
128.13636363636363
126.68181818181819
125.22727272727273
123.77272727272727
122.31818181818181
120.86363636363636
119.4090909090909
117.95454545454545
116.5
116.5
117.0
117.0
117.5
117.5
118.5
118.5
119.5
119.5
119.5
127.0
127.0
130.25
130.25
131.25
131.25
131.25
126.25
126.25
128.25
128.25
129.0
129.0
129.25
129.25
128.0
128.0
127.5
127.5
128.0
128.0
125.25
125.25
123.25
126.0
126.0
123.5
123.5
117.75
117.75
119.5
119.5
114.0
114.0
119.5
119.5
116.75
116.75
116.5
116.5
117.25
117.25
115.0
115.0
121.0
121.0
118.0
118.0
122.75
122.75
123.0
123.0
123.5
123.5
123.25
123.25
120.25
120.25
123.0
123.0
119.25
119.25
119.75
119.75
118.5
118.5
117.25
117.25
118.0
118.0
118.0
117.0
117.0
114.75
114.75
125.0
125.0
126.75
126.75
126.5
126.5
126.5
126.75
126.75
126.25
126.25
124.25
124.25
126.0
126.0
127.5
127.75
127.75
127.75
130.25
130.25
130.25
130.25
130.25
130.25
130.0
129.75
129.75
129.5
129.5
129.5
129.5
129.0
129.0
130.5
130.5
131.5
132.0
132.0
131.5
131.5
108.5
108.5
108.5
113.0
113.0
113.0
126.25
126.25
128.0
128.0
130.25
130.25
127.5
127.5
126.25
126.25
122.75
122.75
122.25
122.25
123.5
123.5
128.0
128.0
125.75
125.75
125.75
125.75
125.5
125.5
125.25
125.25
125.0
125.0
125.0
124.5
124.5
124.5
124.5
122.5
122.5
121.25
121.25
120.75
120.75
120.75
123.0
123.0
123.5
123.5
123.5
124.0
124.0
124.5
124.5
124.5
124.5
125.75
125.75
128.0
128.0
127.5
127.5
129.5
128.5
128.5
128.5
128.5
128.5
128.5
128.0
128.0
127.25
127.25
126.75
126.75
126.0
126.5
126.5
126.75
126.75
128.0
128.0
128.0
128.0
128.0
128.0
128.0
129.0
129.0
127.5
127.5
127.25
127.25
127.25
127.25
127.25
127.25
127.25
127.25
127.25
127.25
128.07142857142858
128.89285714285714
129.71428571428572
130.53571428571428
131.35714285714286
132.17857142857142
133.0
133.0
133.25
133.25
131.5
131.5
131.5
130.75
129.0
129.0
129.25
129.25
129.25
127.25
127.25
121.0
121.0
121.0
122.25
122.25
122.5
122.5
122.5
122.5
122.5
122.5
122.5
122.5
122.5
122.5
122.25
120.23214285714286
118.21428571428571
116.19642857142857
114.17857142857143
112.16071428571429
110.14285714285714
108.125
106.10714285714286
104.08928571428571
102.07142857142857
100.05357142857143
98.03571428571429
96.01785714285714
94.0
94.0
95.0
95.0
95.0
97.5
97.5
96.75
96.75
96.75
96.0
95.5
95.5
95.5
97.0
97.0
97.0
97.0
97.0
97.0
96.0
96.0
97.75
97.75
98.5
98.5
98.5
99.0
99.0
99.0
99.0
99.0
99.0
99.0
99.0
99.0
99.0
99.0
99.0
99.0
130.0
130.0
131.0
130.75
130.75
130.75
132.0
132.0
132.0
132.0
132.0
131.5
131.5
132.25
131.5
131.5
132.25
132.25
131.0
130.0
130.0
130.0
130.25
130.25
128.5
128.5
127.5
127.5
128.0
128.0
128.0
128.5
128.5
129.0
129.0
129.25
129.25
130.75
130.75
131.25
131.25
131.5
131.0
131.0
131.75
131.75
131.5
131.5
131.5
131.5
131.5
131.5
131.5
131.25
131.25
131.5
131.5
131.5
131.5
131.5
130.75
130.75
130.75
130.75
130.75
131.0
130.75
130.75
130.75
129.67857142857142
128.60714285714286
127.53571428571429
126.46428571428571
125.39285714285714
124.32142857142857
123.25
123.25
115.0
115.0
115.0
115.0
115.0
115.0
115.0
114.75
114.75
115.0
115.0
115.0
115.0
115.25
115.5
115.75
116.0
116.25
116.5
116.5
115.0
115.0
115.0
114.25
114.25
123.25
123.25
123.25
122.5
122.5
122.75
122.75
125.75
125.75
125.75
131.0
131.0
131.0
130.0
130.0
128.5
128.5
122.75
122.75
119.0
119.0
118.0
118.0
117.5
117.5
117.0
117.0
119.75
119.75
123.5
119.75
119.75
123.5
123.5
122.5
122.5
122.75
122.75
123.75
123.75
126.0
121.0
121.0
118.5
118.5
115.0
115.0
113.25
113.25
113.25
102.0
102.0
103.5
103.5
107.75
107.75
107.75
112.0
113.5
113.5
113.5
111.0
111.0
116.0
116.0
118.25
118.25
118.5
118.5
118.75
118.75
115.25
115.25
121.0
121.0
121.0
121.0
122.0
122.0
121.75
121.75
121.75
122.0
122.0
122.0
122.0
122.0
122.0
121.75
118.7
115.65
112.6
109.55
106.5
106.5
106.5
106.5
107.75
107.75
107.5
107.5
108.0
108.0
109.75
109.75
109.75
107.5
107.5
108.25
108.25
109.25
109.25
109.25
111.25
111.25
115.25
112.5
112.5
103.0
103.0
103.0
103.0
103.0
103.0
103.0
103.0
103.0
103.0
102.75
102.75
102.75
106.53125
110.3125
114.09375
117.875
121.65625
125.4375
129.21875
133.0
133.0
133.0
133.0
133.5
133.5
133.5
133.5
133.5
133.5
133.5
133.25
133.25
133.5
133.5
133.5
133.5
133.5
131.91666666666666
130.33333333333334
128.75
127.16666666666667
125.58333333333333
124.0
124.0
124.0
124.0
124.0
124.25
124.25
124.0
124.0
125.0
125.0
125.0
125.0
125.0
125.0
125.0
125.0
123.5
123.5
123.5
123.5
123.25
123.25
121.75
121.75
122.25
122.25
121.5
121.5
121.0
121.0
120.75
120.75
120.25
120.25
121.25
121.25
119.0
119.0
119.0
122.0
124.0
124.0
124.0
124.0
125.75
126.5
126.5
128.0
128.0
128.25
128.25
128.0
128.0
127.5
127.5
126.75
126.75
126.25
126.25
126.75
126.25
126.25
126.25
127.5
127.5
126.5
126.5
123.75
123.75
121.5
121.5
121.5
121.5
122.0
122.0
121.75
121.75
121.5
121.5
121.5
121.5
121.5
121.75
121.75
122.75
122.75
122.75
122.75
124.0
124.0
124.75
124.75
125.25
125.25
125.25
125.25
125.0
125.25
125.25
125.5
125.5
125.25
125.25
125.0
125.0
125.0
125.0
125.0
123.5
123.5
125.5
125.5
126.0
126.0
126.5
126.75
126.75
128.0
128.0
128.25
128.25
129.75
129.75
131.0
131.0
129.5
129.5
130.75
130.75
130.25
130.75
130.75
128.75
129.0
129.0
129.0
128.0
128.0
128.25
128.25
129.5
129.0
129.0
130.5
130.5
129.25
129.25
129.0
129.0
130.5
130.5
131.0
131.0
131.25
131.25
131.5
130.75
130.75
130.75
130.75
130.0
130.0
129.5
129.5
129.5
129.5
128.5
128.5
127.5
127.5
126.25
126.25
125.25
123.75
123.75
122.75
122.75
122.25
122.25
123.0
123.0
124.0
124.0
124.0
124.0
124.0
124.0
125.0
125.0
125.75
125.75
126.25
126.25
127.75
127.75
126.75
126.75
126.75
127.25
127.25
127.25
127.25
127.25
127.25
127.25
127.25
126.75
126.75
128.0
128.0
129.0
129.5
129.5
130.25
130.25
130.75
130.75
130.0
130.75
130.75
130.0
130.0
130.75
130.75
130.75
130.75
129.75
129.75
131.5
131.5
132.0
132.0
132.75
132.0
132.0
132.0
132.0
131.5
131.5
131.5
131.5
131.5
131.5
133.5
133.5
133.25
133.25
134.75
134.75
134.75
135.0
134.75
134.75
135.25
135.25
134.75
134.75
135.0
134.25
134.25
133.75
133.75
133.5
133.5
133.5
135.25
135.25
133.5
133.25
133.25
133.5
133.5
133.5
133.25
133.25
133.25
133.5
133.5
133.5
132.60416666666666
131.70833333333334
130.8125
129.91666666666666
129.02083333333334
128.125
127.22916666666667
126.33333333333333
125.4375
124.54166666666667
123.64583333333333
122.75
122.75
124.25
124.25
118.0
118.0
129.5
129.5
129.5
129.5
129.5
129.5
129.5
129.25
129.25
120.0
120.0
118.75
118.75
118.75
118.75
118.5
118.5
121.5
121.5
123.5
125.5
125.5
124.75
124.75
124.0
124.0
124.5
124.5
124.5
124.5
126.75
126.75
127.75
127.75
128.25
127.5
127.5
126.75
126.75
128.5
129.75
129.75
131.0
131.0
131.0
127.5
127.5
129.25
129.25
132.75
132.75
132.75
132.75
132.75
132.75
132.75
132.75
132.75
132.75
132.75
128.0
128.0
130.0
130.0
127.25
127.25
127.25
128.0
128.0
129.75
129.75
130.25
130.25
131.75
131.75
131.75
131.75
131.75
132.0
132.0
131.75
131.75
128.25
126.75
126.75
130.25
130.25
130.25
122.75
122.75
123.25
123.25
123.25
123.25
123.5
123.5
123.5
123.5
123.5
123.5
123.25
123.25
123.5
123.5
121.25
121.25
118.5
118.5
118.75
118.75
116.75
116.75
118.5
118.5
118.5
118.5
116.25
116.25
117.5
117.5
114.75
114.75
116.5
116.5
118.0
118.0
116.25
116.25
117.25
117.25
117.0
117.0
117.0
116.5
116.5
115.5
115.5
118.0
118.0
117.25
117.25
116.75
116.75
115.75
115.75
115.0
115.0
116.25
117.0
117.0
119.25
119.25
119.75
119.75
121.0
121.0
121.5
121.5
121.5
121.5
122.25
122.25
120.75
120.75
118.75
116.75
116.75
116.5
116.5
116.75
116.25
116.25
118.5
118.5
118.5
118.5
120.0
120.0
120.75
120.75
122.0
122.0
123.75
123.75
123.75
125.0
125.0
126.25
126.25
128.0
128.0
129.0
129.0
130.0
130.0
131.5
131.5
130.75
130.75
131.5
132.0
132.0
132.0
132.0
132.25
132.25
132.25
132.0
132.0
131.0
131.0
131.25
130.5
130.5
130.25
130.25
129.5
129.5
128.5
128.5
129.0
129.5
129.5
129.5
129.5
130.0
130.0
130.75
130.75
131.0
131.75
131.75
131.5
131.5
130.75
130.75
129.75
129.75
129.75
129.75
129.75
129.25
130.0
130.0
129.5
129.5
129.25
129.25
129.75
129.75
131.5
131.5
133.25
134.25
134.25
136.25
136.25
137.5
137.5
136.5
135.5
135.5
135.75
135.75
134.25
134.25
133.5
133.5
132.75
131.5
131.5
130.25
130.25
131.0
131.0
130.25
130.25
129.75
129.75
129.5
130.0
130.0
130.25
130.25
129.75
129.75
130.0
130.0
130.75
130.75
129.5
130.25
130.25
130.75
130.75
132.5
132.5
130.75
130.75
131.75
131.75
131.5
130.75
130.75
129.5
129.5
128.75
128.75
129.25
129.25
129.25
129.25
128.25
128.25
129.0
130.25
130.25
130.25
130.25
130.25
130.25
130.0
130.0
132.75
132.75
131.5
131.5
131.0
131.0
129.5
130.25
130.25
132.0
132.0
131.75
131.75
132.0
131.75
131.75
133.5
133.5
133.75
133.75
134.25
134.25
134.25
133.75
133.75
134.0
134.0
134.25
134.25
134.0
134.0
132.75
132.75
135.0
132.0
132.0
134.0
134.0
133.5
134.25
134.25
134.25
134.25
133.5
133.5
132.75
132.75
134.0
134.0
134.0
131.75
131.75
135.0
135.0
134.25
135.75
135.75
135.5
135.5
135.0
135.0
134.25
134.25
133.75
133.75
133.75
131.75
131.75
133.0
133.0
133.25
133.25
132.0
131.25
131.25
130.75
130.75
131.75
131.75
130.5
130.5
133.5
133.5
133.25
133.25
132.25
132.75
132.75
132.25
132.5
132.5
132.5
132.0
133.0
133.0
133.75
133.75
133.75
133.75
133.25
133.25
133.25
133.25
133.25
133.25
134.25
134.5
134.5
135.0
135.0
134.75
135.0
135.0
135.0
135.0
136.0
136.0
135.0
135.0
135.0
135.0
135.0
135.25
135.25
135.0
135.0
135.25
135.25
135.0
134.0
134.0
134.25
134.25
134.25
134.25
135.25
135.25
134.25
134.25
134.25
134.5
134.5
135.25
135.25
136.0
135.5
135.5
135.0
135.0
133.5
133.5
135.0
135.0
135.75
135.5
135.5
134.0
134.0
135.75
135.75
135.25
135.25
135.25
135.75
135.75
135.0
135.0
136.0
136.0
135.75
135.75
135.75
135.75
135.75
136.5
136.5
136.0
136.75
136.75
135.75
135.75
136.25
136.25
135.75
135.75
135.75
136.5
136.5
136.0
136.0
136.25
135.75
135.75
136.0
136.0
135.75
135.75
135.0
134.5
134.5
136.0
136.0
135.25
136.0
136.0
136.0
136.75
136.75
136.25
136.25
136.25
135.25
135.25
135.25
135.25
135.75
135.75
136.5
136.5
136.5
136.5
136.5
136.5
135.75
135.75
135.75
135.75
135.75
135.75
135.75
134.25
134.25
134.25
134.25
134.25
134.25
134.5
134.5
134.5
134.5
134.5
134.5
134.5
134.5
134.5
132.5
130.5
128.5
126.5
124.5
122.5
120.5
120.5
122.5
122.5
122.25
122.25
122.25
122.25
122.25
122.25
122.25
122.25
122.5
122.5
122.6875
122.875
123.0625
123.25
123.4375
123.625
123.8125
124.0
124.0
124.5
122.75
122.75
122.75
122.75
122.75
122.75
123.0
123.0
122.75
122.75
123.0
123.0
123.0
122.14285714285714
121.28571428571429
120.42857142857143
119.57142857142857
118.71428571428571
117.85714285714286
117.0
117.0
118.0
116.0
116.0
116.0
119.5
119.5
120.75
120.75
121.5
121.5
123.25
123.25
122.0
124.0
124.0
122.5
122.5
124.25
124.25
126.75
126.75
126.75
126.75
129.0
132.75
132.75
129.75
129.75
129.75
129.75
129.75
129.75
129.75
129.75
129.75
129.75
129.75
129.75
129.75
130.25
130.25
127.5
127.5
127.75
127.75
123.0
123.0
123.0
123.0
123.0
123.0
122.75
122.75
122.75
127.5
127.5
127.5
127.5
127.5
127.5
127.5
127.25
127.25
127.25
127.25
127.25
127.5
127.5
127.5
126.85714285714286
126.21428571428571
125.57142857142857
124.92857142857143
124.28571428571429
123.64285714285714
123.0
123.0
115.75
115.75
109.5
109.5
117.0
117.0
114.5
114.5
112.0
112.0
112.0
111.0
113.5
113.5
113.0
113.0
113.0
114.0
114.0
114.5
114.5
116.0
116.0
118.0
118.0
117.25
117.25
117.5
117.5
117.75
117.75
117.25
117.25
115.0
115.0
116.5
116.5
116.5
116.5
114.5
114.5
114.5
114.5
113.5
113.5
113.5
113.5
113.5
113.5
113.5
113.25
113.5
113.5
113.5
113.5
113.5
112.80555555555556
112.11111111111111
111.41666666666667
110.72222222222223
110.02777777777777
109.33333333333333
108.63888888888889
107.94444444444444
107.25
107.25
107.25
106.5
106.5
106.5
106.5
105.5
105.5
105.5
104.75
104.75
104.75
105.5
105.5
105.5
104.25
104.25
104.75
104.75
104.75
104.75
104.0
104.0
104.0
103.75
103.75
103.75
103.75
104.0
104.0
106.0
106.0
106.0
106.25
106.25
103.25
103.25
103.5
103.5
103.5
102.75
102.75
102.75
102.75
101.5
101.5
101.5
101.75
101.75
100.0
100.0
102.0
102.0
101.5
101.5
101.5
101.75
101.75
101.25
101.25
102.0
102.0
102.0
102.5
102.5
100.0
100.0
100.0
98.75
98.75
99.5
99.5
99.5
101.5
101.5
101.5
93.75
93.75
96.0
96.0
96.0
96.0
96.0
95.0
95.0
93.75
93.75
93.75
95.75
95.75
97.25
97.25
96.5
96.5
96.5
99.25
99.25
99.5
99.5
99.5
100.5
100.5
100.5
100.25
100.25
100.25
100.25
100.25
100.5
100.5
100.25
100.25
105.08333333333333
109.91666666666667
114.75
119.58333333333333
124.41666666666667
129.25
129.25
129.0
129.0
130.25
130.25
129.5
129.5
129.75
129.75
129.5
129.5
131.5
130.0
130.0
131.5
131.5
131.5
131.5
133.0
133.0
131.5
132.0
132.0
131.75
131.75
132.0
132.0
132.25
132.25
132.25
132.5
132.5
132.0
132.0
132.0
131.75
132.0
131.75
131.75
132.0
132.0
132.0
132.5
132.5
133.75
133.75
134.25
134.25
134.25
134.0
134.0
133.5
133.5
133.5
133.0
133.0
132.5
132.5
132.75
132.75
133.0
133.0
132.75
133.0
133.0
133.0
133.0
133.0
133.0
133.0
133.15625
133.3125
133.46875
133.625
133.78125
133.9375
134.09375
134.25
134.25
135.75
135.75
135.0
135.0
135.5
135.0
135.0
135.0
135.0
134.5
134.5
134.25
134.0
134.0
133.5
133.5
132.75
132.75
132.75
132.75
132.0
132.0
131.5
130.5
130.5
130.25
130.25
130.5
130.5
130.5
130.5
131.5
131.5
130.75
131.5
131.5
131.5
131.5
131.5
131.5
131.5
131.25
131.25
131.25
125.25
125.25
126.25
126.25
126.25
126.25
128.0
128.0
127.75
128.5
128.5
129.0
129.0
129.25
129.25
129.5
129.5
130.5
130.5
130.5
130.5
130.5
130.5
130.5
132.0
132.0
131.25
131.25
131.5
130.75
130.75
130.5
130.5
129.75
129.75
130.75
130.75
129.75
129.75
130.25
130.25
130.25
130.5
130.5
130.5
130.5
130.25
130.25
130.75
130.75
131.5
131.5
131.5
131.5
131.5
131.25
131.25
131.25
131.5
131.5
131.5
131.5
131.28571428571428
131.07142857142858
130.85714285714286
130.64285714285714
130.42857142857142
130.21428571428572
130.0
130.0
131.25
131.25
131.25
131.25
131.25
131.25
131.5
131.5
131.25
131.25
131.25
131.25
131.25
129.41071428571428
127.57142857142857
125.73214285714286
123.89285714285714
122.05357142857143
120.21428571428571
118.375
116.53571428571429
114.69642857142857
112.85714285714286
111.01785714285714
109.17857142857143
107.33928571428572
105.5
105.5
101.75
101.75
102.5
102.5
110.75
110.75
115.5
115.5
119.5
119.5
119.5
119.5
122.25
122.25
122.25
122.25
124.5
124.5
124.25
124.25
122.0
122.0
122.25
122.25
115.75
115.75
111.25
111.25
110.5
110.5
109.0
109.0
97.75
97.75
96.5
96.5
96.5
96.5
96.5
96.5
96.5
96.5
96.25
96.5
96.5
96.25
99.58333333333333
102.91666666666667
106.25
109.58333333333333
112.91666666666667
116.25
116.25
117.5
117.5
112.75
112.75
112.75
114.0
114.0
115.0
115.0
114.25
114.25
115.5
115.5
114.75
114.75
114.0
114.0
114.5
114.5
114.5
115.0
116.0
116.0
116.75
116.75
117.5
117.5
119.5
119.5
117.5
117.5
118.0
118.0
118.0
121.25
121.25
121.0
117.75
117.75
122.5
122.5
121.75
121.75
122.25
122.25
125.75
125.75
130.25
130.25
130.25
130.25
130.25
130.25
130.25
130.25
130.25
137.75
137.75
137.75
137.75
137.75
137.75
137.75
137.75
137.75
137.75
138.0
137.02272727272728
136.04545454545453
135.0681818181818
134.0909090909091
133.11363636363637
132.13636363636363
131.1590909090909
130.1818181818182
129.20454545454547
128.22727272727272
127.25
126.27272727272727
125.29545454545455
124.31818181818181
123.3409090909091
122.36363636363636
121.38636363636364
120.4090909090909
119.43181818181819
118.45454545454545
117.47727272727273
116.5
111.5
111.5
116.0
116.0
113.0
113.0
113.0
111.75
111.75
110.75
110.75
112.0
112.0
111.75
111.75
110.5
110.5
110.5
110.0
110.0
109.5
109.5
109.25
109.25
109.75
109.75
108.0
108.0
110.25
110.25
111.75
111.75
109.25
109.25
109.25
108.75
108.75
109.0
109.0
108.0
108.0
106.5
106.5
106.5
102.75
102.75
102.75
100.25
100.25
101.75
101.75
100.25
100.25
100.5
100.5
100.25
100.25
100.25
100.25
101.75
101.75
101.75
101.75
102.0
102.0
102.0
103.0
103.0
103.0
103.0
103.75
103.75
103.75
102.5
102.5
100.25
100.25
102.0
102.0
101.5
101.5
102.0
102.0
102.0
103.25
103.25
102.5
102.5
102.25
102.25
102.25
100.75
100.75
103.0
103.0
103.0
97.0
97.0
97.0
100.5
100.5
97.75
97.75
95.75
95.75
95.75
95.5
95.5
97.0
97.0
100.0
100.0
100.0
99.0
99.0
99.25
99.25
99.25
101.25
101.25
102.75
102.75
102.25
102.25
102.25
101.75
101.75
101.75
101.75
103.0
103.0
103.0
105.25
105.25
105.5
104.25
104.25
103.25
103.25
102.25
102.25
102.25
100.5
100.5
99.75
99.75
100.0
100.0
100.0
101.25
101.25
105.5
105.5
105.5
105.75
105.75
105.75
105.75
105.75
105.75
105.75
105.75
105.75
105.75
105.75
103.75
103.75
103.75
104.0
104.0
104.75
104.75
105.5
105.5
103.25
103.25
102.25
102.25
104.0
104.0
102.0
102.0
103.5
103.5
104.75
104.75
104.0
104.0
102.0
102.0
102.0
102.0
101.25
101.25
101.25
101.25
101.25
101.5
101.5
101.25
101.5
101.5
101.5
101.5
101.5
101.5
105.89285714285714
110.28571428571429
114.67857142857143
119.07142857142857
123.46428571428572
127.85714285714286
132.25
132.25
132.75
132.75
133.25
133.25
132.75
132.75
132.0
132.25
132.25
132.25
132.25
132.75
131.75
131.75
131.75
132.0
132.0
131.75
132.25
132.25
132.0
132.0
133.25
133.25
131.5
131.5
133.75
133.75
132.75
133.5
133.5
133.75
133.75
133.75
133.75
133.75
133.75
134.0
134.0
133.75
133.75
133.25
132.75
132.75
133.0
133.0
131.75
131.75
132.5
132.5
133.25
133.25
133.5
133.5
133.5
133.5
133.5
133.5
133.5
132.5
132.5
132.0
132.0
132.0
130.75
130.75
130.5
130.5
130.5
130.5
130.5
130.5
130.5
130.5
130.5
130.25
128.64473684210526
127.03947368421052
125.4342105263158
123.82894736842105
122.22368421052632
120.61842105263158
119.01315789473684
117.40789473684211
115.80263157894737
114.19736842105263
112.59210526315789
110.98684210526315
109.38157894736842
107.77631578947368
106.17105263157895
104.5657894736842
102.96052631578947
101.35526315789474
99.75
100.0
100.0
100.0
101.25
101.25
103.25
103.25
102.75
102.75
101.25
101.25
101.25
101.25
102.25
102.25
102.25
102.5
102.5
102.5
102.5
102.75
102.75
102.75
104.5
104.5
105.5
105.5
107.25
107.25
107.25
103.5
103.5
104.75
104.75
104.75
107.5
107.5
107.25
107.25
108.0
108.0
109.75
109.75
113.25
113.25
112.0
112.0
115.75
115.75
116.75
116.75
118.5
118.5
118.5
118.5
118.5
118.5
118.25
118.25
118.25
118.25
115.75
115.75
115.0
115.0
115.0
117.5
117.5
117.5
117.5
117.5
117.5
117.5
117.25
117.25
117.25
117.5
117.5
117.25
118.05
118.85
119.65
120.45
121.25
121.25
121.0
121.0
121.0
121.0
118.75
118.75
118.75
120.0
120.0
118.5
118.5
118.5
118.5
119.25
119.25
119.5
119.5
119.5
119.5
119.5
119.5
119.5
119.25
119.25
119.25
119.25
119.25
118.75
118.75
118.75
118.75
118.25
118.25
131.25
131.25
127.25
127.25
127.25
127.25
127.25
127.25
127.25
127.25
127.25
127.25
127.25
127.25
126.25
126.25
128.0
125.0
125.0
126.5
126.5
127.25
127.25
121.75
121.75
121.75
121.75
122.5
122.5
122.5
120.75
120.75
114.75
114.75
115.0
115.0
113.0
113.0
113.0
113.0
113.5
113.5
112.5
112.5
112.0
112.0
112.0
112.75
112.75
107.5
107.5
107.5
107.5
114.75
114.75
114.5
114.5
116.25
116.25
114.75
114.75
115.75
115.75
115.75
115.75
115.25
115.25
115.25
115.25
114.0
114.0
114.0
114.0
113.0
113.0
113.0
113.0
113.0
112.0
112.0
111.5
111.5
111.5
113.5
113.5
119.5
119.5
119.5
119.5
119.5
119.5
119.5
119.25
119.25
115.25
115.25
115.25
111.25
111.25
108.0
108.0
104.5
104.5
104.0
104.0
104.0
104.0
104.0
104.0
104.0
104.5
104.5
104.0
104.0
104.0
104.0
104.0
103.25
103.25
98.75
98.75
97.25
97.25
97.25
97.25
97.25
91.0
91.0
91.0
92.25
92.25
91.5
91.5
91.5
91.0
91.0
92.75
92.75
93.0
93.0
93.0
93.5
93.5
94.0
94.0
94.25
94.25
94.25
94.0
94.0
93.5
93.5
93.5
95.5
95.5
95.5
98.25
98.25
98.25
98.25
98.25
98.25
98.25
98.5
98.5
98.5
98.5
98.25
97.70833333333333
97.16666666666667
96.625
96.08333333333333
95.54166666666667
95.0
95.0
94.5
94.5
93.25
93.25
93.75
93.75
94.0
94.0
94.0
96.0
96.0
97.25
97.25
95.25
95.25
95.25
96.0
96.0
95.0
95.0
95.0
94.25
94.25
94.0
94.0
93.75
93.75
93.75
93.75
93.75
92.0
92.0
92.25
92.25
93.25
93.25
93.25
95.25
95.25
96.75
96.75
99.75
99.75
103.5
103.5
103.5
104.25
104.25
104.0
104.0
104.0
104.0
104.0
104.0
103.75
103.75
103.75
103.75
104.0
104.0
103.4
102.8
102.2
101.6
101.0
101.0
101.0
101.0
101.0
101.25
101.25
101.25
101.0
101.0
102.25
102.25
102.25
102.25
101.75
101.75
101.75
101.75
101.75
101.75
101.75
101.75
101.75
101.75
101.75
102.0
102.0
102.5
102.5
102.5
102.5
102.5
102.75
102.75
103.0
103.0
102.75
102.75
102.75
104.25
104.25
104.0
104.0
106.25
106.25
106.5
106.5
106.5
106.25
106.25
107.0
107.0
106.5
106.5
106.25
106.25
106.75
106.75
106.0
106.0
105.75
105.75
105.75
104.25
104.25
104.0
104.0
105.25
105.25
106.25
106.25
106.0
106.0
105.75
105.75
109.75
109.75
110.0
110.0
110.0
112.0
112.0
113.25
113.25
110.75
110.75
110.75
110.75
110.75
110.75
110.75
111.0
111.0
115.75
115.75
116.5
116.5
119.0
119.0
118.75
118.75
120.0
120.0
120.0
121.0
121.0
118.75
118.75
115.5
115.5
115.5
117.0
117.0
117.75
117.75
115.75
115.75
115.75
115.75
117.25
117.25
115.0
115.0
115.0
114.5
114.5
113.75
113.75
114.25
114.25
114.25
114.25
114.25
114.25
114.25
114.25
114.25
114.25
114.25
114.25
114.25
114.25
114.25
114.25
114.25
114.75
115.25
115.75
116.25
116.75
117.25
117.75
117.75
119.25
119.25
119.5
119.5
119.5
119.5
119.0
119.0
116.75
116.75
118.0
118.0
118.0
115.0
115.0
113.0
113.0
113.25
113.25
114.0
114.0
114.0
114.5
114.5
114.0
114.0
114.5
114.5
117.0
117.0
121.25
121.25
121.25
121.25
120.0
120.0
120.5
120.5
121.5
121.5
117.0
117.0
117.0
116.75
116.75
117.0
117.0
116.75
116.75
112.0
112.0
113.75
113.75
114.0
114.0
113.5
113.5
113.5
113.5
114.5
114.5
114.0
114.0
114.25
114.25
111.0
111.0
111.0
112.5
112.5
109.75
109.75
109.0
109.0
109.0
109.0
109.0
109.0
109.0
108.75
108.75
108.75
108.75
109.5
109.5
111.0
111.0
111.0
110.75
110.75
110.5
110.5
109.75
109.75
108.5
108.5
107.75
107.75
108.0
108.0
107.5
107.5
108.5
108.5
108.5
106.5
106.5
107.75
107.75
109.25
109.25
108.75
108.75
108.75
107.5
107.5
107.25
107.25
107.25
109.25
109.25
108.5
108.5
104.25
104.25
108.25
108.25
108.25
107.5
107.5
110.25
110.25
108.25
108.25
105.25
105.25
103.75
103.75
103.75
104.0
104.0
104.0
104.0
104.0
104.0
104.0
104.0
103.75
103.75
102.9
102.05
101.2
100.35
99.5
99.5
99.5
99.5
99.5
100.5
100.5
103.25
103.25
104.75
104.75
104.75
103.75
103.75
104.25
104.25
104.25
104.25
104.25
104.0
104.0
103.75
103.75
102.75
102.75
102.75
100.5
100.5
98.5
98.5
98.5
96.5
96.5
95.5
95.5
95.5
96.0
96.0
95.5
95.5
95.5
96.5
96.5
97.5
97.5
97.5
97.75
97.75
97.5
97.5
99.0
99.0
99.0
99.5
99.5
100.0
100.0
100.0
95.5
95.5
97.75
97.75
97.75
98.25
98.25
97.25
97.25
97.25
97.75
97.75
97.0
97.0
97.0
96.75
96.75
96.75
96.75
96.0
96.0
95.25
95.25
94.25
94.25
93.5
93.5
93.5
94.75
94.75
94.75
95.5
95.5
95.5
95.5
96.0
96.0
96.0
96.25
96.25
97.25
97.25
97.25
97.25
97.25
97.25
97.25
100.5
100.5
98.25
98.25
98.25
97.75
97.75
100.5
100.5
100.5
99.0
99.0
102.0
102.0
102.25
102.25
102.25
101.75
101.75
100.75
100.75
101.5
101.5
101.5
100.5
100.5
100.25
100.25
100.25
100.5
100.5
99.75
99.75
99.75
99.25
99.25
99.0
99.0
99.0
97.25
97.25
97.25
97.25
104.25
104.25
102.0
102.0
102.0
100.75
100.75
100.25
100.25
100.25
101.0
101.0
100.5
100.5
101.5
101.5
101.5
97.25
97.25
102.25
102.25
104.5
104.5
104.5
103.5
103.5
103.5
102.0
102.0
103.5
103.5
103.0
103.0
103.0
103.0
103.0
101.25
101.25
100.0
100.0
102.75
102.75
102.75
101.75
101.75
102.0
102.0
102.0
101.5
101.5
99.5
99.5
100.5
100.5
100.5
102.25
102.25
103.5
103.5
104.75
104.75
105.75
105.75
105.75
103.25
103.25
103.25
100.5
100.5
100.25
100.25
98.5
98.5
98.5
99.5
99.5
99.25
99.25
99.25
99.0
99.0
99.5
99.5
99.75
99.75
99.75
98.0
98.0
100.25
100.25
100.25
100.25
100.25
102.25
102.25
103.0
103.0
102.5
102.5
102.5
100.25
100.25
101.25
101.25
101.0
101.0
101.0
100.0
100.0
102.0
102.0
102.0
100.5
100.5
102.0
102.0
103.0
103.0
103.0
103.0
103.0
103.5
103.5
103.25
103.25
105.5
105.5
105.5
108.0
108.0
106.5
106.5
107.5
107.5
110.5
110.5
109.5
109.5
112.75
112.75
112.75
114.25
114.25
113.75
113.75
114.0
114.0
114.0
117.0
119.75
119.75
115.5
115.5
115.5
115.25
115.25
115.75
115.75
116.0
116.0
115.75
115.75
115.75
115.75
112.75
112.75
117.25
117.25
105.25
105.25
105.25
113.25
113.25
107.5
107.5
110.0
110.0
113.75
113.75
116.5
116.5
115.5
115.5
117.5
117.5
117.5
117.5
117.5
117.0
117.0
119.25
119.25
116.25
116.25
117.0
117.0
120.5
120.5
120.5
120.5
120.5
120.5
120.5
120.5
120.5
120.5
120.5
120.5
120.5
123.375
126.25
129.125
132.0
132.0
125.75
125.75
125.25
133.0
133.0
136.75
136.75
131.5
131.5
137.25
137.25
138.75
139.25
139.25
142.0
142.0
143.0
143.0
143.0
144.5
145.25
145.25
145.0
145.0
151.75
140.0
140.0
148.25
148.25
145.25
145.25
145.25
145.25
145.25
145.25
145.25
145.25
145.5
159.25
159.25
156.25
156.0
156.0
153.0
155.5
155.5
155.75
153.25
153.25
153.25
153.25
154.5
154.5
155.25
152.0
152.0
152.0
160.5
159.25
159.25
157.5
157.5
155.75
162.5
162.5
171.0
167.75
169.25
169.25
162.0
162.0
155.0
157.75
157.75
156.0
152.0
152.0
150.75
150.75
146.5
153.75
153.75
145.25
151.75
151.75
151.75
151.75
151.75
151.75
151.75
151.75
151.75
151.75
151.75
151.75
151.75
151.75
151.75
152.0
151.28571428571428
150.57142857142858
149.85714285714286
149.14285714285714
148.42857142857142
147.71428571428572
147.0
147.0
147.0
147.0
147.0
147.0
147.0
147.0
146.75
146.75
146.75
146.75
143.66666666666666
140.58333333333334
137.5
134.41666666666666
131.33333333333334
128.25
128.25
127.25
127.25
126.25
126.25
122.5
122.5
121.5
121.5
121.5
121.5
122.25
122.25
121.75
121.75
120.5
120.5
122.5
122.5
121.75
121.75
120.5
120.5
120.5
120.5
120.75
120.75
120.75
120.75
120.75
120.75
120.75
120.75
120.75
121.0
121.0
121.0
121.0
121.0
120.1
119.2
118.3
117.4
116.5
116.5
116.5
116.0
116.0
116.5
116.5
118.5
118.5
118.5
118.75
118.75
118.75
118.5
118.5
118.25
118.25
118.25
118.75
118.75
121.75
121.75
122.75
122.75
124.5
124.5
123.5
123.5
122.0
122.0
122.5
122.5
120.5
119.75
119.75
119.5
119.5
119.5
119.5
115.75
114.5
114.5
118.5
118.5
116.5
116.5
121.0
121.0
116.5
116.5
123.5
123.5
123.5
123.5
122.75
122.75
123.0
123.0
121.75
121.75
122.25
122.25
122.75
122.75
119.75
119.75
117.0
117.0
117.25
117.25
116.5
116.5
115.5
115.5
116.5
116.5
117.75
117.75
116.75
116.75
114.5
114.5
115.75
115.75
115.75
115.75
116.5
116.5
119.25
119.25
120.25
120.25
120.25
120.25
119.5
119.5
119.5
111.75
111.75
108.75
108.75
106.0
106.0
106.0
105.75
105.75
105.75
106.0
106.0
106.0
106.0
106.0
106.0
106.0
106.0
106.0
106.675
107.35
108.025
108.7
109.375
110.05
110.725
111.4
112.075
112.75
111.75
111.75
111.75
112.5
112.5
111.5
111.5
113.25
113.25
113.75
113.75
113.0
113.0
115.5
115.5
112.75
112.75
113.0
113.0
114.0
114.0
114.25
114.25
112.75
112.75
112.75
112.75
113.75
113.75
113.75
113.75
113.75
113.75
113.75
113.75
113.75
114.0
114.0
114.0
114.0
114.0
114.0
114.0
112.75
112.75
112.75
107.0
107.0
107.0
107.0
107.0
107.0
107.0
107.0
107.0
107.0
107.0
107.0
107.0
107.0
106.75
106.75
107.84375
108.9375
110.03125
111.125
112.21875
113.3125
114.40625
115.5
115.5
114.0
110.75
110.75
110.75
113.5
113.5
107.25
107.25
104.5
104.5
104.5
104.5
104.5
104.5
104.5
104.5
104.5
104.5
104.25
104.25
104.5
104.5
105.171875
105.84375
106.515625
107.1875
107.859375
108.53125
109.203125
109.875
110.546875
111.21875
111.890625
112.5625
113.234375
113.90625
114.578125
115.25
115.921875
116.59375
117.265625
117.9375
118.609375
119.28125
119.953125
120.625
121.296875
121.96875
122.640625
123.3125
123.984375
124.65625
125.328125
126.0
126.0
127.25
127.25
128.25
128.25
128.75
128.75
128.75
128.75
129.25
129.25
128.25
128.25
129.75
132.5
132.5
133.5
133.5
141.0
141.0
127.25
127.25
126.75
126.75
126.75
126.75
126.75
126.75
126.75
126.75
126.75
126.75
126.75
126.75
124.0
124.0
123.75
123.75
124.5
124.5
122.25
122.25
122.5
122.5
125.0
125.0
124.0
124.0
126.75
126.75
126.75
126.75
126.75
126.75
126.75
126.75
127.0
126.75
126.75
121.75
121.75
122.75
122.75
123.25
123.25
121.5
121.5
125.25
125.25
123.0
123.0
123.0
123.0
123.25
123.5
123.5
125.25
125.25
122.25
122.25
122.25
122.25
123.0
123.0
128.5
130.0
130.0
130.0
149.75
134.25
134.25
133.0
133.0
134.5
134.5
131.5
133.5
133.5
134.25
134.25
136.25
142.25
142.25
139.75
139.75
136.75
136.75
132.75
132.75
133.5
133.5
133.5
132.75
132.75
135.0
135.0
131.25
136.0
136.0
133.75
133.75
135.75
135.75
135.75
142.75
142.75
135.75
135.75
139.5
139.5
142.75
141.75
141.75
143.0
144.25
144.25
145.75
145.75
145.0
147.0
147.0
146.0
146.0
145.25
147.25
147.25
144.0
147.0
147.0
147.0
139.5
139.5
150.25
140.0
140.0
140.0
140.0
142.25
142.25
140.75
144.75
144.75
137.25
135.75
135.75
137.75
137.75
136.75
136.75
129.5
129.5
132.0
125.0
125.0
124.5
124.5
123.5
123.5
121.75
121.75
124.5
124.5
124.5
124.5
124.5
124.5
124.5
124.5
124.5
124.5
124.5
124.5
120.5
120.5
122.5
122.5
123.0
123.0
123.0
124.0
124.0
122.0
122.0
122.0
121.75
121.75
124.25
124.25
124.0
122.75
122.75
121.75
121.75
124.0
124.0
122.0
122.0
118.5
118.5
118.5
119.0
119.0
117.5
117.5
118.75
118.75
119.5
119.5
121.25
121.25
117.75
120.0
120.0
119.25
119.25
123.75
123.75
121.5
121.5
118.5
118.5
116.75
116.75
115.0
115.0
114.5
114.5
114.25
114.25
114.25
114.25
114.25
114.25
114.25
114.75
114.75
114.75
114.0
114.0
107.25
107.25
107.25
107.25
107.25
107.25
107.25
107.25
107.25
107.5
107.5
107.5
109.21428571428571
110.92857142857143
112.64285714285714
114.35714285714286
116.07142857142857
117.78571428571429
119.5
121.21428571428571
122.92857142857143
124.64285714285714
126.35714285714286
128.07142857142858
129.78571428571428
131.5
131.5
131.5
131.5
131.5
131.5
131.5
131.5
131.5
131.5
131.25
131.25
131.25
131.5
127.92857142857143
124.35714285714286
120.78571428571429
117.21428571428571
113.64285714285714
110.07142857142857
106.5
106.5
106.5
106.5
106.5
106.5
105.5
105.5
103.25
103.25
102.75
102.75
102.5
102.5
102.0
102.0
102.75
102.75
102.75
103.75
103.75
103.0
103.0
103.0
105.75
105.75
105.75
105.75
106.75
106.75
107.25
107.25
109.25
109.25
109.25
109.25
110.0
110.0
110.0
109.0
109.0
108.75
108.75
108.75
108.75
109.0
109.0
109.0
106.75
107.0
107.0
107.0
106.25
106.25
107.25
107.25
107.75
107.75
108.25
108.25
107.75
107.75
107.75
108.0
108.0
107.75
107.75
107.75
107.75
107.75
107.75
108.0
108.96875
109.9375
110.90625
111.875
112.84375
113.8125
114.78125
115.75
115.75
117.75
117.75
112.75
112.75
112.75
112.75
112.75
112.75
112.75
112.75
112.75
113.0
113.0
113.0
113.0
113.0
113.0
113.0
113.0
110.5
110.5
110.5
110.5
110.0
110.0
110.0
110.25
110.25
110.25
110.25
110.25
110.25
110.25
110.5
110.5
110.0
110.0
110.0
109.875
109.75
109.75
109.75
109.75
109.75
110.0
110.0
110.0
110.0
109.75
110.20833333333333
110.66666666666667
111.125
111.58333333333333
112.04166666666667
112.5
112.5
110.25
110.25
110.25
111.5
111.5
111.25
111.25
113.0
113.0
114.0
114.0
114.0
114.0
113.5
113.5
113.5
113.5
113.5
113.5
113.25
113.25
113.5
113.5
113.0
113.0
113.25
112.75
112.75
113.5
113.5
114.5
114.5
115.5
115.5
118.0
118.0
119.25
119.25
120.5
120.5
121.0
121.0
121.5
121.5
121.5
121.5
120.25
120.25
119.25
119.25
118.75
118.75
118.75
118.75
120.0
120.0
120.5
120.5
120.5
120.5
120.75
120.75
120.75
120.75
120.75
120.75
120.75
121.0
120.75
120.75
121.0
121.0
121.0
122.92857142857143
124.85714285714286
126.78571428571429
128.71428571428572
130.64285714285714
132.57142857142858
134.5
137.25
137.25
149.75
149.75
149.75
149.75
149.75
149.75
149.75
149.75
149.75
149.75
149.75
149.75
149.39655172413794
149.04310344827587
148.68965517241378
148.33620689655172
147.98275862068965
147.6293103448276
147.27586206896552
146.92241379310346
146.56896551724137
146.2155172413793
145.86206896551724
145.50862068965517
145.1551724137931
144.80172413793105
144.44827586206895
144.0948275862069
143.74137931034483
143.38793103448276
143.0344827586207
142.68103448275863
142.32758620689654
141.97413793103448
141.6206896551724
141.26724137931035
140.91379310344828
140.56034482758622
140.20689655172413
139.85344827586206
139.5
139.0
139.0
148.0
148.0
150.0
150.0
143.75
148.5
148.5
154.25
154.25
148.0
148.0
148.0
145.5
143.25
143.25
143.0
143.0
142.25
142.25
140.0
137.25
137.25
136.5
136.5
138.5
136.5
136.5
136.75
136.75
138.0
138.0
139.25
141.5
141.5
143.25
144.0
144.0
145.0
145.25
145.25
149.0
149.0
142.0
142.0
139.0
139.0
139.0
138.0
136.75
136.75
145.0
145.0
154.75
154.5
154.5
158.5
159.0
159.0
156.5
156.5
160.75
151.25
154.0
154.0
154.0
152.5
151.75
151.75
150.25
149.0
149.0
149.75
149.75
149.25
149.25
149.5
149.5
149.5
149.5
149.5
149.5
149.5
149.5
155.0
155.0
149.75
149.75
147.0
148.25
148.25
149.75
149.0
149.0
151.0
151.0
152.5
154.0
154.0
153.5
154.25
154.25
157.25
158.5
158.5
156.5
160.75
160.75
160.5
162.25
162.5
162.5
164.75
166.0
166.0
165.5
165.75
165.75
167.0
167.0
170.75
170.75
167.0
172.25
172.25
171.25
174.0
172.75
172.75
174.0
175.75
177.25
177.25
176.75
177.75
177.75
179.0
179.0
175.0
174.0
174.0
178.0
181.75
181.75
175.0
178.0
177.25
177.25
176.75
175.0
175.0
172.0
172.0
175.5
175.75
175.75
174.0
175.75
173.25
173.25
173.5
171.25
171.25
170.75
167.75
169.0
169.0
169.0
169.0
169.0
169.0
169.0
168.75
154.75
154.75
152.0
152.0
154.75
148.75
148.75
154.5
151.0
151.0
153.5
150.5
150.5
156.25
156.25
154.5
152.5
152.5
157.0
156.25
156.25
154.75
153.75
153.75
153.5
153.0
153.0
154.0
154.0
152.25
157.0
157.0
158.5
155.25
155.25
156.0
156.5
156.5
153.75
154.75
154.75
157.0
157.0
155.0
155.0
156.0
153.75
150.5
150.5
149.25
149.25
146.5
144.5
144.5
142.5
143.25
143.25
142.5
142.5
144.75
145.25
145.25
145.0
145.0
145.0
147.0
147.0
148.0
147.25
147.25
143.75
143.75
143.75
143.75
143.75
143.75
143.75
143.75
143.75
143.75
143.75
143.75
143.75
144.0
144.0
142.96666666666667
141.93333333333334
140.9
139.86666666666667
138.83333333333334
137.8
136.76666666666668
135.73333333333332
134.7
133.66666666666666
132.63333333333333
131.6
130.56666666666666
129.53333333333333
128.5
128.5
129.0
129.0
129.5
129.5
129.5
129.5
131.0
131.0
130.25
130.75
130.75
130.75
129.5
129.5
130.75
129.5
129.5
130.0
130.0
131.5
131.5
131.5
131.5
131.5
131.5
131.5
131.5
131.5
130.5
130.5
129.75
129.75
127.75
127.0
127.0
127.0
128.5
129.0
129.0
128.75
128.75
128.5
128.5
128.25
129.25
129.25
129.25
128.75
128.75
127.5
127.5
128.0
128.5
128.5
127.0
127.0
125.75
125.75
124.5
124.5
124.25
124.25
124.5
124.5
123.5
123.5
124.75
124.75
122.75
122.75
123.0
123.5
123.5
123.0
123.0
123.5
123.5
122.25
122.25
122.75
122.75
123.5
123.5
124.0
124.0
124.5
124.5
124.5
124.5
124.25
124.25
125.0
125.0
125.0
125.0
124.25
124.25
126.0
126.0
125.0
125.0
125.75
125.75
126.75
126.5
126.5
126.75
126.75
128.5
128.5
127.5
127.5
126.75
126.75
126.25
125.5
125.5
124.75
124.75
123.5
123.5
123.5
123.5
123.5
123.5
122.5
122.5
122.25
122.25
122.25
122.25
122.0
122.0
122.0
122.0
122.5
122.5
123.75
123.75
125.25
125.25
126.25
126.25
129.0
129.75
129.75
132.75
132.75
133.5
133.5
135.0
135.0
136.0
136.0
137.0
138.25
138.25
140.25
140.25
139.5
139.0
139.0
139.75
139.75
140.0
138.75
138.75
137.5
137.5
137.5
136.0
136.0
132.0
132.0
126.5
126.5
125.25
125.25
124.5
124.5
124.75
124.75
124.0
124.0
122.75
122.75
123.25
123.25
122.25
122.25
121.5
121.5
121.75
121.75
122.25
122.25
119.25
119.25
120.25
120.25
121.25
121.25
122.0
122.0
126.25
129.5
129.5
129.5
129.5
129.5
129.5
129.0
129.0
128.0
128.0
126.25
126.25
124.0
124.0
124.0
124.0
123.0
123.0
122.75
122.75
122.75
122.75
120.5
120.5
122.0
122.0
123.0
123.0
127.25
127.25
128.5
128.5
128.5
128.5
126.75
126.75
125.75
125.75
122.75
122.75
123.0
123.0
122.0
122.0
119.75
119.75
120.75
120.75
120.75
120.75
119.5
119.5
120.25
120.25
118.75
118.75
118.0
121.25
121.25
125.25
125.25
124.5
124.5
125.0
125.0
124.5
124.5
123.75
122.75
122.75
122.5
122.5
122.5
120.25
120.25
119.25
119.25
119.75
119.75
118.75
118.75
118.75
118.75
118.75
118.75
117.5
117.5
117.25
117.25
117.5
117.5
118.25
118.25
118.75
118.75
120.0
120.0
120.25
120.25
122.75
122.75
123.0
123.0
122.25
122.25
122.75
122.75
123.0
123.0
123.5
123.75
123.75
125.5
125.5
128.25
128.25
129.0
129.75
129.75
129.75
128.0
127.25
127.25
125.75
125.75
124.75
124.75
123.5
123.5
121.75
121.75
121.0
121.0
120.25
120.25
120.0
120.0
120.0
121.5
121.5
120.5
120.5
121.25
121.25
121.5
121.5
121.5
123.0
123.0
124.5
124.5
126.25
126.25
128.5
128.5
129.0
130.75
130.75
131.25
131.25
130.75
130.75
131.0
131.0
132.0
132.0
132.0
131.75
131.75
131.0
131.0
130.25
130.25
130.25
130.25
130.25
130.75
130.75
134.0
134.0
135.5
135.75
135.75
135.5
135.5
135.5
135.5
133.25
133.25
135.0
131.75
131.75
133.25
133.25
130.75
130.75
130.5
130.5
129.5
129.0
129.0
130.25
130.25
128.25
128.25
130.5
130.5
129.5
129.5
130.25
131.0
131.0
131.0
130.75
130.75
130.75
130.75
131.0
131.0
131.5
131.5
131.0
131.0
131.0
130.75
130.75
131.75
131.75
132.75
132.75
134.0
134.0
133.25
133.25
136.25
136.25
136.25
136.25
136.25
136.25
136.25
136.25
136.25
136.25
136.25
136.25
132.5
132.0
132.0
132.5
132.5
131.75
131.75
131.75
131.75
131.75
131.75
131.5
131.25
131.25
132.0
132.0
131.75
131.75
132.75
132.75
133.5
133.0
133.0
132.75
132.75
133.5
133.5
133.0
133.0
133.0
133.5
133.5
133.75
133.75
133.75
133.75
135.75
137.5
137.5
137.5
137.5
137.5
137.5
137.0
137.5
137.5
136.25
136.25
135.75
135.75
135.25
135.25
135.0
135.25
135.25
135.75
135.75
135.75
135.75
135.75
135.75
135.5
135.5
135.5
135.5
131.75
131.75
132.0
132.0
131.75
131.75
131.75
131.75
132.0
132.0
132.0
132.0
133.35714285714286
134.71428571428572
136.07142857142858
137.42857142857142
138.78571428571428
140.14285714285714
141.5
141.5
143.25
143.25
143.25
143.25
143.25
143.25
143.25
143.25
143.25
143.25
143.25
143.25
143.5
143.5
143.5
143.5
136.0
136.0
137.5
139.0
139.0
137.75
137.75
139.5
141.0
141.0
141.0
141.0
141.75
142.0
142.0
143.25
143.25
145.0
147.0
147.0
148.75
148.75
148.75
150.0
150.0
151.0
154.0
154.0
152.75
155.0
155.0
157.25
157.0
157.0
158.0
162.75
162.75
161.25
162.0
162.0
163.25
163.75
164.25
164.25
162.75
162.75
168.0
168.0
166.75
165.75
165.75
160.75
160.75
159.25
156.75
156.75
157.0
157.0
157.0
157.0
157.0
157.0
157.0
157.0
156.75
156.75
156.75
156.225
155.7
155.175
154.65
154.125
153.6
153.075
152.55
152.025
151.5
151.5
152.25
152.25
154.25
154.25
154.25
155.25
155.75
155.75
157.0
159.0
161.25
161.25
162.0
161.5
161.5
163.5
165.5
165.5
165.5
166.0
166.0
165.75
167.75
169.5
169.5
169.0
169.25
169.25
171.5
170.5
171.25
171.25
172.75
171.5
171.5
172.75
173.75
173.75
174.75
174.75
177.0
180.75
172.25
184.75
184.75
173.5
173.5
181.75
177.75
177.75
179.25
179.25
175.5
175.75
175.75
170.75
170.75
173.25
173.25
165.0
165.0
165.0
169.0
169.5
169.0
169.0
165.75
161.25
161.25
162.0
160.75
160.75
162.0
162.5
162.5
163.75
165.0
165.0
162.75
166.75
166.75
166.0
168.25
169.25
169.25
169.25
168.5
168.5
170.5
172.25
170.75
170.75
172.0
174.75
172.25
172.25
172.25
172.25
172.25
172.25
172.25
172.25
172.25
172.25
166.25
166.25
176.0
178.0
179.75
179.75
174.5
173.25
173.25
175.0
174.0
174.0
173.25
163.25
165.5
165.5
165.75
163.25
163.25
161.5
161.5
166.25
172.25
172.25
169.5
169.5
171.0
171.25
171.25
174.75
174.75
174.75
174.75
174.0
174.0
173.75
173.75
174.0
173.75
173.75
173.75
174.0
174.0
164.6
155.2
145.8
136.4
127.0
127.0
126.75
126.75
127.75
127.75
130.75
130.75
133.75
133.75
131.75
131.75
133.0
133.0
132.5
133.0
133.0
132.25
132.25
132.75
132.75
131.5
131.5
131.5
132.75
132.75
137.0
137.0
138.75
138.5
138.5
138.5
138.5
138.5
138.5
138.5
138.5
138.5
138.5
138.5
146.75
147.0
147.0
147.0
147.0
147.0
147.0
147.0
146.75
146.75
146.75
146.75
146.01315789473685
145.27631578947367
144.53947368421052
143.80263157894737
143.06578947368422
142.32894736842104
141.5921052631579
140.85526315789474
140.1184210526316
139.3815789473684
138.64473684210526
137.9078947368421
137.17105263157896
136.43421052631578
135.69736842105263
134.96052631578948
134.22368421052633
133.48684210526315
132.75
132.01315789473685
131.2763157894737
130.53947368421052
129.80263157894737
129.06578947368422
128.32894736842104
127.59210526315789
126.85526315789474
126.11842105263158
125.38157894736842
124.64473684210526
123.90789473684211
123.17105263157895
122.4342105263158
121.69736842105263
120.96052631578948
120.22368421052632
119.48684210526316
118.75
120.5
120.5
120.75
120.75
125.75
125.75
125.75
125.75
125.75
125.75
125.75
125.75
125.75
125.75
125.75
125.75
125.75
125.75
125.75
125.75
126.16176470588235
126.57352941176471
126.98529411764706
127.3970588235294
127.80882352941177
128.22058823529412
128.63235294117646
129.0441176470588
129.4558823529412
129.86764705882354
130.27941176470588
130.69117647058823
131.10294117647058
131.51470588235293
131.9264705882353
132.33823529411765
132.75
132.75
130.25
130.25
128.75
128.75
129.0
129.0
129.0
129.0
129.0
129.0
129.0
129.0
128.75
128.75
128.75
129.0
129.0
129.89285714285714
130.78571428571428
131.67857142857142
132.57142857142858
133.46428571428572
134.35714285714286
135.25
135.25
135.25
136.75
136.75
136.75
136.75
136.75
136.75
136.75
136.75
136.75
136.75
136.75
136.75
136.75
136.75
136.75
