138.75
138.75
136.0
136.25
136.25
136.75
136.75
136.25
136.25
136.0
136.25
136.25
137.0
137.0
136.75
136.75
137.0
137.0
137.0
136.75
136.75
138.0
141.25
141.25
140.5
140.5
142.5
143.5
143.5
143.75
143.75
143.0
143.0
144.75
143.5
143.5
142.25
141.5
141.5
142.0
142.0
142.25
142.25
141.75
139.5
139.5
140.75
140.75
140.75
140.75
140.75
141.5
141.5
141.25
141.25
142.5
142.0
142.0
142.0
141.75
141.75
139.5
139.5
139.5
139.5
137.5
137.5
136.75
136.0
136.0
136.0
136.0
135.75
136.25
136.25
134.75
134.75
134.25
134.25
134.75
134.75
135.25
135.25
136.75
137.25
137.25
137.25
138.75
139.0
139.0
139.0
139.0
138.75
138.5
138.5
138.25
138.25
137.25
137.25
135.75
135.75
134.25
134.25
132.75
132.75
133.25
132.25
132.25
133.5
133.5
133.5
133.5
133.5
133.5
133.5
136.75
137.25
137.25
136.75
136.75
137.0
137.0
136.25
136.75
136.75
135.25
135.25
135.0
135.0
125.0
125.0
124.75
124.75
124.5
127.25
127.25
130.75
130.75
132.5
132.5
133.5
133.5
134.25
134.25
134.25
131.5
131.5
133.5
133.5
132.25
132.25
131.25
131.25
130.0
129.5
129.5
130.0
130.0
129.5
129.5
129.5
129.5
126.75
126.75
126.5
126.5
129.0
129.0
128.0
132.0
132.0
133.5
133.5
136.0
135.0
135.0
136.25
136.25
135.5
135.5
136.5
136.5
137.5
137.5
138.0
138.0
138.25
137.25
137.25
137.25
137.25
137.25
137.5
137.5
137.75
137.75
138.0
138.75
138.75
139.5
139.5
139.5
138.75
138.75
139.5
139.5
139.5
139.5
139.5
137.75
137.75
137.75
139.25
136.75
136.75
137.0
137.0
137.5
137.5
137.75
137.75
137.75
138.75
138.75
136.75
136.75
135.5
135.5
132.5
132.5
131.5
131.75
131.75
130.25
130.25
131.75
131.75
132.0
132.0
132.5
131.75
131.75
131.75
131.75
130.25
130.25
126.0
126.0
128.5
128.5
127.5
127.5
118.75
118.75
118.75
118.75
118.75
118.75
118.75
118.75
119.0
119.0
117.33333333333333
115.66666666666667
114.0
112.33333333333333
110.66666666666667
109.0
107.33333333333333
105.66666666666667
104.0
104.0
104.0
104.0
104.0
104.0
104.0
104.0
103.75
103.75
104.0
103.75
111.0
118.25
125.5
132.75
140.0
140.0
140.0
140.0
140.75
140.75
142.25
142.25
143.25
144.5
144.5
145.5
145.5
146.25
146.25
146.25
147.25
148.0
148.0
147.0
149.75
149.75
149.75
149.75
150.5
150.75
150.75
151.25
151.75
151.75
152.25
154.0
154.0
156.0
156.0
156.0
155.5
155.5
156.0
153.5
153.5
153.5
148.5
148.5
151.25
151.25
150.0
150.25
150.25
149.75
148.75
148.75
148.25
148.25
146.75
147.25
147.25
147.0
147.0
149.25
145.5
145.5
144.75
144.75
143.25
142.25
142.25
142.0
142.0
140.75
138.5
138.5
137.0
137.0
137.75
137.75
140.5
143.5
143.5
142.75
142.75
144.0
144.0
142.5
138.5
138.5
130.25
130.25
125.75
120.25
120.25
121.75
121.75
120.75
120.75
117.5
117.5
117.5
121.75
121.75
122.0
123.5
123.5
123.0
123.0
125.0
125.0
124.0
124.0
124.0
124.0
124.5
124.5
126.25
126.25
125.75
125.75
122.5
122.5
118.75
118.75
117.0
117.0
118.0
118.0
122.0
121.75
121.75
121.75
113.25
115.5
115.5
115.5
125.75
125.75
128.75
128.75
130.75
130.75
130.75
129.0
128.75
128.75
128.75
127.0
127.25
127.25
127.25
127.25
128.5
128.5
128.0
128.0
128.75
128.75
127.25
127.25
127.0
127.0
128.0
128.0
126.25
126.25
125.0
125.0
123.25
123.75
123.75
125.25
125.25
126.75
126.75
127.75
129.5
129.5
129.5
128.75
129.0
129.0
129.0
129.0
128.75
128.75
119.25
119.25
119.25
119.25
121.0
121.0
121.0
124.25
124.5
124.5
124.0
124.0
123.75
123.75
124.5
124.5
124.0
124.0
125.75
125.75
126.75
126.75
127.25
131.75
131.75
132.0
132.0
131.75
131.75
132.25
132.25
133.25
130.75
130.75
133.0
133.0
133.0
124.0
124.0
115.0
115.0
116.0
116.0
118.75
118.75
120.25
120.25
122.75
125.25
125.25
127.25
127.25
129.5
129.5
129.5
129.5
129.5
129.5
129.5
129.25
129.5
129.85
130.2
130.55
130.9
131.25
131.6
131.95
132.3
132.65
133.0
133.35
133.7
134.05
134.4
134.75
134.75
136.25
136.25
136.25
135.75
135.75
135.0
135.0
135.75
135.75
136.25
136.25
137.0
137.0
136.5
136.25
136.25
135.5
135.5
136.0
136.75
136.75
137.75
137.75
138.75
139.75
139.75
140.25
140.25
141.5
141.5
142.5
144.0
144.0
143.5
144.25
144.25
143.25
143.25
142.25
142.25
140.75
141.75
141.75
141.25
141.25
141.25
141.0
141.0
140.75
140.75
139.5
139.25
139.25
137.75
137.75
137.75
137.75
137.0
137.0
136.0
135.25
135.25
135.0
135.0
133.0
133.0
133.25
133.25
133.25
135.0
135.0
135.25
135.25
136.25
136.25
136.75
137.25
137.25
138.5
138.5
138.5
142.5
142.5
143.75
143.75
145.0
146.0
146.0
144.5
145.5
145.5
147.0
146.75
146.75
146.75
146.75
146.75
149.75
149.75
150.5
150.75
150.75
152.5
151.5
151.5
151.5
151.5
152.0
153.0
152.75
152.75
152.75
152.75
153.0
152.25
152.25
152.75
152.75
148.5
148.5
145.75
145.75
146.0
146.0
145.0
143.25
143.25
141.5
141.5
137.75
137.75
135.75
135.75
135.75
137.5
137.5
136.75
136.75
136.0
136.0
133.5
134.25
134.25
133.75
133.75
135.5
135.5
136.5
136.5
136.5
136.5
136.5
136.75
136.75
137.5
138.25
138.25
137.75
137.75
138.0
138.0
137.25
137.25
138.5
138.5
137.5
137.5
137.5
137.5
137.5
136.75
136.75
136.75
137.5
137.5
138.75
138.75
138.0
138.0
138.0
138.0
138.5
138.5
137.0
137.5
137.5
138.25
138.25
138.0
138.5
138.5
139.0
139.0
139.5
139.5
139.5
140.25
140.25
140.75
140.75
141.75
142.0
142.0
142.0
141.25
141.25
141.0
141.0
139.75
139.75
137.5
137.5
135.75
135.75
135.0
135.0
134.0
134.5
134.5
134.5
134.5
135.0
135.0
134.25
134.25
135.25
135.75
135.75
135.75
135.75
135.0
135.0
134.25
134.5
134.5
133.75
133.75
134.0
134.0
133.0
133.0
132.75
132.75
133.5
134.25
134.25
133.5
133.5
134.25
134.25
135.0
134.5
134.5
134.75
134.75
134.75
134.75
133.5
133.5
132.5
133.25
133.25
132.5
132.5
132.0
132.0
132.5
132.5
133.5
134.75
134.75
132.5
132.5
135.0
135.0
135.75
136.5
136.5
136.25
136.25
136.75
136.75
136.5
137.75
137.75
136.0
136.0
135.25
135.25
135.0
135.0
133.5
133.25
133.25
132.75
132.75
133.5
133.5
132.75
132.75
132.75
133.25
133.25
133.25
133.25
133.25
133.25
133.5
133.5
134.25
135.25
135.25
136.75
136.75
137.0
137.0
137.5
137.25
137.25
137.5
138.25
138.25
137.0
137.0
135.25
135.25
135.5
135.5
135.0
135.0
135.0
135.25
135.25
137.25
137.25
137.5
137.5
138.0
138.0
138.0
137.5
137.5
137.75
137.75
137.75
138.5
138.5
139.5
139.5
140.0
140.75
140.75
140.25
140.25
139.75
139.5
139.5
138.75
138.75
138.0
139.25
139.25
139.75
139.75
141.25
141.25
141.25
142.5
142.5
142.5
142.5
142.5
143.25
143.25
143.25
143.25
143.0
142.25
142.25
142.5
142.5
142.25
141.0
141.0
140.75
140.75
139.75
139.75
138.5
139.5
139.5
139.75
139.75
140.0
140.0
140.0
140.25
140.25
140.75
140.75
140.75
140.0
140.0
140.25
140.25
139.5
139.5
140.0
139.25
139.25
139.5
139.5
139.25
139.0
139.0
138.5
138.5
139.0
139.0
138.5
138.5
138.5
138.75
138.75
139.0
139.0
138.5
138.5
138.5
138.5
138.5
137.5
137.5
137.5
136.75
136.75
135.75
135.75
135.5
135.5
136.0
135.75
135.75
135.75
135.75
135.25
135.25
135.5
135.5
136.0
136.0
136.0
136.0
136.0
135.75
137.5
137.5
137.75
137.75
138.75
138.75
139.25
139.75
139.75
140.0
140.0
140.0
140.0
140.0
140.25
140.25
140.25
140.25
139.5
140.0
140.0
140.0
140.0
139.75
139.75
139.5
139.5
139.25
139.25
138.75
138.75
139.0
138.75
138.75
138.5
138.5
138.5
138.5
137.75
138.0
138.0
138.25
138.25
138.5
138.5
139.75
140.25
139.5
139.5
139.5
139.5
140.25
140.25
140.5
140.5
140.75
140.75
140.75
140.75
140.75
142.0
142.0
141.0
141.0
140.75
140.75
141.0
142.75
142.75
142.5
143.25
143.25
142.5
142.5
143.25
143.25
143.25
144.5
144.25
144.25
145.0
145.0
145.25
144.5
144.5
144.0
144.0
142.5
142.0
142.0
141.25
141.25
142.75
141.75
141.75
141.75
141.75
141.0
142.0
142.0
141.5
141.5
142.0
142.0
142.0
142.0
142.0
143.25
143.25
143.25
143.25
143.25
142.75
142.75
142.5
142.5
142.75
142.25
142.25
141.5
141.5
140.75
140.75
140.0
139.5
139.5
138.5
138.5
138.5
138.5
137.0
135.25
135.25
134.25
134.25
135.25
135.25
135.0
135.0
135.25
135.75
135.75
136.75
136.75
136.25
136.25
137.25
137.5
137.5
137.0
137.0
137.5
137.5
137.25
136.75
136.75
136.75
136.75
138.25
138.25
139.5
139.0
139.0
139.0
140.75
140.75
140.75
141.5
141.5
142.0
142.75
142.75
143.5
143.5
143.5
143.5
144.0
144.25
144.25
145.0
145.0
146.5
146.5
146.5
145.5
145.5
146.25
146.25
146.25
145.5
145.0
145.0
144.75
144.75
142.75
142.75
140.75
139.25
139.25
137.5
137.5
137.5
135.5
132.5
132.5
130.75
130.75
128.5
128.5
122.5
122.5
122.5
122.25
122.25
122.5
122.5
122.25
122.25
112.5
112.5
112.5
112.25
112.25
115.0
115.0
117.5
117.5
117.75
117.75
117.0
117.0
116.75
116.75
116.75
116.75
116.75
116.75
116.75
104.75
104.75
103.0
103.0
103.0
103.0
103.0
102.75
102.75
103.0
103.0
103.0
103.0
102.75
105.53571428571429
108.32142857142857
111.10714285714286
113.89285714285714
116.67857142857143
119.46428571428571
122.25
122.25
122.25
122.25
121.5
121.5
121.5
121.5
121.25
121.5
121.25
121.5
121.21875
120.9375
120.65625
120.375
120.09375
119.8125
119.53125
119.25
119.25
119.75
119.75
120.75
120.75
121.25
121.25
121.0
121.0
120.25
120.25
119.25
119.25
120.0
120.0
120.25
120.25
119.75
119.75
118.75
118.75
119.0
119.0
118.75
118.75
119.5
119.5
119.5
119.5
121.0
121.0
121.0
121.0
122.0
122.0
120.75
120.75
118.25
118.25
117.5
117.5
120.0
120.0
123.0
123.0
123.5
123.5
124.5
124.5
122.75
122.75
123.25
123.25
124.0
124.0
125.25
125.75
125.75
125.75
125.75
127.0
127.0
126.25
126.25
128.0
128.0
127.5
127.5
127.75
127.75
127.0
127.0
126.25
126.25
128.0
128.0
128.0
128.0
128.0
128.0
128.0
129.5
129.5
131.0
131.0
131.0
131.25
131.25
130.25
130.25
131.25
131.25
130.75
130.75
130.75
130.75
130.25
130.5
130.5
131.0
131.0
131.5
131.5
133.25
134.0
134.0
135.0
135.0
135.0
135.0
135.25
135.25
135.25
135.75
135.75
133.5
133.5
135.0
135.0
133.75
133.75
134.5
134.5
134.5
134.25
134.25
135.25
135.25
135.75
135.75
135.75
135.5
135.5
134.5
134.5
134.25
134.25
135.0
131.25
131.25
131.0
131.0
130.25
130.25
130.0
130.0
129.75
129.75
129.5
130.5
130.5
132.0
132.0
132.5
132.5
133.25
133.5
133.5
134.0
134.0
130.75
130.75
130.75
130.75
130.75
130.75
130.75
130.75
128.0
128.0
128.0
128.0
127.25
127.25
127.0
127.5
127.5
127.5
127.5
128.75
128.75
129.75
129.75
129.75
130.75
131.5
131.5
132.5
132.5
132.75
132.75
133.75
133.75
133.75
134.25
134.25
135.0
135.0
135.25
135.5
135.5
135.0
135.0
137.0
137.0
136.25
136.25
135.0
134.5
134.5
135.0
135.0
134.0
134.0
133.5
133.5
133.5
134.25
134.25
134.25
134.75
134.75
134.75
135.25
135.25
136.25
136.75
136.75
137.5
137.5
137.5
137.75
137.75
137.75
137.75
137.5
137.5
136.75
136.75
136.25
136.25
134.5
133.5
133.5
132.75
132.75
132.5
132.5
132.25
132.25
133.0
133.0
133.0
132.75
132.75
133.0
133.0
133.5
133.5
133.5
132.5
132.5
132.25
132.25
130.25
130.25
129.0
128.5
128.5
128.5
130.25
130.25
130.75
130.75
131.25
131.5
131.5
132.75
132.75
133.5
134.25
134.25
134.25
134.25
133.75
133.75
134.25
134.25
134.25
135.0
135.0
135.0
135.0
135.0
135.0
134.5
134.5
134.25
134.0
134.0
133.5
133.5
132.0
132.0
131.25
131.25
131.5
132.0
132.0
132.75
132.75
132.75
132.75
134.25
134.25
134.25
135.0
135.0
135.25
135.25
134.0
134.0
133.75
133.75
134.25
133.5
133.5
133.5
133.5
133.75
133.75
134.5
135.0
135.0
135.5
135.5
135.75
135.75
136.75
137.0
137.0
136.75
136.75
137.5
137.5
136.75
137.25
137.25
136.5
136.5
136.75
136.75
135.75
135.75
135.75
135.25
135.25
135.0
135.0
135.0
135.0
135.5
136.0
136.0
136.0
136.0
135.0
135.0
133.5
133.75
133.75
134.0
134.0
134.25
134.25
135.25
135.25
135.5
136.75
136.75
137.5
137.5
137.5
138.25
138.25
138.0
138.0
139.5
139.5
139.5
139.75
139.75
139.25
140.75
140.75
140.25
140.25
140.0
139.75
139.75
137.25
137.25
136.25
136.25
135.25
135.25
134.25
133.25
133.25
132.5
132.5
132.0
132.0
131.5
131.5
131.75
131.75
130.75
129.5
129.5
127.25
127.25
128.5
128.5
129.5
129.5
129.25
129.25
129.5
129.5
129.5
129.5
129.75
129.75
130.75
130.75
131.0
131.0
131.75
132.75
132.75
133.0
134.0
134.0
133.5
133.5
132.0
132.0
132.5
132.5
132.75
133.0
133.0
132.5
132.5
133.5
133.5
133.0
133.0
133.0
132.0
132.0
132.0
132.0
132.25
132.25
132.25
134.0
134.0
133.75
133.75
134.75
132.75
132.75
134.25
134.25
134.0
134.0
134.0
134.25
134.25
132.75
132.75
134.25
134.25
134.0
139.5
139.5
140.5
140.5
141.25
140.75
140.75
142.0
142.0
143.0
143.5
143.5
145.0
145.0
145.25
145.5
145.5
147.0
147.0
147.0
148.0
148.0
148.25
149.0
149.0
148.0
148.0
147.5
145.75
145.75
144.25
144.25
144.25
144.25
144.5
144.5
144.5
144.5
144.25
144.25
144.5
144.5
136.95
129.4
121.85
114.3
106.75
106.75
106.75
110.25
110.25
112.75
112.75
115.75
115.75
118.5
122.75
122.75
117.0
117.0
117.0
117.0
117.0
117.0
117.0
117.0
117.0
117.0
117.0
107.5
107.5
106.75
106.75
106.75
106.0
106.0
105.5
105.5
105.0
105.0
104.75
104.75
104.25
104.25
105.0
105.0
105.0
105.0
105.0
105.0
105.0
105.0
104.75
104.75
105.0
104.75
109.41666666666667
114.08333333333333
118.75
123.41666666666667
128.08333333333334
132.75
131.5
131.5
132.0
132.0
132.5
132.5
133.0
132.75
132.75
133.25
133.25
133.5
133.5
133.5
133.75
133.75
133.75
133.75
132.0
132.0
132.25
132.25
132.75
130.75
130.75
132.5
132.5
132.25
132.25
133.0
133.0
133.5
133.5
134.25
134.25
134.5
132.5
132.5
133.0
133.0
131.5
131.5
132.0
132.0
130.75
130.75
129.5
129.5
126.25
125.25
125.25
126.0
126.0
124.75
124.75
124.75
123.0
124.25
124.25
124.0
124.0
124.75
124.75
124.0
124.0
124.75
124.75
126.25
126.25
129.5
129.5
128.5
126.25
126.25
126.25
119.5
119.5
121.5
121.5
123.75
125.5
125.5
127.75
127.75
130.25
130.25
131.25
131.25
131.75
131.75
131.25
131.5
131.5
129.5
129.5
129.75
129.75
129.0
129.0
128.5
128.5
128.5
128.5
128.5
129.25
129.25
129.5
129.5
130.75
130.75
129.75
129.75
131.75
132.0
132.0
130.25
130.25
130.25
130.25
134.0
134.0
130.75
132.75
132.75
131.5
131.5
133.5
133.5
134.75
135.5
135.5
135.0
135.0
136.75
136.75
137.5
137.5
136.25
138.25
138.25
138.5
138.5
138.75
140.5
140.5
141.25
141.25
140.75
140.75
140.75
141.0
141.0
142.0
142.0
141.0
142.0
142.0
143.0
143.0
143.25
142.0
142.0
143.0
143.0
142.0
140.0
140.0
140.0
139.0
139.0
135.5
135.5
129.5
129.5
127.5
127.5
127.5
127.5
127.25
127.25
127.25
127.5
127.5
127.5
127.5
127.25
127.56060606060606
127.87121212121212
128.1818181818182
128.49242424242425
128.8030303030303
129.11363636363637
129.42424242424244
129.7348484848485
130.04545454545453
130.3560606060606
130.66666666666666
130.97727272727272
131.28787878787878
131.59848484848484
131.9090909090909
132.21969696969697
132.53030303030303
132.8409090909091
133.15151515151516
133.46212121212122
133.77272727272728
134.08333333333334
134.3939393939394
134.70454545454547
135.0151515151515
135.32575757575756
135.63636363636363
135.9469696969697
136.25757575757575
136.5681818181818
136.87878787878788
137.18939393939394
137.5
137.5
136.25
136.25
136.25
136.0
136.75
136.75
135.0
135.0
135.0
132.0
132.0
132.75
132.75
133.0
133.0
132.0
131.25
131.25
130.75
129.25
129.25
126.75
126.75
126.75
125.25
125.25
125.5
125.5
128.75
130.5
130.5
131.5
131.5
132.25
132.25
132.75
132.75
132.25
132.5
132.5
132.25
132.25
132.5
132.5
132.75
132.75
133.0
133.0
132.75
132.75
133.0
132.5
132.5
132.75
132.75
132.0
132.0
130.0
130.0
126.0
126.0
125.75
125.0
125.0
124.5
124.5
125.5
125.5
127.5
127.5
126.25
126.25
129.0
129.0
131.75
131.75
132.0
132.0
131.5
131.5
131.75
131.75
131.75
131.75
131.75
132.75
132.75
134.25
133.5
133.5
134.5
134.5
133.75
133.75
132.75
132.75
132.75
132.75
134.25
134.25
133.0
133.0
132.0
132.0
132.0
133.25
133.25
131.75
131.75
132.5
132.5
133.0
133.25
133.25
134.0
134.0
132.75
132.75
131.25
131.25
130.25
130.25
130.25
130.25
130.25
130.25
131.25
131.25
135.5
135.5
135.5
131.5
131.5
132.25
132.25
132.0
132.0
131.5
130.75
130.75
131.0
131.0
130.5
130.5
131.25
131.25
132.0
132.5
132.5
132.0
132.0
132.5
132.75
132.75
132.75
132.75
133.5
133.5
133.5
133.5
132.75
132.75
132.0
132.0
129.75
129.75
129.75
129.75
131.0
131.0
130.75
130.75
131.75
131.75
131.5
132.75
132.75
133.5
133.5
133.25
133.25
133.75
134.5
134.5
135.0
135.0
135.75
135.75
135.75
137.75
137.75
136.25
136.25
135.75
135.75
135.75
135.75
136.0
136.75
136.75
138.25
138.25
138.0
138.75
138.75
139.25
139.25
139.75
139.75
140.0
141.0
141.0
140.5
141.75
141.75
140.75
140.75
142.0
142.0
139.5
139.5
139.5
139.75
139.75
138.75
138.75
138.25
137.25
137.25
138.5
138.5
138.0
136.75
136.75
138.0
138.0
137.5
137.5
138.25
138.25
138.5
138.5
138.5
138.5
138.5
139.0
138.25
138.25
136.25
136.25
134.5
134.5
134.0
134.0
133.5
134.25
134.25
134.25
134.25
134.25
134.25
133.5
133.5
134.25
133.5
133.5
134.25
134.25
134.0
134.0
135.25
136.75
136.75
137.5
137.5
138.5
138.5
139.5
141.75
141.75
141.25
141.25
142.0
143.5
143.5
143.5
143.25
143.25
146.25
145.0
145.0
144.0
144.5
144.5
147.0
147.0
150.5
150.75
150.75
150.75
150.75
148.75
148.75
149.5
148.75
148.75
148.0
148.0
147.0
145.75
145.75
144.5
144.5
144.75
142.0
142.0
140.75
140.75
139.5
139.5
139.0
139.5
139.5
138.75
138.75
138.5
138.5
137.0
137.0
137.25
137.25
135.75
135.75
136.0
134.75
134.75
135.5
135.5
136.0
136.0
134.25
134.5
134.5
134.0
134.0
132.75
132.75
130.5
125.25
125.25
125.0
125.0
128.5
128.5
130.75
130.75
133.5
133.5
134.25
136.5
136.5
137.5
137.5
138.25
139.5
139.5
140.75
140.75
141.5
144.0
144.0
144.25
144.25
144.5
146.5
146.5
147.25
146.5
146.5
149.0
149.0
147.0
149.5
149.5
148.25
148.25
148.75
148.25
148.25
149.5
148.5
148.5
148.0
148.0
148.75
148.0
148.0
147.75
146.75
146.75
147.0
147.0
145.0
145.0
145.0
142.5
142.5
143.0
143.0
142.5
140.5
140.5
138.75
136.0
136.0
128.5
128.5
126.0
126.0
125.75
125.75
125.0
125.0
124.0
124.0
124.25
124.25
125.75
125.75
128.0
128.0
127.5
128.0
128.0
129.0
129.0
130.25
130.25
130.0
130.0
130.25
130.25
129.5
129.5
128.5
128.5
127.25
126.5
126.5
119.25
119.25
115.0
115.0
116.5
116.5
122.0
122.0
124.5
124.5
128.75
128.75
129.0
129.0
130.75
130.75
131.5
131.5
133.25
135.0
135.0
136.75
137.5
137.5
137.5
137.5
139.0
139.0
139.0
139.0
141.5
145.0
145.0
143.5
143.5
144.0
144.75
144.75
146.25
146.25
146.25
146.25
145.0
145.0
145.0
145.0
145.0
145.0
145.0
145.0
145.0
145.0
144.75
144.75
136.85714285714286
128.96428571428572
121.07142857142857
113.17857142857143
105.28571428571428
97.39285714285714
89.5
89.5
89.5
93.0
93.0
94.25
94.25
94.75
94.75
93.75
93.75
93.0
93.0
92.25
92.25
92.25
92.0
92.0
94.0
94.0
96.0
96.0
95.0
95.0
95.0
93.5
93.5
93.5
100.5
100.5
101.5
101.5
101.25
101.25
101.25
101.25
101.25
101.25
101.5
101.5
101.5
101.5
105.41666666666667
109.33333333333333
113.25
117.16666666666667
121.08333333333333
125.0
127.25
127.25
131.75
131.75
130.25
130.25
130.75
130.75
130.75
130.25
130.25
129.5
129.5
128.0
128.0
125.75
125.0
125.0
125.0
123.75
123.75
123.5
125.25
125.25
126.25
126.25
125.25
125.25
124.75
124.75
124.0
124.0
121.25
121.25
121.0
121.0
122.25
122.25
124.5
124.5
125.75
125.75
126.25
126.25
127.75
128.0
128.0
128.75
128.75
130.0
130.0
131.25
131.25
131.0
131.0
131.5
131.25
131.25
131.5
131.5
131.5
130.75
130.75
130.5
130.5
130.5
129.5
129.5
130.0
130.0
129.0
129.0
128.75
128.75
129.25
129.25
128.5
125.75
125.75
124.75
124.75
124.75
125.0
125.0
125.0
124.75
124.75
125.0
125.0
118.0
121.75
121.75
124.0
124.0
124.75
124.75
124.5
124.5
124.5
119.5
119.5
119.25
119.25
119.5
119.5
119.5
119.5
119.8695652173913
120.23913043478261
120.6086956521739
120.97826086956522
121.34782608695652
121.71739130434783
122.08695652173913
122.45652173913044
122.82608695652173
123.19565217391305
123.56521739130434
123.93478260869566
124.30434782608695
124.67391304347827
125.04347826086956
125.41304347826087
125.78260869565217
126.15217391304348
126.52173913043478
126.8913043478261
127.26086956521739
127.63043478260869
128.0
128.0
128.0
128.0
128.0
128.0
129.75
129.75
132.25
132.25
132.5
132.5
130.75
130.75
130.75
130.75
131.5
131.5
129.0
129.0
128.25
128.75
128.75
128.75
128.75
127.5
127.5
128.75
128.75
128.5
128.5
129.0
130.5
130.5
131.0
131.0
132.25
132.25
133.25
133.5
133.5
134.25
134.25
135.5
135.5
135.75
135.75
136.25
137.0
137.0
136.5
136.5
137.5
137.5
136.0
136.25
136.25
135.0
135.0
133.5
133.5
132.0
132.0
131.5
131.5
130.75
130.75
129.0
127.25
127.25
126.75
126.75
125.75
125.75
125.0
125.0
126.75
126.75
128.5
128.5
130.0
131.25
131.25
130.0
130.0
130.0
134.0
134.0
135.0
135.0
136.25
136.25
136.25
137.25
137.25
138.5
138.5
138.75
139.25
139.25
138.5
138.5
138.75
138.75
138.5
137.5
137.5
136.75
136.75
135.25
135.25
134.75
135.75
135.75
135.25
135.25
135.0
135.0
135.5
135.5
135.25
135.25
135.5
135.5
136.5
137.0
137.0
136.75
136.75
136.75
136.75
137.0
137.25
137.25
136.75
136.75
137.0
137.0
136.25
136.0
136.0
138.0
138.0
137.25
137.75
137.75
136.75
136.75
136.0
136.0
136.0
136.0
136.5
137.75
137.75
138.75
138.75
139.25
139.25
139.0
139.5
139.5
139.25
139.25
138.5
137.5
137.5
137.5
137.5
137.75
137.75
138.5
138.5
138.5
138.5
138.5
139.0
138.5
138.5
139.75
139.75
140.25
140.25
142.75
142.0
142.0
142.25
142.25
143.0
144.25
144.25
143.25
143.25
143.25
142.75
142.75
143.0
143.0
142.0
140.75
140.75
140.0
139.5
139.5
139.5
139.5
138.5
138.5
137.5
137.5
137.5
137.5
137.5
136.75
136.75
138.25
137.25
137.25
137.0
137.0
136.75
136.75
136.0
134.75
134.75
134.5
134.5
135.75
135.75
134.75
134.75
135.5
136.5
136.5
136.75
136.75
136.0
136.0
137.25
137.25
137.5
137.75
137.75
136.0
136.0
135.75
135.75
135.0
135.0
135.5
136.25
136.25
135.75
135.75
136.75
136.75
136.0
137.0
137.0
137.5
137.5
137.75
137.75
138.0
138.5
138.5
138.25
138.25
138.5
139.0
139.0
138.75
138.75
139.5
139.5
138.5
138.5
138.5
138.5
138.25
138.25
137.75
137.75
138.5
138.5
138.75
138.5
138.5
139.5
139.5
138.5
138.75
138.75
138.0
138.0
138.5
138.5
139.75
139.75
139.75
139.0
139.0
139.75
140.0
140.0
140.75
140.75
139.5
139.5
139.25
139.25
138.75
139.75
139.75
139.5
139.5
139.5
139.5
139.5
139.0
139.0
139.0
139.0
139.25
139.0
139.0
139.0
139.0
139.5
139.5
139.5
139.5
139.25
139.5
139.5
139.75
139.75
139.5
138.5
138.5
139.0
139.0
138.5
137.5
137.5
138.5
138.5
138.0
138.0
137.75
137.75
137.75
137.0
137.0
137.5
137.5
137.5
137.5
137.5
137.5
137.5
137.0
137.0
137.25
137.5
137.5
137.5
137.5
138.5
136.75
136.75
137.75
137.75
138.75
138.75
139.5
139.0
139.0
139.5
139.5
139.75
139.75
139.25
139.5
139.5
139.5
139.5
141.0
141.0
141.0
141.0
141.0
140.5
140.5
140.5
140.0
140.0
139.25
139.25
138.75
138.75
137.5
138.0
138.0
137.5
137.5
137.75
137.75
137.75
137.5
137.5
137.5
137.5
137.75
137.75
138.0
137.75
137.75
137.5
137.5
137.25
137.75
137.75
137.25
137.25
137.5
137.75
137.75
138.75
138.75
138.75
139.0
139.0
139.0
139.0
138.5
138.5
138.5
139.5
139.5
138.25
138.25
138.5
138.5
138.5
138.5
138.5
138.5
138.5
139.25
139.0
139.0
139.5
139.5
139.5
139.0
139.0
140.0
140.0
139.5
139.5
140.5
141.25
141.25
141.0
141.0
140.75
142.25
142.25
142.75
142.75
142.25
142.25
142.0
142.0
142.0
142.0
142.0
142.0
140.75
140.75
141.25
140.0
140.0
139.75
139.75
141.0
141.0
140.75
139.5
139.5
138.5
138.5
139.25
139.25
138.5
139.25
139.25
138.5
138.5
138.25
138.25
137.75
137.5
137.5
137.5
137.5
136.75
136.75
137.25
137.25
137.25
137.25
137.25
138.0
138.0
137.5
138.25
138.25
137.75
137.75
139.0
139.0
140.25
139.5
139.5
139.75
139.75
140.25
140.0
140.0
139.5
139.5
139.5
138.75
138.75
139.5
139.5
139.25
139.25
139.0
139.25
139.25
138.5
138.5
138.0
138.0
138.0
137.75
137.75
139.25
139.25
138.5
138.5
139.25
139.5
139.5
139.25
139.25
139.5
139.5
139.5
139.5
139.5
138.75
138.75
139.0
138.5
138.5
138.5
138.5
138.0
138.0
138.25
137.75
137.75
137.0
137.0
137.0
137.0
136.25
135.75
135.75
137.0
137.0
136.75
136.75
136.5
136.0
136.0
136.0
136.0
135.25
135.25
135.75
135.5
135.5
135.75
135.75
135.75
135.75
135.75
135.75
135.75
135.75
135.75
135.75
135.75
135.75
135.75
135.0
135.75
135.75
135.75
135.75
136.25
136.25
136.75
137.0
137.0
136.75
136.75
137.25
137.25
137.75
137.5
137.5
138.0
138.0
137.5
137.5
137.5
137.75
137.75
138.5
138.5
137.75
137.75
137.75
138.0
138.0
138.75
138.75
138.25
138.25
138.5
137.0
137.0
137.75
137.75
138.75
139.5
139.5
139.0
139.0
139.5
139.5
139.75
140.25
140.25
140.25
140.25
139.5
139.5
138.5
138.0
138.0
137.0
137.5
137.5
136.75
136.75
136.0
136.0
135.75
135.75
135.25
135.5
135.5
136.25
136.25
137.25
137.25
137.5
138.25
138.25
139.5
139.5
139.75
141.75
141.75
142.0
142.0
141.0
141.75
141.75
143.25
143.25
143.25
144.5
144.5
145.0
145.0
145.0
145.25
145.25
145.25
145.25
143.0
143.0
141.25
141.0
141.0
140.0
140.0
139.0
139.25
139.25
139.0
139.0
138.5
138.5
138.0
137.75
137.75
137.5
137.5
137.5
137.5
137.5
137.25
137.25
137.5
137.5
137.75
137.75
137.5
137.5
137.5
136.5
136.5
136.75
136.75
136.75
136.75
136.75
136.25
136.25
136.75
136.75
136.75
137.0
137.0
136.75
136.75
137.0
137.0
136.5
136.5
136.5
135.75
135.75
136.75
136.75
136.25
137.25
137.25
137.25
137.25
136.75
136.75
137.25
137.25
137.5
137.25
137.25
137.0
137.0
136.75
136.75
137.5
137.5
137.25
137.75
137.75
137.75
137.25
137.25
137.5
137.5
138.0
138.0
138.5
139.25
139.25
139.25
139.25
140.0
139.25
139.25
139.5
139.5
139.5
139.75
139.75
139.75
139.75
139.75
139.75
139.5
140.5
140.5
139.5
139.5
139.75
140.0
140.0
139.5
139.5
140.75
140.75
140.5
139.5
139.5
139.75
139.75
139.75
139.75
139.5
139.75
139.75
139.5
139.5
139.75
139.25
139.25
138.0
138.0
138.75
138.75
137.25
137.75
137.75
137.5
137.5
137.25
137.25
137.75
137.75
138.0
137.25
137.25
137.5
137.5
137.25
137.5
137.5
137.5
137.5
138.25
138.25
138.0
138.0
138.75
138.5
138.5
138.5
138.5
139.5
139.25
139.25
138.25
138.25
138.5
137.75
137.75
137.25
137.25
135.75
135.75
135.75
135.75
135.75
135.5
135.5
135.5
135.5
135.75
135.75
135.75
137.5
137.5
137.5
137.25
137.5
137.5
137.5
137.5
137.5
137.25
137.25
135.5
135.5
135.0
135.0
135.5
135.75
135.75
136.5
136.5
136.75
136.25
136.25
137.0
137.0
136.75
136.75
135.75
135.75
136.5
137.75
137.75
136.75
136.75
138.0
139.0
139.0
139.5
139.5
140.25
140.5
140.5
140.0
140.0
141.25
141.25
138.0
138.5
138.5
136.75
136.75
135.5
135.5
134.0
135.0
135.0
134.5
134.5
132.0
132.0
133.75
133.75
133.5
134.0
134.0
133.5
133.5
135.0
135.0
134.0
134.0
134.0
133.5
133.5
135.0
135.0
136.0
136.0
137.0
138.0
138.0
139.25
139.25
138.5
140.0
140.0
138.75
138.75
141.0
141.0
142.25
139.75
139.75
135.5
135.5
134.25
134.25
132.0
132.0
131.75
131.75
131.25
131.25
132.5
132.5
132.75
133.5
133.5
133.5
133.5
136.5
136.5
133.75
134.25
134.25
133.5
133.5
132.75
132.75
134.25
134.25
135.0
135.0
135.0
135.0
135.0
135.0
137.0
136.25
136.25
136.75
136.75
136.75
136.75
135.5
135.5
135.5
135.5
134.25
134.25
133.25
131.75
126.25
126.25
123.5
123.5
121.5
121.5
120.75
120.75
121.5
121.5
122.75
122.75
123.5
123.5
123.0
123.0
123.5
123.5
124.5
124.5
123.75
123.75
125.0
125.0
125.75
125.75
124.25
124.25
121.0
121.0
121.75
123.5
123.5
126.75
126.75
128.5
129.0
129.0
130.25
130.25
132.75
132.75
132.75
132.25
132.25
132.25
132.25
136.75
137.5
137.5
136.75
136.75
137.5
137.5
137.5
137.5
137.0
136.0
136.0
136.25
136.25
135.5
135.5
135.0
135.0
135.0
135.0
134.25
134.5
134.5
133.75
133.75
134.25
134.25
134.25
134.25
134.25
134.75
134.75
134.75
135.75
135.75
137.0
137.0
137.5
137.5
137.25
137.25
137.25
137.25
134.5
134.5
132.0
132.0
130.75
130.75
130.75
130.75
130.5
130.5
128.5
126.25
126.25
126.25
120.0
120.0
120.25
120.25
119.25
119.25
119.25
119.25
117.5
117.5
118.5
118.5
116.5
116.5
118.5
118.5
121.25
121.25
124.5
124.5
126.0
126.0
126.0
126.0
125.75
125.75
126.5
126.5
127.75
128.25
128.25
129.5
129.5
130.5
130.5
132.5
132.5
132.75
132.75
133.75
135.0
135.0
134.75
134.75
137.25
137.25
137.5
138.5
138.5
140.5
140.5
140.75
140.75
140.75
139.5
139.5
138.5
138.5
137.0
137.0
137.0
137.0
135.75
135.75
133.5
133.5
128.75
128.75
128.75
128.75
128.75
128.75
128.75
128.75
129.0
129.0
129.23333333333332
129.46666666666667
129.7
129.93333333333334
130.16666666666666
130.4
130.63333333333333
130.86666666666667
131.1
131.33333333333334
131.56666666666666
131.8
132.03333333333333
132.26666666666668
132.5
132.5
132.5
132.5
131.75
131.75
130.75
130.75
130.75
130.75
131.0
131.0
131.0
131.0
129.0
129.0
128.25
128.25
127.25
127.25
128.0
129.0
129.0
130.5
130.5
131.5
131.5
132.75
131.75
131.75
132.75
132.75
129.25
129.25
128.0
128.0
127.75
127.75
128.25
128.25
129.5
129.5
131.5
132.0
132.0
132.5
132.5
132.75
132.75
132.75
132.5
132.5
132.0
132.0
130.25
130.25
129.5
129.5
128.5
128.5
129.5
129.5
130.5
130.25
130.25
129.5
129.5
130.5
130.5
131.0
131.0
130.75
130.75
131.0
131.5
131.5
132.0
132.0
131.25
131.25
129.0
129.0
126.25
126.25
127.75
127.75
128.25
128.25
127.5
126.75
126.75
126.25
126.25
128.0
128.0
127.75
127.75
128.0
128.0
129.0
129.0
132.25
131.5
131.5
132.0
132.0
132.0
132.0
132.0
132.0
132.0
131.5
131.5
130.25
130.25
132.0
132.0
131.75
131.75
130.0
130.0
129.5
129.5
129.5
129.5
130.5
129.5
129.5
130.75
130.75
131.75
131.75
131.5
130.75
130.75
132.0
132.0
130.75
130.75
132.75
132.75
132.0
132.0
131.75
131.75
129.5
129.5
122.75
122.75
124.0
125.0
125.0
126.75
126.75
127.0
127.0
126.75
126.75
127.25
127.25
126.5
126.5
128.0
129.5
129.5
129.5
129.5
130.5
130.5
131.25
131.25
130.25
130.25
129.5
129.5
126.5
126.5
123.5
123.5
124.5
125.75
125.75
127.25
127.25
128.5
128.5
129.0
129.0
129.5
129.5
130.5
130.75
130.75
131.5
131.5
130.25
130.25
131.0
131.0
131.75
131.75
132.0
133.0
133.0
132.75
132.75
132.75
132.75
132.75
132.75
132.0
132.0
132.0
133.25
133.25
133.25
133.25
133.5
133.5
134.0
134.0
133.5
133.25
133.25
133.5
133.5
133.25
134.25
134.25
134.0
134.0
134.25
134.25
134.25
134.25
134.25
133.5
133.5
134.25
134.25
134.5
134.5
135.0
135.0
134.25
135.0
135.0
134.25
134.25
134.75
134.75
134.25
135.75
135.75
135.5
135.5
133.0
133.0
133.5
133.5
133.25
133.75
133.75
134.5
134.5
133.75
133.75
134.25
134.5
134.5
135.5
135.5
135.75
135.75
135.75
135.75
134.25
135.25
135.25
134.5
134.5
133.75
133.75
133.75
133.75
133.75
134.0
134.0
132.75
132.75
130.5
130.5
131.25
131.25
130.5
130.5
128.75
128.75
129.5
130.25
130.25
130.75
130.75
131.0
131.0
130.5
130.5
130.5
131.25
131.25
129.75
129.75
129.75
129.75
129.5
129.5
129.5
129.5
130.5
130.5
130.75
131.25
131.25
130.5
130.5
130.5
130.5
130.25
130.25
129.5
129.5
129.5
128.5
128.5
127.0
127.0
127.25
127.25
127.0
127.0
126.75
126.75
127.0
127.0
127.25
127.25
127.5
127.5
127.5
127.5
128.0
126.75
126.75
126.25
126.25
127.0
127.0
128.0
128.0
128.0
128.0
129.5
129.5
130.75
130.75
129.5
129.5
128.75
128.75
129.0
129.0
128.75
128.0
128.0
128.0
129.5
129.5
129.5
129.5
129.5
129.5
130.0
130.0
130.0
130.0
131.0
131.5
131.5
132.5
132.5
133.0
133.0
133.5
134.75
134.75
134.25
135.5
135.5
135.5
136.0
136.0
136.0
136.0
136.5
136.5
135.75
136.0
136.0
135.0
135.0
135.25
135.25
134.75
134.75
133.5
133.25
133.25
133.25
133.25
133.5
133.5
133.0
133.0
133.0
133.0
133.5
133.5
133.5
134.0
134.0
134.5
134.5
133.5
133.5
133.5
133.0
133.0
133.5
133.5
134.0
133.75
133.75
134.5
134.5
134.75
134.75
135.75
135.75
135.75
135.75
135.75
135.75
135.75
135.0
135.0
135.0
135.25
135.25
135.25
135.25
135.0
135.0
135.75
135.75
135.5
135.5
135.5
135.5
135.5
135.5
135.5
135.0
135.0
135.0
134.75
134.75
134.5
134.5
135.25
134.75
134.75
134.25
134.25
134.75
134.75
135.0
135.0
135.0
135.75
135.75
134.25
134.25
134.5
134.5
132.5
132.5
131.75
131.5
131.5
133.5
133.5
134.0
134.0
134.25
134.25
130.25
130.25
127.5
127.5
127.5
127.5
127.5
127.25
127.25
127.25
127.25
133.5
133.5
134.5
133.25
133.25
133.5
133.5
132.25
132.75
132.75
132.75
133.0
133.0
133.0
132.75
132.75
132.25
132.25
132.25
132.25
132.75
132.5
132.5
131.5
131.5
131.25
131.25
131.25
131.25
131.25
130.75
130.75
131.25
131.25
131.0
131.75
131.75
131.0
131.0
130.25
130.25
129.5
129.5
128.75
128.75
128.75
129.0
129.0
128.25
128.25
127.75
127.75
128.25
128.25
128.75
128.75
129.25
129.25
129.25
129.25
129.5
130.0
130.0
130.25
130.25
130.25
130.25
130.25
130.25
130.75
131.25
131.25
130.25
130.25
129.75
129.75
130.0
130.0
130.5
130.5
130.25
130.25
130.75
130.75
130.75
130.25
130.25
129.5
129.5
129.5
129.5
129.5
129.5
129.5
130.75
130.75
130.5
130.5
129.5
129.5
130.25
130.25
130.0
130.0
130.25
130.25
131.5
132.25
132.25
133.25
133.25
132.25
132.25
130.75
129.75
129.75
130.25
130.25
131.25
131.25
131.25
131.75
131.5
131.5
130.5
130.5
130.25
130.25
130.25
130.75
130.75
131.0
131.0
131.5
131.5
131.5
131.5
131.25
131.0
131.0
131.25
131.25
131.25
130.75
130.75
130.75
130.0
130.0
130.25
130.25
130.0
130.0
130.75
130.25
130.25
129.5
129.5
129.5
129.5
130.0
130.0
130.5
131.0
131.0
131.0
129.0
129.0
128.0
128.0
128.5
128.5
128.5
128.0
128.0
128.5
128.5
128.5
128.5
128.25
128.25
129.0
129.0
129.5
129.5
129.0
129.0
129.0
128.75
128.75
129.0
129.0
129.0
127.5
127.5
126.0
126.0
126.25
126.25
126.25
126.0
126.0
125.75
125.75
126.0
126.0
125.75
125.75
123.5
122.75
122.75
123.5
123.5
124.5
124.5
125.25
125.25
123.5
123.5
121.0
121.0
120.75
121.5
121.5
120.25
120.25
120.25
117.25
117.25
119.5
121.0
121.0
120.5
120.5
118.75
118.75
118.75
118.75
120.0
120.0
120.0
120.0
120.0
118.0
118.0
110.0
110.0
110.0
110.0
114.75
114.75
113.25
113.25
112.75
112.75
115.0
115.0
119.75
119.75
119.25
119.25
118.75
118.75
120.75
120.75
121.0
121.0
119.25
119.25
113.5
113.5
113.0
113.0
114.75
114.75
118.0
118.0
118.0
118.75
118.75
114.0
114.0
114.75
114.75
121.0
121.0
120.25
120.25
119.5
119.5
119.75
119.75
119.0
119.0
119.75
119.75
120.25
120.25
120.25
120.25
122.0
122.0
123.0
123.0
123.25
123.25
123.25
115.0
118.75
118.75
120.75
120.75
119.0
119.0
118.0
118.0
119.5
119.5
119.25
119.25
119.25
119.25
119.5
119.5
119.25
119.5
119.57142857142857
119.64285714285714
119.71428571428571
119.78571428571429
119.85714285714286
119.92857142857143
120.0
120.0
120.0
120.0
121.25
121.25
120.75
120.75
119.5
119.5
119.5
119.5
119.25
119.25
119.5
119.5
119.5
119.25
119.25
119.5
119.5
119.5
110.0
110.0
110.0
110.0
110.0
110.0
110.0
110.0
109.75
109.75
109.75
109.75
109.75
119.25
119.25
119.25
119.25
119.25
119.25
119.5
119.25
119.5
119.25
119.3125
119.375
119.4375
119.5
119.5625
119.625
119.6875
119.75
119.8125
119.875
119.9375
120.0
120.0625
120.125
120.1875
120.25
120.3125
120.375
120.4375
120.5
120.5
120.0
120.0
120.0
116.5
116.5
116.75
116.75
117.0
117.0
116.75
116.75
116.75
116.75
116.75
116.75
111.0
111.0
111.0
111.0
111.0
110.75
110.75
110.75
110.75
110.75
110.75
110.75
111.0
111.5
112.0
112.5
113.0
113.5
114.0
114.0
114.0
109.25
109.25
109.25
112.25
112.25
109.0
109.0
110.0
110.0
111.25
111.25
109.0
109.0
108.5
108.5
110.25
110.25
108.25
108.25
114.25
114.25
115.75
115.75
114.5
114.5
114.75
114.75
114.0
114.0
116.5
116.5
116.5
116.5
116.5
116.5
116.5
116.5
116.5
116.25
116.25
116.25
116.5
116.5
110.95833333333333
105.41666666666667
99.875
94.33333333333333
88.79166666666667
83.25
83.25
84.5
84.5
84.5
91.5
91.5
91.5
90.5
90.5
90.5
90.5
90.5
90.25
90.25
90.25
90.25
90.25
96.25
96.25
96.25
96.25
95.5
95.5
95.5
94.0
94.0
82.5
82.5
80.25
80.25
80.25
81.25
81.25
77.5
77.5
77.5
77.0
77.0
73.5
73.5
73.5
73.5
73.5
73.5
73.5
73.5
73.5
73.25
73.25
73.25
73.25
73.25
73.25
73.25
73.25
73.25
73.25
73.75
73.75
73.75
73.75
73.75
73.75
72.5
72.5
73.0
73.0
73.0
73.0
73.0
73.0
73.0
73.0
81.25
81.25
81.0
81.0
78.75
78.75
78.75
77.5
77.5
77.5
78.5
78.5
78.5
78.5
78.5
78.25
78.25
78.25
78.5
78.5
78.25
78.25
78.25
81.25
81.25
81.75
81.75
81.75
79.75
79.75
77.5
77.5
77.25
77.25
77.25
77.0
77.0
77.0
77.0
77.5
77.5
77.0
77.0
78.0
78.0
78.0
77.75
77.75
77.75
77.75
77.75
77.75
77.25
77.25
77.25
76.25
76.25
76.25
75.5
75.5
75.5
75.5
75.0
75.0
75.0
75.0
88.25
88.25
87.25
87.25
87.25
87.25
87.25
87.25
87.25
87.25
87.25
87.5
87.5
87.25
87.25
87.25
87.25
87.25
87.25
86.84166666666667
86.43333333333334
86.025
85.61666666666666
85.20833333333333
84.8
84.39166666666667
83.98333333333333
83.575
83.16666666666667
82.75833333333334
82.35
81.94166666666666
81.53333333333333
81.125
80.71666666666667
80.30833333333334
79.9
79.49166666666666
79.08333333333333
78.675
78.26666666666667
77.85833333333333
77.45
77.04166666666667
76.63333333333334
76.225
75.81666666666666
75.40833333333333
75.0
75.0
75.5
75.5
75.5
75.5
75.5
75.5
75.5
75.5
75.25
75.25
75.25
75.25
82.85
90.45
98.05
105.65
113.25
120.85
128.45
136.05
143.65
151.25
151.25
151.5
151.5
151.25
151.25
151.25
151.25
151.25
151.25
151.25
151.25
151.25
151.25
148.625
146.0
143.375
140.75
138.125
135.5
132.875
130.25
127.625
125.0
122.375
119.75
117.125
114.5
111.875
109.25
106.625
104.0
101.375
98.75
96.125
93.5
90.875
88.25
85.625
83.0
80.375
77.75
75.125
72.5
72.5
71.75
71.75
71.75
70.5
70.5
70.5
70.75
70.75
70.75
64.5
64.5
64.5
64.5
64.5
64.5
64.5
64.5
64.25
64.25
64.5
64.5
64.51086956521739
64.52173913043478
64.53260869565217
64.54347826086956
64.55434782608695
64.56521739130434
64.57608695652173
64.58695652173913
64.59782608695652
64.6086956521739
64.6195652173913
64.6304347826087
64.6413043478261
64.65217391304348
64.66304347826087
64.67391304347827
64.68478260869566
64.69565217391305
64.70652173913044
64.71739130434783
64.72826086956522
64.73913043478261
64.75
64.75
64.75
64.75
64.25
64.25
64.25
64.25
64.75
64.75
64.75
64.25
64.25
64.25
63.75
63.75
63.75
64.0
64.0
64.0
64.0
64.0
64.0
64.0
64.0
64.0
