180.75
180.75
180.75
180.75
180.75
180.75
180.75
180.75
180.75
181.0
181.0
174.04166666666666
167.08333333333334
160.125
153.16666666666666
146.20833333333334
139.25
132.29166666666666
125.33333333333334
118.375
111.41666666666667
104.45833333333334
97.5
97.5
97.75
97.75
97.75
98.25
98.25
95.5
95.5
94.5
94.5
93.5
93.5
93.5
88.75
88.75
88.75
88.75
88.75
87.5
87.5
87.25
87.25
87.25
87.25
87.5
87.5
87.5
87.5
87.25
87.25
87.6
87.95
88.3
88.65
89.0
89.35
89.7
90.05
90.4
90.75
90.75
94.0
94.0
94.0
91.75
91.75
94.5
92.5
92.5
92.5
92.75
92.75
93.75
93.75
94.0
94.0
94.0
94.0
94.0
94.0
94.0
96.5
96.5
95.25
95.25
94.5
94.5
94.5
91.25
91.25
91.25
94.5
94.5
90.75
90.75
90.5
90.5
91.0
91.0
93.5
93.5
94.25
94.25
94.25
96.25
96.25
97.25
97.25
98.0
98.0
99.0
99.0
100.0
100.0
100.0
101.5
101.5
103.0
103.0
103.5
103.5
103.5
107.25
107.25
107.25
107.25
107.25
120.0
120.0
120.0
120.0
120.0
120.0
120.0
120.0
120.0
120.0
120.0
120.0
122.65
125.3
127.95
130.6
133.25
133.25
133.0
133.5
133.5
133.5
133.5
133.0
133.0
132.75
132.75
132.75
132.75
132.5
132.5
132.5
132.5
134.5
133.75
133.75
132.0
132.0
132.75
132.75
134.0
134.0
135.0
133.5
133.5
133.5
133.5
133.0
133.0
131.25
131.25
130.25
128.5
128.5
128.5
128.5
128.0
128.0
127.75
127.75
126.5
126.5
126.75
126.75
127.5
127.5
127.25
127.25
126.5
126.5
126.25
126.75
126.75
127.25
127.25
127.75
127.75
126.75
126.75
125.75
125.75
127.25
127.25
127.25
126.75
126.75
126.75
129.0
129.0
132.5
132.5
135.0
135.0
135.75
138.25
138.25
138.25
138.25
138.25
138.25
138.25
138.5
138.5
138.5
138.5
138.5
138.5
138.5
138.5
138.5
138.77083333333334
139.04166666666666
139.3125
139.58333333333334
139.85416666666666
140.125
140.39583333333334
140.66666666666666
140.9375
141.20833333333334
141.47916666666666
141.75
141.75
141.5
141.5
141.5
140.75
141.25
141.25
141.25
142.0
142.0
142.5
141.75
141.75
140.25
140.25
140.25
140.25
140.25
140.25
140.25
140.25
140.25
143.5
141.0
141.0
137.5
137.5
135.75
135.75
134.25
134.25
133.25
132.75
132.75
131.5
131.5
132.5
132.5
132.0
132.0
132.25
132.25
136.0
136.0
137.25
138.0
138.0
137.75
137.75
137.75
136.5
136.5
136.25
136.25
135.25
135.25
134.75
134.75
135.25
135.75
135.75
137.75
137.75
139.0
139.0
139.0
138.5
138.5
138.0
138.0
138.5
138.5
138.5
138.5
138.5
138.5
138.5
138.25
138.25
137.0
136.0
136.0
134.25
134.25
133.5
133.5
132.75
132.75
132.75
129.75
129.75
130.25
130.25
129.25
129.25
129.75
129.75
131.0
134.25
134.25
138.25
138.25
138.5
138.5
139.0
139.0
138.0
136.5
136.5
137.25
138.25
138.25
136.75
136.75
136.75
137.25
137.25
137.0
137.0
136.5
136.75
136.75
136.0
136.0
135.75
135.75
136.0
135.75
135.75
135.75
135.25
135.0
135.0
134.25
134.25
132.75
132.75
133.5
133.5
133.0
132.25
132.25
132.0
132.0
131.25
131.25
130.75
130.75
130.75
130.75
131.5
132.0
132.0
132.5
132.5
133.5
133.5
134.25
134.25
135.0
135.75
135.75
135.5
135.5
135.0
135.0
135.0
134.25
134.25
132.75
132.75
130.25
130.25
128.5
128.5
127.25
126.25
126.25
127.25
127.25
128.25
128.25
129.0
129.0
131.0
131.0
132.75
132.75
133.75
133.75
134.25
136.0
136.0
137.25
137.25
137.5
137.5
138.25
138.75
138.75
139.25
139.25
140.0
139.75
139.75
138.25
138.25
137.25
137.25
137.25
136.5
136.5
135.75
135.75
135.0
134.25
134.25
133.75
133.75
133.5
133.5
133.0
133.0
132.75
132.75
133.5
133.5
132.0
132.0
131.5
131.5
132.0
132.75
132.75
134.25
134.25
134.25
134.25
132.5
132.5
132.5
132.5
131.5
131.75
131.75
131.5
131.5
132.5
132.5
132.25
132.25
132.25
132.25
132.25
132.75
132.75
133.75
133.75
134.5
134.5
134.25
133.75
133.75
133.5
133.5
133.25
133.25
132.75
132.75
133.75
133.5
133.5
133.5
133.5
133.25
133.25
132.75
132.75
132.75
133.0
133.0
133.5
133.5
133.25
133.25
134.25
134.25
132.75
133.5
133.5
134.75
134.75
134.75
134.75
135.75
135.75
135.75
135.75
135.75
136.75
137.5
137.5
137.5
138.0
138.0
137.75
137.75
139.5
139.5
139.5
139.25
139.25
139.5
139.5
139.25
139.25
136.75
135.5
135.5
135.5
137.75
134.5
134.5
134.5
134.5
135.75
135.75
135.0
135.75
135.75
136.75
136.75
136.75
136.75
136.25
135.75
135.75
135.75
135.75
136.25
136.25
136.75
136.75
136.75
136.75
136.0
136.5
136.5
136.5
136.5
135.0
135.0
136.25
136.25
136.25
136.25
136.25
136.5
136.5
137.25
139.5
139.5
139.25
139.25
138.5
139.5
139.5
139.0
139.0
140.75
140.75
138.75
138.75
138.75
138.75
139.5
139.5
137.25
136.75
136.75
136.75
135.5
135.5
135.75
135.25
135.25
135.0
135.0
135.75
135.75
135.75
135.75
135.75
135.75
135.75
135.25
135.25
135.25
135.25
136.25
136.5
136.5
135.75
135.75
136.25
136.25
135.5
135.75
135.75
136.75
136.75
137.0
137.0
136.75
137.75
137.75
137.25
137.25
136.75
136.75
137.5
136.75
136.75
137.25
137.25
136.5
136.5
135.0
136.0
136.0
135.75
135.75
136.75
135.5
135.5
135.5
135.5
135.5
135.0
134.5
134.5
134.5
134.5
134.5
134.5
134.25
134.25
134.25
134.75
134.75
135.0
135.0
135.0
135.0
135.0
135.25
135.25
135.0
135.0
135.0
134.25
134.25
134.75
134.75
134.25
134.25
133.5
134.25
134.25
134.0
134.0
134.25
134.25
134.5
134.5
135.0
135.5
135.5
135.75
135.75
136.5
136.5
136.25
134.75
134.75
134.75
135.5
134.75
134.75
134.75
134.75
135.25
135.25
134.5
134.5
134.25
134.75
134.75
134.25
134.25
134.25
134.25
134.25
133.75
133.75
134.5
134.5
135.0
135.0
135.5
135.5
135.0
135.0
135.0
135.5
135.5
133.25
133.25
133.5
133.0
133.0
133.5
133.5
133.75
134.25
134.25
133.75
133.75
133.0
133.0
134.75
134.75
134.5
134.25
134.25
133.75
133.75
133.0
133.0
132.75
132.75
132.5
132.5
132.75
132.75
135.25
135.0
135.0
135.0
134.5
134.5
136.0
137.0
137.0
134.25
134.25
135.0
134.5
134.5
134.25
134.25
134.5
134.5
133.5
133.5
133.5
133.25
133.25
131.75
131.75
131.5
131.5
132.0
132.0
132.5
132.0
132.0
132.0
132.0
132.75
132.75
132.75
133.75
133.75
132.5
132.5
134.0
134.0
134.0
134.0
133.5
133.5
133.5
133.5
133.5
133.5
133.5
133.5
133.5
133.5
133.5
133.25
133.25
133.25
133.25
133.25
133.25
133.25
139.75
139.75
143.5
143.5
143.5
143.5
143.5
143.25
143.25
143.25
140.75
140.75
140.75
143.0
143.0
143.0
151.25
149.5
149.5
154.0
166.0
166.0
160.0
153.75
153.75
153.75
149.25
144.5
144.5
141.75
141.75
135.0
135.0
133.75
133.75
143.25
143.25
143.25
143.25
143.5
143.25
143.25
143.25
143.25
143.25
133.16666666666666
123.08333333333333
113.0
102.91666666666666
92.83333333333333
82.75
82.75
83.75
83.75
83.75
83.75
83.75
83.75
84.0
84.0
84.0
84.0
84.0
84.0
91.79166666666667
99.58333333333333
107.375
115.16666666666667
122.95833333333333
130.75
130.75
131.25
131.25
132.0
132.0
132.25
132.25
133.25
133.25
134.25
135.0
135.0
135.75
135.75
135.25
135.5
135.5
135.5
135.5
135.5
135.5
135.5
135.5
135.25
135.5
135.5
135.51785714285714
135.53571428571428
135.55357142857142
135.57142857142858
135.58928571428572
135.60714285714286
135.625
135.64285714285714
135.66071428571428
135.67857142857142
135.69642857142858
135.71428571428572
135.73214285714286
135.75
135.75
134.0
134.0
133.75
135.75
135.75
135.75
135.75
135.25
135.25
135.0
135.0
135.0
134.25
134.25
134.75
134.75
133.75
133.75
133.75
135.0
135.0
134.75
134.75
135.0
135.0
135.75
135.75
135.75
135.75
135.75
136.0
136.0
135.75
135.75
136.0
136.0
130.875
125.75
120.625
115.5
110.375
105.25
100.125
95.0
95.0
93.5
93.5
91.25
91.25
90.0
90.0
90.0
88.75
88.75
89.0
89.0
89.0
88.75
88.75
88.75
88.75
88.75
89.0
89.0
89.0
89.0
89.0
97.65
106.3
114.95
123.6
132.25
132.25
132.5
132.5
132.75
134.0
134.0
132.5
132.5
131.5
131.5
132.0
132.0
132.0
131.5
132.0
132.0
132.25
132.25
132.25
132.25
133.5
133.5
133.5
133.5
133.5
133.5
133.25
133.25
133.25
133.25
133.25
124.2
115.15
106.1
97.05
88.0
88.0
88.0
88.0
89.25
89.25
88.0
88.0
88.5
88.5
88.75
88.75
88.75
87.75
87.75
89.75
89.75
89.75
90.5
90.5
89.0
89.0
89.0
92.75
92.75
94.75
94.75
94.75
94.75
94.75
94.75
94.75
94.75
94.75
95.0
94.8425925925926
94.68518518518519
94.52777777777777
94.37037037037037
94.21296296296296
94.05555555555556
93.89814814814815
93.74074074074075
93.58333333333333
93.42592592592592
93.26851851851852
93.11111111111111
92.95370370370371
92.79629629629629
92.63888888888889
92.48148148148148
92.32407407407408
92.16666666666667
92.00925925925925
91.85185185185185
91.69444444444444
91.53703703703704
91.37962962962963
91.22222222222223
91.06481481481481
90.9074074074074
90.75
90.75
91.5
91.5
95.0
95.0
94.75
94.75
94.75
94.75
94.75
94.75
94.75
94.75
94.75
94.75
95.0
95.0
95.0
94.65
94.3
93.95
93.6
93.25
92.9
92.55
92.2
91.85
91.5
91.15
90.8
90.45
90.1
89.75
89.75
89.75
92.25
92.25
92.25
92.25
92.25
92.25
92.5
92.5
92.5
92.5
92.5
92.5
92.5
92.25
100.9
109.55
118.2
126.85
135.5
135.5
136.0
136.0
136.75
136.75
136.5
136.0
136.0
136.0
136.0
135.25
135.25
135.75
136.75
136.75
136.25
136.25
136.75
136.75
137.5
137.5
136.75
136.75
136.75
135.25
135.25
136.0
136.0
135.0
133.5
133.5
132.5
132.5
132.0
130.5
130.5
130.0
130.0
130.5
130.5
130.25
130.25
129.0
129.0
128.5
128.5
128.5
128.25
128.5
128.5
128.5
128.5
128.5
128.25
128.26666666666668
128.28333333333333
128.3
128.31666666666666
128.33333333333334
128.35
128.36666666666667
128.38333333333333
128.4
128.41666666666666
128.43333333333334
128.45
128.46666666666667
128.48333333333332
128.5
128.5
128.5
128.5
127.75
127.75
127.75
127.25
127.25
127.75
127.75
129.75
129.75
130.75
130.75
131.75
131.75
132.0
131.5
131.5
131.0
131.0
128.5
128.5
127.0
127.0
124.75
124.75
118.0
118.0
111.25
111.25
107.5
107.5
105.25
105.25
105.25
105.25
105.25
105.5
105.5
107.25
107.25
106.75
106.75
105.25
105.25
104.0
104.0
104.0
98.0
98.0
95.0
95.0
94.25
94.25
94.25
95.0
95.0
95.0
96.5
96.5
98.0
98.0
98.0
99.0
99.0
99.0
98.75
98.75
98.75
99.0
99.0
99.0
99.0
99.0
98.75
110.84375
122.9375
135.03125
147.125
159.21875
171.3125
183.40625
195.5
197.0
197.0
197.0
197.0
196.75
197.0
197.0
197.0
196.75
196.75
196.75
189.79166666666666
182.83333333333334
175.875
168.91666666666666
161.95833333333334
155.0
148.04166666666666
141.08333333333334
134.125
127.16666666666667
120.20833333333334
113.25
113.25
113.5
113.5
113.25
113.5
113.5
113.25
113.25
113.25
113.5
115.21428571428571
116.92857142857143
118.64285714285714
120.35714285714286
122.07142857142857
123.78571428571429
125.5
125.5
125.25
125.25
125.25
125.25
125.25
125.25
125.5
125.5
125.25
125.25
125.55555555555556
125.86111111111111
126.16666666666667
126.47222222222223
126.77777777777777
127.08333333333333
127.38888888888889
127.69444444444444
128.0
128.0
128.0
130.0
130.75
130.75
131.5
131.5
132.0
132.5
132.5
133.0
133.0
133.5
133.5
135.75
135.75
134.75
135.0
135.0
135.0
135.0
137.5
137.5
135.25
134.0
134.0
135.25
135.25
136.75
136.75
136.75
134.25
134.25
135.0
135.5
135.5
134.0
134.0
133.5
133.5
132.25
132.25
133.5
133.5
132.0
132.0
132.75
132.5
132.5
133.5
133.5
133.75
133.25
133.25
133.25
132.5
132.75
132.75
133.25
133.25
131.25
131.25
132.0
132.0
131.75
131.75
132.0
132.0
132.0
132.0
132.5
132.5
131.5
132.75
132.75
132.0
132.0
130.0
130.0
130.5
130.5
129.75
131.5
131.5
131.5
131.5
133.0
133.75
133.75
135.0
135.0
135.5
135.5
135.5
134.0
134.0
134.25
134.25
133.75
134.0
134.0
134.0
133.5
134.5
134.5
134.0
134.0
134.75
134.75
135.25
135.5
135.5
135.75
135.75
136.0
136.0
137.0
137.0
136.75
136.75
136.75
136.75
136.75
137.0
137.0
136.75
136.75
136.75
136.75
137.0
137.25
137.5
137.75
138.0
138.25
138.5
137.5
137.5
136.75
136.75
136.75
136.0
136.0
135.0
135.0
133.75
133.75
134.25
134.25
134.25
134.25
134.25
134.25
134.25
133.75
133.75
133.75
133.75
134.25
134.25
135.0
135.0
134.5
134.0
134.0
134.25
134.25
132.75
132.75
132.25
132.25
131.5
132.0
132.0
131.5
131.5
131.5
132.5
132.75
132.75
134.25
134.25
135.75
135.75
136.25
136.25
135.0
135.0
135.5
136.75
136.75
137.5
137.5
136.5
137.5
137.5
136.75
136.75
136.75
137.75
137.75
138.0
138.0
137.75
137.0
137.0
137.0
137.0
137.0
137.0
137.0
136.75
136.75
137.0
140.0
140.0
140.75
140.75
140.0
140.0
138.5
138.5
138.0
137.5
137.5
135.25
135.25
136.75
136.75
136.75
136.25
136.25
135.0
135.0
134.75
134.75
135.0
135.0
134.25
134.25
133.25
132.0
132.0
131.5
131.5
130.25
131.0
131.0
131.5
131.5
131.75
131.75
132.0
132.0
132.0
132.0
132.0
132.0
132.0
133.25
134.25
134.25
134.5
134.5
134.5
134.5
134.5
134.5
134.5
135.25
135.25
133.75
134.5
134.5
135.0
135.0
134.75
134.75
134.75
134.25
134.25
134.5
134.5
134.25
134.75
134.75
134.75
134.75
134.75
134.75
135.0
135.0
135.0
135.0
135.0
135.0
134.75
126.54166666666667
118.33333333333333
110.125
101.91666666666666
93.70833333333333
85.5
85.5
85.5
85.5
89.5
89.5
88.5
88.5
88.5
89.0
89.0
89.0
87.75
87.75
87.75
89.5
89.5
88.75
88.75
90.5
90.5
90.5
90.5
90.5
90.5
90.0
90.0
88.5
88.5
88.5
88.0
88.0
87.5
87.5
87.5
86.25
86.25
87.75
87.75
87.75
88.0
88.0
88.0
88.0
87.75
87.75
87.75
87.75
87.75
95.58333333333333
103.41666666666667
111.25
119.08333333333333
126.91666666666667
134.75
134.75
135.0
134.5
134.5
134.5
136.0
134.75
134.75
134.75
135.0
135.0
135.0
135.0
135.0
135.0
135.0
135.0
135.0
130.19444444444446
125.38888888888889
120.58333333333333
115.77777777777777
110.97222222222223
106.16666666666667
101.36111111111111
96.55555555555556
91.75
91.75
91.75
92.25
92.25
92.0
92.0
88.5
88.5
88.5
86.75
86.75
90.0
90.0
90.0
87.5
87.5
87.5
89.5
89.5
89.5
89.5
89.5
89.25
89.25
89.25
89.25
89.25
89.25
89.5
82.5
75.5
68.5
61.5
54.5
54.5
54.5
54.5
54.25
54.25
54.25
54.25
54.25
54.25
54.25
54.25
54.25
59.07142857142857
63.89285714285714
68.71428571428571
73.53571428571428
78.35714285714286
83.17857142857143
88.0
88.0
88.25
88.25
89.0
89.0
89.0
89.0
88.0
88.0
88.0
88.0
97.5
97.5
97.5
97.5
97.0
97.0
97.0
87.75
87.75
87.75
89.75
89.75
92.75
92.75
92.75
93.0
93.0
93.0
93.0
93.0
93.0
93.0
93.0
93.0
96.09615384615384
99.1923076923077
102.28846153846153
105.38461538461539
108.48076923076923
111.57692307692308
114.67307692307692
117.76923076923077
120.86538461538461
123.96153846153847
127.0576923076923
130.15384615384616
133.25
133.25
133.5
133.5
132.75
132.75
132.75
132.5
132.5
132.75
132.75
132.75
132.75
130.75
130.75
132.0
131.75
131.75
132.75
132.75
133.0
133.0
133.75
134.25
134.25
134.25
134.25
134.25
134.25
134.25
135.75
135.75
135.75
136.0
136.0
135.75
135.75
136.0
135.75
135.75
136.25
136.25
137.5
137.5
136.5
135.75
135.75
136.5
136.5
135.0
135.0
133.5
133.5
133.5
133.5
133.5
133.5
133.5
134.0
134.0
133.5
134.0
134.0
134.0
134.25
131.75
131.75
132.25
132.25
131.75
134.0
134.0
133.75
133.75
133.75
133.75
134.0
134.0
134.5
133.0
133.0
132.75
132.75
133.25
133.25
134.0
134.0
134.0
134.0
134.25
134.25
135.25
135.25
135.75
135.75
136.5
136.5
136.5
136.0
136.0
135.75
135.75
136.25
136.25
136.0
136.75
136.75
137.0
137.0
136.75
136.75
136.75
137.25
137.25
137.0
137.0
135.75
135.75
135.0
135.0
135.75
135.75
135.75
135.0
135.0
135.0
134.75
134.75
134.25
134.25
133.75
133.75
133.0
133.0
133.25
133.25
133.5
133.5
133.5
132.75
132.75
133.0
133.0
133.0
133.0
133.5
133.5
134.0
133.5
133.5
133.0
133.0
132.0
132.0
131.5
131.5
135.25
134.5
134.5
134.75
134.75
133.5
133.5
134.5
134.0
134.0
133.75
133.75
132.75
132.75
133.25
133.25
134.25
133.0
133.0
134.0
134.0
134.25
134.25
134.25
133.5
133.5
134.25
134.25
134.0
134.0
134.75
135.0
135.0
134.75
134.75
134.75
135.0
135.0
134.75
134.75
134.75
134.75
129.97222222222223
125.19444444444444
120.41666666666667
115.63888888888889
110.86111111111111
106.08333333333333
101.30555555555556
96.52777777777777
91.75
91.75
91.75
91.75
91.75
91.75
91.75
91.75
91.75
91.75
91.75
92.0
92.0
92.1029411764706
92.20588235294117
92.30882352941177
92.41176470588235
92.51470588235294
92.61764705882354
92.72058823529412
92.82352941176471
92.92647058823529
93.02941176470588
93.13235294117646
93.23529411764706
93.33823529411765
93.44117647058823
93.54411764705883
93.6470588235294
93.75
93.75
93.75
91.75
91.75
92.0
92.0
92.0
92.0
92.0
92.0
91.75
91.75
92.0
92.0
92.0
91.75
91.95
92.15
92.35
92.55
92.75
92.75
93.0
93.0
93.0
93.0
92.25
92.25
92.25
92.25
90.75
90.75
90.75
90.75
90.75
90.75
90.75
90.75
90.75
90.75
90.75
90.75
90.25
89.75
89.25
88.75
88.25
88.25
85.25
85.25
85.25
85.25
85.5
85.5
85.25
85.25
85.5
85.5
85.5
85.5
86.77083333333333
88.04166666666667
89.3125
90.58333333333333
91.85416666666667
93.125
94.39583333333333
95.66666666666667
96.9375
98.20833333333333
99.47916666666667
100.75
100.75
100.25
100.25
100.25
98.75
98.75
99.25
99.25
99.25
98.25
98.25
98.25
98.75
98.75
98.25
98.25
98.75
98.75
98.0
98.0
98.0
97.25
97.25
99.75
99.75
99.75
102.25
102.25
103.0
103.0
100.75
100.75
100.75
91.25
91.25
92.5
92.5
92.25
92.25
92.25
92.25
92.5
92.5
92.5
92.5
92.5
92.5
92.4375
92.375
92.3125
92.25
92.1875
92.125
92.0625
92.0
92.0
92.0
92.0
91.75
91.75
91.75
91.75
91.75
91.75
92.0
92.0
92.0
92.0
92.0
92.0
92.0
92.0
92.0
92.0
92.0
92.0
92.0
92.0
92.0
92.0
92.0
92.0
92.0
92.0
92.0
92.0
92.0
92.0
92.0
92.0
92.0
92.0
92.0
92.0
92.0
92.0
92.0
92.0
91.75
91.75
143.0
143.0
145.75
145.75
145.75
145.75
145.75
145.75
145.75
146.0
146.0
146.0
146.0
146.0
146.0
146.0
146.0
146.0
147.39
148.78
150.17
151.56
152.95
154.34
155.73
157.12
158.51
159.9
161.29
162.68
164.07
165.46
166.85
168.24
169.63
171.02
172.41
173.8
175.19
176.57999999999998
177.97
179.35999999999999
180.75
167.0
167.0
167.0
167.0
167.0
166.75
166.75
166.75
167.0
167.0
167.0
167.0
163.75925925925927
160.5185185185185
157.27777777777777
154.03703703703704
150.7962962962963
147.55555555555554
144.3148148148148
141.07407407407408
137.83333333333334
134.59259259259258
131.35185185185185
128.11111111111111
124.87037037037037
121.62962962962963
118.38888888888889
115.14814814814815
111.9074074074074
108.66666666666666
105.42592592592592
102.18518518518518
98.94444444444444
95.7037037037037
92.46296296296296
89.22222222222221
85.98148148148148
82.74074074074073
79.5
79.5
79.5
80.5
80.5
80.5
80.5
80.5
80.25
80.25
80.25
80.5
80.5
80.5
80.5
80.5
78.83333333333333
77.16666666666667
75.5
73.83333333333333
72.16666666666667
70.5
68.83333333333333
67.16666666666667
65.5
65.5
65.5
68.0
68.0
68.0
68.5
68.5
68.5
68.5
67.0
67.0
67.0
67.0
66.5
66.5
66.5
69.25
69.25
69.25
70.5
70.5
70.5
71.0
71.0
71.0
71.0
71.0
71.0
70.75
70.75
71.0
71.0
71.0
70.75
74.96875
79.1875
83.40625
87.625
91.84375
96.0625
100.28125
104.5
105.75
105.75
109.75
109.75
115.75
115.75
119.5
119.5
118.75
118.75
128.75
131.5
131.5
142.0
142.0
143.25
141.5
141.5
140.25
140.25
143.25
146.0
146.0
146.25
146.25
145.5
145.0
145.0
145.0
145.0
147.0
147.0
147.0
146.75
146.75
145.0
142.75
142.75
144.25
144.25
146.75
147.0
147.0
147.0
147.0
147.0
147.0
147.0
147.0
147.0
145.5
145.5
142.25
142.25
141.0
141.0
137.5
137.5
133.0
133.0
129.5
129.5
129.0
129.0
128.0
128.0
126.75
126.75
126.0
126.0
129.25
131.0
131.0
133.75
133.75
137.25
140.75
140.75
143.0
143.0
144.0
145.0
145.0
144.75
144.75
145.0
144.0
144.0
142.75
142.75
141.25
140.75
140.75
140.75
140.75
139.75
139.75
138.0
138.25
138.25
137.5
137.5
138.0
138.0
136.0
136.5
136.5
136.5
136.5
134.0
134.0
135.0
135.0
136.75
136.75
136.75
135.5
135.5
137.5
140.25
140.25
140.75
140.75
140.25
140.25
140.0
141.75
141.75
142.5
142.5
141.25
142.25
142.25
142.0
142.0
142.5
140.75
140.75
140.0
140.0
140.0
140.0
139.75
140.75
140.75
140.75
140.75
141.0
141.0
141.0
139.75
139.75
139.5
139.5
139.5
140.0
140.0
141.0
141.0
142.0
142.0
142.0
142.25
140.5
140.5
142.0
142.0
140.0
140.0
140.75
140.25
140.25
137.75
137.75
136.75
136.75
136.75
136.5
136.5
136.5
136.5
138.75
138.75
137.5
137.5
136.25
139.0
139.0
139.0
139.0
139.0
138.0
138.0
137.5
137.5
136.25
136.25
135.5
136.0
136.0
136.25
136.25
136.75
136.75
139.5
139.0
139.0
139.5
139.5
137.5
137.5
138.25
138.0
138.0
138.0
138.0
137.75
137.25
137.25
135.75
135.75
134.5
134.5
132.5
132.5
132.25
132.25
132.75
133.5
133.5
133.25
133.25
133.25
133.25
133.5
133.5
132.0
133.25
133.25
133.25
133.25
134.25
134.25
135.5
137.75
137.75
138.25
138.25
140.25
138.5
138.5
137.75
137.75
137.5
137.5
137.5
137.5
137.5
137.25
137.25
137.5
138.25
138.25
137.75
137.75
139.0
139.0
137.5
137.5
139.0
139.0
138.25
137.75
137.75
138.0
138.0
137.25
137.25
137.25
137.25
137.25
137.0
137.0
137.0
138.0
138.0
137.75
137.75
137.0
137.0
137.25
137.25
137.25
136.75
136.75
136.75
136.75
136.25
136.25
135.0
131.25
131.25
130.25
130.25
129.5
129.5
132.75
132.75
135.0
135.75
135.75
136.25
136.25
136.5
136.5
137.25
137.5
137.5
136.25
136.25
136.75
136.75
137.5
137.0
137.0
137.5
137.5
136.75
136.75
136.75
137.0
137.0
137.0
137.0
136.75
136.75
136.75
134.25
134.25
134.5
134.5
135.5
135.5
133.75
133.75
133.5
134.25
134.25
135.75
135.75
135.0
135.0
136.75
136.25
136.25
136.75
136.75
138.25
138.25
139.0
139.25
139.25
138.25
138.25
138.25
138.25
138.5
140.5
140.5
141.0
141.0
141.25
138.5
138.5
139.5
139.5
139.5
140.0
140.0
140.75
140.75
139.0
139.0
140.0
139.5
139.5
140.0
140.0
140.5
140.5
139.25
139.5
139.5
139.25
139.25
141.0
141.0
141.0
140.75
140.75
141.0
140.75
140.75
140.25
140.25
141.5
141.5
140.5
140.5
140.5
140.75
140.75
140.5
140.0
140.0
139.75
139.75
138.5
138.5
138.0
137.0
137.0
137.0
137.0
136.5
136.5
136.75
137.75
137.75
137.25
137.25
137.25
139.0
139.0
139.0
139.0
139.0
139.0
139.0
139.0
139.0
139.0
138.75
138.75
138.75
139.0
139.0
139.0
138.77631578947367
138.55263157894737
138.32894736842104
138.10526315789474
137.8815789473684
137.6578947368421
137.43421052631578
137.21052631578948
136.98684210526315
136.76315789473685
136.53947368421052
136.31578947368422
136.0921052631579
135.8684210526316
135.64473684210526
135.42105263157896
135.19736842105263
134.97368421052633
134.75
136.0
136.0
136.0
135.0
135.0
131.25
131.25
128.5
128.5
126.0
126.0
122.25
122.25
122.25
122.25
122.25
122.25
122.25
122.25
122.25
122.25
122.25
122.25
120.22222222222223
118.19444444444444
116.16666666666667
114.13888888888889
112.11111111111111
110.08333333333333
108.05555555555556
106.02777777777777
104.0
104.0
104.5
104.5
103.5
103.5
103.5
103.0
103.0
91.25
91.25
91.25
92.25
92.25
91.5
91.5
89.75
89.75
89.75
89.75
89.75
89.75
89.75
90.0
90.0
90.0
89.75
89.75
89.75
89.75
89.75
90.0
95.15
100.3
105.45
110.6
115.75
115.75
115.75
120.5
120.5
121.75
121.75
123.5
125.0
125.0
126.0
126.0
128.0
128.0
129.25
129.25
131.75
133.5
133.5
135.5
135.5
135.25
135.25
135.25
135.25
135.25
135.25
135.5
135.25
135.25
133.25
133.25
130.75
130.75
128.5
128.5
126.75
126.75
126.75
126.25
126.25
125.25
125.25
124.5
124.5
123.75
123.75
124.0
124.0
123.5
123.5
123.5
117.5
112.75
112.75
112.75
109.25
109.25
108.5
108.5
108.5
106.25
106.25
97.25
97.25
96.5
96.5
96.5
97.25
97.25
98.25
98.25
100.5
100.5
100.5
103.0
103.0
99.5
99.5
99.25
99.25
99.25
81.5
81.5
83.75
83.75
83.75
83.0
83.0
81.75
81.75
81.75
79.5
79.5
79.5
77.75
77.75
78.0
78.0
78.0
78.0
78.0
76.25
76.25
76.25
82.5
82.5
82.5
82.5
82.5
82.5
82.5
82.5
82.5
82.25
82.25
82.25
82.25
82.25
82.25
84.25
84.25
84.25
83.75
83.75
83.75
83.75
83.75
83.75
84.0
84.0
84.0
83.75
83.75
83.75
84.0
84.0
72.25
72.25
72.25
72.25
80.5
80.5
91.25
91.25
87.5
87.5
82.25
82.25
82.25
80.25
80.25
80.25
75.75
75.75
75.75
75.75
81.25
81.25
81.25
82.25
82.25
84.5
84.5
84.5
86.75
86.75
85.25
85.25
85.25
84.0
84.0
77.25
77.25
77.25
73.75
73.75
73.75
72.75
72.75
72.75
77.5
77.5
77.5
76.75
76.75
76.25
76.25
76.25
76.25
73.5
73.5
73.5
74.75
74.75
74.75
74.25
74.25
74.25
75.0
75.0
75.0
74.0
74.0
74.0
74.0
74.5
74.5
74.5
76.0
76.0
76.0
75.25
75.25
75.25
75.25
75.25
75.0
75.0
75.0
74.5
74.5
74.5
72.25
72.25
70.0
70.0
70.0
70.0
68.75
68.75
68.75
66.75
66.75
66.75
66.75
67.75
67.75
67.75
69.75
69.75
69.75
71.75
71.75
71.75
71.75
73.5
73.5
73.5
76.75
76.75
81.5
81.5
81.5
89.25
89.25
90.75
90.75
93.5
93.5
93.5
98.5
98.5
98.5
109.5
109.5
113.75
113.75
116.75
116.75
118.5
118.5
122.75
122.75
126.5
130.0
130.0
133.0
133.0
133.0
133.0
135.75
142.0
142.0
136.75
136.75
126.5
126.5
121.75
121.75
122.75
122.75
120.0
120.0
120.0
120.0
118.75
118.75
122.25
122.25
121.5
121.5
124.0
124.0
125.25
125.25
126.5
126.5
127.75
128.5
128.5
128.5
128.5
126.75
126.75
121.75
121.75
120.75
120.75
119.5
119.5
119.75
119.75
121.0
121.0
121.5
121.5
120.0
120.0
123.75
123.75
122.0
122.0
122.25
122.25
123.25
123.25
123.25
123.25
122.75
122.75
120.75
120.75
120.5
120.5
119.75
119.75
118.75
118.75
119.75
119.75
121.75
121.75
124.5
124.5
125.75
125.75
124.25
124.25
126.25
126.75
126.75
129.0
129.0
129.25
129.25
127.25
127.25
125.75
125.75
125.75
125.75
125.25
125.25
126.0
127.25
127.25
127.0
127.0
129.25
129.25
130.25
130.25
129.5
129.5
129.0
129.0
128.0
127.75
127.75
128.0
128.0
127.25
127.25
128.0
128.0
127.25
127.25
125.75
125.75
126.25
126.25
127.0
127.0
128.25
130.75
130.75
128.75
128.75
126.0
126.0
124.75
124.75
123.5
123.5
124.25
124.25
124.0
124.0
128.5
128.5
131.5
133.5
133.5
131.0
131.0
130.25
130.25
131.0
131.0
129.25
129.25
127.0
127.5
127.5
128.0
128.0
128.25
128.25
128.5
128.5
129.75
129.75
130.25
130.25
129.5
129.0
129.0
130.75
130.75
129.75
129.75
129.5
129.5
128.0
128.0
125.75
125.75
126.5
126.5
126.25
126.25
126.75
126.25
126.25
127.0
127.0
127.25
127.25
127.75
127.75
128.0
128.0
128.0
128.0
127.75
127.75
126.5
126.5
127.25
127.25
127.25
127.25
127.25
128.75
128.75
128.5
128.5
129.5
129.5
129.5
129.5
128.0
126.75
126.75
129.25
129.25
129.0
129.0
128.0
128.0
127.25
127.25
127.25
127.25
128.0
129.25
129.25
132.0
132.0
134.25
134.25
133.5
134.5
134.5
132.5
132.5
129.5
129.5
127.25
127.25
126.5
126.5
121.5
121.5
124.5
124.5
124.75
124.75
124.0
124.0
125.0
125.0
125.75
125.75
123.5
123.5
123.75
123.75
122.75
122.75
122.25
122.75
122.75
122.25
122.25
123.25
123.25
125.75
125.75
127.25
127.25
128.0
128.0
128.25
128.25
129.25
131.25
131.25
131.5
131.5
132.0
132.0
131.25
131.25
130.5
130.5
130.0
130.5
130.5
129.0
129.0
129.5
129.5
129.5
129.5
129.75
129.75
131.25
133.5
133.5
134.0
134.0
135.0
135.0
135.5
134.25
134.25
133.75
133.75
133.5
133.5
135.0
135.0
135.75
136.0
136.0
134.25
134.25
133.5
133.5
133.0
133.0
133.5
133.0
133.0
132.25
132.25
132.75
132.75
132.75
132.75
132.5
133.5
133.5
135.5
135.5
135.0
135.0
134.5
134.5
134.75
135.0
135.0
135.0
135.0
136.25
136.25
135.0
133.75
133.75
134.25
134.25
134.5
134.5
134.25
134.25
132.25
131.5
131.5
129.0
129.0
127.5
127.5
128.5
128.5
126.5
126.5
126.75
126.75
126.75
126.75
128.0
129.0
129.0
130.5
130.5
132.25
132.25
132.75
132.75
134.25
134.25
133.75
132.75
132.75
132.75
132.75
130.25
130.25
130.75
130.75
131.75
130.25
130.25
130.5
130.5
131.25
131.25
129.0
129.0
129.0
129.0
129.5
131.25
131.25
133.0
133.0
132.75
132.75
132.0
132.0
132.75
133.25
133.25
133.5
133.5
132.0
132.0
131.75
131.75
130.5
130.5
130.5
130.75
130.75
131.5
131.5
132.0
132.0
131.0
131.0
132.0
132.25
132.25
132.0
132.0
131.25
131.25
131.5
131.5
132.0
132.0
132.5
131.5
131.5
130.0
130.0
130.25
130.25
132.0
132.0
133.25
133.25
133.25
133.5
133.5
133.5
133.5
134.25
134.25
132.0
132.0
132.25
132.0
132.0
131.25
131.25
131.5
131.5
131.75
131.75
132.0
130.0
130.0
132.75
132.75
132.5
132.5
132.0
132.0
131.25
131.25
131.5
132.0
132.0
132.0
132.0
131.5
131.5
131.5
131.5
131.25
132.25
132.25
132.25
132.25
132.25
132.25
132.25
132.25
131.75
131.75
132.25
131.75
131.75
131.25
131.25
132.25
132.25
132.0
132.0
132.0
132.5
132.5
131.5
131.5
131.0
131.0
131.0
131.0
131.25
131.25
132.0
131.5
131.5
131.5
131.5
130.75
130.75
131.75
131.75
130.75
130.75
129.25
128.5
128.5
128.25
128.25
129.25
129.25
128.75
128.75
130.25
130.25
129.0
129.0
129.5
129.75
129.75
129.5
129.5
129.75
129.75
130.25
130.25
132.0
132.0
131.0
129.5
129.5
129.25
129.25
130.0
130.0
131.75
131.75
131.5
131.5
131.5
132.0
132.0
131.5
131.5
131.25
131.25
131.25
131.25
130.75
130.75
130.25
130.5
130.5
129.75
129.75
130.5
130.5
129.75
129.75
130.25
130.25
130.5
130.5
130.25
130.25
130.25
131.5
131.5
131.5
131.5
131.0
131.0
131.5
131.0
131.0
131.25
131.25
131.25
131.25
131.0
131.0
130.25
130.25
131.75
131.25
131.25
131.75
131.75
132.0
132.0
131.5
131.5
131.75
132.75
132.75
132.75
132.0
133.5
133.5
133.25
133.25
132.5
133.25
133.25
132.75
132.75
132.75
132.75
133.75
133.75
132.5
132.5
132.75
133.25
133.25
133.5
133.5
133.25
133.25
133.75
134.0
134.0
134.75
134.75
133.75
133.75
133.5
133.5
131.75
131.75
133.5
133.5
133.5
134.25
134.25
133.5
133.5
131.5
131.5
131.75
132.0
132.0
132.75
132.75
133.5
133.5
133.25
133.25
133.25
132.75
132.75
132.5
132.5
131.25
131.25
130.25
130.25
128.75
128.75
129.0
129.0
129.5
129.5
129.5
128.75
128.75
129.75
129.75
128.0
128.0
129.25
129.25
127.25
127.25
127.0
127.0
127.5
127.5
127.5
128.0
128.0
129.5
129.5
128.25
128.25
126.75
126.75
129.0
129.0
128.75
129.75
129.75
129.75
129.75
128.5
128.5
126.25
126.25
126.25
125.0
125.0
124.75
124.75
124.75
125.75
125.75
126.0
126.0
125.75
125.75
125.5
125.5
125.5
125.0
124.75
124.75
124.25
124.25
123.0
123.0
124.0
124.0
122.0
122.0
122.25
122.25
121.75
121.75
122.5
122.25
122.25
123.0
123.0
122.25
123.0
123.0
123.0
123.0
123.0
124.5
124.5
125.0
125.0
125.25
125.25
125.25
125.25
128.5
128.5
128.0
128.0
127.25
128.0
128.0
126.0
126.0
126.25
126.25
126.25
126.25
125.75
125.5
125.5
126.0
126.0
126.0
126.0
126.25
126.25
126.75
126.75
126.0
126.0
124.5
124.5
125.0
125.0
125.0
125.0
124.25
124.25
125.0
125.0
125.25
125.25
125.25
124.25
124.25
124.0
124.0
123.5
123.5
123.5
123.5
124.5
124.5
125.25
125.25
125.75
125.75
127.0
127.0
126.0
125.75
125.75
125.0
125.0
126.5
126.5
127.75
127.75
129.0
129.0
130.25
130.25
130.25
130.25
129.5
129.75
129.75
129.75
130.25
130.25
130.75
130.75
131.25
131.75
131.75
131.75
131.75
132.25
132.25
131.5
131.5
130.75
130.25
130.25
130.5
130.5
129.75
129.75
130.0
130.0
129.0
129.0
130.25
130.25
130.5
130.5
130.5
130.5
130.5
129.5
129.5
130.0
130.0
129.5
130.25
130.25
130.25
130.25
130.75
130.75
130.75
130.75
130.75
130.75
130.25
130.25
130.75
130.75
130.75
130.75
130.25
130.25
130.0
130.0
130.75
130.75
130.75
130.75
132.0
132.0
131.75
132.0
132.0
132.25
132.25
132.75
132.75
133.0
132.5
132.5
133.5
133.5
133.5
133.5
132.75
132.75
131.5
131.5
132.0
132.0
132.25
132.75
132.75
132.0
132.0
132.25
132.25
131.5
131.5
132.0
132.0
132.0
132.75
132.75
133.5
133.5
133.25
133.25
132.0
132.0
132.0
133.0
133.0
134.25
134.25
133.5
133.5
133.5
134.0
134.0
133.5
133.5
133.5
134.25
134.25
133.75
133.75
133.5
133.5
133.5
132.75
132.75
132.0
132.0
128.0
128.0
126.5
126.5
126.25
126.25
126.5
126.5
126.5
126.5
126.5
115.5
115.5
115.5
115.5
115.25
115.5
115.5
115.5
115.25
115.25
115.25
102.75
102.75
102.75
105.0
105.25
105.25
105.25
105.5
105.5
95.5
95.5
94.25
94.25
93.75
93.75
93.75
93.25
93.25
92.75
92.75
84.5
84.5
84.0
84.0
84.0
83.25
83.25
82.75
82.75
82.75
83.25
83.25
83.25
82.5
82.5
83.5
83.5
83.5
75.25
75.25
75.25
75.25
75.25
75.25
75.25
71.75
71.75
71.75
71.75
71.25
71.25
69.75
69.75
69.75
70.0
70.0
70.0
70.0
70.0
70.0
70.0
70.0
70.0
69.25
68.5
67.75
67.0
66.25
65.5
64.75
64.0
63.25
62.5
61.75
61.75
61.75
61.75
64.25
64.25
64.25
64.5
64.5
64.5
64.5
64.75
64.75
64.75
64.5
64.5
64.5
64.5
64.25
64.25
64.25
64.25
62.5
62.5
62.5
62.5
62.5
64.75
64.75
64.75
64.75
61.5
61.5
61.5
61.5
63.0
63.0
63.0
63.0
63.0
63.0
63.0
60.0
60.0
60.0
60.0
58.25
58.25
58.25
58.25
59.25
59.25
59.25
59.25
59.25
59.25
59.25
59.25
59.25
59.25
59.25
59.25
59.5
59.5
59.5
59.5
59.5
59.5
59.464285714285715
59.42857142857143
59.392857142857146
59.357142857142854
59.32142857142857
59.285714285714285
59.25
59.25
59.25
59.25
59.25
59.25
59.25
59.25
59.25
59.25
59.25
59.25
59.25
59.5
59.5
59.5
59.75
59.75
59.75
59.75
63.75
63.75
63.75
63.75
65.75
65.75
65.75
65.75
65.75
67.25
67.25
67.25
75.25
75.25
77.0
77.0
77.0
82.5
82.5
82.5
84.75
84.75
84.75
86.25
86.25
87.75
87.75
87.75
90.75
90.75
92.0
92.0
92.0
94.75
94.75
100.5
100.5
104.0
104.0
104.0
104.0
104.0
104.0
104.0
103.75
103.75
104.0
104.0
104.0
104.0
104.0
104.0
108.54166666666667
113.08333333333333
117.625
122.16666666666667
126.70833333333333
131.25
129.25
129.25
125.75
125.75
123.0
123.0
125.0
125.0
125.0
125.0
125.25
125.25
127.25
127.25
126.75
126.75
128.0
128.0
128.75
128.75
129.0
129.0
129.25
129.25
128.75
131.25
131.25
133.25
133.25
134.0
134.0
134.0
134.0
134.25
135.75
135.75
136.0
136.0
136.75
135.0
135.0
134.25
134.25
132.0
132.0
128.75
128.75
127.25
127.25
125.75
123.25
123.25
123.25
122.0
122.0
121.75
121.75
121.0
121.0
120.25
120.25
119.25
119.25
119.25
119.25
119.5
119.5
120.0
120.0
121.5
121.5
122.25
122.25
122.0
122.0
123.0
123.0
123.0
123.0
122.75
122.75
122.25
124.5
124.5
126.25
126.25
128.75
128.75
128.75
128.75
128.5
128.5
127.25
127.25
126.25
126.25
126.25
125.75
125.75
124.5
124.5
126.0
126.0
126.75
126.75
127.25
127.25
125.0
125.0
125.75
125.75
125.75
125.25
125.25
124.5
124.5
123.5
123.5
123.5
122.25
122.25
123.0
123.0
122.25
122.25
124.0
123.0
123.0
122.25
122.25
123.25
123.25
123.0
123.0
125.25
125.25
127.0
127.0
126.0
126.0
124.0
124.0
123.0
123.0
121.75
121.0
121.0
121.75
121.75
121.0
121.0
121.0
121.0
121.0
120.5
120.25
120.25
120.25
120.25
120.0
120.0
128.75
128.75
130.0
130.0
130.0
130.0
126.75
126.75
125.0
125.0
123.5
123.5
122.25
122.25
120.0
120.0
118.75
118.75
119.25
119.25
118.75
118.75
119.75
119.75
120.75
120.75
121.75
121.75
121.25
121.25
122.0
122.0
122.25
122.25
122.25
122.25
123.75
123.75
123.5
123.5
122.75
122.75
123.5
123.5
122.75
122.75
122.75
122.75
122.75
122.75
122.25
122.75
122.75
122.25
122.25
123.75
123.75
124.75
124.75
124.25
124.25
125.75
125.75
125.25
125.25
124.5
124.5
124.0
124.0
123.0
123.0
124.0
124.0
122.5
122.5
122.5
122.5
121.5
121.5
122.75
123.25
123.25
124.5
124.5
125.75
125.75
127.25
127.25
126.75
126.75
127.0
127.0
126.25
126.25
126.75
126.75
126.25
126.25
125.25
124.75
124.75
124.25
124.25
124.5
124.5
124.0
124.0
124.5
124.5
125.25
125.25
125.75
125.75
126.0
126.0
127.5
127.5
128.5
129.0
129.0
129.5
129.5
129.5
129.5
129.75
129.75
129.25
129.25
129.0
129.0
128.5
128.5
128.5
127.25
127.25
127.75
127.75
127.25
127.25
128.25
128.25
127.25
127.25
128.0
128.0
126.75
126.75
125.25
126.75
126.75
128.75
128.75
128.5
128.5
128.75
128.75
128.5
128.5
127.5
127.5
127.25
127.5
127.5
128.5
128.5
128.5
128.5
127.25
127.25
126.75
126.75
125.75
125.75
126.0
126.0
126.25
126.25
126.0
125.75
125.75
125.0
125.0
125.25
125.25
126.0
126.0
126.75
126.75
126.25
126.25
128.25
128.25
128.25
128.25
127.75
127.75
127.0
126.75
126.75
126.0
126.0
127.0
127.0
127.25
127.25
126.25
126.25
126.25
126.25
126.25
126.25
126.75
126.75
126.25
126.25
126.75
126.75
126.75
127.0
127.0
126.25
126.25
125.25
125.25
124.0
124.0
124.0
124.0
124.0
124.0
124.25
124.25
125.25
125.25
124.5
124.5
124.5
124.5
124.25
124.25
124.25
123.5
123.5
124.0
124.0
125.0
125.0
124.75
124.75
124.25
124.25
124.5
124.5
124.5
124.5
125.0
125.0
126.0
126.0
126.25
126.5
126.5
126.75
126.75
126.5
126.5
126.75
126.75
127.25
127.25
129.0
129.0
129.75
129.75
129.25
129.5
129.5
129.5
129.5
130.0
130.0
130.5
130.5
131.5
131.5
132.5
132.75
132.75
133.5
133.5
133.25
133.25
132.75
132.5
132.5
132.5
132.5
133.25
133.25
132.75
132.75
132.0
132.0
131.25
131.5
131.5
131.5
130.5
130.5
130.5
128.25
128.25
127.75
127.75
126.25
126.25
126.75
126.75
125.25
125.25
125.25
125.25
125.25
124.0
124.0
123.5
123.5
124.0
124.0
123.25
123.25
122.75
122.75
124.5
124.5
124.25
124.25
124.0
124.0
121.25
121.25
121.25
121.25
121.0
121.0
119.25
119.25
119.5
119.5
119.25
119.25
119.75
119.75
120.5
120.5
123.0
123.0
123.5
123.5
125.0
125.0
125.75
127.5
127.5
126.75
126.75
125.75
125.75
126.25
126.25
125.5
125.5
126.0
126.0
125.75
125.75
123.75
123.75
125.25
125.25
124.0
124.0
123.75
123.75
121.5
121.5
122.25
122.25
121.75
121.75
121.75
121.75
119.25
119.25
119.0
119.0
119.5
119.5
120.0
120.0
120.0
120.0
120.0
120.0
121.0
121.0
119.75
119.75
120.0
120.0
121.0
121.0
122.5
122.25
122.25
123.25
123.25
123.0
123.0
122.25
122.25
120.75
120.75
120.0
120.0
118.75
118.5
118.5
118.5
118.5
119.25
119.25
118.25
118.25
117.25
117.25
117.75
117.75
118.0
118.0
118.75
118.75
118.75
118.75
120.25
120.25
120.0
120.0
120.0
120.0
120.5
120.5
121.0
121.0
121.0
121.0
121.5
121.5
121.75
121.75
122.5
122.5
122.75
122.75
123.5
123.5
123.5
123.5
124.0
124.0
124.5
124.5
125.0
125.75
125.75
125.25
125.25
125.25
125.25
125.0
125.0
124.5
124.5
124.75
124.75
125.75
125.75
126.75
126.75
127.25
127.25
127.25
126.25
126.25
127.0
127.0
125.5
125.5
127.75
127.75
126.75
126.75
127.0
127.0
127.75
127.75
127.0
127.0
127.25
127.25
127.75
127.75
127.75
127.0
127.0
127.75
127.75
128.0
128.0
128.5
128.5
128.0
129.75
129.75
130.0
130.0
130.75
130.75
130.75
130.75
130.25
130.25
131.25
130.75
130.75
130.75
130.75
130.25
130.25
131.25
131.25
129.25
129.25
128.75
128.75
130.25
131.0
131.0
130.5
130.5
130.5
130.5
130.25
130.25
130.75
130.75
130.0
130.75
130.75
130.75
130.75
131.75
131.75
132.25
132.25
133.5
132.25
132.25
133.5
133.5
134.0
134.0
132.75
132.75
133.0
131.5
131.5
132.75
132.75
131.75
131.75
131.75
131.75
131.0
131.0
131.75
131.5
131.5
131.5
130.75
131.5
131.5
132.75
132.75
132.0
131.75
131.75
133.5
133.5
132.75
132.75
133.5
133.5
133.75
133.0
133.0
133.5
133.5
132.75
132.25
132.25
133.0
133.0
132.0
132.0
132.75
132.75
132.75
132.75
132.75
134.25
134.25
134.25
134.25
133.75
133.75
134.75
132.75
132.75
132.75
132.75
132.25
132.25
133.75
133.75
133.5
133.5
134.0
134.0
133.5
133.0
133.0
134.75
134.75
134.75
134.75
133.25
133.25
133.75
132.75
132.75
133.5
133.5
132.5
132.5
134.0
134.0
133.0
132.75
132.75
133.25
133.25
132.75
132.75
133.0
133.5
133.5
133.5
133.5
133.5
133.5
132.75
132.75
133.25
133.25
132.5
132.75
132.75
132.5
132.5
132.25
132.25
132.5
132.5
132.5
133.5
133.5
134.25
134.25
133.5
133.5
133.25
133.25
133.5
133.5
134.25
133.25
133.25
133.5
133.5
133.5
133.5
134.25
134.25
134.25
135.0
135.0
134.0
134.0
134.75
135.0
135.0
135.75
135.75
134.0
134.0
134.0
135.0
135.0
136.0
136.0
134.75
134.5
134.5
134.75
134.75
135.0
135.0
135.25
134.25
134.25
134.25
134.25
135.75
135.75
134.25
134.25
134.75
134.0
134.0
134.25
134.25
135.0
135.0
135.0
135.0
134.5
134.25
134.25
134.75
134.75
135.0
135.0
133.75
133.5
133.5
133.5
133.5
132.75
132.75
133.25
133.25
133.5
134.25
134.25
133.5
133.5
133.5
133.0
133.25
133.25
133.0
133.0
133.5
133.5
133.5
133.5
133.25
132.5
132.5
132.0
132.0
133.75
133.75
132.75
132.75
133.75
132.75
132.75
133.5
133.5
133.5
132.75
132.75
134.0
134.0
134.25
134.25
133.5
133.5
132.75
133.0
133.0
132.0
132.0
133.25
133.25
132.75
133.25
133.25
133.25
133.25
132.0
132.0
130.75
130.75
130.75
130.75
131.25
131.5
131.5
132.25
132.25
132.5
132.5
131.0
131.0
132.25
132.25
132.25
132.25
132.0
132.0
132.5
130.25
130.25
133.0
133.0
133.5
133.5
133.0
133.0
132.75
132.75
132.75
132.0
132.0
131.5
131.5
132.5
132.5
131.5
131.5
131.5
131.75
131.75
132.0
132.0
132.5
132.5
133.0
133.0
132.25
132.25
132.0
131.25
131.25
133.25
133.25
132.25
132.25
131.5
132.0
132.0
131.5
131.5
131.0
131.0
132.75
132.25
132.25
132.0
132.0
132.5
132.5
130.75
130.75
132.75
132.0
132.0
132.0
132.0
131.25
131.25
131.5
131.5
133.0
133.0
133.0
134.0
134.0
132.5
132.5
133.0
133.0
133.25
134.25
134.25
133.5
133.5
133.25
133.25
133.0
133.0
132.5
133.75
133.75
133.25
133.25
133.5
133.5
135.0
135.0
133.5
133.5
133.5
133.0
133.0
133.5
133.5
132.75
132.75
132.25
132.25
132.25
133.0
133.0
132.0
132.0
133.25
133.25
132.0
132.25
132.25
133.0
133.0
133.0
133.0
132.75
132.75
133.25
133.5
133.5
133.5
133.5
133.5
133.5
132.75
132.75
133.0
133.0
133.0
133.0
133.0
133.75
133.75
133.5
133.5
133.0
131.5
131.5
133.0
133.0
131.5
131.5
132.0
132.0
132.75
132.5
132.5
132.0
132.0
131.5
131.5
132.5
132.5
132.0
132.0
132.0
132.5
132.5
131.5
131.5
133.25
133.25
133.25
133.25
133.5
132.0
132.0
132.25
132.25
132.25
132.25
132.25
132.25
132.25
133.0
133.0
133.0
133.0
133.75
133.75
133.25
133.25
133.75
134.25
134.25
135.0
135.0
134.5
134.5
135.75
134.75
134.75
132.75
132.75
135.75
135.75
136.75
136.75
134.25
134.75
134.75
134.0
134.0
133.5
133.5
134.25
134.25
134.25
132.75
132.75
132.75
132.75
131.75
131.75
131.0
131.0
132.25
130.75
130.75
130.25
130.25
130.75
130.75
129.0
129.0
129.75
129.75
127.75
127.75
127.25
127.25
127.25
127.25
125.25
125.25
126.75
126.75
125.75
125.75
126.5
126.5
125.0
125.0
124.75
124.0
124.0
124.0
124.0
123.0
123.0
122.25
122.25
122.25
122.0
122.0
120.75
120.75
120.25
120.25
120.25
119.0
119.0
117.5
117.5
117.5
117.5
117.0
117.0
117.0
117.0
116.75
116.75
115.5
115.5
115.5
114.5
114.5
112.75
112.75
110.75
110.75
110.0
110.0
109.5
109.5
110.0
110.0
110.0
108.75
108.75
107.0
107.0
105.5
105.5
104.0
104.0
104.0
104.0
104.0
104.0
104.0
104.0
104.0
104.0
104.0
103.54166666666667
103.08333333333333
102.625
102.16666666666667
101.70833333333333
101.25
101.25
101.25
99.5
99.5
99.25
99.25
98.75
98.75
98.75
98.75
99.0
99.0
99.25
99.25
99.25
98.5
98.5
98.5
97.25
97.25
97.25
97.25
97.25
97.25
97.25
97.5
97.5
98.25
98.25
98.25
98.25
98.25
100.25
100.25
100.5
100.5
100.5
100.25
100.25
100.25
100.5
100.5
100.5
100.5
100.5
105.5
105.5
104.0
104.0
102.75
103.0
103.0
103.0
102.75
102.75
103.0
103.0
103.0
102.75
116.41666666666667
130.08333333333334
143.75
157.41666666666666
171.08333333333334
184.75
184.75
184.75
184.75
184.75
184.75
185.0
185.0
188.75
189.5
189.5
189.5
189.25
189.25
189.25
189.25
189.25
189.25
189.4
189.55
189.7
189.85
190.0
190.0
190.0
190.0
190.0
189.75
189.75
189.75
190.0
172.45
154.9
137.35
119.8
102.25
102.25
102.25
102.25
103.0
103.0
102.75
102.75
103.0
103.0
104.0
104.0
104.0
105.25
105.25
106.5
106.5
106.75
106.75
111.5
111.5
116.75
116.75
121.0
121.0
124.25
124.25
125.0
125.0
125.75
125.75
126.0
126.0
127.25
129.0
129.0
130.25
130.25
129.75
129.75
129.75
130.75
130.75
130.25
130.25
132.0
132.0
131.5
132.25
132.25
134.5
134.5
135.75
135.75
135.75
136.75
136.75
138.5
138.5
139.5
139.5
140.75
141.75
141.75
142.75
142.75
142.0
140.0
140.0
138.25
138.25
138.25
138.25
138.25
138.25
138.25
138.25
138.5
138.5
138.25
138.25
134.15
130.05
125.95
121.85
117.75
117.75
119.25
119.25
120.5
120.5
121.5
121.5
123.25
123.25
124.25
125.0
125.0
126.5
126.5
126.75
126.75
125.75
125.75
125.75
125.75
126.25
126.25
125.5
125.5
126.0
126.0
126.0
126.0
126.25
126.0
126.0
126.75
126.75
127.75
127.75
128.0
128.0
129.0
129.0
128.5
128.5
129.0
129.0
128.75
128.75
128.0
127.75
127.75
127.0
127.0
127.0
127.0
126.75
126.75
126.75
126.75
127.25
127.25
127.0
128.0
128.0
128.0
128.0
129.0
129.0
128.0
128.0
127.25
127.25
128.5
128.5
128.0
128.0
128.0
128.0
126.75
128.25
128.25
128.5
128.5
129.25
129.25
129.0
129.0
129.0
129.0
129.0
129.0
129.0
129.25
129.25
129.0
129.0
128.0
128.0
127.5
127.5
126.25
126.25
127.75
127.75
128.25
128.25
128.5
128.75
128.75
128.5
128.5
128.0
128.0
128.25
128.25
128.25
128.25
128.25
128.25
129.0
129.0
129.0
129.75
129.75
131.0
131.0
131.25
131.25
131.25
131.25
130.75
130.5
130.5
132.75
132.75
132.75
132.75
132.0
132.0
132.75
131.25
131.25
132.5
132.5
131.25
131.25
132.5
132.5
132.0
132.0
133.5
133.0
133.0
133.75
133.75
133.0
133.0
133.75
133.75
133.25
134.75
134.75
134.25
134.25
133.25
133.25
133.25
133.25
133.75
133.75
133.75
134.25
134.25
135.0
135.0
134.75
133.75
133.75
134.5
134.5
133.5
133.5
133.75
133.75
134.5
132.5
132.5
135.75
135.75
133.5
133.5
133.5
133.5
133.0
133.25
133.25
133.5
133.5
133.5
133.5
133.25
133.75
133.75
135.0
135.0
134.25
134.25
134.5
134.5
134.0
134.25
134.25
134.5
134.5
134.0
134.0
133.25
133.25
134.5
133.0
133.0
134.0
134.0
134.25
134.25
133.25
133.25
132.0
132.0
132.0
131.75
131.75
130.75
130.75
131.5
131.5
131.75
131.75
131.75
133.5
133.5
132.5
132.5
133.75
133.75
133.5
134.25
134.25
134.0
134.0
132.5
132.5
132.75
132.75
134.0
134.0
132.75
132.25
132.25
133.75
133.75
135.0
135.0
134.5
134.75
134.75
134.75
134.75
135.25
135.25
135.0
135.0
133.5
135.0
135.0
135.25
135.25
134.0
134.0
134.75
134.75
134.75
135.0
135.0
134.25
134.25
133.25
133.25
134.25
134.0
134.0
134.5
134.5
134.5
134.5
134.25
134.25
134.0
134.0
134.25
134.25
133.5
133.25
133.25
132.5
132.5
131.5
132.75
132.75
131.75
131.75
131.5
131.5
131.75
131.75
132.5
132.25
132.25
134.0
134.0
134.0
134.0
134.0
134.0
135.0
135.0
134.75
134.75
135.5
136.5
136.5
136.75
136.75
137.0
137.0
137.75
138.0
138.0
135.75
135.75
134.25
134.25
131.0
131.0
128.5
128.5
128.5
128.25
128.5
128.25
128.25
128.5
128.5
126.8
125.1
123.4
121.7
120.0
120.0
122.25
122.25
124.5
125.75
125.75
125.75
126.75
126.75
126.75
126.75
126.75
126.75
127.0
127.0
127.0
127.0
126.75
126.75
128.9
131.05
133.2
135.35
137.5
137.5
137.5
137.5
135.75
135.75
135.75
132.5
132.5
124.25
124.25
121.75
121.75
123.5
123.5
125.75
125.75
127.25
127.25
129.0
129.0
129.0
129.25
129.25
129.25
131.5
134.0
134.0
133.75
133.75
133.5
133.5
134.0
134.75
134.75
134.75
134.75
137.25
137.25
135.75
135.75
135.25
134.25
134.25
134.0
134.0
134.5
134.5
134.25
136.0
136.0
136.0
136.0
135.5
135.5
131.5
131.5
129.5
129.5
125.25
125.25
122.0
122.0
118.75
118.75
119.5
119.5
119.5
119.5
119.5
119.5
122.0
122.0
125.25
127.25
127.25
128.5
128.5
130.0
130.0
131.0
131.0
132.75
136.75
136.75
137.25
137.25
137.25
135.75
135.75
135.25
135.25
134.5
133.5
133.5
132.25
132.25
133.5
133.5
136.0
137.25
137.25
137.5
137.5
139.5
139.5
141.25
141.25
140.25
139.5
139.5
139.0
139.0
138.75
138.75
137.5
137.0
137.0
136.75
136.75
136.5
136.5
136.25
137.5
137.5
137.75
137.75
136.75
136.75
137.0
137.25
137.25
137.0
137.0
136.75
136.75
136.5
136.5
135.5
135.75
135.75
135.5
135.5
135.75
135.75
135.75
135.75
135.75
135.0
135.0
135.0
135.0
135.5
135.25
135.25
135.75
135.75
135.75
135.75
135.0
135.0
136.25
135.5
135.5
136.75
136.75
136.5
136.5
137.0
136.5
136.5
136.25
136.25
135.75
135.75
136.75
136.75
136.75
135.75
135.75
136.0
136.0
136.75
136.25
136.25
136.25
136.25
135.25
135.25
135.5
135.75
135.75
136.0
136.0
136.0
136.0
135.75
135.75
135.75
135.0
135.0
135.0
135.0
135.5
135.5
135.5
135.0
135.0
135.25
135.25
135.5
135.5
135.0
135.75
135.75
136.0
136.0
135.75
135.75
136.0
136.75
136.75
136.75
136.75
135.5
135.5
135.75
136.75
136.75
135.75
135.75
135.75
135.75
136.25
136.75
136.75
135.75
135.75
136.75
137.0
137.0
135.75
135.75
136.0
136.0
136.0
136.0
136.0
136.75
136.75
135.5
135.5
137.5
137.0
137.0
135.25
135.25
135.0
135.0
134.75
136.75
136.75
136.5
136.5
136.0
136.0
136.75
136.75
136.75
136.75
135.75
135.5
135.5
135.75
135.75
135.5
135.5
135.75
135.75
135.5
135.75
135.75
134.75
134.75
135.75
135.75
135.25
134.75
134.75
135.25
135.25
135.5
135.25
135.25
135.25
135.25
134.25
134.25
135.0
135.25
135.25
135.25
135.25
135.5
135.5
135.25
135.25
135.25
135.25
135.5
135.5
135.45833333333334
135.41666666666666
135.375
135.33333333333334
135.29166666666666
135.25
135.75
135.75
136.25
136.25
136.25
136.25
136.5
136.25
136.25
136.75
136.75
137.25
137.25
136.75
136.25
136.25
137.25
137.25
137.5
137.5
137.5
137.25
137.25
138.25
138.25
137.75
137.75
137.25
137.5
137.5
137.5
137.5
137.75
137.75
137.75
138.5
138.5
137.5
137.5
137.5
137.5
137.5
137.75
137.75
137.75
137.75
138.25
138.25
138.0
137.5
137.5
137.5
137.5
137.75
137.75
137.5
137.25
137.25
136.75
136.75
136.75
136.75
135.75
135.75
135.75
136.5
136.5
136.0
136.0
136.25
136.5
136.5
136.5
136.5
136.25
136.25
136.25
136.0
136.0
135.25
135.25
136.0
136.0
136.0
136.0
136.0
136.75
136.75
136.75
136.75
136.5
136.5
137.25
136.75
136.75
136.5
136.5
136.75
136.75
136.75
136.75
136.75
137.5
137.5
137.5
137.5
137.5
136.75
136.75
137.0
137.0
137.25
137.25
135.5
135.75
135.75
136.5
136.5
136.25
136.25
135.5
135.75
135.75
136.25
136.25
136.0
136.0
135.75
135.75
135.75
135.75
135.75
136.0
136.0
136.0
136.0
135.75
135.75
135.75
136.5
136.75
136.75
137.25
137.25
137.25
137.25
137.75
137.25
137.25
137.5
137.5
137.5
137.5
137.0
137.0
137.0
136.75
136.75
137.25
137.25
136.25
137.0
137.0
136.75
136.75
137.25
137.25
138.5
137.0
137.0
137.0
137.0
137.0
137.0
137.75
136.75
136.75
139.5
139.5
137.75
137.75
136.5
136.25
136.25
137.0
137.0
136.75
136.75
137.25
137.25
136.0
135.75
135.75
135.75
135.5
135.5
137.25
137.25
139.0
139.0
138.25
138.25
137.5
136.75
136.75
136.75
136.75
136.25
136.25
137.25
137.25
137.25
135.75
135.75
135.5
135.5
136.5
136.5
136.0
136.0
135.75
136.0
136.0
135.0
135.0
134.25
136.75
136.75
135.75
135.75
136.75
136.75
136.0
135.25
135.25
135.5
135.5
135.0
135.0
134.5
134.75
134.75
135.25
135.25
137.0
137.0
134.75
134.75
134.75
137.75
137.25
137.25
137.25
137.5
137.5
137.5
137.5
137.25
137.25
133.5
132.75
132.75
132.0
132.0
132.75
132.75
132.75
132.75
134.25
135.75
135.75
135.75
135.75
137.75
137.75
137.5
137.75
137.75
137.5
137.5
136.0
136.0
135.75
135.75
135.75
135.5
135.5
134.25
134.25
133.5
133.5
130.25
127.75
127.75
127.75
127.75
127.75
128.0
127.75
127.75
127.75
128.0
128.0
128.0
123.625
119.25
114.875
110.5
106.125
101.75
101.75
101.75
96.25
96.25
94.75
94.75
93.25
93.25
92.0
92.0
92.0
92.0
92.0
92.0
92.0
92.0
91.75
91.75
91.75
92.0
88.53571428571429
85.07142857142857
81.60714285714286
78.14285714285714
74.67857142857143
71.21428571428571
67.75
67.75
67.75
67.25
67.25
67.25
67.5
67.5
67.25
67.25
67.25
67.25
67.25
67.25
67.25
62.25
62.25
62.25
62.25
62.25
58.75
58.75
58.75
59.0
59.0
59.0
59.0
59.0
59.0
58.75
58.75
58.75
