169.25
167.0
167.0
167.0
166.75
166.75
167.0
167.0
166.75
166.75
161.5
161.5
166.25
166.25
167.5
166.75
166.75
166.75
169.75
166.0
166.0
166.0
166.0
166.0
166.0
165.75
166.0
166.0
166.0
166.0
166.0
162.5
162.5
162.25
162.25
162.25
162.0
162.0
162.0
161.75
161.75
161.75
161.5
161.25
161.0
161.0
160.5
160.5
161.5
161.5
162.0
162.5
162.5
163.5
164.0
164.0
164.5
165.0
165.5
165.5
165.5
165.75
165.75
166.0
166.25
166.25
166.5
166.25
166.25
166.5
166.75
167.0
167.0
166.75
167.0
167.0
167.75
167.75
169.5
169.5
168.25
169.25
169.25
175.5
169.75
169.75
171.5
179.0
179.0
171.0
172.5
178.0
178.0
170.5
172.75
176.25
176.25
173.25
175.0
175.0
178.0
173.25
172.75
172.75
175.75
173.25
173.25
173.5
175.75
173.5
173.5
173.5
176.0
176.0
174.5
173.5
174.75
174.75
173.5
172.5
173.5
173.5
173.25
171.5
171.5
172.5
171.25
171.25
171.25
170.0
168.25
168.25
169.5
170.0
169.5
169.5
171.25
170.75
170.75
171.25
171.0
170.75
170.75
171.0
170.0
170.0
171.25
171.5
169.5
169.5
170.5
167.5
167.5
167.0
169.5
166.5
166.5
166.25
170.0
169.5
169.5
167.5
171.0
171.0
172.5
168.25
170.75
170.75
176.25
169.25
169.25
172.25
174.5
172.0
172.0
172.5
172.75
172.75
171.0
171.0
170.75
170.75
170.5
170.5
170.5
170.5
170.5
170.5
170.75
170.5
170.5
170.5
170.75
170.75
171.0
171.0
171.25
171.25
171.25
171.25
171.25
171.25
172.0
171.5
172.75
172.75
172.75
172.25
171.5
171.5
172.0
172.5
172.5
170.75
171.0
171.0
171.0
169.5
169.0
169.0
169.0
168.0
168.0
168.0
167.75
168.25
168.25
168.25
168.5
168.5
168.25
168.25
168.25
168.25
168.25
168.25
168.25
169.75
169.0
169.0
171.0
171.25
170.75
170.75
170.0
171.0
171.0
171.5
169.25
169.5
169.5
169.25
169.0
169.0
169.25
169.25
169.25
169.0
168.25
168.0
168.0
168.25
168.25
168.25
169.0
166.5
172.0
172.0
171.25
171.0
171.0
170.5
171.0
171.0
169.75
169.25
169.0
169.0
168.0
167.75
167.75
166.75
166.5
166.5
166.5
166.5
166.5
167.0
166.0
169.75
169.75
170.0
167.75
167.75
168.0
169.5
168.25
168.25
167.5
167.0
167.0
167.5
167.75
167.75
168.0
168.0
168.0
168.25
167.75
169.25
169.25
167.0
168.25
168.25
168.25
167.5
167.5
167.5
168.0
167.75
167.75
167.5
166.5
166.5
165.75
165.0
165.0
165.75
166.25
166.75
166.75
166.25
167.75
167.75
165.5
166.75
167.75
167.75
167.75
167.0
167.0
167.5
166.75
166.75
167.5
168.0
167.0
167.0
166.5
165.75
165.75
165.0
165.0
165.0
165.5
164.75
164.75
164.75
164.5
164.5
165.75
164.75
166.75
166.75
167.75
167.0
167.0
166.0
166.25
166.25
166.75
167.0
167.0
167.0
167.0
167.5
167.5
167.5
167.75
167.75
166.0
166.0
166.0
166.0
166.0
165.75
165.75
165.75
166.25
165.0
166.0
166.0
165.5
165.5
164.75
164.75
164.25
164.0
163.75
163.75
164.0
164.0
164.0
164.0
168.25
168.25
167.75
165.75
165.75
165.5
165.5
164.25
164.25
164.0
163.5
163.5
163.5
163.75
163.75
164.0
163.75
163.75
164.0
164.0
164.0
165.0
166.0
168.5
168.5
169.0
168.0
168.0
167.0
166.5
166.5
166.0
165.75
165.75
165.75
165.75
166.25
166.25
166.0
166.0
166.0
166.25
166.25
166.25
169.25
168.0
169.5
169.5
170.0
169.75
169.75
168.25
168.0
168.0
168.25
169.25
169.5
169.5
170.5
169.25
169.25
168.5
168.0
168.0
167.5
167.75
168.25
168.25
169.25
171.0
171.25
171.25
168.5
168.5
168.5
169.5
168.25
168.25
167.5
167.75
167.75
167.75
166.0
166.0
166.0
166.25
166.25
166.25
166.25
166.75
166.75
166.75
166.75
166.75
166.5
166.75
166.75
166.75
167.5
167.5
167.5
167.5
169.25
169.25
167.5
167.5
169.5
169.5
168.25
167.75
167.75
169.25
170.0
170.0
167.75
166.75
167.0
167.0
167.75
167.75
167.75
168.25
168.25
168.25
168.25
168.0
167.75
167.75
167.75
167.0
167.0
166.75
166.75
166.75
169.25
168.5
169.75
169.75
170.75
168.5
168.5
169.25
169.5
169.0
169.0
168.25
170.0
170.0
170.75
167.5
167.5
167.0
167.75
166.75
166.75
166.25
166.25
166.25
166.0
165.75
165.75
165.5
165.5
165.5
165.75
166.25
166.25
166.25
167.75
168.0
168.0
167.75
167.75
167.75
167.5
167.0
167.0
167.0
169.0
167.75
167.75
169.25
170.5
170.5
168.25
168.25
170.5
170.5
170.5
170.5
170.5
170.0
169.5
169.5
167.75
167.5
167.0
167.0
167.5
166.75
166.75
166.75
167.75
167.75
168.0
167.75
167.75
167.75
167.75
167.5
167.5
166.75
167.0
167.0
167.5
167.5
167.0
167.0
168.0
166.75
166.75
167.75
169.5
169.5
169.25
168.5
169.25
169.25
168.25
168.0
168.0
168.0
168.5
168.5
169.0
169.0
169.25
169.25
169.5
169.75
169.75
169.75
170.0
170.5
170.5
170.5
170.0
170.0
170.0
169.5
169.5
168.5
168.0
170.0
170.0
168.0
168.0
168.0
170.5
169.0
169.0
169.0
170.75
170.75
168.0
167.75
170.0
170.0
166.75
166.75
166.75
169.75
165.75
165.75
166.25
166.75
163.75
163.75
163.75
163.75
166.0
166.0
164.0
161.0
164.0
164.0
163.5
163.5
162.5
164.0
163.25
163.25
161.0
163.75
163.75
161.0
163.5
163.5
164.25
163.25
164.0
164.0
169.75
161.0
161.0
166.75
171.5
171.5
167.75
167.75
167.75
173.25
172.5
172.5
168.0
171.5
171.0
171.0
165.5
169.25
169.25
167.5
164.25
164.25
167.5
165.0
165.0
162.75
166.5
166.5
162.75
161.75
161.75
166.0
161.5
161.5
162.25
167.5
167.5
164.75
164.75
165.75
165.75
161.25
162.75
162.75
163.25
161.5
161.5
161.0
161.5
161.5
161.0
160.0
160.0
159.5
159.0
159.0
158.5
157.75
157.75
158.5
158.75
158.75
159.25
159.5
159.5
160.5
161.0
161.0
162.25
163.5
164.75
164.75
165.75
162.75
162.75
163.5
163.5
169.0
158.5
158.5
168.0
168.0
164.5
167.5
167.5
165.75
165.75
162.0
168.0
167.0
167.0
164.5
165.0
165.0
166.5
164.25
164.25
165.75
167.5
167.5
166.5
166.5
166.0
168.5
168.5
158.0
158.0
168.5
165.5
165.5
167.0
168.0
168.0
165.0
166.5
167.5
167.5
161.25
161.25
164.5
164.5
171.0
158.75
158.75
161.25
165.0
158.25
158.25
161.25
166.0
166.0
158.5
162.0
165.75
165.75
160.0
164.0
164.0
166.5
162.5
162.5
164.25
168.25
168.25
163.5
165.75
168.25
168.25
168.25
165.75
166.25
166.25
164.75
165.5
166.0
166.0
164.0
163.75
163.75
164.0
162.0
162.0
162.75
163.5
163.5
162.0
162.5
162.5
163.25
161.0
161.0
164.0
167.0
166.25
166.25
165.5
166.75
166.75
163.75
164.25
164.25
164.25
162.0
162.0
162.25
163.5
163.5
162.25
161.75
161.75
161.5
160.5
160.5
161.0
160.25
160.25
160.75
160.5
160.5
160.5
160.5
160.5
160.75
162.0
162.0
159.25
158.75
158.75
159.5
157.5
157.5
158.5
160.25
160.25
157.75
157.75
158.0
160.0
160.0
157.25
157.25
157.25
153.75
153.75
157.0
157.0
152.25
155.0
155.0
154.25
154.75
154.75
155.0
155.0
154.0
154.0
150.75
149.5
149.5
149.25
149.25
148.5
145.0
145.0
141.0
141.0
140.25
140.25
139.5
140.25
140.25
141.25
141.25
141.0
142.5
142.5
145.0
145.0
148.5
150.75
150.75
151.25
149.5
149.5
149.5
160.0
160.0
157.5
159.5
160.25
160.25
157.5
157.5
158.0
160.25
160.25
158.5
158.25
158.25
160.75
158.75
158.75
158.5
160.5
160.5
159.25
158.5
158.5
161.75
161.75
155.25
155.25
155.0
158.5
158.5
146.75
146.75
152.75
152.75
152.25
155.25
155.25
158.25
160.5
160.5
154.0
154.0
153.0
158.5
158.5
151.0
148.5
148.5
141.75
141.0
141.0
146.25
146.25
148.25
147.25
147.25
144.75
144.75
143.25
141.25
141.25
140.75
140.75
139.25
139.25
139.75
141.75
141.75
144.5
145.75
145.75
145.0
145.0
147.0
148.0
148.0
149.5
150.75
150.75
151.75
151.75
152.25
152.5
152.5
151.75
152.5
152.5
152.75
153.25
153.25
153.25
153.25
153.25
152.75
152.75
152.75
152.0
152.0
152.0
150.5
150.5
151.0
151.0
152.25
152.75
152.75
154.25
155.0
155.0
155.25
155.5
155.5
155.5
155.5
155.75
153.75
153.75
157.25
161.5
161.5
160.25
160.25
160.0
161.5
159.5
159.5
159.0
161.5
161.5
158.5
158.5
159.25
159.0
157.5
157.5
156.75
156.75
154.0
150.25
150.25
147.5
147.5
146.75
147.0
147.0
147.0
147.0
147.0
147.25
147.25
148.0
147.5
147.5
148.75
148.75
150.25
151.75
151.75
152.0
152.75
152.75
153.5
154.0
154.0
154.25
154.5
154.5
155.75
155.75
156.5
157.75
157.75
157.75
158.0
158.0
158.25
158.25
158.25
158.25
158.25
158.25
158.25
158.25
158.25
158.25
158.5
158.5
160.0
159.0
159.0
159.0
163.5
163.5
163.25
165.75
165.75
164.75
162.5
162.5
164.75
163.75
162.0
162.0
164.0
165.0
165.0
165.75
165.75
165.75
165.75
163.5
163.5
167.5
165.5
165.5
163.5
166.0
166.5
166.5
165.5
165.5
164.0
162.25
162.25
163.5
165.75
166.25
166.25
163.75
165.75
165.75
163.75
162.0
162.0
161.0
159.5
159.5
158.0
156.25
156.25
155.5
156.25
156.25
156.25
156.25
156.25
155.75
155.75
157.25
157.75
157.75
158.75
160.0
160.0
160.25
161.75
163.5
163.5
164.0
160.75
160.75
166.75
172.25
165.75
165.75
165.75
167.75
172.75
172.75
173.25
173.25
169.5
172.25
167.0
167.0
169.75
168.25
168.25
169.25
171.25
171.25
176.0
176.0
173.75
181.25
181.25
181.25
181.25
181.25
181.25
181.25
181.25
181.5
179.375
177.25
175.125
173.0
170.875
168.75
166.625
164.5
164.5
169.0
162.5
162.5
168.0
168.0
166.5
166.75
169.0
169.0
167.75
168.0
168.0
170.75
169.5
169.5
169.5
171.0
171.0
173.25
173.75
173.75
175.0
178.0
178.0
176.25
178.25
178.25
175.5
175.5
174.0
178.25
178.25
174.0
172.75
172.75
173.75
173.75
170.75
170.75
170.75
174.0
174.0
168.5
172.0
172.75
172.75
171.5
179.0
179.0
174.0
172.0
172.0
173.75
172.25
171.0
171.0
171.5
169.25
169.25
170.0
171.5
168.25
168.25
169.25
169.5
169.5
169.5
169.75
170.5
170.5
171.25
171.5
171.5
171.5
171.5
171.25
171.25
171.25
171.5
171.5
172.0
172.25
172.25
172.25
172.25
173.5
173.5
173.75
171.5
172.5
172.5
174.75
170.0
171.0
171.0
173.25
170.75
170.75
170.5
170.75
170.75
170.75
170.5
170.75
170.75
170.5
170.5
170.5
170.5
170.0
170.5
170.5
170.0
170.0
170.0
170.5
172.0
167.5
167.5
167.5
167.5
167.5
167.5
167.25
167.5
167.5
167.5
168.0
167.75
168.25
168.25
168.5
169.0
169.0
169.25
169.25
169.25
169.5
169.5
169.5
169.5
169.75
169.75
169.75
170.0
169.75
169.5
169.5
171.5
170.0
170.0
171.0
173.75
173.75
167.5
167.5
169.75
170.0
169.75
169.75
170.0
170.5
170.5
170.0
170.0
170.0
170.0
170.0
170.0
169.25
169.0
169.0
168.5
168.5
168.5
169.25
168.5
171.0
171.0
175.0
172.5
172.5
169.25
169.0
169.0
169.0
168.5
168.25
168.25
169.0
168.0
168.0
168.0
168.25
168.25
169.0
169.0
169.25
169.25
169.5
169.75
169.75
172.0
166.75
170.5
170.5
174.75
172.0
172.0
171.0
170.75
170.75
170.75
171.0
171.25
171.25
171.25
171.25
172.0
172.0
172.25
172.25
172.25
172.25
175.75
174.0
174.0
172.5
173.75
173.75
172.0
172.0
172.0
172.0
172.0
172.0
172.5
172.5
172.75
172.0
172.0
171.0
171.0
171.25
171.25
173.5
176.0
176.0
176.75
176.75
173.75
174.0
172.0
172.0
171.25
171.5
171.5
171.0
170.5
170.75
170.75
171.5
171.25
171.25
172.0
171.25
171.25
171.25
172.0
172.0
171.5
171.0
171.0
172.5
173.75
173.75
173.25
172.75
172.75
172.75
173.5
173.75
173.25
173.25
172.5
172.0
172.0
172.0
171.5
171.25
171.25
173.75
173.75
173.75
173.5
173.5
174.0
169.75
170.0
170.0
170.0
169.75
169.75
169.75
169.5
169.5
169.25
168.5
168.5
168.5
168.5
169.0
169.0
170.0
168.5
168.5
168.5
168.5
171.0
171.0
168.5
169.0
169.0
169.0
169.25
169.25
169.25
169.25
169.5
169.5
169.5
169.5
170.0
170.0
170.0
171.0
171.0
170.75
170.75
169.25
169.25
175.0
170.0
170.0
170.75
170.5
170.5
170.5
169.75
169.5
169.5
169.5
169.5
169.75
169.75
170.5
170.5
170.5
171.0
171.0
171.0
170.0
172.25
174.0
174.0
172.25
172.5
173.25
173.25
173.5
173.5
173.5
173.75
173.75
173.75
173.75
174.0
174.5
174.5
174.5
174.5
175.5
175.5
174.75
173.75
174.5
174.5
174.5
174.5
174.5
174.5
173.75
173.75
173.75
173.75
173.75
173.75
173.75
174.75
174.5
174.5
174.5
174.75
178.0
178.0
172.5
171.5
172.5
172.5
172.5
171.0
171.0
171.0
171.25
171.5
171.5
171.0
170.5
170.5
170.75
170.75
170.5
170.5
170.5
171.0
171.0
170.75
170.75
172.75
174.0
174.0
171.0
171.25
171.25
171.25
171.0
171.25
171.25
171.25
171.25
171.25
171.25
171.25
171.5
171.5
171.25
171.5
171.5
171.5
171.5
172.0
173.75
173.75
172.0
174.75
174.75
176.0
171.5
171.0
171.0
171.25
172.0
172.0
172.0
172.25
172.25
172.25
172.5
172.75
172.75
172.75
173.25
173.5
173.5
174.75
173.75
174.0
174.0
175.75
175.5
175.5
174.0
174.5
173.5
173.5
173.5
173.25
173.25
173.25
173.25
173.25
173.25
172.75
172.25
172.0
172.0
172.0
172.25
172.5
172.5
172.25
172.0
172.0
171.25
172.25
172.25
172.25
172.0
173.5
173.5
174.5
170.5
172.75
172.75
172.5
170.5
170.5
171.5
172.0
171.0
171.0
172.0
171.5
171.5
171.25
170.75
170.0
170.0
169.75
170.0
170.0
169.5
169.5
169.5
169.5
169.5
170.0
170.0
169.25
169.75
167.5
167.5
172.25
175.0
175.0
172.0
173.75
175.5
175.5
173.5
171.0
171.0
173.25
171.0
170.75
170.75
171.25
171.5
171.5
171.25
171.0
169.75
169.75
169.5
169.0
169.0
168.25
168.0
168.0
168.0
168.0
168.0
168.0
167.75
168.0
168.25
168.25
168.5
171.25
171.25
173.25
172.0
172.0
174.5
173.75
173.75
169.75
170.75
170.75
170.75
168.5
169.0
169.0
169.5
168.5
168.0
168.0
167.5
166.75
166.75
165.75
164.0
164.0
162.25
161.5
161.5
162.5
160.5
160.5
163.5
165.5
165.5
165.5
165.5
165.5
162.0
162.0
162.0
160.25
160.0
160.0
160.0
160.25
160.25
159.5
159.25
159.25
159.25
159.0
160.0
160.0
160.5
160.5
161.25
161.5
161.5
162.25
162.25
164.25
166.25
166.25
164.25
164.5
164.5
164.5
164.75
164.75
164.75
165.0
165.5
165.5
165.5
165.5
165.5
165.5
166.0
166.75
166.75
166.0
168.5
168.5
168.5
168.5
164.25
164.25
165.0
169.75
169.75
164.75
165.5
165.5
165.5
166.0
166.0
166.0
165.75
165.75
165.5
165.5
165.5
165.0
165.0
165.0
165.0
166.0
167.75
167.75
167.5
168.5
168.5
166.0
171.0
171.5
171.5
169.75
169.75
171.25
172.25
172.25
174.75
171.5
171.5
170.5
170.75
169.75
169.75
168.25
167.5
167.5
168.25
168.0
168.0
167.5
167.0
167.0
167.0
167.0
166.75
166.75
166.75
166.75
167.0
166.0
166.0
166.75
166.25
166.25
165.75
166.75
166.75
164.5
165.0
165.0
166.5
166.5
166.5
166.5
166.5
166.5
166.5
166.5
166.5
166.25
166.25
148.125
130.0
111.875
93.75
75.625
57.5
57.5
57.5
57.25
57.25
57.25
57.25
57.25
57.5
57.5
57.25
57.25
57.25
57.5
75.5
93.5
111.5
129.5
147.5
165.5
165.0
165.0
164.75
164.0
163.75
163.75
163.75
164.5
164.5
165.5
164.75
164.75
163.75
163.75
163.75
164.0
163.5
163.5
162.75
162.5
162.5
163.5
164.0
164.0
164.0
163.25
163.25
161.75
161.0
161.0
161.25
160.75
160.5
160.5
161.0
161.75
161.75
162.0
162.75
162.75
163.25
162.0
162.0
161.75
163.25
163.25
164.0
164.5
164.5
164.25
164.5
164.5
164.5
164.5
164.25
164.25
164.25
164.0
164.0
163.75
163.5
163.5
163.5
163.75
163.75
163.75
164.25
164.25
164.5
164.75
164.75
165.0
165.5
165.5
165.0
164.5
165.0
165.0
165.0
165.5
165.5
165.0
165.0
165.0
165.0
165.0
165.0
165.0
165.5
165.5
165.5
165.75
166.0
166.0
166.0
166.25
166.25
166.25
166.25
166.25
166.25
166.25
166.25
166.25
166.5
166.75
166.75
166.5
166.0
166.0
166.5
165.5
166.25
166.25
166.25
165.75
165.75
164.75
165.5
165.5
165.75
166.0
166.0
166.0
166.0
166.0
165.75
165.75
165.75
165.75
165.5
165.5
165.0
165.0
166.0
166.0
166.25
166.75
166.75
166.75
167.0
167.5
167.5
168.0
167.75
167.75
167.5
166.75
166.75
166.5
166.5
166.5
166.25
166.25
166.0
166.0
165.75
165.75
165.75
166.25
166.0
166.0
167.0
166.75
165.5
165.5
166.25
166.25
166.25
166.5
166.0
166.0
167.5
165.75
165.75
165.0
164.25
164.25
164.0
164.0
165.5
165.5
165.0
166.5
166.5
167.0
165.5
165.5
165.5
165.0
165.0
164.5
165.0
166.5
166.5
168.0
167.75
167.75
168.0
167.0
167.0
166.25
165.75
165.75
166.25
166.0
166.25
166.25
166.0
166.0
166.0
166.0
166.75
166.75
165.0
164.5
164.5
166.25
166.25
166.75
166.75
166.75
166.75
166.75
167.0
166.25
166.25
169.5
168.0
167.75
167.75
167.5
167.0
167.0
167.0
164.75
164.75
170.0
172.0
172.0
172.0
172.0
172.0
172.0
172.0
172.0
167.75
168.5
168.5
170.75
170.75
168.25
169.5
169.5
171.5
172.0
171.5
171.5
171.0
171.5
171.5
172.5
172.5
172.75
172.75
172.75
173.5
173.5
173.5
173.75
175.5
176.0
176.0
177.0
177.25
177.25
177.25
178.25
178.25
175.75
175.75
180.0
184.25
184.25
179.0
178.0
178.75
178.75
178.0
177.75
177.25
177.25
178.0
177.75
177.0
177.0
176.75
175.75
175.75
175.75
175.75
174.0
174.0
172.25
172.0
172.0
170.75
171.5
171.5
170.0
170.0
169.75
169.75
170.0
170.0
169.25
167.75
167.75
168.0
167.5
167.5
166.25
166.25
166.0
166.5
166.5
166.75
166.5
166.5
166.5
166.5
166.5
166.5
166.25
166.5
166.5
166.5
174.75
174.75
174.75
174.75
174.75
174.75
175.0
173.8
172.6
171.4
170.2
169.0
169.0
168.0
168.0
168.0
168.0
168.0
168.0
168.0
168.0
168.0
168.0
167.75
168.0
168.0
167.7
167.4
167.1
166.8
166.5
166.5
168.5
168.5
166.75
166.75
167.0
167.75
167.75
165.5
172.25
172.25
172.25
158.25
167.75
167.75
166.0
164.5
164.5
163.25
162.5
162.5
163.25
162.75
162.75
162.0
161.75
161.75
161.0
160.5
160.5
160.5
161.25
161.25
162.0
161.75
161.75
162.0
162.25
162.0
162.0
160.25
160.25
162.0
161.0
161.0
161.25
161.25
159.5
159.5
160.75
162.0
162.0
161.25
161.25
161.25
161.25
161.25
161.25
161.5
161.5
161.5
161.5
161.25
151.0
151.0
151.0
145.75
145.75
146.0
146.0
145.75
145.75
145.75
145.75
145.75
145.75
145.75
145.75
146.61363636363637
147.47727272727272
148.3409090909091
149.20454545454547
150.0681818181818
150.9318181818182
151.79545454545453
152.6590909090909
153.52272727272728
154.38636363636363
155.25
155.25
152.25
152.25
151.75
153.75
153.75
147.0
147.0
142.0
146.0
146.0
143.25
143.25
139.75
139.75
138.5
138.5
138.5
138.5
138.5
138.25
138.25
138.25
138.25
129.25
128.5
128.5
125.0
125.0
120.5
120.5
116.5
116.5
113.5
113.5
111.0
111.0
111.0
111.0
111.0
111.0
111.0
111.0
111.0
111.0
111.0
111.0
110.75
112.07142857142857
113.39285714285714
114.71428571428571
116.03571428571429
117.35714285714286
118.67857142857143
120.0
120.0
120.0
118.75
118.75
117.75
117.75
117.5
117.5
118.25
118.5
118.5
119.25
119.25
120.0
120.0
120.25
120.25
122.5
122.5
122.5
122.5
122.5
122.5
122.5
122.25
122.25
122.5
122.5
122.5
122.5
122.5
122.5
122.5
120.43181818181819
118.36363636363636
116.29545454545455
114.22727272727272
112.1590909090909
110.0909090909091
108.02272727272727
105.95454545454545
103.88636363636364
101.81818181818181
99.75
99.75
99.5
99.5
99.75
99.75
99.75
100.0
100.0
99.75
99.75
100.0
100.0
100.0
100.0
100.0
99.49107142857143
98.98214285714286
98.47321428571429
97.96428571428571
97.45535714285714
96.94642857142857
96.4375
95.92857142857143
95.41964285714286
94.91071428571429
94.40178571428571
93.89285714285714
93.38392857142857
92.875
92.36607142857143
91.85714285714286
91.34821428571429
90.83928571428571
90.33035714285714
89.82142857142857
89.3125
88.80357142857143
88.29464285714286
87.78571428571429
87.27678571428571
86.76785714285714
86.25892857142857
85.75
85.75
84.0
84.0
84.0
83.25
83.25
83.25
83.75
83.75
83.75
84.0
84.0
83.75
83.75
83.75
83.75
84.0
84.0
83.75
83.75
84.75
84.75
84.75
84.75
86.5
86.5
86.5
93.25
93.25
93.25
92.25
92.25
92.25
92.25
94.0
94.0
94.0
91.75
91.75
92.0
92.0
92.0
92.0
92.0
92.0
91.75
91.75
91.75
91.25
91.25
92.25
92.25
92.0
92.0
92.0
91.5
91.5
91.25
91.25
91.25
91.25
91.25
91.5
91.5
91.5
92.25
92.25
92.25
90.5
90.5
90.5
90.5
90.5
90.5
90.25
90.25
90.25
90.25
94.0
94.0
91.75
91.75
90.5
90.5
90.5
90.5
90.5
90.5
90.5
90.5
90.5
90.5
90.5
90.25
90.25
91.0
91.75
92.5
93.25
94.0
94.75
95.5
96.25
97.0
97.75
98.5
99.25
100.0
100.75
101.5
102.25
102.25
102.25
102.25
102.25
102.25
102.25
102.5
102.5
102.5
102.5
102.5
102.25
77.0
77.0
77.0
77.0
77.0
78.0
78.0
78.0
78.0
78.0
77.0
77.0
77.0
76.75
76.75
76.75
76.75
79.0
79.0
79.0
79.0
79.0
79.0
79.0
79.0
78.75
78.75
79.0
79.0
78.6
78.2
77.8
77.4
77.0
77.0
77.0
76.0
76.0
76.0
76.0
76.0
76.0
76.0
76.0
76.0
76.0
76.0
73.75
73.75
73.75
75.25
75.25
75.25
75.25
75.25
75.25
75.25
75.5
75.5
75.5
75.5
75.25
79.40789473684211
83.5657894736842
87.72368421052632
91.88157894736842
96.03947368421052
100.19736842105263
104.35526315789474
108.51315789473685
112.67105263157895
116.82894736842105
120.98684210526316
125.14473684210526
129.30263157894737
133.46052631578948
137.6184210526316
141.7763157894737
145.93421052631578
150.0921052631579
154.25
154.25
153.25
155.0
155.0
154.5
154.5
152.5
151.5
151.5
150.25
150.25
151.25
148.75
148.75
148.0
148.0
147.0
146.0
146.0
146.0
139.25
137.25
137.25
131.5
122.5
122.5
122.5
122.5
122.25
122.25
122.25
122.25
122.5
122.5
128.5
128.5
130.5
130.5
133.5
133.5
134.5
137.0
137.0
139.25
139.25
139.75
139.75
139.75
139.75
130.75
128.5
128.5
130.75
130.75
130.75
132.75
149.75
149.75
150.5
152.5
152.5
143.5
148.0
148.0
152.25
150.5
150.5
150.0
150.0
149.0
145.75
145.75
145.0
145.0
144.5
141.0
141.0
144.0
129.75
129.75
129.5
129.5
124.0
124.0
124.0
122.5
122.5
122.5
122.5
122.5
122.5
122.25
122.25
122.5
122.5
122.5
122.5
122.5
124.72727272727273
126.95454545454545
129.1818181818182
131.4090909090909
133.63636363636363
135.86363636363637
138.0909090909091
140.3181818181818
142.54545454545453
144.77272727272728
147.0
147.0
146.75
145.5
145.5
148.0
148.0
147.75
147.75
148.0
148.0
148.0
148.0
147.75
148.0
148.0
148.4
148.8
149.2
149.6
150.0
150.0
149.5
149.5
147.0
148.25
148.25
149.0
149.0
149.0
149.75
149.75
150.25
150.25
150.25
149.75
149.75
148.5
148.5
146.25
147.0
147.0
149.25
149.25
151.75
153.25
153.25
150.0
150.0
153.25
148.25
148.25
153.5
156.25
156.25
153.5
152.25
152.25
152.5
152.5
152.5
151.0
151.0
151.0
151.25
151.75
151.75
151.25
151.25
151.25
151.25
149.0
149.0
150.0
150.0
148.75
150.25
150.25
150.25
150.25
150.25
150.25
150.25
150.25
150.5
150.5
150.5
150.5
150.5
151.25
152.0
152.75
153.5
154.25
155.0
155.75
156.5
157.25
158.0
158.75
158.75
160.0
159.0
159.0
160.0
156.5
156.5
155.75
155.75
155.75
155.75
152.0
152.0
150.0
150.0
148.25
148.25
149.0
149.0
149.25
149.25
149.25
148.75
148.75
150.0
154.5
154.5
158.5
159.0
159.0
160.0
160.5
162.75
162.75
162.25
162.25
162.25
162.25
162.25
162.25
162.25
162.5
171.5
168.5
168.5
169.0
169.75
169.75
170.0
170.5
171.0
171.0
169.75
170.0
170.0
170.5
168.5
171.0
171.0
169.5
169.25
169.25
166.5
168.25
168.25
165.75
167.75
167.75
168.5
166.75
166.75
166.25
161.25
161.25
158.25
157.0
157.0
157.25
157.25
157.0
157.0
157.0
161.5
151.0
151.0
158.0
158.0
158.75
160.75
163.5
163.5
163.25
168.25
168.25
165.5
164.75
164.75
164.5
166.5
166.5
167.5
167.0
169.25
169.25
169.0
171.25
171.25
172.25
171.25
171.25
171.25
170.75
173.25
174.5
174.5
175.0
175.0
176.0
176.0
173.5
173.5
174.75
175.0
175.0
175.5
175.5
175.75
175.75
175.0
176.0
176.0
176.25
176.25
176.25
176.75
176.75
178.25
178.25
178.0
178.0
177.25
177.25
178.25
176.25
176.25
177.0
174.0
174.0
174.0
174.0
175.75
175.75
175.75
174.5
172.75
172.75
174.75
175.75
175.75
175.75
175.75
181.75
181.75
181.25
182.75
182.75
175.5
169.25
167.75
167.75
158.5
158.5
158.5
172.5
173.75
171.5
171.5
171.5
173.25
174.5
174.5
175.0
175.0
173.5
173.5
175.0
174.5
174.5
175.0
175.0
175.75
175.75
173.75
173.75
173.75
172.5
172.5
171.5
171.5
172.5
171.25
171.25
171.25
171.25
172.5
172.5
174.0
173.5
176.75
174.75
174.75
175.0
176.25
176.25
175.5
174.75
176.0
176.0
179.75
177.75
177.75
178.75
177.25
177.75
177.25
177.25
177.0
176.25
176.25
175.5
175.5
177.0
177.0
175.0
174.0
174.0
173.75
172.75
171.25
171.25
173.25
173.5
173.5
172.0
169.75
170.5
170.5
171.25
172.5
173.75
173.75
175.5
172.0
172.0
169.5
171.25
171.0
171.0
174.0
175.5
175.5
176.25
176.75
176.75
169.25
169.25
169.25
169.5
169.5
169.25
169.5
169.5
169.25
168.04166666666666
166.83333333333334
165.625
164.41666666666666
163.20833333333334
162.0
162.0
159.25
159.25
159.25
159.25
159.25
159.5
159.5
159.5
159.5
159.5
159.5
153.6818181818182
147.86363636363637
142.04545454545453
136.22727272727272
130.4090909090909
124.5909090909091
118.77272727272727
112.95454545454545
107.13636363636364
101.31818181818181
95.5
95.5
96.0
96.0
95.0
95.0
95.0
97.0
97.0
89.5
89.5
89.5
88.75
88.75
88.75
88.75
90.5
90.5
91.75
91.75
91.75
94.0
94.0
100.75
100.75
101.25
101.25
101.25
101.25
101.5
101.5
101.5
101.5
101.5
101.5
101.5
101.5
101.5
113.4
125.3
137.2
149.1
161.0
161.0
162.5
163.5
163.5
163.5
165.75
165.75
167.75
167.0
167.0
167.75
167.75
167.75
167.75
167.75
167.75
168.0
168.0
168.0
168.0
168.0
166.91666666666666
165.83333333333334
164.75
163.66666666666666
162.58333333333334
161.5
160.41666666666666
159.33333333333334
158.25
159.25
159.25
157.75
157.75
154.75
154.75
154.0
154.0
152.5
153.25
153.25
153.25
153.5
153.5
152.75
152.75
150.75
149.5
149.5
150.25
150.25
150.25
150.25
150.5
150.25
150.25
150.25
150.25
143.0
143.0
143.0
143.75
143.75
143.25
143.25
143.25
143.25
143.5
143.5
143.5
143.5
143.5
143.5
143.5
143.5
143.5
143.25
143.25
144.25
144.25
143.75
143.75
143.75
143.75
143.75
143.75
143.75
144.0
143.75
143.75
143.75
143.75
143.75
140.89583333333334
138.04166666666666
135.1875
132.33333333333334
129.47916666666666
126.625
123.77083333333333
120.91666666666667
118.0625
115.20833333333333
112.35416666666667
109.5
106.64583333333333
103.79166666666667
100.9375
98.08333333333334
95.22916666666667
92.375
89.52083333333334
86.66666666666667
83.8125
80.95833333333334
78.10416666666667
75.25
75.25
75.25
74.0
74.0
74.0
74.0
74.0
74.0
74.0
74.0
73.75
73.75
73.75
73.75
85.35
96.95
108.55
120.15
131.75
131.75
132.25
132.25
132.25
133.5
133.5
135.0
135.0
135.5
139.0
139.0
139.0
139.0
139.0
138.75
139.0
139.0
138.75
138.75
138.75
139.0
139.0
140.91666666666666
142.83333333333334
144.75
146.66666666666666
148.58333333333334
150.5
150.5
148.25
147.0
147.0
146.0
146.0
145.5
146.0
146.0
145.25
145.25
143.25
143.25
143.25
143.25
143.25
143.25
143.5
143.5
143.5
143.5
139.5
142.0
142.0
142.0
142.0
142.0
142.0
142.0
142.0
141.75
141.75
140.75
146.0
146.0
143.5
143.5
144.5
144.5
149.0
149.0
149.0
152.75
156.75
156.75
160.5
158.75
158.75
161.5
165.75
165.75
165.75
180.0
168.25
168.25
168.25
168.25
168.25
168.25
168.25
168.25
168.5
168.5
165.04166666666666
161.58333333333334
158.125
154.66666666666666
151.20833333333334
147.75
147.5
147.5
146.25
148.0
148.0
149.25
149.25
150.25
150.75
150.75
150.0
149.75
149.75
149.0
149.0
149.75
149.75
149.75
149.75
149.75
149.75
150.0
149.75
149.75
161.25
149.25
149.25
149.25
149.25
149.5
149.5
162.75
162.75
166.25
168.25
168.25
168.25
167.0
167.0
168.0
168.0
170.0
173.5
169.75
169.75
166.75
171.25
171.25
169.75
170.5
172.0
172.0
172.0
172.0
176.0
176.0
186.25
185.25
185.25
185.25
185.25
185.25
185.25
185.25
185.5
185.5
185.5
185.25
185.5
183.79166666666666
182.08333333333334
180.375
178.66666666666666
176.95833333333334
175.25
173.54166666666666
171.83333333333334
170.125
168.41666666666666
166.70833333333334
165.0
165.75
165.75
165.75
168.0
168.0
169.5
168.5
168.5
164.25
163.75
163.75
166.5
173.5
173.5
173.75
175.0
175.0
167.0
166.25
166.25
166.5
169.25
167.75
167.75
169.75
170.75
170.75
167.0
170.0
169.0
169.0
171.5
170.0
170.0
169.5
168.0
168.0
168.0
168.0
172.25
168.25
168.25
169.0
172.0
172.0
169.25
168.25
168.25
166.75
169.25
169.25
167.75
168.25
168.25
168.5
168.5
157.5
157.5
157.25
157.25
157.25
157.5
157.25
157.25
157.25
157.25
157.25
157.5
159.4
161.3
163.2
165.1
167.0
169.25
169.25
167.5
167.5
167.5
167.75
170.75
170.75
170.75
167.75
167.75
170.5
171.5
174.75
174.75
169.5
170.5
170.5
175.75
166.25
166.25
168.5
164.0
164.0
164.0
163.75
165.5
165.5
166.0
166.5
167.0
167.0
167.0
167.0
167.0
167.0
167.0
167.0
167.0
167.0
167.0
166.25
165.5
165.5
165.5
165.5
165.5
165.25
165.25
165.25
165.25
167.0
166.75
166.75
169.5
171.25
174.0
174.0
169.25
170.0
170.0
167.75
169.0
168.0
168.0
169.0
169.75
169.75
170.0
170.5
170.5
170.75
167.0
167.75
167.75
172.25
171.0
171.5
171.5
171.5
170.75
170.75
170.75
170.75
171.0
171.0
170.75
171.0
172.5
172.5
172.25
170.5
170.5
172.0
171.5
171.5
171.0
170.75
170.75
170.75
171.25
172.25
172.25
170.5
173.25
172.75
172.75
172.0
170.75
170.75
170.75
171.0
172.5
172.5
175.75
166.5
169.5
169.5
168.25
171.25
171.25
169.5
172.25
176.25
176.25
167.0
169.25
169.25
172.0
171.5
171.5
172.25
172.25
172.25
172.25
172.25
172.5
172.5
174.0
174.0
171.25
171.25
169.75
172.75
169.25
169.25
169.75
170.5
170.5
169.0
168.25
168.25
169.0
169.0
169.0
169.0
169.0
169.0
168.75
169.0
176.75
176.75
176.75
176.75
176.75
177.0
177.0
177.0
176.75
174.375
172.0
169.625
167.25
164.875
162.5
162.5
160.25
153.75
154.25
154.25
155.5
155.5
155.5
155.5
155.5
155.5
155.5
155.5
155.5
155.5
160.0
162.75
162.75
167.75
163.5
163.5
163.5
163.5
163.5
163.5
163.5
163.5
163.25
163.5
163.25
163.25
163.9090909090909
164.5681818181818
165.22727272727272
165.88636363636363
166.54545454545453
167.20454545454547
167.86363636363637
168.52272727272728
169.1818181818182
169.8409090909091
170.5
170.0
169.75
169.75
169.25
169.5
169.5
169.25
170.75
170.75
170.75
169.5
169.75
169.75
169.25
170.5
170.5
169.25
166.5
166.5
165.75
165.75
162.25
167.75
167.75
167.75
154.5
154.5
160.25
162.0
162.0
162.0
155.25
161.75
165.5
165.5
160.0
160.0
160.0
160.0
160.0
160.0
160.0
160.0
159.75
159.75
159.75
159.75
160.01470588235293
160.27941176470588
160.5441176470588
160.80882352941177
161.0735294117647
161.33823529411765
161.60294117647058
161.86764705882354
162.13235294117646
162.39705882352942
162.66176470588235
162.9264705882353
163.19117647058823
163.4558823529412
163.72058823529412
163.98529411764707
164.25
164.25
164.25
164.25
164.25
164.5
164.5
164.5
164.5
164.5
164.5
164.5
164.5
164.5
164.475
164.45
164.425
164.4
164.375
164.35
164.325
164.3
164.275
164.25
166.25
171.25
171.25
167.0
166.25
166.25
163.25
161.25
161.25
163.75
163.75
163.75
163.75
163.75
163.75
163.75
164.0
164.0
164.0
161.59375
159.1875
156.78125
154.375
151.96875
149.5625
147.15625
144.75
142.0
142.0
140.75
140.75
143.75
143.75
143.75
144.0
144.0
144.0
144.0
143.75
147.5
153.5
153.5
151.75
151.75
150.5
150.5
137.5
137.5
144.25
144.25
143.5
143.5
148.25
150.25
150.25
149.75
147.5
147.5
148.75
148.75
143.25
132.0
132.0
137.5
137.5
137.5
140.75
141.0
141.0
143.25
143.25
143.25
143.25
143.25
143.25
143.5
143.5
143.5
143.5
143.5
143.79166666666666
144.08333333333334
144.375
144.66666666666666
144.95833333333334
145.25
145.25
144.5
144.5
144.5
142.5
142.5
140.75
140.75
143.25
143.25
143.0
143.0
146.5
146.5
148.5
148.5
148.5
148.5
148.5
148.25
148.25
148.5
148.5
144.75
144.25
144.25
146.5
146.5
148.25
150.0
150.0
151.75
151.75
151.5
151.5
151.5
151.5
151.25
151.25
151.5
151.5
151.5
148.75
148.75
145.5
143.75
143.75
144.75
144.75
144.25
144.25
144.0
144.0
144.75
144.75
145.75
147.0
147.0
149.0
147.5
147.5
147.5
147.5
144.5
143.25
143.25
143.75
143.75
143.25
145.5
145.5
147.25
147.25
145.5
146.25
146.25
143.5
143.5
143.5
145.75
145.75
143.25
143.25
146.5
147.75
147.75
150.0
151.75
151.75
148.5
148.5
151.75
151.75
151.75
150.5
150.75
150.75
151.75
151.75
151.75
151.75
151.75
151.75
152.0
151.75
151.75
146.5
146.25
146.25
147.25
147.25
148.0
146.75
146.75
149.0
149.25
149.25
150.0
150.0
149.0
148.25
148.25
148.5
148.5
148.25
149.0
149.0
150.5
151.0
151.0
150.5
150.5
150.5
150.5
150.5
150.25
150.25
150.5
150.5
150.5
152.75
158.25
158.25
157.75
161.0
161.0
160.75
160.75
160.75
160.75
160.75
152.5
156.0
156.0
149.25
149.25
146.0
145.25
145.25
145.0
145.0
145.0
143.75
143.75
144.25
144.25
143.0
143.0
141.25
142.75
142.75
142.5
142.5
142.5
145.25
145.25
146.25
146.25
146.75
147.75
147.75
148.0
147.0
147.0
148.0
148.0
150.5
150.25
150.25
153.25
153.25
153.5
153.5
153.25
153.25
153.25
150.25
160.0
160.0
153.0
159.25
159.25
168.5
172.5
172.5
169.75
169.25
165.5
165.5
170.0
166.0
166.0
162.0
162.25
162.25
159.0
158.0
158.0
156.5
156.5
153.75
152.25
152.25
151.25
151.25
150.75
149.25
149.25
150.0
150.0
148.0
148.0
147.75
147.25
147.25
146.75
146.5
146.5
147.5
147.5
149.25
151.0
151.0
153.25
153.25
156.25
155.25
155.25
155.25
155.25
155.25
155.5
155.5
155.5
155.5
159.0
166.5
166.5
162.5
171.0
170.75
170.75
170.75
170.75
171.0
171.0
170.75
163.25
163.25
163.75
164.25
164.25
165.5
165.5
167.5
164.25
164.25
162.75
167.5
167.5
166.5
172.5
172.5
161.25
163.25
163.25
162.5
162.5
162.5
162.5
162.5
162.5
162.5
162.5
162.5
162.5
162.5
162.5
159.25
159.25
157.75
160.25
160.25
160.75
160.75
160.75
160.75
160.75
161.0
161.0
160.75
163.75
163.75
163.75
166.75
163.5
163.5
169.0
175.75
165.75
165.75
172.25
176.25
176.25
172.0
162.75
162.75
162.75
162.75
163.0
163.0
163.0
162.75
162.75
162.5
162.5
163.5
163.5
163.5
162.5
162.75
162.75
162.75
162.75
162.75
163.0
163.0
163.0
161.0
161.0
160.75
160.75
168.0
168.0
160.25
172.25
172.25
166.0
165.5
165.5
167.5
166.25
166.25
166.5
166.75
166.75
170.0
170.0
165.5
169.25
168.25
168.25
168.25
168.5
167.0
166.0
166.0
166.25
166.5
166.5
166.0
166.25
166.25
164.75
162.0
162.0
163.25
161.5
161.5
162.75
162.0
162.0
162.0
167.0
167.0
163.25
163.25
171.5
167.75
167.75
167.0
167.0
175.75
161.25
172.0
172.0
169.25
172.25
172.25
167.75
167.5
167.5
167.5
168.5
169.25
169.25
166.75
166.25
166.25
164.75
169.25
157.25
157.25
162.0
162.75
162.75
169.25
166.75
166.75
164.75
163.75
163.75
164.0
164.0
164.0
165.75
165.75
171.5
177.0
177.0
177.0
176.75
176.75
177.0
177.0
170.5
170.5
170.5
170.5
170.5
170.5
170.5
170.5
170.5
173.75
173.75
170.0
166.25
166.25
166.25
167.5
167.5
168.0
168.25
168.25
167.0
167.75
167.75
166.5
167.75
167.75
167.5
161.25
161.25
163.5
161.0
161.0
151.75
151.75
151.75
163.75
163.75
158.75
158.75
163.75
163.75
162.0
171.25
169.25
169.25
169.25
169.25
174.0
174.0
169.0
156.5
156.5
163.75
165.0
169.75
169.75
169.5
169.5
176.0
176.0
176.0
176.0
175.75
175.75
175.75
167.75
167.75
169.25
166.5
166.75
166.75
166.0
166.0
162.25
164.0
164.0
164.0
153.25
153.25
153.25
153.0
153.0
159.5
160.75
160.75
161.5
166.0
166.0
168.25
161.25
161.25
168.0
168.0
165.75
165.75
165.75
165.75
165.75
165.75
166.0
166.0
166.0
166.0
166.0
166.0
166.0
166.0
166.0
165.08333333333334
164.16666666666666
163.25
162.33333333333334
161.41666666666666
160.5
160.0
160.0
160.75
161.5
161.5
158.25
158.25
160.0
158.0
158.0
157.75
158.75
158.75
160.5
159.5
159.5
162.25
161.0
161.0
166.5
166.5
177.75
177.75
177.75
177.75
177.75
177.75
178.0
178.0
177.75
177.75
177.75
170.75
170.75
165.5
169.0
169.0
165.75
165.0
162.5
162.5
164.25
161.75
161.75
156.75
156.75
164.5
164.5
164.5
164.5
164.5
164.5
164.5
164.5
164.5
164.5
164.5
164.5
164.25
163.16666666666666
162.08333333333334
161.0
159.91666666666666
158.83333333333334
157.75
154.75
154.75
158.0
158.0
157.75
157.5
158.0
158.0
145.5
145.5
148.75
148.75
149.75
152.25
152.25
153.25
153.75
153.75
155.75
155.75
155.75
158.0
158.0
146.5
148.75
148.75
152.25
152.25
152.75
154.75
154.75
155.5
156.75
156.75
160.0
160.0
159.75
159.75
159.75
159.75
160.0
160.0
160.0
159.75
159.75
159.75
158.79166666666666
157.83333333333334
156.875
155.91666666666666
154.95833333333334
154.0
152.75
152.75
151.75
151.75
151.25
151.5
151.5
151.0
151.0
151.0
150.5
150.5
149.75
151.0
151.0
149.0
149.0
149.25
149.25
148.0
148.0
148.5
148.25
148.25
148.5
151.5
151.5
151.25
153.25
153.25
153.5
153.5
153.5
154.5
154.5
154.0
151.0
151.0
151.5
150.5
150.5
152.5
152.5
153.25
152.75
152.75
153.0
157.0
157.0
157.0
157.0
157.0
157.0
157.0
157.0
157.0
145.5
145.5
150.0
150.0
149.75
148.25
148.25
149.25
149.0
149.0
150.0
151.75
151.75
151.75
152.0
152.0
152.0
152.0
152.0
151.75
143.75
143.75
151.5
151.5
153.25
153.5
153.5
153.5
151.25
152.0
152.0
151.0
149.0
149.0
152.25
152.25
152.25
152.25
152.25
152.25
152.25
152.25
152.25
152.25
147.25
147.25
146.5
158.0
158.0
156.75
156.75
159.0
159.0
154.25
144.0
144.0
144.0
144.0
144.0
144.0
144.0
143.75
143.75
152.75
152.75
152.75
149.5
149.5
148.5
148.5
145.75
145.75
146.0
145.25
145.25
145.5
145.5
145.5
145.25
145.25
145.25
145.25
146.75
146.75
145.0
146.25
146.25
150.0
150.75
150.75
153.25
152.75
152.75
154.5
154.5
154.5
155.0
155.0
157.25
155.25
155.25
153.5
154.5
154.5
154.25
154.25
154.5
154.5
154.25
161.5
161.5
152.25
152.5
152.5
152.5
152.25
152.25
152.25
154.75
158.0
158.0
155.75
156.0
156.0
158.0
158.0
154.25
158.0
158.0
156.5
157.0
157.0
156.75
155.75
155.75
152.75
152.25
152.25
153.75
153.75
154.5
152.75
152.75
152.25
153.5
153.5
153.0
153.75
153.75
155.25
155.0
155.0
156.0
156.0
156.25
158.75
158.75
156.25
157.0
157.0
158.25
156.0
156.0
155.75
159.25
159.25
157.75
159.5
159.5
159.0
159.0
159.0
159.0
158.75
158.75
156.75
152.0
152.0
154.75
154.75
154.75
154.0
153.75
153.75
153.0
153.0
155.0
154.5
154.5
159.5
161.5
161.5
160.0
160.5
160.5
160.0
139.0
139.0
134.25
134.25
134.25
134.25
134.25
134.5
134.5
134.25
134.25
134.5
139.46428571428572
144.42857142857142
149.39285714285714
154.35714285714286
159.32142857142858
164.28571428571428
169.25
167.75
167.5
167.5
166.5
165.75
165.75
165.0
163.75
163.75
161.75
162.0
162.0
163.5
161.0
161.0
159.0
156.25
156.25
157.25
157.75
157.75
159.5
162.0
162.0
164.0
168.0
168.0
169.5
169.5
167.0
167.0
167.0
168.25
170.75
170.75
165.5
164.25
164.25
166.25
169.25
169.25
172.0
172.5
171.5
171.5
167.5
168.25
168.25
169.25
168.5
168.5
168.5
167.0
169.5
169.5
170.5
169.75
169.75
169.0
169.0
169.0
169.75
171.0
169.0
169.0
169.5
169.25
169.25
168.0
170.75
170.75
166.25
168.0
169.25
169.25
171.0
170.75
170.75
170.0
170.0
172.75
174.5
174.5
172.75
177.25
177.25
173.5
172.5
172.5
173.5
173.25
172.75
172.75
172.5
171.5
171.5
173.25
173.25
172.75
172.75
173.75
171.25
171.25
172.75
176.25
176.25
176.25
173.25
177.0
172.0
172.0
172.5
172.5
172.5
172.5
172.5
172.5
172.5
172.25
172.25
172.25
172.5
172.52777777777777
172.55555555555554
172.58333333333334
172.61111111111111
172.63888888888889
172.66666666666666
172.69444444444446
172.72222222222223
172.75
172.75
172.5
174.0
173.25
173.25
173.75
174.75
174.75
174.75
175.0
175.0
175.0
175.0
174.75
174.5
174.5
175.75
174.0
174.0
174.0
174.0
174.0
174.0
174.5
174.0
174.75
174.75
175.5
176.0
176.0
175.75
175.75
175.75
176.0
176.0
176.75
176.75
176.25
176.25
176.25
177.0
177.0
177.25
176.75
179.0
178.0
178.0
182.0
182.0
179.75
179.75
178.25
179.25
179.0
179.0
181.25
182.75
181.0
181.0
182.5
186.0
185.75
185.75
185.75
185.75
180.75
180.75
180.0
179.75
180.25
180.25
182.0
179.75
178.0
178.0
178.0
178.0
181.25
181.25
174.75
177.75
177.75
180.0
174.75
177.25
177.25
175.75
176.0
177.0
177.0
178.0
177.0
176.75
176.75
174.0
179.0
177.25
177.25
177.75
174.5
175.0
175.0
177.0
176.25
176.75
176.75
177.25
176.25
179.75
179.75
177.75
178.0
181.75
181.75
174.0
172.0
172.0
176.75
174.5
174.5
174.5
174.75
176.0
176.0
175.5
177.75
177.25
177.25
179.75
179.75
181.0
183.0
183.0
179.0
179.0
181.75
181.75
182.75
182.0
183.0
183.0
181.75
181.75
182.75
182.75
182.75
183.0
183.0
182.75
182.75
182.0
184.25
182.75
182.75
183.0
182.5
182.0
182.0
183.0
182.0
182.0
182.0
182.0
182.0
182.0
182.0
180.75
181.0
181.0
182.75
182.75
182.5
182.75
181.75
181.75
182.75
181.75
181.75
181.75
182.0
182.0
182.0
181.75
181.25
181.25
181.75
181.75
184.25
182.75
186.25
188.0
188.0
186.75
187.0
186.25
187.75
187.75
188.0
188.0
184.25
186.0
184.25
187.75
187.75
188.75
188.75
186.75
187.5
185.25
185.25
183.75
183.5
182.75
182.75
181.75
181.0
181.0
181.0
183.75
181.25
185.5
185.5
185.25
185.25
185.25
185.25
185.25
185.25
188.5
188.5
184.25
182.0
181.75
181.75
182.5
181.75
182.5
186.25
186.25
183.75
186.25
183.75
183.75
184.75
182.75
185.5
185.5
184.25
181.75
181.75
180.0
180.0
180.75
180.25
180.0
180.0
180.0
180.25
185.5
185.5
186.0
181.0
181.0
180.25
177.75
177.0
178.0
178.0
177.75
178.75
178.75
176.75
173.75
173.75
173.75
173.75
173.75
174.0
174.0
174.0
180.25
180.25
180.25
180.25
180.25
180.5
180.5
180.25
180.25
180.25
180.5
180.5
170.98076923076923
161.46153846153845
151.94230769230768
142.4230769230769
132.90384615384616
123.38461538461539
113.86538461538461
104.34615384615384
94.82692307692307
85.30769230769229
75.78846153846153
66.26923076923076
56.75
56.75
56.75
56.5
56.5
56.5
56.5
56.5
56.5
56.5
56.5
56.5
60.5
60.5
60.5
60.25
60.25
60.25
60.25
60.25
60.25
60.25
60.25
60.5
67.77941176470588
75.05882352941177
82.33823529411765
89.61764705882354
96.8970588235294
104.17647058823529
111.45588235294117
118.73529411764706
126.01470588235294
133.2941176470588
140.5735294117647
147.85294117647058
155.13235294117646
162.41176470588235
169.69117647058823
176.97058823529412
184.25
184.25
184.5
184.5
184.25
184.25
184.25
184.25
184.25
184.25
184.5
184.5
184.5
