136.5
136.5
136.75
136.75
139.0
139.0
139.5
139.5
137.75
137.75
136.5
136.5
136.25
136.25
136.25
136.5
136.5
137.0
136.0
136.0
138.5
138.5
140.25
140.25
140.25
140.0
139.25
139.25
138.25
138.25
138.25
140.75
143.25
143.25
142.0
142.5
142.5
143.25
143.25
144.5
145.0
145.0
145.5
145.5
145.75
147.0
147.0
146.5
146.5
146.25
145.5
145.5
145.0
145.0
145.0
145.25
145.25
145.25
145.25
145.75
145.5
145.5
145.5
145.5
145.75
145.75
146.25
146.25
145.0
145.5
145.5
144.0
144.0
144.0
142.5
142.5
141.75
142.0
142.0
142.75
142.75
143.75
144.5
144.5
143.75
143.75
144.25
143.5
143.5
144.0
144.0
145.0
142.5
142.5
143.25
143.25
143.25
143.25
143.75
143.75
143.75
144.0
144.0
143.75
143.75
144.75
144.75
145.5
145.25
145.25
145.0
145.0
145.25
145.25
144.75
144.75
144.5
144.5
144.0
143.25
143.25
143.25
143.25
143.25
142.25
142.25
141.75
141.25
141.25
141.25
141.25
140.5
140.5
140.5
140.5
140.75
141.5
142.25
142.25
142.25
143.75
145.5
145.5
146.25
146.5
146.5
146.25
145.0
145.0
143.5
143.5
142.0
142.0
141.5
141.5
142.25
142.75
142.75
141.5
141.5
142.5
143.25
143.25
144.25
144.25
144.5
144.25
144.25
144.5
144.5
143.75
143.0
143.0
143.5
143.5
144.25
144.5
144.5
144.5
144.5
145.0
145.0
145.0
144.5
143.5
143.5
141.5
141.5
141.5
141.5
142.0
142.75
142.75
144.0
144.5
144.5
144.5
145.75
145.75
145.0
145.0
145.5
145.5
145.0
144.25
144.25
144.0
144.0
144.0
144.5
144.5
145.25
145.25
145.0
145.25
145.25
146.0
146.0
146.0
147.0
147.5
147.5
147.5
147.0
147.0
146.5
146.5
146.5
146.5
145.75
145.75
145.75
146.25
146.25
147.0
147.0
147.0
147.25
147.75
147.75
148.0
148.0
148.25
148.25
148.25
148.25
148.25
147.75
147.0
147.0
147.0
146.5
146.5
147.0
147.0
147.0
148.25
148.25
148.0
148.0
148.5
147.75
147.75
149.25
149.25
149.25
149.0
149.0
148.75
149.0
149.0
148.75
149.25
149.25
149.25
149.25
149.75
149.75
149.5
148.75
148.75
147.75
147.75
147.75
149.0
150.0
150.0
149.75
148.75
148.75
148.25
148.25
145.75
147.75
147.75
147.25
147.25
147.25
147.25
147.25
147.0
147.0
147.5
148.5
148.5
148.25
150.0
150.0
150.0
150.0
149.75
149.25
149.25
148.5
148.5
149.0
149.0
148.75
148.75
148.0
148.0
147.25
147.0
147.0
147.0
147.0
147.0
147.0
147.0
147.0
148.25
148.25
148.25
148.25
147.75
147.75
148.5
146.5
146.5
147.25
147.25
147.0
146.75
146.75
146.75
146.75
146.75
146.75
147.0
147.0
146.75
147.5
147.5
148.0
148.0
148.5
148.0
148.0
147.5
147.25
147.25
147.5
147.5
146.5
146.5
147.25
146.75
146.75
146.75
146.75
147.0
147.0
147.5
148.0
148.0
147.5
147.5
148.25
148.25
148.5
149.5
149.5
148.5
148.5
148.25
147.0
147.0
147.0
146.75
146.75
146.75
147.75
147.25
147.25
149.0
149.0
149.5
149.25
149.25
149.0
149.0
148.0
148.0
148.0
148.25
148.0
148.0
147.75
147.75
147.75
147.75
147.75
147.5
148.0
148.0
147.75
147.75
148.0
147.75
147.75
148.5
148.5
148.5
148.5
148.5
149.0
149.0
149.25
149.25
148.75
148.75
150.0
150.0
150.0
150.0
149.0
148.5
148.5
147.25
147.5
147.5
147.5
147.5
147.75
147.75
147.75
147.5
147.5
147.5
147.5
147.5
147.25
148.25
148.25
149.0
148.25
148.25
148.5
148.5
148.25
148.75
148.75
148.25
148.25
149.25
149.5
149.5
149.25
149.5
149.5
149.75
149.75
149.5
149.5
149.25
149.25
149.0
148.75
148.75
148.75
148.75
149.0
148.25
148.25
148.75
149.0
149.0
148.75
148.75
148.25
147.75
147.75
147.75
147.75
147.0
146.25
146.25
146.75
147.0
147.0
147.75
147.75
147.75
147.75
147.75
148.0
148.0
148.0
148.0
148.0
147.25
147.75
147.75
148.0
148.0
148.0
147.0
147.0
147.25
147.25
147.5
147.75
147.75
148.0
149.25
149.25
149.75
149.75
149.5
148.5
148.5
148.25
148.25
148.25
147.75
147.75
148.0
148.5
148.5
149.25
149.25
148.5
148.5
148.5
148.75
148.75
148.75
148.75
148.75
149.0
148.75
148.75
148.25
148.5
148.5
149.75
149.5
149.5
149.75
149.75
149.5
150.0
150.0
149.5
149.5
148.75
148.75
148.75
148.75
149.25
149.25
149.5
149.5
148.0
147.5
147.5
147.5
147.5
148.5
148.25
148.25
148.25
149.5
149.5
149.0
149.0
148.0
147.0
147.0
146.75
146.75
146.5
147.0
147.0
147.0
147.5
147.5
147.5
147.5
147.5
147.0
147.0
147.5
147.5
147.25
146.75
146.75
146.75
147.25
147.25
147.25
147.25
147.25
147.0
147.0
147.25
147.25
147.75
148.0
148.0
148.5
148.5
148.5
148.25
148.25
148.25
148.0
148.0
147.0
147.0
146.25
146.25
146.25
146.25
146.75
146.75
147.0
147.0
147.25
147.25
147.25
147.0
147.0
147.0
148.0
148.0
147.25
148.0
148.0
146.5
146.5
146.25
147.0
147.0
147.25
147.25
147.5
147.25
147.25
148.25
148.0
148.0
148.5
148.5
147.25
146.25
146.25
146.75
146.75
146.5
146.0
146.0
146.25
146.25
145.75
147.0
147.0
147.0
148.5
148.5
148.75
148.75
148.5
147.75
147.75
147.25
147.25
147.5
147.0
147.0
146.75
146.75
146.75
146.75
146.75
147.0
146.0
146.0
146.5
146.5
146.0
146.0
146.0
146.75
146.75
147.0
147.5
147.5
147.0
145.75
145.75
146.0
146.0
146.0
145.5
145.5
146.0
146.0
147.0
147.25
147.25
145.5
145.5
145.5
146.0
146.0
147.0
147.0
145.0
147.75
147.75
147.0
147.0
147.0
146.75
146.75
145.0
147.75
147.75
146.5
146.5
147.0
145.75
145.75
145.75
145.75
145.75
145.5
145.5
145.5
145.5
144.75
146.5
146.5
147.5
147.25
147.25
147.5
147.5
146.75
146.0
146.0
146.0
146.0
147.0
146.5
146.5
146.5
146.5
146.25
146.25
145.0
145.0
144.25
145.0
145.0
145.0
146.0
145.5
145.5
145.5
145.5
145.0
146.5
146.5
147.5
147.5
146.0
145.75
145.75
145.0
145.0
145.5
147.0
147.0
146.5
146.25
146.25
146.0
146.0
146.0
145.75
145.75
145.5
145.5
145.0
144.25
144.25
144.25
144.25
145.75
145.0
145.0
145.25
145.25
145.75
144.75
144.75
145.0
145.0
145.5
145.75
145.75
145.0
144.75
144.75
145.0
144.25
144.25
145.0
145.0
145.0
145.0
145.0
144.75
144.75
145.0
145.0
145.25
145.75
145.75
145.75
145.75
146.75
147.0
147.0
147.0
147.0
148.5
149.25
149.25
149.25
151.0
151.0
151.5
151.75
151.75
151.75
151.75
152.25
153.0
153.0
153.75
152.75
153.0
153.0
152.75
152.75
152.75
153.0
153.0
155.0
155.0
154.0
153.0
153.0
154.5
153.75
153.75
153.5
152.75
152.75
153.5
153.5
152.75
152.5
152.5
153.5
152.75
152.75
152.25
151.5
151.5
153.75
154.0
154.0
153.75
153.75
153.5
153.25
153.25
153.75
152.25
152.25
152.75
153.25
153.25
152.5
152.5
153.25
152.5
152.5
152.0
152.75
152.75
153.0
153.25
153.25
153.5
153.5
152.75
151.75
151.75
152.75
153.0
153.0
153.25
153.0
153.0
153.0
152.0
151.25
151.25
151.0
150.0
150.0
150.0
150.0
150.0
150.0
149.75
149.75
149.75
149.5
149.5
148.5
148.5
149.75
149.75
149.75
150.0
149.25
149.25
149.5
149.5
150.0
149.25
149.25
150.0
150.0
150.0
150.75
150.75
150.0
150.5
150.5
150.5
150.0
150.0
149.75
149.75
149.5
149.5
149.5
149.25
150.0
150.0
150.0
150.0
150.0
150.0
150.0
150.0
150.75
150.75
151.0
152.0
152.0
152.0
152.0
152.0
152.25
152.25
152.5
152.25
152.25
152.5
152.75
152.75
152.75
152.75
153.25
152.5
152.5
152.75
153.5
153.5
153.25
152.75
152.75
152.25
152.25
152.0
152.75
152.75
153.25
154.5
154.5
154.0
154.0
154.0
153.75
153.75
153.5
153.25
153.25
153.0
152.75
152.75
153.0
152.5
152.5
153.25
153.25
152.5
152.25
152.25
152.5
152.0
152.0
152.25
152.25
152.25
152.25
152.0
152.0
151.75
151.75
151.0
150.25
150.25
152.0
152.0
150.5
150.5
150.5
150.75
150.5
150.5
151.0
151.0
151.5
151.75
151.75
152.0
152.25
152.25
152.0
152.0
152.0
152.0
152.0
151.5
150.75
150.75
151.0
150.75
150.75
151.0
150.75
150.75
150.0
150.0
149.0
148.5
148.5
149.5
149.5
149.5
150.25
150.25
150.0
150.0
150.0
150.25
150.25
150.0
150.0
150.0
149.75
149.0
149.0
148.0
148.0
148.0
148.0
148.0
148.0
148.0
148.0
148.75
148.75
149.5
149.0
149.0
149.0
150.0
150.0
149.25
149.25
149.5
149.5
149.5
147.5
147.5
147.5
147.5
147.5
148.75
148.75
148.75
148.75
148.75
148.5
148.5
148.5
149.0
147.25
147.25
147.0
147.0
147.0
147.0
145.75
145.75
145.75
146.25
146.25
146.0
146.0
146.0
146.5
146.5
146.5
147.25
147.5
147.5
147.5
148.0
148.0
148.25
148.25
148.25
148.25
148.0
147.75
147.75
148.0
147.5
147.5
148.25
148.25
147.0
145.75
145.75
146.0
146.0
146.0
146.0
146.0
146.0
146.0
146.5
147.0
147.0
146.5
146.75
146.75
146.5
146.5
147.25
147.0
147.0
147.0
147.0
147.0
147.25
147.25
146.75
146.5
146.5
146.25
146.25
145.5
145.75
145.75
146.25
146.25
146.25
147.75
147.75
147.75
147.75
147.75
147.25
147.25
147.0
146.5
146.5
147.25
147.25
147.0
146.75
146.75
147.0
147.0
147.0
147.0
147.0
147.0
147.0
147.0
146.5
146.5
146.5
146.5
146.5
146.75
146.75
147.0
148.0
148.0
149.0
148.0
148.0
147.5
147.5
148.0
146.25
146.25
146.75
146.75
146.75
147.75
147.75
146.75
146.25
146.25
145.75
145.75
145.5
146.0
146.0
145.5
145.5
146.25
147.25
147.25
147.5
147.5
146.75
147.75
147.75
147.75
147.0
147.0
147.0
147.0
146.0
147.0
147.0
145.0
145.0
146.5
146.75
146.75
145.0
145.0
145.0
145.25
145.25
146.25
146.25
146.0
147.0
147.0
147.0
147.5
147.5
147.0
147.0
147.5
147.5
147.5
145.75
145.75
147.0
146.5
146.5
145.25
145.25
145.5
145.75
145.75
145.75
145.75
145.75
147.0
147.0
146.25
146.25
146.25
146.5
146.5
146.5
147.0
147.0
147.0
147.0
145.5
147.5
147.5
145.5
145.5
146.25
145.75
145.75
145.0
147.0
147.0
146.5
146.5
146.5
146.25
146.25
147.25
147.25
147.0
147.25
147.25
147.5
147.75
147.75
147.0
147.0
146.5
146.25
146.25
146.25
146.25
146.75
146.75
146.75
146.25
146.25
145.5
147.0
147.0
147.0
147.0
147.0
147.5
147.5
147.5
147.75
147.75
147.5
147.5
147.0
147.75
147.75
147.5
146.75
146.75
147.0
147.0
146.25
146.25
146.25
146.0
146.0
145.25
145.5
145.5
146.0
145.5
145.5
145.75
145.75
146.0
145.75
145.75
146.25
146.25
146.5
146.0
146.0
145.75
145.75
146.0
147.5
147.5
146.75
146.75
145.5
145.5
146.0
145.0
145.0
145.0
145.0
144.5
145.0
145.0
144.75
144.75
145.0
145.25
145.25
145.0
145.0
146.25
146.5
146.5
147.0
147.0
145.75
146.5
146.5
146.5
147.0
147.0
146.5
146.5
146.25
145.75
145.75
145.75
145.75
146.25
147.0
147.0
146.5
146.5
146.5
146.5
145.75
145.75
145.0
145.0
144.75
144.75
144.75
144.25
144.25
145.25
145.0
145.0
145.25
145.25
145.25
145.0
145.0
146.0
146.25
146.25
145.5
145.5
145.5
145.5
144.75
144.0
144.0
144.5
145.25
145.25
146.0
146.0
145.5
145.75
145.75
146.75
146.75
147.0
147.0
147.0
146.25
146.25
146.25
145.25
145.25
145.0
144.5
144.5
145.25
145.25
144.75
145.0
145.0
144.75
144.75
144.75
144.75
144.75
145.0
145.0
144.75
145.75
145.75
146.5
146.5
146.5
146.25
146.25
146.0
146.0
145.5
145.25
145.25
145.5
145.25
145.25
146.0
146.0
145.5
145.5
146.0
146.5
146.5
146.0
146.0
146.0
146.0
145.5
145.5
145.5
145.75
145.75
145.0
145.0
145.25
145.0
145.0
145.0
145.0
145.0
145.0
145.0
145.0
145.0
145.0
145.0
145.0
145.0
145.0
145.0
144.75
145.0
145.0
146.0
146.0
147.0
146.25
146.25
147.0
147.0
147.0
147.0
147.0
147.0
146.0
146.0
145.5
145.5
146.25
145.75
145.75
146.25
146.25
145.5
145.25
145.25
145.25
146.25
145.75
145.75
145.5
145.5
146.75
146.75
146.5
145.75
145.75
146.25
146.25
146.5
146.0
146.0
146.5
146.0
146.0
145.75
145.75
147.0
146.75
146.75
146.0
146.0
145.75
146.25
146.25
146.75
146.75
147.25
145.5
145.5
145.25
145.25
145.25
144.75
144.75
144.0
144.25
144.25
144.25
143.75
144.5
144.5
144.25
144.25
145.0
145.75
145.75
145.5
145.5
145.75
146.5
146.5
146.25
146.25
146.0
146.0
147.0
146.25
146.25
147.0
146.25
146.25
145.75
145.75
145.75
145.0
145.0
145.0
145.25
145.25
145.5
145.5
145.0
145.0
145.0
145.0
145.0
145.0
145.0
144.75
144.75
145.75
145.75
145.25
145.25
145.25
145.25
145.25
145.5
145.5
145.25
146.5
146.5
145.5
145.5
145.25
145.25
145.25
145.75
145.75
145.0
144.5
144.5
145.5
145.5
145.0
145.25
145.25
145.25
145.75
145.75
145.5
146.25
146.25
145.75
145.75
146.5
145.75
145.75
146.75
146.75
145.75
145.75
145.75
145.5
145.25
145.25
146.0
146.0
146.5
145.75
145.75
145.0
145.0
145.25
146.0
146.0
145.0
145.0
144.75
144.0
144.0
145.5
145.5
144.75
144.5
144.5
143.5
143.5
144.75
145.0
145.0
145.5
145.5
145.75
147.0
147.0
146.75
147.0
147.0
147.0
147.0
147.0
147.25
147.25
147.75
147.75
147.75
148.25
148.25
147.5
147.75
147.75
147.75
149.5
149.5
150.0
150.0
150.0
149.75
149.75
150.5
150.5
150.5
152.25
152.25
151.5
151.25
151.25
151.25
151.5
151.5
152.25
152.25
151.25
151.5
151.5
151.0
151.25
151.25
151.5
151.5
151.25
151.25
151.25
151.25
151.75
151.75
150.25
151.25
151.25
152.5
152.5
153.0
153.25
153.25
151.5
151.75
151.75
152.25
151.0
151.0
152.0
152.0
151.75
152.0
152.0
151.5
152.25
152.25
150.25
150.25
150.0
150.25
150.25
151.0
150.0
150.0
149.75
149.75
149.75
149.75
149.75
149.75
150.25
150.25
149.75
149.75
149.75
150.0
149.75
150.0
150.0
149.75
150.5
150.5
150.25
150.25
150.5
151.0
151.0
151.5
151.5
151.5
153.0
152.75
152.75
153.0
153.0
154.0
153.75
153.75
154.5
153.75
153.75
153.5
153.25
153.25
153.0
153.0
151.25
153.25
153.25
152.0
151.5
151.5
152.0
152.25
152.25
152.75
152.75
153.75
153.5
153.5
153.5
154.5
154.5
153.25
154.0
154.0
153.0
153.0
153.25
153.0
153.0
153.5
153.25
153.25
153.5
153.5
154.0
154.0
153.25
154.5
154.5
154.25
154.25
154.25
153.75
153.75
154.25
154.25
154.25
153.5
153.25
153.25
154.5
154.5
154.5
153.5
155.25
155.25
153.75
153.75
153.25
153.75
153.75
154.0
154.0
154.0
152.25
152.25
153.5
153.75
154.0
154.0
155.25
155.25
155.25
154.25
154.25
153.75
153.25
153.25
152.75
152.75
153.75
152.75
152.75
153.0
154.25
154.25
153.5
153.25
153.25
152.25
151.5
151.5
151.5
151.5
150.75
151.25
151.25
151.0
150.25
150.25
151.5
151.5
151.25
151.25
151.25
150.0
149.25
149.25
149.25
149.25
149.75
149.75
149.75
150.0
149.5
149.5
149.5
149.5
148.75
149.25
149.25
148.75
149.5
149.5
149.25
149.25
149.75
150.0
150.0
149.75
150.5
150.5
150.25
150.25
149.5
148.75
148.75
147.75
147.75
148.25
147.25
147.25
147.75
147.75
147.75
147.5
147.5
147.75
147.5
147.5
146.75
146.75
147.0
148.25
148.25
147.5
147.25
147.25
147.5
147.5
147.25
146.25
146.25
146.5
146.5
146.0
146.0
146.0
146.5
146.5
145.5
144.25
144.25
144.75
144.75
145.75
145.25
145.25
145.25
145.25
145.25
145.25
145.25
145.25
145.25
145.0
145.0
144.0
143.75
143.75
145.75
145.75
145.75
145.0
144.5
144.5
145.25
145.25
146.0
145.0
145.0
146.5
146.5
145.0
145.0
144.75
143.0
143.0
141.5
141.5
141.0
141.0
141.25
143.0
143.0
142.25
142.25
140.75
140.25
140.25
139.5
139.5
141.5
143.25
143.25
141.25
141.25
140.25
140.25
140.5
140.5
138.5
139.25
139.25
139.75
139.75
139.5
139.5
140.75
139.75
139.75
139.75
139.75
140.0
139.75
139.75
139.25
139.25
140.25
141.0
141.0
139.75
139.75
139.75
139.75
139.75
139.75
139.75
139.75
139.75
140.0
140.0
137.25
137.25
136.75
138.25
138.25
140.25
140.0
140.0
140.0
140.0
140.5
140.5
140.5
140.25
140.25
140.5
140.5
141.0
142.5
142.5
143.0
143.0
143.5
144.75
144.75
145.0
146.5
146.5
147.75
147.75
148.25
149.0
149.0
149.5
148.75
148.75
150.0
150.0
149.0
148.5
148.5
148.0
148.0
147.0
147.5
147.5
145.5
145.5
139.5
139.5
139.25
139.25
139.25
139.25
139.25
139.25
139.25
139.25
139.25
139.5
138.45
137.4
136.35
135.3
134.25
135.0
135.0
135.5
135.5
135.5
135.5
133.75
133.75
131.5
129.0
129.0
126.5
126.5
127.5
127.5
128.0
128.0
128.0
128.0
128.0
120.75
120.75
119.25
119.25
121.75
124.25
124.25
125.75
125.75
124.75
124.75
124.5
124.5
126.25
126.25
128.5
129.25
129.25
130.25
130.25
131.0
131.0
134.5
134.75
134.75
135.0
135.0
135.5
135.5
136.75
136.75
137.0
141.25
141.25
143.0
142.0
142.0
141.5
141.5
141.75
141.75
142.0
142.5
142.5
142.25
142.25
143.5
143.75
143.75
142.25
142.25
141.0
140.25
140.25
140.5
140.5
139.75
139.75
140.75
140.25
140.25
141.5
141.5
142.0
143.25
143.25
144.5
145.5
145.5
147.75
147.75
147.25
149.0
149.0
149.75
150.0
150.0
150.25
150.25
150.5
149.75
149.75
149.25
149.25
148.25
147.25
147.25
146.25
146.25
145.0
145.0
145.0
144.5
144.5
143.75
144.0
144.0
143.75
143.75
145.0
145.25
145.25
144.5
144.5
142.25
141.75
141.75
142.5
142.5
142.75
142.25
142.25
141.75
141.75
141.0
141.0
138.5
138.5
139.0
138.25
138.25
137.75
137.75
138.75
139.0
139.0
139.75
139.75
140.75
143.0
143.0
143.25
144.25
144.25
144.75
144.75
144.75
145.0
145.0
145.0
145.0
145.0
145.0
144.75
143.75
143.75
144.0
144.0
144.25
144.25
144.25
143.5
143.5
142.75
142.75
143.0
142.75
142.75
143.25
143.25
143.25
143.5
143.5
144.25
144.25
144.25
144.25
146.0
146.0
146.25
146.25
146.25
147.25
147.25
148.0
148.75
148.75
149.75
149.75
150.0
150.25
150.25
150.0
149.5
149.5
149.0
149.0
149.0
147.25
147.25
145.5
145.5
144.75
144.5
144.5
145.0
145.0
145.75
145.75
145.75
145.5
145.5
145.75
145.75
145.75
145.0
145.0
144.25
144.75
144.75
144.5
144.5
144.25
144.25
144.25
144.75
144.25
144.25
145.0
145.0
147.0
146.25
146.25
146.25
146.25
147.0
146.5
146.5
146.5
146.5
146.5
145.0
145.0
145.0
145.0
144.5
144.0
144.0
144.25
144.25
144.0
143.25
143.25
141.0
141.0
139.5
139.5
139.5
139.5
139.5
139.75
139.75
141.0
142.25
142.25
142.75
142.75
143.5
145.25
145.25
146.0
146.75
146.75
145.75
145.75
145.5
146.0
146.0
145.0
145.0
145.0
145.0
145.0
145.0
145.0
145.0
145.0
145.0
144.75
144.75
145.5
146.0
146.0
146.0
146.0
147.0
147.75
147.75
148.0
149.0
149.0
150.0
150.0
150.25
149.5
149.5
149.25
149.0
149.0
148.25
148.25
147.5
147.25
147.25
147.0
147.0
146.75
146.5
146.5
146.75
146.75
147.25
147.0
147.0
146.75
147.25
147.25
147.25
147.25
147.5
147.5
147.5
148.75
149.75
149.75
149.75
149.75
150.25
150.5
150.5
150.5
150.75
150.75
151.0
152.5
152.5
154.25
154.25
155.25
155.25
155.25
155.25
155.25
155.25
155.25
155.25
155.25
155.25
155.25
155.25
155.25
155.25
155.25
155.6875
156.125
156.5625
157.0
157.4375
157.875
158.3125
158.75
159.1875
159.625
160.0625
160.5
160.5
160.5
157.0
157.0
160.25
162.5
162.5
160.25
161.25
161.25
161.0
161.0
160.25
161.25
161.25
161.25
159.5
157.25
157.25
155.5
154.5
154.5
153.75
153.75
153.0
151.75
151.75
151.75
151.75
149.75
149.75
147.75
146.25
146.25
145.25
145.25
145.0
145.25
145.25
145.5
146.0
146.0
147.5
147.5
146.5
146.75
146.75
146.75
146.75
146.5
147.25
147.25
147.25
147.5
147.5
148.0
148.0
148.0
148.0
148.0
147.25
147.25
147.5
147.0
147.0
146.75
146.5
146.5
146.5
146.5
147.0
147.5
147.5
147.0
147.0
147.0
146.75
146.75
146.75
147.0
147.0
147.0
147.5
148.75
148.75
149.0
149.0
149.5
149.5
149.75
150.0
150.0
150.25
150.25
150.25
150.25
150.75
150.75
150.75
151.5
151.5
151.5
151.75
151.75
151.75
151.25
151.25
151.0
150.5
150.5
150.25
151.0
151.0
151.0
151.0
151.25
152.25
152.25
151.75
151.5
151.5
151.0
152.25
152.25
152.0
153.0
153.0
153.5
153.5
153.5
154.75
154.75
155.25
155.0
155.0
155.25
155.5
155.5
155.75
156.5
156.5
156.5
157.0
157.0
156.75
157.25
157.25
158.0
158.25
158.25
158.25
158.25
158.25
158.5
159.0
159.0
160.0
160.0
160.25
160.25
159.5
159.5
160.25
160.25
160.75
160.75
161.75
161.75
161.5
161.5
161.5
162.0
161.5
161.5
162.5
162.25
162.25
161.75
162.0
162.0
163.25
163.25
163.25
163.25
164.0
163.5
163.5
162.5
163.25
163.25
161.5
162.25
162.5
162.5
161.5
162.0
161.25
161.25
160.0
160.0
159.5
160.0
160.0
158.0
158.0
157.75
157.75
157.75
158.25
158.25
157.5
157.0
155.0
155.0
154.75
154.75
151.5
151.5
150.5
150.75
150.75
151.75
151.75
151.5
151.5
150.25
150.0
150.0
150.0
150.25
150.25
152.25
152.25
154.5
154.5
155.5
154.75
154.75
155.75
155.75
155.25
155.25
155.25
155.5
155.5
156.0
156.25
156.25
156.5
156.5
157.25
157.25
157.25
157.0
160.0
160.0
159.25
161.75
162.25
162.25
163.5
162.75
162.75
161.75
161.25
161.25
161.5
161.25
161.25
160.75
160.5
160.5
161.25
160.5
160.5
161.0
163.25
163.25
163.75
164.25
164.25
164.5
163.75
163.75
164.0
163.5
163.5
164.25
164.25
164.25
163.75
162.5
162.5
160.75
160.75
160.75
160.75
160.25
160.25
160.5
161.0
161.0
161.0
161.75
161.75
162.0
161.5
161.5
162.75
162.75
159.25
159.5
159.25
159.25
158.75
160.0
160.0
160.25
160.5
160.5
161.0
160.5
160.5
161.5
162.25
162.25
160.75
160.0
160.0
159.5
159.5
160.0
160.0
160.0
160.0
160.0
159.25
159.5
159.5
158.75
158.75
158.75
158.75
159.5
159.5
160.25
160.75
160.75
161.0
160.5
160.5
160.5
160.5
160.5
160.25
160.25
160.75
160.75
160.75
160.0
160.0
161.75
161.75
160.5
160.25
160.25
159.25
160.25
160.25
159.5
159.5
159.5
158.5
159.25
159.25
158.5
158.25
158.25
158.0
157.75
157.75
158.25
158.0
158.0
154.75
154.75
153.25
153.25
153.25
152.75
152.75
153.5
153.0
153.0
153.25
153.25
153.25
153.75
153.75
153.25
154.0
154.0
152.75
152.75
152.75
152.5
153.0
153.0
153.25
153.25
153.0
153.0
153.0
153.0
152.75
152.75
153.0
152.5
152.5
153.0
152.75
152.75
152.0
152.0
151.25
150.75
150.75
151.25
151.0
151.0
149.25
149.25
144.5
144.5
142.5
141.25
141.25
140.0
140.0
139.5
138.25
138.25
135.25
135.25
133.0
133.0
134.25
134.25
137.25
137.25
137.25
135.0
135.0
132.0
132.0
131.75
131.75
131.75
132.75
132.75
134.25
134.25
137.0
137.0
137.0
137.0
137.0
138.25
138.25
139.5
139.5
141.5
144.25
144.25
146.0
146.0
146.0
145.0
145.0
144.25
144.5
144.5
144.0
144.0
142.25
142.25
142.0
143.0
143.0
143.25
141.75
141.75
140.0
140.0
138.75
138.75
139.5
140.0
140.0
139.75
139.75
139.25
139.25
139.5
140.25
140.25
141.25
141.25
142.75
143.75
143.75
145.25
145.25
145.5
145.5
145.5
145.75
145.75
146.25
146.5
146.5
147.0
147.0
147.0
147.0
147.0
146.0
145.25
145.25
145.25
145.25
145.0
144.0
144.0
140.75
140.75
140.25
140.5
140.5
138.75
138.75
136.75
136.75
136.25
136.25
134.25
133.5
133.5
134.25
134.25
136.25
136.25
137.0
136.75
136.75
135.75
135.75
135.75
130.0
128.75
128.75
133.0
136.0
136.0
137.0
137.0
137.25
137.25
137.25
137.0
137.0
134.5
134.5
133.5
133.5
133.5
133.5
132.0
132.0
132.0
132.0
131.25
133.25
133.25
137.0
137.0
138.5
139.25
139.25
139.5
139.5
139.75
139.75
139.75
139.5
139.5
139.5
139.5
139.5
137.75
137.75
136.75
136.75
137.0
137.0
137.25
137.5
137.5
138.75
138.75
140.25
141.0
141.0
141.75
141.75
141.0
141.0
142.25
142.25
143.25
143.25
143.25
144.25
144.75
144.75
145.0
144.5
144.5
145.0
145.0
145.0
144.0
144.0
141.0
141.0
134.75
134.75
130.75
130.75
129.5
129.5
128.5
130.5
130.5
132.75
132.75
134.75
134.75
136.0
137.5
137.5
138.0
138.0
135.0
135.0
134.75
134.75
135.75
135.5
135.5
135.75
135.75
135.75
135.75
136.25
136.75
136.75
136.75
136.75
138.25
138.25
138.5
137.75
137.75
137.25
137.25
137.0
137.0
137.25
138.0
138.0
138.5
138.5
139.0
139.75
139.75
141.0
141.0
141.0
141.0
141.0
141.25
141.25
141.25
141.25
141.0
140.75
140.75
140.75
140.75
141.25
142.25
142.25
142.25
142.25
142.75
143.5
143.5
144.5
144.5
145.0
145.0
145.0
144.5
144.5
143.75
143.5
143.5
143.25
143.25
142.0
142.0
142.0
140.75
140.75
138.25
138.25
138.25
138.5
138.5
138.5
138.5
139.5
139.5
139.0
137.75
137.75
137.5
137.5
136.25
136.25
137.75
140.75
140.75
143.5
143.5
144.0
145.5
145.5
145.75
146.75
146.75
146.0
146.0
146.25
147.0
147.0
147.0
147.0
147.75
147.75
149.5
149.25
149.25
149.75
150.25
150.25
150.75
152.0
152.0
152.25
152.25
152.25
152.5
152.75
152.75
152.25
152.25
151.75
150.25
150.25
149.5
149.0
149.0
149.5
149.5
150.0
150.5
150.5
151.0
150.75
150.75
149.5
149.5
150.0
151.0
151.0
150.75
150.75
150.5
150.75
150.75
150.5
150.0
150.0
150.0
150.75
150.75
151.5
151.5
149.5
149.0
149.0
150.0
151.0
151.0
150.75
150.75
150.5
150.0
150.0
150.0
150.0
150.0
150.0
150.0
147.0
146.75
146.75
148.25
147.75
147.75
146.25
146.25
147.0
148.5
148.5
149.0
148.25
148.25
146.75
146.75
150.0
151.75
151.75
154.5
155.25
155.25
155.25
156.0
156.5
156.5
155.25
155.25
154.75
155.5
155.5
155.0
155.5
155.5
155.0
153.25
153.25
153.25
153.0
153.0
153.5
153.5
152.75
152.75
152.75
154.5
154.0
154.0
152.75
151.75
151.75
152.0
151.5
151.5
150.75
150.75
150.0
149.25
149.25
150.0
150.0
150.0
151.0
150.25
150.25
150.25
150.25
151.25
152.0
152.0
151.75
151.75
152.25
151.75
151.75
150.75
150.75
150.5
150.5
151.25
152.0
152.0
153.0
153.25
153.25
153.75
153.75
153.5
154.0
154.0
154.5
154.75
154.75
155.25
155.25
155.5
155.25
155.25
156.75
156.75
156.5
158.25
158.25
157.75
156.5
156.5
157.75
158.0
158.0
157.5
156.25
156.25
155.0
155.0
154.75
157.0
157.0
156.5
156.5
156.5
155.25
156.0
156.0
155.75
156.5
156.5
156.75
157.5
157.5
156.25
158.0
158.0
156.25
156.25
156.25
156.0
156.5
156.5
155.5
155.5
155.5
154.5
154.5
154.0
154.25
154.25
154.25
154.75
154.75
155.0
156.75
156.75
156.25
156.0
156.0
156.0
156.25
156.25
156.0
155.0
155.0
155.5
153.75
153.75
154.75
153.75
153.75
154.5
154.5
154.75
154.75
154.75
156.0
156.0
155.5
156.0
156.0
155.75
156.25
156.25
154.5
152.5
152.5
151.0
151.0
151.0
150.0
150.0
150.0
151.25
151.25
150.75
150.25
150.25
150.0
150.0
150.5
151.25
151.25
152.75
154.0
154.0
154.0
154.0
152.5
153.5
153.5
153.0
153.75
153.75
154.25
154.25
153.75
153.25
153.25
153.75
153.75
153.75
152.75
152.75
151.5
150.5
150.5
150.0
150.0
149.25
148.75
148.75
147.5
147.5
144.75
142.5
142.5
142.75
142.75
144.25
144.75
144.75
144.5
145.25
145.25
145.0
145.0
145.5
146.75
146.75
147.0
147.0
146.75
147.0
147.0
147.25
148.25
148.25
148.75
148.75
148.5
148.75
148.75
149.75
149.75
149.75
150.0
150.0
151.25
151.5
151.5
151.0
151.25
151.25
150.75
150.75
149.75
149.75
152.0
151.0
152.5
152.5
152.5
152.25
152.25
152.75
152.75
152.75
151.5
151.5
152.0
152.0
151.75
151.75
150.5
150.5
150.5
145.0
145.0
145.0
146.5
146.5
145.75
145.75
146.0
146.0
145.75
145.75
145.75
145.75
147.25
147.25
149.75
151.5
151.5
151.25
151.25
151.25
150.5
150.5
150.0
149.5
149.5
150.75
150.75
150.75
151.25
151.25
150.75
150.75
151.5
151.5
151.0
151.25
151.25
152.75
151.0
151.0
151.5
151.5
150.5
150.5
150.5
151.25
151.25
148.5
148.5
144.75
144.75
136.0
136.0
128.5
128.5
124.25
124.25
123.5
123.5
124.75
124.75
128.5
128.5
130.25
132.0
132.0
134.5
134.5
135.75
135.75
134.5
134.5
133.5
133.5
131.75
131.75
131.5
131.5
131.25
131.25
134.75
134.75
134.75
135.5
135.5
135.5
135.5
135.5
135.5
135.5
135.5
135.5
135.5
135.5
131.25
131.5
131.5
135.0
135.25
135.25
135.25
140.25
140.25
142.25
144.75
144.75
145.75
145.75
147.5
149.5
149.5
150.75
151.25
151.25
152.0
153.5
153.5
155.25
156.5
156.5
157.5
157.5
157.5
158.25
158.25
158.25
158.25
160.0
160.0
157.25
157.25
155.5
155.5
153.25
153.25
152.25
151.0
151.0
148.0
148.0
133.0
133.0
129.25
129.25
126.75
126.75
125.25
125.25
123.0
123.0
121.25
123.0
123.0
125.25
125.25
127.25
127.25
128.5
128.5
128.5
128.5
128.5
128.25
128.25
128.25
128.5
128.5
128.5
128.5
130.14705882352942
131.7941176470588
133.44117647058823
135.08823529411765
136.73529411764707
138.38235294117646
140.02941176470588
141.6764705882353
143.3235294117647
144.97058823529412
146.61764705882354
148.26470588235293
149.91176470588235
151.55882352941177
153.2058823529412
154.85294117647058
156.5
156.5
155.75
155.0
155.0
153.0
153.0
151.75
151.75
151.75
151.75
152.0
152.0
151.75
151.75
151.75
152.20833333333334
152.66666666666666
153.125
153.58333333333334
154.04166666666666
154.5
154.95833333333334
155.41666666666666
155.875
156.33333333333334
156.79166666666666
157.25
157.70833333333334
158.16666666666666
158.625
159.08333333333334
159.54166666666666
160.0
160.45833333333334
160.91666666666666
161.375
161.83333333333334
162.29166666666666
162.75
162.75
163.5
164.25
165.0
165.0
164.75
164.75
163.25
163.25
158.5
158.5
155.75
155.75
136.75
136.75
130.75
130.25
130.25
129.75
129.75
130.0
128.25
128.25
128.25
128.25
128.25
128.25
127.5
127.5
126.75
126.75
127.0
127.0
129.0
131.25
131.25
136.75
136.75
143.25
144.5
144.5
146.25
145.75
145.75
145.5
145.25
145.25
144.25
144.25
145.0
143.75
143.75
143.5
143.5
143.25
143.25
143.25
143.25
143.25
146.5
146.5
149.25
150.25
150.5
150.5
149.5
149.5
149.5
149.5
149.5
150.0
150.0
150.0
150.75
150.75
149.25
149.25
152.25
152.5
153.0
153.0
152.25
151.75
151.75
151.75
151.75
152.75
155.25
155.25
155.75
155.75
155.75
156.75
156.75
156.25
156.25
156.25
156.25
156.25
154.0
154.0
155.25
154.25
154.25
151.5
147.5
147.5
146.25
146.25
146.5
146.5
146.0
146.0
146.0
146.25
146.25
146.75
146.5
146.5
144.25
144.25
142.75
142.75
136.75
136.75
130.25
130.25
129.5
130.0
130.0
127.25
127.25
128.25
128.25
130.0
133.0
133.0
136.25
136.25
139.5
141.25
141.25
143.0
143.0
143.25
142.0
142.0
142.75
142.75
144.0
145.0
145.0
145.0
145.0
144.25
143.0
143.0
143.25
143.25
142.25
144.25
144.25
144.25
140.75
143.0
143.0
138.5
136.25
136.25
135.5
135.5
135.75
135.75
135.0
135.0
135.25
135.25
136.5
136.5
134.75
132.75
132.75
135.75
135.75
136.25
135.0
135.0
135.25
135.25
133.5
133.5
133.5
133.5
134.25
134.25
135.25
137.25
140.0
140.0
142.25
142.25
142.5
142.0
142.0
143.0
143.0
143.25
144.5
144.5
142.0
142.0
142.0
142.0
141.0
141.0
138.5
138.5
137.25
137.25
135.75
133.25
133.25
131.75
131.75
134.0
134.25
134.25
136.5
136.5
136.5
136.5
137.75
137.25
137.25
138.5
138.25
138.25
137.5
137.5
137.5
137.5
138.0
138.0
135.75
135.75
133.0
133.0
132.75
132.75
132.75
132.25
132.25
132.75
132.75
135.25
137.5
137.5
137.5
137.5
138.5
139.5
139.5
132.0
132.0
132.0
125.5
125.5
125.5
125.5
125.75
126.75
126.75
125.75
125.75
128.5
128.5
128.5
129.0
129.0
130.25
130.25
129.0
129.0
132.0
132.0
132.0
132.0
135.25
135.0
135.0
135.75
135.75
137.25
137.25
139.5
141.25
141.25
141.75
140.5
140.5
137.75
137.75
138.0
138.0
139.75
140.25
140.25
140.75
140.75
142.0
140.0
140.0
140.0
140.0
138.75
138.75
140.75
140.75
140.5
139.5
139.5
139.0
139.0
138.0
136.25
136.25
135.0
135.0
133.5
133.5
133.5
133.5
135.5
135.5
135.5
136.25
136.25
136.75
136.75
135.75
135.75
135.5
135.5
136.25
136.25
140.0
140.0
140.75
140.75
139.25
139.75
139.75
139.75
139.5
140.5
140.5
140.75
141.5
141.5
141.5
138.75
138.5
138.5
136.75
136.75
133.5
133.5
131.25
129.5
129.5
129.5
129.5
130.0
131.5
131.5
131.5
136.5
139.5
139.5
142.25
143.0
143.0
143.25
143.25
143.75
142.5
142.5
141.25
141.25
137.0
137.0
138.25
137.5
137.5
137.75
137.75
139.75
142.0
142.0
143.75
143.75
143.25
143.25
143.5
143.5
138.5
138.0
138.0
135.5
136.5
136.5
136.5
136.25
136.25
137.75
137.75
130.5
131.5
131.5
129.25
132.0
132.0
134.25
134.25
134.5
136.25
136.25
138.5
138.5
138.5
126.75
126.75
127.25
127.25
126.25
128.5
128.5
129.5
129.5
132.75
132.75
135.75
135.75
135.0
135.0
136.0
137.75
137.75
140.0
140.0
141.25
140.75
140.75
140.75
140.75
142.25
142.25
144.25
144.25
145.5
145.5
145.5
143.5
143.5
141.0
141.0
141.25
139.5
139.5
139.25
139.25
138.0
138.0
138.25
138.25
138.25
135.5
135.5
135.5
135.5
135.5
135.5
135.5
135.5
135.5
129.5
129.5
129.5
129.5
129.5
129.5
129.5
129.5
129.25
129.25
129.5
129.5
129.5
125.53125
121.5625
117.59375
113.625
109.65625
105.6875
101.71875
97.75
97.75
97.75
99.0
99.0
99.0
99.0
99.0
99.0
99.0
99.0
98.75
98.75
98.75
99.0
101.55263157894737
104.10526315789474
106.65789473684211
109.21052631578948
111.76315789473685
114.3157894736842
116.86842105263158
119.42105263157895
121.97368421052632
124.52631578947368
127.07894736842105
129.6315789473684
132.18421052631578
134.73684210526315
137.28947368421052
139.8421052631579
142.39473684210526
144.94736842105263
147.5
147.5
145.5
145.5
145.5
145.5
145.5
145.5
145.5
145.5
145.5
145.5
145.25
145.25
143.45
141.65
139.85
138.05
136.25
136.25
136.25
136.25
139.5
139.5
139.25
139.5
139.5
139.5
139.5
140.5
141.75
141.75
143.25
143.25
143.75
144.5
144.5
145.0
145.0
146.5
146.5
147.25
146.5
146.5
146.0
146.0
146.5
145.5
145.5
146.0
147.0
147.0
147.0
147.0
147.0
147.0
147.0
147.0
146.75
146.75
146.75
147.0
147.0
147.25
148.25
148.25
145.0
145.0
145.0
143.75
143.75
143.75
143.75
146.25
145.5
145.5
145.5
145.5
144.25
144.5
144.5
144.75
144.75
146.25
147.25
147.25
147.75
147.75
147.75
147.75
148.0
148.0
148.5
149.5
149.5
150.0
150.0
150.5
150.5
150.5
150.5
150.5
150.5
150.5
150.5
150.0
150.0
150.0
148.75
148.75
148.75
148.75
148.75
148.75
148.25
148.25
148.25
148.25
148.25
148.25
148.25
148.25
148.25
148.25
148.25
148.25
148.25
147.97619047619048
147.70238095238096
147.42857142857142
147.1547619047619
146.88095238095238
146.60714285714286
146.33333333333334
146.0595238095238
145.78571428571428
145.51190476190476
145.23809523809524
144.96428571428572
144.6904761904762
144.41666666666666
144.14285714285714
143.86904761904762
143.5952380952381
143.32142857142858
143.04761904761904
142.77380952380952
142.5
142.5
147.25
149.0
149.0
148.75
150.0
150.0
150.0
148.5
148.5
147.5
148.25
148.25
150.5
148.75
148.75
148.5
148.5
147.75
147.75
147.0
147.0
147.0
147.0
147.0
147.0
147.0
147.0
147.0
147.0
147.0
147.0
147.0
147.0
147.0
147.05555555555554
147.11111111111111
147.16666666666666
147.22222222222223
147.27777777777777
147.33333333333334
147.38888888888889
147.44444444444446
147.5
147.5
147.0
147.0
146.5
147.0
147.0
147.0
147.0
147.0
147.0
147.0
147.0
147.0
147.0
147.0
146.75
146.75
146.75
146.75
146.95
147.15
147.35
147.55
147.75
144.0
144.0
145.0
145.0
148.25
148.25
148.75
148.75
149.75
149.5
149.5
149.5
148.75
148.75
148.5
148.5
151.0
150.25
150.25
149.0
149.0
149.5
149.25
149.25
149.5
149.5
149.5
150.0
150.0
150.25
150.5
150.5
150.5
151.0
151.75
151.75
152.75
153.5
153.5
152.5
152.5
151.5
152.5
152.5
151.25
151.5
151.5
150.0
150.0
150.0
150.25
150.25
149.0
147.75
147.75
147.0
146.5
146.5
146.0
146.0
146.5
147.0
147.0
146.75
146.75
147.5
147.75
147.75
148.0
148.0
149.75
149.75
149.75
149.75
149.75
150.0
150.0
149.5
149.0
149.0
148.25
148.25
148.25
149.25
149.25
149.0
149.25
149.25
151.5
151.25
151.25
151.25
151.25
151.0
151.25
151.25
151.75
151.75
151.5
151.5
151.5
151.5
152.0
152.0
152.5
151.0
151.0
150.75
150.75
151.25
151.25
151.5
151.5
151.75
151.75
152.0
151.25
151.25
151.25
151.25
151.75
151.25
151.25
151.5
151.0
151.0
151.25
152.0
152.0
150.75
150.75
150.75
150.0
150.0
149.75
149.75
150.0
150.5
150.5
150.75
150.25
150.25
150.0
151.25
151.25
151.0
151.0
151.5
152.25
152.25
151.75
152.0
152.0
152.25
152.25
152.5
152.5
152.5
152.25
152.0
152.0
151.5
151.5
151.5
152.0
152.0
152.0
152.25
152.25
152.0
152.5
152.5
152.75
153.0
153.0
153.25
153.25
152.5
152.75
152.75
151.75
151.0
151.0
150.0
150.0
149.25
150.75
150.75
150.25
151.25
151.25
151.5
151.5
150.25
151.0
151.0
151.25
151.25
151.25
150.75
150.75
150.75
150.75
150.75
151.0
151.0
151.0
149.25
149.25
148.5
148.5
147.5
147.5
146.25
145.75
145.75
144.5
144.5
144.0
142.0
142.0
141.25
141.25
136.75
136.75
128.0
128.0
129.25
129.25
131.0
131.0
132.75
135.5
135.5
137.5
137.5
140.75
142.5
142.5
144.25
144.25
145.0
146.75
146.75
146.75
149.0
149.0
148.5
148.5
149.5
150.0
150.0
149.0
148.0
148.0
148.0
148.25
148.25
148.0
148.0
148.5
148.5
148.5
149.75
149.75
149.0
149.25
149.25
149.5
149.25
149.25
149.25
149.25
147.25
147.25
151.25
151.25
148.75
148.25
148.25
146.5
146.5
146.75
146.75
145.0
145.0
140.75
140.75
141.75
141.75
141.75
141.75
141.75
141.75
141.75
142.0
142.0
142.0
141.75
141.75
141.75
141.75
141.75
142.04347826086956
142.33695652173913
142.6304347826087
142.92391304347825
143.2173913043478
143.5108695652174
143.80434782608697
144.09782608695653
144.3913043478261
144.68478260869566
144.97826086956522
145.27173913043478
145.56521739130434
145.8586956521739
146.15217391304347
146.44565217391303
146.7391304347826
147.0326086956522
147.32608695652175
147.6195652173913
147.91304347826087
148.20652173913044
148.5
148.5
148.5
148.75
148.75
148.75
148.0
148.0
148.0
148.0
148.0
148.0
148.0
148.0
147.75
147.75
148.0
148.0
147.3125
146.625
145.9375
145.25
145.25
145.75
145.75
145.75
145.75
145.75
145.75
145.75
145.75
145.75
146.0
146.0
146.0
146.0
145.75
145.24166666666667
144.73333333333332
144.225
143.71666666666667
143.20833333333334
142.7
142.19166666666666
141.68333333333334
141.175
140.66666666666666
140.15833333333333
139.65
139.14166666666668
138.63333333333333
138.125
137.61666666666667
137.10833333333332
136.6
136.09166666666667
135.58333333333334
135.075
134.56666666666666
134.05833333333334
133.55
133.04166666666666
132.53333333333333
132.025
131.51666666666668
131.00833333333333
130.5
132.0
132.0
134.0
134.0
138.5
142.25
142.25
144.0
144.0
145.0
145.0
145.0
142.0
142.0
144.75
145.0
145.0
142.5
142.5
145.0
145.0
147.75
147.25
147.25
146.75
146.75
146.0
147.25
147.25
148.75
150.0
150.0
151.75
151.75
151.75
150.75
150.75
149.75
149.25
149.25
148.75
148.75
149.75
149.75
149.75
149.75
147.5
149.5
149.5
149.0
149.0
149.0
149.75
149.75
150.0
150.25
150.25
150.5
150.25
150.25
150.75
151.5
151.5
153.25
153.25
154.75
154.75
156.0
155.75
155.75
157.0
157.25
157.25
157.75
157.75
157.75
157.0
157.0
158.75
158.75
161.25
161.25
162.0
163.25
163.25
163.75
161.25
161.25
161.75
161.75
161.75
163.25
163.25
163.25
160.5
161.5
161.5
157.5
160.25
160.25
160.0
159.0
159.0
158.75
155.25
155.25
147.0
138.75
138.75
134.25
134.25
135.0
135.0
133.75
133.75
133.75
133.75
131.0
130.0
130.0
127.75
127.75
127.25
127.25
126.25
126.25
125.75
125.75
125.25
126.5
126.5
127.25
127.25
130.0
130.0
131.0
133.5
133.5
135.25
135.25
136.5
136.5
139.5
139.5
142.0
144.25
144.25
145.25
145.25
146.75
146.75
149.75
151.0
151.0
153.75
156.25
156.25
157.0
157.25
157.25
158.0
158.0
159.5
159.25
159.25
158.5
158.75
158.75
156.75
155.25
155.25
151.0
151.0
144.25
144.25
142.0
139.5
139.5
134.25
134.25
132.25
132.25
132.5
132.5
132.5
132.5
132.5
132.5
132.5
132.5
146.5
146.5
148.75
149.25
149.25
148.25
148.25
147.5
145.25
145.25
145.25
145.25
145.25
145.25
145.25
145.25
145.25
145.25
145.25
145.25
145.25
145.25
145.25
145.25
145.425
145.6
145.775
145.95
146.125
146.3
146.475
146.65
146.825
147.0
147.175
147.35
147.525
147.7
147.875
148.05
148.225
148.4
148.575
148.75
148.75
148.75
148.75
148.75
148.75
148.75
148.75
149.0
148.75
148.75
151.0
153.25
155.5
157.75
160.0
159.25
161.25
161.25
162.75
162.75
164.75
163.5
163.5
160.5
162.75
162.75
160.75
161.5
161.5
160.5
161.0
161.0
160.0
160.0
161.25
160.25
160.25
162.0
162.0
162.75
162.75
162.5
162.5
161.25
161.25
161.25
160.75
160.75
160.0
161.0
161.0
160.0
160.0
160.75
160.75
160.0
157.75
157.75
157.75
157.75
157.75
157.75
158.0
158.0
158.0
157.0
157.0
156.75
155.75
155.75
154.75
153.25
153.25
152.25
152.25
153.0
153.0
153.0
153.0
150.0
150.5
150.5
149.75
148.25
148.25
148.0
148.0
149.25
149.25
149.25
149.0
149.0
147.75
148.5
148.5
150.0
152.0
152.0
152.75
152.5
152.5
153.0
153.0
151.75
147.0
147.0
147.75
147.75
147.75
148.0
148.0
147.25
147.5
147.5
149.25
150.0
150.0
150.0
149.5
149.5
150.0
150.0
150.25
150.25
150.5
150.5
150.5
150.5
150.5
150.5
150.5
150.5
150.5
150.5
150.375
150.25
150.125
150.0
149.875
149.75
149.25
149.25
149.0
149.0
150.0
150.75
150.75
150.0
150.0
149.75
149.75
149.75
149.75
149.75
150.0
150.0
150.0
148.5
148.5
148.5
148.5
148.5
148.5
148.5
148.5
148.25
148.25
148.25
149.1
149.95
150.8
151.65
152.5
152.5
151.25
151.25
151.0
151.0
151.0
151.5
151.5
151.0
151.0
151.5
151.25
151.25
151.25
150.5
150.5
150.0
150.0
150.0
150.25
150.25
150.25
150.5
150.5
150.75
150.75
150.5
150.5
151.0
151.5
151.5
150.75
150.75
150.75
150.75
150.25
149.75
149.75
149.25
148.75
148.75
149.5
150.0
150.0
150.0
150.0
150.25
150.25
151.0
151.5
151.5
151.5
151.75
151.75
151.75
152.5
152.5
152.25
152.25
152.0
152.0
152.0
152.0
151.0
151.0
150.75
151.75
151.75
150.25
150.25
150.5
151.5
151.5
151.0
151.5
151.5
152.0
152.75
152.75
152.75
152.75
152.75
153.25
153.25
153.25
152.25
152.25
152.5
151.75
151.75
153.0
153.0
152.0
151.75
151.75
153.75
154.0
154.0
153.0
153.0
151.5
152.25
152.25
152.75
151.75
151.75
153.0
153.25
153.25
152.75
152.75
151.5
151.75
151.75
151.75
152.0
152.0
151.25
150.5
150.5
152.0
151.25
151.25
150.5
150.5
150.25
150.75
150.75
148.5
148.5
149.5
150.75
150.75
151.25
151.0
151.0
150.75
150.75
150.0
151.0
151.0
150.75
150.5
150.5
150.5
150.5
150.75
151.5
151.75
151.75
151.75
151.75
151.25
151.75
151.75
151.25
151.25
150.5
150.25
150.25
150.0
150.0
150.0
150.25
150.5
150.5
150.0
150.0
150.0
150.0
150.0
150.75
150.75
150.75
150.75
150.75
150.75
150.75
150.75
150.75
150.75
150.75
150.75
151.0
151.0
151.0
150.0
150.0
150.0
150.0
150.0
150.0
150.0
149.75
149.75
150.0
150.0
150.0
150.0
150.0
150.0
150.0
150.0
150.0
150.0
150.0
150.0
150.0
150.0
150.0
150.0
149.0
149.25
149.25
149.25
149.25
149.75
150.0
150.0
149.75
149.5
149.5
149.75
150.0
150.0
149.5
149.5
149.5
149.5
149.5
149.5
149.5
149.5
150.0
150.0
150.0
150.0
149.25
149.25
149.5
149.5
150.5
150.25
150.25
150.25
149.5
150.5
150.5
150.25
150.25
151.75
151.75
151.0
150.0
150.0
150.75
150.75
151.25
151.25
151.25
150.0
151.5
151.5
148.75
148.75
149.5
149.5
149.0
148.0
148.0
149.0
149.0
149.0
148.25
148.25
148.75
148.75
149.25
149.25
148.75
148.75
148.75
148.75
148.75
148.75
148.75
148.75
148.75
148.75
149.0
148.25
148.25
148.25
148.25
149.25
149.25
148.25
148.25
148.75
149.25
149.25
149.25
149.75
149.75
150.0
150.0
149.75
150.0
150.0
150.0
150.25
150.25
150.25
150.75
150.75
150.75
150.75
150.25
150.25
150.25
150.25
150.25
150.25
150.0
150.0
150.0
149.25
149.25
148.5
149.25
149.25
148.5
148.5
148.25
148.25
148.25
148.25
148.25
148.25
148.25
148.25
150.25
150.25
150.5
150.5
150.0
150.0
150.0
151.0
150.0
151.25
151.25
151.0
150.0
150.0
150.25
150.25
150.0
149.75
149.75
149.75
150.25
150.25
150.0
150.0
150.0
150.0
150.0
150.0
150.0
149.75
149.75
150.0
150.0
150.0
150.0
150.0
150.25
150.75
150.75
150.75
150.75
150.75
150.25
150.25
149.75
149.75
149.75
150.25
150.0
150.0
148.75
148.75
148.25
148.75
148.75
148.25
148.25
148.75
150.0
150.0
151.25
151.0
151.0
151.0
151.75
150.75
150.75
152.5
151.25
151.25
151.0
154.25
154.25
150.25
150.25
150.25
150.25
150.25
150.25
150.25
150.25
150.25
150.25
150.25
150.25
150.29545454545453
150.3409090909091
150.38636363636363
150.4318181818182
150.47727272727272
150.52272727272728
150.5681818181818
150.61363636363637
150.6590909090909
150.70454545454547
150.75
150.75
150.75
150.0
152.0
152.0
152.0
152.0
152.0
152.0
152.0
151.75
150.25
150.25
150.0
150.0
149.75
150.0
150.0
150.75
150.5
150.5
151.0
151.0
150.5
150.75
150.75
150.75
151.5
151.5
151.5
151.25
151.25
151.0
151.0
151.5
151.75
151.75
151.5
152.25
152.25
151.75
151.75
152.0
152.0
152.5
152.5
152.25
152.25
152.25
152.25
152.25
152.25
152.25
152.5
152.25
152.25
153.5
155.25
155.25
153.75
153.75
153.75
155.0
154.75
154.75
154.75
154.75
154.75
154.75
154.75
155.0
154.75
154.75
155.75
154.0
154.0
155.75
155.75
155.0
154.5
154.5
151.25
151.25
149.75
148.75
148.75
149.25
148.75
148.75
149.5
149.5
149.25
149.25
152.5
151.5
151.5
151.5
151.0
151.75
151.75
151.75
151.0
150.0
150.0
149.25
149.25
149.0
149.0
149.0
148.5
148.5
148.0
147.0
147.0
146.0
146.75
146.75
146.5
146.0
146.0
146.5
145.0
145.0
143.75
143.75
135.25
135.25
135.25
135.75
135.75
135.75
135.75
135.75
132.75
132.75
128.75
128.75
126.5
126.5
126.5
126.5
126.0
126.0
125.25
125.25
127.5
128.25
128.25
126.75
126.75
125.75
123.0
123.0
123.0
123.25
123.25
125.75
125.75
124.0
124.0
122.5
122.5
123.5
124.0
124.0
124.75
124.75
125.25
125.25
124.0
120.75
120.75
120.5
120.5
122.0
122.0
124.0
123.0
123.0
123.0
123.0
123.5
123.5
123.5
119.25
119.25
119.25
119.25
119.5
119.5
119.5
119.5
119.25
119.25
132.0
137.25
137.25
138.5
138.5
138.5
141.5
141.5
138.5
138.5
141.25
140.75
140.75
138.0
138.0
137.0
137.0
136.75
138.25
138.25
138.5
138.5
139.5
139.0
139.0
138.5
138.5
140.5
140.5
141.25
141.25
141.25
140.75
140.75
136.5
136.5
133.75
133.75
135.75
135.75
137.25
139.5
139.5
140.25
140.25
140.5
141.75
141.75
142.0
142.0
142.5
142.75
142.75
143.5
143.5
144.25
144.25
144.25
146.0
146.0
149.5
150.25
150.25
150.0
150.0
150.0
150.0
149.5
149.5
149.25
149.25
149.25
149.25
149.0
149.0
149.25
149.25
150.0
150.0
150.25
149.75
149.75
150.25
149.0
149.0
148.5
149.25
149.25
148.5
148.5
147.5
147.5
148.25
147.75
147.75
148.0
148.25
148.0
148.0
148.25
148.25
149.25
148.0
148.0
148.0
148.0
148.0
148.0
148.0
147.75
148.0
148.0
148.0
148.5
148.5
148.5
147.75
147.5
147.5
147.75
147.75
148.25
148.25
148.0
148.0
148.0
147.75
147.75
147.25
147.5
147.5
146.0
146.0
148.75
148.75
150.25
150.25
148.25
148.25
148.75
148.75
149.0
149.0
148.75
148.75
149.0
149.0
149.0
147.5
147.5
147.5
147.75
147.75
145.75
145.75
147.25
147.25
147.5
147.5
147.5
148.25
148.25
148.5
148.5
148.5
148.25
148.25
148.25
148.0
148.0
147.25
148.75
148.75
149.25
149.5
149.5
149.0
149.0
149.5
149.75
149.75
149.0
148.25
148.25
148.25
148.25
147.25
147.0
147.0
148.5
148.5
149.0
148.75
148.75
149.5
149.25
149.25
150.0
150.0
149.0
150.0
150.0
150.0
150.0
150.0
149.75
149.75
149.75
150.5
150.5
149.25
150.75
150.75
150.75
150.75
150.5
150.25
150.25
149.75
149.25
149.25
148.75
148.75
148.25
148.25
148.25
148.25
148.5
148.5
148.5
148.5
148.75
148.5
148.5
149.25
149.25
149.5
149.5
149.5
149.5
150.0
150.0
149.75
150.5
150.5
150.5
150.5
152.25
150.75
150.75
150.75
150.75
150.75
150.75
150.75
150.75
150.75
150.75
150.75
150.75
150.75
150.75
150.75
150.75
150.65384615384616
150.55769230769232
150.46153846153845
150.3653846153846
150.26923076923077
150.17307692307693
150.07692307692307
149.98076923076923
149.8846153846154
149.78846153846155
149.69230769230768
149.59615384615384
149.5
149.40384615384616
149.30769230769232
149.21153846153845
149.1153846153846
149.01923076923077
148.92307692307693
148.82692307692307
148.73076923076923
148.6346153846154
148.53846153846155
148.44230769230768
148.34615384615384
148.25
148.25
148.25
148.25
148.25
148.25
148.25
148.5
148.5
148.5
148.5
148.25
148.25
148.19791666666666
148.14583333333334
148.09375
148.04166666666666
147.98958333333334
147.9375
147.88541666666666
147.83333333333334
147.78125
147.72916666666666
147.67708333333334
147.625
147.57291666666666
147.52083333333334
147.46875
147.41666666666666
147.36458333333334
147.3125
147.26041666666666
147.20833333333334
147.15625
147.10416666666666
147.05208333333334
147.0
147.0
146.75
146.75
146.75
147.5
147.5
147.5
147.25
147.25
147.75
149.25
149.25
147.75
147.75
148.5
148.5
148.5
148.5
148.0
148.0
148.0
148.0
148.0
148.0
148.0
148.0
147.0
147.0
146.75
146.75
147.5
147.5
147.25
147.25
147.0
148.0
148.0
148.0
148.0
148.5
147.25
147.25
148.25
147.5
147.5
148.25
148.25
148.5
148.5
147.75
147.75
148.0
148.75
148.75
148.75
148.75
148.75
148.75
149.0
149.0
149.0
149.0
149.0
149.0
148.96875
148.9375
148.90625
148.875
148.84375
148.8125
148.78125
148.75
148.71875
148.6875
148.65625
148.625
148.59375
148.5625
148.53125
148.5
148.46875
148.4375
148.40625
148.375
148.34375
148.3125
148.28125
148.25
147.75
147.75
149.0
149.0
148.25
148.25
148.25
147.5
147.5
148.25
148.25
148.25
148.25
148.25
148.25
148.25
148.25
148.25
148.25
148.25
148.25
148.25
148.25
148.25
148.25
148.25
148.28846153846155
148.32692307692307
148.3653846153846
148.40384615384616
148.44230769230768
148.48076923076923
148.51923076923077
148.55769230769232
148.59615384615384
148.6346153846154
148.67307692307693
148.71153846153845
148.75
148.75
149.75
148.5
148.5
149.25
148.75
148.75
149.0
149.0
149.0
149.25
149.25
149.75
148.75
148.75
148.75
148.75
149.25
149.5
149.5
148.0
148.0
148.5
149.0
149.0
149.0
149.75
149.75
149.75
149.75
149.75
149.75
149.75
149.75
149.75
150.0
150.0
148.25
147.0
147.0
147.5
147.5
147.25
148.25
148.25
148.0
148.0
147.0
147.0
148.0
149.25
149.25
149.25
149.25
149.25
149.25
149.25
149.25
139.75
139.75
139.5
139.5
139.0
139.75
139.75
140.0
140.0
141.0
141.5
141.5
142.25
142.25
142.0
142.25
142.25
143.0
143.0
144.0
145.75
145.75
145.25
145.25
146.0
146.0
146.5
146.5
146.0
146.0
146.0
146.25
146.0
145.0
145.0
145.25
145.25
145.25
143.75
143.75
144.0
144.0
143.0
143.25
143.25
144.0
144.25
144.25
144.25
144.25
144.5
144.5
144.5
144.75
144.5
144.5
144.75
144.75
143.25
142.25
142.25
142.25
142.25
142.25
142.25
142.25
142.75
142.75
142.5
142.5
143.25
143.25
142.75
142.75
143.25
142.25
142.25
142.5
142.5
140.75
140.75
140.75
140.75
140.75
140.75
141.0
141.0
141.0
141.0
142.75
143.25
145.0
145.0
144.0
144.0
144.0
144.0
143.75
143.5
143.5
143.75
143.75
143.25
143.25
143.5
143.25
143.25
143.25
142.25
142.25
143.25
143.0
143.0
143.75
143.75
143.0
142.75
142.75
143.25
143.25
143.25
143.25
143.25
143.25
142.75
143.5
143.5
143.0
142.5
142.5
142.25
142.25
143.0
142.75
142.75
147.0
147.0
145.5
145.75
145.75
146.0
145.25
145.25
145.5
145.5
145.25
144.5
144.5
145.5
145.5
144.5
145.0
145.0
145.0
145.0
146.0
146.75
146.75
146.5
146.5
146.25
145.75
146.75
146.75
146.25
146.25
146.0
145.25
144.0
144.0
144.0
144.0
144.0
144.25
144.5
144.5
144.75
144.75
144.75
145.5
145.5
145.0
145.0
143.75
145.0
145.0
143.75
143.75
143.0
143.0
142.75
143.0
143.0
141.25
141.25
140.75
140.75
140.75
141.5
142.25
142.25
142.25
142.25
142.25
142.25
142.25
142.25
142.25
142.25
142.25
142.25
142.25
142.25
142.25
142.25
137.75
133.25
128.75
124.25
119.75
115.25
110.75
106.25
101.75
97.25
92.75
92.75
104.5
104.5
104.75
104.75
104.75
102.0
102.0
102.0
103.75
103.75
103.0
103.0
104.75
104.75
104.75
104.75
111.75
111.75
111.25
111.25
111.25
111.25
111.5
111.5
111.25
111.25
111.5
111.25
114.16666666666667
117.08333333333333
120.0
122.91666666666667
125.83333333333333
128.75
131.66666666666666
134.58333333333334
137.5
140.41666666666666
143.33333333333334
146.25
147.0
149.25
149.25
148.5
148.5
149.0
149.5
149.5
152.75
150.5
150.5
150.0
150.0
150.0
150.0
150.0
150.0
150.0
150.0
150.0
150.0
150.0
150.0
150.0
150.0
150.0
150.04375
150.0875
150.13125
150.175
150.21875
150.2625
150.30625
150.35
150.39375
150.4375
150.48125
150.525
150.56875
150.6125
150.65625
150.7
150.74375
150.7875
150.83125
150.875
150.91875
150.9625
151.00625
151.05
151.09375
151.1375
151.18125
151.225
151.26875
151.3125
151.35625
151.4
151.44375
151.4875
151.53125
151.575
151.61875
151.6625
151.70625
151.75
151.75
151.75
151.25
151.25
150.75
150.75
150.0
150.0
150.0
151.0
148.25
148.25
149.5
149.5
149.5
148.25
148.25
148.25
148.25
148.0
148.5
148.5
149.0
149.25
149.25
149.0
149.0
149.5
150.0
150.0
150.0
150.0
149.25
149.25
148.0
147.75
147.75
147.75
147.75
147.5
147.75
147.75
147.75
147.75
147.25
147.25
147.25
148.75
149.75
149.75
150.0
150.0
149.5
149.25
149.25
149.5
149.5
149.5
149.5
149.5
149.5
149.5
149.5
149.5
149.5
149.5
149.5
149.5
149.5
148.25
148.25
148.25
148.25
148.75
149.0
149.0
149.0
150.0
150.0
150.0
150.0
149.5
149.0
149.0
148.75
148.25
148.25
148.0
148.0
147.5
147.25
147.25
147.25
147.25
145.75
146.75
146.75
146.75
146.75
147.25
146.75
146.75
147.0
147.0
147.0
147.25
147.25
147.5
147.5
147.5
147.5
147.0
147.0
146.75
146.75
147.75
148.5
148.5
148.5
148.5
148.75
148.5
148.5
149.0
149.5
149.5
149.25
149.25
149.25
149.25
149.25
148.25
148.25
147.25
147.25
147.25
146.75
146.5
146.5
147.0
147.0
147.0
147.25
147.25
147.75
147.75
147.5
147.25
147.25
148.25
148.0
148.0
148.25
148.25
148.75
147.75
147.75
148.75
147.75
147.75
147.25
147.25
148.25
148.25
148.25
148.75
148.75
149.0
149.5
149.5
149.25
149.25
149.25
148.75
148.75
148.25
148.75
148.75
149.0
149.0
149.0
148.5
148.5
146.5
146.5
146.5
147.0
147.0
146.75
146.75
147.25
147.5
147.5
147.75
148.25
148.25
147.75
147.75
147.75
148.25
148.25
148.0
148.5
148.5
148.75
148.25
148.25
146.5
146.5
146.0
146.0
146.0
146.0
146.0
145.5
145.5
145.25
145.25
145.25
144.25
144.25
144.25
144.25
144.75
145.0
145.0
145.75
145.25
145.25
145.75
145.75
145.5
145.5
146.0
145.75
145.75
145.0
146.0
146.0
143.5
143.5
142.75
142.75
144.0
144.75
144.75
146.0
145.25
145.25
145.0
145.0
146.0
143.75
144.75
144.75
145.0
145.0
147.5
147.5
146.75
146.75
146.75
147.0
147.0
146.75
146.5
146.5
147.25
148.25
148.25
148.25
148.25
148.0
148.0
148.0
148.25
148.25
146.5
146.5
147.25
145.0
145.0
146.75
147.75
147.75
147.75
147.75
147.0
147.0
147.0
145.0
145.0
147.0
148.5
148.5
147.75
146.75
146.75
146.75
145.25
145.25
145.5
145.5
146.0
145.25
145.25
147.25
146.75
146.75
145.75
145.75
145.0
146.5
146.5
146.25
146.25
146.25
147.0
147.0
147.0
146.5
146.5
146.0
146.0
145.25
145.25
146.0
146.0
145.5
145.5
144.75
144.75
145.0
143.75
143.75
142.5
142.5
142.5
142.5
142.5
142.5
142.5
142.5
142.5
142.5
142.5
142.5
142.5
142.5
142.5
142.5
142.625
142.75
142.875
143.0
143.125
143.25
143.25
142.0
142.0
142.5
142.5
143.0
143.0
143.25
143.25
143.25
143.0
143.0
142.75
142.75
142.75
142.75
142.75
143.25
143.0
143.0
143.5
143.5
143.5
144.25
144.25
143.75
143.5
143.5
143.75
143.75
143.75
143.5
143.5
143.75
143.75
144.0
144.0
144.75
144.0
144.0
144.5
144.5
143.75
143.75
143.75
143.0
143.0
142.0
141.5
141.5
141.25
141.25
141.5
141.5
141.25
141.0
141.0
140.75
140.75
140.75
140.5
140.5
141.0
141.25
141.25
141.5
141.5
142.0
143.0
143.0
142.5
142.5
143.25
143.25
141.75
140.0
140.0
138.5
138.5
137.5
138.75
138.75
140.5
140.5
139.5
139.5
139.5
140.75
140.75
140.25
140.25
141.5
141.5
142.5
142.25
142.25
142.25
143.0
143.0
142.75
142.75
141.75
141.75
142.0
142.0
141.0
142.0
142.0
142.0
142.75
142.75
141.5
141.5
141.0
142.25
142.25
142.5
142.5
142.25
143.25
143.25
142.0
142.0
141.25
141.25
141.0
141.5
141.5
142.0
142.75
142.75
143.5
143.25
143.25
143.25
142.75
142.25
142.25
140.75
140.75
138.25
138.25
139.25
140.5
140.5
141.0
141.0
142.5
143.25
143.25
144.0
144.0
145.0
145.75
145.75
145.75
146.0
146.0
146.5
146.5
146.5
146.5
145.75
145.25
145.25
145.25
145.0
145.0
144.25
144.75
144.75
144.75
145.0
145.75
145.25
145.25
146.0
146.0
145.5
145.5
145.25
146.25
146.25
146.75
147.25
147.25
148.25
148.0
148.0
147.5
149.5
149.5
149.5
150.0
150.0
150.0
150.0
148.75
148.25
148.25
147.75
147.75
147.5
148.0
148.0
148.0
148.0
148.0
148.0
148.0
148.0
148.0
148.0
149.25
150.0
150.0
149.5
149.5
150.0
150.0
150.0
150.0
150.0
150.5
150.5
152.0
152.0
148.75
148.75
148.75
148.0
148.0
147.25
148.75
148.75
150.0
149.5
149.5
150.0
150.25
150.75
150.75
151.25
151.25
151.5
151.5
151.75
151.0
150.75
150.75
151.0
151.0
151.25
151.25
151.25
151.5
152.75
152.75
153.0
152.25
152.25
150.75
150.75
151.0
151.0
151.0
151.0
151.0
151.0
151.0
150.75
150.75
150.75
150.75
150.75
150.75
150.75
150.75
150.96153846153845
151.17307692307693
151.3846153846154
151.59615384615384
151.80769230769232
152.01923076923077
152.23076923076923
152.44230769230768
152.65384615384616
152.8653846153846
153.07692307692307
153.28846153846155
153.5
151.75
151.75
151.75
151.75
150.0
150.5
150.5
150.75
150.0
150.0
151.25
151.25
151.0
149.75
149.75
150.0
150.0
149.25
150.5
150.5
150.0
150.0
150.0
151.25
150.5
150.5
150.5
150.5
150.5
150.5
150.5
150.5
150.5
150.25
150.25
149.5
149.5
149.25
147.25
147.25
146.5
148.75
148.75
147.75
147.75
147.0
148.0
148.0
148.0
148.0
149.25
149.5
149.5
150.25
151.75
151.75
152.75
153.75
153.75
154.0
153.25
153.25
152.0
147.25
147.25
147.25
146.25
146.25
123.25
123.25
125.25
129.0
129.0
127.25
127.25
129.25
129.25
136.0
136.0
139.5
140.0
140.0
138.5
138.5
137.5
139.0
139.0
137.75
137.75
137.25
137.25
138.25
139.25
139.25
142.5
147.0
147.0
149.5
149.5
151.5
152.25
152.25
153.25
153.75
153.75
154.5
154.5
155.25
155.25
156.25
157.25
157.25
156.5
160.75
160.75
159.25
159.0
159.0
158.5
158.25
158.25
159.5
158.25
158.25
160.0
160.5
160.5
161.5
161.5
159.0
160.0
160.0
158.25
158.25
157.25
157.25
156.0
155.25
155.25
154.25
153.25
153.25
153.25
153.25
152.75
152.75
152.75
152.5
152.5
152.75
153.5
153.5
154.25
154.25
155.75
155.75
156.0
155.5
155.5
155.0
154.75
154.25
154.25
153.5
153.5
151.5
148.5
148.5
145.5
145.5
145.5
145.0
145.0
144.5
144.5
146.0
147.5
147.5
149.0
149.25
149.25
151.0
151.0
151.5
150.0
150.0
150.0
150.0
150.0
149.75
149.75
149.75
149.75
151.5
150.5
150.5
151.0
151.0
151.0
151.0
151.0
151.0
151.0
151.0
151.0
151.0
151.0
151.0
150.25
150.25
150.5
150.5
150.25
150.25
150.0
149.5
149.5
149.25
150.0
150.0
149.5
149.5
149.5
150.0
150.0
150.25
150.0
150.0
150.25
150.0
150.0
150.0
150.0
149.75
150.25
150.75
150.75
150.25
150.25
151.0
151.25
151.25
152.5
152.5
150.75
151.0
151.0
151.75
151.75
152.25
151.25
151.25
151.25
151.5
151.5
151.0
150.5
150.5
151.0
150.75
150.75
150.25
150.25
150.0
149.75
149.75
150.0
150.0
150.0
150.0
150.0
150.25
149.75
149.75
149.5
150.0
150.0
150.0
150.0
149.25
149.5
149.5
150.0
150.0
149.75
150.25
149.25
149.25
149.5
149.5
150.0
150.0
151.0
150.25
150.25
150.25
149.75
150.0
150.0
149.25
149.25
148.75
148.75
148.75
148.25
148.25
147.0
147.0
148.75
148.25
148.25
147.5
147.5
149.5
149.5
147.5
144.25
144.25
140.75
140.75
145.0
149.75
149.75
149.25
149.25
150.25
149.5
149.5
151.75
151.75
154.5
154.75
158.25
158.25
162.25
162.25
160.0
161.75
161.75
162.25
162.75
162.75
162.75
161.75
160.75
160.75
160.0
160.0
161.5
161.5
161.25
161.25
161.25
161.5
161.25
161.25
161.25
161.25
157.54166666666666
153.83333333333334
150.125
146.41666666666666
142.70833333333334
139.0
139.0
140.25
140.25
140.25
140.75
140.75
141.5
142.5
142.5
143.25
143.25
144.0
144.5
144.5
143.25
143.25
143.0
143.75
143.75
146.25
146.25
147.0
147.75
147.75
148.5
148.25
148.25
148.25
148.25
149.5
149.75
149.75
150.25
151.25
151.25
152.0
152.0
152.25
152.25
152.25
150.5
150.5
151.5
150.0
150.0
152.25
152.25
152.25
152.75
152.75
152.75
153.25
153.25
152.5
152.5
151.5
149.75
149.75
150.0
150.0
150.0
150.0
150.0
150.0
150.0
149.75
156.25
156.25
156.25
160.25
160.25
160.25
160.25
160.25
160.25
160.25
160.25
160.25
160.25
160.25
160.25
160.25
160.25
160.25
160.625
161.0
161.375
161.75
162.125
162.5
162.875
163.25
163.625
164.0
164.375
164.75
165.125
165.5
165.5
165.25
165.25
165.25
165.5
165.25
165.25
165.25
165.25
165.25
156.5
147.75
139.0
130.25
121.5
121.5
121.5
121.5
121.75
121.75
122.75
115.25
115.25
115.25
115.25
115.25
115.25
115.25
115.5
115.5
115.25
115.25
115.25
115.5
115.5
117.7
119.9
122.1
124.3
126.5
126.5
126.5
135.75
135.75
138.75
138.75
131.75
127.25
127.25
130.25
130.25
128.75
128.75
128.5
128.5
126.25
126.25
124.75
124.75
125.5
125.5
108.0
108.0
108.0
108.0
107.75
107.75
107.75
107.75
107.75
108.0
108.0
111.125
114.25
117.375
120.5
123.625
126.75
126.75
129.5
129.5
132.0
132.0
127.75
127.75
125.5
125.5
127.0
127.0
123.25
123.25
125.25
125.25
128.5
125.25
125.25
124.75
124.75
124.75
127.25
129.0
129.0
127.25
127.25
121.75
121.75
125.0
125.0
125.0
128.0
128.0
126.75
124.0
124.0
120.0
120.0
118.75
118.75
118.75
118.75
117.0
117.0
115.25
115.25
115.25
112.5
112.5
112.75
112.75
113.0
113.0
113.0
113.0
110.75
110.75
110.0
110.0
110.25
110.25
111.0
111.0
112.5
112.5
112.75
112.75
112.75
112.0
112.0
106.75
106.75
114.0
114.0
113.0
113.0
113.0
104.25
104.25
107.0
107.0
107.25
107.25
108.25
108.25
108.25
107.75
107.0
107.0
107.0
107.0
105.25
105.25
105.25
105.25
103.0
103.0
103.75
103.75
103.75
103.75
103.75
103.75
103.75
103.75
104.0
104.0
99.5
99.5
99.5
99.5
87.0
87.0
88.5
88.5
88.5
95.5
95.5
95.5
95.75
95.75
95.75
96.5
96.5
95.5
95.5
98.75
98.75
98.75
95.5
95.5
97.75
97.75
97.75
97.75
97.75
97.75
97.75
97.75
98.0
98.0
98.0
98.0
98.0
98.0
98.0
98.0
90.0
90.0
91.75
91.75
91.75
85.0
85.0
85.0
85.0
85.0
76.0
76.0
78.75
78.75
80.75
80.75
80.75
81.25
81.25
81.25
81.25
81.25
81.25
81.25
81.25
81.25
81.25
81.25
81.25
81.25
81.25
81.25
81.25
81.25
81.25
81.25
80.3
79.35
78.4
77.45
76.5
76.5
76.5
77.5
77.5
77.0
77.0
77.0
77.0
74.75
74.75
74.75
80.25
80.25
80.25
80.25
80.25
80.25
78.0
78.0
78.0
76.0
76.0
76.0
76.0
76.25
76.25
76.25
76.25
76.25
76.5
76.5
76.5
76.5
76.5
76.5
76.5
76.69444444444444
76.88888888888889
77.08333333333333
77.27777777777777
77.47222222222223
77.66666666666667
77.86111111111111
78.05555555555556
78.25
78.25
78.25
78.25
77.75
77.75
77.75
77.75
77.75
78.0
78.0
78.0
78.0
78.0
77.75
77.75
80.0234375
82.296875
84.5703125
86.84375
89.1171875
91.390625
93.6640625
95.9375
98.2109375
100.484375
102.7578125
105.03125
107.3046875
109.578125
111.8515625
114.125
116.3984375
118.671875
120.9453125
123.21875
125.4921875
127.765625
130.0390625
132.3125
134.5859375
136.859375
139.1328125
141.40625
143.6796875
145.953125
148.2265625
150.5
150.5
149.25
149.25
147.0
144.75
144.75
143.5
143.5
143.0
143.0
141.5
141.5
140.75
140.75
140.75
140.25
140.25
140.0
140.0
142.0
143.25
143.25
144.5
143.5
143.5
141.75
141.75
140.75
140.75
141.25
140.75
140.75
140.5
140.5
141.25
142.5
142.5
142.5
145.0
147.0
147.0
148.0
149.25
149.25
148.25
148.25
149.25
148.25
148.25
148.25
148.25
146.5
145.75
145.75
147.5
148.25
148.25
145.75
144.0
144.0
145.0
147.5
147.5
147.5
147.0
147.0
145.0
145.0
144.0
144.0
144.0
143.5
143.5
143.25
143.25
139.75
139.75
142.25
142.0
142.0
143.75
143.75
144.5
144.0
144.0
144.5
144.5
145.0
146.25
146.25
147.25
147.75
147.75
148.75
148.75
149.75
150.0
150.0
150.25
150.25
150.25
150.0
150.25
150.25
149.5
151.0
151.0
152.25
152.25
153.0
154.5
154.5
153.75
153.75
153.75
154.0
153.5
153.5
151.5
151.5
150.0
149.5
149.5
150.0
150.0
150.0
149.5
149.5
150.5
150.5
150.5
151.5
151.75
151.75
151.0
151.5
151.5
150.25
150.25
149.0
149.0
149.5
150.0
150.0
150.0
150.75
150.75
150.0
150.0
150.0
149.0
149.0
148.75
148.75
148.75
148.0
150.25
150.25
149.25
149.25
149.25
148.75
148.75
149.5
149.5
150.75
153.0
153.0
153.0
153.0
153.0
153.0
153.0
153.0
153.0
151.0
151.0
149.25
149.25
150.0
151.0
151.0
152.25
153.0
153.75
153.75
154.5
154.5
155.5
155.75
155.75
156.0
155.25
155.25
155.25
155.25
155.25
154.25
154.25
153.25
153.75
153.75
151.0
150.75
150.75
151.25
151.25
151.25
152.5
152.5
153.5
154.0
154.0
154.75
155.0
155.0
155.0
155.0
155.0
155.0
154.75
154.75
154.75
154.75
155.25
155.5
155.5
154.75
154.75
154.75
154.5
154.75
154.75
155.75
155.75
156.0
156.75
156.75
156.75
156.25
156.25
155.0
154.75
154.75
153.25
153.5
153.5
154.0
153.75
153.75
153.25
153.25
152.25
152.25
152.25
152.5
153.5
153.5
153.5
154.25
154.25
154.5
154.75
154.75
156.0
156.0
156.25
155.5
155.5
156.75
157.25
157.25
157.25
155.75
155.75
156.5
156.75
156.75
156.0
156.75
156.75
156.75
157.25
157.25
156.0
156.25
156.25
155.75
155.5
155.5
155.75
155.75
155.75
156.75
156.75
156.0
156.0
156.0
156.0
155.5
155.5
155.25
155.25
155.75
154.25
154.25
154.25
154.75
154.75
155.25
155.25
155.25
155.75
155.75
157.0
156.25
156.25
158.75
157.75
157.75
157.25
157.25
156.75
158.0
158.0
157.25
157.0
157.0
155.5
156.0
156.0
154.25
154.5
154.5
155.5
154.25
154.25
155.0
155.0
155.0
156.5
158.25
158.25
157.0
157.0
156.0
157.0
157.0
157.0
157.0
157.0
157.0
157.0
157.0
157.0
156.0
155.0
153.75
153.75
153.75
156.75
157.0
157.0
157.0
158.75
158.75
158.5
158.0
158.0
155.5
155.5
157.25
157.25
157.0
156.25
156.0
156.0
157.25
157.25
157.75
157.25
157.25
158.25
156.5
156.5
157.0
157.0
157.0
156.25
156.25
155.75
155.5
155.5
155.0
155.0
155.25
154.75
155.5
155.5
155.75
155.75
155.25
155.25
156.25
154.75
154.75
154.75
154.25
154.25
153.75
154.25
154.25
152.25
152.25
152.5
153.25
152.75
152.75
152.0
151.25
151.25
150.5
150.5
150.0
149.75
149.75
149.75
149.75
149.25
149.25
147.0
147.0
147.0
140.25
140.25
144.0
144.0
146.5
146.5
147.0
146.75
146.75
147.0
147.0
148.0
148.75
148.75
148.5
147.5
147.5
146.0
146.0
145.0
145.0
141.5
141.5
141.5
137.25
137.25
137.25
137.25
137.25
137.25
137.5
137.5
137.5
140.5
140.5
140.75
140.75
141.5
141.25
141.25
142.0
142.0
143.75
144.0
144.0
142.5
142.5
141.75
138.75
138.75
138.0
138.0
141.0
142.0
142.0
141.25
141.25
142.0
141.75
141.75
142.75
142.75
144.5
144.5
144.75
145.0
145.0
146.5
146.5
147.0
147.0
148.0
148.5
148.5
148.0
146.25
146.25
144.25
144.25
145.0
147.25
147.25
147.25
147.25
145.5
145.0
145.0
144.25
144.25
142.5
143.25
143.25
142.75
142.75
143.75
143.75
142.75
142.75
143.0
143.0
143.25
144.0
144.0
145.0
145.0
146.25
146.25
146.25
149.75
150.25
150.25
150.25
152.25
151.0
151.0
151.5
151.0
151.0
150.0
150.0
150.0
148.5
148.5
149.25
151.25
151.25
151.75
151.75
152.0
152.0
152.0
152.0
152.0
152.0
152.0
152.0
149.25
149.25
150.0
150.0
150.0
150.0
150.0
148.75
148.75
150.0
150.0
148.75
148.75
148.25
148.25
147.0
148.25
148.25
149.0
149.0
149.25
150.0
150.0
150.25
149.75
149.75
149.5
149.5
149.5
147.5
147.5
148.25
148.25
146.0
146.0
146.0
141.0
145.0
145.0
144.25
146.5
146.5
148.5
148.5
149.75
149.0
149.0
148.75
148.0
148.0
150.0
150.0
150.5
150.5
150.75
151.5
151.5
151.5
151.5
151.5
152.75
152.75
152.5
152.5
152.5
150.75
150.75
150.5
150.25
150.25
150.0
150.0
150.0
150.5
148.5
148.5
148.75
148.75
147.75
149.25
149.25
150.0
151.0
151.0
151.0
151.0
152.0
151.75
151.75
150.5
150.75
150.75
151.0
150.5
150.5
150.5
150.5
150.25
150.0
150.0
150.0
150.0
150.0
150.0
150.0
151.0
151.0
150.5
150.5
152.0
152.0
152.5
153.5
153.5
153.0
153.0
153.0
153.0
153.0
153.5
153.25
153.25
153.5
153.25
153.25
152.75
152.75
151.75
151.75
152.5
152.25
152.25
153.0
153.0
152.5
152.75
152.75
152.0
152.0
151.75
151.75
151.75
151.5
151.5
151.25
151.25
150.25
149.25
149.25
148.75
148.75
149.0
149.0
149.0
150.25
150.5
150.5
150.5
151.25
151.25
151.5
151.5
150.75
151.75
151.75
151.5
150.25
150.25
150.25
150.0
150.0
150.0
150.0
151.5
151.25
151.25
150.5
150.5
151.75
152.0
152.0
151.75
151.75
151.75
151.75
151.75
151.75
151.75
151.75
153.5
153.5
154.75
154.75
154.25
153.75
153.75
154.5
154.5
154.75
153.75
153.75
152.5
152.5
152.25
152.0
152.0
151.0
151.0
151.5
151.5
150.0
148.75
150.25
150.25
152.75
152.75
154.75
152.75
152.75
154.25
153.5
153.5
153.5
152.5
153.25
153.25
152.5
152.5
149.25
149.25
145.0
145.0
148.0
150.25
150.25
154.0
154.0
155.5
156.25
156.25
156.25
157.75
157.75
156.5
156.0
156.0
155.0
155.0
156.75
156.25
156.25
156.75
156.5
156.5
156.75
157.0
157.0
157.75
157.5
157.5
157.75
157.75
157.75
158.25
156.5
156.5
157.25
156.0
156.0
157.5
157.5
157.5
157.25
158.75
158.75
157.25
157.25
157.25
156.25
156.25
155.75
155.5
155.5
155.5
156.0
156.0
154.75
154.25
154.25
154.75
154.75
154.75
156.0
156.0
156.75
156.5
156.5
156.75
156.75
156.5
156.5
156.5
156.5
155.75
156.0
156.0
155.25
154.5
154.5
153.0
153.0
153.75
153.0
153.0
153.5
153.5
153.5
154.0
154.0
154.0
154.0
154.25
154.25
154.25
154.25
153.25
152.5
152.5
152.25
153.25
153.25
151.75
151.75
151.5
151.5
151.5
150.5
152.75
152.75
153.75
155.25
155.25
155.25
155.75
155.75
155.5
155.5
156.0
155.75
155.75
156.0
155.25
155.25
155.25
153.25
153.25
155.0
155.0
153.75
153.25
154.5
154.5
154.5
154.75
155.5
155.5
156.0
155.75
155.75
156.0
155.75
155.75
155.0
155.0
154.75
153.25
153.25
151.5
153.25
153.25
153.25
153.5
153.5
151.75
149.75
149.75
150.5
150.5
151.25
151.25
149.5
149.5
151.75
152.5
152.5
153.0
153.5
153.5
152.5
152.5
153.5
152.5
152.5
153.25
154.0
154.0
154.25
155.25
155.25
155.75
155.0
155.0
157.25
157.25
157.25
157.5
157.5
158.25
158.25
157.0
158.5
158.5
158.5
158.5
158.5
158.0
157.0
157.0
158.5
158.5
158.5
158.5
158.5
158.25
158.25
158.5
157.75
157.75
157.75
157.25
157.25
157.5
156.0
156.0
156.5
156.5
156.25
156.25
156.25
156.25
155.5
155.5
155.25
155.75
155.75
156.0
156.0
156.0
155.75
157.25
157.25
156.0
156.75
156.75
158.75
156.75
156.75
157.75
158.5
158.5
159.25
160.5
160.5
158.25
158.25
158.0
157.5
158.25
158.25
159.0
157.5
157.5
158.75
158.75
158.75
158.25
158.25
160.25
155.5
155.5
157.25
158.75
158.75
159.25
160.0
160.0
158.75
158.5
158.5
164.25
159.25
159.25
159.5
159.25
159.25
159.0
156.5
156.5
159.0
159.5
159.5
158.25
159.0
159.0
155.25
155.25
155.25
155.5
155.5
155.5
155.5
154.25
156.0
156.0
154.0
155.0
155.0
156.5
156.5
156.5
157.5
157.5
157.25
158.25
159.25
159.25
158.75
158.25
158.25
157.75
157.75
158.5
157.75
157.75
159.25
158.75
160.75
160.75
159.0
160.5
160.5
160.75
160.25
160.25
159.25
159.25
160.25
160.5
158.75
158.75
159.0
162.0
162.0
160.75
160.5
160.5
161.25
161.5
161.5
162.0
161.75
161.75
161.25
161.25
161.25
159.25
158.75
158.75
159.25
162.25
158.75
158.75
161.0
161.0
160.0
158.75
158.75
159.5
159.5
159.5
158.0
159.25
159.25
158.75
158.75
160.25
158.5
158.5
162.5
162.0
159.25
159.25
160.5
161.0
161.0
159.5
160.5
160.5
159.0
161.0
161.0
161.0
160.5
160.5
161.0
157.5
157.5
151.0
151.0
151.0
151.0
151.0
151.0
151.0
150.75
151.68478260869566
152.6195652173913
153.55434782608697
154.4891304347826
155.42391304347825
156.3586956521739
157.29347826086956
158.22826086956522
159.16304347826087
160.09782608695653
161.0326086956522
161.9673913043478
162.90217391304347
163.83695652173913
164.77173913043478
165.70652173913044
166.6413043478261
167.57608695652175
168.5108695652174
169.44565217391303
170.3804347826087
171.31521739130434
172.25
174.0
171.5
171.5
174.0
174.75
174.75
174.75
174.75
175.0
175.0
175.0
175.0
175.0
175.0
175.0
175.0
175.0
175.0
175.0
