136.0
136.0
134.25
134.25
135.5
135.5
134.5
134.0
134.0
134.25
134.25
133.75
133.75
134.25
134.25
134.25
134.25
134.25
134.25
133.75
133.75
133.75
133.75
130.75
131.0
131.0
131.0
131.0
131.0
131.0
131.0
131.0
131.0
131.0
130.75
130.75
130.75
130.75
130.75
130.75
130.7
130.65
130.6
130.55
130.5
130.45
130.4
130.35
130.3
130.25
130.2
130.15
130.1
130.05
130.0
129.95
129.9
129.85
129.8
129.75
129.0
129.0
129.0
127.5
127.25
127.25
127.25
127.25
127.25
127.25
127.5
127.5
127.5
127.5
121.0
121.0
122.5
122.5
121.75
121.75
119.5
119.5
118.25
118.25
118.5
118.5
118.25
118.25
118.0
118.0
118.5
118.5
120.25
120.25
121.75
121.75
123.5
123.5
123.25
123.25
123.0
123.0
123.0
123.0
123.0
123.0
123.0
123.0
116.0
116.0
117.0
117.0
118.75
118.75
117.5
117.5
119.5
119.5
118.75
118.75
118.5
118.5
118.5
118.75
118.75
118.75
120.0
120.0
120.25
120.25
121.0
121.0
121.0
121.0
121.0
122.25
122.25
122.25
122.25
122.0
122.0
124.0
124.0
125.0
125.0
125.0
125.0
125.0
125.0
124.75
124.75
124.75
124.75
124.75
125.0
124.75
124.75
123.5
123.5
123.0
123.0
123.0
123.0
122.75
122.75
122.5
122.5
122.5
122.75
122.75
122.25
122.25
123.75
123.75
124.5
124.5
124.25
124.25
124.5
124.0
124.0
124.0
125.25
126.75
126.75
127.0
127.0
127.25
127.25
126.0
126.0
126.25
126.25
124.0
124.0
124.0
124.0
124.0
125.75
125.75
125.5
125.5
126.0
126.0
124.75
123.0
123.0
122.25
122.25
124.25
124.25
124.25
125.25
126.25
126.25
126.25
126.25
125.75
125.75
124.5
124.5
124.5
124.5
122.75
122.75
122.75
122.75
122.0
122.0
120.5
120.5
121.5
121.5
122.75
122.75
123.25
123.25
123.75
123.75
124.0
124.0
123.5
124.75
124.75
124.75
124.75
124.5
122.25
122.25
122.25
122.5
122.5
122.5
122.5
122.5
122.5
122.5
122.5
122.5
122.9423076923077
123.38461538461539
123.82692307692308
124.26923076923077
124.71153846153847
125.15384615384616
125.59615384615384
126.03846153846153
126.48076923076923
126.92307692307692
127.36538461538461
127.8076923076923
128.25
128.25
127.5
127.5
129.0
129.0
130.5
130.5
131.75
131.25
131.25
131.75
131.75
132.0
132.0
132.0
132.0
131.75
132.25
132.25
131.75
131.75
132.0
132.0
131.5
131.5
131.0
131.0
131.25
131.0
131.0
132.75
132.75
131.5
131.5
132.75
132.75
133.5
132.75
132.75
133.5
133.5
133.75
133.75
132.75
134.0
134.0
133.5
133.5
134.5
134.5
134.25
134.5
134.5
133.5
133.5
133.0
133.0
133.5
133.5
134.75
134.75
135.25
135.75
135.75
135.75
135.75
135.75
135.75
136.75
136.25
136.25
136.0
136.0
136.0
136.0
135.75
135.0
135.0
135.75
135.75
136.25
136.25
135.25
135.75
135.75
136.75
136.75
136.75
136.75
137.5
136.5
136.5
136.75
136.75
136.75
136.75
136.5
136.5
136.5
135.5
135.5
136.5
136.5
137.25
137.25
135.75
137.0
137.0
137.75
137.75
138.5
138.5
138.5
139.0
139.0
139.5
139.5
138.75
138.75
138.75
139.75
139.75
139.0
139.0
138.25
138.75
138.75
137.5
137.5
137.5
138.25
138.25
138.75
138.75
138.5
138.5
137.5
139.25
139.25
138.5
138.5
138.75
138.75
139.25
138.75
138.75
139.5
139.0
139.0
139.5
139.5
140.5
140.5
140.5
140.25
140.25
140.75
140.75
139.5
139.5
139.0
139.5
139.5
139.5
139.5
139.5
139.5
139.5
140.25
140.25
140.25
139.75
139.75
139.25
139.25
140.25
140.25
139.0
139.0
138.5
138.75
138.75
139.0
139.0
140.0
140.0
140.0
140.75
140.75
140.5
140.5
140.0
139.75
139.75
141.75
141.75
140.25
140.5
140.5
140.5
140.5
141.0
140.75
140.75
141.5
141.5
141.75
140.75
140.75
141.25
140.75
140.75
141.25
141.25
142.75
142.75
142.0
141.75
141.75
141.0
141.0
140.25
139.75
139.75
139.25
139.25
139.25
139.25
139.25
140.0
140.0
140.75
140.75
140.75
140.75
140.75
140.75
141.0
141.25
141.25
141.5
141.5
141.25
140.75
140.75
141.0
141.0
140.75
140.0
140.0
140.75
140.75
140.75
140.75
141.0
141.25
141.25
140.75
140.75
139.75
139.0
139.0
139.5
139.5
140.5
140.5
141.0
141.0
141.25
140.5
140.5
139.5
138.75
138.75
138.75
138.75
139.5
139.5
140.75
140.25
140.25
140.75
140.75
140.75
140.25
140.25
140.0
141.0
141.0
141.25
141.25
141.5
140.75
140.75
140.25
140.25
140.5
140.5
141.0
140.5
140.5
141.5
141.5
141.75
141.25
141.25
140.75
140.75
140.0
140.0
139.75
140.75
140.75
140.0
140.0
139.25
139.5
139.5
140.0
140.0
140.5
140.5
140.5
140.75
140.75
140.25
140.25
139.25
138.25
138.25
138.5
138.5
138.5
138.5
138.75
139.5
139.5
139.5
139.5
140.0
140.75
140.75
140.25
140.25
140.25
140.25
140.0
140.5
140.5
139.5
139.5
139.5
139.5
139.5
139.5
139.5
139.5
139.5
140.0
139.5
139.5
139.5
141.0
141.25
141.25
140.75
140.75
140.75
141.0
141.0
141.0
141.0
140.5
140.5
140.5
140.75
140.75
141.5
141.25
141.25
141.75
141.25
141.25
141.5
141.5
141.5
141.5
141.75
141.75
140.75
140.25
140.25
140.5
140.5
140.25
140.25
140.5
139.5
139.5
140.5
140.5
138.75
140.0
140.0
140.75
140.75
140.75
140.5
140.5
140.25
140.25
140.25
140.5
140.5
140.75
140.75
140.25
140.25
139.25
139.5
139.5
140.5
140.5
140.25
140.0
140.0
139.5
139.5
139.75
139.75
139.5
140.0
140.0
140.25
140.25
140.25
140.75
140.75
140.25
140.25
139.5
139.5
139.75
140.75
140.75
140.5
140.5
141.5
139.5
139.5
139.5
139.5
139.5
139.5
139.5
138.75
138.75
137.5
137.5
136.75
136.75
138.25
139.75
139.75
141.5
141.5
139.5
139.0
139.0
137.75
137.75
138.75
138.75
137.5
135.0
135.0
136.0
136.0
137.75
137.75
137.25
136.75
136.75
136.0
136.0
135.0
135.0
135.75
135.75
137.25
135.5
135.5
135.75
135.75
135.25
135.25
135.0
136.25
136.25
137.5
137.5
140.0
139.25
139.25
140.0
140.0
138.5
138.5
138.75
137.5
137.5
135.5
135.5
133.5
133.5
133.0
133.0
133.5
133.5
133.5
135.0
135.0
135.75
135.75
135.75
135.75
137.5
137.5
137.5
136.0
136.0
138.25
137.75
137.75
137.75
137.75
139.5
139.5
139.5
139.75
139.75
139.25
139.25
137.25
137.25
136.5
138.75
138.75
139.25
139.25
135.75
135.75
137.5
137.0
137.0
135.75
135.75
136.25
136.25
136.25
135.75
135.75
133.75
133.75
130.75
130.75
129.0
129.0
120.25
120.25
119.25
119.5
119.5
119.5
119.5
119.5
119.5
119.5
131.25
131.25
132.5
135.0
135.0
135.75
135.75
136.0
137.75
137.75
135.75
135.75
134.5
134.5
134.5
133.5
133.5
133.5
133.5
133.5
133.5
133.5
133.25
133.25
133.25
133.25
133.25
133.29545454545453
133.3409090909091
133.38636363636363
133.4318181818182
133.47727272727272
133.52272727272728
133.5681818181818
133.61363636363637
133.6590909090909
133.70454545454547
133.75
133.75
135.0
135.0
135.25
135.5
135.5
134.25
134.25
132.5
132.5
131.0
131.0
130.0
130.0
129.5
128.75
128.75
123.5
123.5
123.5
123.5
123.5
123.5
123.5
123.5
123.5
123.5
135.75
135.75
133.75
131.75
131.75
133.0
133.0
134.25
134.25
135.0
137.25
137.25
139.5
139.5
141.5
145.0
145.0
147.0
147.5
147.5
148.25
148.25
147.5
147.5
147.5
147.5
147.5
147.25
147.25
147.25
146.25
146.25
146.5
146.5
146.5
146.5
146.5
146.5
146.5
146.5
146.5
146.5
146.49193548387098
146.48387096774192
146.4758064516129
146.46774193548387
146.45967741935485
146.4516129032258
146.44354838709677
146.43548387096774
146.42741935483872
146.41935483870967
146.41129032258064
146.40322580645162
146.3951612903226
146.38709677419354
146.3790322580645
146.3709677419355
146.36290322580646
146.3548387096774
146.34677419354838
146.33870967741936
146.33064516129033
146.32258064516128
146.31451612903226
146.30645161290323
146.2983870967742
146.29032258064515
146.28225806451613
146.2741935483871
146.26612903225808
146.25806451612902
146.25
146.25
146.25
146.25
146.25
146.25
146.25
146.25
146.25
146.25
146.25
146.5
146.5
146.25
146.25
146.25
145.5
144.75
144.0
143.25
142.5
141.75
141.0
140.25
140.25
142.0
142.0
141.25
143.25
143.25
142.25
142.25
142.25
142.25
142.25
142.25
142.25
142.5
142.5
142.25
142.25
142.25
142.25
142.25
142.25
142.95833333333334
143.66666666666666
144.375
145.08333333333334
145.79166666666666
146.5
147.25
147.25
149.0
150.0
150.0
147.5
147.25
147.25
147.25
147.25
147.25
147.25
147.25
147.25
147.25
147.25
147.25
147.25
147.25
158.25
158.25
161.0
158.5
158.5
158.5
158.5
158.5
158.25
158.25
158.25
158.25
158.25
158.25
158.25
158.5
158.5
154.925
151.35
147.775
144.2
140.625
137.05
133.475
129.9
126.325
122.75
122.75
122.0
122.0
121.75
122.0
122.0
121.75
121.75
121.75
121.75
122.0
122.0
135.25
133.25
133.25
133.5
133.5
132.75
131.25
131.25
131.25
126.75
126.75
130.0
130.0
132.0
134.25
134.25
137.25
137.25
139.75
139.5
139.5
145.75
143.25
143.25
147.5
147.5
150.0
150.0
148.5
148.5
147.75
150.0
150.0
148.0
148.0
145.0
145.0
142.0
142.0
141.25
141.25
143.75
145.0
145.0
147.0
147.0
146.25
146.25
144.75
145.0
145.0
147.0
149.0
149.0
144.5
144.5
144.5
144.5
144.5
144.5
144.25
144.5
155.0
155.0
156.25
156.25
157.25
158.25
158.25
159.0
158.0
158.0
159.5
156.75
156.75
157.75
155.25
155.25
152.5
150.25
150.25
150.25
150.25
150.25
150.25
150.25
150.25
150.5
150.5
150.5
150.5
144.25
138.0
131.75
125.5
119.25
113.0
113.0
114.0
114.0
117.25
117.25
114.75
114.75
114.75
118.75
118.75
125.0
125.0
128.5
128.5
126.5
125.25
125.25
125.75
125.75
126.0
126.0
125.75
125.75
125.75
125.75
125.75
125.75
125.75
125.75
119.05
112.35
105.65
98.95
92.25
92.25
92.25
90.25
90.25
90.25
89.5
89.5
89.5
89.5
89.5
88.25
88.25
88.25
88.25
88.25
88.5
88.5
88.25
88.25
88.25
88.25
88.25
96.39285714285714
104.53571428571428
112.67857142857143
120.82142857142857
128.96428571428572
137.10714285714286
145.25
145.25
147.0
147.0
147.0
147.0
147.0
147.0
147.0
147.0
146.75
146.75
149.75
151.25
151.25
152.5
152.5
153.0
153.0
151.75
152.5
159.0
159.0
162.0
164.25
164.0
164.0
163.75
162.75
162.75
162.75
162.75
162.75
164.0
164.0
164.0
164.0
164.0
164.0
164.0
164.0
164.0
156.1
148.2
140.3
132.4
124.5
124.5
121.75
121.75
121.75
121.75
121.75
121.75
121.75
122.0
122.0
119.5
121.75
121.75
123.5
123.5
124.0
124.0
123.0
123.0
123.25
123.25
122.5
122.5
121.75
121.75
121.75
121.75
121.0
121.0
121.5
108.75
108.75
101.0
101.0
101.0
101.0
88.25
88.25
99.75
99.75
101.75
101.75
103.25
103.25
103.25
107.25
107.25
115.5
117.0
117.0
117.5
117.5
117.5
118.0
118.0
117.75
117.75
117.75
117.75
118.0
118.0
120.0
120.0
122.5
124.5
124.5
124.5
132.0
140.25
140.25
143.25
143.25
144.0
144.0
144.0
144.0
144.0
143.75
143.75
143.75
143.75
143.75
143.75
139.6
135.45
131.3
127.15
123.0
120.75
120.75
120.75
111.25
111.25
111.0
111.0
108.75
108.75
106.0
106.0
106.0
106.75
106.75
106.75
107.25
107.25
107.25
107.5
107.5
107.5
107.5
107.5
107.5
107.5
107.5
107.5
100.95833333333333
94.41666666666667
87.875
81.33333333333333
74.79166666666667
68.25
68.25
68.25
68.25
72.75
72.75
72.75
72.75
72.75
72.5
72.5
72.5
73.0
73.0
73.0
73.0
66.5
66.5
66.5
66.5
66.5
74.75
74.75
72.0
72.0
81.75
81.75
81.75
81.75
93.25
93.25
93.25
93.25
93.25
93.25
93.25
93.25
93.25
93.25
93.25
93.25
93.25
93.25
93.25
93.25
93.5
89.82142857142857
86.14285714285714
82.46428571428571
78.78571428571429
75.10714285714286
71.42857142857143
67.75
67.75
76.5
76.5
87.25
87.25
85.25
85.25
83.25
83.25
83.25
82.75
82.75
91.25
91.25
91.25
104.0
104.0
103.75
103.75
103.75
103.75
103.75
104.0
104.0
104.0
104.0
104.0
106.15
108.3
110.45
112.6
114.75
114.75
114.75
110.0
110.0
110.0
117.75
117.75
118.0
118.0
118.0
118.0
117.75
117.75
117.75
118.0
118.0
117.75
118.03846153846153
118.32692307692308
118.61538461538461
118.90384615384616
119.1923076923077
119.48076923076923
119.76923076923077
120.0576923076923
120.34615384615384
120.63461538461539
120.92307692307692
121.21153846153847
121.5
121.5
122.25
122.25
119.5
119.5
119.5
119.5
119.5
119.5
119.5
119.5
119.25
119.25
119.25
119.25
106.5
106.5
106.0
106.0
106.0
104.0
104.0
104.0
109.0
109.0
105.75
105.75
105.75
100.5
100.5
100.5
105.25
105.25
107.5
107.5
107.5
108.75
108.75
108.0
108.0
109.75
109.75
112.25
112.25
113.25
113.25
113.25
113.25
114.25
114.25
114.25
114.25
113.25
113.25
113.25
116.25
116.25
109.75
109.75
106.75
106.75
104.0
104.0
101.75
101.75
101.75
101.75
101.75
90.25
90.25
88.75
88.75
88.75
88.0
88.0
87.75
87.75
87.75
87.0
87.0
89.0
89.0
89.0
89.5
89.5
89.5
90.0
90.0
89.25
89.25
89.25
89.25
89.25
89.75
89.75
89.75
89.75
88.25
88.25
88.25
86.75
86.75
86.75
85.75
85.75
85.75
85.75
89.25
89.25
100.75
100.75
86.0
86.0
86.0
70.0
70.0
70.0
72.75
72.75
72.75
75.25
75.25
75.25
74.75
74.75
74.75
74.75
73.0
73.0
73.0
71.0
71.0
71.0
71.0
65.75
65.75
65.75
65.75
65.5
65.5
65.5
66.25
66.25
66.25
66.25
67.75
67.75
67.75
67.5
67.5
67.5
67.5
67.0
67.0
67.0
67.0
73.5
73.5
74.5
74.5
74.5
75.5
75.5
75.5
75.5
75.5
75.5
75.5
76.0
76.0
76.0
77.0
77.0
77.0
77.75
77.75
77.75
76.25
76.25
76.25
71.5
71.5
71.5
69.5
69.5
69.5
69.5
67.0
67.0
67.0
67.0
67.25
67.25
67.25
69.75
69.75
69.75
68.75
68.75
68.75
68.75
68.75
68.75
63.5
63.5
67.5
67.5
67.5
67.5
67.75
67.75
67.75
67.75
67.75
67.75
67.75
66.25
66.25
66.25
67.0
67.0
67.0
67.0
69.75
69.75
69.75
69.5
69.5
69.5
69.75
69.75
69.75
69.75
69.75
69.75
69.75
70.75
70.75
70.75
75.25
75.25
75.75
75.75
75.75
74.5
74.5
74.5
77.75
77.75
78.0
78.0
79.0
79.0
79.0
81.5
81.5
83.0
83.0
83.0
76.25
76.25
76.25
71.0
71.0
71.0
71.0
72.0
72.0
71.25
71.25
71.25
69.25
69.25
69.25
69.25
67.25
67.25
67.25
66.25
66.25
66.25
66.25
66.25
65.25
65.25
65.25
65.75
65.75
65.75
66.75
66.75
66.75
66.75
70.0
70.0
70.0
70.25
70.25
70.25
70.25
70.5
70.5
71.25
71.25
71.25
75.5
75.5
76.75
76.75
76.75
76.25
76.25
76.0
76.0
76.0
74.0
74.0
74.0
73.25
73.25
73.25
73.25
72.75
72.75
72.75
74.0
74.0
74.0
73.75
73.75
73.75
72.25
72.25
72.25
72.25
73.5
73.5
73.5
74.75
74.75
74.75
74.5
74.5
74.5
76.0
76.0
76.0
77.25
77.25
77.25
78.0
78.0
79.25
79.25
79.25
81.25
81.25
83.25
83.25
83.25
84.5
84.5
84.5
84.0
84.0
84.0
83.25
83.25
83.25
83.25
76.0
76.0
76.0
76.25
76.25
75.0
75.0
75.0
73.75
73.75
73.75
74.5
74.5
74.5
76.5
76.5
78.5
78.5
80.5
80.5
81.75
81.75
81.75
82.75
82.75
84.0
84.0
85.5
85.5
86.75
86.75
86.75
86.75
86.75
84.75
84.75
84.75
84.75
84.75
84.75
84.75
83.75
83.75
84.25
84.25
84.25
85.0
85.0
87.0
87.0
87.0
86.75
86.75
86.75
86.75
86.75
86.75
88.5
88.5
89.5
89.5
89.5
89.75
89.75
92.75
92.75
94.5
94.5
94.5
94.25
94.25
94.5
94.5
97.25
97.25
97.25
96.75
96.75
96.75
95.25
95.25
92.25
92.25
92.25
92.0
92.0
92.0
91.5
91.5
90.75
90.75
90.75
90.75
90.75
90.75
90.75
90.75
90.5
90.5
90.5
91.0
91.0
91.0
90.0
90.0
87.75
87.75
87.75
87.75
87.75
87.75
90.0
90.0
90.5
90.5
90.5
90.75
90.75
90.75
91.25
91.25
91.75
91.75
93.75
93.75
93.75
93.75
94.0
94.0
93.75
93.75
93.75
93.75
93.75
93.75
106.375
119.0
131.625
144.25
156.875
169.5
169.5
166.5
166.75
166.75
166.75
166.75
166.75
166.75
166.75
167.0
167.0
167.0
167.0
157.10714285714286
147.21428571428572
137.32142857142858
127.42857142857143
117.53571428571429
107.64285714285714
97.75
97.75
99.25
99.25
99.25
99.25
99.25
99.25
99.25
99.5
99.5
99.5
99.5
108.25
108.25
108.25
113.5
116.75
116.75
118.0
118.0
116.5
116.5
116.75
116.75
116.75
116.5
116.5
116.5
116.25
116.5
116.5
116.5
116.5
116.25
116.25
116.25
116.5
120.375
124.25
128.125
132.0
135.875
139.75
139.75
136.75
136.75
128.0
128.0
125.25
125.25
125.25
125.25
125.25
125.25
125.25
125.25
125.5
125.5
125.5
125.5
122.15
118.8
115.45
112.1
108.75
108.75
108.75
108.0
108.0
101.25
101.25
100.0
100.0
99.25
99.25
99.25
109.5
109.5
109.5
109.5
109.25
109.25
109.25
109.25
109.25
109.25
102.75
102.75
104.0
104.0
103.75
103.75
103.75
103.75
103.75
103.75
103.75
104.0
103.75
103.75
105.76470588235294
107.77941176470588
109.79411764705883
111.80882352941177
113.82352941176471
115.83823529411765
117.8529411764706
119.86764705882354
121.88235294117646
123.8970588235294
125.91176470588235
127.92647058823529
129.94117647058823
131.9558823529412
133.97058823529412
135.98529411764707
138.0
138.0
135.25
135.25
134.25
134.25
131.25
131.25
132.0
132.0
132.0
141.75
141.75
141.75
142.0
142.0
141.75
142.0
142.0
142.0
142.0
142.0
140.3
138.6
136.9
135.2
133.5
131.8
130.1
128.4
126.7
125.0
123.3
121.6
119.9
118.2
116.5
114.8
113.1
111.4
109.7
108.0
106.3
104.6
102.9
101.2
99.5
97.8
96.1
94.4
92.7
91.0
89.3
87.6
85.9
84.2
82.5
80.8
79.10000000000001
77.4
75.7
74.0
74.0
74.0
74.0
73.75
73.75
73.75
73.75
73.75
73.75
73.75
73.75
74.0
74.0
74.0
73.75
73.75
73.25
73.25
73.25
74.0
74.0
74.0
75.75
75.75
75.75
75.75
74.5
74.5
74.5
74.5
74.75
74.75
74.75
74.25
74.25
74.25
74.75
74.75
68.5
68.5
68.5
68.5
68.5
68.5
68.5
68.25
68.25
68.25
68.25
68.25
72.51315789473685
76.77631578947368
81.03947368421052
85.30263157894737
89.56578947368422
93.82894736842105
98.09210526315789
102.35526315789474
106.61842105263159
110.88157894736842
115.14473684210526
119.40789473684211
123.67105263157896
127.9342105263158
132.19736842105263
136.46052631578948
140.72368421052633
144.98684210526318
149.25
149.25
149.25
149.25
149.25
149.25
149.25
149.25
149.5
149.5
149.5
149.5
149.5
149.5
149.25
147.18571428571428
145.12142857142857
143.05714285714285
140.99285714285713
138.92857142857142
136.8642857142857
134.8
132.7357142857143
130.67142857142858
128.60714285714286
126.54285714285714
124.47857142857143
122.41428571428571
120.35
118.28571428571428
116.22142857142856
114.15714285714286
112.09285714285714
110.02857142857142
107.96428571428571
105.89999999999999
103.83571428571427
101.77142857142857
99.70714285714286
97.64285714285714
95.57857142857142
93.5142857142857
91.44999999999999
89.38571428571429
87.32142857142857
85.25714285714285
83.19285714285714
81.12857142857142
79.0642857142857
77.0
77.0
77.5
77.5
77.5
77.75
77.75
79.0
79.0
79.0
81.5
81.5
76.0
76.0
76.0
73.0
73.0
73.0
74.75
74.75
74.75
81.25
81.25
80.25
80.25
80.25
80.0
80.0
80.0
88.75
89.25
89.25
89.75
89.75
91.25
91.25
91.25
91.25
81.75
81.75
81.75
73.5
73.5
73.5
73.5
74.5
74.5
74.5
76.0
76.0
76.0
81.75
81.75
91.0
91.0
93.0
93.0
92.5
92.5
92.5
92.25
92.25
92.25
92.25
92.25
92.25
92.25
92.25
92.25
113.45
134.65
155.85
177.05
198.25
194.25
194.25
194.25
194.25
194.25
194.5
194.5
194.25
194.25
194.5
194.5
194.5
168.5625
142.625
116.6875
90.75
90.75
90.75
90.25
90.25
92.5
92.5
92.5
92.5
92.5
92.5
92.5
92.25
92.25
99.5
99.5
99.5
99.5
99.5
98.25
98.25
98.0
98.0
98.0
96.5
96.5
98.75
98.75
98.75
99.0
99.0
99.0
99.0
99.0
99.0
99.0
99.0
127.0
127.0
129.0
129.0
129.5
129.5
128.0
128.0
126.25
126.25
125.75
125.75
124.25
124.25
124.5
124.5
124.25
124.25
124.25
125.0
125.0
124.5
124.5
126.0
126.0
128.0
128.0
128.5
128.5
128.0
128.0
126.75
126.75
126.75
126.75
127.25
126.25
126.25
125.75
125.75
125.5
125.5
126.5
126.5
126.25
126.25
126.75
126.75
129.0
129.0
129.0
129.0
129.0
128.5
128.5
128.5
128.5
128.25
128.25
128.5
128.5
126.25
126.25
123.5
123.5
121.75
121.75
121.5
121.5
123.5
123.5
123.75
123.75
124.25
125.75
125.75
127.0
127.0
128.0
128.0
128.0
128.0
128.25
128.25
126.5
126.5
127.0
127.0
127.25
128.25
128.25
128.5
128.5
128.5
128.5
129.5
129.5
128.5
128.5
128.0
128.0
128.25
128.25
128.0
126.0
126.0
125.75
125.75
125.75
125.75
126.75
126.75
126.5
126.5
126.75
126.75
127.0
127.0
128.25
130.25
130.25
130.75
130.75
130.25
130.25
130.25
130.25
128.75
128.75
129.0
129.0
129.0
128.25
128.25
128.5
128.5
129.75
129.75
130.25
130.25
130.0
130.0
130.25
130.5
130.5
130.75
130.75
132.25
132.25
131.75
131.75
132.25
132.25
130.25
130.25
129.25
129.25
127.5
127.5
126.75
126.75
127.5
127.75
127.75
127.25
127.25
127.25
127.25
128.5
128.5
128.0
128.0
128.0
126.75
126.75
125.75
124.5
124.5
126.0
126.5
126.5
125.75
125.75
126.75
126.75
127.25
127.25
127.5
127.5
127.25
127.25
128.0
128.0
127.25
127.25
127.25
128.0
128.0
128.25
128.25
129.25
129.25
130.25
130.25
130.0
130.0
128.5
131.25
131.25
131.0
131.0
131.5
131.5
131.75
131.75
132.0
132.0
131.0
131.0
130.5
131.75
131.75
132.25
132.25
131.5
131.5
131.5
130.25
130.25
129.75
129.75
130.0
130.0
131.0
131.0
131.5
131.5
130.75
130.75
130.5
130.5
131.25
131.25
131.25
131.5
131.5
130.25
130.25
128.75
128.75
128.75
128.75
128.5
128.25
128.25
128.5
128.5
128.5
128.5
128.5
128.25
128.25
134.25
135.25
135.25
135.5
135.5
136.5
136.5
137.5
138.0
138.0
138.0
133.25
133.25
133.5
133.5
128.5
128.5
121.75
121.75
121.5
121.5
122.5
122.5
125.75
128.5
128.5
129.5
129.5
130.25
130.25
130.25
130.25
130.0
130.25
130.25
130.25
130.25
130.25
130.25
131.5
131.5
132.0
132.0
131.0
131.0
131.5
130.5
130.5
130.75
130.75
130.25
130.25
129.75
129.75
129.75
130.75
130.75
132.0
132.0
132.75
132.75
133.0
133.0
133.5
131.75
131.75
131.25
131.25
131.25
131.25
131.25
132.25
132.25
130.75
130.75
132.25
132.25
132.0
131.25
131.25
130.25
130.25
130.75
130.75
130.5
130.5
129.5
129.5
129.5
129.0
129.0
128.0
128.0
129.0
129.0
129.5
129.5
129.25
129.25
130.5
130.5
129.5
129.5
127.75
127.75
127.0
127.0
126.25
126.25
127.0
127.0
129.5
129.5
128.0
128.0
127.25
127.25
126.75
126.75
128.0
128.0
127.25
127.25
126.25
126.25
126.25
126.25
124.5
124.5
124.5
123.5
123.5
123.25
123.25
123.25
123.25
123.25
123.25
123.25
123.25
123.25
123.25
123.25
123.78125
124.3125
124.84375
125.375
125.90625
126.4375
126.96875
127.5
128.75
128.75
128.75
128.75
128.75
128.75
128.75
128.75
128.75
128.75
128.75
129.0
129.0
129.0
129.0
125.13888888888889
121.27777777777777
117.41666666666667
113.55555555555556
109.69444444444444
105.83333333333333
101.97222222222223
98.11111111111111
94.25
94.25
94.25
94.25
94.25
94.25
94.25
94.25
94.25
94.25
94.25
94.25
94.75
94.75
96.75
96.75
99.25
99.25
99.25
105.75
105.75
105.0
105.0
106.75
106.75
108.5
108.5
109.25
109.25
111.0
111.0
112.5
112.5
112.0
112.0
110.5
110.5
110.5
110.5
109.5
109.5
110.0
110.0
111.0
111.0
111.5
111.5
114.25
114.25
113.0
113.0
110.75
110.75
111.0
111.0
111.0
111.0
111.0
111.0
112.0
112.0
111.75
111.75
111.75
112.0
112.0
112.0
109.75
109.75
109.75
110.75
110.75
110.75
111.25
111.25
112.75
112.75
114.75
114.75
114.75
114.75
114.5
114.5
114.5
114.5
115.5
115.5
115.5
115.5
115.5
116.0
116.0
116.75
116.75
116.5
116.5
119.25
119.25
119.5
119.5
118.75
118.75
117.5
117.5
117.0
117.0
117.75
117.75
118.5
118.5
118.0
118.0
118.0
118.0
116.75
116.75
116.5
116.5
116.25
116.25
116.25
116.25
117.25
117.25
119.5
119.5
117.5
117.5
115.75
115.75
116.0
116.0
116.0
115.25
115.25
115.25
118.0
118.0
120.5
120.5
118.75
119.25
119.25
120.25
120.25
120.25
122.0
122.0
121.75
122.5
122.5
122.25
122.25
122.25
122.25
121.75
121.75
120.25
120.25
120.75
120.75
119.75
119.75
118.75
118.75
120.0
120.0
120.75
120.75
122.75
122.75
123.5
123.5
123.5
123.5
124.0
124.0
123.5
123.0
123.0
124.25
124.25
124.5
124.5
124.25
124.25
124.25
124.25
124.0
124.0
124.5
124.5
125.75
125.75
123.0
123.0
119.5
119.5
119.5
119.25
119.25
119.0
119.5
119.5
120.75
120.75
121.75
121.75
121.75
121.75
121.75
122.5
123.75
123.75
124.0
124.0
124.0
125.25
125.25
126.75
126.75
126.75
127.25
127.25
126.75
126.75
125.25
125.25
125.75
125.75
126.5
126.25
126.25
127.25
127.25
127.75
128.25
128.25
128.25
128.25
129.0
129.0
129.0
129.0
129.0
129.0
129.25
128.0
128.0
128.25
128.25
128.5
128.5
128.5
128.5
129.0
129.0
128.75
128.75
129.0
129.0
128.5
127.0
127.0
127.25
127.25
126.0
126.0
126.75
126.75
127.0
127.0
128.5
128.5
128.0
128.0
128.5
129.0
129.0
128.25
128.25
128.25
128.25
126.75
126.75
126.75
126.75
127.0
127.0
126.5
126.5
127.25
127.25
128.5
129.0
129.0
129.5
129.5
131.5
131.5
131.5
131.5
131.5
131.5
131.5
130.0
130.0
129.5
129.5
128.5
128.5
128.0
128.0
129.0
129.0
128.5
128.5
129.5
129.25
129.25
129.0
129.0
129.5
129.5
129.0
129.0
129.0
130.5
130.5
130.75
130.75
131.25
131.25
130.0
130.25
130.25
130.25
130.25
129.0
129.0
129.25
129.25
130.25
130.25
130.75
131.0
131.0
131.25
131.25
131.75
131.75
132.0
132.0
133.0
133.0
133.0
131.5
131.5
128.5
128.5
126.75
126.75
128.0
128.0
127.75
127.75
125.5
125.5
126.5
126.5
127.25
127.75
127.75
128.25
128.25
128.0
128.0
128.0
128.0
127.25
127.25
126.25
126.25
126.0
126.0
126.0
126.0
125.0
125.0
124.0
124.0
124.0
124.25
124.25
124.75
124.75
124.5
124.5
125.5
125.5
125.75
125.75
124.0
124.0
123.5
123.5
124.0
124.0
125.0
125.0
127.25
128.5
128.5
128.5
128.5
127.25
127.25
127.25
127.25
127.0
127.0
126.5
125.75
125.75
125.75
125.75
125.75
125.75
126.25
126.25
126.75
126.75
127.5
127.5
128.75
128.75
127.25
127.25
128.25
128.25
128.0
128.0
128.0
128.0
128.0
127.75
127.75
128.0
128.0
128.0
128.0
128.0
128.0
127.5
127.5
127.5
127.5
127.25
127.25
127.25
128.0
128.0
128.0
128.0
128.0
128.0
127.25
127.25
126.0
126.0
124.5
124.5
125.25
125.25
125.5
125.5
125.5
125.5
125.5
126.75
126.75
127.25
127.25
127.5
127.5
127.5
127.5
128.0
127.0
127.0
126.0
126.0
126.0
127.5
128.25
128.25
129.5
129.5
130.25
130.25
130.75
130.75
131.0
131.0
130.75
130.75
130.75
129.75
129.75
129.0
129.0
129.5
129.5
129.0
129.0
129.5
129.5
129.5
129.5
129.5
129.5
129.5
126.25
126.25
127.0
127.0
127.75
127.75
126.75
126.75
129.0
128.0
128.0
128.0
128.0
128.0
128.0
128.25
128.25
126.5
126.5
127.0
127.0
128.0
128.0
128.25
128.25
128.25
128.25
129.75
129.75
129.75
129.5
129.5
129.5
125.0
125.0
127.0
127.0
127.0
127.0
127.0
126.75
126.75
127.0
127.0
126.75
126.75
129.5
130.25
130.25
130.25
130.25
130.25
130.75
130.25
130.25
131.0
131.0
131.25
132.0
132.0
132.0
132.0
131.5
131.5
130.25
130.25
130.75
130.75
131.0
131.25
131.25
132.0
132.0
132.0
132.0
132.0
132.0
131.75
131.75
130.75
129.75
129.75
130.0
130.0
130.75
130.75
131.5
131.5
130.75
130.75
130.25
130.75
130.75
130.75
131.0
131.25
131.25
131.5
131.5
131.5
131.5
130.75
130.5
130.5
131.0
131.0
130.25
130.25
131.0
131.0
129.5
129.5
130.0
130.0
130.25
131.25
131.25
130.75
130.75
131.25
131.25
130.5
130.5
129.5
129.5
128.5
128.5
128.0
128.0
128.5
128.5
129.0
129.0
129.0
129.5
129.5
129.0
129.0
129.0
130.25
130.25
129.75
130.0
130.0
130.0
130.0
130.5
130.5
131.5
131.5
130.75
130.75
131.75
132.75
132.75
133.75
133.75
134.0
134.0
135.0
135.0
134.25
134.25
134.25
133.25
133.25
133.75
133.75
132.75
132.75
132.75
132.75
129.5
129.5
132.0
132.0
131.25
131.25
132.25
132.25
134.5
134.5
134.25
134.25
133.5
133.5
134.25
134.25
134.25
134.25
134.25
134.25
134.5
134.25
134.5
134.60714285714286
134.71428571428572
134.82142857142858
134.92857142857142
135.03571428571428
135.14285714285714
135.25
135.25
135.25
136.25
136.25
136.25
136.25
136.25
136.25
136.25
136.25
136.25
136.25
136.25
136.25
136.25
136.25
136.25
136.25
134.28125
132.3125
130.34375
128.375
126.40625
124.4375
122.46875
120.5
120.5
120.75
120.75
121.5
121.5
121.25
121.25
121.5
121.25
121.25
121.5
121.5
125.0
125.0
125.25
125.5
125.5
126.25
126.25
127.5
127.5
130.75
130.75
135.0
136.75
136.75
136.75
136.75
139.75
139.75
138.25
138.25
133.75
133.75
133.75
133.75
137.0
137.0
137.0
134.75
134.75
129.5
129.5
130.0
130.0
130.25
131.5
131.5
132.0
132.0
130.75
130.75
128.5
128.5
125.75
125.75
129.5
116.75
116.75
116.75
112.0
111.75
111.75
111.75
114.5
114.0
114.0
116.0
116.0
116.0
119.5
119.5
120.75
120.75
120.75
120.75
120.75
120.75
120.25
120.25
120.25
120.25
120.0
120.0
123.75
123.75
121.0
121.0
120.25
120.25
120.0
120.0
119.5
119.5
119.5
118.0
116.25
116.25
115.75
115.75
114.5
114.5
114.5
114.5
114.25
114.25
114.25
115.0
115.0
114.5
114.5
113.5
113.5
114.0
114.0
113.5
113.5
113.5
115.0
115.0
115.0
121.75
121.75
117.25
117.25
117.25
120.25
121.5
121.5
121.0
121.0
120.5
120.5
121.5
121.5
123.75
123.75
124.5
124.5
125.75
125.75
125.75
124.5
124.5
124.0
124.0
124.0
124.5
124.5
125.0
125.0
126.75
128.25
128.25
128.5
128.5
129.5
129.5
130.25
130.25
128.75
128.75
129.0
129.0
129.0
128.25
128.25
125.0
125.0
124.75
124.75
125.25
125.25
125.25
125.25
125.0
125.0
125.5
126.25
126.25
126.5
126.0
126.0
127.0
127.0
127.75
127.75
129.25
129.25
128.5
129.0
129.0
128.75
128.75
127.25
127.25
128.0
128.0
127.25
127.25
127.25
127.25
128.5
128.5
129.5
130.0
130.0
130.25
130.25
131.5
131.5
131.75
132.75
132.75
133.5
133.5
132.0
132.0
132.0
132.0
131.5
131.5
130.5
130.5
130.25
130.5
130.5
130.5
130.5
129.75
129.75
129.75
129.75
130.75
130.75
130.75
130.75
130.75
130.25
130.25
131.75
131.75
132.5
132.5
130.25
130.25
130.25
130.25
130.25
130.25
130.25
130.5
130.5
130.25
130.25
130.25
130.25
135.25
135.25
135.25
135.25
135.5
135.5
135.5
135.5
135.25
135.25
135.25
135.25
135.41346153846155
135.57692307692307
135.7403846153846
135.90384615384616
136.06730769230768
136.23076923076923
136.39423076923077
136.55769230769232
136.72115384615384
136.8846153846154
137.04807692307693
137.21153846153845
137.375
137.53846153846155
137.70192307692307
137.8653846153846
138.02884615384616
138.19230769230768
138.35576923076923
138.51923076923077
138.68269230769232
138.84615384615384
139.0096153846154
139.17307692307693
139.33653846153845
139.5
138.5
138.5
138.75
138.75
137.75
137.75
137.0
137.0
136.75
137.25
137.25
137.5
137.5
136.75
136.75
136.75
136.25
136.25
135.75
135.75
135.75
135.75
135.25
135.25
136.0
135.75
135.75
135.0
135.0
135.0
135.0
135.0
135.0
135.5
135.5
135.0
135.0
134.0
134.75
134.75
134.25
134.25
133.5
133.5
132.0
133.0
133.0
132.75
132.75
132.0
132.0
132.75
132.75
133.5
134.5
134.5
134.0
134.0
133.25
133.25
132.0
132.0
132.75
132.75
130.25
130.25
132.0
130.25
130.25
130.25
130.25
130.5
130.5
130.75
131.5
131.5
131.5
131.5
132.25
132.25
132.75
132.75
132.5
132.5
132.75
132.75
132.75
133.5
133.5
132.25
132.25
131.25
131.25
131.75
131.75
131.75
131.75
131.75
133.25
133.25
133.5
133.5
133.75
133.25
133.25
132.25
132.25
131.5
131.5
133.25
133.25
134.0
133.0
133.0
133.25
133.25
132.75
132.75
130.25
130.25
127.25
127.25
127.75
127.75
128.5
128.5
128.5
127.25
127.25
127.25
127.25
127.25
127.25
127.25
127.5
127.5
127.5
127.25
127.25
127.25
127.25
127.25
127.25
127.11842105263158
126.98684210526316
126.85526315789474
126.72368421052632
126.59210526315789
126.46052631578948
126.32894736842105
126.19736842105263
126.0657894736842
125.9342105263158
125.80263157894737
125.67105263157895
125.53947368421052
125.40789473684211
125.27631578947368
125.14473684210526
125.01315789473684
124.88157894736842
124.75
124.75
124.0
124.0
123.5
123.5
122.25
122.25
121.5
121.5
121.5
121.5
121.5
121.5
121.5
121.5
121.25
121.5
121.5
121.25
121.45
121.65
121.85
122.05
122.25
122.45
122.65
122.85
123.05
123.25
124.0
124.0
124.5
124.5
124.5
124.5
124.0
124.0
123.0
123.0
123.25
123.25
123.0
123.0
123.75
123.75
123.75
125.5
125.5
126.0
126.0
126.25
126.25
126.25
126.25
127.25
127.25
128.25
128.0
128.0
128.0
128.0
130.25
130.25
129.0
129.0
129.75
129.75
130.75
130.5
130.5
131.75
131.75
131.25
131.25
130.5
130.5
131.5
131.5
131.25
129.0
129.0
130.0
130.0
130.0
130.0
130.0
129.5
129.5
127.0
127.0
129.25
129.0
129.0
129.75
129.75
130.25
130.25
131.0
129.0
129.0
128.75
128.75
129.25
129.25
129.75
129.75
130.0
130.0
131.5
131.5
131.25
131.25
131.25
131.5
131.5
132.0
130.75
130.75
131.25
131.25
131.25
130.75
130.75
131.75
131.75
131.75
132.25
132.25
132.0
132.0
132.5
133.0
133.0
132.75
132.75
132.75
132.75
131.5
131.5
131.5
131.5
131.75
132.5
132.5
132.25
132.25
133.75
133.75
132.0
134.0
134.0
133.5
133.5
133.5
133.5
134.0
134.0
134.25
134.25
132.25
132.25
132.75
132.75
133.25
133.25
133.5
133.5
134.25
134.25
133.5
134.25
134.25
134.75
134.75
135.75
135.75
135.0
135.75
135.75
136.0
136.0
135.75
135.75
135.0
135.0
135.0
135.75
135.75
135.5
135.5
134.25
134.25
136.75
135.25
135.25
135.5
135.5
136.0
136.0
137.0
137.75
137.75
136.75
136.75
135.75
135.75
135.75
135.75
135.25
135.25
135.5
135.75
135.75
135.75
134.25
134.25
135.5
135.5
135.75
135.75
136.5
136.5
135.75
135.0
135.0
135.75
135.75
136.0
136.0
136.0
135.5
135.5
134.25
134.25
135.0
135.0
135.5
135.0
135.0
135.0
135.25
135.25
134.75
135.0
135.0
135.0
135.0
134.75
134.75
134.75
134.75
134.75
135.0
135.25
135.25
135.5
135.5
135.0
135.0
134.25
134.25
135.0
134.75
134.75
135.0
135.0
134.25
134.25
134.5
135.25
135.25
135.5
135.5
135.0
135.0
135.5
135.5
135.0
135.0
135.0
134.5
134.5
133.5
133.5
134.25
134.0
134.0
135.0
135.0
134.0
134.0
134.0
134.0
134.25
134.0
134.0
134.0
134.0
134.5
134.5
134.75
134.75
134.75
135.0
135.0
136.5
136.5
136.0
136.0
135.0
135.0
135.0
136.5
136.5
134.25
133.0
133.0
133.75
133.75
134.25
134.25
133.75
133.75
134.0
134.0
134.25
135.25
135.25
135.25
135.25
134.75
134.75
135.0
135.0
134.0
134.75
134.75
134.25
134.25
134.0
134.0
134.25
134.25
134.25
135.0
135.0
135.0
134.25
135.0
135.0
134.25
134.25
134.5
135.0
135.0
135.0
134.5
134.5
134.5
134.25
134.25
134.25
135.0
135.0
134.75
135.75
135.75
136.5
136.5
136.25
136.25
136.25
135.75
133.75
133.75
133.75
133.75
134.25
134.25
134.75
134.75
134.75
134.5
134.5
135.25
135.25
136.0
135.0
135.0
135.75
135.75
135.75
135.75
135.75
135.25
135.25
135.5
135.5
135.5
135.75
135.75
135.0
135.0
135.0
135.0
135.0
135.0
136.25
136.25
134.75
134.75
134.25
134.0
134.0
134.25
134.25
134.25
134.25
134.25
134.25
133.5
134.5
134.5
134.25
134.25
134.25
134.25
134.0
133.75
133.75
134.25
134.25
134.0
134.0
132.5
132.5
133.5
134.5
134.5
134.75
134.75
135.0
135.0
134.25
135.25
135.25
135.0
135.0
133.25
133.25
134.25
134.25
132.75
132.75
133.25
133.25
133.25
133.5
133.5
133.75
133.75
133.5
133.5
133.0
133.5
133.5
133.75
133.75
133.75
133.75
131.5
131.5
134.5
134.0
134.0
134.5
134.5
132.75
132.75
132.75
132.25
132.25
133.0
133.0
132.75
132.75
132.75
133.5
133.5
133.5
133.5
134.0
134.0
134.0
134.0
134.0
134.75
134.75
134.5
134.5
135.5
135.5
133.25
131.75
131.75
131.25
131.25
131.0
131.0
132.0
132.0
132.0
132.0
132.0
132.75
132.75
133.5
133.5
134.0
134.0
134.25
135.0
135.0
135.25
135.25
135.5
135.5
134.0
134.25
134.25
133.75
133.75
134.25
134.25
135.0
135.0
135.0
135.5
135.5
135.0
135.0
135.75
135.75
136.0
134.75
134.75
133.0
133.0
133.0
133.0
133.0
133.0
133.5
133.5
133.5
133.5
133.5
135.0
135.0
134.75
134.75
136.0
136.0
136.0
136.0
136.0
136.0
136.0
136.0
135.75
135.75
135.75
137.25
136.5
136.5
137.5
137.5
136.75
136.25
136.25
135.75
135.75
136.25
136.25
136.0
136.0
136.25
136.75
136.75
136.75
136.75
136.75
136.75
136.75
137.0
137.0
137.0
136.79166666666666
136.58333333333334
136.375
136.16666666666666
135.95833333333334
135.75
135.54166666666666
135.33333333333334
135.125
134.91666666666666
134.70833333333334
134.5
133.5
133.5
134.25
135.75
135.75
135.25
135.25
135.5
135.5
135.5
136.25
136.25
136.75
136.75
136.75
137.25
137.25
136.25
136.25
135.5
135.5
135.75
135.75
135.25
136.75
136.75
136.25
136.25
136.0
136.0
136.0
135.75
135.75
136.0
136.0
136.75
136.75
137.25
138.0
138.0
137.5
137.5
136.0
136.0
136.75
135.75
135.75
136.75
136.75
136.0
136.0
135.25
135.25
135.75
135.75
135.75
136.25
136.25
135.75
135.25
135.25
135.5
135.5
134.0
134.0
133.75
133.75
134.25
134.25
135.0
135.75
135.75
136.25
136.25
136.25
136.25
136.25
136.25
136.25
136.25
136.25
136.25
136.25
135.0
136.75
136.75
137.5
137.5
136.75
136.25
136.25
136.75
136.75
137.75
137.75
138.0
140.25
140.25
140.25
140.25
139.5
140.25
140.25
140.5
140.5
141.25
141.25
141.75
141.5
141.5
142.0
142.0
142.25
142.5
142.5
142.5
142.5
142.5
143.0
142.0
142.0
145.5
145.5
145.0
145.5
145.5
145.5
145.5
145.5
145.5
145.5
145.25
145.25
144.5
144.5
143.25
140.5
140.5
141.25
137.25
137.25
137.25
137.25
137.25
137.5
137.5
137.25
137.25
137.25
137.25
137.5
134.78125
132.0625
129.34375
126.625
123.90625
121.1875
118.46875
115.75
115.75
115.75
116.5
116.5
115.5
115.0
115.0
115.0
113.75
113.75
114.0
114.0
110.25
110.25
110.25
112.0
110.5
110.5
110.5
107.75
107.75
107.25
107.25
105.75
105.75
105.0
105.0
105.0
106.75
106.75
106.5
106.5
105.75
105.75
107.75
107.75
112.0
112.0
111.25
111.25
111.25
111.25
111.25
111.25
118.0
118.25
118.25
117.0
117.0
117.0
116.5
116.5
116.0
116.0
118.5
118.5
117.5
117.5
118.75
118.75
118.5
118.5
119.25
119.25
119.5
119.5
121.25
121.25
122.0
122.0
120.25
120.25
116.75
116.75
118.0
118.0
119.5
119.5
121.5
121.5
123.0
123.0
123.0
123.0
121.75
121.75
120.25
120.25
119.0
119.0
119.0
119.0
121.0
124.0
124.0
126.0
126.0
126.75
126.75
126.75
126.75
126.75
126.75
126.0
126.0
125.75
125.75
127.0
127.0
125.25
128.5
128.5
127.25
127.25
127.75
127.75
128.25
128.25
129.0
129.0
129.5
129.5
129.25
130.0
130.0
129.5
129.5
129.5
129.5
130.0
130.0
129.75
129.75
130.5
129.5
129.5
130.25
130.25
129.5
129.5
130.0
130.0
129.75
129.75
130.0
130.0
131.0
131.0
131.25
131.25
130.25
130.25
129.0
129.0
130.25
129.5
129.5
129.75
129.75
130.25
130.25
130.75
130.75
131.5
131.75
131.75
132.0
132.0
131.75
131.75
130.75
130.75
130.25
130.25
130.0
130.25
130.25
130.5
130.5
131.0
131.0
131.5
131.5
132.25
132.75
132.75
133.0
133.0
133.5
133.5
133.0
133.0
132.0
132.0
131.5
131.5
131.5
131.5
131.5
131.25
131.25
130.0
130.0
130.0
131.25
131.25
132.75
133.25
133.25
133.25
133.25
133.25
133.25
133.75
133.75
134.0
135.0
135.0
134.75
134.75
135.75
135.75
135.0
134.5
134.5
135.0
135.0
134.75
134.75
135.0
135.0
134.75
134.5
134.5
134.75
134.75
135.5
135.5
135.75
136.5
136.5
136.25
136.25
136.0
136.0
136.75
135.0
135.0
136.75
136.75
135.5
135.5
135.25
134.25
134.25
134.25
134.25
134.25
134.25
134.25
134.25
134.25
134.25
134.25
135.25
135.25
135.25
135.25
135.25
136.25
136.25
136.5
136.5
135.75
135.75
136.0
135.75
135.75
135.75
135.75
136.5
136.5
135.75
135.75
136.25
136.5
136.5
136.75
136.75
137.0
136.5
136.5
136.75
136.75
136.75
136.75
136.0
136.0
135.75
136.0
136.0
136.0
136.0
136.0
136.0
136.0
136.0
136.0
136.0
136.0
135.83333333333334
135.66666666666666
135.5
135.33333333333334
135.16666666666666
135.0
135.0
134.5
134.5
135.0
135.0
134.75
136.0
136.0
136.25
136.25
136.0
136.0
136.0
136.0
135.75
135.75
136.0
136.0
135.25
134.75
134.75
134.0
134.0
134.0
134.0
134.5
134.75
134.75
135.0
135.0
134.5
134.5
133.75
133.75
133.25
132.75
132.75
132.75
132.75
132.25
132.25
133.5
133.5
133.0
133.5
133.5
133.25
133.25
133.75
133.75
134.0
134.0
134.75
135.5
135.5
136.75
136.75
137.75
138.5
138.5
139.5
139.5
139.0
139.0
139.5
139.5
139.5
139.25
139.25
139.5
139.5
139.5
139.25
139.25
139.5
139.75
139.75
141.0
141.0
139.5
139.5
139.75
140.5
140.5
138.0
138.0
138.0
137.5
137.5
136.75
136.75
135.75
135.75
129.5
128.5
128.5
125.5
125.5
124.5
124.5
123.5
123.5
124.5
124.5
124.0
124.0
124.0
124.0
124.25
124.25
121.75
121.75
119.75
119.75
119.25
119.25
117.0
117.0
117.0
116.5
116.5
118.0
118.0
117.0
117.0
117.0
118.5
118.5
118.5
117.5
117.5
115.75
115.75
115.75
115.75
117.5
117.5
117.75
117.75
119.5
119.5
118.25
118.25
117.0
117.0
116.75
116.75
116.75
116.75
116.75
119.25
119.25
120.75
120.75
121.0
121.0
121.75
121.75
122.25
122.25
122.75
122.75
122.25
122.25
121.0
121.0
121.0
121.0
121.0
121.0
121.75
121.75
122.5
123.0
123.0
125.0
125.0
127.25
127.25
127.5
127.5
128.75
128.75
127.25
128.5
128.5
129.0
129.0
130.0
130.0
129.5
129.5
130.5
131.25
131.25
128.25
128.25
126.75
126.75
127.75
127.75
127.75
127.25
127.25
128.75
128.75
130.75
130.75
131.25
131.25
132.0
132.0
131.0
130.25
130.25
130.75
130.75
130.25
130.25
130.25
130.25
132.0
132.25
132.25
132.75
132.75
133.5
133.5
133.0
133.0
131.75
131.75
130.0
131.0
131.0
131.5
131.5
130.75
130.75
132.5
132.5
131.75
133.0
133.0
132.5
132.5
132.75
132.75
133.5
133.5
132.0
131.0
131.0
132.25
132.25
132.75
132.75
133.0
133.0
133.25
132.25
132.25
132.75
132.75
133.25
133.25
132.75
132.75
133.5
133.5
133.5
133.5
133.5
133.5
133.0
133.75
133.75
134.0
134.0
131.75
131.75
131.0
133.25
133.25
133.75
133.75
134.5
134.5
135.75
135.75
135.5
135.5
135.75
135.75
135.75
135.75
135.75
135.75
136.25
136.25
135.75
135.75
135.75
135.75
135.5
135.5
135.0
135.0
135.0
136.0
136.0
135.75
135.75
136.25
135.75
135.75
135.75
135.75
135.0
135.0
136.25
136.5
136.5
135.0
135.0
134.5
134.5
136.25
136.0
136.0
136.75
136.75
137.5
137.5
136.75
136.75
137.0
137.25
137.25
137.75
137.75
136.75
137.5
137.5
136.75
136.75
137.25
137.25
137.0
137.75
137.75
138.25
138.25
137.25
137.25
137.75
137.75
138.5
137.0
137.0
137.0
137.0
137.0
138.25
138.25
137.5
137.5
138.0
138.0
138.75
138.75
138.5
138.5
138.5
137.0
137.0
137.5
137.5
138.5
138.0
138.0
138.5
139.0
139.0
138.5
138.5
139.0
139.0
138.0
138.5
138.5
139.0
139.0
138.5
138.5
138.5
138.5
138.5
138.75
138.75
138.0
138.0
138.0
138.5
138.5
139.5
139.5
139.5
141.25
141.25
138.5
138.5
138.5
138.5
138.5
138.5
138.5
138.5
138.5
138.5
138.5
138.5
138.25
138.25
138.25
138.25
138.25
138.25
138.25
138.5
139.0
139.0
139.0
139.0
139.0
139.5
139.5
139.5
138.75
138.75
139.0
138.75
138.75
138.75
139.0
138.75
138.75
139.75
139.5
139.5
139.75
139.75
139.0
139.5
139.5
139.5
139.5
139.5
139.5
139.5
139.5
139.5
139.25
139.25
139.0
138.75
138.75
139.0
139.0
139.0
139.0
139.5
139.5
140.5
140.5
139.5
139.5
139.25
139.25
139.75
139.5
139.5
140.0
140.0
138.5
138.75
138.75
139.5
139.5
139.5
139.5
139.0
139.5
139.5
139.5
139.5
140.25
140.25
140.5
140.0
140.0
139.75
139.75
140.0
140.5
140.5
140.75
140.75
140.0
140.0
139.5
139.5
139.5
139.75
139.5
139.5
139.25
139.25
139.25
138.75
139.25
139.25
139.5
139.5
139.5
139.5
138.75
138.75
138.75
139.25
139.25
139.25
139.25
140.0
140.0
139.5
139.0
139.0
138.25
138.25
138.5
138.75
138.75
139.5
139.5
138.25
138.25
137.5
137.0
137.0
137.25
137.25
138.0
138.0
138.0
138.5
139.25
139.25
138.0
138.0
138.5
138.5
138.5
137.75
138.5
138.5
138.5
138.5
138.5
139.5
139.5
138.75
138.5
138.5
139.5
139.5
139.25
139.25
138.75
138.5
138.5
137.25
137.25
137.5
139.0
139.0
140.0
140.0
139.5
139.5
139.5
139.25
139.25
140.25
140.25
140.25
140.0
140.0
138.75
139.5
139.5
140.25
140.25
140.25
140.75
140.75
140.5
140.5
142.0
142.0
141.0
140.0
140.0
139.5
140.0
140.0
140.25
140.25
140.75
140.75
139.75
139.75
139.5
140.0
140.0
139.25
139.25
139.75
139.5
139.5
140.0
140.0
140.25
140.25
139.25
139.25
140.0
140.0
141.25
141.25
141.25
140.0
140.0
139.75
140.0
140.0
138.75
138.75
139.0
139.0
139.5
139.5
139.25
139.25
139.25
139.25
139.25
139.25
139.5
139.5
138.5
138.5
139.75
140.25
140.25
141.25
141.25
141.5
141.0
141.0
140.0
140.0
140.5
140.75
140.75
140.5
140.5
141.0
141.25
141.25
139.75
139.75
140.25
140.25
140.0
140.0
140.0
140.25
140.25
140.75
140.75
140.75
142.0
142.0
141.25
141.25
140.75
141.5
141.5
142.0
142.0
142.25
142.25
142.25
142.25
142.5
142.5
142.5
142.5
142.5
142.5
142.5
142.5
142.05
141.6
141.15
140.7
140.25
140.25
140.25
139.0
139.0
139.0
139.25
139.25
138.5
137.5
137.5
138.5
138.5
137.5
137.5
138.5
138.5
139.0
139.0
140.75
140.75
140.75
141.0
141.0
140.0
139.0
139.0
139.5
138.75
138.75
139.5
139.5
137.75
137.75
138.25
138.25
137.5
137.5
137.75
137.75
138.5
138.5
138.5
138.5
138.5
138.5
138.5
139.25
139.25
139.25
138.75
138.75
138.75
138.75
138.5
138.5
138.5
139.5
139.5
138.5
138.5
138.5
138.5
139.5
139.5
139.5
138.5
138.5
136.75
136.75
137.5
137.5
137.25
137.25
138.5
138.5
137.25
137.25
137.25
137.5
137.5
137.5
137.5
137.5
137.5
137.5
137.5
137.5
137.5
139.25
139.25
139.25
140.5
139.5
139.5
139.75
139.75
139.75
139.75
139.75
139.75
139.75
139.75
138.0
138.0
140.0
140.0
140.0
140.75
140.75
139.25
139.25
139.25
140.75
140.75
140.5
140.25
140.25
141.0
141.0
141.0
141.0
142.0
142.0
142.0
142.25
142.25
142.0
142.0
143.25
142.0
142.0
143.25
143.25
143.25
144.25
144.25
144.0
143.5
143.5
143.25
143.25
143.25
144.0
144.0
143.75
144.0
144.0
143.0
143.0
142.75
142.75
143.0
143.0
143.0
142.0
142.0
141.25
141.25
141.75
141.75
141.75
141.75
142.0
142.0
142.0
142.0
142.0
142.0
142.0
141.8
141.6
141.4
141.2
141.0
141.0
141.0
141.0
140.75
141.75
141.75
142.0
142.0
142.0
142.5
142.5
143.0
143.0
144.25
144.5
144.5
144.5
144.5
143.75
147.75
147.75
147.75
149.0
149.0
150.5
150.5
150.25
150.0
150.0
151.0
151.25
151.25
152.25
151.0
151.0
151.5
151.5
150.25
147.75
147.75
149.25
149.25
146.5
146.75
146.75
147.5
147.0
147.0
147.25
147.25
147.0
145.75
145.75
142.25
142.25
139.0
139.0
136.75
133.75
133.75
133.75
133.75
133.75
130.25
129.5
129.5
129.5
129.5
129.25
129.25
130.25
129.25
129.25
126.0
126.0
121.25
121.25
121.5
121.5
121.0
121.0
120.25
120.25
121.5
121.5
121.0
121.0
125.75
125.75
125.0
126.75
126.75
128.0
128.0
126.0
126.0
126.25
126.25
126.25
126.25
125.25
125.25
123.75
123.75
120.75
120.75
121.5
121.5
119.75
119.75
120.0
120.0
121.0
121.0
121.75
121.75
121.75
121.75
121.25
121.25
122.75
122.75
120.5
120.5
118.75
118.75
119.25
119.25
118.5
118.5
120.25
120.25
120.0
120.0
121.75
121.75
121.5
121.5
123.0
123.0
123.25
123.25
122.25
124.25
124.25
123.75
123.75
124.5
124.5
124.5
124.5
124.5
124.5
124.5
123.5
123.5
124.0
124.5
124.5
123.25
123.25
122.75
122.75
124.5
125.0
125.0
126.0
126.0
126.0
126.5
126.5
126.25
126.25
125.0
125.0
126.25
126.25
126.25
126.0
126.0
125.25
125.25
125.75
125.75
125.75
125.75
128.25
128.25
129.5
129.5
129.0
129.0
129.5
129.5
129.5
129.5
129.5
129.75
129.75
130.25
130.25
129.0
129.0
128.5
128.5
128.75
129.5
129.5
130.0
130.0
130.0
130.0
130.25
130.25
131.5
133.5
133.5
133.0
133.0
132.75
132.75
132.75
132.75
131.5
131.5
132.5
132.5
132.5
133.25
132.0
132.0
131.75
131.75
132.75
132.75
134.0
134.0
132.5
133.5
133.5
132.5
132.5
133.25
133.25
133.75
133.75
134.25
134.25
134.25
134.25
134.25
134.25
134.25
134.75
134.75
133.5
132.5
132.5
132.5
133.5
133.5
133.75
133.25
133.25
132.75
132.75
132.5
132.5
132.5
132.5
132.5
132.25
132.25
132.25
132.25
132.5
132.5
132.5
132.8
133.1
133.4
133.7
134.0
134.0
133.5
133.5
133.0
133.0
134.0
134.0
134.0
133.5
133.5
133.25
133.25
133.25
133.5
133.5
133.25
133.25
135.5
135.5
134.25
134.25
135.5
135.5
135.25
134.5
134.5
135.25
135.25
135.25
135.25
135.75
136.5
136.5
135.5
135.5
135.75
135.75
136.25
136.25
136.25
136.0
136.0
136.25
136.25
136.5
137.0
137.0
137.5
137.5
137.5
137.5
138.25
137.75
137.75
138.5
138.5
138.5
137.5
137.5
137.5
138.0
138.0
137.25
137.25
137.5
137.5
138.5
137.75
137.75
138.75
138.75
138.5
138.5
137.5
137.75
137.75
138.5
138.5
138.5
137.25
137.25
137.75
137.75
138.0
138.0
137.5
137.5
138.5
139.0
139.0
139.75
139.75
139.75
139.75
139.75
140.25
140.25
139.75
139.75
138.75
138.75
138.75
139.0
139.0
139.5
140.75
140.75
138.75
138.75
139.0
139.0
139.75
138.25
138.25
137.5
137.5
136.5
136.5
136.25
136.25
136.75
136.75
137.0
136.75
136.75
137.25
137.25
138.0
138.0
138.75
139.5
139.5
137.5
137.5
137.75
138.5
138.5
137.5
137.5
137.5
137.5
138.25
138.0
138.0
137.5
137.5
138.25
138.25
138.25
138.0
138.0
138.5
138.5
138.25
138.25
137.75
137.5
137.5
137.5
137.5
137.25
137.25
136.75
136.75
136.75
137.0
137.0
136.25
136.25
135.75
136.75
136.75
136.75
136.75
137.5
137.5
138.25
137.75
137.75
139.25
139.25
137.25
137.25
137.5
136.75
136.75
140.0
140.0
141.25
139.5
139.5
141.5
141.5
141.25
141.25
142.75
143.75
143.75
145.25
145.5
145.5
145.5
145.5
145.0
145.0
145.0
144.5
144.5
144.25
143.25
143.25
143.25
143.25
143.25
144.0
144.0
143.5
143.5
142.75
142.75
142.75
142.75
142.75
142.75
142.75
142.0
142.0
142.0
142.0
142.0
142.0
141.75
141.75
142.0
142.0
142.0
142.0
142.0
142.0
142.0
139.95
137.9
135.85
133.8
131.75
129.7
127.65
125.6
123.55
121.5
121.5
120.25
120.25
119.5
119.5
112.75
112.75
115.5
115.5
113.75
113.75
112.5
112.5
114.0
114.0
114.0
111.75
111.75
110.75
110.75
110.75
113.75
114.5
114.5
115.75
115.75
115.75
114.75
114.75
114.5
115.75
115.75
115.75
119.25
118.5
118.5
118.5
118.5
118.25
118.25
118.25
118.25
118.25
118.25
118.25
118.25
118.25
118.5
118.5
118.5
118.5
118.5
118.5
116.75
116.75
117.5
117.5
118.75
118.75
118.0
118.0
118.5
118.5
118.5
118.5
118.75
118.75
120.25
120.25
122.0
122.0
124.5
124.5
125.25
125.25
127.25
127.25
128.25
129.75
129.75
132.0
132.0
130.75
130.75
131.25
131.25
131.5
133.5
133.5
133.5
133.5
133.25
133.25
132.25
132.25
131.5
131.5
131.0
131.0
131.25
130.25
130.25
130.25
130.25
130.25
130.25
130.25
130.25
130.75
130.75
130.75
131.25
131.25
131.5
131.5
133.0
133.0
133.5
133.5
133.25
133.25
132.75
132.0
132.0
132.0
132.0
133.0
133.0
132.75
132.75
133.0
133.0
133.0
132.75
132.75
132.75
132.75
132.25
132.25
132.25
132.25
132.25
133.0
132.25
132.25
132.25
131.75
132.0
132.0
132.75
132.75
132.75
132.75
133.0
133.0
133.5
133.25
133.25
133.25
131.5
131.75
131.75
130.75
130.75
130.25
130.25
129.5
129.5
130.25
130.0
130.0
130.5
130.5
132.25
132.25
132.0
132.0
131.75
132.0
132.0
131.75
131.75
131.5
131.5
131.75
131.75
132.0
131.5
131.5
130.75
130.75
131.0
131.0
131.5
131.5
131.0
131.0
131.0
131.0
131.0
130.75
130.75
135.0
135.0
133.5
132.0
132.0
130.75
130.75
131.25
131.25
130.75
130.75
132.0
132.0
133.5
135.25
135.25
136.0
136.0
136.75
137.5
137.5
137.75
137.75
137.75
137.75
136.5
136.5
136.25
136.25
137.0
137.0
137.0
137.75
137.0
137.0
137.5
137.5
138.5
138.5
138.0
138.0
139.25
139.0
139.0
139.0
139.0
139.0
139.75
139.5
139.5
140.5
140.5
140.0
140.0
141.0
139.5
139.5
140.25
139.75
139.75
140.75
140.75
142.5
143.25
143.25
142.0
142.0
140.5
140.5
140.5
140.5
140.5
140.5
140.5
140.5
140.5
140.5
140.25
140.25
140.25
140.5
144.75
144.75
139.75
139.75
139.75
139.75
139.75
139.75
140.0
140.0
140.0
140.0
140.0
140.0
141.5
141.5
141.25
141.0
141.0
141.0
141.0
141.0
141.75
143.25
143.25
140.5
139.5
139.5
139.75
139.75
140.0
140.0
140.25
140.75
140.75
140.75
140.75
140.75
140.75
140.75
141.0
141.0
140.5
139.25
139.25
139.5
139.5
138.75
138.75
139.5
140.5
140.5
140.25
140.25
139.5
139.25
139.25
139.0
139.0
140.0
140.0
140.25
139.75
139.75
139.75
139.75
139.5
140.0
140.0
140.0
140.0
139.75
139.75
139.5
139.75
139.75
140.5
140.5
140.75
140.25
140.25
140.25
140.25
140.5
140.5
139.25
139.75
139.75
138.5
138.5
138.5
138.5
139.25
139.5
139.5
139.5
139.5
140.0
140.0
137.75
137.25
137.25
138.25
138.25
138.5
139.25
139.25
138.25
138.25
138.5
138.5
139.0
138.5
138.5
138.75
138.75
138.75
138.75
138.75
138.5
138.5
138.0
138.0
137.75
137.5
137.5
137.75
137.75
138.25
138.25
136.75
136.75
136.75
135.25
135.75
135.75
135.75
135.75
136.5
136.5
137.5
137.5
137.5
137.5
137.5
137.5
137.5
137.5
137.5
138.25
138.25
138.0
137.5
137.5
137.5
137.5
138.5
138.5
138.5
138.5
138.5
138.5
138.5
138.25
138.25
138.5
137.75
137.75
137.5
137.5
137.5
137.5
137.5
138.0
138.0
136.75
136.75
138.5
138.5
137.75
137.75
138.25
138.25
138.5
138.5
138.5
138.5
138.25
138.25
136.78571428571428
135.32142857142858
133.85714285714286
132.39285714285714
130.92857142857142
129.46428571428572
128.0
128.0
126.25
126.25
126.75
126.75
127.25
127.25
127.25
127.25
127.25
127.25
127.5
127.25
127.25
127.5
127.5
127.83333333333333
128.16666666666666
128.5
128.83333333333334
129.16666666666666
129.5
128.5
128.5
129.75
129.75
129.75
129.75
131.0
131.0
131.75
133.75
133.75
134.0
134.0
139.25
136.75
136.75
135.0
135.0
135.0
136.75
138.25
138.25
138.25
138.25
138.5
138.5
138.5
138.25
138.25
138.25
138.75
138.75
138.75
138.75
138.75
138.75
138.25
138.25
135.75
135.75
135.0
135.5
135.5
136.25
136.25
135.5
135.5
135.5
137.0
137.0
137.25
137.25
137.25
137.25
137.25
137.25
137.25
137.25
137.25
137.5
137.5
137.5
135.25
135.25
133.5
133.5
138.5
138.5
138.5
138.5
138.0
138.0
138.0
138.0
138.0
138.0
138.0
138.0
138.0
138.0
138.0
138.0
138.0
138.0
138.0
138.0
138.625
139.25
139.875
140.5
141.125
141.75
141.75
141.75
141.75
141.0
140.5
140.5
140.5
140.75
140.75
140.25
140.25
140.25
140.25
140.25
140.25
140.25
140.25
140.25
140.5
140.5
140.25
140.25
138.5
138.5
139.25
139.25
139.5
139.5
141.75
140.5
140.5
140.25
140.25
141.75
143.0
145.0
145.0
144.0
144.0
143.25
143.25
143.5
143.5
145.0
145.0
144.0
144.0
137.5
137.5
130.5
130.5
118.25
118.25
120.75
120.75
120.0
120.0
119.75
119.75
120.25
120.75
120.75
121.0
121.0
120.75
119.75
119.75
119.75
114.5
100.5
100.5
101.25
101.25
102.25
102.25
102.25
104.25
103.5
103.5
103.5
102.75
102.75
101.5
101.5
101.5
103.0
103.0
104.25
104.25
105.0
105.0
87.75
87.75
87.75
87.75
87.75
87.75
87.75
87.75
87.75
87.75
87.75
88.0
88.0
88.0
87.75
87.75
88.54166666666667
89.33333333333333
90.125
90.91666666666667
91.70833333333333
92.5
92.5
92.5
92.5
91.0
91.0
90.75
90.75
90.75
90.75
90.75
90.75
90.75
90.75
91.0
91.0
93.90625
96.8125
99.71875
102.625
105.53125
108.4375
111.34375
114.25
114.25
114.25
116.0
116.0
118.75
118.75
119.0
119.0
117.75
117.75
117.75
117.75
117.5
117.5
118.0
118.0
118.75
118.75
120.0
120.0
120.5
120.5
118.5
118.5
119.25
119.25
121.0
121.0
121.5
121.5
121.75
121.75
120.75
120.75
120.75
120.75
120.75
119.5
119.5
118.25
118.25
118.5
118.5
121.75
121.75
123.0
123.0
123.25
123.25
125.0
125.0
125.25
125.25
125.25
125.25
124.25
124.25
122.5
122.5
121.5
121.5
123.0
123.0
123.0
123.0
123.25
123.25
123.75
124.75
124.75
126.75
126.75
128.0
128.0
126.75
126.75
127.5
127.5
127.75
127.75
128.5
128.5
128.25
129.25
129.25
127.75
127.75
129.0
129.0
130.5
130.5
130.75
130.75
130.5
130.5
130.75
129.5
129.5
129.25
129.25
128.5
128.5
127.25
127.25
127.0
127.0
126.75
126.75
125.0
125.0
124.25
124.25
124.25
124.25
125.0
125.0
126.0
125.5
125.5
125.25
125.25
125.25
125.25
125.0
125.0
125.25
125.25
125.0
125.0
125.5
125.5
125.25
125.25
125.75
125.75
126.0
126.0
126.25
127.75
127.75
127.75
127.75
127.75
127.25
128.0
128.0
128.75
128.75
129.25
129.25
130.5
130.5
130.75
130.75
131.5
131.5
131.5
131.0
131.0
132.0
132.0
133.25
135.75
135.75
134.25
134.25
135.0
135.0
134.5
134.5
134.5
135.0
135.0
135.75
135.75
134.75
135.5
135.5
134.0
134.0
134.0
134.0
134.5
135.0
135.0
135.0
135.0
135.25
135.25
135.75
135.75
135.75
136.25
136.25
135.75
135.75
136.25
136.25
136.0
135.75
135.75
135.75
135.75
135.25
135.25
135.25
136.0
136.0
136.75
136.75
136.5
136.75
136.75
137.25
137.25
137.5
137.5
136.0
136.0
136.75
137.25
137.25
139.0
139.0
137.75
137.75
137.5
137.5
137.5
137.25
137.25
137.5
137.5
138.0
139.25
139.25
139.0
139.0
140.25
138.75
138.75
139.75
139.75
139.75
140.5
140.5
140.25
140.25
139.5
139.5
140.0
139.5
139.5
138.5
138.5
137.25
137.25
138.0
138.75
138.75
139.0
139.0
138.5
138.5
138.5
139.0
139.0
139.0
139.0
138.5
139.75
139.75
138.5
138.5
138.25
138.25
137.75
138.0
138.0
137.75
137.75
138.5
139.25
139.25
139.0
139.0
139.0
139.0
138.75
138.5
138.5
138.75
138.75
138.0
138.0
138.25
138.75
138.75
138.0
138.0
139.5
138.0
138.0
139.25
139.25
138.75
138.75
139.0
139.5
139.5
138.5
138.5
139.5
139.5
139.5
140.5
140.5
140.25
140.25
139.5
139.5
139.5
139.5
139.5
139.5
139.5
139.0
137.75
137.75
139.25
139.25
138.5
138.5
138.75
138.5
138.5
138.0
138.0
138.75
138.0
138.0
139.75
139.75
138.75
138.75
139.75
140.0
140.0
140.75
140.75
139.5
139.25
139.25
139.5
139.5
139.5
139.5
139.75
140.0
140.0
139.25
139.25
139.5
140.5
140.5
139.5
139.5
140.75
140.75
141.0
140.25
140.25
139.5
139.5
138.75
138.75
138.75
136.75
136.75
134.25
134.25
135.5
135.5
136.75
136.75
136.75
137.0
137.0
136.75
136.75
136.75
136.75
136.75
137.0
137.0
137.0
137.0
141.25
141.25
140.0
141.0
141.0
140.75
140.75
139.0
139.0
138.5
139.5
139.5
139.75
139.75
139.75
139.75
140.75
140.75
140.5
139.75
139.75
140.25
140.25
140.25
140.25
140.25
140.25
140.25
140.5
140.5
140.5
140.5
142.75
142.0
142.0
140.75
141.5
141.5
143.0
143.0
142.25
142.25
141.5
141.5
141.0
140.75
140.75
141.0
141.0
140.75
140.25
140.25
141.25
141.25
140.5
140.5
140.75
140.75
140.75
140.5
140.5
141.0
140.0
140.0
140.0
140.0
140.75
140.75
140.75
140.75
140.75
140.25
140.25
140.25
139.75
139.75
139.5
139.5
139.0
139.0
138.75
139.25
139.25
140.5
140.5
140.5
140.75
140.75
141.25
141.25
140.5
140.5
139.5
138.5
138.5
140.0
140.0
140.0
140.0
140.5
140.5
140.5
140.0
140.0
141.25
141.25
142.0
142.75
142.75
143.0
143.0
143.25
143.0
143.0
143.0
143.0
142.5
142.0
142.0
144.25
144.25
144.5
145.25
145.25
146.75
147.25
147.25
147.75
147.75
147.75
146.75
146.75
145.0
145.0
139.5
139.5
134.5
134.5
131.75
132.0
132.0
131.5
132.25
132.25
132.25
134.25
135.5
135.5
135.75
135.75
133.25
133.25
133.25
133.25
115.5
115.5
109.5
109.5
108.75
108.75
109.5
109.5
108.75
108.75
112.25
112.25
110.75
110.75
110.75
110.75
109.75
109.75
110.0
110.0
110.0
109.75
109.75
109.75
110.0
110.0
110.0
110.0
110.0
105.95833333333333
101.91666666666667
97.875
93.83333333333333
89.79166666666667
85.75
85.75
85.75
88.5
88.5
88.5
91.75
91.75
91.75
93.0
93.0
93.0
96.25
96.25
103.0
103.0
104.25
104.25
104.25
104.25
104.25
103.5
103.5
104.25
104.25
105.0
105.0
107.5
107.5
109.75
109.75
109.75
112.75
112.75
114.5
114.5
116.0
116.0
116.75
116.75
115.75
115.75
116.0
116.0
118.0
118.0
117.75
117.75
116.0
116.0
113.75
113.75
112.75
112.75
114.25
114.25
116.75
116.75
119.5
119.5
121.0
121.0
121.75
121.75
120.75
120.75
120.75
120.75
120.75
120.75
123.5
123.5
126.75
126.75
128.5
128.5
128.0
127.0
127.0
126.0
126.0
126.0
123.0
123.0
122.25
122.25
121.25
121.25
121.5
121.5
121.5
121.5
121.75
121.75
120.75
120.75
120.75
121.25
121.25
121.75
121.75
121.25
121.25
120.75
120.75
123.25
123.25
123.5
123.5
125.25
125.25
124.5
124.5
125.25
126.25
126.25
126.25
125.25
125.25
125.25
125.25
125.25
125.25
125.75
126.5
126.5
126.75
126.75
127.0
127.0
127.0
127.0
127.25
127.25
127.25
127.25
128.5
129.25
129.25
131.0
131.0
131.0
131.0
130.0
130.0
129.0
128.75
128.75
128.75
126.75
126.5
126.5
127.0
127.0
128.25
128.25
128.0
128.0
126.5
126.5
126.75
126.75
125.75
125.75
125.75
125.0
125.0
123.5
123.5
121.75
121.75
121.5
121.5
123.0
123.0
125.75
125.75
126.25
125.25
125.25
125.75
125.75
125.25
125.25
125.25
125.25
125.25
125.75
126.25
126.25
127.75
127.75
129.0
129.0
129.5
129.5
130.5
130.5
131.5
131.75
131.75
131.5
131.5
129.25
129.25
126.5
126.5
126.75
126.75
129.5
129.5
129.5
129.5
130.5
130.5
130.5
130.5
130.5
130.25
130.25
130.5
130.5
130.5
130.5
130.0
130.0
127.75
127.25
127.25
125.25
125.25
125.25
114.25
114.25
118.5
118.5
129.0
130.25
130.25
131.0
131.0
131.5
133.5
133.5
135.0
135.0
136.75
136.75
136.5
135.75
135.75
135.75
135.75
135.75
135.75
136.0
136.0
136.0
136.0
134.25
134.5
134.5
134.0
134.0
134.0
134.0
134.0
133.5
133.5
133.5
132.0
132.0
130.75
130.75
130.5
130.5
130.75
130.75
130.75
130.75
130.75
131.5
131.5
132.25
132.25
133.25
133.25
133.5
133.5
133.5
133.5
133.5
133.5
133.25
133.5
133.5
133.5
133.5
132.25
132.25
132.75
132.0
132.0
132.75
132.75
133.5
133.5
132.75
132.75
134.0
134.0
133.75
134.25
134.25
134.25
134.25
134.75
134.75
134.25
135.5
135.5
135.5
135.5
134.25
133.0
133.0
132.0
132.0
131.5
131.5
132.5
132.5
132.5
132.5
132.5
134.0
134.0
134.5
134.5
133.0
133.0
133.0
133.0
132.5
132.5
132.5
110.75
110.75
110.0
110.0
109.75
109.75
111.0
111.0
111.75
111.75
111.75
113.25
113.25
115.0
115.0
115.25
115.25
114.75
114.75
114.75
114.75
113.75
113.75
113.75
112.0
112.0
108.75
108.75
109.75
109.75
109.75
109.75
110.0
110.0
110.0
110.0
110.0
109.25
109.25
107.75
107.75
108.25
108.25
108.25
109.25
109.25
109.25
112.0
112.0
112.0
114.25
114.25
113.5
113.5
114.0
114.0
114.0
114.0
114.0
113.5
113.5
115.75
115.75
114.75
114.75
114.25
114.25
113.25
113.25
114.5
114.5
117.0
117.0
119.25
119.25
120.0
120.0
121.5
121.5
122.25
122.25
122.25
122.25
121.0
121.0
124.25
124.25
124.75
124.75
124.0
123.0
123.0
124.0
124.0
125.0
125.0
126.75
126.75
129.0
129.0
127.0
127.0
125.75
125.75
123.0
123.0
121.0
121.0
121.5
121.5
122.5
122.5
125.0
125.0
127.25
127.25
126.75
126.75
126.25
126.25
126.25
126.25
127.5
128.0
128.0
129.0
129.0
130.75
130.75
130.25
130.25
130.75
130.75
131.75
131.75
132.75
132.75
133.5
132.75
132.75
133.0
133.0
134.25
134.25
134.25
134.25
132.75
133.5
133.5
133.5
133.5
133.0
133.0
132.75
132.75
132.75
132.75
132.0
132.0
131.75
132.5
132.5
133.0
133.0
134.75
134.75
134.75
134.25
134.25
134.25
134.25
135.0
135.0
134.0
134.0
133.0
133.5
133.5
132.25
132.25
131.5
131.5
132.5
132.5
132.5
132.5
132.0
133.25
133.25
134.5
134.5
135.75
137.75
137.75
137.75
137.75
137.5
137.5
137.25
136.5
136.5
137.25
137.25
135.25
136.25
136.25
135.75
135.75
136.75
136.75
138.5
139.5
139.5
140.5
140.5
139.0
138.5
138.5
136.75
136.75
136.75
136.75
136.0
136.25
136.25
137.5
137.75
137.75
138.25
138.25
140.0
140.0
140.25
138.0
138.0
138.5
138.5
137.5
137.5
135.0
135.0
133.25
131.5
131.5
131.75
131.75
132.0
132.0
132.75
132.75
133.0
135.25
135.25
136.75
136.75
137.75
138.5
138.5
139.5
139.5
139.0
139.0
139.5
137.75
137.75
138.0
138.0
138.0
138.0
139.5
138.25
138.25
138.75
138.75
138.5
138.5
137.75
138.5
138.5
138.5
138.5
139.5
138.5
138.5
138.5
136.0
135.75
135.75
138.0
138.0
137.5
138.75
138.75
138.0
138.0
140.25
140.5
140.5
141.0
141.0
140.75
139.75
139.75
138.75
138.75
140.0
140.0
137.25
139.0
139.0
138.5
138.5
138.5
138.5
138.5
139.25
139.25
140.5
140.5
140.75
140.0
140.0
139.75
139.75
139.5
139.5
139.0
138.75
138.75
140.25
140.25
140.5
139.75
139.75
139.5
139.5
139.0
138.75
138.75
138.75
138.25
138.25
138.25
138.25
138.5
138.5
138.5
138.5
138.5
138.5
138.5
138.5
138.5
134.0
134.0
133.0
133.0
132.75
132.75
132.0
132.0
130.75
130.75
130.75
128.0
128.0
127.0
126.75
126.75
126.0
126.0
124.0
124.0
124.0
110.75
110.75
110.0
110.0
98.75
98.75
98.75
102.75
102.75
103.75
103.75
103.75
103.75
99.0
99.0
99.0
99.0
99.0
99.0
99.0
98.75
98.75
99.0
99.0
98.75
98.11363636363636
97.47727272727273
96.8409090909091
96.20454545454545
95.56818181818181
94.93181818181819
94.29545454545455
93.6590909090909
93.02272727272727
92.38636363636364
91.75
91.75
91.75
91.75
91.75
91.75
91.75
91.75
91.75
91.75
92.0
92.0
92.0
92.0
93.02777777777777
94.05555555555556
95.08333333333333
96.11111111111111
97.13888888888889
98.16666666666667
99.19444444444444
100.22222222222223
101.25
101.25
101.0
101.0
103.0
103.0
103.0
103.0
103.0
102.75
102.75
103.0
103.0
103.0
103.0
102.75
102.75
103.0
103.0
106.32142857142857
109.64285714285714
112.96428571428571
116.28571428571429
119.60714285714286
122.92857142857143
126.25
126.25
126.5
126.5
124.5
124.5
122.75
122.75
122.75
122.75
122.75
123.5
123.5
124.5
124.5
125.25
125.25
126.25
126.25
127.0
128.5
128.5
127.75
127.75
128.25
128.25
129.0
129.0
127.5
127.5
126.75
126.75
125.25
125.25
123.5
123.5
121.75
121.75
123.0
123.0
125.75
125.75
131.0
131.5
131.5
132.0
132.0
130.75
130.75
131.25
131.25
130.75
130.75
129.5
129.5
129.0
129.25
129.25
129.75
129.75
130.25
131.75
131.75
132.75
132.75
132.0
132.75
132.75
133.25
133.25
131.75
131.75
132.5
132.5
132.75
133.0
133.0
130.75
130.75
130.25
130.25
129.5
129.5
131.75
131.75
130.5
130.25
130.25
129.5
129.5
129.5
129.5
129.5
129.5
129.25
129.25
129.25
129.25
129.25
129.25
129.25
129.25
129.5
129.73648648648648
129.97297297297297
130.20945945945945
130.44594594594594
130.68243243243242
130.9189189189189
131.15540540540542
131.3918918918919
131.6283783783784
131.86486486486487
132.10135135135135
132.33783783783784
132.57432432432432
132.8108108108108
133.0472972972973
133.28378378378378
133.52027027027026
133.75675675675674
133.99324324324326
134.22972972972974
134.46621621621622
134.7027027027027
134.9391891891892
135.17567567567568
135.41216216216216
135.64864864864865
135.88513513513513
136.1216216216216
136.3581081081081
136.59459459459458
136.8310810810811
137.06756756756758
137.30405405405406
137.54054054054055
137.77702702702703
138.01351351351352
138.25
138.25
138.5
138.5
138.0
138.0
137.5
136.75
136.75
136.5
136.5
136.75
136.75
137.5
137.75
137.75
137.75
137.75
137.25
136.75
136.75
137.0
137.0
137.75
137.75
137.25
136.75
136.75
137.0
137.0
136.75
136.75
135.0
135.25
135.25
137.75
137.75
137.75
137.75
139.5
140.0
140.0
140.75
140.75
138.75
138.75
137.5
136.75
136.75
137.5
137.5
137.0
137.0
137.5
136.5
136.5
135.75
135.75
135.75
135.75
137.25
137.25
136.75
135.75
135.75
137.25
137.25
137.0
136.5
136.5
136.75
136.75
136.5
136.5
136.0
135.75
135.75
135.75
135.75
135.75
135.75
135.75
135.75
136.0
136.0
136.0
136.0
136.0
137.25
138.5
139.75
141.0
142.25
142.0
142.0
141.25
141.25
140.75
139.0
139.0
137.5
137.5
137.0
137.0
137.75
137.5
137.5
139.5
139.5
138.25
138.5
138.5
139.75
139.75
139.75
139.75
139.75
139.75
140.0
140.0
139.75
139.75
139.75
139.75
139.75
139.91666666666666
140.08333333333334
140.25
140.41666666666666
140.58333333333334
140.75
140.75
143.5
150.0
150.0
150.0
150.0
150.0
150.0
150.0
149.75
149.75
149.75
149.4469696969697
149.1439393939394
148.8409090909091
148.53787878787878
148.2348484848485
147.9318181818182
147.62878787878788
147.32575757575756
147.02272727272728
146.71969696969697
146.41666666666666
146.11363636363637
145.81060606060606
145.50757575757575
145.20454545454547
144.90151515151516
144.59848484848484
144.29545454545453
143.99242424242425
143.68939393939394
143.38636363636363
143.08333333333334
142.78030303030303
142.47727272727272
142.17424242424244
141.87121212121212
141.5681818181818
141.2651515151515
140.96212121212122
140.6590909090909
140.3560606060606
140.0530303030303
139.75
139.75
139.75
139.75
137.5
137.5
135.75
135.75
134.75
134.25
134.25
133.25
133.25
132.5
132.5
132.0
132.0
132.75
133.5
133.5
135.25
135.25
137.25
137.25
140.0
139.75
139.75
143.25
143.25
143.25
140.75
140.75
139.75
139.75
139.75
118.0
118.0
103.5
103.5
110.0
110.0
114.75
114.75
114.5
114.5
112.5
112.5
112.5
112.5
112.5
112.5
112.5
112.5
112.5
112.5
112.5
112.5
112.5
116.03571428571429
119.57142857142857
123.10714285714286
126.64285714285714
130.17857142857142
133.71428571428572
137.25
137.25
131.5
118.5
118.5
118.5
121.25
121.25
125.25
128.75
128.75
129.75
129.75
129.75
127.25
127.25
127.25
127.5
127.5
127.5
127.5
127.5
127.5
127.25
127.25
127.25
127.25
127.5
127.5
127.25
127.25
127.25
127.25
128.05357142857142
128.85714285714286
129.66071428571428
130.46428571428572
131.26785714285714
132.07142857142858
132.875
133.67857142857142
134.48214285714286
135.28571428571428
136.08928571428572
136.89285714285714
137.69642857142858
138.5
138.5
138.5
138.5
138.5
138.25
138.25
138.25
149.0
149.0
150.75
150.75
150.5
151.25
151.25
151.0
151.0
151.5
151.25
151.25
153.75
153.75
153.75
153.75
153.75
153.75
154.0
153.75
153.75
154.0
154.0
153.75
149.04166666666666
144.33333333333334
139.625
134.91666666666666
130.20833333333334
125.5
125.5
121.0
121.0
123.5
123.5
123.5
123.5
123.5
123.5
123.25
123.25
123.25
123.25
123.5
117.625
111.75
105.875
100.0
94.125
88.25
88.25
88.25
88.25
95.5
95.5
97.25
97.25
97.25
98.0
98.0
98.0
98.0
102.0
102.0
109.5
109.5
115.25
115.25
118.75
118.75
118.0
118.0
119.25
119.25
118.75
118.75
118.75
113.5
113.5
113.5
107.25
108.0
108.0
108.0
108.0
108.0
109.0
109.0
111.0
111.0
114.0
114.0
114.0
117.0
117.75
117.75
117.75
116.75
116.75
117.5
117.5
121.0
121.0
122.5
122.5
121.0
121.0
120.0
120.0
116.0
116.0
113.75
113.75
114.0
114.0
116.25
116.25
116.25
108.5
108.5
108.75
108.75
109.25
109.25
110.0
110.0
110.25
110.25
110.75
110.75
110.75
111.0
111.0
111.0
111.0
111.0
111.0
111.0
111.0
111.0
111.0
109.71875
108.4375
107.15625
105.875
104.59375
103.3125
102.03125
100.75
99.46875
98.1875
96.90625
95.625
94.34375
93.0625
91.78125
90.5
90.5
92.0
92.0
92.75
92.75
98.75
98.75
102.5
102.5
103.5
103.5
103.5
110.0
110.0
104.25
104.25
108.25
108.25
108.25
110.75
110.75
111.75
112.25
112.25
112.25
111.25
111.25
99.25
99.25
98.5
98.5
97.75
97.75
96.5
96.5
90.5
90.5
90.5
89.75
89.75
91.5
91.5
91.5
91.5
91.5
92.5
92.5
92.5
92.25
92.25
92.25
92.5
92.5
92.5
92.5
110.25
110.25
112.75
110.5
110.5
110.5
106.75
106.75
106.75
117.75
117.75
118.75
118.75
121.75
121.75
120.75
120.75
119.75
119.75
120.5
120.5
120.0
120.0
119.25
119.25
119.25
119.25
120.75
120.75
123.5
128.5
128.5
134.25
134.25
134.25
136.75
136.75
136.75
136.75
136.75
136.75
136.75
136.75
136.75
136.75
136.75
136.75
136.75
136.75
136.75
137.0
132.7
128.4
124.1
119.8
115.5
115.5
116.75
116.75
116.0
116.0
119.25
119.25
120.25
120.25
120.25
123.0
123.0
126.75
126.75
130.25
130.5
130.5
132.75
132.75
130.25
130.25
130.25
129.5
129.5
129.5
129.25
128.0
128.0
128.0
128.0
129.0
129.0
130.25
130.25
131.75
131.75
130.75
130.5
130.5
131.75
131.75
134.25
134.25
134.25
135.25
135.25
136.75
136.75
136.75
136.75
136.5
136.5
137.25
137.5
137.5
137.25
138.5
138.5
135.75
135.75
134.25
134.25
132.75
132.75
133.5
133.5
135.0
135.0
135.75
135.75
136.0
136.0
135.75
135.75
135.75
135.75
135.75
135.75
135.75
136.0
136.0
136.0
132.0
132.0
132.0
132.0
132.0
132.0
132.0
132.0
132.0
132.0
132.0
132.0
132.0
132.0
132.0
132.0
