151.75
151.75
151.25
151.25
150.75
150.75
151.5
151.5
151.5
151.5
151.5
151.25
151.25
151.25
151.25
148.75
146.25
143.75
141.25
138.75
136.25
133.75
131.25
128.75
126.25
123.75
121.25
118.75
116.25
113.75
111.25
108.75
106.25
103.75
101.25
98.75
96.25
93.75
93.75
93.75
93.75
93.25
93.25
93.25
90.5
90.5
90.5
90.5
90.5
90.5
90.5
90.5
90.5
90.5
90.5
90.25
90.25
90.25
90.5
90.5
90.5
90.5
103.35
116.2
129.05
141.9
154.75
157.25
157.25
157.25
158.5
160.75
160.75
160.75
160.75
160.75
160.75
160.75
161.0
161.0
167.0
171.0
168.25
168.25
166.25
166.75
166.75
167.75
167.75
171.25
165.75
165.75
167.5
167.5
169.75
170.5
170.5
172.75
172.75
172.25
172.5
172.5
171.0
171.0
171.0
171.0
170.75
170.75
170.75
170.75
170.75
170.83333333333334
170.91666666666666
171.0
171.08333333333334
171.16666666666666
171.25
165.75
165.75
161.5
163.75
163.75
163.75
163.75
163.75
163.75
163.75
163.75
164.0
164.0
163.75
164.27083333333334
164.79166666666666
165.3125
165.83333333333334
166.35416666666666
166.875
167.39583333333334
167.91666666666666
168.4375
168.95833333333334
169.47916666666666
170.0
168.25
168.25
169.0
169.0
166.5
166.75
166.75
167.0
167.75
167.75
167.75
168.25
169.25
169.25
169.25
170.75
170.75
170.0
169.0
169.0
169.0
169.0
168.0
168.0
168.0
168.5
168.5
168.5
168.5
168.5
168.25
168.25
168.5
169.5
168.5
168.5
168.5
168.5
168.5
168.5
168.5
168.25
168.5
168.5
168.5
168.25
169.55
170.85
172.15
173.45
174.75
174.75
175.5
174.75
175.0
175.0
175.0
175.0
175.0
175.0
175.0
174.75
174.75
164.75
165.75
162.0
162.0
159.5
157.0
157.0
154.75
154.75
153.75
152.5
152.5
150.75
150.75
150.0
150.0
148.25
148.25
148.25
148.5
149.75
149.75
149.25
149.25
150.0
150.75
150.75
150.5
150.5
151.0
151.25
151.25
151.5
151.5
150.5
150.25
150.25
149.0
149.0
148.5
147.0
147.0
147.0
148.75
148.75
150.0
150.0
150.0
150.0
150.0
149.75
148.75
148.75
148.5
147.75
147.75
148.0
148.0
146.0
146.0
145.25
145.5
145.5
145.75
145.75
147.0
147.5
147.5
148.5
149.25
149.25
150.5
152.25
152.25
153.75
155.5
155.5
154.5
154.5
154.0
153.75
153.75
151.75
148.0
148.0
144.0
144.0
142.25
141.75
141.75
142.25
142.25
143.25
143.25
143.25
145.0
145.0
146.5
148.0
148.0
147.0
147.0
145.0
143.5
143.5
141.75
141.75
138.5
137.5
137.5
134.5
134.5
134.0
134.0
134.5
135.25
135.25
134.75
134.75
134.5
134.5
135.0
136.5
136.5
137.0
137.0
137.75
137.75
138.0
137.5
137.5
135.75
135.75
137.25
137.25
140.25
140.25
144.0
145.0
144.0
144.0
143.25
143.25
142.0
142.0
140.25
139.75
139.75
137.5
137.5
135.25
135.5
135.5
135.5
135.5
135.5
135.5
135.5
135.5
135.5
135.5
135.5
135.86363636363637
136.22727272727272
136.5909090909091
136.95454545454547
137.3181818181818
137.6818181818182
138.04545454545453
138.4090909090909
138.77272727272728
139.13636363636363
139.5
139.5
139.75
139.75
139.75
139.5
139.5
139.5
139.5
139.75
139.75
140.0
140.0
140.0
140.5
140.5
140.5
140.75
140.75
141.25
141.25
140.75
140.75
140.0
139.5
139.5
140.25
140.25
139.75
139.75
139.75
140.0
140.0
139.5
139.5
140.25
141.25
141.25
142.5
142.5
142.75
142.0
142.0
141.5
141.5
139.75
140.0
140.0
137.75
137.75
136.25
136.25
136.5
136.75
136.75
137.75
137.75
139.5
139.5
141.75
145.0
145.0
146.75
148.25
148.25
147.5
147.5
145.5
143.75
143.75
141.5
141.5
139.5
139.5
135.75
135.75
135.75
135.0
135.0
134.25
134.25
133.0
133.0
133.0
133.0
131.5
131.75
131.75
130.75
130.75
132.0
132.0
133.75
134.25
134.25
135.5
135.5
136.5
136.5
136.75
136.75
138.25
139.25
139.25
140.5
140.5
139.5
138.5
138.5
137.75
137.75
136.75
136.75
135.75
135.75
135.75
136.75
136.75
136.25
136.25
137.25
136.75
136.75
137.75
137.75
137.5
137.5
136.25
134.75
134.75
133.75
133.75
135.0
135.0
134.25
134.25
133.5
133.5
134.25
136.0
136.0
136.0
136.75
136.75
137.25
136.75
136.75
136.5
136.5
136.0
136.0
135.25
135.25
135.25
135.25
135.25
136.5
136.5
137.75
137.75
138.25
139.25
139.25
140.25
140.25
140.25
140.25
139.5
139.5
139.75
138.5
138.5
137.75
137.75
138.75
138.75
139.5
139.5
142.0
141.5
141.5
139.5
139.25
139.25
137.5
137.5
139.5
139.5
139.5
138.75
138.75
137.5
137.5
137.0
137.0
135.75
134.0
134.0
133.5
133.5
133.25
133.25
133.5
133.5
133.5
134.0
134.0
133.75
133.75
134.25
134.25
133.5
133.5
134.75
135.75
135.75
137.25
137.25
137.5
137.5
137.25
136.75
136.75
136.0
136.0
135.5
135.5
135.5
135.5
135.5
135.25
135.25
135.5
135.5
135.25
135.25
135.57692307692307
135.90384615384616
136.23076923076923
136.55769230769232
136.8846153846154
137.21153846153845
137.53846153846155
137.8653846153846
138.19230769230768
138.51923076923077
138.84615384615384
139.17307692307693
139.5
139.5
138.5
138.5
138.5
138.5
138.5
138.5
138.5
138.5
138.5
138.5
138.5
138.5
138.5
138.5
138.5
138.5
138.27777777777777
138.05555555555554
137.83333333333334
137.61111111111111
137.38888888888889
137.16666666666666
136.94444444444446
136.72222222222223
136.5
136.0
136.0
136.5
136.5
136.5
136.5
136.75
136.75
136.25
135.75
135.75
134.5
134.5
134.25
134.25
134.25
134.25
132.75
131.5
131.5
132.0
132.0
132.25
132.25
134.25
134.25
133.25
133.25
132.5
133.75
133.75
133.0
133.0
134.0
134.25
134.25
133.75
133.75
134.5
134.5
134.0
134.0
133.0
132.75
132.75
132.75
132.75
132.0
132.0
130.75
130.75
130.75
130.75
131.25
131.5
131.5
130.0
130.0
130.25
130.25
130.25
130.25
130.25
130.25
130.25
130.25
130.25
130.25
130.25
132.75
132.75
132.0
130.75
130.75
129.5
129.5
128.0
128.0
127.25
127.25
126.75
126.75
126.75
127.5
127.5
127.5
131.25
131.25
127.25
127.25
128.5
128.5
129.0
129.0
129.75
131.25
131.25
131.0
131.0
131.25
131.25
132.25
132.25
134.25
135.75
135.75
135.75
135.75
135.0
135.0
134.25
134.25
133.0
133.0
129.5
128.25
128.25
130.0
130.0
129.0
129.0
130.0
130.0
130.5
130.5
131.25
131.75
131.75
132.0
132.0
132.0
132.0
132.0
132.0
131.5
131.75
131.75
131.75
131.75
132.75
132.75
132.0
132.0
132.75
132.0
132.0
131.5
131.5
130.75
130.75
129.5
129.5
128.0
128.0
125.25
125.25
126.25
126.25
126.0
126.0
126.25
126.25
128.75
131.5
131.5
132.5
132.5
132.75
132.75
133.5
133.5
132.0
132.0
126.0
126.0
124.0
124.0
125.0
125.75
125.75
125.75
125.75
125.75
125.75
126.0
126.0
124.0
124.0
120.0
120.0
118.0
118.0
119.0
119.0
119.25
119.25
118.75
118.75
118.25
118.25
118.25
119.5
119.5
120.25
120.0
120.0
119.25
119.25
118.0
118.0
118.0
118.0
121.5
121.5
121.5
121.5
121.5
121.5
121.5
121.5
121.5
121.5
126.75
129.25
129.25
131.0
131.0
131.0
130.75
129.0
129.0
126.75
126.75
122.75
122.75
122.5
122.5
122.75
122.75
125.0
127.5
127.5
129.25
129.25
127.25
127.25
126.25
126.25
123.5
123.5
118.0
118.0
116.25
116.25
117.25
117.25
119.25
119.25
118.5
118.5
136.0
137.0
137.75
137.75
138.75
138.75
138.75
140.0
138.5
138.5
138.5
121.5
121.5
123.75
123.75
123.75
123.5
123.5
125.25
126.5
126.5
126.5
126.5
128.0
128.0
128.5
128.5
129.0
129.0
128.0
128.0
126.5
126.5
124.0
124.0
122.75
122.75
122.75
122.75
121.75
121.75
121.75
121.75
121.25
121.75
121.75
121.75
121.5
121.5
121.5
121.5
124.5
123.75
123.75
122.25
122.25
123.25
123.25
125.75
125.75
127.5
127.5
128.5
128.5
130.25
131.5
131.5
132.75
132.75
133.5
133.5
134.5
135.75
135.75
135.0
135.0
134.75
134.75
135.5
135.5
134.25
133.75
133.75
133.75
128.0
128.0
126.75
127.5
127.5
129.5
129.5
130.0
130.0
130.25
130.25
130.25
130.75
130.75
129.0
129.0
130.5
130.5
130.25
130.25
128.5
128.5
127.75
127.75
125.0
125.0
125.0
125.0
125.0
127.25
127.25
131.0
131.0
130.5
130.5
129.5
129.5
128.75
128.75
128.5
128.5
128.5
127.75
127.75
128.5
128.5
128.75
128.75
129.5
129.5
129.75
129.75
130.5
130.75
130.75
131.0
131.0
131.5
131.5
132.0
132.0
133.0
134.0
134.0
134.75
134.75
135.0
135.0
135.0
134.25
134.25
134.0
134.0
132.0
132.0
131.25
131.25
131.25
131.25
131.25
131.25
131.25
131.25
131.25
131.25
131.25
131.25
131.25
131.25
130.75
130.75
130.75
130.75
130.75
130.75
130.75
131.0
131.0
131.0
131.0
132.5
132.5
132.0
132.0
132.0
132.0
131.75
131.75
131.75
131.75
132.0
131.75
131.75
132.25
132.25
133.5
133.5
134.75
135.5
135.5
135.75
135.75
136.75
136.75
136.75
135.75
135.75
135.0
135.0
133.75
133.75
132.75
132.75
132.75
132.0
132.0
132.5
132.5
132.75
132.75
134.25
134.25
135.5
135.5
136.5
136.5
135.5
135.75
135.75
135.75
135.25
135.25
134.25
134.25
133.25
133.25
134.25
134.25
134.25
135.0
135.0
135.25
135.25
136.25
136.25
136.75
136.75
136.75
137.0
137.0
137.25
137.25
137.75
137.0
137.0
136.5
136.5
136.0
136.0
135.75
136.25
136.25
136.75
136.75
137.25
137.25
136.75
136.75
136.75
136.5
136.5
136.0
136.0
135.5
135.5
134.5
133.5
133.5
133.5
133.5
132.75
132.75
134.0
134.0
134.0
133.0
133.0
133.75
133.75
133.5
133.5
133.5
133.5
133.5
134.25
134.25
135.0
135.0
135.75
135.75
135.25
136.75
136.75
136.75
136.75
137.5
137.5
137.75
139.25
139.25
140.75
140.75
140.75
139.75
139.75
139.25
139.25
139.0
139.0
137.5
135.75
135.75
135.25
135.25
134.5
134.5
134.25
134.25
133.5
132.75
132.75
132.75
132.75
132.75
132.75
134.0
134.0
134.75
135.75
135.75
137.0
137.0
137.0
137.0
137.0
137.0
137.0
136.75
136.75
137.0
137.0
137.0
136.75
136.75
136.75
136.75
136.58333333333334
136.41666666666666
136.25
136.08333333333334
135.91666666666666
135.75
135.58333333333334
135.41666666666666
135.25
135.08333333333334
134.91666666666666
134.75
134.75
134.75
134.75
134.75
134.75
134.75
135.0
135.0
135.0
134.75
134.75
134.35
133.95
133.55
133.15
132.75
132.75
132.25
132.25
132.0
132.0
132.0
132.0
131.75
131.5
131.5
130.75
130.75
129.5
129.5
129.0
129.0
129.0
129.0
129.25
129.25
130.25
131.5
131.5
133.25
133.25
134.0
134.0
135.0
135.0
135.25
135.75
135.75
136.75
136.75
136.0
136.0
135.5
136.25
136.25
136.75
136.75
136.25
136.25
136.0
137.25
137.25
137.0
137.0
137.5
137.5
137.5
137.75
137.75
138.5
138.5
139.5
141.0
141.0
141.0
141.0
141.0
141.0
140.0
139.25
139.25
138.5
138.5
137.0
137.0
136.75
135.75
135.75
134.75
134.75
134.5
134.5
134.25
134.25
132.75
131.5
131.5
130.25
130.25
129.75
129.75
130.25
130.25
129.0
129.0
128.75
128.75
129.5
130.25
130.25
130.75
130.75
131.25
131.25
132.0
132.0
132.0
132.0
131.25
131.0
131.0
131.5
131.5
131.5
131.5
132.25
132.25
132.75
134.25
134.25
134.25
134.25
134.25
134.25
134.75
134.75
134.75
133.75
133.75
133.5
133.5
133.0
133.0
133.75
134.25
134.25
134.0
134.0
134.0
134.0
134.0
134.0
133.75
134.25
134.25
135.0
135.0
136.0
136.0
136.75
137.25
137.25
137.25
137.25
137.25
137.25
136.75
135.0
135.0
134.25
134.25
131.75
131.75
131.0
131.0
130.25
130.25
129.25
130.0
130.0
130.5
130.5
130.75
130.75
130.5
130.5
130.0
130.0
130.0
130.0
130.0
129.5
129.5
129.5
129.5
129.5
129.5
130.25
130.25
130.25
130.25
129.75
130.25
130.25
130.5
130.5
130.5
130.5
129.5
129.5
129.25
129.25
130.25
130.25
131.25
132.25
132.25
132.25
132.25
131.5
131.5
131.25
131.25
130.25
130.25
130.25
130.25
130.25
131.0
131.0
131.25
131.25
130.5
130.5
130.5
130.5
130.5
130.25
130.25
129.75
129.75
130.25
130.25
130.25
130.25
130.25
130.25
129.5
129.25
129.25
129.5
129.5
129.75
129.75
129.25
129.25
130.25
130.25
130.75
130.75
131.5
131.5
131.5
131.5
131.5
131.25
131.25
132.0
132.0
132.25
132.0
132.0
132.0
132.0
131.5
131.5
131.5
131.5
131.5
131.5
131.25
131.0
131.0
131.25
131.25
130.75
130.75
130.0
130.0
129.5
129.5
130.25
131.25
131.25
131.75
131.75
131.5
131.5
131.0
131.0
130.25
130.25
130.25
130.25
130.25
129.75
129.75
131.0
131.0
131.5
131.5
131.0
131.0
131.0
130.75
130.75
131.5
131.5
131.5
131.5
132.0
132.0
132.25
132.25
131.5
131.25
131.25
130.25
130.25
129.5
129.5
129.5
129.5
129.5
129.5
129.5
129.75
129.75
130.0
130.0
129.75
129.75
129.5
129.5
129.0
129.0
129.0
129.0
129.0
129.0
128.75
128.75
128.75
130.25
130.25
132.0
132.0
126.25
126.25
127.25
127.25
129.0
129.0
129.0
129.0
128.5
129.0
129.0
129.0
130.75
130.75
130.75
130.5
130.5
130.0
130.5
130.5
130.25
130.25
130.25
130.25
131.0
131.0
131.75
131.75
131.75
131.75
131.75
134.0
134.0
132.5
132.5
133.0
133.0
132.5
132.0
132.0
131.25
131.25
131.0
131.0
130.5
130.5
129.25
129.25
129.25
129.25
128.75
128.25
128.25
128.25
128.25
128.5
128.5
128.5
128.5
128.5
128.5
128.5
128.5
128.5
128.25
128.25
129.0
129.0
129.0
129.0
128.5
128.5
128.5
128.5
128.25
128.25
128.0
128.0
128.25
129.0
129.0
129.25
129.25
129.5
129.5
130.25
130.25
129.5
129.5
128.75
128.75
128.5
128.0
128.0
127.75
127.75
127.75
127.75
128.0
128.0
128.75
128.75
129.0
129.0
128.75
128.75
128.5
129.25
129.25
129.25
129.25
129.5
129.5
130.0
130.0
129.5
129.5
128.0
128.0
127.5
127.5
127.5
128.25
128.25
129.25
129.25
129.0
129.0
128.5
128.5
128.0
128.0
127.5
127.5
128.0
128.25
128.25
128.5
128.5
128.75
128.75
129.75
129.75
129.5
129.5
129.0
129.0
129.5
129.5
129.5
129.25
129.25
129.25
129.25
129.0
129.0
128.5
128.5
128.0
128.0
127.75
128.0
128.0
128.0
128.0
129.0
129.0
129.5
129.5
130.0
130.0
130.25
130.25
130.25
130.75
130.75
129.75
129.75
129.25
129.25
128.5
128.5
128.5
128.5
130.0
131.0
131.0
132.0
132.0
133.5
133.5
133.75
133.75
133.5
132.75
132.75
131.25
131.25
130.25
130.25
129.5
129.5
128.75
128.75
128.0
128.0
127.75
127.75
128.25
128.0
128.0
127.75
127.75
127.75
127.5
126.25
126.25
127.25
127.25
127.5
127.5
128.25
128.25
128.5
128.5
128.0
127.75
127.75
128.5
128.5
129.0
129.0
129.75
129.75
130.75
130.75
130.75
130.5
130.5
130.25
130.25
129.75
129.75
129.0
129.0
127.25
127.25
127.25
127.25
127.0
127.0
127.25
128.0
128.0
129.0
129.0
130.0
130.0
130.25
130.25
129.5
129.5
130.25
132.5
132.5
133.5
133.5
133.5
133.5
133.5
133.5
133.25
133.25
133.5
133.5
139.75
131.5
131.5
136.0
136.0
135.0
135.0
135.0
135.0
135.0
135.0
136.0
136.0
136.5
136.5
136.5
135.75
135.75
134.5
134.5
133.0
133.0
132.5
132.5
132.75
133.0
133.0
133.5
133.5
133.5
133.5
134.25
134.25
135.0
134.75
134.75
133.75
133.75
132.75
132.75
132.75
132.75
132.5
132.75
132.75
133.5
133.5
133.25
133.25
133.25
133.25
132.75
132.5
132.5
132.0
132.0
132.0
132.0
132.0
132.0
131.5
131.5
129.75
129.75
132.0
133.5
133.5
134.25
134.25
135.25
135.5
135.5
136.5
136.5
137.5
137.5
138.5
139.5
139.5
139.5
139.5
138.75
138.75
137.0
137.0
134.5
135.5
135.5
136.75
136.75
136.25
136.75
136.75
136.5
136.5
136.5
136.5
136.25
136.25
135.25
135.25
135.25
135.25
135.25
135.25
135.25
135.25
135.25
135.25
135.25
135.25
135.25
135.25
135.25
134.65384615384616
134.05769230769232
133.46153846153845
132.8653846153846
132.26923076923077
131.67307692307693
131.07692307692307
130.48076923076923
129.8846153846154
129.28846153846155
128.69230769230768
128.09615384615384
127.5
126.90384615384616
126.3076923076923
125.71153846153847
125.11538461538461
124.51923076923077
123.92307692307692
123.32692307692308
122.73076923076923
122.13461538461539
121.53846153846153
120.9423076923077
120.34615384615384
119.75
119.15384615384616
118.5576923076923
117.96153846153847
117.36538461538461
116.76923076923077
116.17307692307692
115.57692307692308
114.98076923076923
114.38461538461539
113.78846153846153
113.1923076923077
112.59615384615384
112.0
112.0
111.75
111.75
117.0
117.0
117.0
117.0
117.0
117.0
117.0
117.0
117.0
116.75
116.75
117.0
116.75
116.75
117.525
118.3
119.075
119.85
120.625
121.4
122.175
122.95
123.725
124.5
124.5
124.0
124.0
122.5
122.5
120.25
120.25
119.0
119.0
123.75
123.75
123.75
123.75
123.0
123.0
123.0
123.0
123.75
123.75
124.25
124.25
122.5
122.5
120.75
120.75
118.0
119.25
119.25
119.25
119.25
119.25
119.25
119.25
119.25
119.25
119.5
119.25
119.25
119.25
118.66666666666667
118.08333333333333
117.5
116.91666666666667
116.33333333333333
115.75
115.75
119.5
119.5
118.75
118.75
117.75
117.75
118.25
118.25
116.25
115.75
115.75
115.75
115.75
115.75
115.75
115.75
115.75
115.75
115.75
115.75
116.0
116.0
120.25
120.25
120.25
120.25
120.25
120.25
120.5
120.5
120.5
120.5
120.25
120.25
120.5
120.5
120.5
120.5
120.76666666666667
121.03333333333333
121.3
121.56666666666666
121.83333333333333
122.1
122.36666666666666
122.63333333333334
122.9
123.16666666666667
123.43333333333334
123.7
123.96666666666667
124.23333333333333
124.5
124.5
124.0
124.0
125.0
125.0
125.25
125.25
124.25
124.25
123.0
123.0
121.75
121.75
121.75
121.75
121.5
121.5
121.25
121.25
122.25
122.25
123.5
123.5
123.5
123.5
123.5
123.5
123.5
123.5
123.25
123.25
123.25
123.52777777777777
123.80555555555556
124.08333333333333
124.36111111111111
124.63888888888889
124.91666666666667
125.19444444444444
125.47222222222223
125.75
126.02777777777777
126.30555555555556
126.58333333333333
126.86111111111111
127.13888888888889
127.41666666666667
127.69444444444444
127.97222222222223
128.25
128.25
128.0
128.0
127.5
127.5
127.25
127.25
127.0
127.0
127.25
127.25
127.25
127.25
127.25
128.0
128.0
127.25
127.25
127.5
127.5
128.75
128.75
129.0
129.0
128.5
128.5
129.25
128.75
128.75
128.0
128.0
128.0
128.0
127.5
127.5
130.25
130.25
129.5
130.75
130.75
130.75
130.75
130.75
130.75
130.75
130.75
130.75
130.75
130.75
130.75
130.75
130.67857142857142
130.60714285714286
130.53571428571428
130.46428571428572
130.39285714285714
130.32142857142858
130.25
130.25
130.25
130.25
130.25
130.75
130.75
131.75
131.75
132.0
132.0
131.5
131.5
131.5
131.5
131.5
131.5
132.25
132.25
133.75
133.75
133.75
133.75
133.75
133.75
133.75
133.75
133.75
133.75
134.0
134.0
134.0
134.0
134.0
134.0
133.9090909090909
133.8181818181818
133.72727272727272
133.63636363636363
133.54545454545453
133.45454545454547
133.36363636363637
133.27272727272728
133.1818181818182
133.0909090909091
133.0
132.9090909090909
132.8181818181818
132.72727272727272
132.63636363636363
132.54545454545453
132.45454545454547
132.36363636363637
132.27272727272728
132.1818181818182
132.0909090909091
132.0
132.0
132.75
132.75
133.25
133.25
133.5
133.5
134.0
134.25
134.25
134.25
134.25
133.5
133.5
133.5
133.5
133.5
132.5
132.5
130.5
130.5
130.25
130.25
130.25
130.25
131.25
131.25
132.5
132.0
132.0
132.75
132.75
133.75
133.75
135.0
136.0
136.0
137.0
137.0
137.5
137.5
136.5
135.5
135.5
133.0
133.0
131.5
131.5
129.75
129.75
129.75
129.75
125.75
125.75
126.25
126.25
127.75
128.0
128.0
127.0
127.0
127.25
127.25
127.75
127.75
128.25
128.25
129.5
129.5
128.5
128.5
128.0
128.0
126.5
126.25
126.25
127.25
127.25
128.75
128.75
128.75
128.75
129.5
129.5
129.75
129.75
130.0
130.25
130.25
130.25
128.75
128.75
128.0
128.0
127.75
127.5
127.5
129.25
129.25
130.0
130.0
130.0
128.25
129.0
129.0
128.75
128.75
128.75
131.5
131.5
130.5
129.25
129.25
129.5
129.5
129.5
129.5
130.0
130.0
128.0
128.0
129.5
129.5
130.25
130.25
130.25
131.5
131.5
131.75
131.75
132.0
132.0
132.5
132.5
131.5
133.25
133.25
126.5
126.5
126.5
125.5
125.5
128.5
128.5
129.5
129.5
131.5
131.5
132.0
132.0
132.75
133.5
133.5
133.5
133.5
132.75
132.75
132.0
132.0
131.0
131.0
129.75
129.75
129.75
129.75
129.75
129.75
129.75
129.75
130.0
129.75
129.75
129.75
130.35
130.95
131.55
132.15
132.75
132.75
132.75
131.5
131.5
131.25
131.25
132.0
132.0
132.75
132.0
132.0
132.5
132.5
132.75
132.75
132.75
132.75
132.75
132.75
133.25
133.25
131.5
131.5
133.25
133.25
133.25
133.25
133.25
133.25
133.25
133.25
133.5
133.5
133.25
133.25
133.25
134.0
133.25
133.25
132.75
132.75
132.25
132.25
133.5
133.5
133.5
134.0
134.0
133.5
133.5
133.5
133.5
133.5
133.75
133.75
134.0
134.0
133.75
133.75
133.5
133.5
135.0
135.0
135.0
135.0
135.0
135.0
133.25
133.25
134.75
134.75
134.25
134.25
133.0
133.0
133.25
133.25
133.25
133.25
133.25
133.25
133.5
133.5
133.5
131.5
131.5
131.5
131.5
131.5
131.5
133.0
133.0
133.0
133.0
133.0
132.75
132.75
133.0
133.25
133.25
132.75
132.75
131.75
131.75
132.5
132.5
132.25
132.0
132.0
133.0
133.0
134.5
134.5
134.75
135.0
135.0
135.5
135.5
136.25
136.25
135.75
135.75
135.75
135.75
135.75
135.75
135.75
135.0
135.0
135.0
135.0
135.0
134.5
134.5
134.5
134.5
134.5
134.5
134.5
134.5
134.25
134.25
134.25
134.5
134.5
132.25
132.25
132.0
132.0
132.75
132.75
132.0
131.25
131.25
130.75
130.75
131.5
131.5
131.5
131.5
131.5
131.5
131.25
131.5
131.5
132.25
132.25
132.25
132.25
133.0
133.25
133.25
133.5
133.5
133.5
133.5
134.0
134.0
132.75
132.0
132.0
131.75
131.75
131.5
131.5
131.5
131.25
131.5
131.5
131.25
132.25
132.25
132.25
132.25
132.25
132.25
132.25
132.25
132.25
132.25
132.5
132.2
131.9
131.6
131.3
131.0
131.0
131.75
131.25
131.25
131.25
130.5
130.75
130.75
130.75
130.75
130.25
130.25
131.0
131.25
131.25
132.0
132.0
132.5
132.5
132.75
132.75
132.0
132.0
132.0
132.0
132.0
132.0
132.0
132.0
132.0
131.75
135.25
135.25
135.25
135.25
134.25
134.25
132.5
132.5
131.5
130.25
130.25
130.25
130.25
131.0
131.0
131.25
131.25
132.0
132.75
132.75
132.75
132.75
132.75
132.75
132.75
132.75
132.5
132.5
132.25
131.5
131.5
130.75
130.75
130.0
130.0
128.75
128.75
129.0
129.0
129.5
131.25
131.25
132.0
132.0
132.0
132.0
131.75
131.75
131.5
131.5
131.0
131.0
130.25
130.25
130.25
130.25
130.25
130.25
130.25
130.25
130.25
130.5
130.5
130.0
129.75
129.75
130.0
130.0
131.0
131.0
130.5
130.5
130.75
130.75
131.0
130.75
130.75
131.75
131.75
131.75
130.5
130.75
130.75
130.75
130.75
130.75
131.25
131.25
131.5
131.5
130.75
130.75
131.0
131.0
131.5
131.5
132.5
133.25
133.25
133.0
133.0
133.0
133.0
133.5
133.0
133.0
132.75
132.75
132.75
132.75
132.75
132.75
132.5
132.5
131.75
132.0
132.0
132.75
132.75
132.0
132.0
132.25
132.25
132.75
132.25
132.25
132.25
132.25
132.25
132.25
131.75
131.75
131.5
131.5
131.25
131.5
131.5
131.5
131.5
132.5
132.5
134.75
134.75
134.75
133.75
133.75
132.5
132.5
133.25
133.25
132.0
132.0
131.5
131.5
131.5
131.5
131.5
131.25
131.25
132.5
132.5
133.25
133.25
133.5
133.75
133.75
134.25
134.25
135.0
135.0
135.25
136.25
136.25
135.5
135.5
134.25
134.25
133.5
133.5
132.75
131.25
131.25
131.0
131.0
131.75
131.75
132.0
132.0
132.0
132.0
132.25
131.75
131.75
131.75
131.75
131.5
131.5
131.25
131.25
131.25
131.75
131.75
133.0
133.0
133.25
133.25
133.5
133.5
133.5
133.25
133.25
132.75
132.75
132.5
132.5
133.5
133.5
132.0
132.0
132.5
132.5
132.5
132.25
132.25
132.25
132.25
132.25
132.25
132.25
132.25
132.25
132.25
132.75
132.75
132.75
132.75
132.75
132.75
132.75
132.75
132.75
132.75
133.0
133.0
133.0
132.75
132.75
132.75
132.75
132.75
132.95833333333334
133.16666666666666
133.375
133.58333333333334
133.79166666666666
134.0
134.0
135.75
135.75
135.75
135.0
135.0
134.75
134.75
134.25
133.5
133.5
133.0
133.0
132.75
132.75
132.0
132.0
132.75
132.5
132.5
132.5
132.5
132.5
132.5
132.5
132.5
132.5
132.25
132.25
132.5
132.5
132.5
132.45
132.4
132.35
132.3
132.25
132.2
132.15
132.1
132.05
132.0
132.0
132.5
132.5
132.5
133.75
133.75
133.75
133.5
133.5
133.5
133.5
133.5
133.5
133.5
133.5
133.5
133.25
133.25
133.25
133.25
132.95833333333334
132.66666666666666
132.375
132.08333333333334
131.79166666666666
131.5
131.5
130.75
130.75
134.25
134.25
135.0
135.0
133.5
133.25
133.25
133.25
133.5
133.5
133.5
133.5
133.5
133.5
133.25
133.25
133.25
133.25
133.5
133.5
133.5
133.5
133.5
133.5
124.96875
116.4375
107.90625
99.375
90.84375
82.3125
73.78125
65.25
65.25
65.25
65.0
65.0
65.0
65.0
65.0
65.0
65.0
65.0
64.75
65.0
65.0
65.0
66.75
68.5
70.25
72.0
73.75
75.5
77.25
79.0
80.75
82.5
84.25
86.0
87.75
89.5
91.25
93.0
94.75
96.5
98.25
100.0
101.75
103.5
105.25
107.0
108.75
110.5
112.25
114.0
115.75
117.5
119.25
121.0
122.75
124.5
126.25
128.0
129.75
131.5
133.25
135.0
136.75
136.75
136.75
136.75
136.75
136.75
136.75
137.0
137.0
137.0
137.0
137.0
137.0
137.0
137.375
137.75
138.125
138.5
138.875
139.25
144.5
144.5
144.0
144.0
145.5
148.25
148.25
148.25
148.25
148.25
148.25
148.25
148.25
148.25
148.25
148.25
148.25
151.5
149.25
149.25
148.25
148.25
144.25
144.25
140.0
139.25
139.25
140.0
140.0
141.0
141.25
141.25
142.0
142.0
143.25
143.25
144.25
144.25
145.25
145.0
145.0
147.25
147.25
150.75
150.75
150.75
150.75
150.75
150.75
151.0
151.0
150.75
153.5
153.5
152.5
153.25
153.25
153.0
153.0
153.0
152.25
152.25
154.25
154.25
154.25
154.25
154.25
154.25
154.25
154.25
154.25
154.25
154.25
154.25
154.25
154.25
154.5
154.58823529411765
154.6764705882353
154.76470588235293
154.85294117647058
154.94117647058823
155.02941176470588
155.11764705882354
155.2058823529412
155.2941176470588
155.38235294117646
155.47058823529412
155.55882352941177
155.64705882352942
155.73529411764707
155.8235294117647
155.91176470588235
156.0
156.08823529411765
156.1764705882353
156.26470588235293
156.35294117647058
156.44117647058823
156.52941176470588
156.61764705882354
156.7058823529412
156.7941176470588
156.88235294117646
156.97058823529412
157.05882352941177
157.14705882352942
157.23529411764707
157.3235294117647
157.41176470588235
157.5
157.5
155.75
154.0
154.0
155.75
155.75
155.75
155.25
155.25
155.25
155.25
154.75
154.75
154.25
153.5
153.5
151.25
151.25
150.0
150.0
147.25
145.5
145.5
145.5
145.5
145.5
145.25
145.25
145.25
144.75
144.75
145.0
145.0
145.25
145.25
145.25
145.25
145.25
144.75
144.25
144.25
143.75
143.75
143.0
143.75
143.75
146.5
146.5
146.5
146.5
146.5
146.25
146.5
146.5
146.5
146.5
147.0
147.0
147.0
146.75
146.75
147.0
147.75
147.75
148.0
148.0
147.0
147.0
147.0
146.75
146.75
146.75
145.25
145.25
144.25
144.25
142.0
140.0
140.0
140.0
138.5
138.5
137.75
137.5
137.5
136.75
136.75
137.25
138.5
138.5
139.75
139.75
139.5
139.5
138.75
138.5
138.5
136.75
136.75
137.0
137.0
135.0
133.75
133.75
133.5
133.5
132.25
132.25
131.5
131.5
131.75
131.75
131.5
131.75
131.75
131.5
131.5
131.5
131.5
131.0
131.0
129.75
129.75
130.25
131.5
131.5
132.75
132.75
133.5
133.5
134.5
136.0
136.0
137.0
137.0
137.5
137.5
135.25
135.25
133.5
132.75
132.75
132.0
132.0
130.75
130.75
130.0
130.0
130.5
130.5
132.0
129.5
129.5
129.5
122.5
122.5
115.75
115.75
111.25
111.25
112.25
112.25
116.5
116.5
121.0
121.0
127.25
127.25
127.75
127.75
121.0
121.0
121.5
121.5
122.25
122.25
124.0
126.0
126.0
128.25
128.25
130.0
130.0
131.25
131.25
132.0
133.5
133.5
134.5
134.5
135.5
135.5
135.75
136.5
136.5
136.75
136.75
137.0
137.25
137.25
136.75
136.75
136.5
136.5
136.0
136.0
135.0
135.25
135.25
135.0
135.0
133.5
133.5
134.25
134.25
133.5
131.5
131.5
131.0
131.0
131.0
131.0
131.25
131.25
131.25
132.0
132.0
132.0
133.0
133.5
133.5
134.25
134.25
134.25
134.25
135.0
135.0
134.75
135.0
135.0
134.75
134.75
136.25
136.25
137.0
137.25
137.25
137.5
137.5
137.25
137.75
137.75
138.25
138.25
138.75
138.75
138.0
138.25
138.25
137.25
137.25
137.5
137.5
137.75
138.75
138.75
139.5
139.5
139.0
139.25
139.25
139.0
139.0
139.5
138.5
138.5
138.5
138.5
138.75
138.75
139.0
137.5
137.5
135.75
135.75
133.0
133.0
132.0
132.0
133.5
134.25
134.25
134.25
133.5
133.5
133.5
133.0
133.0
132.75
133.0
133.0
133.5
133.5
134.75
134.75
136.0
136.25
136.25
136.75
136.75
137.25
137.25
136.5
136.5
136.75
136.75
136.25
136.25
136.0
136.0
137.0
137.0
137.25
137.75
137.75
138.25
138.25
138.75
137.0
137.0
136.25
136.25
135.75
135.75
135.75
135.75
136.75
136.75
136.75
137.75
137.75
136.75
136.75
135.75
135.75
135.75
137.0
137.0
136.75
136.75
135.5
134.5
134.5
134.75
134.75
135.0
135.0
134.5
134.5
134.5
135.0
135.0
136.75
136.75
137.5
138.25
138.25
139.25
139.25
139.25
139.0
139.0
138.5
138.5
137.5
137.5
137.5
137.5
138.5
139.0
139.0
139.5
139.5
139.5
138.5
138.5
137.5
137.5
136.75
136.75
135.75
135.75
135.0
135.5
135.5
136.5
136.5
137.5
137.75
137.75
137.5
137.5
137.25
137.25
137.5
137.5
137.5
137.5
137.5
136.75
136.75
136.25
136.25
136.0
135.5
135.5
136.25
136.25
136.25
136.25
135.75
135.5
135.5
135.5
135.5
137.0
137.0
137.75
137.5
137.5
137.25
137.25
136.5
136.5
136.0
136.5
136.5
136.25
136.25
136.0
136.0
137.75
137.5
137.5
138.25
138.25
139.25
139.25
139.25
139.25
139.25
138.5
138.5
138.0
138.0
136.25
134.75
134.75
134.75
134.5
134.5
135.25
136.0
136.0
137.0
137.0
137.0
137.0
136.75
136.75
137.0
136.75
136.75
136.5
136.5
137.0
136.75
136.75
136.25
136.25
135.0
135.0
135.25
135.25
136.0
137.0
137.0
137.0
137.0
137.75
137.5
137.5
136.0
136.0
135.0
135.0
134.25
134.0
134.0
134.25
134.25
134.5
134.5
134.25
133.5
133.5
133.0
133.0
134.5
134.5
135.75
135.75
137.5
138.0
138.0
137.5
137.5
137.25
137.25
136.25
135.75
135.75
134.0
134.0
133.25
133.25
133.5
133.5
134.0
134.75
134.75
135.5
135.5
135.5
135.5
135.0
135.75
135.75
135.25
135.25
134.5
134.5
133.5
133.5
133.0
132.25
132.25
132.75
132.75
132.75
132.75
133.0
133.0
133.5
134.0
134.0
133.75
133.75
133.5
133.5
133.25
133.25
133.75
134.5
134.5
135.75
135.75
136.75
136.75
136.75
136.5
136.5
136.75
136.75
135.25
135.25
135.25
134.5
134.5
134.5
134.5
135.75
135.75
136.5
136.25
136.25
135.75
135.75
136.25
136.25
137.25
137.5
137.5
137.5
137.5
137.5
137.5
137.25
137.75
137.75
137.5
137.5
136.5
136.5
136.25
136.25
135.75
135.75
135.75
136.25
136.25
136.75
136.75
136.75
137.5
137.5
137.75
137.75
138.5
137.5
137.5
137.75
137.75
138.75
138.75
139.75
139.75
140.75
140.75
141.25
141.25
141.0
141.0
141.75
142.25
142.25
141.25
141.25
140.75
140.75
140.75
141.25
141.25
140.5
140.0
140.0
140.75
140.75
141.25
141.25
140.75
140.5
140.5
140.5
140.5
141.5
141.0
141.0
141.75
141.75
142.0
141.0
141.0
140.75
140.75
141.5
142.25
142.25
143.25
143.25
144.75
145.5
145.5
146.25
146.25
146.75
147.25
147.25
148.25
148.25
148.75
149.5
149.5
149.75
146.75
146.75
143.5
143.5
145.75
143.75
143.75
140.75
140.75
138.25
138.25
137.0
137.0
135.25
135.25
134.25
134.25
134.25
135.5
135.5
135.25
136.75
136.75
137.0
137.0
137.5
137.5
136.25
136.25
136.25
136.0
136.0
135.5
135.5
135.75
136.5
136.5
137.25
137.25
138.0
138.0
139.25
140.75
140.75
140.25
140.25
139.5
139.0
139.0
137.75
137.75
137.0
137.0
137.25
136.75
136.75
135.75
135.75
135.5
135.5
135.0
135.0
135.25
136.25
136.25
136.0
136.0
137.0
137.0
137.0
136.75
136.75
137.5
137.5
138.0
138.0
138.5
139.25
139.25
139.5
139.5
139.0
138.75
138.75
139.5
139.5
139.25
139.5
139.5
139.75
139.75
139.5
139.5
139.75
140.25
140.25
140.5
140.5
140.5
140.75
140.75
139.5
139.5
139.25
139.25
138.25
138.0
138.0
138.5
138.5
138.0
138.0
138.5
137.75
137.75
136.25
136.25
137.0
137.0
137.5
137.25
137.25
138.5
138.5
140.0
139.75
139.75
139.25
139.25
139.0
139.0
138.75
137.5
137.5
135.0
135.0
136.25
136.25
137.0
137.25
137.25
137.5
137.5
137.75
137.75
137.5
138.0
138.0
138.75
138.75
140.75
140.75
140.75
139.5
139.5
138.75
138.75
138.75
138.0
138.0
137.5
137.5
137.5
137.5
138.0
138.5
138.5
139.25
139.25
140.25
140.75
140.75
139.75
139.75
138.5
138.5
138.0
137.5
137.5
137.25
137.25
136.25
136.25
136.75
137.25
137.25
136.25
136.25
137.25
137.25
138.0
138.0
137.75
138.25
138.25
138.0
138.0
138.5
137.75
137.75
137.0
137.0
138.0
138.0
138.5
138.25
138.25
138.25
138.25
138.75
139.25
139.25
139.5
139.5
139.25
139.25
139.5
139.5
140.0
139.5
139.5
139.25
139.25
138.5
137.5
137.5
137.5
137.5
137.75
137.75
138.75
139.0
139.0
139.0
139.0
139.5
139.25
139.25
139.5
139.5
139.0
139.0
139.0
139.25
139.25
139.5
139.5
139.25
139.5
139.5
139.5
139.5
139.25
139.25
138.25
137.75
137.75
136.75
136.75
137.25
137.25
137.75
138.25
138.25
138.5
138.5
138.25
138.5
138.5
141.25
141.25
141.75
143.25
143.25
144.25
144.25
144.75
145.75
145.75
146.75
146.75
147.25
148.0
148.0
147.75
147.0
147.0
145.75
143.0
143.0
141.75
139.5
139.5
136.75
136.75
134.0
134.0
134.25
134.25
134.25
135.75
135.75
136.5
136.5
137.75
140.25
140.25
140.0
140.0
140.5
139.5
139.5
139.25
139.25
137.5
137.5
137.5
136.25
136.25
136.25
136.25
136.75
136.75
137.25
137.25
137.5
136.75
136.75
134.75
134.75
134.25
134.25
133.75
132.75
132.75
132.75
132.75
130.75
130.75
131.0
131.0
132.0
130.25
130.25
130.25
132.25
132.25
132.25
132.75
132.75
132.5
132.5
132.75
132.0
132.0
132.5
132.5
132.25
132.25
132.75
132.75
134.25
134.25
134.75
135.25
135.25
135.0
135.0
135.0
135.0
133.75
133.75
132.5
132.5
131.75
131.5
131.5
131.5
131.5
132.25
132.25
132.25
132.75
132.75
133.25
133.25
134.75
134.75
134.75
134.5
134.5
135.0
135.0
135.75
135.75
138.0
138.5
138.5
138.5
138.5
137.5
137.5
135.0
134.25
134.25
134.5
134.5
134.0
134.0
134.25
134.75
134.75
135.75
135.75
135.5
135.5
135.5
135.5
135.25
135.75
135.75
135.25
135.25
134.25
134.25
133.5
133.5
132.75
132.75
130.25
129.0
129.0
130.25
130.25
130.5
130.5
130.5
130.5
131.0
132.0
132.0
132.5
132.5
132.75
132.75
132.75
132.75
133.25
134.25
134.25
134.25
134.25
134.25
134.25
134.5
134.5
136.75
137.0
137.0
135.75
135.75
136.25
136.25
136.75
137.0
137.0
137.25
137.25
136.75
136.75
136.25
135.75
135.75
134.5
134.5
133.25
133.25
131.25
131.25
131.0
131.0
132.0
133.0
133.0
134.0
134.0
134.25
134.25
136.0
137.5
137.5
138.75
138.75
139.25
139.25
139.25
139.5
139.5
138.5
138.5
137.25
136.0
136.0
135.0
135.0
134.5
134.5
133.25
133.25
132.5
132.5
132.5
132.0
132.0
132.0
132.0
132.25
132.25
133.5
133.75
133.75
134.25
134.25
134.5
134.5
133.25
133.25
132.5
132.5
132.5
133.0
133.0
132.75
132.75
132.75
132.75
132.75
132.75
132.75
132.25
132.25
131.75
131.75
132.0
132.0
132.75
132.75
132.75
132.75
133.5
134.25
134.25
134.25
134.25
134.0
134.0
134.0
134.25
134.25
133.75
133.75
135.0
135.0
136.0
136.0
136.0
135.25
135.25
134.5
134.5
134.25
134.25
134.0
134.25
134.25
134.25
134.25
135.5
135.5
135.0
135.0
135.0
135.0
135.0
134.5
134.5
134.25
134.25
134.25
134.25
134.25
134.0
134.0
134.0
134.0
133.5
133.5
132.75
133.0
133.0
133.25
133.25
133.5
133.5
133.5
133.5
133.5
132.5
132.5
132.75
132.75
133.5
133.5
134.5
134.5
135.0
136.0
136.0
136.0
136.0
135.75
135.75
135.75
136.0
136.0
135.75
135.75
135.0
135.0
135.0
134.75
134.75
135.0
135.0
135.75
135.75
136.5
136.5
135.25
135.25
135.25
136.0
136.0
136.75
136.75
136.25
137.25
137.25
137.5
137.5
136.5
136.5
136.0
135.75
135.75
136.0
136.0
135.75
135.75
134.25
134.25
134.0
134.0
133.75
134.0
134.0
134.5
134.5
135.5
135.5
136.5
137.25
137.25
137.5
137.5
136.0
135.0
135.0
134.5
134.5
134.25
134.25
135.0
135.0
135.0
135.0
134.0
134.0
133.25
132.75
132.75
131.5
131.5
131.75
131.75
132.0
132.0
132.5
132.0
132.0
132.0
132.0
132.75
134.5
134.5
134.5
133.75
134.0
134.0
133.5
133.5
131.5
131.5
130.5
130.5
129.75
130.5
130.5
131.0
131.0
132.0
132.0
132.25
132.25
132.0
132.0
132.75
132.0
132.0
131.75
131.75
131.75
131.75
131.5
131.5
132.0
131.25
131.25
131.75
131.75
131.5
131.5
132.5
132.5
134.0
134.0
134.0
133.0
133.0
133.25
133.25
133.25
132.25
132.25
133.25
133.0
133.0
132.75
132.75
133.0
133.75
133.75
135.0
135.0
135.25
135.25
136.0
136.0
135.75
135.75
135.5
135.5
135.5
135.5
134.75
135.75
135.75
135.75
135.75
135.0
135.0
134.5
134.5
135.0
134.25
134.25
135.25
135.25
135.5
135.5
136.25
137.5
137.5
136.75
136.75
137.0
138.5
138.5
137.5
137.5
139.0
139.0
139.25
139.75
139.75
140.25
140.25
139.5
139.5
138.0
138.0
136.25
135.75
135.75
134.5
134.5
133.5
133.5
133.75
133.75
133.75
134.25
134.25
133.25
133.25
132.25
132.25
132.75
132.0
132.0
131.5
131.5
131.25
131.25
131.75
131.75
132.0
132.0
132.25
132.75
132.75
132.0
132.0
131.5
131.5
131.5
131.5
133.0
132.0
132.0
132.5
132.5
132.75
132.75
133.0
133.0
133.75
133.75
132.75
133.5
133.5
133.75
133.75
134.25
135.0
135.0
135.0
135.0
135.0
135.0
134.75
134.75
134.25
133.0
133.0
131.5
131.5
133.75
133.75
133.5
133.5
133.5
134.75
134.75
135.0
135.0
135.75
135.75
136.75
137.5
137.5
136.5
136.5
136.25
136.25
136.0
135.75
135.75
135.25
135.25
134.25
134.25
134.75
134.75
135.0
135.0
135.0
135.0
135.0
135.25
135.25
135.75
137.25
137.25
137.75
137.75
137.5
137.5
137.0
136.5
136.5
135.75
135.75
135.75
135.75
135.75
136.25
136.25
136.75
136.75
136.75
136.75
136.5
136.5
135.75
135.5
135.5
135.0
135.0
135.25
135.25
135.75
135.75
135.75
135.75
135.75
136.0
136.0
135.75
135.75
135.75
135.75
135.75
135.0
135.0
135.0
135.0
135.5
135.75
135.75
135.75
135.75
135.75
135.75
135.75
136.0
136.0
136.75
136.75
136.75
136.75
136.5
136.75
136.75
137.5
137.5
137.25
137.25
136.75
136.75
136.75
136.0
136.0
135.5
135.5
136.0
136.5
136.5
137.5
137.5
137.5
137.5
137.5
137.5
137.5
137.25
137.25
137.0
137.0
137.0
136.25
136.25
134.5
134.5
133.75
133.75
133.25
133.25
133.75
133.75
133.75
134.25
134.25
134.0
134.0
133.5
133.5
133.5
134.0
134.0
134.25
134.25
135.25
135.25
136.75
136.75
136.75
136.75
136.75
136.0
136.0
135.75
135.75
135.75
136.0
136.0
135.5
135.5
134.5
134.5
134.0
134.0
134.0
134.5
134.5
134.75
134.75
135.0
135.0
134.75
134.25
134.25
135.0
135.0
135.25
135.25
135.25
135.5
135.5
134.5
134.5
135.0
135.0
135.75
136.25
136.25
135.75
135.75
135.75
135.75
135.75
135.75
135.0
134.75
134.75
134.75
134.75
134.5
134.5
134.5
134.25
134.25
134.25
134.25
134.25
134.25
134.25
134.25
133.75
133.75
133.75
133.5
133.5
133.5
133.5
134.25
134.25
133.75
132.5
132.5
133.5
133.5
133.5
133.5
134.5
134.5
134.5
135.0
135.0
135.75
135.75
135.75
135.75
134.75
134.5
134.5
134.0
134.0
132.75
132.75
132.25
132.25
132.0
132.0
131.5
132.0
132.0
132.75
132.75
133.5
133.5
133.25
133.25
133.5
133.5
133.5
133.5
133.5
133.5
133.5
133.5
133.5
133.5
133.5
133.5
133.75
133.75
134.75
134.75
135.25
135.75
135.75
134.75
134.75
134.0
134.0
133.5
133.5
133.5
133.25
133.25
132.75
132.75
133.0
133.0
133.5
133.5
134.25
134.0
134.0
134.5
134.5
135.25
135.25
135.5
135.5
134.75
134.5
134.5
134.5
134.5
134.75
134.75
134.25
134.0
134.0
133.25
133.25
132.0
132.0
130.75
130.75
130.25
130.25
130.25
130.75
130.75
132.0
132.0
133.5
133.5
134.25
134.25
134.75
134.25
134.25
133.0
133.0
132.25
132.25
131.5
131.5
130.5
130.5
129.25
129.0
129.0
128.75
128.75
129.0
129.0
130.0
130.0
130.75
130.75
131.5
131.5
131.5
131.5
131.5
131.25
131.25
130.75
130.75
130.25
130.25
129.25
129.25
129.0
129.0
129.0
129.75
129.75
130.75
130.75
131.75
131.75
133.0
132.75
132.75
132.75
132.75
132.25
132.25
132.0
132.0
131.25
131.25
130.75
130.25
130.25
128.75
128.75
129.0
129.0
128.25
128.25
128.0
128.0
129.5
129.5
130.5
131.5
131.5
132.25
132.25
131.0
131.0
130.25
130.25
129.5
129.5
129.0
129.0
129.5
129.0
129.0
128.5
128.5
130.0
130.0
130.0
130.0
128.75
128.75
128.75
129.0
129.0
128.5
128.5
128.5
128.5
129.25
129.25
129.5
129.5
129.75
129.75
130.75
131.25
131.25
131.75
131.75
131.5
131.5
131.25
131.25
130.75
130.75
130.5
130.25
130.25
130.0
130.0
130.75
130.75
132.25
132.25
133.25
133.25
132.0
131.5
131.5
131.0
131.0
130.75
130.75
130.25
130.25
130.0
130.0
129.0
129.0
129.0
129.0
127.5
126.75
126.75
126.75
126.75
126.75
126.75
126.75
126.75
129.0
129.0
130.25
130.75
130.75
130.25
130.25
129.75
129.75
129.0
129.0
128.75
128.75
128.25
128.25
126.75
126.75
127.25
127.25
127.25
127.5
127.5
127.5
127.5
127.75
127.75
128.0
128.0
128.0
128.0
128.5
128.5
128.5
128.5
128.5
128.5
128.5
128.0
128.0
128.25
128.25
128.75
128.75
128.25
128.25
127.5
127.5
126.75
126.75
126.75
125.25
125.25
126.75
126.75
128.0
128.0
128.5
128.5
128.5
128.5
128.25
128.25
128.0
128.5
128.5
129.25
129.25
129.5
129.5
129.25
129.25
128.0
128.0
127.25
127.25
128.75
129.5
129.5
129.0
129.0
129.0
129.0
128.25
128.25
126.75
126.75
124.25
124.25
123.5
123.5
124.0
124.0
124.25
124.25
124.75
124.75
125.25
125.25
126.25
127.25
127.25
128.5
128.5
127.75
127.75
125.75
125.75
124.0
124.0
122.5
122.5
126.75
126.75
129.5
131.75
131.75
134.25
134.25
135.5
135.5
136.25
136.5
136.5
135.75
135.75
137.0
137.0
136.75
136.75
138.0
138.0
140.0
140.0
140.0
138.5
138.5
135.5
135.5
131.75
126.25
126.25
126.25
126.25
126.25
126.5
126.5
126.5
126.5
126.5
126.25
126.25
126.25
127.0241935483871
127.79838709677419
128.57258064516128
129.34677419354838
130.1209677419355
130.8951612903226
131.66935483870967
132.44354838709677
133.21774193548387
133.99193548387098
134.76612903225808
135.54032258064515
136.31451612903226
137.08870967741936
137.86290322580646
138.63709677419354
139.41129032258064
140.18548387096774
140.95967741935485
141.73387096774192
142.50806451612902
143.28225806451613
144.05645161290323
144.83064516129033
145.6048387096774
146.3790322580645
147.15322580645162
147.92741935483872
148.7016129032258
149.4758064516129
150.25
150.25
150.5
150.75
150.75
150.75
150.75
150.75
150.75
151.0
151.0
151.0
151.0
151.0
148.5625
146.125
143.6875
141.25
138.8125
136.375
133.9375
131.5
134.25
134.25
138.0
138.0
143.5
150.5
150.5
152.0
153.5
156.5
156.5
157.75
158.0
158.0
158.0
160.0
158.25
158.25
159.0
159.5
159.5
161.0
161.0
162.5
163.25
163.25
160.0
164.0
164.0
164.25
163.5
163.5
162.75
162.75
161.0
161.0
161.0
161.25
161.25
137.25
137.25
137.25
137.25
137.5
137.25
137.25
137.25
137.25
137.25
139.66666666666666
142.08333333333334
144.5
146.91666666666666
149.33333333333334
151.75
150.0
150.0
148.5
148.5
148.0
147.5
147.5
147.5
147.5
147.5
147.0
147.0
147.0
147.25
147.25
146.75
146.75
147.0
147.0
147.5
148.25
148.25
149.5
150.5
150.5
152.0
151.75
151.75
151.25
150.75
150.75
150.0
150.0
147.75
145.0
145.0
143.25
143.25
141.25
141.25
139.25
137.75
137.75
136.0
136.0
134.25
134.25
134.25
134.25
133.75
132.75
132.75
132.75
132.75
133.25
133.25
133.5
133.5
133.5
133.5
133.5
131.5
131.5
131.25
131.25
131.0
131.0
131.75
132.0
132.0
133.0
133.0
133.25
133.25
133.25
133.25
132.0
131.0
131.0
131.5
131.5
131.25
131.25
132.0
132.0
133.0
133.0
132.75
134.25
134.25
134.5
134.5
136.25
136.25
132.5
132.5
135.0
133.75
133.75
132.75
132.75
132.75
132.75
131.75
132.0
132.0
131.5
131.5
131.25
131.25
131.25
133.5
133.5
134.25
134.0
134.0
133.75
133.25
133.25
132.75
132.75
131.5
131.5
131.25
132.0
132.0
132.0
132.0
132.5
132.5
133.0
133.0
133.5
133.5
135.5
137.25
137.25
135.0
135.0
135.0
133.5
133.5
131.75
131.75
127.0
127.0
122.25
122.25
123.5
123.5
125.75
125.75
130.25
130.25
132.0
133.0
133.0
132.75
132.75
132.75
132.75
131.75
131.75
132.5
132.5
129.5
128.25
128.25
128.0
128.0
129.0
129.0
130.25
130.25
130.25
130.25
130.25
129.0
129.0
128.0
128.0
128.75
128.75
129.5
129.5
130.5
130.5
130.75
130.75
132.0
135.0
135.0
134.75
134.75
134.25
134.25
131.5
131.5
129.5
130.0
130.0
129.0
129.0
128.75
128.75
128.0
128.0
129.5
129.5
130.25
130.25
131.25
131.25
131.25
130.0
130.0
129.0
129.0
127.25
127.25
126.25
126.25
125.0
125.0
125.25
125.25
126.5
126.5
127.25
128.5
128.5
132.0
132.0
133.0
133.0
131.0
131.0
130.75
130.75
130.25
129.0
129.0
126.75
126.75
126.75
126.75
127.0
127.0
127.25
127.25
126.75
126.75
125.75
125.75
125.75
125.75
126.0
127.5
127.5
128.0
128.0
128.25
128.25
127.0
127.0
127.25
127.25
128.5
128.5
129.25
129.25
128.5
128.5
128.5
128.5
127.75
127.75
127.25
127.25
127.25
127.75
127.75
124.5
124.5
126.0
126.0
127.75
127.75
129.0
128.5
128.5
128.0
128.0
129.0
129.0
127.5
127.5
125.25
125.25
125.75
125.75
125.75
125.75
126.5
126.5
128.25
128.25
126.0
125.25
125.25
126.5
126.5
127.25
127.25
128.0
128.0
128.0
128.0
127.75
127.75
128.0
128.0
127.5
127.25
127.25
126.75
126.75
125.75
125.75
125.25
125.25
125.0
125.0
125.75
125.75
125.75
125.75
125.75
125.75
125.75
125.75
125.75
125.75
125.75
126.0
126.0
129.0
129.0
130.0
130.0
130.5
130.5
130.25
130.25
130.25
129.0
129.0
128.0
128.0
126.75
126.75
127.0
127.0
128.75
128.75
130.25
131.25
131.25
131.0
131.0
132.0
132.0
132.5
132.5
134.25
134.25
132.0
132.5
132.5
133.25
133.25
133.5
133.5
133.5
133.5
133.5
133.0
133.0
132.75
132.75
132.75
132.75
133.5
133.0
133.0
133.0
133.0
132.0
132.0
131.5
131.5
131.5
131.5
133.5
133.75
133.75
134.0
134.0
134.0
134.0
134.25
134.25
135.0
135.0
134.75
134.0
134.0
133.0
133.0
132.0
132.0
130.75
130.75
130.0
130.0
130.25
131.75
131.75
133.5
133.5
134.75
134.75
134.75
134.25
134.25
135.0
135.0
136.5
135.75
135.75
135.25
135.25
133.5
133.5
134.25
134.25
129.5
129.5
128.0
130.75
130.75
133.75
133.75
135.75
135.75
136.75
136.5
136.5
136.25
136.25
135.5
135.5
133.0
133.0
133.0
133.25
133.25
133.0
133.0
133.5
133.5
133.75
134.75
134.75
135.0
135.0
134.5
134.5
134.25
134.25
134.5
135.75
135.75
135.75
135.75
135.75
135.75
136.0
136.25
136.25
136.75
136.75
136.75
136.75
136.25
135.75
135.75
134.5
134.5
131.5
131.5
131.25
131.25
130.75
130.75
131.75
131.75
131.75
131.5
131.5
131.5
131.5
132.75
132.75
135.0
136.25
136.25
136.0
136.0
135.75
135.75
135.25
135.5
135.5
135.0
135.0
134.25
134.25
133.25
133.25
132.75
133.0
133.0
133.0
133.0
134.25
134.25
135.5
137.0
137.0
137.5
137.5
137.0
137.0
136.5
136.5
135.5
135.0
135.0
134.5
134.5
135.25
135.25
135.75
136.25
136.25
135.75
135.75
135.75
135.75
135.5
135.75
135.75
134.75
134.75
135.5
135.5
135.5
135.5
135.5
136.25
136.25
137.5
137.5
137.75
137.75
137.75
137.25
137.25
137.25
137.25
136.75
136.75
135.75
136.0
136.0
135.75
135.75
135.0
135.0
136.5
137.75
137.75
136.75
136.75
136.75
136.75
137.25
136.5
136.5
136.0
136.0
135.75
135.75
135.25
135.25
135.0
134.75
134.75
134.25
134.25
134.25
134.25
134.25
134.75
134.75
135.0
135.0
135.75
135.75
135.5
135.5
135.25
135.25
135.25
135.0
135.0
134.75
134.75
134.25
134.75
134.75
135.75
135.75
136.75
136.75
137.25
137.0
137.0
137.25
137.25
136.5
136.5
135.75
135.75
135.0
135.0
135.0
134.25
134.25
133.5
133.5
133.0
133.5
133.5
135.25
135.25
136.0
136.0
136.75
136.75
137.0
137.5
137.5
136.75
136.75
136.25
136.25
135.5
135.0
135.0
135.0
135.0
135.0
135.0
135.0
135.75
135.75
136.5
136.5
136.25
136.25
136.0
135.75
135.75
135.5
135.5
135.75
135.75
136.0
136.0
135.75
136.0
136.0
136.75
136.75
136.75
136.75
136.25
136.5
136.5
137.0
137.0
137.0
137.0
137.5
137.5
137.5
137.5
137.5
136.75
136.75
136.25
136.25
136.25
136.75
136.75
137.5
137.5
137.0
137.0
137.0
136.75
136.75
136.0
136.0
136.75
137.0
137.0
137.25
137.25
137.5
137.5
137.0
136.25
136.25
136.5
136.5
136.25
136.25
135.75
135.5
135.5
135.0
135.0
134.5
134.5
135.0
135.0
135.75
137.5
137.5
137.75
137.75
138.5
139.0
139.0
139.25
139.25
138.5
138.5
137.75
137.75
137.0
136.25
136.25
136.25
136.25
135.0
135.0
134.25
133.0
133.0
132.75
132.75
132.75
132.75
132.5
132.5
133.25
134.25
134.25
134.5
134.5
135.5
135.5
136.0
135.75
135.75
135.75
135.75
134.25
134.25
133.5
133.5
133.75
133.5
133.5
134.0
134.0
133.75
133.75
133.25
133.25
133.0
133.75
133.75
134.75
134.75
135.0
135.0
136.0
136.0
136.25
136.0
136.0
135.75
135.75
136.25
136.25
135.75
135.75
135.75
135.75
135.75
134.25
134.25
133.5
133.5
133.25
133.0
133.0
133.25
133.25
134.0
134.0
133.5
133.5
133.0
133.0
133.0
133.5
133.5
132.75
132.75
133.5
133.5
133.5
134.25
134.25
134.75
134.75
134.75
134.75
134.75
134.25
134.25
134.25
134.25
133.75
133.75
133.5
133.5
133.0
132.75
132.75
133.0
133.0
133.5
133.5
135.0
135.0
135.25
135.75
135.75
135.75
135.75
135.25
135.25
135.0
134.25
134.25
133.75
133.75
133.5
133.5
133.5
133.5
133.0
132.75
132.75
133.25
133.25
133.25
133.25
133.5
133.5
134.75
135.75
135.75
135.5
135.5
135.75
135.75
136.0
135.75
135.75
134.5
134.5
133.0
133.0
132.75
132.75
132.75
132.75
133.0
133.0
133.0
132.5
132.5
132.75
132.75
133.0
133.0
133.5
134.0
134.0
134.0
134.0
133.5
133.5
133.5
133.5
133.5
133.0
133.0
132.75
132.75
132.75
132.75
132.75
132.75
132.75
133.0
133.0
132.75
132.75
133.0
133.0
132.75
132.75
132.75
133.25
133.25
133.0
133.0
133.0
133.0
133.5
133.5
134.5
135.5
135.5
135.25
135.25
134.75
134.75
135.0
135.0
135.0
134.5
134.5
134.25
134.25
133.5
133.5
132.75
132.75
132.75
133.25
133.25
134.5
134.5
135.0
135.0
134.75
134.5
134.5
134.75
134.75
134.25
134.25
133.5
133.5
133.75
133.0
133.0
131.5
131.5
131.5
131.5
131.5
131.5
132.0
132.0
132.0
132.75
132.75
133.5
133.5
133.75
133.75
134.25
135.25
135.25
135.5
135.5
135.0
135.0
134.5
134.5
134.0
133.5
133.5
133.0
133.0
132.5
132.5
133.25
132.75
132.75
133.25
133.25
134.25
134.25
134.75
134.75
135.0
135.0
135.0
135.5
135.5
135.75
135.75
135.75
135.75
135.0
134.75
134.75
133.5
133.5
133.25
133.25
133.0
133.0
132.75
132.75
132.75
132.75
132.75
133.25
133.25
133.5
134.5
134.5
135.5
135.5
135.0
135.0
135.25
135.25
135.5
135.25
135.25
134.75
134.75
133.75
133.75
132.5
132.5
132.25
131.75
131.75
131.0
131.0
131.0
131.0
130.75
130.75
130.75
130.75
130.25
130.25
130.25
130.25
130.25
130.5
130.5
131.25
131.25
130.5
130.5
131.5
134.75
134.75
135.0
135.0
135.25
135.25
135.0
135.0
134.75
134.25
134.25
135.0
135.0
135.0
135.0
135.75
135.75
135.75
135.75
135.75
134.5
134.5
133.5
133.5
133.0
132.5
132.5
133.0
133.0
134.0
134.0
134.75
135.0
135.0
135.25
135.25
135.25
135.25
135.0
135.0
134.75
134.0
134.0
132.5
132.5
132.0
132.0
131.75
131.75
131.25
131.25
130.75
130.75
130.75
131.25
131.25
132.0
132.0
133.5
133.5
133.75
134.75
134.75
133.5
133.5
133.75
133.75
132.75
132.75
132.0
131.5
131.5
132.0
132.0
131.5
131.5
131.0
131.0
130.75
130.75
131.5
132.5
132.5
132.75
132.75
134.0
134.0
134.0
134.25
134.25
134.5
134.5
133.5
133.5
133.0
133.0
131.5
131.5
131.0
131.25
131.25
132.0
132.0
132.0
132.0
132.25
132.25
132.0
132.0
132.0
131.75
131.75
131.5
131.5
131.75
131.75
132.5
132.5
133.0
132.5
132.5
132.5
132.5
132.75
132.75
132.75
132.75
132.5
132.0
132.0
131.75
131.75
131.75
131.75
132.0
132.0
132.25
132.25
132.0
131.5
131.5
131.25
131.25
131.5
131.5
131.5
131.5
131.75
131.75
131.75
131.75
131.75
131.5
131.5
131.0
131.0
131.75
131.75
131.75
132.0
132.0
132.5
132.5
132.75
132.75
132.25
132.25
132.0
131.5
131.5
131.5
131.5
131.5
131.5
131.5
131.5
131.5
131.5
132.0
132.75
132.75
133.0
133.0
133.5
133.5
133.75
133.75
134.25
133.5
133.5
133.75
133.75
133.5
133.5
133.0
133.0
132.5
131.75
131.75
131.5
131.5
131.5
131.5
132.0
132.0
132.5
131.75
131.75
131.25
131.25
131.0
131.0
131.25
131.25
130.75
130.75
130.75
130.25
130.25
130.5
130.5
130.75
130.75
131.5
131.5
131.5
131.5
132.5
132.75
132.75
133.25
133.25
133.25
133.25
133.25
133.25
133.0
132.75
132.75
132.75
132.75
132.25
132.25
131.5
131.5
131.0
132.0
132.0
132.5
132.5
132.75
132.75
132.75
132.75
132.75
132.75
133.5
133.5
133.5
132.25
132.25
131.5
131.5
131.0
131.0
131.0
131.25
131.25
131.25
131.25
132.0
132.0
132.5
132.5
133.0
134.25
134.25
134.0
134.0
134.25
134.25
133.25
133.25
132.5
132.0
132.0
131.75
131.75
131.5
131.5
130.75
130.75
130.0
130.0
130.25
131.0
131.0
130.5
130.5
130.75
130.75
131.25
131.25
131.25
131.25
132.0
132.75
132.75
132.75
132.75
132.5
132.5
132.0
132.0
132.0
132.0
130.75
131.25
131.25
131.75
131.75
132.25
132.25
133.0
133.0
133.75
134.25
134.25
134.75
134.75
134.5
134.5
134.5
134.5
134.75
134.25
134.25
134.0
134.0
134.5
134.5
134.25
133.75
133.75
133.75
133.75
133.75
133.75
133.25
133.25
133.5
133.75
133.75
134.25
134.25
133.5
133.5
134.75
134.75
135.25
135.75
135.75
135.75
135.75
136.75
136.75
136.5
136.25
136.25
136.25
136.25
134.75
134.75
132.75
132.75
131.5
130.0
130.0
129.25
129.25
130.0
130.0
129.5
129.5
129.5
129.5
129.25
129.25
128.5
128.5
127.0
127.0
124.75
124.75
125.25
125.75
125.75
125.75
125.75
124.25
124.25
125.0
125.0
125.0
125.0
125.0
125.0
125.25
125.25
125.25
125.25
125.25
125.25
125.5
125.25
125.25
125.25
118.11111111111111
110.97222222222223
103.83333333333333
96.69444444444444
89.55555555555556
82.41666666666666
75.27777777777777
68.13888888888889
61.0
61.0
61.0
61.0
61.0
61.0
61.0
61.0
61.0
61.0
61.0
61.0
60.75
60.75
60.75
60.75
60.75
