128.5
125.75
125.75
125.0
125.0
124.25
124.25
123.25
123.25
122.0
122.0
122.75
122.75
122.75
122.75
123.5
123.5
123.5
123.5
124.0
124.0
123.0
123.0
123.25
123.25
120.75
120.75
120.5
120.5
120.75
120.75
118.75
118.75
121.0
121.0
122.75
123.25
123.25
123.0
123.0
122.0
122.0
121.0
121.0
120.5
120.5
120.5
119.25
119.25
118.0
118.0
117.0
117.0
116.5
116.5
118.0
118.0
117.0
117.0
117.0
117.0
116.0
116.0
115.0
115.0
115.25
115.25
117.25
117.25
118.75
118.75
118.0
118.0
117.5
117.5
117.5
117.5
117.5
117.5
118.75
118.75
121.5
121.5
123.5
123.5
121.5
121.5
125.75
125.75
124.0
124.0
126.75
126.75
125.75
125.75
126.25
126.25
126.25
126.0
126.0
126.75
126.75
126.75
126.75
126.75
126.75
126.75
126.75
127.25
127.25
127.5
127.5
128.0
128.25
128.25
129.0
129.0
129.5
129.5
130.25
130.25
130.75
130.75
130.5
130.5
130.0
128.0
128.0
129.0
129.0
127.25
127.25
125.75
125.75
125.25
125.25
125.25
125.25
125.0
125.0
125.0
125.0
125.25
125.25
126.25
127.0
127.0
127.0
127.0
127.75
127.75
127.75
127.75
128.75
128.75
127.5
127.5
127.0
127.0
126.25
126.25
125.5
126.0
126.0
125.25
125.25
126.25
126.25
126.25
126.25
126.75
126.75
127.0
127.0
127.5
127.5
127.0
127.0
128.5
128.75
128.75
129.75
129.75
130.25
130.25
131.0
131.0
130.25
130.25
129.0
128.0
128.0
127.25
127.25
126.5
126.5
125.25
125.25
125.0
125.0
124.0
124.0
125.0
125.0
124.5
124.5
124.5
124.5
125.0
125.0
126.75
127.5
127.5
127.5
127.5
127.25
127.25
126.75
126.75
125.5
125.5
123.0
123.0
120.75
120.75
120.75
120.75
120.75
120.75
121.0
121.0
121.0
120.75
117.5
117.5
120.25
120.25
123.0
123.0
123.75
123.75
124.0
124.0
125.0
125.0
126.0
126.0
127.25
127.25
129.5
129.5
129.25
130.75
130.75
132.75
132.75
132.5
132.5
133.5
132.75
132.75
130.25
130.25
128.5
128.5
126.75
126.75
124.5
124.5
121.75
121.75
120.75
120.75
120.25
120.25
120.5
120.5
122.25
122.25
124.0
124.0
125.75
125.75
124.0
124.0
123.0
123.0
124.25
124.25
124.0
124.0
124.75
124.75
125.5
125.0
125.0
125.25
125.25
125.0
125.0
124.0
124.0
124.0
124.0
124.75
124.75
125.0
125.0
125.5
125.5
125.5
125.5
125.75
125.75
125.25
125.25
123.5
124.75
124.75
125.5
125.5
126.5
126.5
127.25
127.25
127.0
127.0
125.75
125.75
125.75
125.75
123.5
123.5
122.75
122.75
122.0
122.0
123.0
123.0
124.25
124.25
125.75
125.5
125.5
125.0
125.0
124.5
124.5
123.0
123.0
120.25
120.25
119.0
119.0
120.0
120.0
120.5
120.5
122.5
122.5
123.5
123.5
123.75
123.75
124.5
124.5
125.25
125.25
124.75
124.75
124.5
124.5
124.75
124.75
124.75
124.75
125.5
125.0
125.0
124.75
124.75
125.25
125.25
125.5
125.5
126.25
126.25
127.25
127.25
126.75
126.75
127.5
127.5
128.25
128.25
128.5
128.0
128.0
128.5
128.5
128.75
128.75
125.75
125.75
124.5
124.5
124.25
124.25
125.75
125.75
127.0
127.0
127.25
128.5
128.5
128.75
128.75
128.75
128.75
129.25
129.25
129.25
129.25
128.5
128.5
128.0
128.0
129.0
129.5
129.5
130.75
130.75
130.5
130.5
131.5
131.5
132.0
132.25
132.25
133.5
133.5
132.5
132.5
133.5
133.5
133.5
133.5
133.5
133.25
133.25
134.0
134.0
132.0
132.0
132.25
132.0
132.0
132.0
132.0
131.75
131.75
130.25
130.25
130.75
130.75
130.75
131.25
131.25
131.0
131.0
131.5
131.5
131.5
131.5
132.5
132.5
132.5
133.25
133.25
133.25
133.25
133.5
133.5
133.5
133.5
132.0
133.0
133.0
132.75
132.75
133.0
133.0
133.75
133.5
133.5
133.75
133.75
134.0
134.0
134.0
134.0
134.0
134.0
133.75
133.75
133.75
133.0
133.0
131.75
131.75
131.5
131.5
130.25
130.25
130.25
130.25
130.25
130.5
130.5
130.5
130.5
130.75
130.75
130.25
130.25
130.5
131.0
131.0
131.25
131.25
131.25
131.25
131.25
131.25
131.25
130.75
130.75
130.25
130.25
129.5
129.5
129.25
129.25
130.0
130.0
129.5
129.5
127.25
127.25
127.25
128.5
128.5
129.0
129.0
129.0
129.0
130.0
130.0
130.0
130.5
130.5
130.5
130.5
131.5
131.5
132.0
132.0
132.0
132.0
132.75
133.25
133.25
133.75
133.75
132.0
132.0
132.75
132.75
132.75
132.75
132.75
133.25
133.25
133.5
133.5
132.75
132.75
133.5
131.0
131.0
128.25
128.25
125.75
125.75
125.25
125.25
124.0
124.0
124.75
124.75
125.25
125.25
126.75
126.75
127.25
127.25
127.25
128.5
128.5
129.75
129.75
130.0
130.0
131.0
131.0
131.5
131.5
131.5
132.0
132.0
132.0
132.0
132.25
132.25
132.25
132.25
132.75
132.5
132.5
133.0
133.0
133.0
133.0
132.75
132.75
133.0
133.25
133.25
132.75
132.75
132.5
132.5
132.0
132.0
132.5
132.25
132.25
131.5
131.5
130.75
130.75
131.0
131.0
131.5
131.5
131.25
132.0
132.0
132.25
132.25
132.25
132.25
132.75
132.75
132.75
132.75
132.75
132.75
132.75
132.75
132.75
132.75
132.75
133.0
133.5
133.5
133.5
134.25
134.25
134.25
134.25
134.0
134.0
135.0
135.75
135.75
136.75
136.75
136.75
136.75
137.5
138.0
138.0
137.5
137.5
138.5
139.5
139.5
138.5
138.5
139.75
139.75
141.25
140.75
140.75
141.0
141.0
142.75
142.75
142.75
143.25
143.25
143.75
143.25
143.25
141.75
141.75
141.25
141.25
142.0
138.5
138.5
139.5
139.5
138.5
137.25
137.25
137.25
137.25
137.25
137.25
135.75
135.75
135.5
135.0
135.0
134.5
134.5
135.75
135.75
135.0
135.0
135.25
135.75
135.75
136.75
136.75
136.0
137.0
137.0
137.5
137.5
137.25
137.25
137.5
138.0
138.0
137.0
137.0
136.25
136.25
137.25
135.75
135.75
135.0
135.0
135.75
135.75
134.5
134.5
134.75
135.25
135.25
135.0
135.0
134.25
134.25
134.0
134.0
134.0
133.0
133.0
133.75
133.75
133.0
133.0
133.0
133.0
134.0
134.0
133.75
133.75
133.5
134.25
134.25
134.5
134.5
135.25
135.25
136.5
136.5
137.0
137.25
137.25
137.5
137.5
137.25
137.25
138.75
139.5
139.5
140.75
140.75
141.5
142.0
142.0
141.25
141.25
144.0
144.25
144.25
143.5
143.5
144.0
144.0
144.5
144.75
144.75
145.0
144.75
144.75
144.5
144.5
145.75
146.0
146.0
143.25
143.25
143.25
145.0
145.0
144.75
144.75
146.5
147.5
148.25
148.25
149.0
149.0
149.5
149.75
149.75
150.0
150.0
149.75
149.5
149.5
149.75
149.75
150.0
150.0
150.0
148.75
148.5
148.5
149.0
149.0
150.0
149.25
149.25
150.25
150.75
150.75
150.25
150.25
150.25
151.0
151.0
150.0
150.5
150.5
151.0
151.0
151.0
150.75
150.75
150.75
151.0
151.0
150.25
150.25
150.0
149.75
149.75
149.75
149.75
149.75
150.0
150.0
150.0
149.5
149.5
149.25
149.75
149.75
150.0
150.0
149.75
149.25
149.25
149.5
147.25
147.25
146.25
146.25
147.0
147.0
147.0
146.75
146.75
147.0
147.25
147.25
147.5
147.5
147.5
146.75
146.75
147.0
148.0
148.0
148.0
148.0
148.25
148.0
148.0
147.5
146.75
146.75
147.75
147.75
146.5
145.25
145.25
145.25
145.25
145.25
145.5
145.5
145.5
146.25
145.75
145.75
145.0
145.0
144.0
143.25
143.25
142.0
140.0
140.0
140.0
138.5
138.5
136.75
136.75
135.0
135.0
135.75
133.5
133.5
135.75
135.75
133.5
133.5
133.25
130.25
130.25
128.5
128.5
130.5
130.5
132.0
133.0
133.0
135.5
135.5
135.75
135.75
136.5
136.5
137.5
138.0
138.0
139.25
139.25
141.25
141.5
141.5
141.25
141.25
139.25
141.75
141.75
141.25
141.25
141.5
142.25
142.25
142.5
142.5
142.5
142.5
142.5
143.25
143.25
143.0
144.25
144.25
145.5
145.5
144.5
144.75
144.75
144.5
144.5
145.5
145.5
144.25
144.25
145.5
146.75
146.75
146.75
146.75
146.5
147.0
147.0
147.5
147.5
147.5
147.75
147.75
148.5
148.75
148.75
148.75
148.75
148.75
149.25
149.25
149.0
147.5
147.5
145.0
145.0
143.5
143.25
143.25
142.75
142.75
142.25
141.0
141.0
143.0
143.0
143.75
143.5
143.5
145.25
145.25
146.25
143.5
143.5
143.5
144.75
144.75
144.75
142.0
142.0
142.0
147.5
147.75
147.75
148.25
148.25
148.25
147.0
147.0
144.5
143.25
143.25
143.25
143.75
143.75
143.75
143.75
143.75
143.75
144.0
143.75
143.75
130.75
130.75
126.75
126.75
113.5
113.5
113.5
113.25
113.25
112.0
112.0
111.0
111.0
108.25
108.25
106.5
106.5
97.25
97.25
97.5
97.5
97.5
97.5
97.5
97.5
97.5
97.5
97.5
97.5
97.35
97.2
97.05
96.9
96.75
96.75
96.75
96.75
97.25
97.25
98.75
98.75
103.0
103.0
108.25
108.25
110.0
110.0
112.0
112.0
117.25
117.25
117.75
117.75
125.0
125.0
127.25
127.25
127.5
127.5
126.75
129.75
129.75
132.25
132.25
133.5
133.5
134.75
134.75
135.25
136.25
136.25
138.75
138.75
140.5
138.0
138.0
130.0
128.25
128.25
128.25
128.25
128.25
128.25
128.25
128.25
128.25
123.5
123.5
124.75
124.75
127.75
127.75
131.5
133.75
133.75
134.25
134.25
133.0
133.0
133.5
133.5
133.5
133.5
132.5
133.25
133.25
132.75
132.75
132.75
132.75
132.0
132.0
132.0
132.0
133.25
133.25
130.25
130.25
129.5
129.5
128.0
128.0
124.75
124.75
126.25
126.25
126.25
126.25
126.25
126.25
126.75
126.75
125.75
126.25
126.25
126.5
126.5
126.25
126.25
127.25
126.5
126.5
124.0
124.0
123.5
123.5
121.0
121.0
118.75
118.75
114.25
114.25
94.0
94.0
94.0
95.25
95.25
95.75
95.75
95.75
95.5
95.5
95.5
95.5
95.5
95.5
95.25
95.25
95.25
95.25
95.5
95.5
95.5
100.4
105.3
110.2
115.1
120.0
120.0
122.25
122.25
122.75
122.75
123.25
123.25
124.75
126.0
126.0
127.5
127.5
127.5
127.5
127.5
127.5
127.5
131.25
134.0
134.0
135.0
135.0
135.75
135.75
136.75
137.0
137.0
137.5
137.5
138.5
139.5
139.5
140.5
140.5
140.5
140.5
141.25
142.0
142.0
142.75
142.75
143.25
142.0
142.0
142.0
142.0
140.75
140.75
140.75
140.25
140.25
140.0
140.0
139.5
142.5
142.5
141.25
141.25
140.75
142.25
142.25
142.75
142.75
142.0
142.0
142.0
142.0
142.0
141.5
141.5
140.5
138.25
138.25
137.25
137.25
137.5
137.5
137.5
137.5
137.5
137.5
137.5
137.25
137.25
137.25
138.5
138.5
139.25
139.25
140.25
140.5
140.5
140.0
140.0
140.75
140.75
138.5
135.5
135.5
136.5
136.5
135.75
135.75
134.25
134.25
134.5
134.25
134.25
136.25
136.25
136.25
136.5
136.5
136.5
134.5
134.5
134.5
134.5
134.5
134.5
134.5
134.5
134.5
134.5
123.25
123.25
129.75
129.75
132.0
132.0
132.0
133.0
133.0
134.75
134.75
135.5
136.75
136.75
138.25
138.25
140.25
140.75
140.75
140.5
140.5
142.0
142.25
142.25
142.75
142.75
143.0
143.5
143.5
143.75
143.75
144.75
144.0
144.0
143.25
143.25
143.25
143.25
143.5
143.0
143.0
142.75
142.75
143.5
144.5
144.5
144.0
145.0
145.0
145.25
145.25
146.0
146.75
146.75
146.0
146.25
146.25
145.5
145.5
145.0
145.5
145.5
144.5
144.5
142.75
142.75
142.75
142.0
142.5
142.5
142.5
143.25
143.25
143.25
143.25
143.25
143.25
144.0
144.0
145.75
145.75
145.5
146.5
146.5
146.5
147.0
147.0
146.75
146.75
146.5
147.75
147.75
145.25
145.25
145.25
146.0
146.0
146.5
145.75
145.75
145.75
145.75
145.75
145.0
145.0
145.0
145.5
145.5
145.0
144.0
144.0
144.0
144.0
143.25
143.25
143.25
143.25
142.75
142.75
142.5
142.5
142.25
142.25
142.5
142.5
142.5
142.0
142.0
142.0
142.5
142.5
142.0
142.0
142.0
142.0
142.25
142.0
142.0
142.0
142.0
142.0
140.75
140.75
140.0
140.0
139.5
139.5
139.5
139.5
139.5
138.0
138.75
138.75
137.5
137.5
138.5
138.5
139.25
139.25
139.5
140.5
140.5
140.75
140.75
141.25
141.75
141.75
141.75
142.75
142.75
144.25
142.5
142.5
142.0
142.0
142.5
142.25
142.25
141.75
141.75
142.0
141.75
141.75
141.25
141.25
141.75
141.75
142.0
140.75
140.75
141.75
141.75
139.5
137.0
137.0
134.25
134.25
129.75
129.75
127.5
127.5
127.25
127.25
127.25
127.25
126.5
126.5
126.75
126.75
127.25
131.5
131.5
132.75
132.75
132.5
132.5
132.75
132.25
132.25
129.5
129.5
125.75
125.75
125.75
114.5
114.5
114.5
111.75
111.75
115.0
115.0
117.0
117.0
117.75
117.75
118.25
118.25
119.25
119.25
119.75
119.75
120.5
120.5
121.75
121.75
124.25
124.25
123.5
123.5
121.75
121.75
121.75
121.75
121.75
121.75
121.75
122.0
109.5
109.5
109.5
109.5
109.5
109.5
109.5
109.5
109.5
109.5
110.8
112.1
113.4
114.7
116.0
116.0
116.0
115.0
115.0
114.75
114.75
115.0
115.0
114.75
114.75
114.75
114.3076923076923
113.86538461538461
113.42307692307692
112.98076923076923
112.53846153846153
112.09615384615384
111.65384615384616
111.21153846153847
110.76923076923077
110.32692307692308
109.88461538461539
109.4423076923077
109.0
108.5576923076923
108.11538461538461
107.67307692307692
107.23076923076923
106.78846153846153
106.34615384615384
105.90384615384616
105.46153846153847
105.01923076923077
104.57692307692308
104.13461538461539
103.6923076923077
103.25
103.25
104.5
104.5
104.5
104.5
108.0
108.0
109.0
109.0
109.0
109.0
108.75
108.75
108.75
108.75
108.75
108.75
108.75
108.75
110.17857142857143
111.60714285714286
113.03571428571429
114.46428571428571
115.89285714285714
117.32142857142857
118.75
118.75
118.75
118.25
118.25
117.5
117.5
117.75
117.75
118.0
118.0
118.5
118.5
121.0
126.75
126.75
131.25
131.25
133.5
133.5
132.0
132.0
134.25
133.5
133.5
136.0
136.0
135.0
135.0
136.75
135.75
135.75
137.25
137.25
136.75
136.75
136.75
136.75
136.75
137.5
137.5
137.25
137.25
137.5
139.75
139.75
138.5
138.5
138.5
138.5
138.5
138.25
138.25
138.5
138.5
138.75
136.75
136.75
136.25
136.25
134.0
134.0
131.75
131.75
131.0
131.0
130.25
128.75
128.75
127.25
127.25
127.5
127.5
127.75
127.75
128.5
128.5
128.5
128.5
128.0
128.0
128.0
128.0
125.0
125.0
125.25
125.25
125.25
125.25
122.5
122.5
122.25
122.25
122.0
122.0
121.0
121.0
121.0
121.0
121.25
121.25
120.25
123.0
123.0
123.25
123.25
122.0
122.0
122.25
122.25
123.25
123.25
124.25
124.25
124.75
124.75
125.75
125.75
125.75
125.75
126.5
127.0
127.0
125.75
125.75
124.0
124.0
120.75
120.75
119.5
119.5
118.0
118.0
119.0
119.0
121.5
121.5
122.75
122.75
124.0
124.0
123.5
123.5
122.75
122.75
122.25
122.25
121.25
121.25
121.75
121.75
123.0
123.0
122.0
122.0
122.5
122.5
122.0
122.0
123.0
123.0
125.0
125.0
125.75
127.0
127.0
125.25
125.25
125.75
125.75
124.75
124.75
125.75
125.75
127.5
127.5
127.5
127.5
126.5
126.5
125.5
125.5
125.25
124.25
124.25
124.25
124.25
124.5
124.5
124.75
124.75
124.75
124.75
124.75
124.75
126.0
126.0
126.25
126.25
126.25
126.25
126.25
126.25
126.75
126.75
127.0
126.5
126.5
127.25
127.25
128.5
128.5
130.75
130.75
130.75
130.75
131.5
129.0
129.0
130.0
130.0
129.0
129.0
127.5
127.5
128.0
128.0
128.5
128.5
130.0
131.25
131.25
133.25
133.25
132.25
132.25
131.25
131.25
131.25
131.25
129.5
129.5
129.5
129.5
129.5
131.5
131.5
132.0
132.0
132.75
132.75
131.75
131.25
131.25
130.75
130.75
131.5
131.5
131.5
131.5
132.5
132.5
132.5
132.25
132.25
133.25
133.25
131.75
131.75
132.75
132.75
132.0
134.0
134.0
133.0
133.0
135.75
135.75
135.0
137.5
137.5
136.25
136.25
136.5
136.5
136.5
135.0
135.0
134.25
134.25
134.5
134.5
135.25
135.5
135.5
134.5
134.5
134.0
134.0
133.75
133.75
134.25
135.0
135.0
134.5
134.5
135.0
135.0
135.75
135.75
135.25
135.5
135.5
135.0
135.0
134.25
134.25
132.0
132.0
131.75
133.25
133.25
133.25
133.25
134.25
134.25
133.0
133.0
132.0
131.25
131.25
131.0
131.0
131.75
131.75
130.75
130.75
132.75
132.75
131.75
134.25
134.25
133.0
133.0
134.25
134.25
133.75
135.75
135.75
134.75
134.75
136.0
136.0
135.25
135.25
136.5
135.0
135.0
134.0
134.0
133.5
133.5
134.0
134.0
134.0
134.25
134.25
132.75
132.75
132.75
132.75
131.25
131.25
131.25
131.0
131.0
133.0
133.0
132.25
132.25
134.0
134.0
132.75
132.75
132.75
132.25
132.25
132.25
132.25
130.75
130.75
130.25
130.25
130.5
130.25
130.25
131.5
131.5
126.75
126.75
128.0
128.0
126.25
126.25
129.25
129.25
128.25
130.5
130.5
128.0
128.0
128.25
128.25
123.5
123.5
123.0
123.0
126.25
126.25
125.75
125.75
126.25
126.25
124.75
124.75
126.75
126.75
125.0
125.0
125.0
125.0
122.25
122.25
125.0
125.0
121.25
122.75
122.75
125.0
125.0
122.25
122.25
119.25
119.25
120.75
120.75
121.5
121.5
122.0
122.0
121.75
121.75
124.25
124.25
122.75
122.75
122.5
122.5
121.75
121.75
120.75
120.75
121.75
121.75
119.25
119.25
119.25
119.25
118.75
118.75
117.75
117.75
117.75
117.75
117.75
117.75
117.75
117.75
118.5
118.5
117.75
117.75
117.5
117.5
117.5
116.75
116.75
118.75
118.75
119.75
119.75
118.75
118.75
121.0
123.0
123.0
121.0
121.0
123.5
123.5
124.0
124.0
122.25
122.25
124.25
124.25
120.0
120.0
120.0
120.0
121.0
121.0
122.75
122.75
123.0
123.0
124.25
124.25
122.25
122.25
121.5
121.5
122.75
122.75
122.0
122.0
122.25
122.25
120.25
120.25
122.25
122.25
120.75
120.75
122.25
122.25
121.0
121.0
123.0
123.0
121.25
121.25
123.0
123.0
119.5
119.5
118.0
118.0
116.5
116.5
118.75
118.75
117.75
117.75
118.5
118.5
122.25
122.25
121.0
121.0
123.75
123.75
122.75
125.75
125.75
120.25
120.25
120.25
118.5
118.5
117.5
117.5
115.0
115.0
113.0
113.0
114.0
114.0
114.0
114.0
113.75
113.75
114.0
114.0
115.5
115.5
118.0
118.0
117.0
117.0
116.5
116.5
116.5
116.0
116.0
116.0
116.0
114.75
114.75
112.75
112.75
109.75
109.75
109.25
109.25
110.5
110.5
110.5
109.75
109.75
110.5
110.5
112.0
112.0
113.5
113.5
115.25
115.25
116.5
116.5
116.75
116.75
116.5
116.5
115.75
115.75
115.75
115.75
117.75
117.75
116.0
116.0
116.0
116.25
116.25
115.0
115.0
114.75
114.75
115.25
115.25
114.75
114.75
115.0
115.0
115.0
115.0
115.5
115.5
115.25
115.25
115.5
115.5
115.5
115.5
115.75
115.75
117.5
117.5
118.75
118.75
118.0
118.0
118.0
118.0
118.0
118.0
118.0
118.0
118.0
116.5
116.5
117.25
117.25
118.5
118.5
117.75
117.75
118.75
118.75
119.0
119.0
120.5
120.5
120.75
120.75
121.0
121.0
121.0
121.0
121.0
121.0
119.75
119.75
118.5
118.5
117.5
117.5
116.0
116.0
116.0
116.0
116.5
116.5
116.75
116.75
117.25
117.25
116.5
116.5
115.75
115.75
116.75
116.75
117.5
117.5
118.75
118.75
120.0
120.0
121.0
121.0
121.0
121.0
123.0
123.0
122.75
122.75
122.75
122.75
122.0
122.0
124.75
124.75
124.0
124.0
125.25
125.25
124.5
124.5
122.75
122.75
121.5
121.5
121.0
121.0
120.0
120.0
120.0
122.75
122.75
122.75
120.25
123.25
123.25
124.25
124.25
125.75
125.75
126.25
126.25
125.5
125.5
126.0
126.0
125.75
125.75
125.75
115.75
115.75
114.5
114.5
114.5
115.0
115.0
116.0
116.0
116.5
116.5
118.5
118.5
120.75
121.0
121.0
123.25
123.25
125.75
125.75
128.75
128.75
128.5
128.5
128.0
128.0
129.5
129.5
130.0
130.0
130.0
131.0
131.0
132.5
132.5
133.75
133.75
133.75
134.25
134.25
135.0
135.0
134.75
134.75
135.0
135.0
135.0
135.0
135.0
135.25
135.25
135.25
135.75
135.75
136.75
136.75
136.75
136.75
136.75
137.25
137.25
137.75
137.75
137.5
137.5
138.0
138.0
138.0
137.75
137.75
137.5
137.5
137.75
136.5
136.5
135.0
135.0
133.75
133.75
133.25
133.25
132.25
133.5
133.5
133.5
133.5
133.5
133.5
133.75
133.75
134.5
135.0
135.0
134.75
134.75
135.0
135.0
134.25
134.25
132.25
132.75
132.75
133.5
133.5
133.75
133.75
134.25
134.25
134.25
134.0
134.0
133.5
133.5
134.0
134.0
135.0
135.0
134.75
135.5
135.5
135.75
135.75
135.75
135.75
135.25
135.25
135.25
134.75
134.75
134.25
134.25
134.25
134.25
134.25
134.25
135.0
135.0
135.0
135.5
135.5
135.75
135.75
135.75
135.75
136.25
136.25
136.75
137.5
137.5
137.5
137.5
137.5
137.5
137.25
137.5
137.5
138.0
138.0
137.5
137.5
137.5
137.5
137.5
137.75
137.75
136.75
137.0
137.0
136.75
136.75
136.0
136.0
136.0
136.75
136.75
135.75
135.75
135.25
135.25
135.75
135.0
135.0
133.5
133.5
133.0
133.0
132.75
132.75
133.25
133.5
133.5
133.5
133.5
134.25
134.25
135.0
135.0
135.0
135.0
135.5
135.75
135.75
136.75
136.75
136.75
136.75
137.5
137.75
137.75
136.5
136.5
137.5
137.5
139.0
139.5
139.5
140.0
140.0
140.25
140.5
140.5
140.75
140.75
140.25
140.25
140.25
140.0
140.0
139.75
139.75
139.5
139.75
139.75
139.75
139.75
139.75
139.75
140.0
140.25
140.25
140.5
140.5
140.75
140.75
140.75
141.5
141.5
141.5
142.0
142.0
142.0
142.0
142.0
142.0
142.0
142.25
143.25
143.25
143.75
143.75
144.75
146.0
146.0
144.75
144.75
144.0
140.75
140.75
140.75
140.0
139.75
139.75
139.75
139.75
139.75
139.75
139.75
139.75
139.75
133.79166666666666
127.83333333333333
121.875
115.91666666666667
109.95833333333333
104.0
104.0
104.0
104.0
103.25
103.25
102.5
102.5
102.5
103.0
103.0
104.25
104.25
105.5
105.5
107.0
107.0
107.0
107.0
109.25
109.25
109.25
111.25
111.25
110.25
110.25
112.5
112.5
114.5
114.5
117.75
117.75
125.0
127.25
127.25
126.75
126.75
129.0
129.0
130.75
130.75
133.0
133.0
134.75
135.25
135.25
135.75
135.75
135.75
136.75
136.75
137.5
137.5
138.0
138.0
138.75
138.5
138.5
138.5
138.5
138.25
138.25
138.0
137.75
137.75
138.5
138.5
139.75
139.75
138.5
137.5
137.5
137.0
137.0
137.0
137.0
136.5
136.25
136.25
135.75
135.75
135.0
135.0
134.75
134.75
134.25
133.0
133.0
133.5
133.5
133.5
133.5
133.0
133.0
132.75
133.75
133.75
134.25
134.25
134.25
134.25
134.5
135.0
135.0
135.25
135.25
134.75
134.75
133.5
133.5
132.75
132.0
132.0
131.5
131.5
130.75
130.75
130.75
130.75
130.25
130.25
127.5
127.5
128.0
128.0
127.25
127.25
127.25
128.5
128.5
129.0
129.0
129.25
129.25
129.75
129.75
129.5
129.5
128.5
128.25
128.25
128.5
128.5
129.75
129.75
130.25
130.25
130.5
130.5
131.25
131.75
131.75
132.0
132.0
132.25
132.25
131.25
131.25
130.75
130.75
130.75
130.75
130.75
130.75
130.75
130.75
130.75
131.5
132.0
132.0
132.75
132.75
133.25
133.25
133.5
133.5
133.0
133.0
133.0
132.0
132.0
131.75
131.75
131.5
131.5
131.5
131.5
132.25
132.25
132.0
132.5
132.5
132.75
132.75
133.0
133.0
132.75
132.5
132.5
132.5
130.75
128.5
128.5
127.5
127.5
126.75
126.75
125.0
125.0
125.25
125.25
125.25
125.25
125.25
125.25
127.0
127.0
128.25
128.25
127.25
126.75
126.75
126.5
126.5
126.25
126.25
125.5
125.5
124.75
124.75
124.0
124.0
123.75
123.75
123.0
123.0
123.75
123.75
125.75
125.75
126.75
128.0
128.0
130.25
130.25
129.5
129.5
128.75
128.75
128.25
128.25
127.75
127.75
126.5
125.5
125.5
125.5
125.0
124.25
124.25
124.5
124.5
125.75
125.75
126.5
126.5
127.0
127.0
126.75
126.75
127.25
127.25
128.0
128.0
129.0
129.0
128.0
127.5
127.5
127.25
127.25
127.5
127.5
127.75
127.75
127.5
127.5
128.0
128.0
128.25
128.0
128.0
128.75
128.75
129.0
129.0
129.5
129.5
129.0
129.0
129.0
129.0
129.0
129.75
129.75
130.75
130.75
130.75
130.75
131.25
131.25
131.5
131.5
130.5
130.5
130.5
131.0
131.0
131.0
131.0
130.25
130.25
129.5
129.5
129.75
130.5
130.5
131.0
131.0
131.25
131.25
132.5
132.5
132.75
134.25
134.25
134.25
134.25
134.25
134.25
135.0
135.0
135.0
135.5
135.5
136.0
136.0
137.5
138.5
138.5
138.0
138.0
138.25
138.5
138.5
138.25
138.25
137.75
137.75
137.5
137.75
137.75
137.75
137.75
138.0
138.0
138.5
139.0
139.0
139.25
139.25
139.25
139.5
139.5
139.75
139.75
139.75
139.75
139.5
139.5
139.75
140.25
140.25
140.0
140.0
139.5
138.75
138.75
138.5
138.5
139.25
139.25
138.75
138.5
138.5
138.5
138.5
138.5
138.5
138.5
139.5
139.5
139.0
139.25
139.25
139.5
139.5
139.5
139.5
139.75
140.0
140.0
140.25
140.25
140.0
140.0
140.0
140.0
140.0
139.75
139.75
139.5
139.5
139.5
139.75
139.75
140.25
140.5
140.5
140.25
140.25
140.25
140.25
140.25
140.5
140.5
140.5
140.5
140.75
140.75
140.75
141.25
141.25
141.0
140.5
140.5
140.0
140.0
140.5
140.5
139.75
139.75
139.75
139.5
139.5
138.75
138.75
138.25
138.25
138.25
137.75
137.75
138.25
138.5
138.5
137.75
137.75
138.25
138.25
138.5
138.5
138.5
138.5
138.5
137.75
138.5
138.5
138.5
138.5
138.75
138.75
138.75
139.25
139.25
140.0
140.0
139.75
140.5
140.5
139.75
139.75
140.25
140.25
140.25
140.0
140.0
140.75
140.75
140.75
141.0
141.0
140.75
140.75
142.0
142.0
141.5
141.5
141.5
142.0
142.0
141.5
142.25
142.25
142.0
142.0
142.25
142.25
142.25
142.0
142.0
141.25
141.5
141.5
140.75
140.75
141.75
141.75
141.5
141.0
141.0
141.75
141.75
142.25
142.25
142.25
142.75
142.75
143.0
141.0
141.0
140.75
140.75
141.75
141.75
141.75
141.75
141.75
142.0
142.0
140.75
138.75
138.75
139.0
139.0
138.25
137.75
137.75
138.0
138.0
137.5
137.5
137.75
137.5
137.5
137.5
137.5
138.0
138.0
137.75
138.25
138.25
138.5
138.5
138.5
138.5
138.5
138.25
138.25
138.5
138.5
138.75
138.5
138.5
138.5
138.5
138.5
138.5
138.75
138.25
138.25
138.25
138.25
138.5
138.5
138.5
138.25
138.25
138.25
138.25
138.25
138.25
138.0
137.25
137.25
137.25
137.25
137.25
137.25
137.0
137.0
137.0
136.75
136.75
136.75
136.75
136.75
137.25
137.25
136.75
136.75
137.5
137.5
137.5
138.5
138.5
138.5
138.5
138.5
138.25
138.25
137.5
137.5
137.25
137.25
137.5
137.0
137.0
136.75
136.75
136.75
136.75
137.0
137.25
137.25
137.5
137.5
137.5
137.5
137.75
137.75
137.75
137.5
137.5
137.5
137.5
137.5
137.5
137.5
137.5
137.5
137.5
137.5
137.25
137.5
137.5
137.5
137.5
138.0
138.0
137.75
138.5
138.5
138.25
138.25
138.5
138.25
138.25
138.5
138.5
139.25
139.25
138.75
138.5
138.5
137.0
137.0
133.75
133.75
130.25
130.25
125.0
125.0
121.5
120.75
120.75
120.75
118.75
118.75
117.0
117.0
118.75
118.75
120.25
120.25
121.0
121.0
121.0
121.0
121.75
121.75
123.5
123.5
124.25
124.25
124.5
124.5
124.25
124.25
121.5
121.5
120.0
120.75
120.75
120.75
120.75
120.75
121.0
120.75
120.75
120.75
118.0
118.0
115.75
115.75
115.5
115.5
114.5
114.5
114.0
114.0
113.5
113.5
113.5
113.5
114.5
114.5
115.0
115.0
114.0
114.0
113.25
113.25
112.25
112.25
112.25
112.25
112.0
112.0
112.0
111.25
111.25
111.0
111.0
112.25
112.25
112.5
112.5
113.0
113.0
112.25
112.25
111.5
111.5
110.0
110.0
107.75
107.75
106.5
106.5
106.5
105.25
105.25
106.0
106.0
106.25
106.25
106.5
106.5
106.5
108.75
108.75
110.75
110.75
112.25
112.25
114.5
114.5
113.5
113.5
112.25
112.25
110.0
110.0
110.0
109.75
109.75
110.0
110.0
111.5
111.5
111.75
111.75
112.25
112.25
111.25
111.25
113.5
113.5
113.5
115.25
115.25
115.75
115.75
117.5
117.5
117.5
117.5
116.5
116.5
115.5
115.5
114.0
114.0
114.0
108.0
108.0
107.25
107.25
107.75
107.75
109.25
109.25
111.75
111.75
109.25
109.25
108.75
108.75
108.75
108.0
108.0
107.5
107.5
107.0
107.0
107.5
107.5
107.5
110.0
110.0
113.25
113.25
114.25
114.25
112.5
112.5
112.5
111.5
111.5
114.0
114.75
114.75
115.5
115.5
115.5
115.5
115.0
115.0
115.0
106.0
106.0
106.0
106.0
106.0
106.5
106.5
108.0
108.0
108.25
108.25
110.0
110.0
109.0
109.0
109.5
109.5
109.25
109.25
109.25
106.25
106.25
101.0
101.0
97.75
97.75
97.75
96.75
96.75
97.0
97.0
96.75
96.75
96.75
96.75
96.75
97.0
97.0
97.25
97.25
97.25
103.0
103.0
105.5
105.5
107.0
107.0
107.0
108.0
108.0
108.0
108.0
108.0
108.0
110.5
110.5
112.25
112.25
112.5
112.5
112.5
112.5
113.25
113.25
111.75
111.75
109.5
109.5
106.75
106.75
108.75
108.75
109.25
109.25
109.25
110.75
110.75
112.25
112.25
112.25
112.25
114.0
114.0
114.0
116.0
116.0
114.75
114.75
113.5
113.5
113.5
113.5
113.5
113.5
113.5
113.25
113.5
113.5
114.625
115.75
116.875
118.0
119.125
120.25
120.25
124.0
124.0
127.25
127.25
128.5
130.75
130.75
132.5
132.5
132.5
132.5
131.5
131.5
132.5
133.25
133.25
133.75
133.75
134.5
134.25
134.25
134.75
134.75
134.75
134.75
134.0
134.0
133.5
133.5
134.25
134.5
134.5
135.0
135.0
135.0
135.5
135.5
135.75
135.75
135.75
135.75
134.75
134.75
135.0
135.0
133.5
133.75
133.75
133.5
133.5
132.75
132.75
132.75
132.75
131.75
132.25
132.25
132.75
132.75
134.0
134.0
133.5
133.25
133.25
133.75
133.75
134.75
134.75
135.5
136.25
136.25
136.75
136.75
137.25
137.25
136.75
137.5
137.5
135.5
135.5
135.75
135.75
135.5
135.5
134.5
134.25
134.25
132.5
132.5
131.5
131.5
132.25
132.25
133.25
133.25
134.25
135.0
135.0
135.75
135.75
136.0
136.75
136.75
137.25
137.25
137.5
137.5
138.25
138.5
138.5
138.75
138.75
138.5
139.25
139.25
139.5
139.5
139.25
139.25
140.75
138.5
138.5
138.75
138.75
139.5
138.5
138.5
138.25
138.25
138.5
138.5
138.5
138.0
138.0
138.5
138.5
137.5
137.5
139.25
137.0
137.0
138.75
138.75
139.0
139.0
139.0
139.25
139.25
138.25
138.25
138.5
138.25
138.25
138.5
138.5
138.5
138.5
138.5
138.5
138.5
137.5
137.5
135.75
135.75
134.25
134.25
134.5
135.5
135.5
135.5
135.5
134.25
134.25
130.75
130.75
130.25
130.25
129.75
130.25
130.25
130.75
130.75
131.75
131.75
132.5
132.5
133.0
134.25
134.25
134.5
134.5
135.0
135.0
135.5
136.25
136.25
136.25
136.25
136.75
137.25
137.25
137.75
137.75
138.5
138.5
138.5
138.5
138.5
138.75
138.75
139.25
139.5
139.5
139.25
139.25
139.5
139.5
139.5
139.5
139.5
139.5
139.5
139.25
139.25
138.5
138.5
138.5
138.25
138.25
138.25
138.25
137.75
137.75
137.75
137.5
137.5
137.5
137.75
137.75
137.5
137.5
138.0
138.0
138.25
138.5
138.5
138.75
138.75
138.25
138.25
138.5
138.5
138.0
137.5
137.5
137.0
137.0
136.25
136.25
136.25
136.5
136.5
136.25
136.25
136.5
136.5
136.75
137.0
137.0
137.0
137.0
137.5
137.5
137.0
137.5
137.5
137.5
137.5
137.5
137.5
137.25
137.5
137.5
138.25
138.25
139.0
138.5
138.5
138.5
138.5
137.75
137.75
137.25
136.5
136.5
135.25
135.25
135.0
135.0
134.25
134.25
133.5
134.25
134.25
133.75
133.75
132.75
132.75
132.5
132.5
131.5
132.0
132.0
132.0
132.0
132.5
132.5
132.5
132.5
133.5
133.5
132.25
132.25
126.75
126.75
125.0
126.25
126.25
124.25
124.25
121.0
121.0
121.25
121.25
121.75
121.75
121.75
124.5
124.5
126.75
128.0
128.0
128.75
128.75
129.5
129.5
132.0
132.0
132.0
133.25
133.25
133.25
133.25
135.0
135.0
137.0
137.0
138.25
138.25
138.25
138.0
138.0
138.5
138.5
139.5
141.0
141.0
142.25
142.25
142.5
142.5
142.5
141.75
141.75
141.25
139.25
139.25
137.75
137.75
136.5
135.75
135.75
134.0
134.0
132.0
132.0
128.75
128.75
123.5
123.5
121.25
121.25
118.75
118.75
118.75
117.25
117.25
118.0
114.25
114.25
112.5
112.5
111.75
111.75
111.75
111.75
111.0
111.0
108.75
108.75
108.0
108.0
107.5
107.5
108.0
108.0
109.25
109.25
109.75
109.75
109.5
109.5
107.0
107.0
107.0
102.25
102.25
103.75
103.75
105.25
105.25
105.25
103.0
103.0
105.75
105.75
107.25
107.25
110.25
110.25
110.25
113.25
113.25
114.25
114.25
112.75
112.75
114.5
114.5
115.75
115.75
116.5
116.5
116.5
116.5
115.75
115.75
113.25
113.25
112.5
112.5
111.75
111.75
111.75
110.0
110.0
109.5
109.5
109.75
109.75
111.0
111.0
111.0
111.75
111.75
113.25
113.25
113.25
113.25
113.0
113.0
111.25
111.25
111.25
108.5
108.5
108.0
108.0
109.25
109.25
109.0
109.0
108.0
108.0
107.75
107.75
107.5
107.5
107.5
107.25
107.25
105.75
105.75
107.0
107.0
107.0
106.0
106.0
106.0
106.0
105.25
105.25
102.75
102.75
101.75
101.75
101.75
101.75
101.75
82.25
82.25
88.75
88.75
93.0
93.0
93.0
99.0
99.0
99.25
99.25
100.75
100.75
100.75
101.25
101.25
104.25
104.25
108.0
108.0
112.0
112.0
118.75
118.75
123.0
123.0
129.0
129.0
129.5
129.5
132.0
132.0
132.0
134.5
134.5
131.5
131.5
136.25
137.5
137.5
138.0
138.0
135.75
135.75
129.25
129.25
122.75
123.0
123.0
123.0
123.0
123.0
123.0
123.0
123.0
123.0
122.75
122.75
122.45
122.15
121.85
121.55
121.25
121.25
121.0
121.0
120.0
120.0
119.5
119.5
119.75
119.75
120.75
120.75
118.75
118.75
116.75
116.75
114.25
114.25
113.25
113.25
114.0
114.0
114.25
114.25
114.25
115.0
115.0
115.75
115.75
117.75
117.75
119.25
119.25
121.25
126.75
126.75
130.25
130.25
130.0
130.0
129.0
129.0
129.0
129.0
127.5
129.0
129.0
129.5
129.5
129.25
129.25
130.25
130.25
131.75
131.75
132.25
132.25
133.75
134.75
134.75
134.75
134.75
134.75
133.25
133.25
130.75
130.75
129.25
129.25
129.5
129.5
124.0
124.0
125.25
125.25
126.75
126.75
128.5
130.5
130.5
132.0
132.0
134.25
134.25
136.5
137.75
137.75
139.25
139.25
140.5
141.0
141.0
142.5
142.5
142.75
144.75
144.75
145.0
145.75
145.75
146.5
146.5
147.0
147.0
147.0
147.0
147.0
146.25
145.5
145.5
145.25
145.25
144.5
142.75
142.75
142.0
142.0
139.0
139.0
137.0
138.25
138.25
140.75
140.75
141.5
141.5
141.5
140.25
140.25
141.0
141.5
141.5
142.0
142.0
143.25
143.25
146.5
146.5
146.5
147.0
146.0
146.0
145.75
146.5
146.5
147.75
147.75
147.0
147.0
147.0
147.75
147.75
148.75
150.0
150.0
149.25
147.0
147.0
147.75
147.75
145.0
146.0
146.0
146.25
147.75
147.75
148.0
148.0
148.5
149.25
149.25
148.25
148.25
151.0
151.5
151.5
152.0
151.25
151.25
150.5
150.0
150.0
148.75
148.75
148.0
149.0
149.0
149.0
150.0
150.0
149.75
149.75
150.0
150.0
150.0
150.0
150.25
150.25
150.75
150.75
150.5
150.25
150.25
150.5
150.75
150.75
150.75
150.75
151.25
150.25
150.25
150.75
151.25
151.25
151.25
151.25
151.5
152.25
152.25
151.5
149.25
149.25
151.0
150.25
150.25
150.25
150.25
151.0
151.75
151.75
152.25
151.75
151.75
153.5
152.75
152.75
153.25
153.25
152.75
153.25
153.25
153.0
153.25
153.25
152.5
152.25
152.25
153.0
153.0
152.25
152.0
152.0
152.0
151.5
151.5
151.75
151.75
151.25
150.25
150.25
149.25
148.5
148.5
148.75
148.75
149.0
149.75
149.75
149.0
149.25
149.25
150.0
150.0
150.0
150.0
150.0
150.0
149.75
149.75
149.25
149.5
149.5
149.0
149.0
148.75
148.75
148.75
148.5
148.5
149.25
149.5
149.5
149.5
149.5
149.5
149.0
149.0
149.0
150.0
150.0
149.0
150.25
150.25
148.0
148.0
149.0
150.0
150.0
151.5
150.0
150.0
151.0
151.0
150.25
151.25
151.25
151.0
148.75
148.75
144.25
144.25
140.75
140.75
140.75
140.0
140.0
141.5
141.5
142.0
144.0
144.0
144.25
144.25
145.5
147.0
147.0
147.5
147.5
148.0
148.75
148.75
147.75
147.75
143.75
135.75
135.75
128.0
128.0
128.5
128.5
126.5
126.5
126.75
126.75
127.75
127.75
129.25
129.25
128.5
128.5
128.0
127.75
127.75
129.0
129.0
129.5
129.5
130.25
130.25
129.0
129.0
127.5
127.25
127.25
126.25
126.25
126.75
126.75
126.75
126.75
127.25
127.25
127.5
127.5
128.0
128.0
129.5
131.25
131.25
131.5
131.5
131.5
131.5
129.25
129.25
128.0
128.0
128.0
128.0
128.25
128.25
127.5
126.75
126.75
126.75
126.25
126.25
126.5
126.5
127.25
127.25
127.25
127.25
127.25
126.75
126.75
126.25
126.25
126.25
126.25
126.25
126.25
127.75
127.75
128.0
128.0
128.75
128.75
128.75
130.0
130.0
128.5
128.5
128.5
128.5
126.5
126.5
124.25
124.25
123.25
123.25
122.25
122.25
122.75
122.75
122.5
122.5
122.25
122.25
122.25
122.25
122.5
122.5
123.0
123.0
124.0
123.75
123.75
124.5
124.5
123.5
123.5
124.0
124.0
126.25
126.25
126.5
126.5
127.75
127.75
126.5
126.5
126.25
126.25
125.0
125.0
125.25
126.25
126.25
126.25
126.25
124.5
124.5
123.0
123.0
120.5
120.5
120.25
120.25
120.75
120.75
122.75
122.75
123.75
123.75
123.0
123.0
119.75
119.75
119.75
112.0
112.0
111.0
111.0
112.0
112.0
112.0
112.0
110.75
110.75
109.25
109.25
107.25
107.25
107.25
109.0
109.0
109.0
111.25
111.25
113.0
112.25
112.25
112.75
112.75
113.25
113.25
112.75
112.75
112.75
112.75
112.75
112.75
112.75
113.0
113.0
112.75
112.75
108.75
108.75
108.25
108.25
106.5
106.5
106.5
108.0
108.0
109.25
108.25
108.25
108.25
104.25
104.25
104.0
104.0
103.75
103.75
103.5
103.5
103.5
103.5
103.5
103.0
103.0
111.0
111.0
111.75
111.75
111.75
112.5
112.5
111.75
111.75
111.75
111.75
110.0
110.0
110.0
98.75
98.75
98.75
98.75
98.75
99.0
99.0
99.0
99.0
99.0
102.0
102.0
104.75
104.75
104.75
106.5
106.5
109.75
112.75
112.75
112.75
114.5
114.5
113.25
113.25
113.0
113.0
111.75
111.75
111.5
111.5
112.25
112.25
114.75
114.75
114.5
114.5
114.5
120.25
120.25
119.25
119.25
117.75
117.75
117.75
117.75
117.75
118.0
118.0
120.0
120.25
120.25
123.5
123.5
125.25
125.25
127.0
127.0
128.5
128.5
128.25
130.75
130.75
135.75
135.75
136.25
136.25
135.75
137.0
137.0
138.25
138.25
138.5
138.5
137.75
137.25
137.25
137.25
137.25
136.75
140.5
140.5
139.5
139.5
139.5
139.5
139.75
139.5
139.5
140.75
140.75
140.25
140.0
140.0
138.25
138.25
139.75
139.75
139.75
138.75
138.75
139.5
139.5
140.25
141.75
141.75
140.75
140.75
141.25
142.5
142.5
142.0
142.0
142.25
143.0
143.0
144.0
144.0
144.0
145.0
145.0
144.75
144.75
144.75
145.0
145.0
145.0
145.0
145.5
145.5
145.5
145.5
145.5
146.0
145.75
145.75
146.0
146.0
146.0
145.75
145.75
146.25
146.25
145.5
145.75
145.75
145.0
145.0
145.0
144.5
144.5
145.0
145.0
145.25
145.25
145.25
145.75
145.75
146.0
145.75
145.75
145.5
145.5
144.25
143.25
143.25
143.25
143.25
144.5
144.75
144.75
145.0
145.0
146.25
147.0
147.0
147.5
148.0
148.0
148.75
148.75
149.5
150.25
150.25
150.25
150.0
150.0
149.75
149.75
150.0
150.0
150.0
150.0
150.0
150.0
150.0
150.0
149.75
149.75
153.25
153.0
153.0
154.5
154.5
152.75
151.75
151.75
152.25
152.25
152.25
150.75
150.75
148.75
148.75
154.25
154.25
132.25
132.25
127.75
127.75
124.0
123.75
123.75
123.75
123.75
123.75
124.0
124.0
124.0
124.0
124.0
124.0
122.875
121.75
120.625
119.5
118.375
117.25
116.125
115.0
113.875
112.75
111.625
110.5
109.375
108.25
107.125
106.0
104.875
103.75
103.75
106.0
106.0
106.5
106.5
106.5
106.5
106.5
106.0
106.0
105.0
105.0
106.75
106.75
106.75
107.0
107.0
107.5
107.5
106.75
106.75
106.5
106.5
106.5
108.25
108.25
111.25
111.25
114.25
114.25
117.5
117.5
118.25
118.25
119.5
119.5
122.75
125.25
125.25
126.25
126.25
127.5
127.5
128.75
128.75
130.25
130.25
131.75
134.0
134.0
135.75
135.75
138.5
138.5
139.5
140.25
140.25
140.75
140.75
141.0
140.75
140.75
141.5
141.5
140.75
139.25
139.25
138.25
138.25
137.5
137.5
137.5
138.5
138.5
139.75
139.75
139.5
139.0
139.0
139.5
139.5
140.25
140.25
140.75
140.75
140.75
141.25
141.25
140.75
140.75
140.25
140.25
137.25
137.25
137.75
137.75
135.25
133.5
133.5
132.75
132.75
133.25
133.25
133.5
133.5
133.5
132.75
132.75
132.75
132.75
133.25
133.25
133.75
133.75
134.25
133.25
133.25
131.75
131.75
129.5
129.5
128.75
128.75
127.25
127.25
127.75
127.75
128.5
128.5
125.75
126.75
126.75
128.0
128.0
131.5
131.5
130.5
130.5
132.0
132.0
131.5
130.25
130.25
128.75
128.75
128.75
128.75
128.25
128.25
128.25
128.25
128.0
128.0
129.0
130.5
130.5
130.75
130.75
131.25
131.25
131.5
131.5
132.25
132.25
133.0
133.5
133.5
131.5
131.5
131.0
131.0
130.25
130.25
129.25
129.25
129.5
129.5
128.5
128.5
128.0
128.0
127.25
127.25
127.0
127.75
127.75
127.75
128.0
127.5
127.5
129.75
129.75
128.0
128.0
129.5
129.5
128.75
128.75
126.5
126.5
126.0
126.0
125.0
125.0
124.25
124.25
123.25
123.25
123.5
123.5
123.0
123.0
122.75
122.75
123.75
123.75
124.5
124.5
124.5
124.5
123.25
123.25
123.0
123.25
123.25
123.0
123.0
123.0
122.75
122.75
123.5
123.5
124.5
124.5
125.0
125.0
125.0
125.0
125.25
125.25
125.75
125.75
125.75
124.5
124.5
124.5
124.5
124.5
124.5
124.5
124.5
124.5
124.5
124.5
124.25
124.25
112.25
112.25
112.0
112.0
112.0
112.0
113.75
113.75
115.25
115.25
116.0
116.0
117.5
117.5
118.25
118.25
118.5
118.5
117.75
117.75
117.0
117.0
116.0
116.0
116.0
116.0
116.0
117.0
117.0
118.25
118.25
118.5
119.5
119.5
119.5
119.0
119.0
111.75
111.75
111.75
115.5
115.5
115.5
115.5
115.5
115.5
115.25
115.25
115.25
115.5
115.5
114.70833333333333
113.91666666666667
113.125
112.33333333333333
111.54166666666667
110.75
110.75
112.25
112.25
115.5
115.5
118.25
118.25
120.5
120.5
121.0
121.0
120.25
120.25
119.5
119.5
119.0
119.0
118.5
118.5
117.75
117.75
117.75
117.75
116.5
116.5
116.25
116.25
116.5
116.5
116.25
125.25
128.25
128.25
129.0
129.0
129.0
129.0
129.5
129.5
128.25
128.25
126.75
126.75
127.0
128.5
128.5
131.25
131.25
132.75
132.75
133.5
133.5
133.5
135.25
135.25
136.25
136.25
134.25
134.25
136.25
136.25
138.0
136.75
136.75
136.0
136.0
136.5
136.5
135.25
136.0
136.0
134.75
134.75
134.25
134.25
133.5
133.5
133.5
132.75
132.75
133.0
133.0
133.0
133.0
133.25
133.5
133.5
133.75
133.75
133.75
133.75
135.75
136.25
136.25
138.0
138.0
139.25
139.25
137.75
138.75
138.75
138.75
138.75
141.0
139.5
139.5
140.25
140.25
141.0
142.75
142.75
141.75
141.75
141.75
142.25
142.25
142.0
142.0
142.5
142.5
142.75
143.25
143.25
143.5
143.5
144.0
144.75
144.75
143.75
143.75
144.25
143.75
143.75
143.25
143.25
144.0
140.75
140.75
141.75
141.75
141.0
143.25
143.25
142.0
142.0
141.25
141.5
141.5
142.5
142.5
143.75
142.75
142.75
141.75
141.75
142.0
141.75
141.75
141.0
141.0
142.25
142.25
143.25
144.5
144.5
144.25
144.25
145.0
145.25
145.25
145.25
145.5
145.5
145.25
146.25
146.25
145.5
145.5
148.25
148.25
146.25
148.5
148.5
149.75
149.5
149.5
150.5
150.0
150.0
150.5
150.5
150.75
150.75
150.75
150.25
150.75
150.75
150.75
150.75
149.75
148.25
148.25
143.75
143.75
137.75
137.75
135.25
134.75
134.75
129.75
129.75
127.25
127.25
127.25
127.25
128.5
128.5
127.5
127.5
125.5
125.5
126.25
128.5
128.5
129.5
129.5
129.5
129.5
130.25
130.25
133.5
133.5
130.0
133.0
133.0
131.5
131.5
135.25
135.25
130.75
130.75
136.0
136.0
133.25
138.5
138.5
133.75
133.75
138.25
137.0
137.0
137.75
137.75
136.25
136.25
138.5
138.5
137.75
137.75
138.75
138.75
138.25
140.25
140.25
139.25
139.25
139.25
138.75
139.75
139.75
139.0
139.0
138.75
138.5
138.5
140.25
140.25
138.75
138.75
140.0
139.5
139.5
140.5
140.5
138.0
138.0
137.5
136.25
136.25
137.25
137.25
138.25
138.25
137.25
136.5
136.5
138.25
138.25
137.25
138.5
138.5
135.75
135.75
137.5
137.5
136.25
136.25
137.5
136.0
136.0
139.0
139.0
135.75
135.75
137.75
137.0
137.0
137.75
137.75
136.75
136.75
137.0
136.5
136.5
136.0
136.0
137.5
138.0
138.0
136.25
136.25
137.0
137.0
136.75
136.75
137.5
135.0
135.0
136.75
136.75
134.0
134.0
135.0
134.75
134.75
137.5
137.5
127.75
127.75
140.5
140.5
135.75
136.75
136.75
132.75
132.75
135.25
135.25
133.75
135.5
135.5
133.5
133.5
137.5
137.5
133.25
133.25
134.5
132.5
132.5
133.0
133.0
134.75
134.75
135.25
135.25
135.0
134.5
134.5
133.5
133.5
134.5
134.5
135.0
134.75
134.75
135.5
135.5
133.25
133.25
133.75
133.75
131.25
131.25
134.0
134.0
134.0
134.0
134.0
134.0
134.0
134.0
133.75
133.75
135.0
135.0
135.0
135.0
135.0
137.0
137.0
135.0
135.0
134.25
134.25
135.5
135.5
135.0
135.0
135.0
135.0
135.0
133.75
133.75
133.5
133.5
136.5
135.0
135.0
134.75
134.75
134.75
134.75
135.0
135.0
134.75
134.75
134.75
135.0
134.4
133.8
133.2
132.6
132.0
132.0
129.0
129.0
126.25
126.25
121.5
121.5
116.0
116.0
116.0
112.75
112.75
111.75
111.75
110.5
110.5
110.0
110.0
109.25
109.25
109.25
107.5
107.5
107.75
107.75
107.75
107.75
107.75
107.0
107.0
106.5
106.5
105.5
105.5
104.75
104.75
104.75
103.5
103.5
101.75
101.75
98.75
98.75
98.75
95.25
95.25
97.5
97.5
97.5
98.25
98.25
97.75
97.75
97.75
98.0
98.0
97.75
97.75
97.75
98.0
97.75
97.75
98.0
98.57142857142857
99.14285714285714
99.71428571428571
100.28571428571429
100.85714285714286
101.42857142857143
102.0
102.0
102.25
102.25
102.75
102.75
103.5
103.5
103.5
105.0
105.0
107.5
107.5
108.75
108.75
109.75
109.75
110.5
110.5
112.5
112.5
112.5
112.75
112.75
112.0
112.0
111.75
111.75
112.75
112.75
113.0
113.0
113.0
113.0
113.25
113.25
114.25
114.25
115.0
115.0
115.0
114.25
114.25
114.25
114.25
114.5
114.5
114.75
114.75
114.75
114.75
114.0
114.0
113.25
113.25
112.25
112.25
112.25
112.25
112.25
111.0
111.0
108.5
108.5
106.5
106.5
105.0
105.0
105.0
104.5
104.5
103.5
103.5
104.5
104.5
104.5
104.75
104.75
106.25
106.25
106.25
106.25
106.5
106.5
106.5
107.25
107.25
108.0
108.0
108.75
108.75
108.25
108.25
108.25
107.75
107.75
107.5
107.5
107.75
107.75
104.5
104.5
104.5
103.75
103.75
102.5
102.5
103.25
103.25
103.25
100.0
100.0
98.75
98.75
98.75
101.0
101.0
102.0
102.0
103.0
103.0
103.0
102.0
102.0
99.5
99.5
98.0
98.0
98.0
99.25
99.25
99.5
99.5
99.5
98.75
98.75
100.75
100.75
102.25
102.25
102.25
101.75
101.75
102.5
102.5
102.5
102.5
102.5
101.5
101.5
101.25
101.25
101.25
101.0
101.0
101.0
101.75
101.75
101.0
101.0
99.0
99.0
99.0
100.5
100.5
100.5
101.25
101.5
101.5
101.5
104.75
104.75
104.0
104.0
104.0
104.0
104.0
104.0
104.0
103.75
103.75
103.75
103.75
104.5
104.5
104.5
104.5
105.0
105.0
105.0
105.25
105.25
105.75
105.75
106.25
106.25
106.25
107.0
107.0
107.5
107.5
108.75
108.75
109.75
109.75
111.75
111.75
112.25
112.25
109.5
109.5
109.5
112.75
112.75
113.25
113.25
114.5
114.5
117.75
117.75
114.25
114.25
114.5
114.5
114.25
114.25
113.25
113.25
113.5
113.5
114.5
114.5
114.5
114.5
114.25
114.25
114.25
115.0
115.0
115.5
115.5
117.5
117.5
118.5
118.5
118.25
118.25
117.75
117.75
117.0
117.0
116.75
116.75
115.5
115.5
116.25
116.25
116.75
116.75
117.5
117.5
118.75
118.75
118.75
118.75
119.5
119.5
120.25
120.25
120.0
120.0
119.5
119.5
120.0
120.0
123.5
123.5
126.75
126.75
125.0
125.0
125.5
125.5
125.25
125.25
124.0
124.0
122.25
122.25
121.5
121.5
121.75
121.75
121.5
121.5
122.0
123.25
123.25
125.5
125.5
127.25
127.25
130.25
130.25
129.5
129.5
129.0
129.0
129.0
129.0
128.25
127.25
127.25
127.0
127.0
125.25
125.25
126.0
126.0
128.25
128.25
129.75
129.75
128.5
128.5
127.25
127.0
127.0
127.25
127.25
127.25
127.25
127.25
127.25
127.25
127.25
128.0
128.0
129.0
130.25
130.25
131.0
131.0
130.0
130.0
129.0
129.0
130.75
130.75
128.25
128.25
127.25
126.75
126.75
126.25
126.25
125.25
125.25
126.75
126.75
126.75
126.75
128.0
128.0
129.5
129.5
129.0
129.0
126.5
128.5
128.5
127.25
127.25
125.75
125.75
128.0
128.0
129.75
129.75
130.75
129.0
129.0
128.25
128.25
124.5
124.75
124.75
124.75
122.25
122.25
121.75
121.75
122.5
122.5
124.5
126.25
126.25
127.25
127.25
128.75
128.75
127.5
127.5
126.25
126.25
128.0
128.0
126.75
126.75
125.5
125.5
123.25
123.25
121.75
121.75
120.25
119.0
119.0
119.0
119.0
119.0
119.25
119.25
119.0
119.0
119.5
119.5
120.25
120.25
119.0
119.0
118.75
118.75
119.0
119.0
118.75
118.75
123.5
120.25
120.25
121.0
121.0
121.75
121.75
120.25
120.25
119.75
119.75
119.25
119.25
119.5
119.5
122.0
122.0
122.5
122.5
123.0
123.0
124.0
124.0
124.5
124.5
124.5
124.5
124.0
124.0
121.5
121.5
122.5
122.5
122.75
122.75
121.5
121.5
120.75
120.75
119.0
119.0
120.75
120.75
118.75
118.75
121.0
121.0
120.25
120.25
118.75
118.75
118.25
118.25
118.5
118.5
118.75
118.75
123.5
123.5
121.25
121.25
121.5
121.5
121.75
121.75
119.0
119.0
114.5
114.5
116.0
116.0
115.5
115.5
114.0
114.0
114.25
114.25
114.25
114.0
114.0
114.0
114.0
114.0
114.0
114.0
114.5
114.5
116.0
116.0
115.5
115.5
115.5
115.5
115.5
115.5
115.25
115.25
115.25
115.5
115.5
111.75
111.75
110.75
110.75
109.75
109.75
107.0
107.0
107.0
107.5
107.5
107.75
107.75
107.75
105.25
105.25
103.0
103.0
103.0
101.5
101.5
100.5
100.5
97.75
97.75
99.0
99.0
103.0
103.0
105.25
105.25
105.25
104.5
104.5
104.5
102.25
102.25
102.75
102.75
102.75
101.25
101.25
98.0
98.0
98.0
98.0
97.75
97.75
97.75
98.0
98.0
103.25
103.25
106.25
106.25
106.25
106.25
106.25
106.25
106.25
106.25
106.25
106.25
106.25
95.75
95.75
96.25
97.5
97.5
97.5
95.25
95.25
95.25
97.5
97.5
100.0
100.0
100.5
100.5
100.5
100.0
100.0
98.75
98.75
100.25
100.25
100.25
100.75
100.75
100.75
100.75
100.75
102.25
102.25
103.0
103.0
108.25
108.25
112.0
112.0
112.75
112.75
114.5
114.5
114.75
114.75
114.75
115.75
115.75
117.25
117.25
119.0
119.0
119.75
119.75
121.0
124.5
124.5
128.0
128.0
130.75
130.75
131.5
131.5
132.75
131.5
131.5
132.75
132.75
129.0
129.0
128.5
128.5
128.75
128.75
129.25
129.75
129.75
129.5
129.5
132.75
132.75
134.25
134.25
132.75
134.0
134.0
133.0
133.0
132.0
132.0
130.75
130.75
129.5
129.5
129.5
129.5
130.25
128.25
128.25
129.0
129.0
129.0
129.0
128.0
128.0
126.75
126.75
126.25
126.25
124.5
124.5
123.0
123.0
122.25
122.25
122.0
122.0
122.75
122.0
122.0
124.0
124.0
123.25
123.25
122.5
122.5
122.25
122.25
122.0
122.0
120.25
120.25
119.0
119.0
119.25
119.25
120.75
120.75
121.0
121.0
117.75
117.75
118.0
118.0
117.75
117.75
118.0
118.0
118.0
118.0
118.0
118.0
119.45
120.9
122.35
123.8
125.25
125.25
125.25
125.25
124.25
124.25
124.0
124.0
124.75
124.75
127.0
127.0
128.0
128.0
126.0
126.0
125.75
125.75
123.5
123.5
121.75
121.75
123.75
123.75
124.5
123.5
123.5
123.5
125.75
125.75
124.25
124.25
124.25
124.5
124.5
124.75
124.75
125.5
125.5
125.25
125.25
124.0
124.0
121.0
121.0
121.0
121.0
121.75
120.25
120.25
120.25
120.25
120.25
120.25
120.5
120.5
120.25
120.25
125.25
125.25
124.5
124.5
123.5
123.5
122.5
122.5
122.25
122.25
121.0
121.0
120.25
120.25
119.5
119.5
119.75
119.75
120.0
120.0
121.0
121.0
120.5
120.5
120.25
120.25
120.25
120.25
119.5
119.5
118.25
118.25
118.5
118.5
115.5
115.5
116.0
116.0
116.0
116.5
116.75
116.75
114.75
114.75
114.0
114.0
114.0
111.25
111.25
110.0
110.0
110.0
110.0
110.0
110.25
110.25
110.75
110.75
110.5
110.5
111.75
111.75
112.25
112.25
111.0
111.0
112.0
112.0
111.5
111.5
112.25
112.25
111.5
111.5
109.75
109.75
109.75
108.75
108.75
108.75
107.25
107.25
114.5
114.5
114.0
114.0
111.25
111.25
110.0
110.0
105.75
105.75
105.75
102.25
102.25
102.25
90.25
90.25
90.25
95.5
95.5
97.75
97.75
99.25
99.25
99.5
99.5
100.75
100.75
100.75
101.75
101.75
101.5
101.5
100.75
100.75
100.75
101.0
101.0
101.5
101.5
102.75
102.75
102.75
103.25
103.25
103.25
108.0
108.0
110.75
112.5
112.5
113.0
113.0
111.75
111.75
111.75
111.25
111.25
111.75
111.75
112.75
112.75
112.5
112.5
114.75
114.75
114.0
114.0
116.5
116.5
114.75
114.75
114.75
113.5
113.5
114.25
114.25
113.75
113.75
113.25
113.25
114.0
114.0
109.5
109.5
109.5
111.25
111.25
110.5
110.5
114.0
114.0
114.25
114.25
118.0
118.0
116.75
116.75
116.5
116.5
115.0
115.0
115.0
113.0
113.0
113.75
113.75
113.5
113.5
113.5
112.75
112.75
112.75
112.0
112.0
111.5
111.5
110.5
110.5
110.25
110.25
108.75
108.75
109.5
109.5
111.25
111.25
110.25
110.25
112.0
112.0
112.25
112.25
111.75
111.75
111.75
112.0
112.0
109.25
109.25
108.5
108.5
109.0
109.0
109.0
106.5
106.5
106.5
103.0
103.0
102.5
102.5
103.75
103.75
103.75
106.0
106.0
107.0
107.0
106.0
106.0
107.25
107.25
109.0
109.0
109.0
108.25
108.25
111.25
111.25
114.0
114.0
114.25
114.25
115.5
115.5
118.5
118.5
118.25
118.25
118.25
116.25
116.25
117.0
117.0
115.5
115.5
115.5
115.75
115.75
115.75
115.75
115.75
115.75
115.75
116.5
116.5
116.25
116.25
116.0
116.0
117.75
117.75
119.25
119.25
117.75
117.75
118.75
118.75
120.25
120.25
121.0
121.0
120.75
120.75
120.25
120.25
120.0
120.0
121.75
121.75
121.75
121.75
120.5
120.5
121.5
121.5
122.5
122.5
123.0
123.0
122.75
122.75
122.75
124.25
124.25
126.0
126.0
125.25
125.25
123.25
123.25
125.25
125.25
125.0
125.0
125.75
125.75
126.0
126.0
127.75
125.75
125.75
127.5
127.5
128.5
128.5
130.5
130.5
129.0
129.0
130.5
130.5
129.5
131.75
131.75
130.25
130.25
128.5
128.5
126.25
126.25
126.0
126.0
126.25
126.25
126.75
126.75
127.25
126.0
126.0
127.75
127.75
127.75
127.25
127.25
128.5
126.0
126.0
129.0
129.0
129.75
129.75
129.75
129.75
130.0
130.0
130.25
130.25
130.25
128.5
128.5
131.25
131.25
127.25
132.5
132.5
128.75
128.75
126.75
126.75
125.75
125.75
124.0
124.0
122.0
122.0
122.25
122.25
124.5
125.25
125.25
124.25
124.25
125.25
125.25
125.75
125.75
126.0
126.0
125.75
125.75
125.0
125.0
124.75
124.75
126.5
129.5
129.5
128.25
128.25
128.5
128.5
129.25
129.25
129.75
129.75
127.25
127.25
126.25
126.25
126.25
126.25
126.0
126.0
125.5
125.5
125.0
125.0
124.5
124.5
124.5
124.5
125.0
125.0
126.25
125.75
125.75
128.75
128.75
128.5
128.5
131.25
131.25
126.0
126.0
130.25
130.25
125.25
125.25
126.0
125.0
125.0
123.5
123.5
124.25
124.25
124.5
124.5
125.25
125.25
126.75
126.75
126.0
126.0
127.0
127.0
126.75
126.75
128.25
128.0
128.0
126.0
126.0
123.25
123.25
123.5
123.5
123.0
123.0
124.25
124.25
124.75
124.75
125.75
125.75
124.75
124.75
127.5
124.25
124.25
125.75
125.75
124.5
124.5
126.75
126.75
125.75
125.75
127.75
127.75
128.0
129.0
129.0
129.5
129.5
130.0
130.0
129.5
129.5
130.25
130.25
128.0
128.25
128.25
129.0
129.0
128.5
128.5
127.25
127.25
128.5
128.5
129.0
129.0
129.0
129.0
129.0
129.75
129.75
130.25
130.25
130.25
130.25
129.5
129.5
130.25
130.25
130.25
132.5
132.5
131.0
131.0
132.0
132.0
130.25
130.25
131.5
131.5
130.0
130.5
130.5
132.0
132.0
131.5
131.5
130.25
130.25
132.5
131.0
131.0
132.5
132.5
129.5
129.5
132.25
132.25
133.0
130.75
130.75
128.5
128.5
128.0
128.0
127.25
127.25
128.5
128.5
126.25
126.25
127.25
127.25
125.75
125.75
126.5
128.75
128.75
129.5
129.5
130.25
130.25
130.75
130.75
130.0
130.0
128.0
128.0
127.0
126.0
126.0
126.25
126.25
124.0
124.0
122.0
122.0
122.75
122.75
122.5
122.5
121.0
121.0
120.0
120.0
119.25
119.25
119.25
119.25
118.75
118.75
118.5
118.5
118.5
121.0
121.0
121.0
115.75
115.75
116.75
116.75
116.75
116.75
118.75
118.75
118.75
118.75
119.75
119.75
118.75
118.75
119.75
119.75
118.0
118.0
120.5
118.0
118.0
120.0
120.0
118.5
118.5
114.75
114.75
114.5
114.5
114.5
112.75
112.25
112.25
113.0
113.0
113.0
112.75
112.75
113.5
113.5
114.0
114.0
115.5
115.5
116.5
112.5
112.5
113.25
113.25
112.5
112.5
112.0
112.0
110.25
110.25
110.5
110.5
111.25
111.25
111.25
112.0
112.0
111.75
111.75
110.25
110.25
102.5
102.5
102.5
99.5
99.5
101.25
101.25
101.75
101.75
101.75
101.0
101.0
100.5
100.5
100.5
102.75
102.75
104.5
104.5
105.5
105.5
106.25
106.25
106.25
104.5
104.5
104.5
95.5
95.5
96.25
96.25
96.75
96.75
96.75
98.0
98.0
99.75
99.75
101.25
101.25
101.25
102.75
102.75
103.75
103.75
104.75
104.75
105.0
105.0
105.0
107.0
107.0
107.0
107.5
107.5
107.5
106.75
106.75
106.75
107.0
107.0
107.75
107.75
109.75
109.75
112.0
112.0
112.0
112.75
112.5
112.5
112.25
112.25
112.25
111.0
111.0
110.5
110.5
113.5
113.5
114.25
114.25
113.5
113.5
114.25
114.25
116.25
116.25
118.25
118.25
119.25
119.25
118.0
118.0
115.5
115.5
115.5
110.25
110.25
109.5
109.5
109.25
109.25
109.25
109.25
109.25
109.25
109.25
108.75
108.75
109.25
109.25
109.0
109.0
109.25
109.25
109.0
109.0
109.0
108.75
108.75
106.75
106.75
103.75
103.75
103.75
104.0
104.0
104.25
104.25
105.5
105.5
105.75
105.75
105.75
108.25
108.25
109.75
109.75
110.75
110.75
111.5
111.5
109.75
109.75
110.0
110.0
110.0
110.0
110.0
110.5
110.5
109.5
109.5
107.0
107.0
107.0
105.5
105.5
104.75
104.75
105.75
105.75
107.0
107.0
109.25
109.25
109.25
109.75
109.75
110.25
110.25
112.5
112.5
113.25
113.25
115.75
115.75
116.0
116.0
115.75
115.75
116.5
116.5
117.25
117.25
118.0
118.0
118.75
118.75
122.25
122.25
123.0
123.0
123.0
123.0
120.25
120.25
120.25
120.25
121.0
121.0
121.5
121.5
121.5
121.5
123.5
123.5
125.25
125.25
127.0
127.0
128.0
129.5
129.5
131.5
131.5
132.5
132.5
130.5
130.5
132.0
132.0
132.0
132.25
132.25
132.25
132.25
132.0
132.0
130.75
130.75
131.5
132.0
132.0
130.25
130.25
133.0
133.0
133.5
133.5
133.5
135.0
135.0
136.25
136.25
135.75
135.75
136.0
136.0
136.25
136.5
136.5
136.25
136.25
136.5
136.5
136.5
137.5
137.5
138.5
138.5
138.75
139.5
139.5
139.75
139.75
140.5
140.5
140.75
140.5
140.5
140.0
140.0
139.75
140.25
140.25
138.75
138.75
137.25
137.25
137.5
137.5
137.5
137.5
137.5
137.5
137.5
137.25
137.25
137.25
137.75
137.75
138.0
138.0
137.75
137.5
137.5
136.25
136.25
136.5
134.75
134.75
140.25
140.25
138.75
138.75
138.5
138.5
139.0
139.5
139.5
140.0
140.0
140.5
141.0
141.0
141.5
141.5
141.5
141.5
141.5
141.75
141.5
141.5
141.25
141.25
140.75
140.75
140.75
140.75
142.0
142.25
142.25
143.0
143.0
144.25
145.0
145.0
145.25
145.25
145.5
146.25
146.25
146.25
146.75
146.75
147.25
147.25
147.5
147.25
147.25
147.25
147.25
147.25
148.0
148.0
147.75
148.5
148.5
148.5
148.5
149.5
148.75
148.75
148.0
148.0
148.0
149.0
149.0
149.75
150.0
150.0
150.25
150.75
150.75
151.0
151.25
151.25
151.5
151.5
152.5
151.75
151.75
151.25
151.25
149.5
149.5
149.5
148.25
148.25
148.25
148.25
148.25
148.25
148.25
148.25
148.25
148.25
148.25
148.25
145.64705882352942
143.0441176470588
140.44117647058823
137.83823529411765
135.23529411764707
132.63235294117646
130.02941176470588
127.42647058823529
124.82352941176471
122.22058823529412
119.61764705882352
117.01470588235294
114.41176470588235
111.80882352941177
109.20588235294117
106.60294117647058
104.0
104.0
108.75
108.75
108.75
115.5
119.25
119.25
119.25
116.75
116.75
116.75
116.75
116.75
116.75
117.0
117.0
117.0
117.0
117.0
117.0
106.55
96.1
85.65
75.2
64.75
64.75
64.75
65.25
65.25
65.25
65.25
65.25
65.25
65.25
65.25
65.25
65.25
65.25
65.5
78.45833333333333
91.41666666666667
104.375
117.33333333333334
130.29166666666666
143.25
144.0
144.0
145.0
146.0
146.0
146.75
146.75
147.0
147.5
147.5
147.0
147.0
148.0
148.5
148.5
148.25
149.0
149.0
149.5
149.5
148.75
147.75
147.75
147.5
147.25
147.25
148.0
148.0
147.0
146.5
146.5
147.0
147.0
147.25
147.25
142.75
142.75
135.25
135.25
134.25
133.5
133.5
133.5
133.5
134.25
134.25
135.25
135.25
135.25
135.5
135.5
137.75
137.75
137.5
142.0
142.0
142.75
142.75
143.25
143.25
143.5
143.5
143.5
144.0
144.75
144.75
145.0
145.0
144.5
144.5
142.25
142.0
142.0
142.0
141.75
141.75
140.75
140.75
141.25
141.25
141.75
142.0
142.0
142.0
142.0
143.0
143.25
143.25
143.25
143.25
144.5
143.75
143.75
144.25
144.25
143.25
140.5
140.5
136.5
136.5
132.5
132.5
130.5
130.5
130.75
130.75
131.75
135.0
135.0
138.75
138.75
139.75
139.5
139.5
139.5
139.5
139.0
139.0
137.5
137.5
135.0
128.25
128.25
131.0
131.0
129.5
129.5
127.25
127.25
125.75
125.75
125.0
125.0
122.25
119.5
119.5
117.75
117.75
117.5
117.5
117.75
117.75
117.75
117.75
116.75
116.75
117.0
117.0
117.0
117.0
116.75
116.75
116.75
115.58333333333333
114.41666666666667
113.25
112.08333333333333
110.91666666666667
109.75
109.75
109.75
114.75
114.75
116.5
116.5
116.5
116.5
116.75
116.75
117.0
117.0
116.5
116.5
115.5
115.5
115.5
115.5
116.5
116.5
118.25
118.25
118.0
118.0
119.25
119.25
121.25
121.25
120.75
120.75
120.75
120.75
120.5
120.5
119.75
119.75
118.75
118.75
118.75
118.75
118.5
118.5
118.75
118.75
118.5
118.5
118.0
118.0
119.75
119.75
119.75
119.25
119.25
119.0
119.0
120.25
120.25
120.25
120.25
120.5
120.5
121.0
121.0
120.25
120.25
120.0
120.0
117.75
117.75
118.5
118.5
117.75
117.75
116.25
116.25
114.25
114.25
110.5
110.5
110.5
110.5
112.0
112.0
112.25
112.25
111.75
111.75
111.25
111.25
111.0
111.0
111.0
112.25
112.25
113.0
113.0
114.25
114.25
116.75
116.75
117.75
117.75
117.0
117.0
117.25
117.25
117.0
117.0
116.0
116.0
115.0
115.0
114.0
114.0
114.25
114.25
116.5
116.5
118.75
118.75
121.0
121.0
120.5
120.5
120.5
120.5
119.25
119.25
117.5
117.5
117.25
117.25
117.5
117.5
119.75
119.75
120.75
120.75
123.25
123.25
124.5
124.5
125.25
125.25
126.25
126.25
127.75
127.75
129.25
131.25
131.25
133.0
133.0
134.25
134.25
133.5
133.5
133.5
134.0
134.0
133.0
133.0
132.75
132.75
132.25
132.25
130.75
130.5
130.5
130.5
130.5
128.75
128.75
129.0
129.0
129.5
129.5
130.25
130.25
129.25
130.25
130.25
131.0
131.0
131.25
131.25
131.0
131.0
128.75
128.75
127.5
128.5
128.5
130.0
130.0
131.5
131.5
131.5
131.5
131.25
131.25
131.25
130.25
130.25
131.0
131.0
130.25
130.25
130.25
130.25
131.5
131.5
130.5
131.75
131.75
133.75
133.75
135.25
135.25
135.75
135.25
135.25
136.0
136.0
135.75
135.75
136.25
135.5
135.5
136.75
136.75
136.75
136.75
134.25
134.25
135.0
135.5
135.5
136.0
136.0
136.75
135.75
135.75
134.75
134.75
135.25
135.25
135.0
135.0
135.75
135.5
135.5
135.25
135.25
136.75
136.75
135.5
136.75
136.75
135.5
135.5
135.75
135.75
133.25
133.25
135.25
132.75
132.75
135.0
135.0
136.0
136.0
135.75
135.0
135.0
134.75
134.75
135.0
135.0
134.75
134.75
134.25
134.0
134.0
132.75
132.75
126.5
126.5
123.5
123.5
120.5
120.5
120.0
120.0
121.0
121.0
122.75
122.75
125.0
125.0
127.75
127.75
128.75
130.25
130.25
131.5
131.5
135.0
135.0
135.25
135.25
134.5
135.0
135.0
135.0
135.0
134.75
134.75
135.75
136.75
136.75
138.5
138.5
137.5
137.5
137.5
137.5
137.5
141.25
143.0
143.0
140.75
140.75
141.75
141.5
141.5
140.25
140.25
139.25
139.25
138.0
135.75
135.75
134.25
134.25
132.75
132.75
130.75
130.75
130.25
130.25
129.75
129.75
129.0
128.5
128.5
129.0
129.0
129.5
129.5
129.0
129.0
127.25
127.25
128.0
128.0
130.25
130.25
131.5
134.25
134.25
134.25
134.25
134.5
134.5
135.0
134.75
134.75
136.75
136.75
136.75
136.25
136.25
136.25
136.25
135.75
135.75
135.75
135.75
136.0
136.0
136.25
136.25
136.25
136.75
136.75
136.75
136.75
137.25
137.25
136.5
134.25
134.25
133.75
133.75
134.0
134.0
133.75
133.75
133.75
134.75
134.75
135.0
137.75
137.75
137.5
137.5
139.0
137.75
137.75
139.0
139.0
135.5
135.5
135.5
135.5
135.5
135.25
135.25
135.25
135.25
136.5
136.5
137.75
136.75
136.75
137.25
133.75
133.75
133.75
133.75
136.0
136.0
136.0
134.25
134.25
134.25
139.25
137.5
137.5
137.25
137.25
135.75
135.75
135.75
136.5
136.5
135.75
135.75
136.0
136.0
135.5
135.5
134.5
135.25
135.25
135.75
135.75
135.5
136.75
136.75
136.0
136.0
136.75
136.75
135.75
135.75
137.0
136.5
136.5
136.5
136.5
137.25
137.25
135.75
135.5
135.5
133.5
133.5
134.0
134.0
133.75
133.75
133.0
133.75
133.75
134.25
134.25
133.5
133.5
134.75
133.25
133.25
132.75
132.75
135.0
135.0
133.75
133.75
135.0
133.0
133.0
134.5
134.5
133.0
133.0
135.75
135.75
134.0
134.0
134.0
132.0
132.0
132.5
132.5
130.25
130.25
128.0
128.0
128.0
128.0
127.25
127.25
126.5
126.25
126.25
127.5
127.5
125.75
125.75
125.0
125.0
123.5
123.5
124.0
124.0
125.0
125.0
125.0
125.0
124.75
124.75
125.5
125.5
126.0
126.5
126.5
126.0
126.0
124.5
124.5
123.5
123.5
124.75
124.75
123.5
123.5
123.0
123.0
123.5
123.5
123.0
123.0
123.0
123.0
122.75
122.75
121.75
121.75
121.5
121.5
121.0
120.0
120.0
119.25
119.25
118.5
118.5
116.75
116.75
114.75
114.75
112.5
112.5
112.5
112.25
112.25
112.5
112.5
112.25
112.25
113.25
113.25
114.25
114.25
113.5
113.5
113.25
113.25
115.75
115.75
116.25
116.25
117.0
117.0
117.75
117.75
118.5
118.5
118.0
118.0
117.75
117.75
117.5
117.5
118.0
118.0
118.0
118.0
117.75
117.75
118.5
118.5
118.0
118.0
116.5
116.5
116.0
116.0
114.25
114.25
112.0
112.0
112.0
109.0
109.0
108.75
108.75
110.5
110.5
112.25
112.25
113.25
113.25
113.75
113.75
113.75
110.75
110.75
108.75
108.75
108.0
108.0
109.25
109.25
107.0
107.0
107.0
107.5
107.5
108.0
108.0
108.75
108.75
107.5
107.5
107.5
109.0
109.0
110.75
110.75
110.75
111.75
112.75
112.75
112.75
113.0
113.0
114.5
115.75
115.75
117.75
117.75
117.75
117.75
117.75
111.75
111.75
105.25
105.25
105.25
105.25
105.25
105.75
105.75
107.5
107.5
109.75
109.75
113.25
113.25
113.75
113.75
115.5
115.5
118.0
118.0
117.5
117.5
118.5
118.5
119.25
119.25
122.0
122.0
123.0
123.0
122.0
122.0
121.75
121.75
122.5
122.5
124.75
125.25
125.25
127.0
127.0
126.75
126.75
126.25
126.25
125.0
125.0
122.75
122.75
123.0
123.0
123.25
123.25
122.25
122.25
122.0
122.0
123.25
123.25
123.5
123.5
122.25
122.25
120.25
120.25
121.0
121.0
121.75
121.75
120.0
120.0
120.25
120.25
120.0
117.0
117.0
117.0
114.25
114.25
116.25
116.25
116.5
116.5
117.75
117.75
119.75
119.75
120.0
120.0
117.75
117.75
117.5
117.5
117.75
117.75
117.75
117.75
117.5
117.5
117.25
117.25
118.5
118.5
119.5
119.5
120.75
120.75
120.75
120.75
120.25
120.25
120.0
120.0
119.0
119.0
118.0
118.0
117.5
117.5
118.5
118.5
120.0
120.0
122.75
122.75
124.75
124.75
126.0
126.0
128.5
128.5
126.75
126.75
126.75
126.75
128.25
129.5
129.5
131.5
131.5
132.0
132.0
132.0
132.0
131.5
131.5
131.5
129.5
129.5
128.5
128.5
129.0
129.0
125.0
125.0
127.25
127.25
128.0
128.0
128.5
130.5
130.5
133.5
133.5
135.5
135.5
137.5
137.5
137.0
134.25
134.25
128.5
128.5
124.5
124.5
123.5
123.5
123.0
123.0
122.5
122.5
123.5
123.5
123.5
127.0
127.0
134.25
134.25
134.0
134.0
147.0
147.0
147.0
147.0
147.0
147.0
147.0
147.0
147.0
147.0
147.0
147.0
147.0
147.0
147.0
116.75
116.75
117.75
119.0
119.0
119.5
119.5
119.75
119.75
119.75
119.75
119.25
119.25
118.25
118.25
117.5
117.5
117.5
117.5
116.5
116.5
116.5
116.25
116.25
117.5
117.5
115.25
115.25
115.5
115.5
116.0
116.0
116.75
116.75
116.5
116.5
118.0
118.0
119.25
119.25
119.5
119.5
120.0
120.0
119.75
119.75
119.5
119.5
119.5
119.5
119.25
117.5
117.5
117.5
117.5
117.5
117.5
115.0
115.0
115.0
115.0
115.0
115.0
115.0
114.75
114.75
114.75
114.75
119.75
119.75
119.75
119.75
116.5
116.5
116.5
116.5
116.5
116.5
116.5
116.5
116.5
116.5
116.5
116.5
108.0
108.0
109.0
109.0
108.5
108.5
107.25
107.25
106.75
106.75
106.25
106.25
105.25
105.25
104.5
104.5
103.5
103.5
103.75
103.75
101.5
101.5
98.0
98.0
98.0
98.0
99.75
99.75
99.75
99.75
99.75
99.75
99.75
99.75
99.75
99.75
99.75
100.0
99.36111111111111
98.72222222222223
98.08333333333333
97.44444444444444
96.80555555555556
96.16666666666667
95.52777777777777
94.88888888888889
94.25
94.25
94.25
92.0
92.0
92.0
92.0
91.75
91.75
91.75
91.75
92.0
92.0
92.0
92.0
91.75
91.75
90.75
90.75
90.75
90.25
90.25
90.25
90.25
90.25
90.25
90.25
90.25
90.25
90.25
90.25
90.25
90.25
92.08333333333333
93.91666666666667
95.75
97.58333333333333
99.41666666666667
101.25
101.25
100.5
100.5
100.5
100.0
100.0
99.5
99.5
99.5
98.25
98.25
97.25
97.25
97.5
97.5
96.75
96.75
97.0
97.0
97.0
96.75
96.75
98.25
98.25
98.25
97.25
97.25
96.0
96.0
96.0
96.75
96.75
97.75
97.75
100.0
100.0
100.0
99.25
99.25
99.25
99.25
99.25
94.75
94.75
94.75
94.75
94.75
95.0
95.0
94.75
95.0
95.0
95.0
95.0
94.46052631578948
93.92105263157895
93.38157894736842
92.84210526315789
92.30263157894737
91.76315789473684
91.22368421052632
90.6842105263158
90.14473684210526
89.60526315789474
89.0657894736842
88.52631578947368
87.98684210526316
87.44736842105263
86.90789473684211
86.36842105263158
85.82894736842105
85.28947368421052
84.75
84.75
84.75
84.75
84.75
84.75
84.75
84.75
84.75
84.75
85.0
85.0
84.75
84.75
84.75
84.75
84.75
87.25
89.75
92.25
94.75
97.25
97.25
97.5
97.5
97.5
97.25
97.25
97.25
97.5
97.5
97.5
97.5
97.68518518518519
97.87037037037037
98.05555555555556
98.24074074074075
98.42592592592592
98.61111111111111
98.79629629629629
98.98148148148148
99.16666666666667
99.35185185185185
99.53703703703704
99.72222222222223
99.9074074074074
100.0925925925926
100.27777777777777
100.46296296296296
100.64814814814815
100.83333333333333
101.01851851851852
101.20370370370371
101.38888888888889
101.57407407407408
101.75925925925925
101.94444444444444
102.12962962962963
102.31481481481481
102.5
102.5
102.5
101.25
101.25
102.75
102.75
102.75
102.75
103.25
103.25
102.75
102.75
102.25
102.25
101.75
101.75
101.75
104.25
104.25
104.25
104.25
104.25
104.25
104.25
104.25
104.25
104.25
104.25
104.5
104.2
103.9
103.6
103.3
103.0
103.0
103.0
101.75
101.75
101.25
101.25
101.25
101.25
101.25
101.5
101.5
101.5
101.5
101.5
101.25
101.25
104.5
104.5
106.0
106.0
106.0
106.0
106.0
106.5
106.5
107.0
107.0
107.0
107.25
107.25
108.0
108.0
109.0
109.0
109.5
109.5
110.0
110.0
110.5
110.5
111.5
111.5
111.5
111.5
110.75
110.75
110.75
110.75
110.75
110.75
110.75
110.75
110.75
110.75
110.75
111.0
110.75
110.75
119.25
119.25
118.75
118.75
118.0
118.0
118.0
118.0
118.0
118.0
117.75
117.75
117.75
117.75
118.0
118.0
118.0
117.0
117.0
117.75
117.75
117.5
117.5
116.5
116.5
117.0
117.0
116.75
116.75
116.0
116.0
116.5
116.5
115.75
115.75
115.0
115.0
115.0
113.75
113.75
114.0
114.0
113.0
113.0
113.0
113.0
112.75
112.75
116.0
116.0
125.75
125.75
125.75
125.75
125.75
125.75
126.0
126.0
125.75
125.75
111.25
111.25
111.25
110.75
110.75
110.75
110.75
111.5
111.5
112.0
112.0
112.5
112.5
112.75
112.75
113.25
113.25
113.25
113.0
113.0
112.75
112.75
111.75
111.75
111.75
111.75
111.75
109.25
109.25
110.75
110.75
111.75
111.75
111.75
111.75
111.75
111.75
112.0
112.0
112.0
112.5
112.5
112.5
112.5
112.75
112.75
113.0
113.0
115.5
115.5
114.25
114.25
113.5
113.5
111.75
111.75
108.5
108.5
110.0
110.0
112.0
112.0
112.0
111.5
111.5
111.5
113.75
113.75
133.25
133.25
136.75
136.75
138.5
137.5
137.5
138.25
138.25
138.25
139.5
139.5
140.5
140.5
142.0
142.0
142.0
141.5
141.5
141.5
141.5
140.25
141.0
141.0
140.25
140.25
146.75
146.75
148.75
148.75
149.0
148.75
148.75
149.0
148.75
148.75
148.75
148.75
148.75
144.11111111111111
139.47222222222223
134.83333333333334
130.19444444444446
125.55555555555556
120.91666666666666
116.27777777777777
111.63888888888889
107.0
107.0
107.0
107.0
106.75
106.75
107.0
106.75
106.75
106.75
106.75
112.625
118.5
124.375
130.25
136.125
142.0
142.0
140.25
140.25
140.25
141.25
141.25
143.75
149.0
149.0
151.75
157.5
158.75
158.75
160.0
160.0
160.0
160.0
160.0
160.0
160.0
160.0
160.0
159.75
159.75
159.75
160.0
160.0
154.86666666666667
149.73333333333332
144.6
139.46666666666667
134.33333333333334
129.2
124.06666666666666
118.93333333333334
113.8
108.66666666666666
103.53333333333333
98.39999999999999
93.26666666666667
88.13333333333333
83.0
83.0
83.0
84.25
84.25
85.25
85.25
85.25
87.5
87.5
87.5
87.5
87.5
87.5
87.5
87.5
87.5
87.25
87.25
87.25
87.25
87.25
87.25
77.5
77.5
77.5
82.75
82.75
85.25
85.25
86.25
86.25
86.25
92.25
92.25
97.25
97.25
97.25
102.75
102.75
102.75
102.75
103.0
103.0
104.0
104.0
104.0
104.0
104.0
103.75
103.75
104.0
104.0
104.0
102.0
102.0
100.0
100.0
100.0
99.25
99.25
99.0
99.0
98.25
98.25
98.25
97.5
97.5
97.0
97.0
96.75
96.75
98.25
98.25
96.5
96.5
96.5
94.5
94.5
94.5
95.5
95.5
95.5
109.5
109.5
109.5
109.25
109.5
109.5
96.0
96.0
96.0
97.25
97.25
97.25
104.75
104.75
105.5
105.5
105.5
105.5
105.25
105.25
105.25
105.5
105.5
105.25
105.25
105.25
105.5
109.77083333333333
114.04166666666667
118.3125
122.58333333333333
126.85416666666667
131.125
135.39583333333334
139.66666666666666
143.9375
148.20833333333334
152.47916666666666
156.75
156.75
158.75
158.75
159.25
159.25
157.5
157.5
164.75
164.75
164.75
164.75
165.0
164.75
164.75
164.75
164.75
152.25
139.75
127.25
114.75
102.25
102.25
103.5
103.5
102.25
102.25
102.25
101.75
101.75
101.5
101.5
102.25
102.25
103.0
103.0
103.0
103.0
102.75
102.75
102.75
103.0
102.75
102.75
102.75
102.75
104.0
104.0
104.5
104.5
104.5
104.25
104.25
104.0
104.0
103.75
103.75
103.75
103.75
103.75
103.75
103.75
103.75
103.75
103.75
103.75
103.75
103.5
103.5
104.75
104.75
103.75
103.75
103.75
104.25
104.25
105.5
105.5
105.75
105.75
106.25
106.25
106.25
106.5
106.5
106.25
106.25
105.25
105.25
105.0
105.0
105.0
104.75
104.75
104.5
104.5
104.5
104.5
104.5
104.5
104.5
106.25
106.25
106.25
99.0
99.0
100.75
100.75
103.0
103.0
104.0
104.0
104.0
105.25
105.25
104.75
104.75
105.0
105.0
109.5
109.5
106.75
106.75
106.75
107.5
107.5
107.75
107.75
106.0
106.0
106.0
108.5
108.5
108.5
108.5
108.0
108.0
108.0
107.75
107.75
107.25
107.25
107.5
107.5
107.5
107.25
106.75
106.75
106.75
107.25
107.25
107.25
107.25
107.25
107.25
107.5
107.5
107.25
107.25
107.5
107.5
109.25
111.0
111.0
109.75
109.75
109.75
110.0
110.0
110.25
110.25
110.25
110.25
110.0
110.0
110.0
110.0
110.0
110.5
110.5
109.75
109.75
110.5
110.5
112.5
112.5
112.25
112.25
113.0
113.0
113.5
113.5
113.75
113.75
114.5
114.5
114.5
114.5
114.5
113.0
113.0
114.0
114.0
113.0
113.0
113.0
112.75
112.75
113.5
113.5
112.5
112.5
112.5
112.5
112.75
112.75
112.75
112.5
112.5
112.0
112.0
111.75
111.75
111.0
111.0
111.0
111.0
110.75
110.75
110.75
110.5
110.5
110.0
110.0
108.75
108.75
108.75
108.75
108.25
108.25
107.75
107.75
108.5
108.5
109.25
109.25
109.25
109.0
109.0
109.0
109.0
110.0
109.75
109.75
109.75
110.0
110.0
109.75
109.75
110.0
110.0
108.5
108.5
108.5
109.0
109.0
109.25
109.25
109.5
109.5
108.5
108.5
108.0
108.0
108.0
108.0
108.0
106.5
106.5
106.5
106.5
107.0
107.0
106.75
106.75
107.0
107.0
106.75
106.75
107.0
107.0
106.75
106.75
106.5
106.5
105.75
105.75
105.75
104.75
104.75
104.75
103.75
103.75
103.25
103.25
104.0
104.0
104.0
102.75
102.75
102.75
106.75
106.75
99.25
99.25
99.25
90.25
90.25
102.25
102.25
103.0
103.0
103.25
103.25
103.5
103.5
103.5
103.5
103.5
102.75
102.75
102.75
102.75
105.5
105.5
109.25
109.25
106.25
106.25
106.25
106.25
106.5
106.25
106.25
106.25
106.25
106.25
106.25
106.25
106.5
108.39864864864865
110.29729729729729
112.19594594594595
114.0945945945946
115.99324324324324
117.89189189189189
119.79054054054055
121.6891891891892
123.58783783783784
125.48648648648648
127.38513513513513
129.28378378378378
131.18243243243242
133.0810810810811
134.97972972972974
136.8783783783784
138.77702702702703
140.67567567567568
142.57432432432432
144.47297297297297
146.3716216216216
148.27027027027026
150.16891891891893
152.06756756756758
153.96621621621622
155.86486486486487
157.76351351351352
159.66216216216216
161.5608108108108
163.45945945945945
165.3581081081081
167.25675675675677
169.15540540540542
171.05405405405406
172.9527027027027
174.85135135135135
176.75
171.5
171.5
171.5
171.5
171.5
171.5
171.5
171.5
171.5
171.5
171.25
171.25
171.25
157.45
143.65
129.85
116.05
102.25
102.25
102.0
102.0
102.5
102.5
102.5
102.25
102.25
102.5
102.5
102.5
102.5
101.25
101.25
102.0
102.0
102.0
102.0
102.5
102.5
102.5
104.25
104.25
105.75
105.75
105.75
105.75
106.0
106.0
106.0
106.0
106.0
105.75
105.75
106.0
106.0
106.5
106.5
106.5
107.75
107.75
107.0
107.0
107.75
107.75
106.75
106.75
106.75
106.75
106.75
106.75
106.75
106.25
106.25
106.5
106.5
106.5
106.5
106.5
106.75
106.75
107.25
107.25
107.5
107.5
108.75
108.75
108.75
108.25
108.25
108.25
108.25
109.0
109.0
108.5
108.5
109.25
109.25
109.25
108.75
108.75
110.0
110.0
110.0
110.0
110.0
110.0
110.25
110.25
110.25
110.0
109.5
109.5
109.5
108.5
108.5
110.0
110.0
108.0
108.0
108.0
108.5
108.5
109.0
109.0
110.0
110.0
109.5
109.5
110.25
110.25
109.5
109.5
109.5
108.5
108.5
108.5
108.5
109.25
109.25
109.75
109.75
109.5
109.5
109.5
110.75
110.75
111.0
111.0
111.0
111.0
110.75
110.75
110.0
110.0
109.25
109.25
109.25
108.75
108.75
108.75
108.75
108.0
108.0
109.25
109.25
109.25
110.5
110.5
110.25
110.25
111.25
111.25
111.25
111.25
110.0
110.0
110.5
110.5
111.0
111.0
111.0
110.75
110.75
110.25
110.25
111.75
111.75
112.75
112.75
114.5
114.5
121.5
121.5
121.75
121.75
122.75
122.75
120.75
120.75
120.5
120.5
116.5
116.5
114.5
114.5
113.75
113.75
112.75
112.75
113.0
113.0
113.0
112.25
112.25
112.75
112.75
112.5
112.5
114.25
114.25
116.0
116.0
118.5
118.5
119.75
119.75
120.75
120.75
121.0
121.0
121.0
121.0
119.75
119.75
118.5
118.5
117.0
117.0
116.75
116.75
116.25
116.25
116.25
116.25
113.5
113.5
113.5
112.75
112.75
114.25
114.25
113.25
113.25
113.25
113.25
113.75
113.75
116.0
116.0
119.5
119.5
122.5
122.5
125.0
127.25
127.25
127.0
127.0
128.25
128.25
127.75
127.75
126.25
126.25
126.25
126.25
125.75
125.75
125.0
125.0
124.5
124.5
120.5
120.5
118.5
118.5
116.75
116.75
115.5
115.5
117.0
117.0
118.75
118.75
118.5
118.5
120.25
120.25
119.5
119.5
120.0
120.0
122.0
122.0
123.5
123.5
124.5
124.5
124.5
124.5
125.25
126.0
126.0
127.25
127.25
125.0
125.0
125.5
125.5
123.75
123.75
123.25
123.25
122.5
122.5
121.75
121.75
123.5
123.5
124.0
124.0
123.5
123.5
123.0
123.0
123.5
123.5
123.75
124.0
124.0
122.75
122.75
122.75
122.75
126.0
126.0
128.25
128.25
128.5
128.5
129.5
129.75
129.75
129.75
129.25
128.25
128.25
129.0
129.0
127.25
127.25
127.75
127.75
126.75
126.75
128.5
128.5
126.75
128.0
128.0
127.5
127.5
127.25
127.25
126.0
126.0
126.5
126.5
127.75
127.75
128.0
128.0
130.75
130.75
127.25
129.5
129.5
129.0
129.0
127.5
127.5
128.0
128.0
128.0
128.0
129.5
129.5
129.5
129.25
129.25
128.5
128.5
132.0
132.0
132.25
132.25
131.5
131.5
130.75
130.25
130.25
130.25
130.25
129.25
129.25
128.25
128.25
129.5
129.5
130.5
128.75
128.75
130.5
130.5
130.5
130.5
129.75
129.75
129.5
129.5
128.75
128.75
127.5
127.5
127.75
129.75
129.75
129.75
129.75
131.0
131.0
130.25
131.5
131.5
131.5
131.5
131.5
133.25
133.25
133.5
133.5
133.5
133.5
134.25
134.25
134.25
134.25
132.75
132.75
132.75
132.75
132.75
132.75
133.75
133.75
133.75
135.0
135.0
135.75
136.0
136.0
136.75
136.75
136.25
140.25
140.25
141.25
141.25
142.0
142.0
141.75
142.75
142.75
143.0
143.25
143.25
141.5
141.5
145.0
145.0
141.75
143.5
143.5
143.25
143.25
140.0
138.5
138.5
134.5
134.5
130.75
130.75
130.75
130.75
129.0
129.0
127.25
127.0
127.0
127.25
127.25
125.75
125.75
126.25
126.25
126.75
126.75
128.25
128.25
128.5
128.5
128.0
128.0
127.75
127.75
128.0
127.0
127.0
126.25
126.25
125.25
125.25
125.0
125.0
122.25
122.25
119.5
119.5
115.25
115.25
115.25
113.0
113.0
113.5
113.5
115.25
115.25
116.75
116.75
118.0
118.0
119.5
119.5
121.0
121.0
121.75
121.75
121.75
121.75
122.75
122.75
123.0
124.5
124.5
125.0
125.0
124.75
124.75
123.25
123.25
122.5
122.5
122.5
121.75
121.75
121.0
121.0
121.0
121.0
120.75
120.75
120.5
120.5
121.0
125.75
125.75
132.25
132.25
137.25
137.25
139.5
139.5
140.75
141.5
141.5
138.5
138.5
127.5
127.5
120.25
120.25
120.25
107.5
107.5
106.5
106.5
108.25
108.25
109.25
109.25
109.75
110.5
110.5
111.25
111.25
111.25
111.75
111.75
112.25
112.25
112.5
112.5
112.25
112.25
111.0
111.0
110.25
110.25
110.25
107.5
107.5
104.0
104.0
103.0
103.0
103.0
101.25
101.25
102.0
102.0
101.5
101.5
101.5
101.0
101.0
99.25
99.25
99.25
99.0
99.0
98.5
98.5
98.5
99.5
99.5
98.75
98.75
99.25
99.25
99.25
97.5
97.5
96.25
96.25
96.25
95.5
95.5
95.0
95.0
95.0
95.5
95.5
95.5
94.5
94.5
94.5
93.5
93.5
93.5
94.0
94.0
93.0
93.0
93.0
93.0
93.0
96.75
96.75
96.75
108.0
108.0
111.0
111.0
109.75
109.75
109.75
88.5
88.5
103.25
103.0
103.0
103.75
103.75
103.75
103.75
103.75
103.75
103.75
104.0
104.0
103.5
103.5
103.5
103.25
103.25
103.25
103.25
103.5
103.5
103.25
103.25
101.75
101.75
101.75
101.5
101.5
102.25
102.25
102.25
103.0
102.5
102.5
102.5
102.0
102.0
102.0
102.75
102.75
103.0
103.0
102.25
102.25
103.0
103.0
102.25
102.25
101.75
101.75
101.75
101.5
101.5
101.5
102.0
102.0
102.25
102.25
103.0
103.0
103.0
103.25
103.25
104.0
104.0
103.75
103.75
103.75
104.25
104.25
105.75
105.75
106.25
106.25
107.5
107.5
108.25
108.25
108.25
107.75
107.75
108.0
108.0
108.0
108.0
108.0
108.0
108.0
107.5
107.5
107.5
108.25
108.25
108.75
108.75
110.25
110.25
110.25
110.25
110.25
110.25
110.0
110.0
110.0
109.5
109.5
108.25
108.25
107.5
107.5
107.25
107.25
107.25
107.25
107.25
107.25
107.25
106.75
106.75
106.75
106.75
106.25
106.25
107.0
107.0
108.0
108.0
107.5
107.5
107.5
107.75
107.75
107.75
107.5
107.5
108.75
108.75
108.5
108.5
108.0
108.0
107.75
107.75
107.75
108.0
108.0
108.25
108.25
107.75
107.75
106.75
106.75
106.0
106.0
105.75
105.75
106.0
106.0
106.0
106.75
106.75
106.0
106.0
106.25
106.25
107.0
107.0
107.0
107.0
107.0
107.0
107.0
107.0
107.0
107.0
107.75
109.5
109.5
109.5
109.75
109.75
109.5
109.5
108.75
108.75
108.5
108.5
109.5
109.5
109.75
109.75
109.0
109.0
108.75
108.75
108.75
108.75
108.75
108.75
108.75
108.75
108.75
108.75
108.75
108.75
109.0
109.0
112.0
112.0
112.0
112.0
112.0
112.0
112.0
112.0
112.0
111.75
111.75
113.0
113.0
113.0
113.0
112.5
112.5
113.0
113.0
112.5
112.5
114.0
114.0
114.0
113.5
114.0
114.0
114.75
114.75
114.75
114.75
117.5
117.5
123.75
123.75
122.0
122.0
125.25
125.25
122.0
122.0
122.0
122.0
122.75
122.75
122.75
122.75
122.75
122.75
122.5
122.5
123.5
123.5
122.75
122.75
124.0
124.0
126.0
124.0
124.0
124.0
124.5
124.5
123.5
123.5
123.5
122.75
122.75
122.75
122.75
122.75
123.25
123.25
124.0
124.0
124.75
124.75
126.25
126.25
127.0
127.0
128.5
128.5
127.5
127.5
127.0
127.0
127.0
126.75
126.75
125.75
125.75
125.25
125.25
125.25
125.25
122.25
122.25
121.5
121.5
122.0
122.0
121.25
121.25
121.5
121.5
120.0
120.0
123.0
122.5
122.5
122.0
122.0
125.0
129.0
129.0
132.0
132.0
136.0
136.0
137.75
141.0
141.0
142.0
142.0
139.25
137.5
137.5
137.5
137.5
124.0
124.0
124.0
123.75
123.75
123.75
123.75
123.75
123.75
123.75
123.75
123.75
119.54545454545455
115.3409090909091
111.13636363636364
106.93181818181819
102.72727272727273
98.52272727272728
94.31818181818183
90.11363636363637
85.9090909090909
81.70454545454545
77.5
77.5
77.5
76.5
76.5
76.25
76.25
77.75
77.75
77.75
79.0
79.0
79.0
79.0
79.0
79.0
78.5
78.5
78.5
78.75
78.75
78.5
78.5
78.5
78.5
78.5
78.5
78.5
78.5
78.5
78.5
78.5
78.5
82.3125
86.125
89.9375
93.75
97.5625
101.375
105.1875
109.0
109.0
109.0
108.75
108.75
108.75
108.75
108.75
108.75
109.0
109.0
108.75
108.75
109.91666666666667
111.08333333333333
112.25
113.41666666666667
114.58333333333333
115.75
115.75
116.5
116.5
117.5
117.5
117.75
117.75
118.5
118.5
118.5
119.5
119.5
120.0
120.0
120.25
120.25
120.75
120.75
121.75
121.75
121.75
122.75
122.75
122.5
122.5
122.25
122.25
122.5
122.5
125.0
125.0
124.5
124.5
124.5
125.25
125.25
123.25
123.25
122.5
122.5
120.75
120.75
119.5
119.5
118.75
118.75
118.0
118.0
118.0
118.0
118.0
118.0
118.75
118.75
118.25
118.25
118.0
118.0
116.5
116.5
115.5
115.5
112.75
112.75
109.25
109.25
109.25
108.5
108.5
108.75
108.75
109.5
109.5
110.75
110.75
111.0
111.0
112.75
112.75
116.5
116.5
116.5
117.0
117.0
115.0
115.0
112.5
112.5
109.0
109.0
107.25
107.25
109.0
109.0
109.0
111.75
111.75
112.75
112.75
112.75
112.75
110.0
110.0
108.5
108.5
109.0
109.0
109.0
110.5
110.5
111.75
111.75
110.25
110.25
109.25
109.25
110.5
110.5
111.75
111.75
111.75
112.25
112.25
112.75
112.75
112.5
112.5
112.5
112.5
113.5
113.5
113.25
113.25
112.0
112.0
112.5
112.5
112.25
112.25
112.25
111.25
111.25
109.75
109.75
108.5
108.5
106.5
106.5
106.5
105.0
105.0
103.5
103.5
101.0
101.0
101.0
98.25
98.25
97.25
97.25
97.5
97.5
97.5
97.0
97.0
97.0
97.0
97.0
96.25
96.25
97.25
97.25
97.25
96.75
96.75
95.5
95.5
95.5
94.25
94.25
97.25
97.25
97.25
100.25
100.25
100.25
101.0
101.0
101.25
101.25
101.0
101.0
101.0
100.25
100.25
100.5
100.5
100.5
100.5
100.5
100.5
100.5
100.5
100.5
100.25
100.25
100.5
100.5
100.625
100.75
100.875
101.0
101.125
101.25
101.25
101.75
101.75
102.0
102.0
102.0
102.75
102.75
104.0
104.0
104.0
105.0
105.0
105.75
105.75
106.0
106.0
106.0
106.75
106.75
107.25
107.25
107.5
107.5
107.0
107.0
107.75
107.75
107.5
107.5
107.5
107.5
107.25
107.25
107.5
107.5
107.5
107.25
107.25
107.32236842105263
107.39473684210526
107.46710526315789
107.53947368421052
107.61184210526316
107.6842105263158
107.75657894736842
107.82894736842105
107.90131578947368
107.97368421052632
108.04605263157895
108.11842105263158
108.1907894736842
108.26315789473684
108.33552631578948
108.40789473684211
108.48026315789474
108.55263157894737
108.625
108.69736842105263
108.76973684210526
108.84210526315789
108.91447368421052
108.98684210526316
109.0592105263158
109.13157894736842
109.20394736842105
109.27631578947368
109.34868421052632
109.42105263157895
109.49342105263158
109.5657894736842
109.63815789473684
109.71052631578948
109.78289473684211
109.85526315789474
109.92763157894737
110.0
110.0
110.75
110.75
111.0
111.0
111.25
111.25
111.25
111.25
112.0
112.0
111.75
111.75
112.25
112.25
113.0
113.0
113.0
114.25
114.25
115.0
115.0
115.25
115.25
115.25
115.25
115.75
115.75
115.5
115.5
116.0
116.0
115.75
115.75
115.75
115.75
116.0
116.0
116.0
116.0
116.5
116.5
116.5
116.5
117.0
117.0
117.0
116.75
116.75
116.5
116.5
116.0
116.0
116.75
116.75
117.0
117.0
116.75
116.75
117.25
117.25
115.75
115.75
114.5
114.5
114.0
114.0
114.0
114.0
114.5
114.5
114.0
114.0
114.25
114.25
114.25
113.0
113.0
112.75
112.75
112.75
112.75
112.75
112.75
112.75
112.75
110.0
110.0
110.5
110.5
109.25
109.25
109.0
109.0
108.25
108.25
108.25
107.5
107.5
107.25
107.25
107.0
107.0
106.5
106.5
106.5
106.0
106.0
105.25
105.25
104.25
104.25
104.25
104.0
104.0
103.75
103.75
104.0
104.0
103.0
103.0
103.0
103.0
103.0
101.75
101.75
101.75
102.0
102.0
101.25
101.25
101.5
101.5
101.5
101.25
101.25
102.5
102.5
102.75
102.75
102.75
102.5
102.5
102.0
102.0
102.5
102.5
102.0
102.0
101.25
101.25
101.25
101.5
101.5
102.25
102.25
101.5
101.5
101.5
101.5
101.5
101.75
101.75
102.25
102.25
102.25
102.5
101.5
101.5
101.5
102.25
102.25
102.75
102.75
102.75
103.0
103.0
102.25
102.25
102.25
102.25
102.0
102.0
102.0
100.75
100.75
101.25
101.25
101.25
101.5
101.5
102.75
102.75
102.25
102.25
102.0
102.0
101.5
101.5
101.25
101.25
102.0
102.0
101.75
101.75
101.75
103.25
103.25
105.0
105.0
104.25
104.25
104.25
103.25
103.25
101.0
101.0
102.0
102.0
102.0
101.25
101.25
100.25
100.25
100.25
100.75
100.75
101.25
101.25
100.75
100.75
100.75
101.5
101.5
101.25
101.25
101.25
101.25
101.25
101.5
101.5
101.5
101.5
101.0
101.0
101.0
101.0
101.5
101.5
101.5
101.5
101.5
101.5
101.5
101.75
101.75
101.75
102.75
102.75
102.0
102.0
102.0
102.0
102.0
102.0
102.0
102.0
102.0
102.0
101.5
101.5
101.5
102.0
102.0
102.0
103.0
103.0
103.5
103.5
101.25
101.25
101.25
100.25
100.25
98.75
98.75
104.0
104.0
106.0
106.0
106.0
106.0
106.0
106.0
106.0
106.0
105.75
105.75
105.75
106.0
106.0
106.0
108.73684210526316
111.47368421052632
114.21052631578948
116.94736842105263
119.6842105263158
122.42105263157895
125.15789473684211
127.89473684210526
130.6315789473684
133.3684210526316
136.10526315789474
138.8421052631579
141.57894736842104
144.31578947368422
147.05263157894737
149.78947368421052
152.5263157894737
155.26315789473685
158.0
158.0
157.0
155.75
155.75
155.75
155.75
155.75
155.75
155.75
155.75
155.75
155.75
155.75
156.0
151.92857142857142
147.85714285714286
143.78571428571428
139.71428571428572
135.64285714285714
131.57142857142858
127.5
123.42857142857143
119.35714285714286
115.28571428571429
111.21428571428572
107.14285714285714
103.07142857142857
99.0
99.0
99.75
99.75
99.75
99.75
99.75
99.75
99.75
99.75
99.5
99.5
99.5
99.5
99.5
99.25
99.25
99.0
99.0
99.0
99.0
99.0
99.25
99.25
99.25
99.5
99.5
99.75
99.75
99.75
99.75
99.75
100.0
100.0
99.25
99.25
99.25
99.25
99.25
100.0
100.0
100.75
100.75
100.75
102.0
102.0
101.25
101.25
100.5
100.5
100.5
101.0
101.0
101.25
101.25
101.25
101.5
102.0
102.0
102.0
101.5
101.5
102.5
102.5
102.5
102.5
104.0
104.0
104.0
104.0
104.0
103.0
103.0
103.25
103.25
103.75
103.75
103.75
105.25
105.25
105.25
105.25
105.25
104.0
104.0
104.0
104.5
104.5
106.0
106.0
105.5
105.5
105.5
105.0
105.0
92.0
92.0
92.0
92.0
92.0
85.75
85.75
80.75
80.75
80.75
80.75
81.0
81.0
81.0
80.75
80.75
80.75
81.0
81.0
81.0
81.5670731707317
82.13414634146342
82.70121951219512
83.26829268292683
83.83536585365853
84.40243902439025
84.96951219512195
85.53658536585365
86.10365853658537
86.67073170731707
87.23780487804878
87.80487804878048
88.3719512195122
88.9390243902439
89.5060975609756
90.07317073170732
90.64024390243902
91.20731707317073
91.77439024390243
92.34146341463415
92.90853658536585
93.47560975609755
94.04268292682927
94.60975609756098
95.17682926829268
95.7439024390244
96.3109756097561
96.8780487804878
97.4451219512195
98.01219512195122
98.57926829268293
99.14634146341463
99.71341463414635
100.28048780487805
100.84756097560975
101.41463414634146
101.98170731707317
102.54878048780488
103.11585365853658
103.6829268292683
104.25
104.25
101.5
101.5
102.25
102.25
103.5
103.5
103.5
103.5
103.5
103.5
103.5
103.5
103.25
103.25
103.25
104.0
104.0
103.25
103.25
103.75
103.75
103.75
102.75
102.75
102.5
102.5
102.25
102.25
102.25
102.0
102.0
102.0
102.0
102.0
102.0
102.0
102.25
102.25
102.75
102.75
104.5
104.5
104.5
104.0
104.0
104.5
104.5
103.75
103.75
103.75
103.5
103.5
104.25
104.25
105.5
105.5
105.5
105.5
105.5
105.75
105.75
105.0
105.0
104.0
104.0
104.5
104.5
104.5
104.25
104.25
104.5
104.5
104.5
104.5
104.0
104.0
104.0
104.0
104.0
104.0
104.0
104.0
104.0
104.0
104.0
