120.0
120.0
120.0
120.0
120.25
120.25
120.75
120.75
121.0
121.0
121.5
121.5
121.5
121.5
121.5
121.5
120.75
120.75
120.0
120.0
118.25
118.25
116.75
116.75
114.0
114.0
114.25
114.25
112.5
112.5
112.5
111.5
111.5
111.75
111.75
110.75
110.75
110.75
108.25
108.25
108.25
108.25
108.0
108.0
108.25
108.25
108.25
107.75
107.75
107.0
107.0
107.0
107.0
106.75
106.75
106.75
108.0
108.0
107.25
107.25
107.25
107.25
107.25
107.0
107.0
106.75
106.75
107.0
107.0
107.0
107.0
107.5
107.5
107.5
107.5
107.5
107.25
107.25
108.5
108.5
108.0
108.0
108.25
108.25
108.25
108.0
108.0
108.25
108.25
109.75
109.75
110.75
110.75
111.5
111.5
112.5
112.5
112.5
112.25
112.25
111.5
111.5
109.75
109.75
108.5
108.5
107.5
107.5
107.5
107.25
107.25
106.5
106.5
106.0
106.0
106.0
106.0
106.0
105.75
105.75
106.5
106.5
106.0
106.0
106.0
106.75
106.75
107.5
107.5
108.0
108.0
107.5
107.5
107.5
107.5
107.5
107.0
107.0
107.0
107.0
106.75
106.75
104.25
104.25
104.25
105.0
105.0
104.75
104.75
104.25
104.25
104.0
104.0
103.5
103.5
103.5
102.25
102.25
102.5
102.5
103.25
103.25
103.25
104.0
104.0
104.0
106.25
106.25
106.25
106.25
106.5
106.5
106.0
106.0
106.0
107.25
107.25
107.5
107.5
107.5
106.5
106.5
106.5
106.5
106.5
106.25
106.25
106.25
106.25
106.25
104.0
104.0
104.0
104.0
98.0
98.0
95.75
95.75
96.25
96.25
98.25
98.25
98.25
100.5
100.5
102.0
102.0
103.5
103.5
103.5
103.5
103.5
102.75
102.75
103.0
103.0
103.0
102.5
102.5
103.25
103.25
104.0
104.0
106.0
106.0
106.0
105.75
105.75
106.75
106.75
107.0
107.0
107.0
107.0
107.0
106.5
106.5
106.5
106.5
107.5
107.5
107.25
107.25
107.25
107.5
107.5
108.0
108.0
108.25
108.25
108.25
108.25
108.25
107.0
107.0
107.25
107.25
106.5
106.5
106.75
106.75
106.75
107.5
107.5
108.0
108.0
109.5
109.5
110.0
110.0
110.75
110.75
111.75
111.75
112.0
112.0
112.0
111.0
111.0
111.5
111.5
110.25
110.25
110.5
110.5
110.25
110.25
110.25
110.0
110.0
109.0
109.0
107.75
107.75
107.25
107.25
107.25
107.5
107.5
107.5
107.5
107.25
107.25
108.0
108.0
108.25
108.25
110.75
110.75
111.0
111.0
111.0
112.5
112.5
113.75
113.75
113.75
113.75
113.75
113.75
113.75
113.75
113.75
113.75
113.75
113.75
119.5
119.5
119.75
119.75
119.25
119.25
117.0
117.0
116.0
116.0
115.0
115.0
114.5
113.25
113.25
113.25
112.25
112.25
111.5
111.5
111.25
111.25
111.25
111.25
111.25
111.25
111.25
112.0
112.0
111.25
111.25
111.25
111.75
111.75
112.25
112.25
112.0
112.0
112.5
112.5
112.5
112.5
111.5
111.5
110.5
110.5
110.5
109.0
109.0
108.0
108.0
108.0
108.0
108.25
108.25
108.25
108.25
108.25
107.25
107.25
107.25
107.25
107.5
107.5
106.5
106.5
106.5
105.0
105.0
103.5
103.5
103.5
103.5
103.5
102.5
102.5
101.0
101.0
99.5
99.5
97.5
97.5
97.75
97.75
99.0
99.0
101.25
101.25
102.5
102.5
102.5
102.75
102.75
104.5
104.5
106.25
106.25
107.0
107.0
107.0
107.5
107.5
108.25
108.25
109.0
109.0
110.25
110.25
111.5
111.5
112.0
112.0
112.75
112.75
112.75
113.5
113.5
114.25
114.25
114.0
114.0
113.5
113.5
113.5
113.5
113.5
113.5
113.25
113.25
113.5
113.5
113.5
113.25
113.25
112.75
112.75
113.0
113.0
112.75
112.75
112.25
112.25
113.0
113.0
112.75
112.75
112.75
112.75
112.75
112.75
112.75
112.5
112.5
112.0
112.0
111.75
111.75
111.0
111.0
110.5
110.5
110.5
110.0
110.0
111.0
111.0
110.75
110.75
110.75
110.75
110.0
110.0
109.5
109.5
109.5
110.0
110.0
109.75
109.75
109.25
109.25
109.0
109.0
109.5
109.5
109.5
109.5
109.5
109.75
109.75
110.5
110.5
110.0
110.0
111.0
111.0
111.0
111.0
111.0
111.5
111.5
111.75
111.75
111.25
111.25
111.25
111.25
111.0
111.0
110.75
110.75
110.75
109.75
109.75
107.5
107.5
107.25
107.25
107.25
107.25
107.25
107.25
107.25
107.75
107.75
108.5
108.5
109.0
109.0
108.75
108.75
108.75
109.0
109.0
109.25
109.25
110.0
110.0
109.75
109.75
109.75
109.75
109.75
109.75
109.75
110.5
110.5
111.0
111.0
111.75
111.75
112.5
112.5
112.5
112.5
113.0
113.0
112.75
112.75
112.75
112.0
112.0
111.75
111.75
110.75
110.75
110.25
110.25
108.25
108.25
108.25
108.0
108.0
105.25
105.25
107.0
107.0
107.5
107.5
107.5
108.75
108.75
109.25
109.25
109.75
109.75
110.0
110.0
110.5
110.5
110.25
110.25
110.25
110.25
110.25
109.75
109.75
109.75
109.75
109.5
109.5
109.5
109.5
109.5
109.25
109.25
110.0
110.0
111.0
111.0
111.25
111.25
113.0
113.0
113.5
113.5
113.25
113.25
113.25
113.25
113.0
113.0
113.0
113.5
113.5
113.0
113.0
112.25
112.25
112.5
112.5
112.75
112.75
113.5
113.5
113.0
113.0
112.0
112.0
112.25
112.25
112.5
112.5
111.75
111.75
111.75
110.75
110.75
108.5
108.5
108.0
108.0
108.0
108.0
108.25
108.0
108.0
107.75
107.75
107.75
107.75
107.75
107.75
107.5
107.5
107.5
107.5
107.5
108.0
108.0
108.25
108.25
108.25
108.25
108.0
108.0
109.5
109.5
109.5
108.25
108.25
107.5
107.5
106.75
106.75
107.0
107.0
107.0
106.25
106.25
106.5
106.5
106.75
106.75
106.75
106.75
106.75
107.0
107.0
107.0
107.5
107.5
107.75
107.75
107.5
107.5
108.0
108.0
108.0
108.0
108.0
107.5
107.5
108.5
108.5
110.0
110.0
110.0
110.0
111.5
111.5
111.5
111.75
111.75
111.25
111.25
111.5
111.5
112.0
112.0
111.25
111.25
112.0
112.0
112.0
112.0
112.0
112.0
112.0
112.0
112.0
112.0
112.0
112.0
112.0
112.0
112.0
111.75
111.75
112.0
112.0
108.0
108.0
108.0
109.0
109.0
108.0
108.0
108.0
108.0
108.0
108.0
108.0
106.75
106.75
106.5
106.5
108.5
108.5
108.75
108.75
108.75
108.75
108.75
108.75
108.75
108.75
108.75
108.75
108.75
108.75
108.75
108.75
108.75
108.75
111.25
111.25
106.75
106.75
108.25
108.25
108.25
108.5
108.5
108.75
108.75
108.0
108.0
108.25
108.25
109.5
109.5
109.5
109.5
109.5
108.75
108.75
108.0
108.0
108.75
108.75
107.5
107.5
107.5
107.5
107.5
108.5
108.5
107.75
107.75
108.0
108.0
107.5
107.5
107.5
108.5
108.5
109.0
109.0
109.75
109.75
111.25
111.25
111.75
111.75
112.25
112.25
112.25
112.5
112.5
112.0
112.0
112.75
112.75
114.75
114.75
115.0
115.0
114.25
114.25
113.75
113.75
113.75
109.75
109.75
109.5
109.5
108.75
108.75
107.75
107.75
107.75
107.5
107.5
107.75
107.75
108.25
108.25
108.0
108.0
107.5
107.5
107.5
107.5
107.5
107.5
107.5
107.5
107.0
107.0
107.0
107.0
107.0
107.0
107.25
107.25
108.0
108.0
108.0
108.0
108.0
108.0
108.0
108.5
108.5
109.0
109.0
110.25
110.25
110.5
110.5
110.75
110.75
112.0
112.0
112.0
112.75
112.75
112.5
112.5
113.0
113.0
113.0
113.0
112.0
112.0
112.75
112.75
113.25
113.25
114.0
114.0
113.5
113.5
113.5
114.25
114.25
114.25
114.25
113.75
113.75
113.25
113.25
112.75
112.75
111.25
111.25
111.25
110.0
110.0
110.75
110.75
110.5
110.5
110.25
110.25
110.25
110.25
110.0
110.0
110.0
110.25
110.25
111.0
111.0
111.0
111.0
112.0
112.0
112.0
112.0
112.0
112.0
112.5
112.5
112.5
111.75
111.75
111.75
111.75
112.25
112.25
112.5
112.5
112.75
112.75
112.75
112.75
112.0
112.0
112.0
112.0
112.0
112.5
112.5
111.25
111.25
111.75
111.75
111.75
110.0
110.0
110.0
110.0
110.0
110.0
109.75
109.75
110.25
110.25
110.25
110.25
111.0
111.0
111.5
111.5
112.0
112.0
112.0
112.5
112.5
113.5
113.5
113.5
113.5
114.0
114.0
114.25
114.25
114.0
114.0
114.25
114.25
114.25
114.25
114.0
114.0
114.0
113.25
113.25
114.0
114.0
114.5
114.5
114.25
114.25
115.0
115.0
115.5
115.5
116.0
116.0
114.75
114.75
114.0
114.0
114.5
114.5
114.5
114.5
114.5
115.0
115.0
114.25
114.25
114.25
112.25
112.25
112.5
112.5
113.0
113.0
113.0
112.5
112.5
112.5
112.5
110.75
110.75
112.0
112.0
113.25
113.25
112.25
112.25
112.5
112.5
112.5
112.5
112.25
112.25
112.25
112.25
112.5
112.5
111.06818181818181
109.63636363636364
108.20454545454545
106.77272727272727
105.3409090909091
103.9090909090909
102.47727272727273
101.04545454545455
99.61363636363636
98.18181818181819
96.75
95.31818181818181
93.88636363636364
92.45454545454545
91.02272727272727
89.5909090909091
88.1590909090909
86.72727272727272
85.29545454545455
83.86363636363636
82.43181818181819
81.0
79.56818181818181
78.13636363636364
76.70454545454545
75.27272727272727
73.8409090909091
72.4090909090909
70.97727272727272
69.54545454545455
68.11363636363636
66.68181818181819
65.25
65.25
65.25
65.25
65.25
66.0
66.0
66.0
66.0
66.0
66.0
66.0
66.0
65.75
65.75
65.75
66.0
66.0
74.125
82.25
90.375
98.5
106.625
114.75
114.75
114.75
114.5
114.5
114.25
114.25
113.75
113.75
114.0
114.0
113.75
113.75
113.5
113.5
113.75
113.75
113.5
113.5
113.5
113.5
113.5
113.25
113.25
113.25
113.25
113.0
113.0
112.5
112.5
111.5
111.5
110.5
110.5
110.5
110.0
110.0
109.75
109.75
109.5
109.5
109.0
109.0
109.5
109.5
109.5
109.0
109.0
108.75
108.75
109.0
109.0
109.5
109.5
110.75
110.75
111.0
111.0
111.0
112.0
112.0
109.5
109.5
109.75
109.75
109.75
109.75
111.0
111.0
111.0
111.0
109.5
109.5
109.5
109.5
109.5
109.5
109.5
109.5
109.5
109.25
109.25
109.5
109.5
109.5
109.5
109.5
109.5
109.3529411764706
109.20588235294117
109.05882352941177
108.91176470588235
108.76470588235294
108.61764705882354
108.47058823529412
108.32352941176471
108.17647058823529
108.02941176470588
107.88235294117646
107.73529411764706
107.58823529411765
107.44117647058823
107.29411764705883
107.1470588235294
107.0
107.0
110.25
110.25
108.5
108.5
110.0
110.0
110.0
108.5
108.5
107.75
107.75
107.25
107.25
107.5
107.5
107.5
107.5
107.5
107.75
107.75
107.75
113.5
113.5
113.5
113.5
113.5
113.5
113.5
113.25
113.25
113.25
113.25
102.75
102.75
93.25
93.25
93.25
93.5
93.5
93.5
93.5
93.5
93.5
93.25
93.25
93.25
93.25
93.80833333333334
94.36666666666666
94.925
95.48333333333333
96.04166666666667
96.6
97.15833333333333
97.71666666666667
98.275
98.83333333333333
99.39166666666667
99.95
100.50833333333334
101.06666666666666
101.625
102.18333333333334
102.74166666666666
103.3
103.85833333333333
104.41666666666667
104.975
105.53333333333333
106.09166666666667
106.65
107.20833333333333
107.76666666666667
108.325
108.88333333333334
109.44166666666666
110.0
110.0
108.0
108.0
108.0
108.0
108.0
108.0
107.75
107.75
107.75
107.75
108.0
108.0
107.75
107.75
107.75
107.88157894736842
108.01315789473684
108.14473684210526
108.27631578947368
108.40789473684211
108.53947368421052
108.67105263157895
108.80263157894737
108.9342105263158
109.0657894736842
109.19736842105263
109.32894736842105
109.46052631578948
109.59210526315789
109.72368421052632
109.85526315789474
109.98684210526316
110.11842105263158
110.25
110.25
110.25
110.25
110.25
111.0
112.25
112.25
113.0
113.0
113.25
113.25
113.5
113.5
113.5
113.25
113.25
114.25
114.25
114.25
114.25
114.75
114.75
115.0
115.0
114.75
114.75
114.75
114.25
114.0
114.0
113.0
113.0
113.0
112.25
112.25
112.25
112.25
111.5
111.5
111.5
111.5
110.25
110.25
89.0
89.0
110.5
110.5
109.5
109.5
110.25
110.25
110.0
110.0
111.25
111.25
111.25
110.75
110.75
111.75
111.75
112.0
112.0
111.25
111.25
110.25
110.25
110.25
110.25
110.25
108.0
108.0
108.0
108.0
108.0
108.0
108.0
107.75
107.75
107.75
107.75
108.0
108.0
108.0
107.75
108.01612903225806
108.28225806451613
108.54838709677419
108.81451612903226
109.08064516129032
109.34677419354838
109.61290322580645
109.87903225806451
110.14516129032258
110.41129032258064
110.6774193548387
110.94354838709677
111.20967741935483
111.4758064516129
111.74193548387096
112.00806451612902
112.2741935483871
112.54032258064517
112.80645161290323
113.0725806451613
113.33870967741936
113.60483870967742
113.87096774193549
114.13709677419355
114.40322580645162
114.66935483870968
114.93548387096774
115.20161290322581
115.46774193548387
115.73387096774194
116.0
116.0
116.0
116.5
117.0
117.0
117.0
117.0
117.0
117.5
117.5
118.0
118.0
118.5
118.5
119.5
119.5
119.5
119.5
120.5
120.75
120.75
121.25
121.25
121.25
121.25
121.75
121.75
121.75
121.75
121.25
121.25
121.5
121.5
122.0
122.0
121.75
121.75
122.5
122.5
123.25
123.25
124.0
124.0
124.25
124.25
125.0
125.0
125.0
125.0
126.25
126.25
126.75
128.0
128.0
127.25
127.25
128.5
128.5
128.0
128.0
128.0
128.0
128.0
128.0
128.5
129.25
129.25
129.25
129.25
129.5
129.5
129.5
129.5
129.5
129.5
129.5
129.5
129.5
129.5
129.5
129.5
129.5
129.5
129.5
129.5
129.5
129.5
129.5
129.5
129.5
129.70833333333334
129.91666666666666
130.125
130.33333333333334
130.54166666666666
130.75
130.75
130.0
130.0
131.5
131.5
125.0
125.0
127.25
127.25
127.25
127.25
127.5
127.5
134.25
134.25
134.25
138.0
136.5
136.5
136.5
142.75
142.75
138.0
137.5
137.5
139.0
139.0
139.5
139.5
139.0
136.0
136.0
133.25
133.25
133.25
132.5
132.5
129.75
129.75
129.75
129.75
130.25
130.25
130.25
130.25
130.25
130.25
130.5
130.5
130.25
135.75
135.75
135.75
135.75
136.5
136.5
135.5
135.25
135.25
135.25
135.25
135.0
135.0
135.0
134.25
134.25
134.5
134.5
135.0
134.5
134.5
135.0
135.0
135.5
135.5
136.75
137.75
137.75
137.25
137.25
138.25
138.25
139.0
139.0
140.75
140.5
140.5
140.5
139.75
140.75
140.75
140.0
140.0
137.25
137.25
135.5
135.5
124.0
124.0
124.5
124.5
126.25
126.25
125.0
123.75
123.75
123.75
123.75
122.75
122.75
122.0
122.0
121.25
121.25
125.0
125.0
126.0
126.0
128.0
128.0
129.75
129.75
129.75
129.75
129.5
130.5
130.5
125.5
125.5
121.75
121.75
123.0
123.0
123.0
123.0
123.0
123.0
123.0
123.0
123.0
123.0
123.0
123.0
122.75
123.175
123.6
124.025
124.45
124.875
125.3
125.725
126.15
126.575
127.0
127.0
129.0
129.0
130.5
130.5
132.0
132.0
132.0
132.0
132.75
133.0
133.0
134.25
134.25
134.25
134.25
135.0
135.0
135.0
134.25
134.25
114.75
114.75
103.5
103.5
103.5
102.5
102.5
100.5
100.5
99.75
99.75
99.75
97.75
97.75
97.75
97.0
97.0
96.5
96.5
96.0
96.0
96.0
102.25
102.25
112.0
112.0
118.5
118.5
122.0
122.0
124.5
124.5
126.25
126.25
125.75
125.75
129.25
129.25
128.75
127.5
127.5
124.25
124.25
124.25
121.75
121.75
121.75
121.75
121.75
121.75
121.75
121.75
122.0
122.0
124.5
124.5
125.0
125.0
124.0
124.0
127.25
127.25
129.5
129.5
128.75
128.75
128.5
128.5
125.75
125.75
125.75
126.5
126.5
127.0
127.0
127.0
127.0
128.0
128.0
125.25
125.25
107.25
107.25
93.25
93.25
86.0
86.0
86.0
86.25
86.25
86.25
86.25
87.25
87.25
98.0
98.0
112.25
112.25
112.0
112.0
106.75
106.75
104.25
104.25
104.25
101.25
101.25
100.5
100.5
102.0
102.0
102.0
105.5
105.5
107.5
107.5
108.75
108.75
108.75
107.25
107.25
105.25
105.25
105.25
105.25
105.25
106.75
106.75
109.5
109.5
112.25
112.25
114.5
114.5
116.25
116.25
118.25
118.25
119.5
119.5
120.0
120.0
121.75
121.75
122.5
123.0
123.0
123.75
123.75
123.0
123.0
123.0
123.0
124.0
124.0
123.5
123.5
121.75
121.75
121.75
120.25
120.25
120.75
120.0
120.0
119.0
119.0
118.75
118.75
118.75
118.75
119.25
119.25
118.75
118.75
119.25
119.25
119.5
119.5
118.75
118.75
118.75
118.75
118.75
118.75
118.25
118.25
118.25
118.0
118.0
117.75
117.75
117.25
117.25
116.75
116.75
116.75
116.75
115.0
115.0
115.5
115.5
116.0
116.0
116.5
116.5
116.25
116.25
116.0
116.0
115.75
115.75
114.5
114.5
114.0
114.0
114.0
114.0
114.0
113.25
113.25
114.25
114.25
114.0
114.0
114.25
114.25
114.75
114.75
114.75
114.75
114.25
114.25
113.5
113.5
113.5
113.75
113.75
114.0
114.0
113.75
113.75
113.0
113.0
113.0
113.0
112.25
112.25
112.25
111.25
111.25
112.75
112.75
114.0
115.75
115.75
115.0
115.0
116.5
116.5
115.0
115.0
114.25
114.25
113.0
113.0
114.25
114.25
116.0
116.0
117.25
117.25
117.75
117.75
118.5
118.5
118.0
118.0
116.75
116.75
116.75
116.75
114.5
114.5
114.5
114.5
115.0
115.0
115.0
114.0
114.0
112.25
112.25
111.25
111.25
111.25
111.25
110.5
110.5
108.75
108.75
108.75
107.0
107.0
107.0
107.0
107.0
107.0
106.25
106.25
105.25
105.25
105.5
105.5
105.5
106.25
106.25
106.25
106.25
106.0
106.0
106.5
106.5
106.5
107.25
107.25
107.25
107.25
107.0
107.0
107.25
107.25
107.25
107.0
107.0
106.75
106.75
106.75
106.75
106.75
106.75
106.75
106.75
106.75
106.75
106.75
107.0
107.0
112.75
112.75
112.25
112.25
112.25
112.25
112.25
112.5
111.25
111.25
111.25
110.75
110.75
108.75
108.75
108.75
108.75
109.5
109.5
109.5
109.75
109.75
109.25
109.25
109.0
109.0
108.75
108.75
109.75
109.75
110.0
110.0
110.0
109.25
109.25
109.0
109.0
109.0
109.0
109.5
109.5
109.0
109.0
109.0
108.25
108.25
107.25
107.25
107.25
107.25
106.5
106.5
106.75
106.75
106.75
106.25
106.25
106.25
106.25
106.25
105.0
105.0
106.0
106.0
106.75
106.75
108.75
108.75
111.0
111.0
112.0
112.0
112.0
112.0
111.0
111.0
112.5
112.5
112.5
112.5
113.0
113.0
111.25
111.25
111.25
110.25
109.25
109.25
109.5
109.5
109.5
109.25
109.25
109.0
109.0
107.5
107.5
107.5
108.25
108.25
108.5
108.5
108.5
108.5
108.5
108.5
108.5
108.5
108.5
108.25
108.25
93.5
93.5
95.25
95.25
94.75
94.75
94.25
94.25
94.25
93.75
93.75
93.5
93.5
93.5
92.5
92.5
92.5
92.5
92.5
93.0
93.0
92.75
92.75
92.75
92.25
92.25
92.25
92.25
92.25
92.5
92.5
92.5
93.0
93.0
94.5
94.5
94.5
96.75
96.75
97.0
97.0
97.0
97.75
97.75
98.5
98.5
98.5
97.0
97.0
94.5
94.5
94.5
97.5
97.5
100.0
100.0
103.5
103.5
103.5
105.25
105.25
104.5
104.5
104.25
104.25
104.0
104.0
104.0
104.25
104.25
105.25
105.25
104.25
104.25
104.25
103.5
103.5
103.25
103.25
104.25
104.25
104.25
103.25
103.25
104.0
104.0
103.0
103.0
103.0
103.0
103.0
103.0
103.0
103.25
103.25
103.25
104.5
104.5
104.75
104.75
106.75
106.75
107.25
107.25
107.25
107.5
107.5
106.25
106.25
105.0
105.0
104.75
104.75
104.75
104.0
104.0
101.25
101.25
102.5
102.5
102.5
102.25
102.25
102.0
102.0
102.75
102.75
102.75
104.75
104.75
105.5
105.5
104.0
104.0
104.0
103.25
103.25
104.0
104.0
103.0
103.0
105.25
105.25
105.25
105.25
105.25
104.25
104.25
104.75
104.75
104.75
104.5
104.5
103.25
103.25
104.0
104.0
104.0
103.75
103.75
101.5
101.5
101.25
101.25
101.25
102.25
102.25
103.0
103.0
103.75
103.75
103.75
103.25
103.25
102.75
102.75
103.5
103.5
103.5
103.75
103.75
103.25
103.25
103.75
103.75
103.75
105.25
105.25
105.25
105.25
105.5
105.5
104.0
104.0
104.0
104.0
104.0
105.0
105.0
103.25
103.25
103.25
102.0
102.0
103.75
103.75
104.5
104.5
104.5
105.25
105.25
104.0
104.0
103.0
103.0
103.0
103.25
103.25
103.25
103.25
102.5
102.5
102.5
104.5
104.5
104.5
104.5
104.5
104.5
105.5
105.5
105.5
105.5
105.5
105.5
105.5
105.5
105.5
105.25
105.25
105.5
105.5
105.5
106.25
106.25
102.5
102.5
104.75
104.75
104.75
103.75
103.75
108.5
108.5
108.5
108.5
112.0
112.0
112.0
112.0
112.0
112.0
112.0
111.75
111.75
112.0
112.0
112.0
112.0
122.5
122.5
124.5
124.5
124.5
124.5
124.5
124.5
124.25
124.25
124.25
124.25
124.25
124.25
124.25
124.25
124.25
124.25
122.83333333333333
121.41666666666667
120.0
118.58333333333333
117.16666666666667
115.75
114.33333333333333
112.91666666666667
111.5
110.08333333333333
108.66666666666667
107.25
105.83333333333333
104.41666666666667
103.0
103.0
101.75
101.75
104.75
104.75
104.0
104.0
104.0
104.0
103.75
103.75
104.0
104.0
107.5
107.5
107.5
107.5
107.5
107.5
107.75
107.75
107.75
107.75
107.75
107.5
107.5
107.5
108.25
108.25
108.25
108.25
108.25
108.25
108.25
108.25
108.25
108.25
108.25
108.25
108.7
109.15
109.6
110.05
110.5
110.95
111.4
111.85
112.3
112.75
112.75
112.5
112.5
111.75
111.75
110.75
110.75
109.25
109.25
109.25
108.0
108.0
109.0
109.0
109.5
109.5
109.75
109.75
111.25
111.25
111.25
110.0
110.0
110.0
110.0
109.75
109.75
111.0
111.0
110.5
110.5
110.5
108.5
108.5
109.25
109.25
109.5
109.5
110.5
110.5
109.0
109.0
108.5
108.5
108.5
107.5
107.5
108.0
108.0
107.5
107.5
107.25
107.25
107.25
106.25
106.25
106.25
106.25
106.5
106.5
107.25
107.25
107.25
107.5
107.5
107.75
107.75
106.75
106.75
105.5
105.5
105.5
105.5
105.5
105.25
105.25
105.5
105.5
106.25
106.25
106.25
107.25
107.25
108.5
108.5
110.5
110.5
109.5
109.5
110.0
110.0
110.0
107.75
107.75
108.0
108.0
109.25
109.25
108.5
108.5
108.5
107.5
107.5
106.75
106.75
106.75
106.75
107.5
107.5
107.5
107.5
107.5
106.5
106.5
106.5
106.5
107.25
107.25
107.25
106.5
106.5
106.25
106.25
106.75
106.75
107.25
107.25
107.25
106.75
106.75
109.25
109.25
112.5
112.5
112.5
112.5
109.75
109.75
107.75
107.75
107.75
107.25
107.25
107.25
107.25
106.25
106.25
105.25
105.25
105.25
104.5
104.5
103.25
103.25
106.75
106.75
107.25
107.25
107.25
107.5
107.5
107.5
107.5
106.0
106.0
103.5
103.5
103.5
101.25
101.25
99.25
99.25
99.25
98.25
98.25
98.5
98.5
98.5
97.75
97.75
98.75
98.75
98.75
98.75
98.75
98.75
98.75
98.75
98.75
98.75
98.75
98.75
98.75
99.0
99.0
99.0
98.75
98.75
98.75
98.75
98.75
95.25
95.25
96.0
96.0
96.0
96.25
96.25
97.0
97.0
98.75
98.75
98.75
99.75
99.75
100.0
100.0
100.0
98.5
98.5
95.0
95.0
93.0
93.0
93.0
90.25
90.25
90.25
89.25
89.25
89.25
89.25
89.25
89.25
90.75
90.75
93.25
93.25
96.5
96.5
96.75
96.75
97.75
97.75
98.0
98.0
98.0
98.25
98.25
97.5
97.5
97.5
96.25
96.25
96.25
96.25
96.25
96.25
95.25
95.25
95.25
96.0
96.0
96.75
96.75
96.75
97.75
97.75
98.25
98.25
98.25
99.75
99.75
98.25
98.25
97.75
97.75
97.75
97.75
97.75
98.5
98.5
98.5
98.25
98.25
98.75
98.75
98.75
100.25
100.25
101.75
101.75
102.75
102.75
102.75
101.75
101.75
103.25
103.25
105.0
105.0
104.75
104.75
104.75
103.75
103.75
105.5
105.5
106.5
106.5
106.25
106.25
106.25
106.75
105.5
105.5
105.5
107.5
107.5
111.0
111.0
111.75
111.75
112.25
112.25
113.5
113.5
113.25
113.25
111.75
111.75
109.25
109.25
109.25
108.0
108.0
106.0
106.0
106.25
106.25
106.75
106.75
106.75
107.0
107.0
107.0
107.0
107.0
107.0
107.0
107.0
107.0
107.75
107.75
107.75
107.75
107.75
107.75
107.25
107.25
106.25
106.25
106.25
103.75
103.75
102.75
102.75
102.75
103.0
103.0
104.5
104.5
106.0
106.0
106.5
106.5
108.5
108.5
109.5
109.5
111.5
111.5
111.5
111.5
112.5
112.5
111.75
111.75
111.25
111.25
109.5
109.5
106.5
106.5
106.5
101.25
101.25
92.75
92.75
92.75
89.75
89.75
89.75
92.75
92.75
96.0
96.0
96.0
97.75
97.75
97.75
97.75
98.5
98.5
98.5
98.5
98.5
98.5
98.5
98.25
98.25
98.25
98.25
98.25
104.25
104.25
104.75
104.75
103.25
103.25
103.25
103.0
103.0
103.0
103.0
103.5
103.5
103.5
103.5
103.5
103.5
103.5
103.5
103.5
103.5
103.5
103.5
103.25
103.25
103.25
103.25
104.0
104.0
104.0
105.0
105.0
104.5
104.5
105.0
105.0
106.25
106.25
106.25
107.5
107.5
108.5
108.5
110.0
110.0
109.5
109.5
108.5
108.5
108.5
108.25
108.25
108.5
108.5
108.25
108.25
106.75
106.75
106.75
106.75
106.5
106.5
106.5
106.25
106.25
106.25
106.25
106.25
106.25
106.5
106.5
107.25
107.25
107.25
106.75
106.75
106.75
105.0
104.5
104.5
104.5
104.25
104.25
103.5
103.5
103.5
104.0
104.0
104.0
104.0
105.5
105.5
105.5
105.25
105.25
105.75
105.75
105.75
105.75
105.25
105.25
105.25
107.25
107.25
107.0
107.0
106.25
106.25
104.75
104.75
104.75
102.75
102.75
102.25
102.25
102.25
102.25
102.25
102.25
102.25
102.25
102.25
102.25
102.25
102.25
102.25
102.41666666666667
102.58333333333333
102.75
102.91666666666667
103.08333333333333
103.25
103.41666666666667
103.58333333333333
103.75
103.75
103.75
103.5
103.5
103.25
103.25
103.25
103.25
103.25
103.25
103.25
103.25
103.5
103.5
103.61842105263158
103.73684210526316
103.85526315789474
103.97368421052632
104.09210526315789
104.21052631578948
104.32894736842105
104.44736842105263
104.5657894736842
104.6842105263158
104.80263157894737
104.92105263157895
105.03947368421052
105.15789473684211
105.27631578947368
105.39473684210526
105.51315789473684
105.63157894736842
105.75
105.75
104.0
104.0
102.25
102.25
103.5
103.5
112.0
112.0
112.5
112.5
111.75
111.75
111.75
110.25
110.25
108.5
108.5
106.75
106.75
105.0
105.0
105.0
104.25
104.25
104.0
104.0
104.0
103.5
103.5
103.5
103.5
103.5
104.25
104.25
105.0
105.0
105.5
105.5
105.5
102.75
102.75
101.5
101.5
101.5
100.5
100.5
101.0
101.0
101.25
101.25
101.5
101.5
101.75
101.75
101.75
102.75
102.75
102.25
102.25
102.0
102.0
102.0
102.5
102.5
103.25
103.25
103.75
103.75
103.25
103.25
103.25
103.0
103.0
103.0
103.0
103.0
103.0
103.0
104.5
104.5
105.0
105.0
106.25
106.25
106.75
106.75
106.75
106.0
106.0
104.75
104.75
104.75
104.75
104.75
104.0
104.0
104.0
104.0
104.0
104.25
104.25
104.75
104.75
104.75
104.75
105.25
105.25
105.25
105.25
105.5
105.5
105.5
105.5
105.5
105.5
105.5
105.5
105.5
105.5
105.5
105.5
105.48333333333333
105.46666666666667
105.45
105.43333333333334
105.41666666666667
105.4
105.38333333333334
105.36666666666666
105.35
105.33333333333333
105.31666666666666
105.3
105.28333333333333
105.26666666666667
105.25
105.25
105.25
105.25
105.25
105.5
106.0
106.0
106.0
106.25
106.25
106.25
106.25
105.25
105.25
105.25
105.0
105.0
104.5
104.5
104.25
104.25
105.0
105.0
105.0
105.75
105.75
105.75
105.75
105.25
105.25
105.25
104.0
104.0
105.0
105.0
103.75
103.75
103.75
103.5
103.5
103.0
103.0
103.25
103.25
103.25
103.0
103.0
103.75
103.75
104.25
104.25
105.25
105.25
105.25
106.5
106.5
106.75
106.75
107.0
107.0
107.0
107.0
107.0
105.5
105.5
106.0
106.0
104.75
104.75
104.75
102.5
102.5
100.75
100.75
100.0
100.0
100.0
100.0
100.0
101.25
101.25
102.75
102.75
102.75
102.75
102.75
102.75
102.75
102.0
102.0
102.0
102.75
102.75
101.75
101.75
103.75
103.75
103.75
106.0
106.0
104.5
104.5
104.25
104.25
104.25
103.25
103.25
103.0
103.0
103.25
103.25
103.25
103.25
103.25
104.5
104.5
105.75
105.75
106.25
106.25
106.25
105.75
105.75
105.25
105.25
106.5
106.5
106.25
106.25
106.25
107.5
107.5
106.5
106.5
101.25
101.25
101.25
102.0
102.0
98.5
98.5
98.5
96.0
96.0
96.25
96.25
96.25
99.25
99.25
100.5
100.5
101.75
101.75
101.75
103.0
103.0
103.5
103.5
105.0
105.0
105.0
105.0
105.0
105.75
105.75
105.25
105.25
104.25
104.25
104.25
102.75
102.75
101.25
101.25
101.75
101.75
101.75
101.5
101.5
102.25
102.25
102.75
102.75
102.75
102.75
102.75
103.5
103.5
103.5
103.5
103.5
103.75
103.75
105.25
105.25
105.5
105.5
107.25
107.25
107.25
106.0
106.0
105.75
105.75
104.0
104.0
104.0
104.25
104.25
103.0
103.0
101.25
101.25
101.25
102.25
102.25
103.25
103.25
104.75
104.75
104.75
105.25
105.25
105.75
105.75
105.75
105.75
106.25
106.25
107.5
107.5
107.5
107.5
107.5
107.5
107.5
107.25
107.25
107.25
106.5
106.5
107.0
107.0
107.25
107.25
107.5
107.5
107.5
107.5
107.5
108.5
108.5
107.75
107.75
107.5
107.5
107.75
107.75
107.75
107.5
107.5
106.5
106.5
105.5
105.5
105.0
105.0
105.0
103.75
103.75
103.25
103.25
104.0
104.0
104.0
107.5
107.5
108.75
108.75
109.25
109.25
108.25
108.25
106.25
106.25
106.25
107.0
107.0
108.0
108.0
108.25
108.25
107.5
107.5
107.5
107.5
107.5
108.25
108.25
108.0
108.0
107.75
107.75
108.25
108.25
108.25
108.0
108.0
107.0
107.0
105.75
105.75
105.75
105.75
105.75
105.5
105.5
105.5
105.5
105.0
105.0
105.0
104.75
104.75
106.25
106.25
107.5
107.5
107.5
107.5
107.5
107.5
107.5
107.5
107.5
106.75
106.75
107.0
107.0
107.0
106.75
106.75
106.0
106.0
106.25
106.25
106.75
106.75
106.75
106.75
106.75
107.25
107.25
106.75
106.75
107.25
107.25
107.25
106.5
106.5
107.25
107.25
107.0
107.0
106.0
106.0
106.0
105.25
105.25
104.0
104.0
103.5
103.5
103.5
103.5
103.5
104.75
104.75
105.5
105.5
105.25
105.25
105.25
105.25
105.25
104.75
104.75
104.25
104.25
104.25
104.25
104.25
105.5
105.5
105.75
105.75
105.75
106.75
106.75
108.0
108.0
108.25
108.25
108.0
108.0
108.75
108.75
107.5
107.5
107.5
108.0
108.0
107.75
107.75
108.5
108.5
107.25
107.25
106.25
106.25
106.25
104.75
104.75
105.0
105.0
105.0
105.25
105.25
104.75
104.75
104.0
104.0
104.0
104.5
104.5
104.5
104.5
104.0
104.0
103.0
103.0
103.0
103.0
103.0
101.75
101.75
102.0
102.0
103.75
103.75
103.75
103.0
103.0
103.5
103.5
103.5
102.25
102.25
103.25
103.25
102.0
102.0
102.0
103.25
103.25
104.0
104.0
104.0
105.5
105.5
104.5
104.5
102.0
102.0
102.0
102.0
101.75
101.75
101.75
101.75
101.75
102.5
102.5
102.0
102.0
100.75
100.75
100.75
100.5
100.5
100.5
100.5
100.5
98.5
98.5
98.5
98.5
99.5
99.5
99.5
101.25
101.25
101.25
101.25
101.25
101.0
101.0
101.0
102.75
102.75
104.0
104.0
105.0
105.0
104.25
104.25
104.25
104.25
104.25
104.75
104.75
104.75
102.0
102.0
99.0
99.0
98.5
98.5
98.0
98.0
98.5
98.5
98.5
100.5
100.5
100.5
104.25
104.25
104.0
104.0
103.75
103.75
104.0
104.0
105.75
105.75
105.75
108.25
108.25
108.25
110.25
110.25
112.75
113.25
113.25
113.0
113.0
113.0
116.0
116.0
116.0
116.0
116.0
116.0
116.75
117.75
117.75
117.75
118.75
118.75
118.75
118.75
118.75
118.75
118.75
118.75
118.75
119.0
119.0
119.0
119.0
119.0
119.0
119.0
119.0
118.75
116.25
113.75
111.25
108.75
106.25
103.75
101.25
101.25
102.75
102.75
106.0
106.0
109.75
108.75
108.75
108.75
109.0
109.0
109.5
109.5
109.5
113.0
114.0
114.0
114.0
115.5
115.75
115.75
115.75
115.75
115.75
116.0
116.0
116.0
116.0
116.0
115.75
115.75
115.75
116.2
116.65
117.1
117.55
118.0
118.0
117.75
117.75
118.0
118.0
118.75
118.75
118.75
118.75
118.75
118.75
118.5
118.5
117.75
117.75
116.5
116.5
116.0
116.0
116.5
116.5
116.75
116.75
118.0
118.0
119.25
119.25
118.5
118.5
118.75
118.75
119.5
119.5
120.75
120.75
120.5
120.5
118.5
118.5
118.75
118.75
118.5
118.5
118.0
118.0
118.0
117.0
117.0
116.75
116.75
115.75
115.75
115.75
115.75
116.0
116.0
116.25
116.25
116.0
116.0
116.5
116.5
115.75
115.75
115.5
115.5
115.5
115.5
115.0
115.0
115.5
115.5
115.5
115.5
115.5
115.5
115.5
115.0
115.0
115.75
115.75
115.5
115.5
114.75
114.75
114.75
114.75
115.0
115.0
114.25
114.25
114.5
114.5
116.0
116.0
117.0
117.0
117.0
117.5
116.0
116.0
116.0
116.0
116.0
114.75
114.75
114.25
114.25
114.5
114.5
115.0
115.0
115.5
115.5
116.0
116.0
115.75
115.75
116.25
116.25
116.25
116.25
116.75
116.75
117.25
117.25
117.5
117.5
117.5
117.5
117.5
117.5
117.5
117.25
117.25
116.75
116.75
115.5
115.5
115.25
115.25
115.5
115.5
115.5
115.5
115.0
115.0
115.0
115.0
114.75
114.75
115.0
115.0
115.0
115.0
114.0
114.0
114.0
114.5
114.5
115.75
115.75
115.25
115.25
113.0
113.0
113.25
113.25
114.75
114.75
115.5
115.5
116.25
116.25
117.0
117.0
115.75
115.75
114.75
114.75
114.75
113.25
113.25
112.25
112.25
111.5
111.5
111.5
111.25
111.25
111.25
111.5
111.5
111.5
111.5
111.5
111.5
111.70833333333333
111.91666666666667
112.125
112.33333333333333
112.54166666666667
112.75
112.75
112.75
112.75
113.5
113.5
113.25
113.25
113.25
112.0
112.0
111.25
111.25
110.75
110.75
110.0
110.0
109.5
109.5
108.75
108.75
108.75
109.25
109.25
109.25
107.5
107.5
107.0
107.0
107.0
107.0
107.25
107.25
107.75
107.75
107.5
107.5
107.5
107.5
108.5
108.5
108.5
109.25
109.25
110.25
110.25
110.5
110.5
110.25
110.25
110.25
110.25
110.25
110.0
110.0
109.25
109.25
109.5
109.5
109.5
109.5
109.5
109.5
109.25
109.25
109.25
110.0
110.0
110.0
110.0
109.5
109.5
111.25
111.25
111.25
111.25
111.75
111.75
111.75
111.25
111.25
111.25
111.25
111.5
111.5
111.25
111.25
111.0
111.0
110.75
110.75
110.75
111.0
111.0
110.75
110.75
110.25
110.25
110.25
110.25
110.25
110.25
110.25
108.75
108.75
108.25
108.25
107.75
107.75
106.75
106.75
106.75
105.25
105.25
104.5
104.5
105.25
105.25
106.25
106.25
106.25
107.25
107.25
108.0
108.0
108.25
108.25
109.25
109.25
109.25
109.25
109.25
109.0
109.0
108.5
108.5
109.0
109.0
109.75
109.75
110.75
110.75
110.75
111.0
111.0
111.5
111.5
112.0
112.0
111.25
111.25
110.75
110.75
110.0
110.0
110.0
110.0
110.0
110.5
110.5
111.5
111.5
110.75
110.75
110.25
110.25
110.0
110.0
110.0
109.25
109.25
109.0
109.0
109.75
109.75
111.0
111.0
112.0
112.0
112.75
112.75
114.0
114.0
114.0
114.5
114.5
114.75
114.75
113.5
113.5
114.0
114.0
113.75
113.75
115.0
115.0
116.0
116.0
117.0
117.0
117.5
117.5
120.0
120.0
120.0
121.5
121.25
121.25
122.0
122.0
122.75
122.5
122.5
122.75
122.75
124.5
124.5
123.0
123.0
123.0
123.0
123.0
123.0
123.0
123.0
123.0
123.0
122.75
122.75
122.75
122.75
123.25
123.75
124.25
124.75
125.25
125.25
124.0
124.0
123.5
123.5
122.75
122.75
122.75
122.75
122.0
122.0
121.5
121.5
120.0
120.0
119.25
119.25
118.0
118.0
117.5
117.5
118.5
118.5
119.25
119.25
119.75
119.75
120.25
120.25
120.5
120.5
120.75
120.75
121.0
121.0
120.75
120.75
120.75
120.75
121.5
121.5
122.25
122.25
121.75
121.75
121.5
121.5
122.25
122.25
126.25
126.75
126.75
126.25
126.25
126.5
126.5
127.0
127.0
128.0
128.0
127.75
127.75
128.75
128.75
129.0
129.0
129.0
126.75
126.75
126.75
126.75
127.0
127.0
126.75
126.75
124.0
124.0
126.75
126.75
125.0
125.0
125.0
124.25
124.25
124.0
124.0
123.0
123.0
122.25
122.25
122.25
122.25
121.75
121.75
121.75
121.75
120.75
120.75
119.25
119.25
119.25
116.75
114.75
114.75
114.75
115.0
115.0
114.75
114.75
115.0
115.0
115.0
115.0
115.0
115.0
114.734375
114.46875
114.203125
113.9375
113.671875
113.40625
113.140625
112.875
112.609375
112.34375
112.078125
111.8125
111.546875
111.28125
111.015625
110.75
110.75
110.75
106.25
106.25
106.25
106.25
106.25
106.25
106.25
106.5
106.5
106.5
106.5
106.25
106.25
106.41666666666667
106.58333333333333
106.75
106.91666666666667
107.08333333333333
107.25
107.41666666666667
107.58333333333333
107.75
107.91666666666667
108.08333333333333
108.25
108.41666666666667
108.58333333333333
108.75
108.91666666666667
109.08333333333333
109.25
109.41666666666667
109.58333333333333
109.75
109.91666666666667
110.08333333333333
110.25
110.41666666666667
110.58333333333333
110.75
110.91666666666667
111.08333333333333
111.25
111.41666666666667
111.58333333333333
111.75
111.91666666666667
112.08333333333333
112.25
112.25
112.0
112.0
110.5
110.5
110.5
109.75
109.75
109.25
109.25
108.75
108.75
108.75
108.25
108.25
108.0
108.0
108.0
106.75
106.75
107.0
107.0
106.75
106.75
107.0
107.0
106.75
106.75
107.5
107.5
107.5
107.25
107.25
107.5
107.5
106.0
106.0
106.0
106.0
106.0
106.0
106.0
106.0
106.0
106.5
106.5
106.5
106.5
106.5
106.5
106.5
107.25
107.25
109.0
109.0
109.75
109.75
109.5
109.5
109.5
109.0
109.0
108.0
108.0
108.0
108.0
107.5
107.5
107.5
107.5
107.5
107.25
107.25
106.75
106.75
105.75
105.75
105.75
104.25
104.25
104.0
104.0
103.0
103.0
103.0
102.25
102.25
99.75
99.75
99.75
100.25
100.25
100.25
100.25
100.75
100.75
100.75
101.25
101.25
102.75
102.75
102.75
102.75
103.0
103.0
103.0
103.0
103.25
103.25
103.25
104.0
104.0
104.0
106.0
106.0
107.5
107.5
109.75
109.75
109.25
109.25
108.75
108.75
108.75
107.5
107.5
107.25
107.25
106.0
106.0
106.0
105.0
105.0
103.25
103.25
102.75
102.75
102.75
102.5
102.5
101.75
101.75
102.0
102.0
102.0
101.75
101.75
102.75
102.75
104.0
104.0
104.0
104.0
103.5
103.5
102.75
102.75
102.75
101.75
101.75
101.0
101.0
101.0
101.25
101.25
100.25
100.25
100.25
101.25
102.25
102.25
102.5
102.5
102.25
102.25
102.0
102.0
102.0
101.25
101.25
100.5
100.5
101.0
101.0
101.0
101.5
101.5
101.5
101.0
101.0
101.0
100.5
100.5
101.25
101.25
101.5
101.5
101.25
101.25
102.25
102.25
102.0
102.0
102.0
102.25
102.25
103.0
103.0
103.0
103.0
103.0
103.5
103.5
104.5
104.5
105.0
105.0
104.25
104.25
103.0
103.0
103.0
101.25
101.25
101.25
101.5
101.5
100.0
100.0
100.0
100.0
100.0
99.0
99.0
100.75
100.75
100.75
100.0
100.0
101.25
101.25
101.25
101.25
101.25
100.75
100.75
101.5
101.5
102.25
102.25
102.25
102.5
102.5
103.25
103.25
105.75
105.75
109.25
109.25
109.25
110.75
110.75
110.75
110.75
112.5
112.5
112.5
110.5
111.75
111.75
111.75
111.75
111.25
111.25
111.25
111.5
111.5
111.25
111.25
110.75
110.75
108.75
108.75
107.75
107.75
107.75
105.25
105.25
105.75
105.75
106.0
106.0
105.5
105.5
105.5
105.5
105.5
105.25
105.25
105.25
105.25
105.25
104.0
104.0
103.25
103.25
102.5
102.5
102.5
101.25
101.25
101.25
101.25
101.25
100.5
100.5
100.0
100.0
100.25
100.25
100.25
101.0
101.0
100.75
100.75
100.5
100.5
100.5
103.0
103.0
101.5
101.5
100.5
100.5
100.5
101.75
101.75
101.25
101.25
100.75
100.75
100.75
100.75
100.75
100.0
100.0
101.0
101.0
101.0
102.0
102.0
102.0
102.0
101.25
101.25
101.25
100.5
100.5
100.5
101.25
101.25
101.75
101.75
103.0
103.0
103.0
104.5
104.5
105.0
105.0
104.25
104.25
102.5
102.5
102.5
102.0
102.0
101.25
101.25
101.25
100.25
100.25
99.5
99.5
99.5
98.25
98.25
97.75
97.75
97.75
97.75
97.75
98.5
98.5
99.25
99.25
99.25
100.25
100.25
100.0
100.0
102.5
102.5
102.5
102.5
102.5
103.0
103.0
101.25
101.25
101.25
103.75
103.75
104.75
104.75
104.25
104.25
104.25
105.25
105.25
106.75
106.75
108.75
108.75
109.75
109.75
109.25
109.25
109.25
109.0
109.0
109.0
109.0
110.0
110.0
111.75
111.75
111.5
111.5
111.5
107.5
107.5
105.75
104.0
104.0
104.0
102.0
102.0
101.25
101.25
101.25
101.25
101.25
100.75
100.75
101.25
101.25
102.5
102.5
103.75
103.75
103.5
103.5
103.5
104.75
104.75
104.25
104.25
104.0
104.0
103.5
103.5
102.75
102.75
101.5
101.5
101.5
101.5
101.5
101.5
101.5
102.25
102.25
103.5
103.5
104.0
104.0
104.0
105.0
105.0
105.0
105.25
104.75
104.75
104.75
104.0
104.0
102.0
102.0
100.75
100.75
98.75
98.75
98.75
98.75
98.75
98.25
98.25
98.25
97.75
97.75
99.5
99.5
100.75
100.75
101.0
101.0
101.0
101.25
101.25
102.25
102.25
102.25
102.25
102.25
103.0
103.0
103.0
103.0
103.0
103.0
102.5
102.5
102.5
102.5
102.5
102.5
103.0
103.0
104.5
104.5
105.25
105.25
107.25
107.25
108.0
108.0
108.75
108.75
108.75
109.5
109.5
109.75
109.75
110.0
110.0
108.25
108.25
106.25
106.25
106.25
105.75
105.75
105.75
105.75
105.5
105.5
105.75
105.75
105.75
105.75
107.25
107.25
107.25
108.0
108.0
106.25
106.25
105.5
105.5
105.0
105.0
105.0
104.0
104.0
103.0
103.0
102.25
102.25
100.75
100.75
100.75
101.75
101.75
102.25
103.0
103.0
103.25
103.25
103.25
102.75
104.0
104.0
104.0
105.25
105.25
105.25
105.25
103.25
103.25
103.25
101.0
101.0
98.5
98.5
98.5
98.5
98.5
102.0
102.0
104.25
104.25
106.5
106.5
106.5
108.25
108.25
109.0
109.0
109.75
109.75
110.75
110.75
110.25
110.25
110.25
110.0
110.0
110.5
110.5
110.0
110.0
110.75
110.75
111.0
111.0
111.75
111.75
112.25
112.25
112.25
112.25
112.25
112.5
112.5
112.75
113.25
113.25
113.25
110.75
110.75
110.75
110.75
110.5
110.5
110.5
110.0
110.25
110.25
110.25
109.5
107.25
107.25
106.25
106.25
106.25
106.5
106.75
106.75
106.5
106.5
106.5
105.75
105.75
106.5
106.5
105.75
105.75
104.0
104.0
104.75
104.75
104.5
104.5
104.75
104.75
104.75
104.75
104.75
104.75
104.75
104.75
106.5
106.5
107.0
107.0
107.5
107.5
107.5
108.0
108.0
108.5
108.5
108.75
108.75
107.5
107.5
107.0
107.0
107.0
106.75
106.75
107.5
107.5
107.75
107.75
108.0
108.0
108.0
107.75
107.75
108.5
108.5
108.25
108.25
108.5
108.5
108.0
108.0
108.0
106.25
105.75
105.75
105.75
105.0
105.0
105.0
105.0
105.0
105.0
105.0
104.75
104.75
104.75
104.75
104.75
104.75
104.75
104.75
104.75
105.0
105.0
105.0
104.75
104.75
104.75
104.75
104.75
105.22222222222223
105.69444444444444
106.16666666666667
106.63888888888889
107.11111111111111
107.58333333333333
108.05555555555556
108.52777777777777
109.0
109.0
109.25
109.25
110.0
110.0
110.25
110.25
110.75
110.75
111.5
111.5
111.5
112.25
112.25
113.0
113.0
112.0
112.0
112.5
112.5
111.25
111.25
111.75
111.75
111.75
111.25
111.25
110.5
110.5
110.0
110.0
110.0
109.25
109.25
108.0
108.0
107.5
107.5
106.0
106.0
106.25
106.25
105.75
105.75
106.0
106.0
106.0
106.0
106.0
106.0
106.0
106.0
106.0
106.0
106.0
105.75
105.75
105.75
105.75
105.75
105.75
105.75
98.42857142857143
91.10714285714286
83.78571428571429
76.46428571428572
69.14285714285714
61.82142857142857
54.5
54.5
54.5
54.5
54.5
54.5
54.5
54.25
54.25
54.25
54.25
54.25
54.5
54.5625
54.625
54.6875
54.75
54.75
54.75
54.75
55.0
55.0
55.0
55.0
55.0
55.0
55.0
55.0
55.0
55.0
55.0
55.0
55.0
55.0
55.0
55.0
55.0
55.0
54.75
54.75
54.75
54.75
54.75
54.75
54.75
54.75
54.75
54.75
58.328947368421055
61.9078947368421
65.48684210526316
69.0657894736842
72.64473684210526
76.22368421052632
79.80263157894737
83.38157894736842
86.96052631578948
90.53947368421052
94.11842105263158
97.69736842105263
101.27631578947368
104.85526315789474
108.4342105263158
112.01315789473685
115.59210526315789
119.17105263157895
122.75
122.75
123.0
124.0
124.0
124.0
124.0
124.0
124.5
124.5
123.5
123.5
123.0
123.0
124.0
124.0
123.5
123.5
124.25
124.25
125.25
125.25
124.0
124.0
124.5
124.5
125.25
125.25
125.75
125.75
126.0
126.0
127.0
127.0
127.5
127.5
128.0
128.0
128.0
128.0
129.0
129.0
129.25
129.25
128.75
128.75
129.5
129.75
129.75
130.0
130.0
130.5
130.5
131.75
131.75
131.25
131.5
131.5
132.25
132.25
132.5
132.5
131.0
131.0
132.75
133.75
133.75
133.25
133.25
133.75
133.75
133.5
133.5
133.75
134.75
134.75
135.5
135.5
135.25
135.25
135.25
135.0
135.0
135.0
135.0
135.0
134.75
134.75
135.0
133.5
133.5
134.25
134.25
134.5
134.5
132.0
130.5
130.5
128.75
128.75
128.75
129.0
129.0
129.0
129.0
129.0
129.0
129.0
129.0
128.75
127.375
126.0
124.625
123.25
121.875
120.5
119.125
117.75
116.375
115.0
115.0
115.0
115.0
129.0
129.0
130.75
130.75
131.5
131.5
131.5
132.25
132.25
132.75
132.75
134.25
134.25
134.75
134.75
135.75
135.75
136.75
136.75
136.75
137.25
137.25
137.25
137.75
137.75
137.75
140.25
140.25
141.5
142.0
142.0
141.25
141.25
141.5
141.5
141.0
141.0
137.25
137.25
135.25
135.25
136.0
136.0
136.0
136.75
136.75
137.5
138.5
138.5
138.5
138.5
138.25
138.25
140.0
140.0
137.0
139.25
139.25
140.75
140.75
140.5
140.5
140.5
140.25
140.25
138.75
138.75
137.75
136.75
136.75
133.25
133.25
132.0
132.0
131.25
131.75
131.75
133.0
133.0
133.75
133.75
133.25
133.25
134.25
134.25
134.25
136.5
136.5
138.75
139.0
139.0
139.0
138.5
139.25
139.25
138.0
138.0
136.75
136.75
134.75
136.25
136.25
135.5
135.5
137.0
137.75
137.75
136.25
136.25
135.25
135.25
135.0
135.0
133.75
133.25
133.25
133.25
117.0
117.0
116.75
116.75
116.75
117.0
116.75
116.75
116.75
116.75
116.75
116.75
116.75
119.5
122.25
125.0
127.75
130.5
133.25
133.25
132.25
132.75
132.75
133.75
133.75
134.5
134.5
134.25
134.75
134.75
135.25
135.25
134.0
134.0
131.25
131.25
129.0
129.0
128.0
128.25
128.25
129.0
129.0
129.5
129.5
130.5
130.5
131.5
131.5
131.0
130.5
130.5
129.5
129.5
129.75
129.75
129.5
129.5
129.0
129.0
128.5
128.5
127.25
127.25
126.0
126.0
124.5
124.5
123.75
123.75
123.5
121.5
121.5
121.0
121.0
119.25
119.25
119.5
119.5
119.5
119.5
120.0
120.0
119.25
119.25
119.25
119.25
119.0
119.0
119.0
117.5
117.5
117.75
117.75
117.75
117.0
117.0
117.75
117.75
117.75
117.75
118.5
118.5
118.25
118.25
119.25
119.25
120.0
120.0
120.25
120.25
119.75
119.75
118.5
118.5
117.75
117.75
116.75
116.75
116.5
116.5
116.75
116.75
115.5
115.5
115.75
115.75
117.25
117.25
117.75
117.75
117.5
117.5
117.75
117.75
118.0
118.0
118.0
118.5
118.25
118.25
118.0
118.0
118.75
118.75
117.75
117.75
117.75
116.75
116.75
114.0
114.0
111.25
111.25
112.25
112.25
112.75
112.75
113.0
113.0
112.0
112.0
114.0
114.0
114.0
113.75
113.75
113.75
113.75
113.75
113.75
113.75
113.75
114.0
114.0
113.5
113.5
113.25
113.25
113.0
113.0
113.0
113.0
113.0
113.5
113.5
112.5
112.5
112.25
112.25
112.5
112.5
112.5
112.5
112.25
112.25
112.5
112.5
112.75
112.75
112.75
112.75
112.75
114.25
114.25
115.25
115.25
115.75
115.75
117.0
117.0
117.25
117.25
117.75
117.75
118.75
118.75
119.25
119.25
117.75
117.75
117.0
117.0
116.5
116.5
116.5
116.5
117.25
117.25
117.0
117.0
117.5
117.5
117.0
117.0
117.0
116.0
116.0
116.0
116.0
115.5
115.5
116.0
116.0
117.5
117.5
117.5
117.5
118.5
118.5
119.5
119.5
119.75
119.75
120.0
120.0
120.0
120.0
120.25
120.25
120.25
120.25
119.75
119.75
119.25
119.25
118.75
118.75
118.75
118.75
118.5
118.5
117.75
117.75
117.25
117.25
118.0
118.0
118.0
118.0
118.5
118.5
118.5
118.5
118.5
118.5
118.0
118.0
117.75
117.75
117.25
117.25
117.5
117.5
117.5
117.5
118.25
118.25
117.25
117.25
117.25
117.25
117.5
117.5
117.75
117.75
117.75
118.0
118.0
117.75
117.75
117.75
117.75
118.25
118.25
117.75
117.75
117.25
117.25
117.5
117.5
117.5
117.5
117.0
117.0
117.0
117.0
116.5
116.5
116.75
116.75
116.75
116.75
115.75
115.75
115.5
115.5
116.0
116.0
116.5
116.5
116.0
116.0
116.0
115.5
115.5
114.75
114.75
114.75
114.75
114.5
114.5
114.75
114.75
114.5
114.5
114.5
114.5
114.0
114.0
113.75
113.75
113.75
113.75
113.75
114.5
114.5
115.25
115.25
115.0
115.0
115.0
115.0
114.75
114.75
113.0
113.0
113.0
113.0
114.25
114.25
114.75
114.75
115.0
115.0
114.5
114.5
114.5
114.25
114.25
113.75
113.75
113.75
113.75
114.0
114.0
113.5
113.5
113.0
113.0
113.0
113.0
113.0
113.0
113.0
112.75
112.75
112.25
112.25
112.25
112.25
112.5
112.5
113.0
113.0
113.0
113.0
113.25
113.25
113.75
113.75
113.75
113.5
113.5
114.25
114.25
114.25
114.25
111.75
111.75
111.75
111.75
112.0
112.0
112.25
112.25
112.5
112.5
112.5
113.75
113.75
115.5
115.5
116.25
116.25
116.5
116.5
112.25
112.25
111.25
111.25
111.0
111.0
111.0
110.25
110.25
108.5
108.5
108.25
108.25
108.75
108.75
107.5
107.5
107.5
109.5
109.5
109.75
109.75
110.25
110.25
110.25
110.25
111.0
111.0
111.0
111.0
111.0
110.5
110.5
111.0
111.0
112.25
112.25
112.5
112.5
116.25
116.25
118.75
118.75
118.0
118.0
120.0
120.0
120.0
120.0
122.0
122.0
122.25
122.25
123.0
123.0
116.0
116.0
101.25
101.25
101.25
101.5
101.5
98.25
98.25
94.25
94.25
94.25
94.75
94.75
96.25
96.25
97.5
97.5
97.75
97.75
97.75
98.0
98.0
98.25
99.75
99.75
99.75
101.0
101.0
101.75
101.75
101.75
102.0
102.0
101.75
101.75
101.75
102.25
102.25
102.25
102.25
102.25
103.0
103.0
103.0
102.0
102.0
101.25
101.25
102.5
102.5
102.5
106.0
106.0
106.0
105.5
104.25
104.25
104.25
102.5
102.5
103.5
103.5
101.0
101.0
101.0
101.0
101.0
100.0
100.0
100.0
98.75
98.75
100.75
100.75
101.25
101.25
98.75
98.75
99.25
99.25
99.25
97.25
97.25
97.0
97.0
96.25
96.25
96.25
96.25
96.25
96.25
96.25
96.25
96.25
96.25
96.25
96.5
121.0
121.0
123.0
123.0
124.5
124.5
125.0
125.0
124.0
124.0
122.75
122.75
121.5
121.5
119.25
119.25
120.0
120.0
120.5
120.5
121.5
121.5
124.0
124.0
126.75
128.0
128.0
129.5
129.5
130.0
130.0
130.75
130.75
131.5
131.5
131.75
131.5
131.5
130.5
130.5
130.25
130.25
129.0
129.0
128.5
128.5
129.5
129.5
127.0
126.0
126.0
126.75
126.75
126.25
126.25
125.75
125.75
125.0
125.0
124.25
124.25
126.25
126.25
122.5
122.5
123.0
123.0
116.5
116.5
113.5
113.5
109.25
109.25
109.25
115.0
115.0
116.75
117.0
117.0
112.75
112.75
112.75
108.75
108.75
107.0
107.0
106.5
106.5
107.0
107.0
107.0
110.25
110.25
110.25
110.25
113.0
113.0
115.0
115.0
114.5
114.5
115.5
115.5
115.75
115.75
115.75
115.75
114.5
114.5
116.0
116.0
101.5
101.5
100.0
100.0
99.5
99.5
99.5
100.5
100.5
101.0
101.0
102.25
102.25
105.0
105.0
106.75
106.75
107.75
107.75
107.75
108.25
108.25
107.0
107.0
107.0
98.75
98.75
93.75
93.75
93.25
93.25
93.25
99.0
99.0
99.0
99.75
99.75
100.0
100.0
100.0
99.25
99.25
99.75
99.75
99.75
99.75
99.75
100.25
100.25
99.25
99.25
99.0
99.0
99.25
99.25
99.25
98.25
98.25
98.5
98.5
98.5
98.0
98.0
98.25
98.25
98.25
98.25
98.25
98.25
98.25
99.0
99.0
99.0
99.5
99.5
98.75
98.75
98.75
98.75
98.75
98.75
98.75
98.75
98.25
97.75
97.75
97.75
98.0
98.0
99.25
99.25
99.25
97.5
97.5
97.5
98.25
98.25
98.25
98.25
98.25
98.5
98.5
98.25
98.25
98.25
98.5
98.5
98.0
98.0
97.75
97.75
97.75
97.25
97.25
97.25
97.25
97.0
97.0
97.0
99.0
99.0
100.25
100.25
98.5
98.5
98.5
100.0
100.0
98.75
98.75
99.0
99.0
100.0
100.0
100.0
98.5
98.5
96.75
96.75
98.25
98.25
99.0
99.0
97.5
97.5
97.5
97.5
97.5
99.25
99.25
99.25
99.25
99.25
99.25
99.25
102.0
102.0
103.0
103.0
103.0
103.0
107.5
107.5
107.5
107.5
107.5
107.5
107.5
107.25
107.25
107.25
107.5
107.5
107.5
107.5
106.25
106.25
106.25
106.25
106.0
104.25
104.25
104.25
104.25
104.25
104.25
104.25
104.25
104.5
104.5
104.5
104.5
104.5
104.5
104.5
104.5
104.5
102.28260869565217
100.06521739130434
97.84782608695652
95.63043478260869
93.41304347826087
91.19565217391305
88.97826086956522
86.76086956521739
84.54347826086956
82.32608695652173
80.1086956521739
77.8913043478261
75.67391304347827
73.45652173913044
71.23913043478261
69.02173913043478
66.80434782608695
64.58695652173913
62.369565217391305
60.15217391304348
57.93478260869565
55.71739130434783
53.5
53.5
53.5
53.5
53.0
53.0
53.0
53.0
53.0
53.0
53.0
53.0
53.0
53.0
53.0
53.0
53.0
52.75
52.75
59.916666666666664
67.08333333333333
74.25
81.41666666666667
88.58333333333333
95.75
95.75
95.5
95.5
96.0
96.0
96.25
96.25
96.25
94.0
94.0
94.0
94.0
94.75
94.75
94.75
94.75
95.0
95.0
95.0
94.75
94.75
95.5
95.5
95.5
96.0
96.0
96.0
96.0
96.0
96.5
96.5
96.5
96.5
96.0
96.0
96.75
96.75
97.0
97.0
97.0
96.5
96.5
96.25
96.25
96.5
96.5
96.5
96.5
96.75
96.75
97.25
97.25
97.25
96.5
96.5
97.25
97.25
97.25
97.5
97.5
97.5
97.5
97.75
97.75
97.75
96.75
96.75
97.0
97.0
95.5
95.5
95.5
96.75
96.75
96.75
97.0
97.0
97.75
97.75
97.75
97.5
97.5
97.5
97.5
97.5
97.5
97.0
97.0
97.0
72.0
72.0
72.0
72.0
72.0
72.0
71.75
71.75
71.75
72.0
72.0
72.0
73.20238095238095
74.4047619047619
75.60714285714286
76.80952380952381
78.01190476190476
79.21428571428571
80.41666666666667
81.61904761904762
82.82142857142857
84.02380952380952
85.22619047619048
86.42857142857143
87.63095238095238
88.83333333333333
90.03571428571429
91.23809523809524
92.44047619047619
93.64285714285714
94.84523809523809
96.04761904761905
97.25
97.25
97.25
98.75
98.75
99.0
99.0
98.75
98.75
97.5
97.5
97.5
96.5
96.5
96.5
97.0
97.0
97.75
97.75
97.75
97.0
97.0
97.0
98.0
98.0
98.0
98.0
98.25
98.25
98.25
98.25
98.25
98.75
98.75
99.0
99.0
99.0
98.25
98.25
98.25
98.25
99.5
99.5
98.75
98.75
98.75
99.75
99.75
101.25
101.25
101.25
101.25
101.25
101.25
101.25
101.25
101.25
101.25
101.25
101.25
101.125
101.0
100.875
100.75
100.625
100.5
100.5
100.5
101.5
101.5
100.5
100.5
100.5
100.0
100.0
100.5
100.5
100.25
100.25
100.5
100.5
100.75
100.75
100.75
100.75
100.75
101.0
101.0
101.0
100.75
100.75
101.0
101.0
100.75
100.75
100.75
101.0
101.0
100.75
100.75
101.0
101.0
101.0
100.5
100.5
100.75
100.75
101.0
101.0
100.75
100.75
101.25
101.25
101.25
101.25
101.25
100.5
100.5
101.5
101.5
101.5
101.75
101.75
101.25
101.25
101.25
100.75
100.75
101.5
101.5
101.25
101.25
101.25
101.25
101.25
101.25
101.25
101.25
101.25
101.25
101.25
101.25
101.0
101.0
101.0
100.75
100.75
101.25
101.25
101.25
101.25
101.25
101.0
101.0
101.25
101.25
101.75
101.75
101.75
101.5
101.5
101.75
101.75
102.25
102.25
102.25
102.0
102.0
101.75
101.75
102.25
102.25
102.25
101.5
101.5
102.25
102.25
102.25
102.25
102.25
102.5
102.5
101.5
101.5
101.5
101.25
101.25
102.0
102.0
101.75
101.75
101.75
102.0
102.0
102.0
102.0
102.0
102.25
102.25
102.25
103.25
103.25
103.25
103.25
104.0
104.0
104.0
102.0
102.0
102.75
102.75
102.25
102.25
102.25
101.5
102.25
102.25
101.75
101.75
101.75
102.0
102.0
102.0
102.0
105.5
105.5
106.75
106.75
108.5
108.5
110.75
110.75
111.25
111.25
111.75
111.75
111.75
111.75
111.75
111.75
111.75
111.75
111.75
112.0
112.0
111.0
111.0
111.0
108.0
108.0
107.5
107.5
107.75
107.75
108.0
108.0
108.0
108.0
108.0
110.75
110.75
112.0
112.0
112.25
112.25
113.25
113.25
114.25
114.25
114.25
114.25
113.25
113.25
112.75
112.75
110.75
110.75
110.75
109.0
107.25
107.25
105.75
105.75
105.75
105.25
105.25
104.25
104.25
106.5
106.5
108.25
108.25
109.0
109.0
110.5
110.5
112.0
112.0
112.0
112.0
111.75
111.75
111.0
111.0
111.0
110.0
110.0
109.5
109.5
109.0
109.0
109.5
109.5
108.25
108.25
108.5
108.5
109.5
109.5
109.75
109.75
109.75
109.75
109.75
110.0
110.0
110.75
110.75
111.75
111.75
111.75
112.5
112.5
113.0
113.0
112.5
112.5
111.0
111.0
110.0
110.0
110.0
109.75
109.75
110.0
110.0
109.75
109.75
109.75
109.75
110.0
107.5625
105.125
102.6875
100.25
97.8125
95.375
92.9375
90.5
90.5
91.75
91.75
90.75
90.75
89.25
89.25
89.25
89.75
89.75
89.75
89.75
89.75
89.75
90.5
90.5
90.5
93.25
93.25
94.0
94.0
89.75
89.75
89.75
89.75
89.75
89.75
89.75
89.25
89.25
89.25
89.25
89.25
89.25
89.25
89.25
89.25
89.25
89.25
89.25
89.25
89.25
89.25
89.25
89.25
91.30555555555556
93.36111111111111
95.41666666666667
97.47222222222223
99.52777777777777
101.58333333333333
103.63888888888889
105.69444444444444
107.75
109.80555555555556
111.86111111111111
113.91666666666666
115.97222222222221
118.02777777777777
120.08333333333333
122.13888888888889
124.19444444444444
126.25
126.25
126.75
127.5
127.5
125.25
125.25
125.25
125.25
124.5
125.0
125.0
121.0
121.0
121.0
121.0
120.0
120.0
120.0
120.0
120.0
120.0
120.0
120.0
120.0
120.0
120.0
120.0
120.0
119.75
119.75
119.75
115.58333333333333
111.41666666666667
107.25
103.08333333333333
98.91666666666667
94.75
94.75
94.75
95.75
95.75
96.5
96.5
96.5
93.5
93.5
96.25
96.25
99.0
99.0
99.0
101.0
101.0
101.0
101.0
101.0
99.25
99.25
99.25
99.0
99.0
99.0
99.0
99.0
99.0
99.0
100.0
100.0
100.5
100.5
101.0
101.0
101.75
101.75
104.25
104.25
104.5
104.5
104.25
104.25
106.0
106.0
106.0
105.75
105.75
105.75
105.75
106.5
106.5
106.5
106.5
106.5
106.5
106.25
106.25
106.25
106.25
106.25
106.25
103.45833333333333
100.66666666666667
97.875
95.08333333333333
92.29166666666667
89.5
89.5
89.5
89.5
91.0
91.0
91.0
90.5
90.5
92.25
92.25
92.25
92.25
92.25
91.5
91.5
91.5
91.5
91.5
91.5
91.5
91.5
91.5
91.5
91.5
91.5
91.5
93.11111111111111
94.72222222222223
96.33333333333333
97.94444444444444
99.55555555555556
101.16666666666667
102.77777777777777
104.38888888888889
106.0
106.0
106.0
106.0
106.75
106.75
106.5
106.5
106.5
105.25
105.25
105.25
105.25
106.0
106.0
105.75
105.75
105.75
105.5
105.5
104.75
104.75
105.0
105.0
105.0
104.5
104.5
104.0
104.0
103.25
103.25
103.25
102.75
102.75
104.0
104.0
105.5
105.5
105.75
105.75
106.0
106.0
106.75
106.75
108.0
108.0
107.25
107.25
108.0
108.0
107.5
107.5
107.5
107.5
107.5
108.25
108.25
109.25
109.25
110.75
110.75
111.25
111.25
110.75
110.75
110.5
110.5
110.5
110.25
110.25
110.25
110.25
109.75
109.75
110.25
110.25
110.0
110.0
110.0
109.75
109.75
110.0
110.0
109.75
109.75
110.0
110.0
111.0
111.0
111.25
111.25
111.25
111.25
111.25
111.0
111.0
110.25
110.25
110.5
110.5
110.5
110.5
111.0
111.0
111.0
110.75
110.75
111.25
111.25
111.25
111.25
111.75
111.75
112.75
112.75
113.25
113.25
113.25
113.25
112.75
112.75
112.75
112.5
112.5
112.0
112.0
111.25
111.25
111.75
111.75
111.75
111.75
111.25
111.25
111.25
110.25
110.25
110.25
110.25
110.5
110.5
109.75
109.75
109.25
109.25
109.25
110.0
110.0
110.0
110.0
110.25
110.25
110.25
110.25
109.25
109.25
109.25
107.75
107.75
108.25
108.25
109.25
109.25
110.25
110.25
111.0
111.0
111.25
111.25
111.25
112.0
112.0
112.25
112.25
112.25
112.25
111.75
111.75
111.25
111.25
111.75
111.75
111.0
111.0
111.0
110.75
110.75
110.75
110.75
110.0
110.0
110.25
110.25
110.25
110.25
110.25
111.5
111.5
111.0
111.0
110.0
110.0
108.25
108.25
106.25
106.25
106.25
105.25
105.25
106.0
106.0
107.25
107.25
109.0
109.0
109.0
111.0
111.0
112.25
112.25
112.5
112.5
112.25
112.25
112.5
112.5
113.0
113.0
113.0
113.0
112.25
112.25
112.25
111.75
111.75
110.0
110.0
109.0
109.0
107.75
107.75
107.75
107.25
107.25
107.0
107.0
107.5
107.5
108.5
108.5
108.5
108.5
108.5
108.25
108.25
108.5
108.5
107.75
107.75
108.25
108.25
109.0
109.0
109.0
109.5
109.5
109.25
109.25
110.25
110.25
111.25
111.25
112.0
112.0
112.0
112.0
112.0
112.0
112.0
111.75
111.75
111.0
111.0
110.75
110.75
110.25
110.25
109.75
109.75
109.75
109.25
109.25
109.75
109.75
109.5
109.5
109.75
109.75
110.25
110.25
112.0
112.0
112.0
112.0
112.0
112.25
112.25
110.0
110.0
111.0
111.0
110.75
110.75
110.75
110.25
110.25
110.75
110.75
88.0
88.0
88.0
88.0
88.0
106.0
106.0
110.5
110.5
110.5
110.5
110.5
110.5
110.5
110.5
110.5
110.5
110.5
110.5
107.0
107.0
107.0
107.0
107.0
107.0
107.0
107.0
107.0
107.0
107.0
95.75
95.75
95.75
103.5
103.5
103.5
103.5
103.5
103.5
103.25
103.25
103.25
103.5
103.5
103.5
104.375
105.25
106.125
107.0
107.875
108.75
109.625
110.5
111.375
112.25
113.125
114.0
114.875
115.75
116.625
117.5
117.5
121.0
121.0
121.0
121.0
121.0
121.0
120.75
120.75
120.75
120.75
120.75
120.75
121.0
121.0
121.0
121.0
120.75
119.73333333333333
118.71666666666667
117.7
116.68333333333334
115.66666666666667
114.65
113.63333333333334
112.61666666666667
111.6
110.58333333333333
109.56666666666666
108.55
107.53333333333333
106.51666666666667
105.5
105.5
105.5
105.5
107.75
107.75
107.75
107.75
114.0
114.0
113.25
113.25
109.5
109.5
107.5
107.5
106.25
106.25
106.75
107.75
107.75
108.75
108.75
108.75
111.75
111.75
111.25
111.25
108.5
108.5
111.0
111.0
111.0
111.25
111.25
113.25
113.25
113.25
109.5
109.5
106.75
106.75
106.0
106.0
106.0
106.25
106.25
104.0
104.0
104.0
104.0
104.0
100.5
100.5
102.75
102.75
102.75
99.5
99.5
104.5
104.5
102.0
102.0
101.75
101.75
101.75
103.0
103.0
101.25
101.25
103.25
103.25
103.25
102.75
102.75
103.0
103.0
105.25
105.25
105.25
105.0
105.0
105.25
105.25
105.0
105.0
105.0
102.5
102.5
99.0
99.0
108.75
108.75
108.75
108.75
99.75
99.75
99.75
99.75
99.75
99.75
99.75
99.75
99.75
100.0
100.0
100.0
100.0
100.0
90.5
90.5
90.5
91.75
91.75
94.0
94.0
91.75
91.75
91.75
91.75
102.75
95.25
95.25
95.25
95.5
95.5
94.75
94.75
94.75
93.25
93.25
93.25
93.25
93.25
93.75
93.75
93.75
93.5
93.5
92.75
92.75
92.75
92.25
92.25
92.25
92.25
92.25
91.75
91.75
91.75
91.75
91.75
91.75
95.0
95.0
95.75
95.75
95.75
97.0
97.0
97.75
97.75
98.25
98.25
98.75
98.75
98.75
96.75
96.75
97.0
97.0
95.75
95.75
95.75
94.0
94.0
97.25
97.25
97.25
97.25
97.5
97.5
97.5
97.5
97.5
97.25
97.25
97.25
97.25
97.25
97.25
97.25
97.25
97.06666666666666
96.88333333333334
96.7
96.51666666666667
96.33333333333333
96.15
95.96666666666667
95.78333333333333
95.6
95.41666666666667
95.23333333333333
95.05
94.86666666666666
94.68333333333334
94.5
94.5
94.5
94.5
94.25
94.25
94.25
96.0
96.0
96.25
96.25
96.25
97.75
97.75
96.75
96.75
96.75
96.0
96.0
96.0
98.0
98.0
95.25
95.25
90.25
90.25
90.25
90.25
89.0
89.0
84.25
84.25
84.25
84.0
84.0
85.5
85.5
83.75
83.75
83.75
84.0
84.0
84.0
83.75
83.75
83.75
83.75
83.75
83.75
83.75
83.75
83.51851851851852
83.28703703703704
83.05555555555556
82.82407407407408
82.5925925925926
82.36111111111111
82.12962962962963
81.89814814814815
81.66666666666667
81.43518518518519
81.20370370370371
80.97222222222223
80.74074074074075
80.50925925925925
80.27777777777777
80.04629629629629
79.81481481481481
79.58333333333333
79.35185185185185
79.12037037037037
78.88888888888889
78.6574074074074
78.42592592592592
78.19444444444444
77.96296296296296
77.73148148148148
77.5
77.5
77.5
75.75
75.75
75.75
75.75
76.0
76.0
76.0
77.75
77.75
76.5
76.5
76.5
76.5
80.75
80.75
80.75
80.75
80.75
80.75
80.75
80.75
80.75
80.75
80.75
80.75
80.75
80.75
80.75
82.75
82.75
80.25
80.25
80.25
80.25
80.25
80.25
80.25
80.25
80.25
80.25
80.25
80.25
80.25
80.8125
81.375
81.9375
82.5
83.0625
83.625
84.1875
84.75
85.3125
85.875
86.4375
87.0
87.5625
88.125
88.6875
89.25
89.25
89.25
88.5
88.5
89.25
89.25
89.25
89.25
89.25
89.25
89.25
89.25
89.25
86.25
86.25
86.25
86.25
86.25
87.0
87.0
87.0
87.0
87.0
87.0
87.0
87.0
87.0
87.0
87.0
86.75
91.0
95.25
99.5
103.75
108.0
108.0
108.0
108.0
108.0
107.5
107.5
108.0
108.0
108.25
108.25
107.5
107.5
107.5
107.5
107.5
107.0
107.0
106.0
106.0
106.25
106.25
106.25
106.25
107.25
107.25
107.25
107.5
107.5
107.5
107.5
107.5
107.25
107.25
108.5
108.5
108.5
108.5
108.5
108.25
108.25
108.0
108.0
107.25
107.25
107.25
106.75
106.75
106.75
106.75
107.0
107.0
107.0
107.0
107.0
107.5
107.5
107.5
107.5
107.5
107.5
107.25
107.25
107.25
106.75
106.75
106.75
106.75
106.0
106.0
105.75
105.75
105.75
105.5
105.5
105.5
105.5
104.75
104.75
104.75
105.25
105.25
105.5
105.5
106.25
106.25
106.5
106.5
106.5
106.75
106.75
105.0
105.0
107.5
107.5
105.75
105.75
105.75
104.0
104.0
103.75
103.75
104.75
104.75
105.0
105.0
104.5
104.5
104.5
104.5
104.5
104.25
104.25
103.0
103.0
103.0
105.25
105.25
104.25
104.25
104.25
106.25
106.25
106.5
106.5
106.25
106.25
105.75
105.75
105.75
105.25
105.25
105.25
105.25
104.5
104.5
104.5
104.75
104.75
105.5
105.5
105.5
105.5
105.5
105.5
105.5
105.75
105.75
106.25
106.25
105.5
105.5
105.5
106.25
106.25
106.0
106.0
106.0
106.0
106.0
106.0
106.25
106.25
106.25
106.25
106.25
106.25
106.25
106.25
106.25
106.25
106.25
106.5
106.5
95.0
95.0
95.0
95.0
108.25
108.25
108.25
108.25
108.25
108.25
108.25
108.25
108.25
108.25
108.5
108.5
108.5
108.98214285714286
109.46428571428571
109.94642857142857
110.42857142857143
110.91071428571429
111.39285714285714
111.875
112.35714285714286
112.83928571428571
113.32142857142857
113.80357142857143
114.28571428571429
114.76785714285714
115.25
115.25
115.25
115.25
120.0
123.5
123.5
122.5
122.5
114.5
114.5
110.75
110.75
111.25
111.25
111.25
111.25
111.0
111.0
111.0
111.0
110.75
110.75
110.75
110.75
110.75
110.75
110.75
110.75
110.91666666666667
111.08333333333333
111.25
111.41666666666667
111.58333333333333
111.75
111.75
111.75
112.0
112.0
111.5
111.5
111.75
111.75
112.0
112.0
112.25
112.25
111.75
111.75
111.0
111.0
110.5
110.5
109.5
109.5
109.5
109.25
109.25
109.0
109.0
108.25
108.25
108.75
108.75
108.75
108.25
108.25
107.75
107.75
107.5
107.5
107.75
107.75
106.75
106.75
107.75
107.75
107.5
107.5
107.25
107.25
107.5
107.5
107.5
108.0
108.0
106.5
106.5
107.5
107.5
106.75
106.75
106.75
106.75
106.0
106.0
106.0
105.75
105.75
105.75
105.75
105.75
105.75
105.75
105.75
105.75
105.15
104.55
103.95
103.35
102.75
102.75
102.75
102.75
102.75
102.5
102.5
102.5
102.5
102.5
102.5
102.5
102.5
102.5
102.5
103.0
103.0
103.25
103.25
103.25
102.75
102.75
102.5
102.5
103.25
103.25
103.25
103.25
103.25
103.75
103.75
103.75
103.75
103.75
103.75
103.75
103.75
103.75
103.75
103.75
103.75
103.75
103.75
103.75
103.75
103.75
103.75
103.75
103.75
103.75
103.67857142857143
103.60714285714286
103.53571428571429
103.46428571428571
103.39285714285714
103.32142857142857
103.25
103.17857142857143
103.10714285714286
103.03571428571429
102.96428571428571
102.89285714285714
102.82142857142857
102.75
89.5
89.5
90.25
90.25
90.25
90.25
89.75
89.75
89.75
89.5
89.5
88.0
88.0
88.0
87.5
87.5
85.25
85.25
85.25
85.5
85.5
85.5
85.25
85.25
85.25
85.25
85.25
85.25
85.75
85.75
86.75
86.75
88.0
88.0
88.0
89.75
89.75
89.75
89.75
89.75
89.75
89.75
89.75
89.5
89.5
89.5
90.75
90.75
88.75
88.75
88.75
88.75
92.0
92.0
90.75
90.75
91.25
91.25
91.25
90.25
90.25
90.25
90.0
90.0
90.0
90.75
90.75
90.75
89.0
89.0
85.0
85.0
85.0
83.25
83.25
83.25
82.0
82.0
80.5
80.5
78.5
78.5
78.5
78.25
78.25
77.75
77.75
77.25
77.25
77.25
79.25
79.25
80.25
80.25
80.25
80.5
80.5
82.25
82.25
82.25
81.0
81.0
81.0
91.5
91.5
92.25
92.25
92.25
91.75
91.75
91.75
91.75
91.75
90.0
90.0
90.0
90.0
90.0
90.0
90.0
90.0
90.0
90.0
89.75
89.75
90.0
90.0
92.79166666666667
95.58333333333333
98.375
101.16666666666667
103.95833333333333
106.75
106.75
106.75
106.75
106.25
106.25
106.25
106.0
106.0
106.25
106.25
106.5
106.5
106.75
106.75
107.25
107.25
107.25
107.5
107.5
107.5
107.5
107.5
107.5
109.75
109.75
109.75
109.75
109.75
109.75
109.75
109.75
109.75
110.0
110.0
110.0
110.0
109.75
109.75
109.75
106.75
106.75
106.5
106.5
106.25
106.25
105.25
105.25
105.25
105.5
105.5
105.75
105.75
106.5
106.5
106.5
106.5
106.5
105.75
105.75
105.5
105.5
105.0
105.0
105.0
105.5
105.5
106.75
106.75
106.75
106.75
106.75
106.75
107.0
107.0
107.0
108.25
108.25
107.5
107.5
105.75
105.75
105.5
105.5
105.5
105.0
105.0
105.0
105.0
104.75
104.75
104.75
105.25
105.25
105.25
105.25
105.25
105.25
105.25
105.75
105.75
106.5
106.5
107.25
107.25
107.75
107.75
108.75
108.75
108.75
109.0
109.0
109.0
109.0
107.5
107.5
106.75
106.75
106.75
104.75
103.5
103.5
103.5
103.0
103.0
102.0
102.0
102.0
102.0
102.0
101.5
101.5
102.0
102.0
101.75
101.75
101.75
102.0
102.0
101.25
101.25
101.0
101.0
101.0
101.25
101.25
101.25
101.25
101.25
102.5
102.5
102.5
102.5
102.5
103.25
103.25
102.75
102.75
102.75
102.5
102.5
101.75
101.75
98.75
98.75
98.75
96.5
96.5
96.75
96.75
96.75
98.25
98.25
100.0
100.0
100.0
100.0
100.25
100.25
100.25
100.25
99.5
99.5
99.25
99.25
99.25
99.0
99.0
98.75
98.75
98.5
98.5
98.5
98.75
98.75
101.25
101.25
102.5
102.5
102.0
102.0
102.0
103.0
103.0
102.5
102.5
102.5
102.5
102.5
103.25
103.25
103.75
103.75
104.0
104.0
104.0
103.0
103.0
101.25
101.25
101.25
101.0
101.0
101.5
101.5
103.0
103.0
104.25
104.25
104.25
106.25
106.25
105.75
105.75
107.25
107.25
108.0
108.0
108.0
108.0
108.0
108.25
108.25
107.75
107.75
106.75
106.75
106.75
106.5
106.5
106.25
106.25
106.25
106.25
106.25
106.25
106.25
106.5
106.5
106.5
106.5
106.75
106.75
107.25
107.25
107.25
107.75
107.75
108.5
108.5
107.5
107.5
107.5
107.5
107.5
107.5
107.5
107.0
107.0
107.25
107.25
107.75
107.75
108.25
108.25
108.25
107.75
107.75
107.5
107.5
106.25
106.25
106.25
106.5
106.5
106.0
106.0
107.5
107.5
106.75
106.75
105.25
105.25
105.25
105.25
105.25
105.25
105.25
105.25
105.25
105.25
105.25
104.0
104.0
104.0
104.25
104.25
104.5
104.5
104.5
105.5
105.5
105.5
93.25
93.25
88.0
88.0
88.0
89.25
89.25
89.25
88.5
88.5
88.5
88.5
88.75
88.75
88.75
88.75
88.75
88.75
88.75
88.75
89.0
89.0
89.0
89.0
89.0
89.0
89.0
89.0
92.7
96.4
100.1
103.8
107.5
107.5
107.0
107.0
107.0
107.0
107.0
107.0
107.0
107.0
107.0
106.75
106.75
106.75
107.25
107.25
108.0
108.0
107.75
107.75
107.75
107.75
107.75
106.75
106.75
105.75
105.75
106.25
106.25
106.25
103.75
103.75
104.5
104.5
107.5
107.5
107.5
105.25
105.25
107.0
107.0
107.25
107.25
107.25
105.75
107.75
107.75
107.75
107.75
107.25
107.25
107.25
109.0
109.0
106.75
106.75
105.75
105.75
108.5
108.5
108.25
108.25
108.25
108.5
108.5
108.25
108.25
107.75
107.75
106.25
106.25
106.25
106.25
106.25
106.25
106.25
106.75
106.75
106.75
108.0
108.0
107.5
107.5
100.75
100.75
100.75
100.75
100.75
99.5
99.5
99.5
99.5
99.5
99.5
99.5
99.5
99.5
99.5
99.25
99.25
89.0
89.0
89.0
91.0
91.0
90.0
90.0
90.75
90.75
90.25
90.25
91.75
91.75
91.75
91.75
88.0
88.0
88.0
88.0
88.0
88.0
88.0
87.75
87.75
87.75
88.0
88.0
88.0
88.0
91.75
91.75
91.75
91.75
91.75
91.75
91.75
91.75
91.75
91.75
91.75
91.75
91.75
92.0
92.0
92.875
93.75
94.625
95.5
96.375
97.25
98.125
99.0
99.875
100.75
101.625
102.5
103.375
104.25
105.125
106.0
106.875
107.75
107.75
107.5
107.5
107.5
107.25
107.25
106.25
106.25
106.0
106.0
105.25
105.25
105.25
105.75
105.75
105.75
101.25
101.25
101.25
101.25
90.5
90.5
89.75
89.75
89.75
90.25
90.25
90.25
90.25
90.25
90.25
90.25
90.25
90.25
90.25
90.25
90.5
90.5
91.7
92.9
94.1
95.3
96.5
96.5
96.25
96.25
96.25
96.25
97.0
97.0
93.75
93.75
93.75
91.0
91.0
91.0
94.0
94.0
94.0
94.0
94.0
94.0
94.0
94.0
94.0
94.0
94.0
93.75
93.75
93.75
93.75
103.75
103.75
103.75
105.5
105.5
105.0
105.0
105.75
105.75
105.5
105.5
105.5
105.5
105.75
105.75
105.75
106.5
106.5
107.5
107.5
108.0
108.0
107.0
107.0
107.0
106.25
106.25
106.0
106.0
104.75
104.75
104.75
104.75
104.75
104.75
104.75
104.75
105.0
105.0
101.5
101.5
101.75
101.75
102.25
102.25
102.25
102.25
102.25
101.25
101.25
101.25
101.25
101.25
101.25
101.25
103.75
103.75
102.75
102.75
105.75
105.75
105.75
100.75
100.75
110.5
110.5
103.5
103.5
114.75
114.75
106.0
106.0
106.0
107.25
107.25
119.25
114.75
114.75
108.25
108.25
112.75
112.75
113.25
113.25
114.25
114.25
114.25
112.5
112.5
110.25
112.25
112.25
114.75
114.75
114.75
112.5
112.5
109.5
109.5
113.75
113.75
111.25
111.25
111.25
104.25
104.25
102.75
102.75
102.75
106.25
106.25
104.0
104.0
110.0
110.0
109.5
109.5
109.0
109.0
109.25
109.25
109.25
109.25
109.25
108.5
108.5
108.25
108.25
110.5
110.5
110.75
110.75
113.75
113.75
111.75
111.75
111.75
111.5
111.5
109.75
109.75
108.0
108.0
108.0
105.75
105.75
106.0
106.0
106.0
102.5
102.5
99.25
99.25
99.25
101.25
101.25
102.0
102.0
101.25
101.25
101.25
102.5
102.5
100.0
100.0
98.75
98.75
103.0
103.0
103.0
103.75
103.75
107.75
107.75
104.25
104.25
104.25
105.0
105.0
105.0
105.0
105.0
105.0
105.0
105.0
104.75
104.75
104.75
105.0
104.78571428571429
104.57142857142857
104.35714285714286
104.14285714285714
103.92857142857143
103.71428571428571
103.5
103.5
102.5
102.5
102.5
102.5
102.5
102.5
102.25
102.25
103.25
103.25
103.25
101.0
101.0
101.0
108.25
111.0
111.0
111.0
109.25
109.25
108.75
108.75
108.75
107.0
107.0
107.0
107.0
107.0
107.0
107.0
107.0
107.0
107.0
107.0
107.0
106.75
105.48333333333333
104.21666666666667
102.95
101.68333333333334
100.41666666666667
99.15
97.88333333333334
96.61666666666667
95.35
94.08333333333333
92.81666666666666
91.55
90.28333333333333
89.01666666666667
87.75
87.75
89.5
89.5
89.25
89.25
89.25
89.5
89.5
89.5
90.0
90.0
89.5
89.5
89.5
90.0
90.0
91.0
91.0
91.0
91.25
91.25
90.0
90.0
90.0
84.5
84.5
84.5
86.0
86.0
86.0
80.0
80.0
76.0
76.0
76.0
79.25
79.25
85.5
85.5
85.5
83.0
83.0
79.25
79.25
79.25
85.0
85.0
85.0
84.5
84.5
84.0
84.0
84.0
84.0
87.5
87.5
87.5
80.5
80.5
82.75
82.75
82.75
84.5
84.5
84.5
84.5
82.5
82.5
82.5
82.25
82.25
82.25
82.25
82.5
82.5
82.5
82.5
82.25
82.25
82.71666666666667
83.18333333333334
83.65
84.11666666666666
84.58333333333333
85.05
85.51666666666667
85.98333333333333
86.45
86.91666666666667
87.38333333333334
87.85
88.31666666666666
88.78333333333333
89.25
89.25
89.0
89.0
89.0
89.0
90.25
90.25
90.25
90.25
90.25
90.25
90.25
90.25
90.25
90.25
90.25
90.25
90.25
90.25
90.5
90.5
90.25
90.25
90.25
90.25
94.8
99.35
103.9
108.45
113.0
113.0
113.0
113.0
113.0
113.5
113.5
113.5
113.5
113.5
113.5
113.25
113.25
113.25
113.25
113.5
113.5
110.52777777777777
107.55555555555556
104.58333333333333
101.61111111111111
98.63888888888889
95.66666666666667
92.69444444444444
89.72222222222223
86.75
86.75
87.0
87.0
87.0
90.5
90.5
90.5
94.25
94.25
94.25
92.75
92.75
92.75
93.0
93.0
92.75
93.0
93.0
93.0
92.75
92.75
93.0
96.85
100.7
104.55
108.4
112.25
112.25
112.5
112.5
112.5
112.75
112.75
112.75
112.5
112.5
112.0
112.0
112.0
112.0
111.75
111.75
112.0
112.0
111.75
111.75
111.75
111.75
110.18055555555556
108.61111111111111
107.04166666666667
105.47222222222223
103.90277777777777
102.33333333333333
100.76388888888889
99.19444444444444
97.625
96.05555555555556
94.48611111111111
92.91666666666667
91.34722222222223
89.77777777777777
88.20833333333333
86.63888888888889
85.06944444444444
83.5
83.5
80.0
80.0
80.0
83.0
83.0
83.0
81.75
81.75
81.75
82.25
82.25
86.75
86.75
86.75
91.75
91.75
93.75
93.75
93.75
96.0
96.0
97.0
97.0
97.0
104.75
104.75
104.75
110.0
110.0
111.0
111.0
109.0
109.0
109.0
110.75
110.75
111.75
111.75
111.75
111.25
111.25
111.25
111.25
112.0
112.25
112.25
112.25
111.5
111.5
111.75
111.75
111.0
111.0
111.0
111.0
111.0
111.0
110.75
111.0
111.0
111.0
111.0
111.0
110.08333333333333
109.16666666666667
108.25
107.33333333333333
106.41666666666667
105.5
104.58333333333333
103.66666666666667
102.75
102.75
102.75
103.0
103.0
103.0
103.0
103.0
103.0
103.0
102.75
102.75
101.35714285714286
99.96428571428571
98.57142857142857
97.17857142857143
95.78571428571429
94.39285714285714
93.0
93.0
92.75
92.75
92.75
92.75
92.75
92.75
93.0
93.0
93.0
92.75
92.75
