192.0
192.0
193.5
192.25
192.25
193.5
193.5
193.0
194.25
194.25
194.25
194.25
194.5
194.25
194.25
192.25
192.25
192.75
193.5
193.5
193.5
193.5
192.25
192.75
192.75
192.0
191.5
190.75
190.75
190.75
189.5
188.0
188.0
188.0
188.0
188.0
190.75
190.75
190.25
190.0
187.75
187.75
187.75
189.5
187.0
187.0
187.0
186.75
186.75
187.75
187.75
187.0
186.25
186.75
187.0
187.0
187.0
187.5
187.75
187.75
187.5
186.75
186.75
187.0
187.0
187.75
188.0
188.0
188.0
187.0
187.5
187.75
188.0
188.0
188.5
188.0
187.75
187.75
187.75
187.75
188.5
188.0
188.0
187.75
188.75
188.0
187.75
187.75
188.0
187.5
186.0
186.0
186.75
186.0
187.75
188.5
188.5
186.25
186.25
186.25
186.25
186.25
186.25
186.75
186.25
186.25
186.25
186.0
186.25
186.25
186.0
186.25
187.0
186.25
186.25
186.75
186.0
186.25
186.25
186.25
185.5
186.0
186.75
186.75
189.5
189.5
188.5
189.25
189.25
188.5
188.5
187.5
187.75
188.75
190.0
190.0
190.0
189.25
188.75
188.75
188.0
188.0
188.0
187.75
187.75
187.75
188.0
188.5
189.25
189.25
188.75
189.25
188.75
188.75
188.0
188.75
189.25
188.75
188.75
189.25
190.0
188.75
189.25
189.25
188.5
188.5
188.0
188.0
189.25
189.5
187.75
187.0
187.0
186.75
187.0
187.5
186.0
186.0
185.5
186.75
187.0
187.0
187.0
188.5
187.0
187.0
187.0
187.0
186.75
186.75
186.25
186.25
186.0
186.0
185.5
185.5
184.5
186.25
186.25
186.0
186.0
187.0
187.0
186.25
188.0
189.25
188.0
188.0
191.0
192.25
190.25
190.25
189.25
190.75
190.25
189.25
190.25
190.25
189.25
191.0
191.5
191.5
190.25
190.25
191.5
190.25
190.25
190.75
190.0
190.0
188.0
187.75
188.5
188.5
187.75
186.0
186.75
186.75
186.75
187.75
187.75
188.75
188.75
188.75
190.25
190.0
188.5
188.5
189.25
188.5
188.75
189.25
189.25
188.75
190.0
190.0
190.0
189.5
190.75
189.5
189.5
189.5
190.0
192.0
190.25
190.25
190.0
192.0
192.25
192.75
192.75
192.75
192.25
193.0
193.5
193.0
192.75
192.75
192.0
194.5
194.5
194.5
194.25
194.5
194.5
195.75
195.75
196.5
196.5
197.75
197.75
197.5
198.25
198.75
197.75
198.75
198.75
198.75
199.0
199.5
199.625
199.75
199.875
200.0
200.0
200.0
200.0
200.0
200.0
200.0
200.0
200.0
200.0
200.0
200.0
200.0
200.0
200.0
200.0
200.0
200.0
200.0
200.0
200.0
200.0
200.0
200.0
200.0
200.0
200.0
200.0
200.0
200.0
200.0
200.0
200.0
199.75
199.5
199.5
199.0
198.25
198.75
199.0
198.75
198.75
199.0
199.0
197.5
198.75
198.75
197.75
198.75
198.75
197.75
198.25
198.25
198.25
197.75
197.75
197.75
198.25
198.25
199.0
199.5
200.0
199.0
197.75
197.75
198.25
197.75
197.75
195.0
195.0
192.75
192.25
192.75
192.25
192.25
190.75
192.25
192.0
192.25
192.25
191.5
191.0
190.25
190.0
190.0
186.75
186.75
186.75
186.75
186.75
187.5
186.25
186.25
186.25
186.75
187.75
187.75
187.5
186.25
187.0
187.0
187.5
188.75
188.0
188.75
188.75
190.0
188.5
188.5
188.75
188.75
188.75
190.0
190.25
190.25
190.75
191.5
190.75
189.5
190.25
190.25
190.25
189.25
190.0
190.0
190.75
192.25
187.75
187.75
187.75
187.75
189.5
191.0
191.0
191.5
191.5
192.0
192.25
192.0
192.0
192.0
191.5
192.25
193.0
192.75
192.75
192.75
192.25
190.75
191.0
191.0
192.0
191.5
192.75
192.75
192.25
191.5
191.5
191.0
191.0
192.0
191.0
191.0
192.75
190.75
192.0
190.0
190.0
192.0
191.5
190.0
192.0
192.0
192.25
192.25
192.25
192.25
191.0
190.0
188.5
188.0
188.0
187.0
186.25
187.5
187.5
186.0
186.75
186.0
184.5
184.5
186.0
187.5
187.0
186.25
186.25
186.25
182.75
186.0
186.0
186.25
186.75
187.75
188.5
188.5
186.75
186.0
184.75
184.75
184.75
186.25
186.75
186.75
184.5
185.5
185.5
187.0
187.0
187.0
184.75
185.5
186.0
186.0
186.0
186.75
185.25
185.25
186.75
188.0
188.5
190.25
190.25
189.25
187.75
186.75
186.75
188.75
188.5
188.75
188.5
188.5
186.25
187.5
188.5
188.5
188.5
186.75
187.5
186.25
186.25
186.0
186.25
187.0
187.5
187.5
188.0
188.5
189.5
189.5
190.0
191.0
190.0
189.5
191.0
191.0
192.0
190.75
192.0
192.0
193.5
192.25
193.0
192.75
193.5
193.5
192.25
193.5
193.5
194.25
194.25
193.0
192.0
192.0
191.75
192.0
192.0
192.0
192.0
191.75
193.0
192.75
193.5
193.5
193.0
192.25
192.75
192.75
192.75
191.5
191.5
191.5
191.0
191.5
190.25
190.25
188.5
189.25
189.25
189.25
189.25
189.25
189.25
189.25
189.25
189.25
185.25
185.25
192.25
193.5
189.5
187.0
187.0
185.5
184.5
188.75
192.25
192.25
192.25
195.5
195.0
193.0
193.0
193.0
193.0
193.0
192.75
193.0
193.0
193.0
194.5
194.5
194.5
194.5
194.5
194.25
194.25
194.5
194.5
194.5
195.25
196.0
196.75
197.5
197.0
197.0
195.5
192.25
193.75
193.75
196.25
196.5
196.5
196.5
196.5
196.25
196.25
196.25
196.5
196.25
192.0
192.0
190.0
190.75
190.0
190.0
190.75
190.75
190.75
190.75
190.75
190.75
190.75
190.75
190.75
190.75
188.5
188.5
190.25
190.75
190.75
190.25
190.25
190.0
189.5
189.5
191.0
191.0
192.0
190.75
190.75
192.0
192.0
191.5
192.25
191.0
191.0
187.75
190.75
187.0
188.75
188.75
187.0
186.75
186.75
187.5
187.5
187.75
189.25
189.25
188.5
188.5
188.75
188.75
190.0
190.0
190.25
190.75
190.25
189.5
189.5
188.0
188.5
189.25
189.25
188.0
188.5
187.75
186.75
186.75
186.0
186.0
187.0
191.0
191.0
187.0
189.5
186.25
186.25
186.5
186.5
186.5
186.25
188.0
188.0
190.75
190.75
192.0
191.0
190.75
190.75
195.75
191.5
188.75
188.75
188.75
194.25
194.25
194.5
194.5
194.25
194.25
194.25
194.5
194.5
194.5
194.14583333333334
193.79166666666666
193.4375
193.08333333333334
192.72916666666666
192.375
192.02083333333334
191.66666666666666
191.3125
190.95833333333334
190.60416666666666
190.25
186.75
186.75
186.75
186.75
186.75
187.0
186.75
186.75
186.75
186.75
187.3181818181818
187.88636363636363
188.45454545454547
189.02272727272728
189.5909090909091
190.1590909090909
190.72727272727272
191.29545454545453
191.86363636363637
192.4318181818182
193.0
195.5
193.75
193.0
193.0
192.75
192.75
192.75
192.75
192.75
193.0
193.0
193.0
195.0
195.0
195.66666666666666
196.33333333333334
197.0
197.0
197.875
198.75
198.75
199.5
199.5
199.5
199.125
198.75
196.5
196.5
195.5
194.5
193.5
193.5
193.75
193.5
193.0
192.75
192.75
193.5
190.0
192.75
193.0
193.0
191.5
191.5
191.5
191.5
191.5
191.25
191.5
193.75
193.0
193.0
192.25
192.25
190.75
190.75
194.5
197.5
197.75
197.0
198.25
196.25
196.25
198.25
194.25
194.5
194.5
191.5
186.25
186.0
186.0
186.0
183.0
183.0
188.75
188.0
188.0
187.0
188.5
191.5
191.5
189.5
190.75
190.75
191.0
191.0
190.75
190.75
190.75
190.75
190.75
177.5
164.25
151.0
137.75
124.5
111.25
98.0
98.0
100.75
100.75
100.75
102.0
102.0
100.5
100.5
100.0
100.0
98.75
98.75
98.75
99.0
99.0
99.0
99.0
98.75
98.75
99.0
99.0
118.7
138.4
158.1
177.8
197.5
198.75
198.25
199.5
199.5
199.5
200.0
199.5
200.0
198.75
197.0
197.0
196.5
196.25
195.5
194.25
194.25
193.75
193.75
192.75
193.75
193.75
194.25
194.25
192.0
193.75
193.75
193.5
195.75
195.5
194.25
194.25
194.5
192.75
193.75
194.5
194.5
194.5
194.5
193.0
195.0
194.25
194.25
195.0
195.0
197.0
194.25
194.25
195.0
196.5
196.5
197.5
197.5
197.5
198.25
198.25
197.75
197.75
198.25
198.25
198.75
199.5
199.0
198.25
198.25
198.25
199.0
198.25
200.0
199.375
198.75
198.75
198.75
198.9375
199.125
199.3125
199.5
199.5
197.75
199.0
199.5
199.5
199.48986486486487
199.47972972972974
199.46959459459458
199.45945945945945
199.44932432432432
199.4391891891892
199.42905405405406
199.4189189189189
199.40878378378378
199.39864864864865
199.38851351351352
199.3783783783784
199.36824324324326
199.3581081081081
199.34797297297297
199.33783783783784
199.3277027027027
199.31756756756758
199.30743243243242
199.2972972972973
199.28716216216216
199.27702702702703
199.2668918918919
199.25675675675674
199.2466216216216
199.23648648648648
199.22635135135135
199.21621621621622
199.2060810810811
199.19594594594594
199.1858108108108
199.17567567567568
199.16554054054055
199.15540540540542
199.14527027027026
199.13513513513513
199.125
199.11486486486487
199.10472972972974
199.09459459459458
199.08445945945945
199.07432432432432
199.0641891891892
199.05405405405406
199.0439189189189
199.03378378378378
199.02364864864865
199.01351351351352
199.0033783783784
198.99324324324326
198.9831081081081
198.97297297297297
198.96283783783784
198.9527027027027
198.94256756756758
198.93243243243242
198.9222972972973
198.91216216216216
198.90202702702703
198.8918918918919
198.88175675675674
198.8716216216216
198.86148648648648
198.85135135135135
198.84121621621622
198.8310810810811
198.82094594594594
198.8108108108108
198.80067567567568
198.79054054054055
198.78040540540542
198.77027027027026
198.76013513513513
198.75
200.0
199.5
199.5
199.57142857142858
199.64285714285714
199.71428571428572
199.78571428571428
199.85714285714286
199.92857142857142
200.0
200.0
199.5
199.0
198.75
198.75
198.75
198.8125
198.875
198.9375
199.0
199.0
198.75
199.5
199.0
199.5
199.5
199.5
198.875
198.25
198.25
198.25
198.5
198.5
198.25
198.25
198.75
199.0
200.0
198.25
197.4375
196.625
195.8125
195.0
195.5
196.5
195.75
195.75
198.25
197.0
195.5
197.5
197.5
194.5
196.25
195.0
195.5
195.75
195.75
197.5
196.25
197.0
195.75
195.75
195.5
195.0
196.25
195.0
195.75
195.75
196.5
196.25
196.25
195.5
195.5
195.0
195.5
195.75
196.25
197.5
197.5
197.0
199.5
199.5
199.25
199.25
199.5
195.5
197.5
197.75
198.25
198.25
197.75
198.07142857142858
198.39285714285714
198.71428571428572
199.03571428571428
199.35714285714286
199.67857142857142
200.0
199.97916666666666
199.95833333333334
199.9375
199.91666666666666
199.89583333333334
199.875
199.85416666666666
199.83333333333334
199.8125
199.79166666666666
199.77083333333334
199.75
199.72916666666666
199.70833333333334
199.6875
199.66666666666666
199.64583333333334
199.625
199.60416666666666
199.58333333333334
199.5625
199.54166666666666
199.52083333333334
199.5
198.75
197.75
197.75
197.75
197.0
197.5
198.25
197.75
197.75
197.0
197.0
196.25
195.75
195.5
195.5
195.75
195.75
195.5
196.5
196.5
195.75
194.5
194.25
194.25
194.5
194.5
194.5
194.25
193.5
193.5
193.5
193.0
193.75
194.25
195.0
195.0
194.5
193.5
193.5
193.5
193.5
193.75
194.25
194.5
194.5
195.5
195.5
194.5
194.25
194.25
193.5
193.5
194.5
195.75
195.75
195.5
195.5
195.5
194.5
194.5
193.75
194.5
194.5
194.25
194.5
192.75
193.5
193.5
192.75
192.75
193.75
193.75
193.75
194.25
194.25
193.5
193.5
193.5
192.25
192.25
192.25
192.25
192.25
193.5
194.25
194.25
194.25
194.5
194.5
193.5
193.5
193.0
193.5
193.5
195.0
195.0
193.75
193.75
193.75
194.25
194.5
193.5
193.75
193.75
192.75
193.0
194.5
193.0
193.0
190.0
193.5
193.5
192.25
191.5
191.5
191.5
192.0
192.25
192.25
191.5
190.25
192.0
190.75
190.75
190.75
190.75
188.75
190.75
190.75
190.75
190.75
191.0
190.75
190.0
190.0
190.0
191.5
191.0
191.0
192.75
191.0
190.75
190.75
190.75
190.0
192.0
189.5
190.0
190.0
189.5
190.75
190.25
190.25
188.0
189.25
190.25
191.5
190.75
190.75
190.75
190.75
191.5
191.5
191.0
191.5
191.5
191.5
191.5
191.5
191.5
195.0
195.0
197.0
193.5
193.0
193.5
193.5
195.0
195.75
195.5
196.5
196.5
195.75
198.25
198.25
194.5
194.91666666666666
195.33333333333334
195.75
196.5
196.5
198.75
198.75
198.75
198.75
198.75
198.75
198.75
198.75
198.79166666666666
198.83333333333334
198.875
198.91666666666666
198.95833333333334
199.0
199.0
199.0
199.5
199.5
199.5
199.5
199.25
199.25
199.5
198.75
198.75
198.75
198.5
198.25
198.25
198.25
198.75
198.825
198.9
198.975
199.05
199.125
199.2
199.275
199.35
199.425
199.5
199.5
199.4375
199.375
199.3125
199.25
199.1875
199.125
199.0625
199.0
199.0
199.0
200.0
199.5
199.5
199.5
199.5
199.5
198.75
199.0
198.625
198.25
198.25
198.25
199.5
197.75
197.5
197.5
197.5
196.5
197.5
197.5
196.25
196.25
196.5
197.75
196.25
196.25
196.5
196.5
195.0
197.0
197.0
196.5
196.5
197.0
197.0
196.25
196.25
196.5
196.5
196.25
194.25
195.75
196.25
196.25
196.25
195.0
194.5
194.25
194.25
193.5
193.0
192.75
194.25
194.25
193.75
193.5
193.75
193.75
195.75
195.75
193.75
193.0
193.75
194.25
194.25
193.75
193.5
193.0
193.75
193.75
194.5
194.5
193.75
194.25
194.25
194.25
195.75
194.25
194.25
194.5
194.5
194.5
195.5
195.0
195.0
195.0
195.75
196.25
195.75
195.75
194.5
195.0
195.75
195.75
195.0
193.75
195.0
193.75
193.75
193.5
193.75
193.5
194.5
194.5
194.25
194.25
193.75
194.5
193.5
193.5
193.75
194.25
195.0
195.0
195.0
194.25
193.0
194.25
194.25
194.25
195.0
194.25
194.5
193.75
195.0
195.0
195.0
196.5
196.5
193.5
193.5
195.0
194.5
195.0
195.0
195.0
197.0
197.0
195.5
197.0
196.5
196.5
197.5
196.25
196.5
195.75
195.0
195.0
195.5
197.0
196.25
196.25
196.25
196.25
196.25
195.0
193.75
193.75
193.75
193.75
192.75
193.5
193.5
195.0
195.0
193.0
191.5
191.5
192.25
192.25
193.5
193.0
194.25
194.25
192.25
190.75
192.0
192.0
193.0
195.0
193.5
194.25
193.0
193.0
193.75
192.75
193.75
193.5
193.5
193.0
190.25
190.75
191.5
191.5
193.0
193.0
193.75
193.0
193.0
193.75
195.0
195.0
194.5
194.5
195.5
197.0
195.75
195.0
195.5
195.5
194.25
195.0
193.0
194.25
194.25
194.25
195.0
194.25
197.5
196.25
196.25
196.5
195.75
193.5
195.75
195.75
193.5
196.25
194.25
195.0
195.75
195.75
193.5
194.25
195.0
195.0
194.25
194.5
195.5
195.5
197.75
197.75
194.5
195.5
197.5
197.0
196.5
196.5
196.25
196.25
195.75
196.25
196.25
195.75
193.75
195.0
196.25
196.25
193.75
195.0
194.25
195.0
195.0
193.75
193.75
193.5
194.25
192.75
192.75
192.25
193.0
192.0
192.0
194.5
192.0
191.5
193.0
193.0
193.0
193.0
192.75
191.5
189.5
189.5
189.5
189.25
188.5
188.5
188.5
188.75
189.25
191.5
191.5
191.5
191.0
192.25
190.25
190.25
190.0
190.0
190.25
190.75
190.75
192.0
192.75
192.25
190.25
190.25
188.75
190.25
194.25
193.75
193.75
193.0
192.25
192.0
189.5
189.5
191.5
190.75
191.0
193.0
193.0
194.25
193.5
193.5
192.75
192.75
190.25
190.75
190.25
190.25
190.25
192.25
192.25
192.75
190.25
190.25
189.25
188.75
190.25
190.25
193.5
192.75
189.25
189.5
189.5
189.25
189.5
189.5
189.5
189.5
190.0
189.5
190.25
190.25
190.25
191.0
191.0
191.0
190.75
190.75
190.75
192.25
191.0
191.5
191.5
191.5
191.0
191.5
191.5
191.5
189.25
189.25
190.25
190.0
190.0
190.75
189.25
189.5
189.5
190.0
187.75
189.25
188.0
188.0
190.25
189.25
190.75
190.75
190.75
188.5
189.5
189.25
189.25
189.25
190.0
189.5
189.25
189.25
190.75
188.0
188.75
188.75
188.75
190.0
190.0
188.75
190.0
190.0
190.25
191.5
189.5
190.0
190.0
190.0
190.75
188.5
191.0
191.0
191.0
188.5
188.75
188.75
188.5
188.0
189.25
186.25
186.25
188.5
188.5
186.75
188.0
188.0
188.5
187.75
187.75
187.5
187.5
188.75
187.75
188.0
188.0
187.75
188.5
189.25
190.25
190.25
189.5
189.25
189.25
189.25
189.25
189.25
188.5
190.0
191.5
191.5
190.0
189.25
190.0
190.0
189.5
189.25
189.25
189.5
189.5
190.25
186.0
190.75
190.75
187.0
187.0
188.0
188.0
188.0
188.0
188.5
187.75
188.75
188.75
189.25
189.25
188.5
188.75
188.75
191.0
190.25
191.5
191.0
191.0
191.0
192.75
190.25
190.25
192.25
194.25
194.25
193.0
193.0
193.75
193.5
191.0
191.0
192.25
192.0
192.0
192.25
192.25
192.25
193.5
192.0
192.25
192.25
191.0
191.5
190.75
190.75
189.25
190.75
190.25
190.75
190.75
191.0
189.25
187.75
188.75
188.75
188.5
188.5
188.75
190.0
188.0
190.25
190.25
188.75
187.75
187.0
186.0
186.0
187.0
186.25
187.5
187.5
184.5
188.0
187.75
187.75
188.5
188.75
188.75
192.25
191.5
193.0
191.0
191.0
190.0
190.0
190.25
190.75
190.75
191.5
191.5
190.25
191.0
191.5
191.0
191.0
192.25
192.0
193.0
192.75
192.75
193.0
193.0
190.25
190.25
190.25
190.25
190.25
189.5
190.0
190.0
189.5
191.5
191.5
192.0
192.0
192.0
191.0
191.5
192.0
192.0
190.25
189.5
191.5
191.5
191.5
191.0
193.0
190.25
190.75
190.75
190.75
190.75
191.0
191.0
191.0
190.75
191.0
190.9318181818182
190.86363636363637
190.79545454545453
190.72727272727272
190.6590909090909
190.5909090909091
190.52272727272728
190.45454545454547
190.38636363636363
190.3181818181818
190.25
190.25
192.25
193.75
194.5
194.5
194.25
194.5
195.75
195.75
195.75
196.0
195.75
195.75
196.0
197.75
197.75
198.75
196.25
196.25
196.25
196.5
196.5
196.25
199.0
199.5
198.75
198.80769230769232
198.8653846153846
198.92307692307693
198.98076923076923
199.03846153846155
199.09615384615384
199.15384615384616
199.21153846153845
199.26923076923077
199.32692307692307
199.3846153846154
199.44230769230768
199.5
199.5
198.25
198.25
198.75
197.5
197.5
197.0
196.5
196.5
196.25
195.5
195.5
195.75
194.5
193.5
193.75
193.75
194.25
193.5
193.0
191.5
191.5
191.5
190.75
190.75
191.0
191.0
191.0
191.0
191.0
191.5
191.5
191.0
191.0
192.25
192.0
192.0
192.0
192.75
192.75
193.0
193.0
192.75
193.5
192.75
192.25
192.25
192.25
191.0
191.0
191.0
191.0
191.0
190.75
190.25
190.25
189.5
189.5
190.0
189.25
189.25
189.25
189.25
190.0
189.25
189.25
189.5
190.0
190.75
191.0
191.0
189.5
187.75
189.25
189.5
189.5
189.5
188.5
187.0
187.0
186.75
187.5
186.75
187.0
187.0
187.0
187.75
187.5
187.5
188.0
187.0
186.25
187.75
187.75
187.75
188.0
188.5
188.75
188.75
189.25
188.75
189.25
189.5
189.5
189.5
190.75
190.75
190.75
189.5
189.5
190.25
190.75
190.75
190.25
190.75
190.75
190.75
190.75
191.0
191.0
192.25
192.25
192.25
193.0
193.0
194.25
194.25
193.75
193.5
193.5
193.5
193.0
193.5
194.25
194.25
193.5
193.0
193.0
193.0
193.0
193.5
193.0
192.75
192.75
193.75
193.0
193.0
193.5
193.5
194.25
193.75
193.75
193.75
193.5
193.75
193.75
194.25
194.25
195.5
194.5
193.5
193.75
193.75
194.5
193.75
194.5
196.25
196.25
196.25
196.25
195.5
195.5
198.25
200.0
196.5
197.75
198.25
198.25
197.5
196.5
196.25
197.0
197.0
196.25
195.75
197.5
197.5
197.25
197.25
197.5
197.5
199.0
196.5
196.5
197.0
195.75
195.75
194.5
195.0
195.0
194.5
194.5
193.75
194.25
194.25
193.75
195.5
194.5
195.0
195.0
193.75
193.5
193.5
192.75
192.75
193.5
193.5
193.5
195.0
195.0
191.5
190.25
191.5
192.0
192.0
190.75
190.0
190.0
189.5
189.5
190.25
189.5
189.25
190.75
190.75
191.0
189.5
190.75
191.0
191.0
193.0
191.5
192.25
192.25
192.25
192.75
192.0
192.75
192.25
192.25
192.0
192.25
192.75
192.25
192.25
192.25
192.75
192.75
192.0
191.5
191.5
191.5
192.0
191.0
192.0
193.0
193.0
190.0
190.25
191.0
190.0
190.0
189.5
189.25
188.75
189.5
189.5
189.5
190.25
190.25
192.0
192.0
190.75
191.0
189.5
191.0
191.0
191.5
191.0
191.0
192.0
192.0
191.0
192.0
192.75
192.75
192.25
194.25
193.5
193.75
192.25
192.25
191.5
193.5
192.0
191.5
191.5
192.75
192.75
190.75
190.75
191.5
190.75
192.0
192.0
192.25
192.25
190.25
190.25
189.5
188.0
188.0
189.5
191.5
188.75
188.75
191.5
192.0
190.75
190.75
190.75
191.5
190.25
190.25
190.75
190.75
191.0
191.5
191.5
192.0
192.25
191.0
193.5
193.5
193.0
191.5
191.5
192.75
194.25
195.0
195.5
195.5
194.25
195.5
194.25
193.5
193.5
194.5
195.0
195.75
194.25
195.0
195.0
195.5
195.75
194.5
195.0
195.0
194.5
193.0
194.25
194.25
194.25
193.75
193.75
193.5
193.5
193.5
192.0
191.0
190.25
191.0
191.0
190.75
189.25
188.0
188.75
188.75
188.0
190.0
190.0
189.25
187.5
188.0
187.5
187.5
185.5
185.5
185.5
185.5
185.5
185.25
185.25
188.0
186.75
187.5
187.0
187.0
186.0
187.0
187.0
187.0
187.5
187.5
187.5
187.5
186.75
186.75
187.75
187.75
187.75
187.75
187.75
187.75
188.0
188.5
188.5
188.5
188.5
188.5
188.0
188.75
188.75
188.75
188.75
188.75
188.75
188.75
188.75
188.0
189.5
190.0
190.0
190.0
190.0
190.0
192.75
192.75
190.25
189.5
190.75
191.0
191.0
193.0
192.25
193.0
194.25
194.25
193.5
194.25
193.5
192.75
192.75
194.5
193.75
192.75
192.75
192.25
192.25
192.25
193.0
193.75
193.0
193.0
193.0
192.25
192.25
192.25
192.25
192.5
192.25
192.25
192.25
192.25
192.25
193.0
193.75
198.75
198.75
198.75
198.75
198.75
199.0
195.0
194.25
194.25
196.25
191.0
191.0
191.0
191.0
191.0
197.0
197.0
197.0
197.0
196.75
196.75
190.75
190.75
192.0
191.5
191.5
192.0
192.0
191.0
190.25
190.75
191.0
191.0
190.75
191.0
190.75
190.75
192.25
191.0
192.25
192.25
191.5
191.5
191.5
192.0
193.0
193.0
192.25
193.0
193.5
193.75
193.75
193.75
193.75
193.5
193.5
193.25
193.25
193.25
193.25
193.25
196.25
195.0
195.75
195.5
195.5
195.5
195.0
195.5
196.25
195.75
195.75
195.75
195.75
195.75
196.5
196.5
195.75
196.5
197.5
195.75
195.0
195.0
195.0
195.0
195.0
194.75
194.75
190.25
190.25
189.5
189.5
187.75
185.5
184.75
184.75
183.0
183.5
183.5
183.5
182.75
181.75
179.75
179.75
176.75
173.5
173.25
173.25
172.5
172.0
172.0
170.0
172.25
172.25
173.75
174.75
174.75
176.75
177.25
178.25
178.25
181.0
180.75
180.75
180.75
181.75
182.0
182.75
182.75
182.5
182.5
185.5
186.75
186.75
187.0
187.5
187.75
188.75
188.75
189.5
190.75
190.75
190.75
191.0
192.0
192.25
192.75
193.5
193.5
194.5
194.25
194.5
195.0
195.0
195.0
195.0
195.0
195.75
195.75
195.75
195.75
195.75
195.75
196.0
195.75
195.75
196.25
196.25
195.75
195.5
195.5
196.5
197.0
196.5
195.75
195.75
195.75
196.25
196.25
196.25
195.75
195.75
196.5
196.25
195.5
196.5
196.5
196.5
196.25
196.25
196.25
196.25
196.25
196.25
195.5
194.5
195.5
194.5
194.5
194.25
195.0
195.5
194.5
194.5
197.0
196.25
196.25
199.0
198.75
198.75
200.0
200.0
200.0
198.25
199.0
199.0
197.75
199.0
198.75
199.0
200.0
200.0
200.0
199.41666666666666
198.83333333333334
198.25
198.25
196.5
197.5
196.5
196.5
197.75
199.5
198.75
199.375
200.0
200.0
200.0
200.0
200.0
199.0
199.0
198.25
198.75
197.0
198.25
198.25
192.75
193.5
194.25
195.5
195.5
195.5
197.5
194.5
194.25
196.25
196.25
195.5
195.75
194.25
193.75
193.75
193.75
192.75
190.25
190.0
190.0
190.25
192.25
192.75
193.0
193.0
193.5
193.5
193.5
193.0
192.75
192.75
192.25
193.0
192.75
195.5
195.5
190.75
190.75
192.75
194.25
194.25
193.0
194.5
195.0
195.75
195.75
195.0
194.5
194.5
195.5
194.25
194.25
194.25
194.25
194.25
193.5
193.5
194.25
195.5
194.5
191.5
191.5
193.5
195.5
192.75
193.0
193.0
191.0
190.25
190.75
190.75
190.75
191.5
190.25
191.5
190.25
190.25
193.5
193.0
193.0
192.75
193.5
193.5
193.5
192.25
193.5
193.75
193.75
193.75
193.5
192.0
195.5
195.5
193.0
193.75
192.25
193.0
193.0
192.25
191.0
190.25
191.0
191.0
191.0
190.0
189.25
188.0
188.0
188.5
188.75
188.75
188.75
187.75
188.5
189.25
188.0
188.0
190.0
188.75
188.75
188.75
188.75
188.0
188.5
188.5
188.0
188.0
188.75
188.0
188.0
188.0
189.5
189.25
189.5
190.25
190.25
189.25
190.0
190.75
190.25
190.25
191.5
192.0
192.0
192.75
192.75
190.75
189.5
189.5
189.5
188.0
188.5
188.5
190.0
187.0
187.5
187.0
187.0
186.75
187.5
187.0
187.0
187.5
187.5
187.0
188.5
188.5
187.5
188.0
188.0
188.0
187.75
187.0
187.0
187.75
187.75
188.75
188.0
188.0
188.0
188.0
187.75
187.75
187.0
187.0
187.75
187.75
186.0
186.0
186.75
186.0
186.0
184.75
184.75
185.0
185.0
185.0
184.75
184.75
185.5
185.5
185.25
186.75
187.5
188.0
188.5
188.5
188.0
186.75
188.0
188.0
188.5
187.5
189.5
190.0
190.0
189.5
187.0
186.75
187.5
187.5
187.0
186.75
186.25
186.25
187.0
186.0
187.0
187.0
187.5
185.25
185.5
185.5
185.25
183.0
183.5
183.5
184.75
186.0
184.5
184.5
184.5
183.75
183.0
184.25
184.25
183.5
182.75
183.5
183.75
183.75
184.5
184.25
183.75
183.75
182.75
183.0
183.75
183.75
184.5
184.25
185.25
185.25
184.5
184.5
183.75
185.25
185.25
185.25
185.5
186.0
186.0
186.0
185.5
186.75
186.75
186.75
186.75
190.25
190.5
190.5
190.25
190.25
188.5
186.25
186.25
187.75
186.0
186.0
186.25
186.25
186.75
186.75
186.0
186.0
187.0
184.75
186.0
186.0
186.75
183.5
186.25
186.25
186.25
184.25
185.25
183.75
183.75
184.75
184.5
182.75
182.75
184.25
184.5
185.25
184.25
184.25
184.5
184.25
183.5
183.5
184.5
183.5
183.0
183.0
183.75
183.5
184.5
184.5
182.5
183.5
181.75
181.75
182.75
182.5
181.75
181.75
181.75
182.0
182.0
182.75
182.75
182.75
181.25
181.25
185.5
183.0
183.0
183.0
183.0
183.0
183.0
183.0
184.25
184.25
184.25
184.25
184.25
183.75
184.5
184.5
184.75
184.75
186.25
184.75
184.75
185.25
182.75
183.5
183.5
184.25
185.25
184.5
185.25
185.25
186.25
184.25
184.25
184.25
185.25
186.75
186.75
186.75
186.0
187.75
187.75
188.0
188.0
188.0
189.25
189.5
189.5
189.5
186.75
187.75
188.75
188.75
188.0
186.75
186.25
185.25
185.25
185.5
186.25
187.0
187.75
187.75
187.5
186.0
186.25
186.25
187.5
186.0
186.0
189.25
188.5
190.0
190.0
190.0
188.75
190.0
190.0
190.0
190.25
192.0
192.25
192.25
192.25
192.25
192.5
192.25
192.25
192.65384615384616
193.05769230769232
193.46153846153845
193.8653846153846
194.26923076923077
194.67307692307693
195.07692307692307
195.48076923076923
195.8846153846154
196.28846153846155
196.69230769230768
197.09615384615384
197.5
197.5
195.75
197.0
196.5
195.5
194.5
194.5
194.5
195.0
194.25
195.0
195.0
194.5
193.75
193.0
192.25
192.25
190.75
191.5
190.25
190.25
190.25
189.5
190.75
190.75
190.25
190.25
189.5
190.25
187.75
187.75
187.75
184.5
182.5
182.5
178.75
173.5
173.5
168.0
166.0
165.75
165.75
166.5
168.0
168.0
168.0
165.75
165.75
163.75
163.5
163.5
158.25
151.0
151.0
150.0
150.0
149.75
146.25
146.25
147.0
147.0
143.25
139.5
139.5
133.25
133.25
124.75
124.75
127.5
127.5
128.25
128.25
126.75
125.25
125.25
126.5
129.5
129.5
129.5
132.25
133.25
133.25
133.25
135.75
140.5
140.5
147.0
152.25
152.25
154.0
154.75
154.75
157.25
160.5
160.5
162.5
165.5
165.5
165.5
164.5
163.25
163.25
163.75
164.25
164.25
166.25
169.0
169.0
170.75
173.5
173.5
177.0
179.0
181.25
181.25
183.0
183.5
185.25
186.0
186.0
186.25
187.5
189.25
189.25
189.5
191.5
192.0
192.75
194.25
194.25
193.5
193.0
193.5
194.5
194.5
195.5
194.5
194.5
194.25
194.25
193.5
195.0
195.5
193.75
191.0
191.0
193.75
193.0
193.5
193.5
193.5
194.25
194.25
194.5
196.5
197.5
197.0
195.5
195.5
197.0
197.75
199.5
199.5
197.75
197.75
196.5
199.5
199.5
199.25
199.25
199.5
199.1875
198.875
198.5625
198.25
198.4375
198.625
198.8125
199.0
199.0
197.75
197.25
196.75
196.25
195.0
195.0
195.0
195.0
195.0
194.75
194.75
195.0
192.75
191.0
191.0
191.0
191.5
192.25
190.75
191.0
191.5
191.5
190.25
191.0
190.25
190.25
189.5
188.5
188.0
188.5
188.5
188.0
187.5
186.75
186.75
186.75
187.0
187.0
187.0
187.75
186.75
186.75
188.0
187.5
188.0
188.0
188.0
187.75
187.75
188.0
190.75
187.0
189.25
189.25
191.5
191.5
191.5
191.5
191.5
191.5
191.25
191.0
194.5
196.25
196.25
197.75
194.5
193.75
194.5
194.5
193.75
194.5
195.75
189.5
192.75
192.75
192.25
193.0
194.25
192.75
192.75
194.5
194.5
193.0
194.25
194.25
193.5
194.25
194.25
193.75
193.75
193.0
193.5
194.25
193.75
195.0
195.0
195.0
195.0
195.0
195.0
194.75
194.25
194.25
194.25
193.75
193.5
192.75
192.75
192.75
192.25
192.0
192.0
192.0
191.0
193.75
194.5
193.5
193.0
193.0
192.25
192.0
191.0
191.0
192.75
193.0
193.0
193.0
193.0
193.0
192.75
192.75
194.25
195.75
195.75
188.75
188.75
190.0
190.0
189.25
191.0
191.5
191.0
190.0
190.0
190.25
190.0
190.75
190.75
190.0
189.5
188.75
185.25
185.25
188.5
190.0
188.75
186.0
186.0
188.0
188.75
188.75
188.75
188.5
187.75
188.0
187.75
187.75
188.75
188.0
188.0
188.0
187.5
187.5
188.75
189.25
189.25
188.5
187.5
187.75
187.75
187.75
186.75
187.5
188.5
188.5
188.5
187.5
188.0
188.0
187.5
187.5
188.75
188.0
188.0
186.75
188.0
187.0
188.75
188.75
188.5
188.5
187.75
188.0
188.0
189.25
188.75
186.75
186.75
187.75
188.5
188.0
188.0
188.0
189.5
189.5
190.75
189.5
189.5
188.0
189.25
187.75
187.75
188.5
188.5
189.25
188.5
188.5
189.25
188.75
187.5
188.5
188.5
188.5
188.75
189.25
189.25
187.5
188.0
188.0
188.0
188.0
188.5
188.0
188.75
186.75
186.75
187.5
187.5
186.0
186.0
186.75
187.0
187.0
187.0
187.0
185.5
185.25
184.75
184.75
185.5
185.5
186.75
186.75
186.25
186.0
186.25
187.75
187.75
187.75
188.0
188.0
188.5
188.5
188.0
189.5
190.0
190.75
190.75
188.5
190.0
188.0
188.0
189.25
189.25
189.25
189.25
189.25
189.5
189.5
191.0
190.0
190.0
190.75
192.25
190.0
193.75
193.75
193.75
194.0
194.0
193.75
193.75
198.25
196.5
198.25
198.25
198.25
198.5
198.5
198.25
194.25
194.25
195.5
197.75
192.75
187.0
187.0
187.5
187.5
187.75
189.25
193.5
193.5
193.5
193.5
193.5
193.5
193.5
187.75
186.75
186.75
186.75
184.75
187.0
187.0
187.75
187.75
188.75
188.75
189.25
185.5
190.0
189.25
189.5
189.5
191.0
189.5
192.0
192.0
189.25
190.25
190.25
190.25
189.5
189.5
189.5
187.75
185.25
183.75
183.75
182.0
180.25
179.75
179.75
177.25
175.0
175.0
174.0
174.0
173.5
173.75
175.75
175.75
172.75
172.75
169.5
167.75
163.75
163.75
161.5
157.0
157.0
151.5
151.5
147.25
148.75
148.75
146.5
146.5
145.75
147.0
147.0
148.25
150.5
150.5
153.75
153.75
157.5
160.25
162.75
162.75
165.0
169.5
169.5
171.5
174.75
178.0
178.75
178.75
180.75
181.75
181.75
181.75
182.0
183.75
181.75
181.75
182.75
183.5
183.75
183.75
185.5
185.25
184.25
186.0
186.0
187.75
187.5
188.0
189.5
189.5
189.5
190.0
188.75
188.75
190.25
192.0
191.0
190.75
190.75
189.25
187.75
188.75
188.75
190.0
188.0
186.25
186.25
186.25
188.75
189.25
190.0
189.25
189.25
190.0
187.75
188.5
188.75
188.75
188.5
190.0
189.25
189.5
189.5
189.25
190.75
191.5
191.0
191.0
192.0
190.25
190.25
190.25
190.75
190.25
191.0
190.25
190.25
190.75
190.0
189.25
189.25
189.25
188.5
188.0
188.0
187.5
187.5
187.75
188.75
189.0
189.0
189.0
188.75
188.75
186.75
186.75
187.75
187.75
187.75
188.0
188.0
188.0
186.75
190.25
190.25
190.5
190.25
190.25
190.25
188.75
187.75
187.75
186.75
187.75
186.25
187.0
187.0
187.75
187.0
187.0
187.0
186.75
187.75
187.75
188.0
187.5
187.0
187.0
186.75
187.5
187.75
188.0
188.0
188.0
188.0
188.0
187.75
187.75
187.75
187.75
188.0
188.0
188.5
188.5
189.5
189.5
189.5
190.75
190.25
190.25
190.25
190.25
190.25
187.5
192.0
187.75
187.75
187.75
187.75
187.75
188.0
191.5
190.75
190.75
193.0
191.5
191.5
193.0
193.0
192.75
192.75
192.75
192.75
192.75
192.75
192.75
193.0
193.0
193.0
193.0
193.0
193.0
193.0
193.0
193.0
193.0
193.0
193.0
193.0
193.0
193.0
193.0
193.0
193.0
193.0
193.0
193.0
193.0
193.0
193.0
193.0
193.0
193.0
193.0
193.0
193.0
129.25
129.25
126.0
126.0
121.75
121.75
125.5
125.5
126.75
126.75
122.75
122.75
126.25
126.25
126.25
126.25
126.25
126.25
126.25
126.25
126.25
126.5
126.25
126.25
126.25
126.25
124.73913043478261
123.22826086956522
121.71739130434783
120.20652173913044
118.69565217391305
117.18478260869566
115.67391304347827
114.16304347826087
112.65217391304348
111.1413043478261
109.63043478260869
108.1195652173913
106.6086956521739
105.09782608695652
103.58695652173913
102.07608695652173
100.56521739130434
99.05434782608695
97.54347826086956
96.03260869565217
94.52173913043478
93.01086956521739
91.5
91.5
91.5
91.5
91.5
91.5
91.5
91.5
91.5
91.25
91.25
91.25
91.25
99.375
107.5
115.625
123.75
131.875
140.0
148.125
156.25
164.375
172.5
180.625
188.75
189.0
189.0
188.75
188.75
189.0
188.75
188.75
188.75
188.75
188.75
189.0
189.21875
189.4375
189.65625
189.875
190.09375
190.3125
190.53125
190.75
190.75
190.75
194.5
194.5
195.0
193.5
193.5
196.5
196.5
194.5
195.0
195.0
194.5
194.25
194.25
195.0
195.75
195.75
195.75
195.75
195.75
195.75
195.75
196.0
195.5
195.5
193.75
193.75
193.75
193.75
193.75
193.75
193.75
193.75
193.75
194.0
194.0
193.75
193.75
192.75
191.75
190.75
189.75
188.75
187.75
186.75
185.75
184.75
183.75
184.75
184.75
184.75
184.75
184.75
184.75
184.75
184.75
184.75
185.0
184.6
184.2
183.8
183.4
183.0
183.0
181.25
180.75
180.75
187.5
185.25
185.25
181.75
188.0
180.75
180.75
178.75
179.75
180.0
180.0
179.75
180.75
180.25
180.25
180.25
179.75
181.0
181.0
181.25
181.0
180.75
180.75
182.75
180.0
180.75
180.75
179.0
182.0
182.0
183.5
184.25
184.5
184.5
184.25
184.25
183.5
183.5
184.5
184.25
184.75
186.0
186.0
186.25
186.0
186.0
186.75
186.75
188.5
187.5
187.75
187.75
188.0
187.5
189.25
188.5
188.5
188.0
186.75
187.0
188.0
188.0
187.0
187.5
188.5
188.5
187.5
187.5
187.5
187.5
187.5
186.75
186.75
187.75
193.0
189.25
187.0
187.0
186.25
186.25
186.25
187.0
186.75
186.75
186.25
191.5
189.5
189.5
189.5
186.75
188.0
187.75
187.75
185.5
185.5
188.5
187.0
187.0
187.0
187.0
187.0
186.75
186.75
186.75
188.75
188.75
186.0
186.0
186.25
185.5
185.5
185.5
185.5
185.5
185.5
185.25
185.5
185.5
167.2
148.9
130.6
112.3
94.0
94.0
94.0
91.75
91.75
92.25
92.25
92.25
92.25
92.25
92.25
92.5
92.5
92.5
92.5
92.5
92.5
92.5
110.6
128.7
146.8
164.9
183.0
183.5
183.5
184.25
184.25
184.25
184.25
184.25
184.5
184.5
184.25
184.25
184.25
183.64285714285714
183.03571428571428
182.42857142857142
181.82142857142858
181.21428571428572
180.60714285714286
180.0
180.0
179.75
179.75
179.75
180.0
179.75
179.75
180.0
179.75
179.75
174.6875
169.625
164.5625
159.5
159.5
159.0
159.0
158.75
158.75
157.0
153.25
153.25
150.75
150.75
152.5
152.5
154.25
154.25
154.25
154.25
153.75
152.75
152.75
153.0
153.0
153.5
153.5
153.5
153.0
153.0
153.0
151.0
151.0
151.0
147.0
147.0
147.0
147.0
147.0
146.75
146.75
147.0
146.75
146.75
135.4
124.05
112.7
101.35
90.0
90.0
90.0
90.0
89.25
89.25
88.25
88.25
88.25
92.0
92.0
92.0
90.25
90.25
90.0
90.0
90.0
88.0
88.0
86.75
86.75
86.75
87.0
87.0
87.0
87.0
86.75
86.75
87.0
87.0
87.0
88.85
90.7
92.55
94.4
96.25
96.25
95.25
95.25
95.25
95.25
95.25
95.5
95.25
95.5
95.5
95.25
102.97916666666667
110.70833333333333
118.4375
126.16666666666667
133.89583333333334
141.625
149.35416666666666
157.08333333333334
164.8125
172.54166666666666
180.27083333333334
188.0
186.0
187.5
187.5
185.5
186.75
189.25
189.25
189.25
189.5
189.5
189.25
188.0
187.75
187.75
187.0
188.75
190.0
182.0
182.0
186.75
189.25
189.25
189.25
189.25
189.25
189.5
189.25
189.5
189.5
190.25
188.75
190.0
190.0
189.75
189.75
189.75
189.75
189.75
189.75
189.75
190.0
189.75
190.0
191.125
192.25
193.375
194.5
195.625
196.75
197.875
199.0
199.0
198.91666666666666
198.83333333333334
198.75
200.0
198.25
196.5
196.5
196.5
195.25
194.0
192.75
195.0
193.75
195.75
195.75
195.0
194.5
193.0
193.0
192.75
191.0
188.75
189.25
189.25
187.0
184.5
184.75
184.75
183.0
182.0
181.0
181.0
179.0
179.0
178.75
178.75
178.25
181.0
181.0
180.0
178.0
177.75
177.75
177.75
178.25
178.0
178.0
177.25
177.0
176.25
176.25
175.75
176.0
176.0
174.75
174.5
175.5
175.5
176.0
176.25
177.75
177.75
178.0
178.0
178.0
178.0
178.0
178.75
179.0
179.0
179.0
179.0
179.25
179.25
179.0
182.0
181.25
181.25
181.25
178.75
179.75
179.75
180.75
183.75
183.75
183.75
184.0
184.0
184.0
183.75
183.75
185.5
183.5
182.75
182.75
183.5
183.0
182.0
182.0
183.0
181.75
180.75
180.75
181.25
181.25
181.25
181.25
183.75
182.0
182.0
182.0
182.0
182.5
182.5
186.0
186.0
186.0
185.75
185.75
185.75
186.0
181.0
183.5
183.5
182.0
181.25
181.75
181.75
181.25
181.25
179.75
179.75
179.75
180.0
182.75
182.75
181.0
180.25
181.75
181.75
181.75
182.5
184.25
184.25
183.5
183.0
183.75
183.75
185.5
184.75
184.75
184.75
184.75
185.0
185.0
185.0
184.75
184.75
185.25
185.25
185.25
185.25
185.25
185.25
185.25
185.25
185.5
185.5
185.25
185.25
186.0
187.5
186.0
186.0
185.25
184.75
182.75
182.75
182.0
182.75
181.25
181.25
182.0
181.75
181.0
181.0
182.0
179.75
180.75
180.75
182.75
180.0
180.0
180.0
180.0
180.0
179.75
179.75
183.5
180.75
180.75
181.0
181.25
183.5
183.5
179.25
179.25
179.25
180.75
177.0
177.0
177.0
177.75
177.75
180.0
179.75
181.0
181.0
178.75
179.25
180.0
180.0
181.0
180.75
180.0
180.0
180.25
180.25
179.75
179.75
181.25
181.0
181.0
181.0
181.0
181.0
181.0
180.75
180.75
181.75
181.75
181.0
181.75
181.75
182.5
181.75
181.75
182.5
182.5
181.75
182.5
182.5
181.75
183.0
182.75
182.75
182.75
182.75
181.75
182.5
182.5
182.75
185.25
183.0
183.0
184.5
182.0
183.0
182.75
182.75
181.25
182.0
181.25
181.25
181.75
181.0
181.0
181.0
181.0
181.0
181.25
181.25
180.25
180.25
179.75
180.25
182.0
180.25
180.25
179.75
180.75
182.5
182.5
182.5
180.25
180.25
180.25
180.0
181.0
181.25
181.25
181.75
179.25
182.75
182.75
182.0
181.25
181.0
181.0
181.0
181.0
181.0
181.0
181.25
182.5
181.25
181.25
181.25
179.75
179.75
179.75
180.0
179.75
179.75
179.75
181.25
182.0
181.0
181.0
181.25
181.75
181.25
181.25
182.0
181.75
181.75
181.75
182.75
183.5
183.75
181.25
181.25
183.75
184.75
186.0
186.0
184.75
184.5
185.25
185.25
183.75
183.0
181.25
181.25
181.25
182.75
182.75
182.0
180.75
180.75
181.75
181.75
181.25
181.25
181.25
181.25
182.0
182.0
183.0
183.5
183.5
182.5
184.5
185.5
185.5
184.5
182.75
183.75
183.75
182.5
182.0
183.0
183.0
183.5
183.75
184.5
184.5
180.75
183.0
183.0
183.0
183.75
182.5
180.75
180.75
184.5
184.5
193.5
193.5
179.25
182.75
180.25
180.25
180.25
180.25
180.25
180.25
180.25
180.25
180.25
180.25
180.25
180.25
173.09375
165.9375
158.78125
151.625
144.46875
137.3125
130.15625
123.0
123.0
123.75
123.75
125.0
125.0
124.25
124.25
122.25
122.25
124.5
123.0
123.0
123.5
123.5
122.75
122.75
125.5
125.5
125.75
125.75
121.0
121.0
123.25
123.25
125.5
125.5
125.75
125.75
126.25
126.25
127.0
127.0
125.0
125.0
124.5
124.5
125.0
123.75
123.75
123.0
123.0
124.5
124.0
124.0
123.25
123.25
123.75
123.75
121.75
121.75
124.5
124.5
124.5
122.75
122.75
123.0
123.0
121.75
121.75
121.75
121.75
121.75
121.75
122.25
122.25
123.75
123.75
122.75
122.75
122.75
122.75
120.75
120.75
121.75
121.75
121.25
121.25
120.75
120.75
122.0
122.0
122.75
122.75
122.25
122.25
121.5
121.25
121.25
121.0
121.0
122.5
123.5
123.5
119.75
119.75
120.75
120.75
120.75
120.75
120.75
120.75
121.0
121.0
121.0
121.0
120.75
120.75
121.0
121.0
121.5
121.5
121.5
121.5
121.5
121.5
121.25
121.25
121.25
121.25
121.25
121.25
121.5
121.05
120.6
120.15
119.7
119.25
118.8
118.35
117.9
117.45
117.0
116.55
116.1
115.65
115.2
114.75
114.75
114.75
115.5
115.5
115.25
115.25
116.75
116.75
116.0
116.0
116.0
116.0
116.0
116.0
116.0
115.75
115.75
115.75
116.0
116.0
109.6875
103.375
97.0625
90.75
90.75
90.75
90.75
91.0
91.0
91.0
91.0
91.0
91.0
91.0
91.0
91.0
91.0
90.75
90.75
91.0
91.0
90.75
90.75
90.75
96.40625
102.0625
107.71875
113.375
119.03125
124.6875
130.34375
136.0
141.65625
147.3125
152.96875
158.625
164.28125
169.9375
175.59375
181.25
180.0
180.0
177.0
177.0
177.75
177.0
176.0
176.0
176.0
176.25
176.75
176.75
176.0
175.5
175.75
175.75
175.75
176.25
176.25
175.5
175.0
174.0
174.0
173.75
173.5
173.75
173.75
174.5
174.75
174.75
175.0
174.75
175.0
175.0
175.5
175.5
175.75
175.75
175.75
172.75
173.75
173.75
174.5
175.0
176.0
176.0
176.75
176.75
176.75
177.25
177.75
177.75
177.75
177.75
178.0
177.25
177.25
177.75
177.75
178.0
178.0
178.0
178.25
178.25
178.25
178.25
178.25
178.25
178.25
180.25
178.25
178.25
178.25
178.0
178.75
178.75
178.75
178.75
178.75
180.75
180.75
179.75
179.25
179.25
179.25
179.25
179.75
179.25
179.25
179.25
178.25
181.0
181.0
181.0
180.75
180.0
180.0
180.0
180.25
180.25
180.25
180.25
182.5
182.0
182.0
181.75
181.25
181.0
181.0
180.75
180.0
179.75
179.75
180.25
179.75
179.75
179.75
179.25
179.0
178.75
178.75
178.25
178.25
178.0
178.0
178.0
177.75
178.0
178.0
178.0
177.75
180.25
180.25
178.0
177.75
177.75
177.75
178.0
177.25
177.25
177.25
178.0
178.25
180.25
180.25
179.75
179.0
179.0
178.25
178.0
177.75
177.75
177.75
177.75
177.75
177.75
181.0
180.25
179.25
179.25
178.0
178.0
177.75
177.75
178.0
178.0
178.0
178.0
177.75
177.75
177.75
177.75
179.25
179.75
179.75
179.75
179.0
178.25
178.25
178.25
178.25
178.75
178.75
178.25
178.75
178.75
178.75
178.25
178.75
177.25
177.25
177.25
177.25
177.0
177.0
176.75
177.0
177.75
177.75
177.75
178.0
178.75
178.75
178.25
180.75
178.0
178.0
179.0
178.75
178.75
178.75
178.75
178.75
178.75
178.25
178.75
181.0
179.75
179.75
179.75
179.75
179.75
179.75
179.75
179.75
179.75
180.0
179.75
179.25
179.25
179.75
180.0
180.0
180.0
180.0
180.25
180.25
180.25
180.25
180.0
180.0
180.0
179.25
179.25
180.25
180.25
180.0
179.75
179.25
179.25
179.75
180.0
180.25
180.25
180.0
180.0
180.0
180.0
180.25
179.75
180.0
180.0
180.75
180.75
180.75
180.75
180.25
180.0
179.75
179.75
179.75
179.25
179.75
179.75
180.0
179.25
179.25
180.75
180.75
181.0
180.25
180.0
180.0
180.0
180.75
180.0
180.0
179.75
179.75
179.75
179.75
179.75
179.75
179.25
179.25
179.0
178.75
178.75
178.75
178.25
178.25
178.25
178.25
178.25
178.25
178.25
178.25
180.75
177.75
178.25
178.25
179.25
179.0
179.0
179.0
179.0
179.0
179.0
178.75
178.25
178.25
178.25
178.25
178.75
179.0
179.0
179.0
179.0
178.75
178.75
179.0
180.25
180.75
180.75
181.0
181.0
180.75
180.75
181.0
181.0
181.0
181.0
180.25
180.75
180.75
180.75
180.25
179.75
179.25
179.25
178.75
178.25
178.25
178.25
178.25
178.25
178.25
178.25
178.25
178.25
178.25
178.25
177.75
177.25
177.75
177.75
178.0
178.25
178.25
178.25
178.25
178.0
178.0
177.75
178.25
179.0
179.0
179.25
179.25
179.25
179.25
179.75
179.75
179.75
179.75
180.0
180.0
180.0
180.0
179.75
179.25
179.0
179.0
178.75
178.75
178.75
178.75
179.0
179.0
179.0
179.0
178.75
179.0
179.0
179.0
178.75
178.75
178.75
178.75
178.75
178.75
178.75
178.75
178.75
178.75
179.0
179.0
178.75
178.25
178.75
178.75
178.75
178.75
178.75
178.75
178.75
178.75
179.0
179.0
179.25
179.75
179.25
179.25
179.75
180.0
180.0
180.0
180.0
180.25
180.0
180.0
180.0
179.75
180.0
180.0
180.75
180.75
180.75
180.75
181.25
181.25
182.0
182.0
182.0
181.75
180.75
180.75
183.5
184.75
184.75
184.75
184.75
184.75
184.75
182.0
182.0
182.0
182.0
183.5
181.75
181.75
182.0
183.5
183.5
182.5
182.75
184.75
184.75
184.75
184.75
184.75
184.75
185.0
185.0
182.0
182.0
188.5
188.5
187.75
187.75
187.75
187.75
187.75
187.75
187.75
187.75
187.75
188.0
188.0
187.75
177.41666666666666
167.08333333333334
156.75
146.41666666666666
136.08333333333334
125.75
125.75
126.75
126.75
125.5
127.25
127.25
129.25
129.25
126.75
126.75
128.5
128.5
128.25
128.25
126.0
126.0
126.75
126.75
128.0
127.75
127.75
128.5
128.5
132.25
132.25
126.75
126.75
127.25
127.25
128.5
128.5
129.25
131.5
131.5
130.75
130.75
129.5
131.25
131.25
131.25
128.0
128.0
127.0
127.0
125.25
130.25
130.25
126.0
126.0
125.75
125.75
127.25
127.25
129.0
129.0
128.0
128.0
127.25
127.25
127.25
127.25
125.0
125.0
129.0
126.25
126.25
127.0
127.0
127.25
127.25
129.25
129.25
131.5
131.5
129.0
129.0
128.25
128.25
130.75
130.75
126.25
126.25
126.75
126.75
126.75
126.75
126.25
126.25
123.0
123.0
123.25
123.25
122.0
122.0
124.0
124.0
123.25
125.0
125.0
123.5
123.5
123.0
123.0
121.0
121.0
120.75
120.75
120.0
120.0
119.75
119.75
119.75
119.75
119.75
119.75
119.75
119.75
119.75
119.75
119.45
119.15
118.85
118.55
118.25
118.25
118.25
115.5
115.5
119.5
119.5
119.25
119.25
119.5
119.5
119.5
119.5
119.25
119.25
119.25
118.54166666666667
117.83333333333333
117.125
116.41666666666667
115.70833333333333
115.0
115.0
115.0
113.0
113.0
114.0
114.0
114.0
113.75
113.75
113.75
113.75
113.75
114.0
114.0
114.0
107.75
101.5
95.25
89.0
82.75
76.5
70.25
64.0
57.75
57.75
57.75
57.75
57.75
57.75
57.75
57.0
57.0
57.0
57.0
57.25
57.25
57.25
57.25
57.25
57.25
57.25
57.25
57.25
57.25
57.25
57.25
75.67857142857143
94.10714285714286
112.53571428571428
130.96428571428572
149.39285714285714
167.82142857142856
186.25
187.5
187.5
187.5
187.5
187.5
187.25
187.25
187.25
187.25
170.96875
154.6875
138.40625
122.125
105.84375
89.5625
73.28125
57.0
57.0
57.0
56.75
56.75
56.75
56.75
56.75
56.75
56.75
56.75
57.0
57.0
57.0
57.0
59.823170731707314
62.646341463414636
65.46951219512195
68.29268292682927
71.11585365853658
73.9390243902439
76.76219512195122
79.58536585365854
82.40853658536585
85.23170731707317
88.0548780487805
90.8780487804878
93.70121951219512
96.52439024390245
99.34756097560975
102.17073170731707
104.9939024390244
107.8170731707317
110.64024390243902
113.46341463414635
116.28658536585365
119.10975609756098
121.9329268292683
124.7560975609756
127.57926829268293
130.40243902439025
133.22560975609755
136.0487804878049
138.8719512195122
141.6951219512195
144.51829268292684
147.34146341463415
150.16463414634146
152.9878048780488
155.8109756097561
158.6341463414634
161.45731707317074
164.28048780487805
167.10365853658536
169.9268292682927
172.75
172.75
171.0
171.0
171.0
171.0
171.0
171.0
170.75
170.75
180.75
180.0
180.0
179.75
179.0
179.0
179.0
179.0
178.0
178.75
178.75
176.75
177.25
177.25
178.0
178.0
178.0
178.0
178.25
178.0
178.75
178.75
178.25
178.0
178.75
178.75
178.75
178.75
179.0
179.0
179.0
179.25
180.25
180.25
178.25
178.0
178.25
178.25
178.25
178.25
181.75
181.75
178.0
179.25
180.25
180.25
179.75
178.75
178.75
182.0
181.75
181.75
181.75
181.75
177.0
177.0
178.25
176.25
176.25
178.75
179.0
178.0
178.0
177.75
177.75
177.0
176.75
176.0
176.0
175.75
176.25
175.75
175.75
175.0
174.75
174.75
174.5
174.75
174.75
174.75
176.25
176.0
175.0
175.0
175.5
175.75
175.5
175.5
176.75
178.0
178.0
177.25
176.75
177.0
177.0
177.25
177.75
178.25
178.25
177.25
178.25
177.75
177.75
176.75
177.0
177.25
177.25
178.0
178.0
178.75
178.75
179.75
179.75
178.0
178.0
177.0
177.25
177.25
177.75
178.25
178.0
178.0
179.0
179.25
179.0
179.0
178.25
179.0
179.75
179.75
179.75
179.75
180.75
180.75
179.25
178.75
178.25
178.25
179.0
178.75
179.25
179.25
179.0
179.0
179.25
179.25
179.25
179.0
179.25
179.25
179.25
179.25
179.25
179.5
179.25
179.25
179.25
180.0
179.25
179.25
180.0
180.0
180.25
180.25
177.75
180.75
179.0
179.0
179.0
179.25
179.0
179.0
179.25
179.75
179.0
179.0
179.0
179.0
178.75
178.75
179.75
179.25
179.25
179.25
179.25
179.25
179.75
179.75
179.25
179.0
179.0
179.0
179.75
179.25
178.25
178.25
179.0
179.0
179.0
179.75
179.0
179.0
179.75
179.75
178.75
178.75
178.25
178.0
179.0
179.0
179.25
178.75
178.25
178.25
177.75
177.75
177.75
177.75
177.75
177.75
177.75
179.0
179.0
180.0
179.25
181.25
181.25
180.25
180.25
180.25
180.25
179.0
179.25
179.0
179.0
179.25
179.75
180.0
180.0
179.75
178.75
178.25
178.25
178.25
179.75
179.75
179.75
179.25
179.75
179.75
179.75
180.75
179.75
180.0
180.0
179.0
179.25
179.25
179.25
180.0
180.0
179.25
181.0
181.75
181.75
181.0
179.25
179.75
179.75
179.75
179.75
179.25
179.25
179.75
179.75
179.75
179.75
179.75
179.75
180.0
180.0
180.25
180.25
180.25
180.25
180.75
180.75
180.75
180.75
181.25
180.75
180.75
180.75
180.25
180.75
180.25
180.25
180.25
180.0
179.75
179.75
179.25
178.75
178.25
178.25
179.0
178.0
178.75
178.75
179.0
180.0
180.0
180.0
179.75
180.25
180.0
180.0
180.0
181.0
181.25
181.25
181.75
180.75
180.75
181.75
181.75
181.75
183.75
181.75
181.75
181.75
182.0
182.0
182.0
181.25
181.75
182.0
182.0
181.75
182.75
179.75
179.75
181.75
183.5
180.25
180.25
183.0
186.75
187.5
187.5
186.25
184.5
184.5
185.5
185.5
184.5
184.25
184.25
184.25
184.25
184.25
184.5
184.5
187.75
186.25
188.5
187.75
187.75
187.5
187.5
185.5
188.75
192.0
192.0
192.0
192.0
192.0
192.0
191.75
188.75
189.25
190.0
190.0
188.0
192.25
192.25
192.25
192.25
192.25
192.25
192.25
192.25
192.25
192.25
192.5
192.5
192.15
191.8
191.45
191.1
190.75
190.75
188.0
186.75
186.75
186.75
186.75
186.75
186.75
186.75
186.75
186.75
186.75
187.0
178.65
170.3
161.95
153.6
145.25
145.25
142.75
142.75
141.75
139.5
139.5
140.5
140.5
140.25
140.25
139.5
135.25
135.25
132.0
132.0
129.0
129.0
125.75
125.75
125.75
124.0
124.0
121.5
121.5
120.75
120.75
120.0
120.0
120.0
120.25
120.25
118.5
118.5
118.75
118.75
120.0
120.0
121.5
121.5
119.5
119.5
117.75
117.75
116.0
116.0
118.0
118.0
122.0
122.0
126.5
133.5
133.5
134.25
138.25
138.25
138.25
138.25
138.25
138.25
138.5
138.5
142.25
149.0
149.0
154.0
158.5
158.5
159.0
159.0
160.5
160.5
155.75
155.75
158.25
158.25
161.5
164.25
165.5
165.5
167.0
169.5
169.5
171.25
172.75
172.75
177.0
178.0
180.0
180.0
181.0
182.5
183.0
183.0
183.0
182.5
183.5
183.5
183.5
183.75
184.75
184.25
184.25
183.0
183.75
183.75
183.5
181.75
182.5
182.5
181.0
180.25
181.0
181.0
181.0
181.0
181.0
180.75
181.0
182.5
183.75
183.75
184.75
184.5
184.25
184.25
183.5
186.75
185.25
185.25
186.0
184.25
184.5
184.5
186.25
189.25
189.25
187.75
187.75
187.5
188.5
186.0
186.0
186.25
185.5
185.5
185.25
186.75
187.0
187.0
185.5
187.75
187.75
188.0
188.0
188.0
188.0
188.0
185.25
191.5
191.5
191.25
191.25
191.25
191.25
185.25
186.75
186.75
182.0
182.0
185.5
185.5
182.75
181.75
183.5
183.5
183.25
183.5
183.25
183.25
183.5
178.75
178.75
177.0
177.25
177.0
177.0
177.25
177.25
177.25
177.25
178.25
176.25
177.75
177.75
178.0
177.75
178.0
178.0
176.75
178.0
172.5
172.5
176.75
176.25
176.25
176.0
180.0
179.0
179.0
178.0
179.25
180.0
180.0
178.25
179.0
180.75
180.75
180.0
179.25
179.75
179.75
179.75
179.0
183.0
183.0
181.25
181.25
185.5
184.5
182.75
182.75
180.25
182.75
182.75
182.0
183.0
181.75
181.75
180.0
184.5
188.75
188.5
188.5
186.75
188.75
188.75
188.75
190.25
190.25
198.75
196.5
194.25
194.39814814814815
194.5462962962963
194.69444444444446
194.84259259259258
194.99074074074073
195.13888888888889
195.28703703703704
195.4351851851852
195.58333333333334
195.7314814814815
195.87962962962962
196.02777777777777
196.17592592592592
196.32407407407408
196.47222222222223
196.62037037037038
196.7685185185185
196.91666666666666
197.0648148148148
197.21296296296296
197.36111111111111
197.50925925925927
197.65740740740742
197.80555555555554
197.9537037037037
198.10185185185185
198.25
198.25
198.25
191.0
194.25
194.25
195.0
188.5
188.5
188.5
188.5
189.5
189.5
191.5
188.5
186.75
186.75
186.75
186.0
185.25
183.5
183.5
182.75
182.5
184.75
184.75
183.0
181.25
183.75
183.75
181.75
181.75
184.25
184.5
183.0
183.0
183.0
183.0
183.0
182.75
182.75
184.75
186.75
186.75
188.5
183.5
183.5
187.5
184.5
184.5
183.5
183.5
183.5
183.5
181.75
181.75
184.75
186.25
180.75
180.75
179.75
179.75
179.75
179.75
179.75
179.75
179.75
179.75
180.0
180.0
181.0
181.0
181.0
181.0
181.0
181.0
181.0
180.75
180.75
180.75
182.38888888888889
184.02777777777777
185.66666666666666
187.30555555555554
188.94444444444446
190.58333333333334
192.22222222222223
193.86111111111111
195.5
197.5
197.5
199.5
198.25
197.84375
197.4375
197.03125
196.625
196.21875
195.8125
195.40625
195.0
195.0
195.0
195.0
195.0
195.0
194.75
195.0
195.0
183.88888888888889
172.77777777777777
161.66666666666666
150.55555555555554
139.44444444444446
128.33333333333334
117.22222222222223
106.11111111111111
95.0
95.0
95.0
94.0
94.0
95.0
95.0
95.0
95.0
95.0
95.0
95.0
95.0
95.0
95.0
95.0
94.75
95.0
95.0
114.0
133.0
152.0
171.0
190.0
190.0
189.25
189.25
189.5
188.5
188.5
188.5
188.5
188.75
188.75
188.75
189.25
189.25
188.5
188.5
189.25
188.5
188.5
187.0
187.75
187.0
187.0
187.75
187.0
190.0
189.25
189.25
190.75
190.75
191.5
192.25
192.25
191.5
192.75
191.5
192.75
193.75
193.75
195.0
195.0
195.5
195.75
195.75
195.75
195.75
195.75
195.75
195.75
196.0
197.75
196.25
197.5
196.5
196.5
195.75
195.5
194.5
196.25
196.25
196.25
195.75
193.0
193.5
193.5
192.75
192.25
193.0
190.0
190.0
193.0
193.0
193.0
192.75
192.75
189.5
190.75
190.0
193.5
193.5
190.75
190.75
191.0
190.75
190.75
191.5
190.75
191.0
191.0
191.0
191.0
191.5
192.0
192.25
192.25
192.0
193.0
192.75
192.75
192.75
193.0
193.5
192.25
190.75
190.75
192.0
193.5
192.25
193.0
192.0
192.0
192.75
193.0
193.5
193.5
193.5
193.0
193.5
192.75
194.25
194.25
193.75
195.0
195.5
194.25
195.75
195.75
194.25
193.75
195.5
195.5
196.25
193.75
195.5
195.5
194.5
194.5
195.0
194.5
194.25
195.75
195.75
195.75
194.5
194.5
194.25
196.5
195.5
194.5
194.5
192.75
195.0
195.0
193.5
195.75
194.25
192.75
192.75
193.75
193.5
193.0
193.0
193.0
194.25
193.75
193.0
192.75
192.75
192.75
192.25
194.5
194.5
194.5
194.5
192.75
193.5
193.0
193.0
193.0
193.75
194.25
194.5
195.0
195.0
194.5
193.75
194.5
193.0
193.0
193.5
194.5
193.75
194.25
194.5
194.5
193.75
193.75
193.5
194.25
194.25
193.5
194.5
192.75
193.0
193.0
192.75
194.25
194.25
193.0
193.0
193.0
193.5
192.75
192.0
192.0
192.75
192.75
193.0
192.75
192.75
192.0
191.0
189.5
188.5
188.5
188.75
190.0
189.25
189.5
189.5
189.5
188.75
189.25
189.25
189.25
189.25
189.5
189.25
189.25
188.75
188.5
187.75
187.5
187.5
187.75
186.75
186.25
186.25
187.5
187.75
187.5
185.5
185.5
184.25
184.5
183.5
183.5
184.25
182.5
183.0
183.0
184.75
183.5
184.25
184.25
182.5
184.25
184.25
186.0
186.0
184.5
186.75
185.25
185.25
185.5
187.5
187.75
186.0
186.0
186.75
187.0
185.5
185.5
186.0
187.0
187.0
187.75
187.75
187.75
188.5
188.5
190.25
187.75
188.0
188.5
188.5
189.25
187.75
187.75
187.0
188.0
188.0
188.0
187.5
186.75
188.5
188.5
188.0
188.0
187.5
187.0
187.0
184.75
186.75
187.5
187.5
187.5
186.75
187.75
187.75
185.25
186.75
187.75
187.5
187.5
186.75
186.75
187.0
187.0
185.25
184.75
186.25
185.25
185.25
185.25
185.5
184.75
184.75
186.0
184.75
183.75
182.5
182.5
184.75
185.25
184.75
184.75
185.25
182.75
184.5
184.5
183.5
184.5
184.5
184.5
183.0
183.0
182.5
183.0
183.0
182.5
183.5
184.25
184.25
184.75
183.5
183.5
183.5
184.5
184.5
186.75
186.75
185.25
185.5
185.5
186.75
186.75
186.75
186.75
187.0
183.75
183.75
183.5
183.5
186.75
186.75
186.0
186.75
186.0
187.5
187.5
188.5
188.5
189.25
191.0
191.0
188.0
188.5
190.25
190.25
192.0
190.75
189.25
192.75
192.0
192.0
192.0
192.0
192.0
191.75
192.0
194.25
194.25
197.5
200.0
200.0
199.75
199.75
199.75
199.75
200.0
200.0
200.0
199.75
199.75
200.0
198.025
196.05
194.075
192.1
190.125
188.15
186.175
184.2
182.225
180.25
177.75
170.75
170.75
170.75
170.75
170.75
170.75
170.75
170.75
170.75
163.70833333333334
156.66666666666666
149.625
142.58333333333334
135.54166666666666
128.5
129.25
129.25
127.25
127.25
127.25
127.25
125.25
123.5
123.5
121.5
121.5
120.75
120.75
119.0
118.5
118.5
118.5
116.75
116.75
113.5
113.5
110.75
110.75
108.0
108.0
107.5
107.5
106.25
106.25
106.5
106.5
106.5
105.25
105.25
105.25
105.25
105.5
105.5
104.0
103.75
103.75
103.75
103.75
103.75
103.75
103.75
103.75
103.75
103.75
103.75
110.71428571428571
117.67857142857143
124.64285714285714
131.60714285714286
138.57142857142858
145.53571428571428
152.5
156.25
160.5
160.5
164.25
168.0
170.0
170.0
171.25
175.0
176.75
176.75
176.75
176.25
175.5
175.5
175.5
171.5
171.5
178.75
179.25
179.25
181.0
181.0
181.75
181.75
181.0
182.5
183.5
183.5
181.0
180.75
178.75
178.75
178.0
177.75
178.25
178.25
177.75
178.0
178.75
178.75
179.75
179.75
182.0
182.0
186.0
186.0
186.0
186.75
184.25
183.5
183.5
184.75
183.0
183.75
183.75
182.75
181.75
180.0
180.0
177.25
175.5
175.5
174.5
174.0
174.5
174.5
175.0
176.0
176.25
176.25
180.75
174.5
174.5
176.75
175.75
173.5
173.5
173.75
175.75
170.0
170.0
170.0
173.75
171.5
171.25
171.25
170.5
169.75
169.75
168.5
166.75
166.75
164.75
164.5
164.5
164.5
161.75
166.0
166.0
168.0
167.0
167.0
166.75
166.0
165.75
165.75
163.25
163.25
163.25
163.25
163.25
163.5
163.25
163.25
163.5
163.9
164.3
164.7
165.1
165.5
165.9
166.3
166.7
167.1
167.5
167.5
170.5
170.0
170.0
168.5
170.5
173.25
173.25
169.75
169.75
172.25
170.75
170.75
173.75
179.75
177.25
177.25
175.5
176.25
177.0
177.0
177.75
178.75
179.25
179.25
179.0
179.0
178.25
178.25
179.0
177.75
177.25
177.25
178.0
179.0
178.0
178.0
178.75
177.75
178.75
178.75
178.75
182.0
177.0
177.0
180.0
180.0
180.0
180.0
178.0
179.0
178.75
178.75
178.75
178.75
182.0
181.75
181.75
181.75
180.25
181.0
180.75
180.75
181.75
178.75
181.0
181.0
180.0
180.0
181.75
181.25
182.0
182.0
183.5
183.5
182.0
182.0
182.75
179.0
180.75
180.75
180.75
182.75
178.75
181.25
181.25
176.75
177.75
177.75
178.0
179.0
178.0
178.0
178.0
176.0
177.0
177.0
177.0
176.75
176.25
176.25
174.75
174.75
174.75
174.75
174.5
175.75
175.75
175.0
174.0
173.75
173.75
175.0
175.5
176.0
176.0
176.0
176.25
177.0
177.0
178.25
178.75
178.75
179.0
180.0
177.25
177.25
179.0
179.75
179.75
179.75
178.75
178.75
186.25
186.25
186.25
186.5
186.25
186.25
186.25
186.25
186.25
186.25
184.85
183.45
182.05
180.65
179.25
179.25
179.25
179.25
179.25
179.0
179.25
179.25
179.25
179.75
179.75
179.75
180.75
179.0
185.25
185.25
177.75
177.75
177.75
177.75
178.0
178.0
178.0
178.0
177.75
180.0
178.75
178.75
179.25
180.0
179.75
179.75
179.25
179.75
179.75
179.75
180.0
180.0
179.75
179.75
179.75
179.75
178.75
178.75
178.25
178.25
179.75
179.75
176.0
176.25
178.25
178.25
180.0
179.75
180.25
180.25
181.0
182.0
181.75
181.75
182.0
182.75
182.0
182.0
181.25
181.25
181.0
181.0
182.0
182.0
184.25
184.25
184.25
184.25
184.25
181.0
181.0
181.25
179.75
180.25
180.25
180.75
181.25
180.75
180.75
183.75
183.75
183.75
183.75
183.75
182.5
182.0
182.0
183.5
183.5
183.5
186.25
187.0
187.0
185.5
183.75
184.5
184.5
183.0
184.25
182.75
182.75
182.75
183.75
184.25
184.25
184.5
183.75
183.0
183.0
181.75
181.25
179.25
179.25
180.25
178.25
178.75
178.75
178.0
177.0
176.25
176.25
176.25
176.75
177.0
177.0
177.25
177.25
177.25
178.25
178.25
178.25
178.25
178.25
178.25
177.75
177.75
177.0
176.75
176.75
176.75
177.0
177.25
176.25
176.25
176.75
177.75
177.75
177.75
175.5
175.5
178.75
178.0
179.75
179.75
180.25
180.25
179.25
180.25
181.25
181.25
181.75
180.0
181.25
181.25
178.25
181.25
181.25
181.75
183.0
182.0
182.0
182.75
181.0
184.25
184.25
184.5
182.5
182.5
182.25
182.25
182.25
182.25
182.5
182.5
182.25
184.0
185.75
187.5
189.25
191.0
192.75
194.5
194.5
192.75
192.0
192.0
191.75
191.75
191.75
191.75
191.75
191.75
192.0
192.0
181.1
170.2
159.3
148.4
137.5
137.5
135.75
135.75
138.5
138.5
137.0
137.0
136.0
136.0
136.0
136.0
137.25
137.5
137.5
137.5
137.5
138.5
140.0
140.0
144.0
144.0
140.25
140.75
140.75
145.0
145.0
139.5
139.5
142.5
143.0
143.0
144.0
142.75
142.75
142.75
142.75
142.5
148.25
148.25
148.0
150.25
150.25
145.5
145.5
167.0
167.0
166.75
166.75
166.75
166.75
167.0
167.0
167.0
167.0
167.0
167.0
165.48333333333332
163.96666666666667
162.45
160.93333333333334
159.41666666666666
157.9
156.38333333333333
154.86666666666667
153.35
151.83333333333334
150.31666666666666
148.8
147.28333333333333
145.76666666666668
144.25
144.25
144.25
144.25
144.25
144.25
144.25
144.5
144.5
144.5
144.25
138.82142857142858
133.39285714285714
127.96428571428571
122.53571428571428
117.10714285714286
111.67857142857143
106.25
106.25
105.75
105.75
105.75
105.75
104.5
104.5
104.5
104.5
104.5
104.25
104.25
104.25
104.5
104.5
116.0
116.0
120.75
120.75
121.75
121.75
121.75
121.75
131.75
131.75
131.75
138.25
138.25
140.5
142.25
142.25
143.5
143.75
143.75
146.0
146.0
147.75
149.5
149.5
151.25
153.5
153.5
155.5
157.25
157.25
156.5
156.0
156.0
154.0
154.0
151.75
151.75
151.25
153.25
153.25
153.5
152.75
152.75
154.25
161.25
161.25
164.75
163.5
163.5
164.75
164.75
165.0
165.0
172.25
172.5
173.75
173.75
173.25
175.75
177.25
177.25
176.75
176.25
176.0
176.0
176.0
175.5
175.5
176.75
177.0
179.0
179.0
179.0
181.75
182.5
184.25
184.25
185.25
185.25
188.0
188.0
187.5
189.25
189.25
191.5
191.5
191.5
193.5
198.75
195.5
195.5
196.5
196.5
196.5
197.0
196.5
195.5
194.26666666666668
193.03333333333333
191.8
190.56666666666666
189.33333333333334
188.1
186.86666666666667
185.63333333333333
184.4
183.16666666666666
181.93333333333334
180.7
179.46666666666667
178.23333333333332
177.0
175.75
176.0
176.0
177.0
175.75
175.0
175.0
175.0
175.0
175.0
173.75
173.5
172.75
172.75
172.5
173.25
173.25
172.0
171.25
172.0
172.0
172.25
172.25
172.25
172.25
172.75
172.5
172.5
173.5
174.5
173.5
173.5
173.5
173.75
173.75
174.5
175.0
175.0
175.0
174.75
174.5
175.75
175.75
176.25
176.75
177.25
177.25
180.0
177.25
178.0
178.0
178.25
178.75
180.0
180.0
176.75
176.75
178.0
178.0
178.25
178.75
179.75
179.75
179.0
181.0
177.0
177.0
178.25
179.0
179.0
179.0
180.0
180.75
179.25
179.25
181.75
179.0
180.75
180.75
180.25
179.75
180.25
180.25
180.75
182.5
178.25
178.25
181.0
181.25
182.0
182.0
182.5
182.75
186.25
181.75
181.75
185.25
184.5
184.5
184.5
185.25
185.5
186.25
186.25
186.25
186.25
186.25
186.75
186.75
187.0
186.75
187.0
187.0
186.75
186.75
185.5
186.0
186.0
185.5
186.25
186.0
186.0
185.5
185.25
188.0
182.75
182.75
182.75
182.75
183.0
182.75
186.25
186.25
186.75
186.0
186.25
184.25
184.25
184.25
184.25
184.25
184.5
185.25
186.25
186.25
187.0
187.0
186.25
186.25
187.0
187.75
187.0
187.5
187.5
187.0
184.5
179.25
179.25
170.5
165.0
165.0
163.75
164.25
164.25
161.0
161.0
149.25
149.25
147.0
142.0
142.0
142.0
135.0
135.0
135.25
135.75
135.75
136.5
136.5
137.25
137.5
137.5
140.75
140.75
148.75
148.75
152.0
152.0
153.75
156.25
156.25
157.75
160.0
160.0
160.0
160.25
153.75
153.75
150.0
150.0
151.75
149.5
149.5
158.25
158.25
159.5
160.5
160.5
160.5
161.5
162.75
162.75
164.75
164.0
164.0
160.25
160.25
139.75
138.0
138.0
136.5
136.5
137.0
137.5
137.5
137.5
137.5
145.0
152.75
152.75
160.25
164.5
164.5
166.5
169.5
166.75
170.5
170.5
172.25
172.75
172.75
173.5
174.5
176.0
176.0
175.0
175.75
176.75
176.75
177.0
177.75
179.75
179.75
179.75
179.25
179.75
179.75
179.0
179.75
178.75
178.75
181.0
182.0
182.5
182.5
182.0
181.75
183.0
183.0
182.75
183.5
183.75
183.5
183.5
183.5
182.75
183.0
183.0
183.75
183.5
181.75
181.75
181.25
182.75
182.5
182.5
182.5
182.0
182.0
182.0
181.75
183.5
184.25
184.25
184.25
184.75
186.0
186.25
186.25
186.75
187.0
188.0
188.0
188.0
188.5
187.75
188.5
189.25
189.25
188.75
188.75
188.5
188.5
188.0
188.5
187.0
185.5
185.5
186.75
186.25
186.0
186.0
186.0
186.0
186.75
186.25
186.25
187.75
187.75
186.0
186.0
186.25
186.0
185.5
185.25
185.25
184.5
183.75
182.5
182.5
182.0
181.75
181.25
181.25
180.75
180.0
180.0
180.0
179.75
179.75
180.0
180.0
179.25
178.75
178.25
178.25
178.25
178.25
178.25
178.25
178.0
178.0
178.0
178.0
177.75
177.75
177.75
177.25
177.75
177.75
177.75
178.0
178.25
178.75
178.75
178.0
177.75
177.75
177.75
178.75
179.25
179.25
179.25
179.25
179.25
179.0
179.0
178.25
179.0
178.0
178.0
178.25
178.75
178.75
178.75
179.0
179.0
179.0
179.0
179.0
179.25
179.0
179.0
179.25
179.25
179.75
179.75
179.75
179.75
179.25
179.25
179.0
179.25
180.0
180.0
179.75
180.0
181.75
181.75
178.75
178.75
179.75
179.75
181.0
179.75
180.75
180.75
181.0
181.0
181.0
181.0
181.75
181.75
183.0
180.75
180.75
182.0
182.0
182.0
181.75
182.5
181.75
184.25
184.25
178.0
182.5
182.75
182.75
181.25
183.5
181.75
181.75
181.25
181.25
181.75
181.75
180.25
180.75
181.25
181.25
182.5
182.0
182.75
182.75
182.5
183.0
183.0
184.25
184.25
192.75
192.75
185.5
185.5
185.5
186.0
185.5
186.25
186.25
186.25
187.75
188.75
187.5
187.5
187.5
187.0
187.0
187.0
187.75
186.75
187.0
188.5
188.5
187.0
186.25
188.0
188.0
185.5
187.0
186.75
193.0
193.0
193.0
193.0
193.0
187.5
187.5
187.75
187.5
187.0
188.5
188.5
189.5
187.75
186.75
186.75
188.75
188.75
190.0
182.75
182.75
185.5
186.0
183.75
183.75
181.0
176.0
170.75
170.75
165.75
164.25
164.25
164.25
148.5
148.5
141.0
135.0
135.0
135.0
124.75
124.75
121.0
121.0
120.25
120.25
120.0
120.0
120.75
120.75
121.25
121.25
119.5
119.5
118.75
118.75
119.5
119.5
119.25
119.25
118.0
118.0
113.5
113.5
113.5
113.25
113.25
113.25
112.5
111.75
111.75
111.75
112.75
112.75
113.0
113.0
117.0
117.0
130.25
130.25
131.75
135.0
135.0
140.25
140.25
143.5
143.5
147.0
151.5
151.5
155.5
161.25
161.25
164.25
169.25
169.25
170.5
172.5
173.75
173.75
175.0
176.25
176.0
176.0
176.25
179.0
181.0
181.0
182.5
183.0
183.5
183.75
183.75
183.5
182.0
183.5
183.5
184.5
182.75
182.75
182.75
184.25
184.25
182.5
182.5
181.75
182.5
182.5
182.75
182.75
184.25
183.0
182.0
182.0
182.75
182.75
183.5
183.5
185.25
184.5
184.75
184.75
183.75
184.25
184.25
184.75
184.75
183.75
186.0
185.25
185.25
185.25
185.25
185.25
185.5
185.5
185.25
186.25
185.5
185.5
184.5
187.5
187.5
187.25
187.25
187.25
185.25
186.0
186.0
186.75
188.75
186.0
187.0
187.0
190.0
185.5
187.0
187.0
185.25
185.5
184.75
188.75
188.75
188.75
189.0
188.75
188.75
183.5
181.25
185.5
185.5
185.25
185.25
185.5
185.5
181.0
180.75
180.0
180.0
180.0
179.0
178.75
178.75
179.25
177.0
177.25
177.25
176.0
177.0
177.25
177.25
177.0
177.0
177.0
177.0
177.25
176.75
176.75
177.75
184.75
184.75
179.25
178.0
178.0
178.0
176.25
176.25
178.0
175.0
175.0
176.25
176.25
176.25
176.25
175.75
177.0
177.0
177.0
178.75
175.0
175.0
176.0
175.75
175.5
175.5
176.25
175.5
175.0
175.0
175.0
175.75
177.0
177.0
176.0
177.0
177.0
176.75
176.25
179.0
179.0
173.5
177.0
177.0
177.0
178.0
181.75
174.75
174.75
178.75
179.25
179.25
181.75
181.75
176.25
180.0
180.0
180.25
180.25
181.75
181.75
177.25
180.0
181.0
181.0
180.75
183.5
179.75
181.25
181.25
181.0
182.0
184.5
184.5
181.0
181.25
181.25
181.25
181.0
181.75
181.0
181.0
182.0
181.0
180.0
180.0
181.0
181.0
181.0
181.0
179.75
180.25
180.25
183.5
183.5
179.75
179.25
179.25
180.75
180.25
181.25
181.25
181.75
180.75
180.25
180.25
179.0
179.0
179.25
179.25
179.25
179.0
179.25
179.25
180.0
180.0
180.0
180.0
179.0
182.75
182.75
182.75
180.75
180.0
179.75
179.75
181.0
181.75
184.5
179.75
179.75
180.0
182.75
183.0
183.0
185.5
185.25
185.5
185.5
185.5
183.75
183.5
183.5
183.5
183.0
182.5
183.0
183.0
180.25
180.25
180.25
180.0
179.75
179.75
180.0
178.75
180.0
180.0
180.75
180.75
179.0
179.75
180.25
180.25
180.0
179.0
178.75
178.75
180.0
179.25
178.75
178.75
178.0
179.75
178.0
178.0
179.0
180.0
179.75
179.75
180.0
180.25
179.75
179.75
180.0
179.75
179.75
179.75
180.0
178.75
180.25
180.25
179.0
182.75
182.75
182.75
183.0
181.0
181.75
181.75
182.0
183.5
184.5
184.5
184.75
182.0
183.0
183.0
182.75
183.5
185.25
185.25
183.75
185.5
185.5
185.25
184.75
184.5
184.5
185.5
183.75
180.0
180.0
175.75
168.25
168.25
164.0
164.0
161.5
155.5
155.5
155.5
155.25
155.25
155.25
155.25
155.25
155.25
155.5
155.25
155.25
152.125
149.0
145.875
142.75
139.625
136.5
136.5
138.0
138.0
138.0
137.75
137.75
138.0
138.0
137.75
137.75
138.0
138.0
138.0
136.85
135.7
134.55
133.4
132.25
132.25
136.0
136.0
143.75
144.0
143.75
143.75
144.0
143.75
143.75
144.0
144.0
155.75
153.0
153.0
151.75
154.5
158.75
158.75
160.75
162.25
162.25
164.75
166.25
166.25
168.0
169.75
170.75
170.75
171.25
171.25
169.75
167.5
167.5
163.5
157.0
157.0
147.5
146.5
146.5
143.5
142.5
142.5
143.5
147.0
147.0
152.75
152.75
161.75
164.5
164.5
162.0
162.0
159.0
158.0
158.0
155.5
155.5
155.5
155.5
155.5
155.5
155.5
155.5
155.5
155.25
153.55
151.85
150.15
148.45
146.75
153.75
153.75
158.5
165.0
165.0
168.25
170.0
169.0
169.0
166.75
166.75
166.75
167.0
167.0
167.0
167.0
167.0
167.0
166.75
165.45833333333334
164.16666666666666
162.875
161.58333333333334
160.29166666666666
159.0
159.0
160.5
164.25
164.25
167.5
169.25
169.75
169.75
170.75
171.25
172.5
172.5
174.0
175.75
175.75
176.75
178.25
179.0
179.75
179.75
180.25
181.0
181.75
181.75
183.75
183.0
183.5
183.5
184.25
184.5
184.75
185.5
185.5
186.25
186.25
186.0
186.0
186.75
186.25
186.0
186.25
186.25
185.25
186.0
186.75
186.75
187.75
187.5
187.5
186.25
186.25
186.0
186.75
186.75
186.75
186.75
186.0
186.0
186.0
186.0
186.75
187.0
188.0
188.0
188.75
188.0
188.0
187.75
187.75
187.75
186.25
185.5
185.5
186.25
186.75
185.25
185.5
185.5
186.0
186.0
187.75
187.75
187.75
187.75
187.75
187.75
182.5
182.5
182.0
181.75
181.75
181.25
179.0
179.0
179.75
179.0
178.75
178.75
178.25
178.25
178.75
178.75
177.75
178.25
179.0
179.0
175.5
175.0
175.5
175.5
175.0
175.75
175.75
175.75
176.0
176.0
176.0
175.75
176.0
176.25
176.25
176.25
176.25
175.75
175.75
175.75
175.5
175.75
175.75
174.75
174.75
174.75
175.0
174.75
175.5
174.5
174.5
174.75
178.25
178.25
182.5
176.75
177.75
177.75
179.75
181.75
182.0
182.0
181.25
182.5
182.0
182.0
181.0
182.0
182.0
180.25
183.0
182.5
182.5
181.25
181.75
182.5
182.5
182.5
183.0
183.5
183.5
183.75
183.75
184.25
183.75
183.75
183.75
183.75
183.5
183.75
185.25
185.25
184.75
183.75
184.5
184.5
185.25
183.75
184.25
188.0
188.0
187.75
187.75
187.75
187.75
183.75
187.5
187.25
187.25
187.25
187.5
187.5
186.0
186.0
185.75
186.0
185.75
185.75
185.75
186.0
