115.75
115.75
115.75
115.75
115.75
115.75
115.75
115.75
115.75
115.75
115.75
115.75
115.75
115.75
116.0
116.0
115.98275862068965
115.96551724137932
115.94827586206897
115.93103448275862
115.91379310344827
115.89655172413794
115.87931034482759
115.86206896551724
115.84482758620689
115.82758620689656
115.8103448275862
115.79310344827586
115.77586206896552
115.75862068965517
115.74137931034483
115.72413793103448
115.70689655172414
115.6896551724138
115.67241379310344
115.65517241379311
115.63793103448276
115.62068965517241
115.60344827586206
115.58620689655173
115.56896551724138
115.55172413793103
115.53448275862068
115.51724137931035
115.5
115.5
119.0
119.0
119.75
119.75
119.0
119.0
118.75
118.75
119.5
119.5
119.5
119.5
119.25
119.25
119.25
119.25
119.25
119.75
119.75
118.75
118.75
117.0
117.0
114.75
114.75
117.5
117.5
117.25
117.25
117.0
117.0
117.75
117.75
117.75
117.75
117.75
117.75
117.75
117.75
118.75
118.75
117.5
116.75
116.75
116.75
116.0
118.5
118.5
118.75
118.75
118.75
116.5
116.5
115.25
115.25
116.75
116.75
105.25
105.25
105.25
105.25
114.75
114.75
114.75
116.5
116.5
116.75
116.75
116.5
116.5
117.25
117.25
118.25
118.25
117.5
117.5
117.5
118.0
118.75
118.75
118.25
118.25
118.25
118.75
118.75
118.0
118.0
117.75
117.75
117.25
117.25
115.25
115.25
113.25
113.25
111.75
111.75
112.0
112.0
112.0
111.0
111.0
112.5
112.5
113.25
113.25
113.25
113.25
112.75
112.75
112.5
112.5
114.75
114.75
114.75
111.75
111.5
111.5
111.25
111.25
111.25
112.25
112.25
113.0
113.0
113.0
113.0
112.75
112.75
112.75
112.75
112.75
112.75
112.75
112.75
112.75
112.75
112.75
112.75
112.75
112.75
112.75
112.875
113.0
113.125
113.25
113.375
113.5
113.625
113.75
113.75
114.0
114.0
111.5
111.5
113.0
113.0
113.0
111.0
111.0
112.0
112.0
112.75
112.75
113.0
113.0
114.25
114.25
114.75
114.75
114.75
114.75
115.75
115.75
115.75
115.75
114.75
114.75
114.75
114.75
114.75
114.0
114.0
114.75
114.75
114.25
114.25
114.5
114.5
114.25
114.25
113.75
113.75
113.25
113.25
114.5
114.5
114.0
114.0
114.75
114.75
114.75
115.5
115.5
115.75
115.75
116.0
116.0
117.0
117.0
117.0
117.0
118.5
118.5
118.75
118.75
119.25
119.25
119.25
116.75
116.75
117.0
117.0
118.0
118.0
118.5
118.5
118.75
118.75
118.75
118.75
117.75
117.75
119.0
119.0
119.75
119.75
118.5
118.5
117.75
117.75
118.5
118.5
117.5
117.5
118.0
118.0
118.0
118.0
118.75
118.75
119.25
119.25
119.5
119.5
119.75
119.75
119.25
119.25
122.0
122.0
121.5
121.5
120.75
120.75
121.5
121.5
121.0
121.0
119.25
119.25
118.75
118.75
118.75
118.75
117.25
117.25
115.75
115.75
117.5
117.5
118.0
118.0
117.25
117.25
118.25
118.25
121.25
121.25
118.5
118.5
121.0
121.0
121.5
121.5
118.75
118.75
118.5
118.5
119.75
119.75
119.25
119.25
118.0
118.0
121.5
121.5
121.5
121.5
121.75
121.75
123.0
123.0
122.25
122.25
120.5
120.5
120.0
120.0
117.75
117.75
117.0
117.0
117.75
117.75
118.75
118.75
118.75
118.75
117.5
117.5
118.75
118.75
118.25
118.25
117.75
117.75
119.75
119.75
119.0
119.0
118.5
118.5
118.5
118.5
118.75
118.75
119.25
119.25
120.25
120.25
120.25
120.25
119.25
119.25
119.0
118.75
118.75
118.75
118.75
118.75
121.5
121.5
121.75
121.75
121.75
121.75
121.75
121.75
127.5
127.5
130.25
130.25
132.75
133.5
133.5
134.25
134.25
133.5
133.5
132.0
132.0
132.0
132.0
132.25
133.25
133.25
129.75
129.25
129.25
126.5
126.5
125.25
125.25
119.25
119.25
119.25
113.5
113.5
113.5
111.25
111.25
111.0
111.0
111.0
111.0
111.0
111.0
109.25
109.25
109.25
111.75
111.75
112.75
112.75
113.0
113.0
114.75
114.75
114.25
114.25
115.5
115.5
115.75
115.75
116.5
116.5
116.5
116.75
116.75
116.75
116.25
116.25
116.25
116.75
116.0
116.0
115.5
115.5
116.5
116.5
116.25
116.25
117.0
117.0
119.25
119.25
119.25
102.0
102.0
102.0
101.75
101.75
101.75
101.75
101.75
101.75
101.75
102.0
102.0
105.04166666666667
108.08333333333333
111.125
114.16666666666667
117.20833333333333
120.25
120.25
121.0
121.0
119.5
119.5
119.25
119.25
119.75
119.75
120.25
119.25
119.25
119.25
119.25
118.0
118.0
117.5
117.5
113.75
113.75
113.0
113.0
112.25
112.25
112.25
111.25
111.25
112.75
112.75
112.75
112.75
113.5
113.5
114.0
114.0
113.5
113.5
114.25
114.25
114.0
114.0
115.5
115.5
114.0
114.0
112.5
112.5
112.5
113.0
113.0
113.0
113.25
113.25
113.25
113.75
113.75
114.0
114.0
112.5
112.5
113.25
113.25
113.25
113.25
113.5
113.5
113.75
113.75
114.25
114.25
113.5
113.5
114.5
114.5
114.5
115.25
115.25
115.5
115.5
115.5
115.5
115.75
115.75
115.75
115.75
116.5
116.5
117.0
117.0
116.0
116.0
115.75
115.75
115.0
115.0
116.5
116.5
117.5
117.5
117.5
117.5
117.75
117.75
117.0
117.0
118.0
118.0
116.75
116.75
116.75
114.75
114.75
114.75
114.75
113.25
113.25
111.25
111.25
111.75
111.75
114.5
114.5
116.0
116.0
115.5
115.5
118.0
118.0
116.75
116.75
116.5
116.5
117.5
117.5
117.25
117.25
116.0
116.0
116.0
115.75
115.75
116.0
116.0
116.5
116.5
116.5
116.5
116.75
116.75
118.75
118.75
117.0
117.0
116.5
116.5
117.0
117.0
116.5
116.5
116.5
116.5
115.5
115.5
115.5
115.5
115.0
115.0
115.0
113.25
113.25
115.0
115.0
115.75
115.75
116.0
116.0
116.0
116.0
116.0
116.0
116.0
116.25
116.25
116.25
116.0
116.0
117.0
118.0
118.0
117.75
117.75
117.0
117.0
117.0
117.5
117.0
117.0
116.5
116.5
116.5
116.75
116.75
118.0
118.0
118.0
118.0
119.5
119.5
119.5
117.0
117.0
116.5
116.5
117.75
117.75
117.5
117.5
115.5
115.5
116.25
116.25
116.25
116.25
115.0
115.0
115.75
115.75
116.75
116.75
115.5
115.5
117.25
117.25
117.0
117.0
117.0
117.0
117.75
117.75
118.0
118.0
117.25
117.25
117.25
116.5
116.5
116.75
116.75
116.0
116.0
115.5
115.5
118.5
118.5
118.5
118.5
113.75
113.75
114.5
114.5
116.75
116.75
116.0
116.0
116.75
116.75
118.25
118.25
118.75
118.75
117.75
117.75
120.5
120.5
119.25
119.25
117.5
117.5
117.25
117.25
119.0
119.0
120.75
120.75
120.75
120.75
120.75
120.75
121.0
121.0
119.5
119.5
119.5
119.5
118.75
118.75
117.5
117.5
117.5
117.5
118.75
118.75
119.25
119.25
118.5
118.5
120.25
120.25
120.75
120.75
120.75
121.0
121.0
119.5
119.5
119.25
119.25
119.25
118.75
118.75
118.0
118.0
118.0
118.75
118.75
119.25
119.25
119.25
119.25
118.75
121.0
121.0
119.5
119.5
119.0
119.0
119.5
119.5
119.5
118.25
118.25
119.5
119.5
119.0
119.0
119.0
119.0
119.5
119.5
119.5
119.5
119.5
119.5
119.5
119.5
117.5
117.5
117.5
117.5
116.5
116.5
116.0
116.0
117.0
117.0
116.5
116.5
116.75
116.75
117.75
117.75
116.0
116.0
117.0
118.0
118.0
118.0
117.0
117.0
117.5
117.5
118.5
118.5
115.75
115.75
118.5
118.5
116.5
116.5
115.25
115.25
116.75
116.75
116.75
116.75
117.0
117.0
119.0
119.25
119.25
118.75
118.75
119.5
119.5
119.25
119.25
119.25
119.25
119.25
117.75
117.75
118.0
118.0
119.25
119.25
118.0
118.0
119.5
119.5
118.75
118.75
120.0
120.0
119.25
118.0
118.0
119.25
119.25
119.25
119.25
118.5
118.5
118.5
118.5
117.5
117.5
116.0
116.0
116.0
116.0
117.5
117.5
119.25
119.25
118.0
118.0
116.75
116.75
119.25
119.25
119.5
119.5
118.75
118.75
119.25
119.25
118.5
118.5
116.5
116.5
117.25
117.25
119.0
119.0
118.25
118.25
116.75
116.75
117.5
117.5
116.75
116.0
116.0
116.0
116.75
118.0
118.0
119.25
119.25
119.25
119.75
119.75
119.0
119.0
118.0
118.0
118.0
118.0
119.25
119.25
119.25
119.25
118.75
118.75
118.75
118.75
119.5
119.5
119.5
119.5
120.0
120.0
118.75
118.75
118.0
118.0
119.5
119.5
116.75
116.75
116.75
116.75
116.75
116.75
116.75
118.0
118.0
117.75
119.5
119.5
118.5
118.5
118.75
118.75
118.75
118.75
119.25
119.25
118.25
118.25
119.25
119.25
119.25
118.25
118.25
119.25
117.75
117.75
118.5
118.5
117.5
117.5
117.5
116.5
116.5
116.75
116.75
117.0
117.0
118.25
118.25
117.0
117.0
117.5
117.5
117.75
117.75
117.25
117.25
117.0
117.0
118.5
118.5
117.0
117.0
116.0
116.0
117.5
117.5
118.75
118.75
118.5
118.5
119.25
119.25
116.75
116.75
115.75
115.75
118.75
118.75
118.75
114.75
114.75
116.25
116.25
116.0
116.0
114.75
114.75
115.0
115.0
116.0
116.0
116.75
116.75
115.75
115.75
117.0
117.0
115.5
115.5
115.75
115.75
117.0
117.0
116.0
116.0
116.5
116.5
116.5
117.25
117.75
117.75
118.25
118.25
119.25
119.25
119.25
119.25
119.25
119.25
119.25
119.0
118.5
118.5
118.5
117.5
117.5
118.0
118.0
116.0
116.0
115.75
115.75
116.0
116.0
114.5
114.5
112.75
112.75
112.25
112.25
112.5
112.5
112.75
112.75
112.75
114.0
114.0
113.75
113.75
114.0
114.0
113.75
113.75
114.25
114.25
112.25
112.25
112.5
112.5
114.75
114.75
115.25
115.25
116.0
116.0
116.0
116.0
116.0
116.0
116.0
117.0
117.0
117.75
117.75
115.5
115.5
117.0
117.0
117.25
117.25
115.25
115.25
115.25
115.25
115.25
115.25
115.75
115.75
116.75
116.75
116.75
116.75
117.0
117.0
116.0
116.0
116.25
116.25
119.5
119.5
118.0
118.0
118.75
118.75
118.75
118.5
118.5
118.5
118.5
117.75
117.75
117.25
117.25
117.0
117.0
116.5
116.5
114.75
114.75
115.0
115.0
116.25
116.25
115.5
115.5
117.0
117.0
116.5
116.5
116.5
116.5
116.75
116.75
115.75
115.75
114.25
114.25
115.0
115.0
113.75
113.75
113.75
113.5
113.5
113.5
113.5
116.0
116.0
116.0
116.0
116.0
116.0
116.0
116.0
116.0
116.0
115.75
115.75
115.75
115.75
115.75
115.75
115.95454545454545
116.1590909090909
116.36363636363636
116.56818181818181
116.77272727272727
116.97727272727273
117.18181818181819
117.38636363636364
117.5909090909091
117.79545454545455
118.0
118.0
117.0
117.0
117.5
117.5
114.0
114.0
114.5
114.5
116.5
116.5
117.5
117.5
117.25
117.25
117.5
117.5
116.25
116.25
116.25
115.0
115.0
116.0
116.0
115.0
115.0
114.25
114.25
115.5
115.5
116.75
116.75
114.5
114.5
115.25
115.25
116.25
116.25
115.75
115.75
115.75
115.75
117.25
117.25
116.75
116.75
115.75
115.75
115.75
115.5
115.5
114.75
114.75
115.75
115.75
117.0
117.0
116.5
116.5
116.5
118.5
118.5
117.75
117.75
119.5
119.5
119.25
119.25
116.75
116.75
118.75
118.75
119.75
119.75
118.5
118.5
118.5
118.5
118.5
118.5
118.0
118.0
116.5
116.5
117.25
117.25
118.0
118.0
119.0
119.0
119.25
119.25
119.25
119.25
118.5
118.5
118.75
118.75
119.0
119.0
116.5
116.5
117.75
117.75
118.0
118.0
117.75
117.75
118.75
118.75
118.5
118.5
116.75
116.75
118.75
118.75
117.75
117.75
116.5
116.5
116.5
116.5
116.5
116.25
116.25
115.25
115.25
116.5
116.5
114.75
114.75
114.0
114.0
117.0
117.0
117.25
117.25
116.75
116.75
117.75
117.75
117.5
117.5
116.75
116.75
117.5
117.5
118.25
118.25
117.5
117.5
119.25
119.25
117.75
117.75
120.0
120.0
120.75
120.75
119.25
119.25
119.5
119.5
120.0
120.0
118.75
118.75
117.75
117.75
117.75
117.75
117.5
117.5
117.0
117.0
118.75
118.75
118.5
118.5
118.75
118.75
119.5
119.5
119.25
119.25
120.0
120.0
120.0
119.75
119.25
119.25
119.25
118.75
119.25
119.25
119.25
118.5
118.5
118.5
118.5
119.5
119.5
119.75
119.75
120.0
120.0
120.75
120.75
120.5
120.5
120.5
120.5
120.75
119.5
119.5
119.5
119.25
119.25
118.75
118.75
120.0
120.0
119.5
119.5
120.0
120.0
119.75
119.75
119.75
119.75
119.5
119.5
120.75
120.75
120.25
120.25
121.0
121.0
119.25
119.25
119.5
119.5
120.5
120.5
121.5
121.5
120.75
121.75
121.75
122.25
122.25
123.0
123.0
121.75
121.75
121.5
121.5
119.25
119.25
120.25
120.25
119.5
119.5
118.0
118.0
118.25
118.25
118.0
118.0
118.0
118.0
117.75
117.75
117.75
117.75
118.5
118.5
117.0
117.0
117.0
117.0
116.5
116.5
117.0
117.0
118.5
118.5
120.5
120.5
120.75
120.75
122.0
122.0
123.5
123.5
120.5
120.5
119.75
119.75
120.0
120.0
117.75
117.75
114.75
114.0
114.0
112.75
112.75
114.75
114.75
113.25
113.25
114.0
114.0
114.0
116.25
116.75
116.75
116.75
116.0
116.0
116.5
116.5
116.5
113.25
113.25
112.25
112.25
112.75
112.75
113.75
113.75
114.25
114.25
115.25
115.25
115.0
115.0
116.75
116.75
116.75
116.25
116.25
116.75
116.75
114.5
114.5
113.5
113.5
115.0
115.0
115.75
115.75
114.5
114.5
114.25
114.25
114.25
115.75
115.75
116.0
116.0
116.0
116.0
115.75
115.75
115.0
115.0
115.0
114.0
114.0
113.25
113.25
114.0
114.0
115.75
115.75
117.0
117.0
118.0
118.0
118.25
118.25
118.25
118.25
118.25
116.0
116.0
116.5
116.5
115.5
115.5
114.25
114.25
112.75
112.75
112.75
112.75
112.75
112.75
112.75
113.0
113.0
112.75
112.75
120.75
120.75
120.25
120.25
118.0
118.0
116.75
116.75
116.0
116.0
116.0
113.25
113.25
112.5
112.5
111.75
111.75
110.75
110.75
112.0
112.0
113.25
113.25
114.0
114.0
115.0
115.0
115.0
115.75
115.75
115.5
115.5
115.75
115.75
114.75
114.75
114.25
114.25
113.75
113.75
113.25
113.25
112.5
112.5
112.5
113.25
113.25
113.25
113.25
113.25
113.25
114.25
114.25
114.75
114.75
115.0
115.0
114.75
114.75
114.75
114.75
114.5
114.5
115.0
115.0
115.0
113.5
113.5
114.5
114.5
115.5
115.5
115.75
115.75
115.5
115.5
116.5
116.5
116.5
116.5
118.0
118.0
117.0
117.0
117.25
117.25
118.75
118.75
118.75
120.25
120.25
120.25
119.25
119.25
120.75
124.5
124.5
124.5
124.5
119.75
123.75
123.75
126.75
126.75
128.75
128.75
126.75
126.75
128.0
127.25
127.25
125.5
125.5
124.0
124.0
124.0
124.0
124.0
124.0
124.0
124.0
124.75
124.75
124.0
124.0
121.5
121.5
122.5
122.5
123.25
123.25
125.0
125.0
126.75
126.75
130.25
130.25
130.75
131.5
131.5
132.0
132.0
132.0
132.0
130.75
130.75
130.25
130.25
131.5
131.5
131.0
131.0
130.75
130.75
131.5
131.5
131.5
131.5
130.75
130.75
130.25
129.5
129.5
129.5
128.5
128.5
128.5
128.5
128.5
128.5
128.5
128.25
128.25
128.25
128.25
123.75
123.75
123.75
123.75
120.5
120.5
120.75
120.75
121.5
122.0
122.0
122.0
122.0
122.25
122.25
122.25
121.75
121.75
122.0
120.25
120.25
120.75
120.75
122.75
122.75
122.75
122.75
121.75
121.75
121.75
121.75
121.25
121.25
120.75
120.75
120.75
121.0
121.0
121.0
120.75
120.75
121.0
121.0
121.0
120.75
120.97058823529412
121.19117647058823
121.41176470588235
121.63235294117646
121.8529411764706
122.07352941176471
122.29411764705883
122.51470588235294
122.73529411764706
122.95588235294117
123.17647058823529
123.3970588235294
123.61764705882354
123.83823529411765
124.05882352941177
124.27941176470588
124.5
124.5
122.75
122.75
122.75
122.75
124.5
124.5
123.25
123.25
135.5
135.0
135.0
134.75
135.0
135.0
135.0
135.0
135.0
135.0
135.0
135.0
135.0
133.6184210526316
132.23684210526315
130.85526315789474
129.47368421052633
128.0921052631579
126.71052631578948
125.32894736842105
123.94736842105263
122.5657894736842
121.1842105263158
119.80263157894737
118.42105263157895
117.03947368421052
115.65789473684211
114.27631578947368
112.89473684210526
111.51315789473685
110.13157894736842
108.75
108.75
108.5
108.5
109.75
109.75
109.75
109.75
111.0
111.0
111.0
111.75
111.75
112.25
112.25
112.5
112.5
114.25
114.25
113.25
113.25
112.75
112.75
114.0
114.0
114.0
113.75
113.75
113.5
113.5
113.0
113.0
113.0
113.0
113.0
113.25
113.25
113.5
113.5
114.0
114.0
112.75
112.75
114.25
114.25
115.25
115.25
114.25
114.25
115.75
115.75
116.25
116.25
116.25
116.25
115.5
115.5
115.5
115.5
115.5
115.5
115.5
115.25
115.25
115.25
115.25
118.5
120.0
120.0
120.25
120.25
118.5
118.5
119.75
119.75
115.75
115.75
114.5
114.5
120.25
119.5
119.5
119.5
117.75
117.75
119.25
119.25
119.5
119.5
118.5
118.5
118.5
122.0
122.0
120.25
120.25
122.75
122.75
123.5
123.5
118.0
118.0
119.5
119.5
121.25
121.25
119.25
119.25
120.0
120.0
120.0
118.25
118.25
118.25
119.0
119.0
117.5
117.5
117.75
117.75
117.75
117.75
118.0
118.0
118.0
118.0
116.0
116.0
115.0
115.0
115.5
115.5
115.0
115.0
116.75
116.75
118.75
118.75
117.25
117.25
117.5
117.5
118.0
118.0
118.0
118.0
115.75
115.75
116.5
116.5
114.0
114.0
115.5
115.5
116.5
116.5
115.75
115.75
117.0
117.0
117.25
117.25
116.75
116.75
117.5
117.5
117.5
117.5
117.5
117.5
117.25
117.5
117.5
117.5
117.5
117.25
117.25
117.75
117.75
118.25
118.25
117.5
117.5
117.75
117.75
117.5
117.5
117.0
117.0
118.25
118.25
120.25
120.25
119.5
119.5
119.25
119.25
120.0
120.0
117.75
117.75
119.25
119.25
119.5
119.5
117.0
117.0
120.0
120.0
118.75
118.75
118.75
116.75
116.75
119.5
119.5
118.0
118.0
116.75
116.75
118.0
118.0
117.5
117.5
117.25
117.25
116.5
116.5
118.0
118.0
118.5
118.5
119.5
119.5
121.0
121.0
123.25
123.25
121.5
121.5
120.5
120.5
121.0
121.0
119.25
119.25
118.25
118.25
117.75
117.75
119.5
119.5
117.75
117.75
118.75
118.75
119.5
119.5
118.75
118.75
118.75
118.75
117.5
117.5
119.5
119.5
120.5
120.5
120.0
120.0
120.0
120.0
119.75
119.75
118.75
118.75
119.0
119.0
118.5
118.5
120.5
120.5
120.75
120.75
121.75
121.75
122.25
122.25
123.5
123.5
121.5
121.5
119.25
119.25
119.25
119.0
119.0
120.25
120.25
121.25
121.25
118.5
118.5
120.25
120.25
119.5
119.5
121.75
121.75
122.25
122.25
122.75
122.75
122.25
122.25
123.0
123.0
121.25
121.25
119.25
119.25
117.75
117.75
115.75
115.75
116.0
116.0
114.75
114.75
115.0
115.0
116.25
116.25
116.75
116.75
116.5
116.5
116.5
116.0
116.0
115.5
115.5
116.5
116.5
116.0
117.0
117.0
117.0
118.75
118.75
117.5
117.5
115.75
115.75
117.5
117.5
118.5
118.5
118.75
118.75
119.0
119.0
121.5
121.5
120.0
120.0
121.0
121.0
121.75
121.75
122.25
122.25
121.0
121.0
121.0
121.0
120.75
120.75
119.5
119.5
120.0
120.0
119.75
119.75
118.75
118.75
117.5
117.5
117.0
117.0
117.0
117.0
116.5
116.5
115.0
115.0
119.25
119.25
116.5
116.5
116.75
116.75
116.75
116.75
117.75
117.75
117.75
117.75
118.75
118.75
119.5
119.5
117.5
117.5
119.5
119.5
118.75
118.75
120.0
120.0
121.5
121.5
121.0
121.0
121.0
121.0
122.25
122.25
122.0
122.0
120.75
120.75
121.25
121.25
122.0
122.0
121.0
121.0
120.0
120.0
121.5
121.5
120.0
120.0
120.75
120.75
121.5
121.5
118.5
118.5
117.75
117.75
118.0
118.0
120.5
120.5
120.0
120.0
121.5
121.5
121.75
121.75
120.25
120.25
121.0
121.0
118.75
118.75
119.25
119.25
118.0
118.0
118.75
118.75
117.75
117.75
118.75
118.75
118.5
118.5
118.75
118.75
119.25
119.25
121.5
121.5
120.25
120.25
119.5
119.5
118.0
118.0
120.0
120.0
119.5
119.5
120.5
120.5
118.5
118.5
118.5
118.5
118.75
118.75
116.25
116.25
115.75
115.75
116.0
116.0
115.25
115.25
117.5
117.5
119.5
119.5
118.75
118.75
119.5
119.5
121.0
121.0
120.0
120.0
120.25
120.25
118.0
118.0
119.25
119.25
118.0
118.0
119.5
119.5
120.0
120.0
116.75
116.75
118.0
118.0
117.5
117.5
116.5
116.5
117.5
117.5
117.5
118.25
118.25
118.0
118.0
118.75
118.75
118.25
118.25
118.5
118.5
119.0
119.0
117.5
117.5
116.5
116.5
120.0
120.0
119.5
119.5
118.5
118.5
118.0
118.0
117.0
117.0
116.5
116.5
117.5
117.5
119.25
119.25
120.25
120.25
120.25
120.25
119.0
119.0
119.75
119.75
119.5
119.5
118.0
118.0
118.75
118.75
120.0
120.0
118.5
118.5
120.0
120.0
118.5
118.5
119.25
119.25
119.25
119.25
118.0
118.0
118.5
118.5
117.75
117.75
116.5
116.5
116.0
116.0
117.5
117.5
120.75
120.75
123.0
123.0
120.75
120.75
122.25
123.25
123.25
122.25
122.25
123.5
123.5
124.5
124.5
123.0
123.0
122.5
122.5
119.0
119.0
120.75
120.75
118.5
118.5
118.5
118.5
118.5
118.5
118.0
118.0
118.5
118.5
118.5
118.0
118.25
118.25
120.75
120.75
121.5
121.5
119.5
119.5
121.25
121.25
122.0
122.0
120.25
120.25
120.75
120.75
120.0
120.0
120.75
120.75
120.25
120.25
121.5
121.5
121.25
121.25
121.75
121.75
123.0
123.0
121.75
121.75
122.75
122.75
122.5
122.5
121.75
121.75
121.75
121.75
121.75
121.75
121.5
121.5
122.25
122.25
123.0
123.0
121.75
121.75
120.25
120.25
121.25
121.25
124.0
124.0
122.0
122.0
122.25
122.25
124.0
124.0
124.0
124.0
121.5
121.5
121.5
122.0
122.0
124.0
124.0
123.5
123.5
123.75
123.75
125.75
125.75
124.0
124.0
125.5
125.5
125.0
125.0
123.0
123.0
124.0
124.0
122.75
122.75
119.75
119.75
119.5
119.5
120.75
120.75
120.0
120.0
121.0
121.0
120.75
120.75
121.0
121.0
121.0
121.0
120.5
120.5
120.0
120.0
121.5
121.5
121.5
121.5
121.5
120.75
120.75
120.75
121.75
120.25
120.25
119.25
119.25
118.5
118.5
118.75
118.75
118.75
119.0
120.75
120.75
120.75
121.75
121.75
122.25
122.25
120.75
120.75
120.0
120.0
119.25
119.25
116.5
116.5
112.75
112.75
113.5
113.5
113.5
109.25
109.25
108.75
108.75
110.25
110.25
111.25
111.25
114.5
114.5
117.5
117.5
118.0
118.0
118.25
118.25
116.75
116.75
115.5
115.5
114.0
114.0
114.0
113.5
113.5
111.5
111.5
109.75
109.75
109.5
109.5
111.0
111.0
112.75
112.75
112.75
114.75
114.75
116.75
116.75
116.25
116.25
117.0
117.0
118.5
118.5
119.25
119.25
118.5
118.5
119.0
119.0
119.0
119.25
119.25
119.25
119.25
118.75
118.75
118.75
118.75
118.75
118.75
118.75
118.75
118.75
118.75
118.75
119.0
119.0
118.75
118.75
114.5
114.5
114.5
112.75
112.75
111.75
111.75
109.0
109.0
109.0
110.5
110.5
110.5
110.5
112.0
112.0
113.0
113.0
112.75
112.75
112.5
112.5
111.25
111.25
110.5
110.5
110.5
111.25
112.0
112.0
111.0
111.0
110.75
110.75
109.25
109.25
109.25
109.25
109.25
108.0
108.0
109.25
109.25
111.75
111.75
112.75
112.75
112.75
112.75
114.75
114.75
117.5
117.5
120.5
120.5
124.0
126.0
126.0
127.25
127.25
127.75
127.75
128.5
128.5
129.0
129.0
130.25
130.25
131.5
130.75
130.75
130.5
130.5
130.5
130.5
130.75
130.75
131.5
131.5
133.0
132.75
132.75
131.0
131.0
131.0
130.75
130.75
131.5
131.5
132.75
132.75
135.75
135.75
136.0
136.5
136.5
138.0
138.0
138.25
138.25
138.75
139.25
139.25
139.25
139.25
138.75
138.75
137.75
137.75
134.75
134.75
128.25
125.0
125.0
125.0
123.0
123.0
124.0
124.0
122.75
122.75
120.75
120.75
118.0
118.0
118.0
116.5
116.5
117.75
117.75
123.0
126.75
126.75
127.5
127.5
129.25
129.25
127.5
127.5
129.5
133.5
133.5
133.75
133.75
136.25
136.25
132.75
134.5
134.5
134.5
134.5
135.25
135.25
135.0
134.25
134.25
131.75
131.75
130.75
130.75
130.0
130.0
129.0
129.0
129.75
129.75
127.75
127.75
131.75
131.75
132.0
132.0
134.5
134.5
135.25
135.25
135.0
135.0
135.0
135.75
135.75
136.75
136.75
136.75
135.0
135.0
135.0
135.0
135.75
135.75
137.5
136.75
136.75
138.25
138.25
138.5
138.5
138.0
138.0
138.0
138.5
138.5
139.25
139.25
139.25
139.0
139.0
139.5
139.5
140.75
141.25
141.25
140.25
140.25
139.5
139.5
138.75
139.0
139.0
138.5
138.5
139.0
139.0
137.0
135.25
135.25
136.25
136.25
135.75
135.75
131.5
131.5
132.75
132.0
132.0
132.75
132.75
134.25
134.25
134.5
135.0
135.0
136.75
136.75
133.0
133.0
133.0
123.25
123.25
124.5
124.5
126.75
126.75
126.5
126.75
126.75
125.0
125.0
128.5
128.5
128.25
128.25
128.25
130.5
130.5
130.5
130.25
130.25
130.25
130.25
130.25
130.25
130.5
130.5
130.5
130.66666666666666
130.83333333333334
131.0
131.16666666666666
131.33333333333334
131.5
131.5
131.5
131.5
133.0
135.75
135.75
137.0
137.0
137.5
139.25
139.25
140.75
140.75
142.25
141.5
141.5
141.75
141.75
140.75
140.25
140.25
141.75
141.75
141.0
141.0
142.75
142.0
142.0
142.0
142.0
142.0
141.75
141.75
141.0
141.0
138.0
138.0
135.0
130.5
130.5
129.5
129.5
127.0
127.0
123.5
123.5
122.25
122.25
124.25
124.25
124.5
124.5
127.5
127.5
130.5
130.5
130.25
130.5
130.5
129.0
129.0
127.25
127.25
127.5
127.5
127.5
127.5
127.25
127.25
129.75
129.75
133.0
132.5
132.5
129.25
129.25
120.0
120.0
119.25
119.25
119.75
119.75
119.75
119.75
119.75
119.75
119.75
119.75
119.75
120.0
119.75
119.75
133.0
133.0
133.5
133.5
135.75
135.0
135.0
135.5
135.5
135.5
135.5
135.75
135.75
135.25
134.75
134.75
133.5
133.5
132.5
132.5
126.25
126.25
120.25
120.25
118.75
114.25
114.25
110.5
110.5
110.5
102.5
102.5
105.0
105.0
104.75
104.75
104.75
105.25
105.25
103.5
103.5
103.75
103.75
106.0
106.0
106.0
107.0
107.0
104.75
104.75
104.0
104.0
104.0
104.0
103.5
103.5
103.5
103.5
103.5
103.5
103.5
103.25
103.25
103.25
103.25
103.5
103.5
107.83333333333333
112.16666666666667
116.5
120.83333333333333
125.16666666666667
129.5
130.25
130.25
130.25
130.25
131.5
131.5
132.75
135.0
135.0
135.0
135.25
135.25
137.0
137.0
138.0
139.25
139.25
139.5
139.5
140.0
140.75
140.75
142.0
142.0
142.0
140.75
140.75
137.75
137.75
129.0
129.0
117.25
117.25
106.5
106.5
106.5
115.0
115.0
113.5
113.5
115.75
115.75
116.5
116.5
119.5
119.5
119.5
126.75
126.75
129.0
128.0
128.0
128.0
128.0
126.75
126.75
125.25
125.25
125.25
124.75
124.75
122.0
122.0
119.0
119.0
119.25
119.25
119.25
119.25
120.0
120.0
121.25
121.25
122.25
122.25
120.25
120.25
119.25
119.25
118.0
118.0
116.75
116.75
117.25
117.25
117.25
117.25
117.5
117.5
116.0
116.0
115.75
115.75
117.0
117.0
117.75
117.75
120.0
120.0
124.0
124.0
126.25
126.25
123.25
123.25
124.75
124.75
124.0
124.0
122.25
122.25
119.25
119.25
119.5
119.5
117.75
117.75
119.5
119.5
120.0
120.0
120.25
120.25
95.0
95.0
95.0
96.25
96.25
96.25
97.25
97.25
97.25
97.25
97.25
97.25
97.25
97.25
97.25
97.25
97.25
97.5
98.64772727272727
99.79545454545455
100.94318181818181
102.0909090909091
103.23863636363636
104.38636363636364
105.5340909090909
106.68181818181819
107.82954545454545
108.97727272727273
110.125
111.27272727272727
112.42045454545455
113.56818181818181
114.7159090909091
115.86363636363636
117.01136363636364
118.1590909090909
119.30681818181819
120.45454545454545
121.60227272727273
122.75
122.75
123.0
123.0
124.25
124.25
129.5
129.5
131.5
131.5
132.5
132.5
133.75
134.0
134.0
134.75
134.75
135.75
135.75
134.5
133.5
133.5
133.5
133.5
133.0
133.0
130.75
130.75
130.75
127.25
127.25
124.5
124.5
125.75
125.75
128.75
128.75
128.75
128.75
128.75
128.75
128.75
128.75
128.75
128.75
128.75
128.75
128.75
124.5
124.5
124.0
124.0
123.5
123.5
123.75
123.75
124.0
124.0
126.25
126.25
129.5
131.25
131.25
131.25
131.25
134.0
134.0
135.75
136.75
136.75
139.0
139.0
139.0
139.0
139.0
139.0
138.75
138.75
138.75
143.25
143.25
143.0
143.0
142.25
142.0
142.0
142.75
142.75
144.5
144.5
144.0
144.0
144.0
144.0
143.25
143.25
142.25
142.25
142.25
142.25
143.0
143.0
142.75
142.75
142.5
142.5
142.5
142.25
142.25
143.5
143.25
143.25
142.5
142.5
143.25
144.25
144.25
139.25
139.25
137.5
137.5
137.5
138.25
138.25
138.75
138.75
138.75
138.75
139.0
141.5
141.5
142.25
143.25
143.25
143.5
143.5
144.25
144.25
143.5
144.25
144.25
145.5
146.25
146.25
148.5
148.5
149.25
149.75
149.75
152.25
149.75
149.75
149.75
149.75
148.0
147.75
147.75
145.5
145.5
142.5
138.75
138.75
131.25
131.25
131.0
131.0
129.0
129.0
128.25
127.5
127.5
127.25
127.25
128.0
128.0
129.0
129.0
129.5
129.5
130.75
130.75
131.0
131.0
131.5
131.5
132.25
132.0
132.0
131.0
131.0
130.5
130.5
130.75
130.75
129.5
129.5
129.25
129.25
128.75
126.25
126.25
124.5
124.5
124.0
124.0
124.5
124.5
126.0
126.0
126.25
126.25
128.0
128.0
128.0
128.0
126.25
126.25
126.25
127.5
127.5
130.75
130.75
133.0
133.0
134.75
134.75
135.75
135.5
135.5
136.5
136.5
136.75
137.5
137.5
138.5
138.5
139.25
139.25
139.25
140.25
140.25
139.5
139.5
138.5
138.5
137.5
136.75
136.75
135.25
135.25
135.5
135.5
134.0
134.0
130.75
131.25
131.25
130.5
130.5
130.25
130.25
128.5
128.5
127.0
127.0
127.5
127.5
129.5
129.5
129.5
131.5
131.5
130.25
130.25
131.0
131.0
131.5
131.5
132.75
132.5
132.5
132.0
132.0
132.5
132.5
132.0
131.5
131.5
132.5
132.5
133.25
133.25
133.25
133.25
131.25
131.25
130.25
131.25
131.25
130.75
130.75
133.5
133.5
134.0
134.0
134.5
135.0
135.0
133.0
133.0
132.75
132.75
132.75
132.75
132.75
132.75
124.5
124.5
123.75
123.75
124.5
124.5
124.25
124.5
124.5
124.5
124.5
124.25
124.25
124.25
125.75
125.75
123.25
123.25
125.0
125.0
125.5
125.5
125.0
125.25
125.25
126.0
126.0
125.75
125.75
126.75
126.75
127.5
127.5
128.0
130.0
130.0
129.75
129.75
129.0
129.0
129.5
129.5
129.5
129.5
128.75
128.75
129.0
129.0
129.5
129.5
129.5
127.25
127.75
127.75
125.75
125.75
124.0
124.0
125.75
125.75
125.75
125.75
125.75
125.75
125.75
125.75
125.75
126.0
126.0
131.25
131.25
133.0
133.0
133.5
133.5
134.25
134.25
135.0
135.0
135.0
134.75
134.75
140.75
140.75
143.0
143.0
140.75
140.75
139.75
139.75
139.75
140.75
140.75
142.5
142.5
143.25
142.25
142.25
142.25
140.75
141.0
141.0
140.75
140.75
140.75
140.75
139.0
139.25
139.25
138.5
138.5
137.25
137.25
117.5
117.5
119.5
119.5
120.75
120.75
123.0
123.0
127.0
127.0
128.5
128.5
129.0
129.0
128.0
125.25
125.25
123.25
123.25
126.0
126.0
126.75
126.75
130.0
130.0
132.5
134.25
134.25
134.25
134.25
136.0
136.0
138.75
138.0
138.0
140.25
140.25
140.25
139.25
139.25
139.25
139.25
139.25
139.25
139.25
139.25
139.25
139.25
139.25
139.25
139.25
139.25
139.25
139.25
129.5
130.5
130.5
130.75
130.75
130.75
130.75
130.5
130.5
130.5
130.5
130.5
130.5
130.25
130.5
130.5
130.5
130.5
118.5
118.5
118.5
118.5
118.25
118.25
118.25
118.25
118.25
118.25
118.25
118.25
118.25
118.25
118.25
118.25
118.25
118.25
118.25
118.25
119.70454545454545
121.1590909090909
122.61363636363636
124.06818181818181
125.52272727272727
126.97727272727273
128.4318181818182
129.88636363636363
131.3409090909091
132.79545454545453
134.25
134.25
131.5
131.5
131.5
131.5
130.0
130.0
128.0
127.75
127.75
127.25
127.25
127.25
127.25
127.25
127.5
127.5
129.0
129.75
129.75
130.5
130.5
132.75
130.75
130.75
132.25
132.25
131.5
131.5
133.5
133.75
133.75
134.25
134.25
134.5
134.5
134.25
134.25
134.5
134.5
136.5
136.5
138.75
138.5
138.5
138.75
138.75
138.5
138.5
138.5
137.5
137.5
137.5
138.25
138.25
138.0
138.0
136.5
136.5
135.75
138.25
138.25
138.5
138.5
138.75
138.75
138.25
138.25
137.75
138.5
138.5
138.25
138.25
138.5
138.25
138.25
138.5
138.5
138.75
137.75
137.75
140.25
140.25
138.25
138.25
138.25
138.25
137.25
136.75
136.75
137.25
137.25
138.0
139.0
139.0
137.5
137.5
139.5
139.5
139.25
138.25
138.25
136.25
136.25
138.5
138.5
139.5
139.5
139.5
139.5
139.5
139.5
139.5
137.75
137.75
139.75
139.75
138.0
137.5
137.5
137.5
137.5
136.75
136.75
135.0
132.0
132.0
135.75
135.75
134.0
136.5
136.5
136.75
136.75
136.75
136.75
138.5
141.5
141.5
141.5
141.5
141.5
141.5
141.5
141.5
141.5
141.5
141.5
141.5
141.25
141.21527777777777
141.18055555555554
141.14583333333334
141.11111111111111
141.07638888888889
141.04166666666666
141.00694444444446
140.97222222222223
140.9375
140.90277777777777
140.86805555555554
140.83333333333334
140.79861111111111
140.76388888888889
140.72916666666666
140.69444444444446
140.65972222222223
140.625
140.59027777777777
140.55555555555554
140.52083333333334
140.48611111111111
140.45138888888889
140.41666666666666
140.38194444444446
140.34722222222223
140.3125
140.27777777777777
140.24305555555554
140.20833333333334
140.17361111111111
140.13888888888889
140.10416666666666
140.06944444444446
140.03472222222223
140.0
138.75
138.75
138.5
138.5
138.5
138.5
136.25
136.25
133.75
133.0
133.0
133.0
133.0
132.0
132.0
130.25
130.25
127.25
124.5
124.5
124.25
124.25
125.0
125.0
126.25
126.25
127.5
127.5
128.25
128.25
128.75
128.75
129.75
129.75
130.5
130.5
130.5
129.25
131.0
131.0
132.5
131.75
131.75
129.5
129.5
130.0
131.5
131.5
130.5
130.5
130.5
130.5
131.0
131.0
130.25
130.25
130.25
130.25
128.25
128.5
128.5
127.25
127.25
125.75
125.75
125.0
125.0
125.0
125.0
125.0
125.0
125.75
125.75
126.25
126.25
125.5
125.5
126.5
126.0
126.0
127.0
127.0
129.5
129.5
130.75
130.75
132.0
132.0
130.75
132.0
132.0
133.0
133.0
134.0
134.0
135.0
135.0
135.0
134.25
134.25
132.0
132.0
133.0
133.0
129.75
129.75
129.5
129.5
129.5
129.5
130.25
130.5
130.5
130.5
130.5
131.0
131.0
131.0
131.0
131.25
131.75
131.75
131.75
131.75
132.75
132.75
130.75
130.75
130.75
130.75
131.0
131.0
131.75
132.5
132.5
132.0
132.0
129.75
129.75
129.5
129.5
131.5
131.5
129.75
131.0
131.0
131.25
131.25
131.25
131.25
132.75
132.75
132.75
131.75
131.75
133.25
133.25
133.5
133.5
133.5
132.25
132.25
132.75
132.75
133.75
133.75
135.0
135.0
135.75
135.0
135.0
136.5
136.5
135.0
135.0
135.25
135.0
135.0
135.0
135.0
134.5
134.5
135.0
135.0
136.0
135.75
135.75
135.5
135.5
136.0
136.0
135.25
136.0
136.0
134.25
134.25
134.25
134.25
130.75
130.75
128.5
128.5
128.5
126.25
126.25
127.25
127.25
126.0
126.0
125.75
125.75
125.25
125.25
125.75
125.75
125.25
125.25
123.25
123.25
126.25
126.25
126.25
126.25
125.75
126.75
126.75
128.0
128.0
128.5
128.5
128.75
128.75
128.75
128.75
129.5
131.5
131.5
132.25
132.25
132.0
132.0
132.5
132.5
133.25
132.5
132.5
132.75
132.75
133.75
133.75
134.5
134.5
135.0
135.0
133.25
134.25
134.25
133.25
133.25
133.0
133.0
130.5
130.5
131.25
129.5
129.5
131.25
131.25
131.25
131.25
132.75
132.75
128.0
128.0
130.0
132.25
132.25
131.25
131.25
128.25
128.25
127.25
127.25
129.0
129.0
129.75
129.75
130.0
129.25
129.25
129.5
129.5
129.0
129.0
127.75
127.75
127.25
127.25
127.75
127.75
128.5
129.0
129.0
129.25
129.25
128.0
128.0
128.0
122.25
122.25
122.25
124.25
124.25
124.25
121.75
121.75
127.25
127.25
128.75
128.75
129.75
129.75
128.5
128.5
128.5
128.5
129.5
129.5
128.75
130.5
130.5
130.75
130.75
129.75
129.75
127.25
127.25
128.5
128.5
122.0
122.0
120.0
120.0
119.5
119.5
120.0
120.0
119.5
119.5
119.25
119.25
120.25
120.25
123.5
123.5
118.5
118.5
122.25
122.25
123.5
123.5
123.5
123.5
123.5
123.5
123.25
123.25
123.25
123.25
123.5
123.5
126.5
126.5
123.75
123.75
124.0
124.0
125.25
125.25
125.25
125.25
125.25
125.25
125.25
125.25
125.25
125.5
125.5
125.5
125.5
125.25
125.25
131.5
131.5
132.25
134.0
134.0
135.0
135.0
136.5
136.5
134.75
134.75
135.25
136.5
136.5
138.0
138.0
138.75
138.75
139.5
139.5
139.0
139.0
138.75
137.5
137.5
136.5
136.5
136.5
136.75
136.75
138.5
137.25
137.25
141.0
141.0
141.0
139.0
139.0
138.75
138.75
140.0
140.5
140.5
140.5
140.5
140.5
140.5
140.25
140.25
140.25
140.25
147.25
143.0
143.0
143.0
144.75
144.75
144.75
144.75
144.75
144.75
144.75
144.75
144.75
144.75
144.75
144.75
144.75
145.0
145.0
144.75
145.55
146.35
147.15
147.95
148.75
148.75
148.75
148.75
148.75
149.0
149.0
149.0
149.0
150.25
149.5
149.5
147.75
147.75
148.0
148.0
150.0
150.0
150.0
150.0
149.75
149.75
149.75
149.75
149.75
150.0
150.0
150.0
149.0
148.0
147.0
146.0
145.0
145.0
145.5
145.5
145.5
145.25
145.25
145.25
145.25
145.75
145.75
145.75
145.25
146.0
146.0
146.75
146.75
146.0
146.0
145.75
145.0
145.0
146.5
147.75
147.75
147.75
147.75
148.5
148.5
148.5
147.75
148.75
148.0
148.0
148.0
148.0
147.0
147.0
145.0
145.0
145.0
143.25
143.25
143.75
143.75
139.5
137.25
137.25
136.0
136.0
135.75
135.75
137.5
137.25
137.25
135.0
135.0
130.0
130.0
131.25
131.25
131.25
131.25
132.5
132.5
133.5
135.75
135.75
137.5
137.5
137.25
137.25
136.0
134.25
134.25
129.75
129.75
128.0
128.0
125.75
125.75
126.75
126.75
125.75
125.75
124.25
124.25
127.25
127.25
128.5
128.5
129.0
132.0
132.0
132.5
132.5
132.5
133.0
133.0
133.25
131.25
131.25
132.75
132.75
133.25
133.25
133.25
132.0
132.0
129.5
129.5
126.5
126.5
128.0
128.0
128.0
128.0
128.25
128.25
129.0
130.25
130.25
130.5
130.5
129.5
129.5
129.5
129.5
128.5
128.5
128.25
128.25
128.5
128.0
128.0
128.5
128.5
125.75
125.75
126.75
126.75
126.25
126.25
125.75
125.75
126.25
126.25
125.25
125.25
125.0
125.0
125.5
125.5
125.75
125.75
125.75
128.0
128.0
129.0
129.0
129.25
129.25
129.5
129.5
130.75
128.5
128.5
126.75
126.75
127.75
127.75
126.5
126.5
127.75
127.75
127.25
127.25
125.5
125.5
124.5
124.5
126.25
126.25
125.0
125.0
124.5
125.25
125.25
125.75
125.75
125.5
125.5
125.0
125.0
124.5
124.5
124.0
124.0
124.0
124.75
124.75
124.5
124.5
124.5
124.5
130.0
132.0
132.0
132.0
132.0
133.0
133.0
134.5
137.5
137.5
137.5
137.5
137.25
137.25
137.25
137.25
137.25
137.25
137.25
137.25
137.625
138.0
138.375
138.75
139.125
139.5
139.5
140.0
140.75
140.75
140.5
140.5
140.25
140.25
139.75
139.0
139.0
138.5
138.5
136.75
136.75
135.75
134.5
134.5
134.25
134.25
133.75
133.75
133.5
133.5
135.0
135.0
134.25
134.25
135.5
135.25
135.25
135.0
135.0
135.75
135.75
135.0
135.0
134.25
136.25
136.25
135.75
135.75
136.25
136.25
135.0
135.0
135.0
135.5
135.75
135.75
137.5
137.5
138.75
138.5
138.5
137.25
137.25
138.5
138.5
138.5
138.5
141.0
141.0
141.75
140.75
140.75
142.0
142.0
142.0
142.25
142.0
142.0
142.0
142.0
142.0
142.0
142.0
141.75
142.0
142.0
142.0
142.0
142.0
142.0
142.0
141.75
141.75
141.75
137.25
132.75
128.25
123.75
119.25
114.75
110.25
105.75
105.75
105.25
105.25
105.25
93.25
93.25
93.25
93.25
93.5
93.5
93.5
93.5
93.5
93.5
93.5
93.25
93.25
97.5
101.75
106.0
110.25
114.5
115.25
115.25
114.75
114.75
116.25
116.25
116.25
116.25
116.25
116.25
116.25
116.5
116.5
116.5
116.5
116.25
116.25
115.21
114.17
113.13
112.09
111.05
110.01
108.97
107.93
106.89
105.85
104.81
103.77
102.73
101.69
100.65
99.61
98.57
97.53
96.49
95.45
94.41
93.37
92.33
91.28999999999999
90.25
90.25
93.0
93.0
93.0
93.0
91.25
91.25
91.25
91.25
91.25
91.25
91.25
91.25
91.25
91.25
91.25
91.5
91.5
92.43181818181819
93.36363636363636
94.29545454545455
95.22727272727273
96.1590909090909
97.0909090909091
98.02272727272727
98.95454545454545
99.88636363636364
100.81818181818181
101.75
101.75
100.75
100.75
98.5
98.5
100.25
100.25
101.75
101.75
101.75
101.75
103.0
103.0
103.0
103.0
103.0
103.0
103.0
103.0
103.0
103.0
102.75
102.75
102.75
102.75
102.75
100.91666666666667
99.08333333333333
97.25
95.41666666666667
93.58333333333333
91.75
91.75
91.75
91.75
89.5
89.5
89.25
89.25
89.25
89.25
89.25
89.25
89.25
89.5
89.5
89.5
92.52083333333333
95.54166666666667
98.5625
101.58333333333333
104.60416666666667
107.625
110.64583333333333
113.66666666666667
116.6875
119.70833333333333
122.72916666666667
125.75
125.75
125.75
125.75
125.75
125.75
125.75
125.75
126.0
126.0
126.0
125.75
125.75
125.75
126.0
126.0
125.5625
125.125
124.6875
124.25
123.8125
123.375
122.9375
122.5
122.0625
121.625
121.1875
120.75
120.75
120.75
120.75
120.75
120.75
120.75
120.75
120.75
120.75
120.75
120.75
121.0
121.0
121.0
121.0
121.0
121.0
122.25
123.5
124.75
126.0
127.25
128.5
128.5
128.5
128.5
126.75
126.75
128.5
128.5
129.75
129.75
117.5
117.5
120.25
120.25
121.5
121.5
122.75
123.0
123.0
123.0
123.0
123.0
123.0
123.0
123.0
122.75
122.75
125.5
125.5
125.25
125.25
124.0
124.0
125.5
125.5
125.75
125.75
126.25
126.75
126.75
126.5
126.5
129.0
129.0
131.0
130.25
130.25
130.75
130.75
131.0
131.0
129.5
129.5
130.5
130.25
130.25
130.25
131.25
131.25
128.75
128.75
119.25
119.25
123.75
121.0
121.0
121.0
121.0
121.25
121.25
121.25
121.25
120.75
120.75
120.75
120.75
120.75
120.75
120.75
120.75
120.75
120.75
120.75
120.75
120.75
120.75
121.0
121.0
121.96428571428571
122.92857142857143
123.89285714285714
124.85714285714286
125.82142857142857
126.78571428571429
127.75
128.71428571428572
129.67857142857142
130.64285714285714
131.60714285714286
132.57142857142858
133.53571428571428
134.5
134.5
132.5
132.5
131.25
131.25
129.5
129.5
130.25
130.0
130.0
130.0
127.75
129.25
129.25
128.5
128.5
129.0
129.0
129.5
129.5
129.75
129.25
129.25
130.25
130.25
132.75
132.75
133.5
132.75
132.75
132.75
131.5
132.0
132.0
132.5
132.5
129.25
129.25
128.5
128.5
128.5
128.5
128.5
128.5
128.5
128.5
128.5
128.5
128.5
128.5
128.5
129.75
129.75
131.0
131.0
131.5
131.5
132.25
132.5
132.5
132.5
132.5
132.5
132.5
132.75
134.25
134.25
136.75
136.75
136.75
136.75
136.75
136.75
136.75
136.75
136.75
136.75
136.75
137.0
137.0
135.0
135.0
135.25
135.25
135.25
135.25
135.75
135.75
136.5
136.5
136.75
136.75
136.75
136.25
136.25
136.0
136.75
136.75
134.5
134.5
135.0
135.0
133.5
133.5
133.5
133.25
133.25
132.75
132.75
130.75
130.75
125.75
125.75
124.25
124.25
122.25
122.25
121.0
121.0
120.0
120.0
120.25
120.75
120.75
121.5
121.5
126.5
126.5
126.5
126.5
126.25
126.25
126.25
126.25
126.25
126.25
126.25
126.25
126.5
126.5
138.5
138.5
137.0
137.0
134.0
134.0
133.0
133.0
133.5
133.5
134.0
134.5
134.5
134.5
138.5
138.5
138.5
138.5
138.5
137.75
137.75
138.0
140.75
140.75
140.5
140.5
141.75
140.0
140.0
139.5
139.5
138.75
139.5
139.5
139.75
139.75
139.5
139.5
139.25
139.5
139.5
138.5
138.5
141.5
140.0
140.0
139.25
139.25
138.75
138.75
138.0
138.5
138.5
138.5
138.5
138.5
138.5
138.5
138.5
138.5
138.5
138.5
138.5
138.5
138.5
138.5
138.5
134.95
131.4
127.85
124.3
120.75
120.75
120.5
120.5
121.0
121.0
122.0
122.0
124.0
124.0
124.75
124.75
126.25
126.25
126.25
127.25
127.25
128.25
128.25
128.25
128.25
128.5
128.5
128.5
130.0
130.75
130.75
130.75
130.75
130.75
130.75
130.75
130.75
131.0
131.0
135.5
135.5
137.0
137.5
137.5
137.5
137.5
138.25
138.25
140.25
141.25
141.25
142.0
142.0
142.0
142.0
142.0
142.25
142.25
142.0
142.0
142.0
142.0
142.0
141.25
141.25
141.25
140.5
140.5
139.0
139.0
136.5
136.5
133.5
133.5
131.75
131.25
131.25
129.75
129.75
129.0
129.0
129.0
128.0
132.0
132.0
132.25
132.25
133.0
133.0
132.5
132.5
133.25
133.25
133.5
134.25
134.25
134.5
134.5
136.0
136.0
135.75
135.75
135.75
135.75
135.75
135.75
135.75
135.75
135.75
135.75
135.75
136.0
136.0
136.0
136.0
135.75
135.75
135.75
135.75
138.5
138.0
138.0
137.0
137.0
138.25
138.25
133.5
133.25
133.25
132.0
132.0
131.0
131.0
131.25
131.25
125.75
125.75
127.5
127.5
128.0
128.0
128.0
127.75
127.75
127.75
129.5
129.5
128.75
128.75
128.0
128.0
128.0
128.0
128.0
128.0
128.0
128.0
128.0
126.0
126.0
125.5
125.5
125.25
125.25
126.0
126.0
126.0
126.0
126.75
126.75
125.75
125.75
126.25
126.25
126.25
126.25
126.75
125.0
125.0
124.0
124.0
124.75
124.75
126.25
126.25
126.25
126.25
125.0
125.0
124.0
124.0
123.0
123.0
122.75
122.75
121.5
121.5
120.25
120.25
120.75
120.75
121.75
121.75
123.0
123.0
123.5
124.25
124.25
123.5
123.5
123.5
123.5
122.25
122.25
122.75
122.75
123.75
123.75
121.0
121.0
120.0
120.0
120.75
120.75
122.75
122.75
120.75
120.75
120.75
120.75
120.5
120.5
120.25
120.25
120.25
114.75
114.75
117.25
117.25
117.5
120.75
120.75
120.25
120.25
122.0
122.0
123.0
123.0
123.0
123.0
126.25
126.25
128.5
129.5
129.5
128.5
128.5
130.25
130.25
130.25
129.0
129.0
129.75
129.75
129.75
129.75
132.5
132.5
132.5
132.5
132.5
132.5
132.5
132.5
132.5
132.5
132.5
132.5
132.5
132.5
132.25
132.25
123.84375
115.4375
107.03125
98.625
90.21875
81.8125
73.40625
65.0
65.0
65.0
65.0
65.0
65.0
65.0
65.25
65.25
65.25
65.5
65.5
65.5
65.5
65.5
65.5
65.5
65.5
65.25
79.65
94.05
108.45
122.85
137.25
137.75
137.75
139.0
139.25
139.25
139.5
140.0
140.0
140.0
140.0
140.75
141.75
141.75
141.75
142.0
142.0
145.25
145.25
146.0
146.0
146.25
146.75
146.75
147.25
147.25
147.75
147.75
147.5
147.5
148.0
148.0
147.75
147.75
147.75
146.5
146.5
145.75
145.75
143.0
143.0
143.0
143.0
143.0
143.0
143.0
142.75
143.0
143.0
140.0
140.0
135.0
134.75
134.75
126.25
126.25
128.75
128.75
132.0
132.0
130.5
130.5
130.75
132.5
132.5
132.0
132.0
132.75
132.75
133.75
133.75
133.75
132.75
132.75
133.25
133.25
132.0
132.0
133.25
133.25
134.0
133.5
133.5
133.5
133.5
133.5
133.5
133.0
133.0
132.0
132.0
131.75
131.75
131.5
131.5
131.5
132.5
132.0
132.0
132.75
132.75
130.75
130.75
130.75
131.25
131.25
128.75
128.75
128.75
128.0
128.0
128.0
125.25
125.25
126.0
126.0
127.5
127.5
126.0
126.0
126.25
126.25
127.25
127.25
125.25
125.25
125.25
125.25
125.25
125.25
125.25
126.75
126.75
127.5
130.75
130.75
131.5
131.5
132.75
132.75
133.0
133.0
132.0
132.0
132.0
132.0
132.0
132.75
132.75
134.0
134.0
135.75
135.75
131.5
131.5
131.5
131.5
131.5
131.5
131.5
132.25
132.25
133.0
133.0
128.5
128.5
133.5
133.5
135.0
135.0
133.0
133.0
135.0
132.0
132.0
135.0
135.0
133.5
133.5
125.0
125.0
125.5
125.5
126.25
126.25
122.75
122.75
126.5
126.5
124.0
124.0
124.0
124.0
124.0
124.0
123.75
123.75
124.0
124.0
124.0
124.27777777777777
124.55555555555556
124.83333333333333
125.11111111111111
125.38888888888889
125.66666666666667
125.94444444444444
126.22222222222223
126.5
126.75
126.75
127.25
127.25
128.5
128.5
131.25
131.25
131.25
131.25
131.0
131.0
134.25
134.25
134.5
133.75
133.75
135.0
135.0
135.0
134.25
134.25
138.0
138.0
134.5
134.5
134.75
134.75
135.5
135.75
135.75
135.75
135.75
136.25
136.25
137.5
138.5
138.5
139.25
139.25
139.25
140.0
140.0
140.75
140.75
142.25
142.25
143.5
143.5
143.5
144.0
143.75
143.75
145.0
145.0
147.0
147.75
147.75
147.0
147.0
143.5
143.5
139.5
139.0
139.0
138.0
138.0
135.0
134.75
134.75
129.0
129.0
126.25
126.25
125.0
125.0
124.0
124.0
124.0
124.0
123.25
123.25
122.75
122.75
122.5
122.5
121.0
121.0
121.75
121.75
121.0
121.0
118.5
118.5
118.25
118.25
118.25
118.5
118.5
116.5
117.75
117.75
116.25
116.25
116.0
116.0
115.75
115.75
115.75
116.5
116.5
117.5
117.5
118.5
118.5
119.25
119.25
121.0
122.0
122.0
122.5
122.5
122.25
122.25
122.25
122.25
122.25
122.25
121.75
121.75
121.25
121.25
120.25
120.25
121.5
121.5
121.0
121.0
119.5
119.5
118.75
118.75
118.75
118.75
119.25
121.25
121.25
121.25
121.25
121.25
121.25
121.25
121.25
121.5
121.5
121.5
121.5
121.25
121.25
121.25
121.25
121.25
