157.25
157.25
157.5
159.0
159.0
161.25
162.75
162.75
164.75
164.75
163.75
163.75
163.75
165.0
165.0
165.5
165.5
168.5
168.5
168.25
168.25
168.25
168.25
169.5
169.5
171.0
172.25
173.5
173.5
172.25
172.0
172.0
173.25
172.75
172.75
171.25
170.75
169.75
169.75
169.25
171.0
171.0
172.0
172.0
174.0
174.0
174.0
175.0
177.0
177.0
175.5
174.0
174.0
174.0
174.75
174.75
174.75
174.75
174.5
172.25
172.25
176.0
176.75
176.25
176.25
177.25
177.75
176.75
176.75
177.0
177.75
177.75
177.75
177.75
177.75
177.75
178.0
178.0
174.75
174.75
172.75
170.75
170.75
169.25
168.0
168.0
166.0
166.5
166.5
166.5
164.0
164.0
161.25
160.75
160.75
160.25
161.75
160.25
160.25
158.75
158.75
159.25
160.75
160.75
159.25
162.5
164.0
164.0
164.5
165.75
165.75
165.0
166.0
166.0
167.0
168.5
169.5
169.5
170.0
169.75
169.75
169.75
168.0
169.0
169.0
170.0
171.0
171.0
171.25
171.0
173.5
173.5
173.75
174.75
176.0
176.0
175.0
175.75
175.75
177.0
177.25
177.75
177.75
177.75
178.0
176.25
176.25
175.5
176.75
177.0
177.0
176.0
177.0
178.0
178.0
177.75
177.0
176.0
176.0
175.75
175.5
174.5
174.5
173.5
173.5
170.5
169.5
169.5
169.5
169.0
169.5
169.5
169.0
169.0
169.0
169.0
169.0
169.0
169.0
169.0
169.0
169.0
168.0
166.75
166.75
166.75
166.75
168.0
168.0
167.75
166.25
166.25
167.5
166.0
166.0
166.5
165.5
165.5
163.75
161.25
161.25
160.25
160.25
160.25
158.0
155.75
155.75
154.0
153.25
153.25
154.25
154.25
148.25
148.25
148.25
147.75
147.75
148.0
149.25
149.25
149.75
150.5
150.5
150.75
150.75
150.25
151.25
151.25
152.25
153.5
153.5
152.0
151.75
151.75
148.75
148.75
147.25
148.25
148.25
149.25
147.0
147.0
145.25
145.25
146.0
148.0
148.0
147.5
147.5
147.75
148.25
148.25
146.75
147.0
147.0
145.5
145.5
147.0
147.5
147.5
149.25
149.25
149.75
150.0
150.0
149.75
150.0
150.0
150.5
150.5
150.0
150.0
150.0
150.5
150.25
150.25
150.0
150.25
150.25
149.75
149.75
150.75
151.25
151.25
150.0
150.25
150.25
150.0
150.0
151.0
150.5
150.5
149.25
149.25
148.0
148.0
148.0
147.25
145.75
145.75
146.75
146.75
145.5
146.5
146.5
147.0
147.0
145.75
145.25
145.25
144.25
144.25
146.5
144.75
144.75
145.0
145.0
145.0
145.0
145.0
146.0
145.0
145.0
146.0
146.0
147.0
146.75
146.75
147.25
147.25
146.25
146.75
146.75
146.75
145.5
145.5
144.0
144.0
143.75
143.75
144.75
145.0
145.5
145.5
147.0
147.0
148.0
148.0
149.5
150.5
150.5
150.25
150.75
150.75
149.0
149.0
149.0
149.25
149.25
148.0
147.0
147.0
146.25
146.25
144.5
144.5
144.75
145.25
145.25
145.75
145.75
144.5
145.0
145.0
145.0
145.0
145.0
144.75
144.75
146.0
146.0
146.0
146.0
146.0
146.25
145.0
145.0
145.25
145.25
145.25
145.0
145.0
144.5
144.5
143.5
143.0
143.0
142.0
142.0
141.5
141.5
142.0
140.75
140.75
142.0
143.0
143.0
143.5
143.5
145.0
146.25
146.25
148.5
148.5
147.0
145.25
145.25
146.25
146.25
146.25
145.0
145.0
144.5
144.25
144.25
144.0
144.0
143.25
143.25
142.75
143.5
143.5
144.5
144.5
144.5
144.25
144.25
142.75
142.75
143.0
144.25
144.25
142.5
142.5
142.25
141.75
141.75
141.25
141.25
140.75
141.25
141.25
140.75
140.75
141.5
142.0
142.0
142.25
142.25
142.0
142.5
142.5
145.0
138.0
138.0
138.0
138.0
138.0
138.0
137.75
137.75
140.5
140.5
139.25
141.25
141.25
140.0
140.0
138.75
138.75
137.75
137.75
137.75
138.25
138.25
138.0
137.5
137.5
137.0
137.0
136.25
136.25
134.75
134.75
134.75
132.75
132.75
130.25
130.25
130.75
130.75
129.75
129.75
130.5
130.5
132.0
131.75
131.75
131.75
131.75
132.0
132.0
131.75
131.75
132.0
132.0
132.0
131.9
131.8
131.7
131.6
131.5
131.5
132.25
132.25
130.75
130.75
128.75
128.75
127.5
127.5
127.75
128.75
128.75
127.0
127.0
125.75
125.75
125.75
125.75
125.25
125.25
125.0
125.0
123.75
123.75
123.75
123.75
123.75
124.0
124.0
124.0
124.0
124.0
123.75
124.0
124.45
124.9
125.35
125.8
126.25
126.25
126.5
126.5
126.5
126.5
126.75
126.75
125.25
125.25
125.25
125.25
126.0
126.0
126.75
126.75
126.75
126.75
126.75
126.75
126.75
126.75
126.75
126.75
126.75
126.75
126.75
124.5
124.5
125.0
125.0
122.75
122.75
122.25
122.25
119.75
119.75
118.25
118.25
118.25
118.0
118.0
117.75
117.75
118.25
118.25
117.0
117.0
117.5
117.5
117.5
117.5
121.5
121.5
122.75
122.75
122.5
122.5
120.25
120.25
121.75
121.75
123.0
123.0
124.0
123.5
123.5
123.5
123.75
123.75
123.0
122.5
122.5
122.75
122.75
122.75
123.0
123.0
125.25
125.25
125.75
125.75
126.25
126.25
125.25
125.25
126.5
126.5
125.75
125.75
126.25
126.25
125.75
125.75
127.5
126.25
126.25
128.25
128.25
128.5
128.5
128.75
128.75
129.0
129.0
129.0
129.0
128.0
128.5
128.5
129.5
129.5
130.25
130.25
130.25
130.25
131.0
131.0
131.5
132.5
132.5
133.5
133.5
133.5
133.5
134.25
134.25
134.25
134.25
134.25
134.25
134.0
135.25
135.25
136.25
136.25
138.5
138.5
138.5
137.5
137.5
136.75
136.75
138.25
138.25
138.5
138.0
138.0
136.5
136.5
135.75
135.75
133.75
133.75
132.5
132.0
132.0
132.0
130.75
130.75
130.75
130.75
130.5
130.5
130.5
130.5
130.0
130.0
130.5
130.5
129.5
132.0
132.0
132.75
132.75
132.75
132.75
133.5
135.0
135.0
135.75
135.75
136.75
136.75
135.75
137.0
137.0
135.5
135.5
136.75
136.75
136.0
135.5
135.5
135.25
135.25
134.0
134.0
133.0
133.0
132.75
132.25
132.25
132.75
132.75
132.25
132.25
133.5
133.5
134.25
135.25
135.25
135.75
135.75
136.0
136.0
135.75
136.25
136.25
137.25
137.25
138.75
138.75
140.25
140.75
140.75
138.25
138.25
138.0
138.0
138.0
138.5
138.5
138.5
139.5
139.5
138.5
138.5
139.25
139.25
139.5
142.0
142.0
139.5
139.5
138.5
138.5
138.75
140.0
140.0
140.75
140.75
139.5
139.5
140.0
140.0
140.25
140.25
141.5
139.5
139.5
139.0
139.0
139.25
138.5
138.5
137.75
137.75
137.0
137.0
137.5
137.0
137.0
137.25
137.25
138.0
138.0
139.5
138.25
138.25
139.0
139.0
138.5
138.5
138.5
138.0
138.0
138.25
138.25
138.5
138.5
139.0
139.5
139.5
140.25
140.25
141.25
141.25
141.25
141.25
142.75
142.75
143.75
144.75
144.75
143.5
143.5
142.75
140.25
140.25
144.0
144.0
145.25
145.75
145.75
145.0
145.0
145.0
144.25
144.25
142.5
142.5
141.0
139.75
139.75
140.5
140.5
141.5
141.5
141.25
141.0
141.0
142.25
142.25
142.0
142.5
142.5
142.25
142.25
145.0
145.5
145.5
145.0
145.0
145.75
145.5
145.5
144.5
144.5
143.25
142.25
142.25
141.5
141.5
140.75
141.75
141.75
141.25
141.25
142.25
143.25
143.25
143.25
143.25
144.0
144.25
144.25
142.75
142.75
141.75
141.75
140.25
140.25
140.0
140.0
140.25
140.5
140.5
141.25
141.25
140.75
144.0
144.0
143.5
143.5
143.0
144.25
144.25
143.5
143.5
142.25
142.0
142.0
142.25
142.25
143.0
143.25
143.25
142.25
142.25
142.25
141.75
141.75
141.75
141.75
142.75
142.75
142.25
141.25
141.25
142.0
142.0
142.5
142.25
142.25
142.0
142.0
143.5
143.5
143.5
143.75
144.5
144.5
143.75
143.75
143.75
143.75
142.0
142.75
142.75
143.75
143.75
143.75
143.75
143.75
145.25
147.0
147.0
145.5
145.5
144.75
144.25
144.25
144.75
144.75
144.75
144.75
144.75
145.25
145.25
145.0
144.0
144.0
143.25
143.25
143.25
143.25
143.25
143.0
143.0
143.75
143.75
143.75
143.5
143.5
144.25
144.25
144.75
145.0
145.0
145.5
146.0
146.0
146.25
146.25
145.5
143.25
143.25
142.5
142.5
142.0
142.0
142.0
144.5
144.5
147.0
147.25
147.25
149.0
149.0
150.0
151.25
151.25
151.75
153.75
153.75
153.0
154.0
154.0
154.25
154.5
154.5
153.25
153.25
153.25
151.0
151.25
151.25
150.75
150.25
150.25
147.0
147.0
141.5
141.5
140.25
140.5
140.5
142.75
142.75
143.25
145.0
145.0
145.0
144.0
144.0
143.75
143.75
144.0
143.75
143.75
142.0
142.0
142.75
142.75
143.25
144.0
144.0
145.0
145.0
144.0
142.5
142.5
143.25
144.0
144.0
143.75
143.75
143.25
143.25
143.75
143.75
145.25
145.0
145.0
145.0
145.0
145.0
145.5
145.5
144.75
144.75
145.25
144.5
142.75
142.75
144.75
144.75
144.0
143.75
143.75
143.75
143.75
143.25
143.25
143.5
144.0
144.0
143.75
144.25
144.25
143.75
143.75
144.75
144.75
144.5
144.25
144.25
145.0
144.75
144.75
144.25
144.25
144.5
144.0
144.0
144.25
144.25
143.0
144.0
144.0
143.75
143.75
143.25
143.25
144.25
145.25
145.25
146.5
146.0
146.0
145.5
145.5
145.75
145.5
145.5
143.75
143.75
143.5
143.75
143.75
143.0
143.0
143.0
142.5
142.5
142.0
142.0
143.75
145.0
145.0
145.0
145.0
146.25
147.5
147.5
146.25
146.25
146.25
146.25
146.25
145.75
145.75
145.75
145.5
145.5
144.25
144.5
144.5
145.75
145.75
146.0
146.25
146.25
146.5
146.5
146.5
146.75
146.75
147.0
147.0
145.5
145.0
145.0
144.0
144.0
143.25
143.25
143.25
143.0
143.0
144.0
143.25
143.25
143.5
143.5
143.75
143.0
143.0
143.25
143.25
143.75
143.75
144.0
144.0
143.75
143.75
143.75
143.75
143.25
143.25
143.25
143.25
143.25
143.5
143.5
143.25
143.5
143.5
145.0
145.0
145.5
145.75
145.75
145.75
143.75
143.75
144.5
144.5
144.5
144.75
145.0
145.0
145.25
145.25
145.0
145.0
145.0
146.0
145.5
145.5
145.5
145.5
143.5
145.0
145.0
145.0
145.0
145.0
143.75
143.75
145.0
145.0
145.25
145.25
145.25
145.25
145.25
144.75
145.25
145.25
145.5
145.5
146.75
146.5
146.5
146.75
146.75
146.0
146.5
146.5
146.25
145.75
145.75
146.5
146.5
145.0
146.0
146.0
144.75
144.75
144.5
143.75
143.75
144.0
144.0
145.0
145.0
145.0
145.0
145.0
145.25
145.0
145.0
146.75
146.75
144.5
146.0
146.0
146.0
146.5
146.5
145.5
145.5
145.0
144.5
144.5
143.75
143.75
144.25
145.0
145.0
145.25
145.25
145.5
145.5
145.75
145.5
145.5
146.25
146.75
146.75
146.5
146.5
146.5
146.75
146.75
147.0
146.5
146.5
146.0
146.0
145.5
144.5
144.5
144.5
145.0
145.0
144.25
145.75
145.75
145.25
145.25
145.5
145.5
145.5
145.75
145.75
145.5
144.25
144.25
144.0
144.0
143.5
143.5
143.5
145.0
145.0
145.5
145.0
145.0
145.0
145.0
145.25
144.5
144.5
145.0
145.0
146.0
145.0
145.0
145.5
145.5
144.5
144.0
144.0
143.5
143.25
143.25
143.25
143.25
144.0
144.0
143.5
144.0
144.0
144.5
145.25
145.25
145.0
145.0
145.0
145.75
145.75
145.0
145.0
145.0
143.75
143.75
144.5
144.5
143.75
144.5
144.5
144.0
144.0
143.25
142.25
142.25
143.25
143.25
143.75
143.0
143.0
144.0
144.0
144.25
144.5
144.5
144.5
144.5
144.75
145.0
145.0
145.0
145.0
144.75
144.25
144.25
142.75
142.75
141.75
141.75
141.75
142.0
142.0
141.0
141.0
142.0
141.75
141.75
140.5
140.5
139.0
139.75
139.75
140.0
140.0
139.5
139.5
139.0
139.5
139.5
140.25
140.25
141.0
139.5
139.5
139.5
139.5
139.0
139.0
139.25
139.0
139.0
138.25
138.25
137.5
137.5
138.0
138.5
138.5
136.0
136.0
137.0
137.5
137.5
136.25
136.25
136.0
136.0
136.5
136.5
135.75
133.75
133.75
132.5
132.5
131.5
131.75
131.75
131.75
132.0
132.75
132.75
132.5
132.5
134.25
134.25
136.0
138.5
138.5
140.75
140.75
142.0
139.5
139.5
141.75
139.75
139.75
141.0
141.0
141.0
141.0
140.0
140.0
140.0
139.75
139.75
140.0
139.75
139.75
140.0
140.0
140.0
140.0
140.44117647058823
140.88235294117646
141.3235294117647
141.76470588235293
142.2058823529412
142.64705882352942
143.08823529411765
143.52941176470588
143.97058823529412
144.41176470588235
144.85294117647058
145.2941176470588
145.73529411764707
146.1764705882353
146.61764705882354
147.05882352941177
147.5
146.5
146.5
146.0
146.0
146.0
136.75
142.75
142.75
144.5
144.5
147.0
147.0
148.5
143.0
142.75
142.75
135.5
135.5
135.5
135.5
135.5
135.5
135.5
135.25
135.25
135.25
135.5
135.5
137.5
137.5
134.75
130.75
130.75
123.75
123.75
119.5
119.5
119.5
128.5
128.5
127.25
127.25
133.5
136.75
136.75
139.25
139.25
140.25
139.0
139.0
137.75
137.75
137.0
137.0
137.0
137.0
137.5
139.5
139.5
137.5
137.5
137.5
137.5
139.0
139.0
137.5
129.75
129.75
133.25
133.25
135.0
135.0
135.0
135.0
135.0
135.0
135.0
134.75
147.0
147.0
147.0
147.0
147.0
147.0
147.0
147.0
147.0
147.0
147.0
147.0
147.0
147.0
147.0
137.75
128.5
119.25
110.0
100.75
91.5
82.25
82.25
82.25
82.25
82.25
82.25
82.25
81.75
81.75
82.0
82.0
81.75
81.75
81.75
81.75
81.75
81.75
81.75
81.75
88.1590909090909
94.56818181818181
100.97727272727273
107.38636363636364
113.79545454545455
120.20454545454545
126.61363636363636
133.02272727272728
139.4318181818182
145.8409090909091
152.25
152.25
149.75
149.75
149.75
149.75
149.75
150.0
150.0
150.0
150.0
150.0
150.0
150.0
150.0
150.55769230769232
151.1153846153846
151.67307692307693
152.23076923076923
152.78846153846155
153.34615384615384
153.90384615384616
154.46153846153845
155.01923076923077
155.57692307692307
156.1346153846154
156.69230769230768
157.25
157.80769230769232
158.3653846153846
158.92307692307693
159.48076923076923
160.03846153846155
160.59615384615384
161.15384615384616
161.71153846153845
162.26923076923077
162.82692307692307
163.3846153846154
163.94230769230768
164.5
164.0
163.75
163.75
164.25
162.75
163.5
163.5
164.0
164.75
164.75
166.0
166.0
166.0
166.75
166.75
169.75
170.5
171.5
171.5
171.0
171.25
173.25
173.25
173.75
174.5
173.75
173.75
174.75
175.5
175.5
175.75
175.75
171.5
171.5
174.75
176.0
176.0
175.0
176.25
177.0
178.25
178.25
177.0
179.25
179.25
178.25
179.0
178.25
178.25
178.25
179.25
179.0
179.0
178.25
179.0
179.75
178.0
178.0
179.0
179.25
178.25
178.25
176.75
174.0
174.0
169.0
166.25
166.25
168.5
168.0
168.0
166.25
166.5
166.75
166.75
169.5
168.5
168.5
168.5
169.25
169.25
169.5
171.25
170.75
170.75
172.5
171.5
172.25
172.25
172.25
173.25
173.25
171.25
171.25
171.25
171.25
171.25
171.5
171.5
171.25
174.0
174.75
174.75
175.75
176.75
176.75
175.5
175.0
175.0
175.0
175.5
175.5
175.75
176.25
177.75
177.75
179.25
178.0
177.0
177.0
177.0
177.0
177.0
178.0
178.25
178.0
178.0
178.25
177.0
177.0
174.0
173.5
173.5
174.0
174.75
174.5
174.75
174.75
172.25
175.0
175.0
174.0
172.25
172.25
174.75
171.5
173.5
173.5
173.75
173.75
173.75
173.75
173.25
173.75
173.75
172.5
173.25
172.75
172.75
172.75
171.25
171.25
172.75
173.25
173.25
173.25
170.5
169.0
169.0
166.75
168.0
167.5
167.5
170.0
169.75
169.75
171.0
170.5
170.5
169.75
171.0
171.0
170.75
169.5
167.5
167.5
163.25
165.75
165.75
162.25
163.75
163.75
164.25
162.5
162.5
161.0
161.75
161.75
162.0
161.75
161.75
162.25
162.75
162.75
163.5
164.0
162.5
162.5
161.75
162.75
162.75
163.25
161.75
161.75
160.0
159.5
159.5
158.5
158.5
157.25
157.75
157.75
158.25
159.5
159.0
159.0
158.5
158.5
153.75
150.0
150.0
148.5
148.75
148.75
150.25
150.25
150.25
151.25
151.25
152.5
152.5
150.75
152.75
152.75
154.25
156.25
156.25
157.0
157.0
157.0
154.5
153.75
153.75
150.5
150.5
149.75
149.75
149.75
150.75
151.0
151.0
152.5
152.5
151.0
150.0
150.0
146.0
146.0
143.25
144.0
144.0
143.25
143.25
144.0
145.5
145.5
146.25
149.0
149.0
148.5
148.5
147.75
148.5
148.5
149.25
150.0
150.0
151.5
151.5
152.75
152.75
152.75
151.0
153.0
153.0
156.25
157.75
157.75
158.0
157.0
157.0
157.5
157.5
157.5
155.25
152.75
152.75
154.25
154.25
156.25
157.25
157.25
155.5
155.25
155.25
156.5
153.75
153.75
150.25
151.5
151.5
151.25
151.25
151.5
151.5
152.25
150.5
150.5
151.25
150.0
150.0
149.75
149.25
149.25
149.5
150.75
150.75
151.25
152.25
152.25
152.25
152.25
153.0
151.75
151.75
151.5
150.5
150.5
151.25
151.25
150.5
150.5
151.0
150.75
150.75
151.0
151.25
151.25
151.25
151.25
150.5
151.0
151.0
150.5
150.25
150.25
150.0
150.75
150.75
150.75
150.75
150.0
150.75
150.75
151.0
151.25
151.25
152.0
152.0
151.5
151.0
151.0
151.25
150.75
150.75
151.25
151.25
151.25
150.5
150.5
151.25
152.5
152.5
152.5
152.25
152.25
152.25
152.0
152.0
151.0
150.0
150.0
148.25
148.25
146.0
146.0
145.75
145.5
145.5
146.25
146.25
146.25
147.75
148.75
148.75
148.75
148.75
150.0
149.25
149.25
149.25
150.25
150.25
150.75
151.25
151.25
150.75
150.75
150.0
150.0
150.0
149.75
151.0
151.0
148.25
148.25
150.0
150.0
150.0
148.25
148.25
147.75
147.25
147.25
146.5
146.5
145.0
146.0
146.0
144.0
144.0
143.0
141.75
141.75
141.0
141.0
140.0
140.5
140.5
139.25
139.25
140.75
143.25
143.25
143.75
143.25
143.25
144.25
144.25
143.0
143.0
144.5
143.25
143.25
143.25
143.25
143.25
145.0
145.0
144.25
144.25
145.0
145.25
145.25
144.0
144.25
144.25
144.5
144.5
145.75
145.75
145.25
145.75
145.75
146.0
145.75
145.75
145.0
144.5
144.5
143.5
143.5
144.75
146.0
146.0
146.75
146.75
142.75
142.75
143.25
143.25
142.75
142.25
142.25
141.5
141.5
141.0
138.75
138.75
139.5
138.75
138.75
138.75
136.75
135.75
135.75
135.75
135.75
135.75
136.0
137.0
137.0
135.0
135.0
135.0
135.0
135.0
134.75
134.75
135.0
135.0
135.0
