57.0
57.0
57.0
57.0
57.0
57.0
56.75
56.75
56.75
56.75
56.75
56.75
57.0
57.0
61.04545454545455
65.0909090909091
69.13636363636364
73.18181818181819
77.22727272727273
81.27272727272728
85.31818181818183
89.36363636363637
93.4090909090909
97.45454545454545
101.5
105.54545454545455
109.5909090909091
113.63636363636364
117.68181818181819
121.72727272727273
125.77272727272728
129.8181818181818
133.86363636363637
137.9090909090909
141.95454545454547
146.0
146.0
146.0
141.0
141.0
139.5
139.5
126.75
126.75
127.0
127.0
127.0
126.75
126.75
126.75
126.75
126.75
127.0
126.75
128.91666666666666
131.08333333333334
133.25
135.41666666666666
137.58333333333334
139.75
139.75
143.0
143.0
142.5
142.5
147.0
137.75
137.75
145.0
145.0
145.0
145.0
154.5
154.5
163.25
163.25
163.25
163.25
163.25
163.25
163.25
163.25
163.25
163.25
163.25
163.25
163.25
163.25
163.25
161.875
160.5
159.125
157.75
156.375
155.0
153.625
152.25
150.875
149.5
148.125
146.75
145.375
144.0
144.0
144.0
144.0
144.0
144.0
144.0
144.0
144.0
144.0
144.0
144.0
144.0
144.0
144.0
138.6875
133.375
128.0625
122.75
117.4375
112.125
106.8125
101.5
101.5
101.5
101.5
101.5
102.0
102.0
102.0
102.0
102.0
102.0
102.0
102.0
101.75
101.75
101.75
101.75
101.75
101.75
107.71875
113.6875
119.65625
125.625
131.59375
137.5625
143.53125
149.5
149.5
152.25
154.75
154.75
153.25
152.25
152.25
151.75
151.75
151.25
152.25
152.25
153.5
153.5
153.5
153.5
153.75
154.0
154.0
154.0
154.0
154.25
154.5
154.5
154.5
154.5
154.5
155.75
154.75
154.75
156.75
157.25
157.25
156.75
156.75
156.75
155.25
153.25
153.25
152.25
152.25
150.75
150.5
150.5
148.0
147.5
147.5
147.25
147.25
147.0
147.75
147.75
147.5
147.5
147.5
148.25
148.25
149.5
148.25
148.25
148.0
147.5
147.5
147.5
147.5
147.5
147.5
147.25
147.25
147.25
148.0
146.75
146.75
148.25
148.25
149.0
149.5
149.5
149.75
149.75
149.75
149.75
149.75
150.25
150.0
150.0
150.75
150.0
150.0
150.25
150.25
150.0
151.25
151.25
150.0
150.5
150.5
150.5
150.5
150.25
149.75
149.75
150.0
150.25
150.25
150.5
150.5
150.25
150.75
150.75
151.5
150.75
150.75
151.25
151.75
151.75
152.0
152.0
152.0
152.25
152.25
151.75
152.5
152.5
151.5
151.5
151.5
150.5
150.5
150.0
150.0
150.0
150.25
150.25
149.25
148.75
148.75
146.75
146.75
145.0
143.75
143.75
141.0
141.0
138.5
138.5
138.5
123.75
123.75
122.75
121.0
121.0
118.5
118.5
116.0
116.0
118.25
118.25
118.5
118.5
118.5
118.25
118.25
118.25
118.25
118.5
118.5
130.75
130.75
130.75
130.75
130.75
130.75
130.75
131.5
131.5
131.5
128.25
128.25
128.5
128.5
128.5
128.25
128.25
139.5
136.75
136.75
136.75
137.25
137.25
138.25
139.75
139.75
140.25
140.25
140.5
140.5
141.25
142.25
142.25
141.75
141.75
143.25
143.25
144.0
144.75
144.75
145.25
145.25
145.75
147.25
147.25
147.75
149.25
149.25
149.0
149.0
149.25
150.75
150.75
150.25
150.0
150.0
149.75
149.75
148.5
147.5
147.5
146.5
146.5
144.5
141.5
141.5
141.0
141.0
141.0
139.5
139.5
137.5
137.5
135.5
135.5
133.75
133.75
135.0
137.75
137.75
139.0
139.0
137.5
137.5
136.75
140.25
140.25
142.0
140.75
140.75
142.0
142.0
144.5
143.5
143.5
143.5
143.5
143.5
143.5
143.25
143.5
143.5
150.0
150.0
150.0
151.0
151.0
151.0
151.75
152.75
152.75
153.75
154.75
154.75
154.75
155.0
155.0
154.75
156.0
156.0
155.25
155.25
154.5
154.25
154.25
154.25
154.75
154.75
154.25
153.25
153.25
153.25
150.75
152.25
152.25
150.5
150.5
150.25
150.25
150.25
150.25
150.75
151.0
151.0
151.75
151.75
151.75
152.25
152.75
152.75
153.75
154.5
154.5
154.5
155.0
155.0
155.25
155.25
155.75
152.5
152.5
152.5
153.0
153.0
154.75
154.75
154.5
154.5
153.75
153.75
153.0
153.0
153.5
153.75
153.75
152.75
150.0
150.0
149.75
149.75
144.5
144.5
147.0
143.25
143.25
143.25
140.75
145.75
145.75
144.25
144.25
144.25
143.5
147.75
147.75
150.5
151.0
151.0
150.5
150.5
153.25
152.5
152.5
154.25
155.5
155.5
155.5
156.5
156.5
159.0
158.75
158.75
158.75
158.75
160.25
159.0
159.0
158.5
157.75
157.75
158.5
157.25
157.25
158.25
157.25
157.25
154.75
154.75
154.75
154.75
155.5
155.5
155.5
155.5
155.5
155.5
155.25
155.25
155.25
144.5
144.5
144.5
144.5
144.5
144.5
144.5
144.5
144.5
144.5
144.5
144.5
144.5
145.45833333333334
146.41666666666666
147.375
148.33333333333334
149.29166666666666
150.25
151.25
151.25
151.75
152.75
152.75
152.75
152.75
153.25
155.0
155.0
156.75
156.75
157.75
157.75
156.5
157.25
157.25
157.75
157.75
154.0
152.75
152.75
151.75
151.75
151.75
152.0
152.0
150.75
151.0
151.0
151.75
152.25
152.25
152.25
153.5
153.5
153.5
153.5
153.5
153.5
154.5
154.5
154.5
155.75
155.75
155.75
156.75
157.25
157.75
157.75
158.5
158.75
158.75
158.75
157.75
157.75
158.25
158.0
158.0
157.25
157.25
157.25
157.0
156.0
156.0
155.0
154.5
154.5
153.5
151.5
151.5
151.25
151.25
151.25
152.25
152.25
153.25
153.25
153.25
153.5
153.5
153.75
154.25
154.25
153.0
153.0
152.5
152.0
152.0
151.25
151.25
148.0
148.0
147.5
146.25
146.25
146.0
146.0
146.0
145.0
145.0
143.75
143.75
142.0
139.5
139.5
139.25
139.25
139.25
139.5
139.5
139.25
132.75
132.75
135.0
135.0
136.75
136.75
136.75
137.25
137.25
139.5
139.5
139.25
139.25
136.25
136.25
134.25
134.0
134.0
134.25
134.25
133.5
133.5
132.75
132.75
133.5
131.75
131.75
131.5
131.5
133.0
133.0
134.25
134.25
133.75
133.75
131.25
131.25
128.0
128.0
128.0
128.0
128.0
128.0
128.0
128.0
128.0
122.25
122.25
124.25
124.25
127.5
131.5
131.5
135.75
135.75
139.25
139.25
139.25
139.5
139.5
138.75
138.75
138.5
138.5
137.25
136.75
136.75
137.5
137.5
138.5
141.5
141.5
144.0
144.0
143.75
143.75
143.75
144.75
144.75
142.5
142.5
140.5
141.75
141.75
142.5
142.5
140.5
139.0
139.0
138.75
138.75
140.75
142.0
142.0
142.0
142.0
142.5
142.5
142.5
142.0
142.0
141.25
141.25
140.5
141.0
141.0
142.0
142.0
143.5
143.25
143.25
143.75
143.75
143.75
144.5
144.5
144.5
145.25
145.25
145.5
145.5
145.75
145.75
147.5
147.75
147.75
148.5
148.5
148.75
147.5
145.5
145.5
145.5
135.75
132.5
132.5
134.25
134.25
134.25
134.25
140.75
142.0
142.0
142.0
142.0
143.75
145.25
145.25
147.0
148.75
148.75
149.0
149.0
149.75
150.0
150.0
151.25
151.75
151.75
153.5
154.25
154.25
155.0
156.5
156.5
156.0
156.0
156.0
156.75
156.0
156.0
156.0
156.0
156.25
157.25
157.75
157.75
157.0
157.0
157.5
158.0
158.0
157.75
157.25
157.75
157.75
157.75
156.0
156.0
157.0
157.0
157.0
156.75
153.5
153.5
156.25
156.5
156.5
156.25
156.25
156.5
155.75
155.5
155.5
156.75
157.0
157.0
157.5
157.5
156.75
156.5
156.5
157.5
156.25
156.25
156.25
156.25
156.5
157.5
157.5
157.25
157.25
157.25
156.75
156.75
157.25
157.25
157.25
157.25
156.5
155.25
155.25
140.25
140.25
140.75
140.75
140.75
141.75
141.75
141.75
137.25
137.25
137.25
136.0
136.0
138.5
139.0
139.0
138.0
138.0
138.5
139.25
139.25
139.5
139.5
138.5
138.5
137.5
137.5
134.0
134.0
134.0
134.0
134.0
134.0
133.75
134.0
134.0
134.0
134.0
133.75
134.85
135.95
137.05
138.15
139.25
139.25
137.5
137.5
135.0
135.0
133.25
133.25
134.0
134.0
134.25
134.25
134.25
135.5
135.5
137.0
138.5
138.5
138.0
138.0
137.5
137.5
133.5
128.75
128.75
128.5
128.5
127.5
127.5
128.0
128.0
128.5
128.5
128.5
128.5
131.5
131.5
133.0
133.0
135.0
135.75
135.75
136.0
136.0
136.5
137.5
137.5
138.75
138.75
139.5
139.5
140.75
141.5
141.5
142.75
143.5
143.5
142.0
144.0
144.0
144.25
144.5
144.5
144.75
144.75
144.75
144.75
145.75
145.75
146.5
146.0
146.0
146.0
146.0
146.25
145.75
145.75
142.25
142.25
134.0
134.0
132.25
132.25
132.0
133.5
133.5
134.0
134.0
133.0
133.0
133.25
133.5
133.5
133.75
133.75
137.25
137.25
141.5
142.0
142.0
140.0
140.0
136.75
136.75
135.75
135.75
133.5
133.5
130.75
130.75
132.25
132.25
133.5
133.5
130.75
130.75
134.0
135.0
135.0
135.0
135.0
135.0
136.0
135.75
135.75
136.75
136.75
136.75
136.75
136.0
136.0
136.5
136.5
136.25
137.5
137.5
138.25
138.5
138.5
137.5
137.5
137.5
137.5
138.5
139.75
139.75
140.75
141.5
141.5
141.5
141.5
143.0
142.25
142.25
142.0
142.0
141.5
141.5
144.0
144.0
143.5
143.5
143.25
145.0
145.0
147.0
147.0
146.25
146.25
147.0
147.0
148.5
148.5
149.75
149.75
150.75
150.75
151.5
151.5
153.0
154.5
154.5
154.0
154.0
154.0
154.0
154.0
154.0
153.75
153.75
158.75
158.75
158.75
158.75
158.75
158.75
159.0
159.0
157.0
157.0
158.75
156.75
156.75
157.25
157.25
157.25
158.0
159.25
159.25
160.25
160.5
160.5
160.5
159.0
159.0
159.25
159.0
158.0
158.0
158.5
158.5
158.5
157.25
157.25
155.5
155.25
155.25
154.25
154.25
152.75
149.5
149.5
146.5
146.5
144.25
146.5
146.5
143.75
143.75
143.0
145.0
145.0
145.0
145.0
147.25
147.0
149.0
149.0
150.0
150.0
150.0
152.0
152.0
152.0
152.0
150.0
150.0
150.0
151.0
150.25
150.25
150.5
150.5
150.5
150.75
150.75
151.0
150.5
150.5
150.25
150.25
151.5
150.5
150.5
150.25
149.0
149.0
149.0
149.0
147.75
146.0
146.0
145.0
145.0
144.25
145.0
145.0
145.0
145.0
145.0
144.0
144.0
143.25
143.25
143.0
142.5
142.5
142.75
142.75
143.25
142.75
142.75
143.25
143.25
143.25
142.25
142.25
141.5
141.5
140.75
140.75
140.25
139.5
139.5
139.0
139.0
138.25
138.25
136.75
136.75
136.75
137.5
137.5
139.75
141.0
141.0
141.0
141.0
143.5
144.25
144.25
146.75
146.75
146.25
146.25
147.0
147.0
147.75
148.25
148.25
148.75
149.5
149.5
150.0
150.0
149.75
150.0
150.0
150.0
150.0
150.0
149.75
149.75
150.25
150.0
150.0
150.5
150.0
150.0
150.0
150.25
150.25
150.5
150.5
151.0
150.5
150.5
151.25
151.0
151.0
150.75
150.75
149.75
150.25
150.25
151.25
150.25
150.25
151.0
151.0
149.75
149.75
149.75
150.0
150.0
150.0
148.75
148.75
149.25
150.0
150.0
150.0
149.5
149.5
149.0
149.0
148.25
150.75
150.75
151.5
151.25
151.25
151.0
151.0
151.75
152.0
152.0
152.5
152.0
152.0
152.75
153.25
153.25
154.0
154.0
154.25
155.0
155.0
155.0
155.0
155.0
155.25
155.5
155.5
155.75
155.5
155.5
155.25
155.5
155.5
155.75
156.0
156.0
156.0
156.0
156.0
156.25
156.25
156.5
156.75
156.75
156.75
157.5
157.5
157.75
157.25
157.25
158.0
157.5
157.5
157.25
155.25
155.25
153.0
153.0
151.75
150.0
150.0
149.5
149.75
149.75
149.0
149.0
149.0
148.5
148.5
147.75
147.75
147.25
147.0
147.0
145.25
145.25
142.0
142.0
139.5
139.5
139.25
139.25
139.0
139.5
139.5
138.25
138.25
138.5
138.5
139.75
140.25
140.25
140.25
140.25
138.75
138.75
139.75
137.25
137.25
138.25
138.25
139.5
140.0
140.0
141.5
141.5
142.0
142.0
142.5
143.0
143.0
144.0
144.0
144.75
144.75
145.25
145.25
145.0
145.0
144.25
143.25
143.25
143.75
143.75
144.0
144.0
143.5
143.25
143.25
142.75
142.75
140.75
141.75
141.75
140.75
140.75
138.5
138.5
137.75
138.25
138.25
139.5
139.5
138.75
138.75
138.5
138.0
138.0
138.25
138.25
139.5
140.75
140.75
140.25
140.25
141.75
143.25
143.25
143.75
143.75
143.25
143.25
144.0
145.0
145.0
146.25
146.75
146.75
146.5
146.5
146.75
147.5
147.5
147.0
147.0
146.5
145.75
145.75
145.25
146.5
146.5
145.0
145.0
143.0
143.0
140.75
139.75
139.75
139.5
139.5
137.5
137.5
137.0
136.5
136.5
135.0
135.0
132.75
132.75
132.0
132.0
132.75
134.0
134.0
135.75
135.75
137.25
137.25
138.75
140.5
140.5
143.0
143.0
143.75
142.5
142.5
143.75
146.5
146.5
146.75
146.75
147.0
147.5
147.5
148.5
148.5
149.5
150.0
150.0
149.5
149.0
149.0
150.0
150.25
150.25
150.5
150.5
148.0
147.25
147.25
147.0
146.75
146.75
147.25
147.25
148.25
149.5
149.5
150.0
150.0
150.5
150.0
150.0
149.25
149.25
145.0
145.0
143.25
143.25
144.25
141.75
141.75
131.0
131.0
128.25
128.25
139.75
141.0
141.0
139.5
139.5
133.0
133.0
131.25
131.25
128.0
128.0
125.5
125.5
126.75
128.25
128.25
128.75
128.75
129.0
129.0
129.0
131.5
131.5
132.75
132.75
135.0
135.0
133.5
135.5
135.5
132.75
132.75
129.75
129.75
125.25
125.25
124.75
124.75
126.75
126.75
129.25
129.25
130.5
130.5
131.25
131.25
131.5
129.75
129.75
127.25
127.25
125.25
125.25
124.5
124.5
126.0
126.0
129.5
131.0
131.0
135.0
135.0
138.25
138.25
139.5
141.25
141.25
142.0
142.0
141.75
140.75
140.75
130.0
130.0
130.75
130.75
132.5
132.5
134.25
134.25
135.0
135.0
135.0
137.5
137.5
136.75
136.75
132.75
132.0
132.0
128.75
128.75
128.0
128.0
128.0
128.0
129.25
129.25
130.25
130.25
130.25
130.5
130.5
131.5
131.5
134.25
134.5
134.5
133.0
133.0
136.0
136.0
136.5
136.5
136.75
134.5
134.5
131.0
131.0
128.5
128.5
124.5
125.5
125.5
126.75
126.75
126.75
127.75
126.5
126.5
126.5
125.75
125.75
125.5
125.5
126.0
126.0
124.5
124.5
124.5
122.25
122.25
123.0
123.0
124.0
124.0
127.5
127.5
127.5
127.5
126.75
126.75
123.25
123.25
123.5
124.5
124.5
125.75
125.75
127.25
131.5
131.5
134.25
134.25
133.75
133.75
134.0
135.5
135.5
135.0
135.0
136.5
136.5
136.25
134.25
134.25
132.0
132.0
131.0
131.0
131.5
131.5
131.5
134.25
134.25
136.0
136.0
137.0
137.0
137.75
137.75
137.5
137.5
135.5
135.5
122.5
122.5
122.0
122.0
121.5
121.5
121.0
121.0
118.25
118.25
119.5
119.5
117.0
117.0
116.0
116.0
116.0
116.0
115.75
115.75
116.75
116.75
116.75
116.75
116.75
116.25
116.25
116.25
116.25
116.5
116.5
116.5
116.5
116.5
116.5
116.5
116.25
116.54166666666667
116.83333333333333
117.125
117.41666666666667
117.70833333333333
118.0
118.29166666666667
118.58333333333333
118.875
119.16666666666667
119.45833333333333
119.75
119.75
119.75
121.5
121.5
121.5
121.5
121.25
121.25
121.25
121.25
121.25
128.0
128.0
129.0
131.0
131.0
132.5
132.5
131.25
131.25
131.25
129.25
129.25
127.5
127.5
128.0
128.0
128.0
128.0
127.25
127.25
128.75
128.75
130.5
130.5
132.5
132.5
133.5
134.5
134.5
132.25
132.25
126.25
126.25
127.25
127.25
130.25
131.5
131.5
130.5
130.5
128.25
128.25
127.5
127.5
125.5
125.5
123.5
123.5
122.25
122.25
122.75
122.75
126.75
126.75
128.5
128.5
131.25
134.75
134.75
135.0
135.0
135.75
135.75
136.75
138.25
138.25
139.25
139.25
140.25
140.5
140.5
140.0
140.0
139.5
139.5
138.0
137.5
137.5
138.0
138.0
139.0
139.25
139.25
137.5
137.5
137.5
137.5
137.25
136.75
136.75
134.25
134.25
129.25
129.25
130.5
130.5
128.5
128.5
130.5
130.5
129.5
130.25
130.25
134.25
134.25
136.0
136.0
137.0
137.5
137.5
137.0
137.0
136.0
136.0
137.0
138.0
138.0
137.5
137.5
138.5
139.25
139.25
138.75
138.75
137.75
137.75
138.5
138.5
138.5
139.25
139.25
139.75
140.5
140.5
140.5
140.5
139.75
139.75
136.5
136.5
134.25
134.25
134.25
135.0
135.0
133.5
133.5
135.0
135.0
133.25
134.25
134.25
133.0
133.0
131.75
131.75
129.0
129.0
126.75
126.75
123.0
123.0
122.25
122.25
123.75
123.75
122.75
122.75
122.75
122.75
122.25
123.0
123.0
122.75
122.75
125.0
125.0
128.5
128.5
127.0
127.0
126.0
126.0
127.0
127.0
126.25
126.25
123.25
123.25
123.25
123.25
123.5
123.5
121.5
121.5
119.75
119.75
121.0
124.0
124.0
125.0
125.0
124.75
124.75
125.0
125.0
126.5
126.25
126.25
126.25
126.25
125.0
125.0
126.75
126.75
125.75
125.75
125.25
125.25
125.75
125.75
125.5
125.5
128.0
128.0
129.5
129.0
129.0
129.75
129.75
130.25
130.25
128.25
128.25
128.0
128.0
126.75
126.75
125.75
125.75
125.5
126.25
126.25
126.25
128.75
128.75
130.25
131.75
131.75
133.0
133.0
133.25
135.0
135.0
136.0
137.5
137.5
138.25
138.0
138.0
139.75
139.75
139.5
139.5
138.75
138.0
138.0
135.75
135.75
135.0
133.25
133.25
133.25
133.75
131.0
131.0
129.0
129.0
126.25
126.25
127.25
127.25
127.75
127.75
130.25
130.25
130.75
130.75
131.25
129.75
129.75
131.25
131.25
129.0
129.0
129.0
129.75
129.75
130.75
130.75
131.75
131.75
132.75
133.5
133.5
135.0
135.0
135.75
135.75
137.0
137.5
137.5
139.0
139.0
137.75
137.75
134.75
132.5
132.5
133.25
133.25
131.25
131.25
130.25
132.75
132.75
134.25
134.25
135.0
135.0
136.0
136.0
136.0
135.0
135.0
131.25
131.25
130.5
130.5
130.25
130.25
130.25
130.0
130.0
129.25
129.25
131.0
131.0
132.5
132.5
134.0
135.0
135.0
135.0
135.5
137.0
137.0
138.25
138.25
139.25
139.25
139.5
140.0
140.0
140.0
138.25
138.25
137.5
137.5
137.5
138.5
138.5
138.25
138.25
137.25
137.25
137.25
138.5
138.5
135.0
135.25
135.25
136.0
136.0
136.5
136.5
137.25
137.25
130.75
130.75
111.75
111.75
111.75
117.0
117.25
117.25
118.75
118.75
121.0
121.0
124.0
123.75
123.75
123.75
124.0
124.0
124.0
124.25
124.25
124.25
124.0
124.0
125.0
125.0
126.5
126.5
126.5
126.25
126.25
127.0
127.0
126.5
126.5
125.75
125.75
126.75
126.75
126.25
126.25
124.0
124.0
122.75
123.75
123.75
125.0
125.0
125.0
125.0
126.25
126.25
126.0
126.75
126.75
126.75
129.25
129.5
129.5
131.25
131.25
132.5
132.5
132.5
134.5
134.5
135.0
135.0
134.25
134.25
130.75
130.75
130.75
130.75
130.75
130.75
131.0
131.0
131.0
131.0
131.0
130.625
130.25
129.875
129.5
129.125
128.75
128.375
128.0
127.625
127.25
126.875
126.5
126.125
125.75
125.75
127.0
127.0
127.0
127.0
129.75
129.75
129.75
129.75
129.75
129.75
129.75
129.75
130.0
136.75
136.75
138.0
138.0
138.5
138.5
139.5
139.5
137.25
133.75
133.75
132.5
132.5
130.75
130.75
130.75
130.25
130.25
130.25
130.5
130.5
130.25
130.5
130.5
130.5
130.5
132.25
132.25
132.25
131.25
132.5
132.5
132.75
132.75
130.75
130.75
128.25
128.25
126.25
126.25
127.0
127.0
129.0
129.0
131.25
133.0
133.0
132.25
132.25
133.5
133.5
134.75
135.0
135.0
136.5
136.5
137.5
137.5
137.5
138.0
138.0
138.25
138.25
140.0
140.0
138.75
138.75
139.0
139.0
139.5
139.5
139.5
139.5
139.5
140.75
140.75
142.0
142.0
142.5
142.5
143.25
143.25
144.5
144.5
143.5
144.75
144.75
144.75
144.5
144.5
145.5
145.0
145.0
145.25
146.0
146.0
145.75
145.75
144.75
144.75
145.25
145.0
145.0
145.0
145.0
145.0
142.5
142.5
143.0
143.0
141.5
140.0
140.0
134.0
134.0
131.75
131.75
130.5
130.5
133.25
132.75
132.75
135.0
135.0
136.25
136.25
136.75
138.0
138.0
138.5
138.5
138.75
138.75
136.0
136.75
136.75
136.75
136.75
137.25
137.25
137.75
137.75
137.75
137.75
137.75
137.75
137.75
135.5
133.5
133.5
129.5
129.5
129.25
129.25
130.75
130.75
131.25
131.25
129.0
129.0
129.25
129.75
129.75
130.0
130.0
131.0
131.0
130.5
130.5
131.5
131.5
133.75
132.0
132.0
131.25
131.25
131.0
131.0
131.0
131.0
131.5
131.5
132.0
133.5
133.5
134.25
134.25
134.5
137.5
137.5
138.25
138.25
140.25
140.25
140.25
140.25
143.25
143.25
143.5
143.5
144.25
144.25
144.25
144.25
146.0
145.0
145.0
145.75
147.5
147.5
146.5
146.5
148.5
149.25
149.25
149.5
150.5
150.5
151.75
153.0
153.0
152.5
152.5
152.5
152.75
152.75
153.25
154.0
154.0
155.75
156.5
156.5
155.75
156.5
156.5
156.0
156.75
156.75
156.75
156.75
156.75
157.0
155.0
155.0
155.25
155.25
156.0
156.0
154.5
153.25
153.25
153.0
152.0
152.0
151.25
151.25
151.25
150.75
148.5
148.5
148.75
149.25
149.25
149.25
149.25
149.25
148.25
148.25
148.0
148.0
149.5
149.5
150.0
149.75
149.75
150.0
150.0
150.25
149.5
149.5
148.75
148.5
148.5
148.75
148.75
149.5
149.75
149.75
150.0
150.0
150.0
150.0
150.0
150.5
151.0
151.0
151.75
152.0
152.0
152.0
152.25
152.25
151.5
151.5
151.5
144.0
144.0
130.25
128.75
128.75
128.25
128.25
128.75
128.75
129.0
129.0
131.25
133.0
133.0
134.25
134.25
136.75
136.75
138.75
140.25
140.25
141.0
141.0
141.5
141.5
142.25
142.75
142.75
143.25
144.25
144.25
145.0
145.0
145.0
146.0
146.0
147.0
147.0
147.0
146.75
146.75
145.5
145.5
144.75
142.0
142.0
141.0
141.0
141.25
141.25
142.25
143.0
143.0
142.75
142.75
143.25
143.5
143.5
144.5
145.0
145.0
146.0
146.0
146.75
147.75
147.75
148.0
148.5
148.5
148.25
148.25
151.0
150.0
150.0
150.0
150.0
150.0
150.0
150.0
151.75
151.25
151.25
152.0
153.0
153.0
151.25
151.25
152.25
152.25
153.5
153.5
153.5
153.5
153.5
153.5
153.5
153.5
155.5
155.5
155.5
155.5
154.75
154.75
155.25
155.25
155.25
155.25
155.25
155.25
155.25
155.25
155.75
155.75
155.75
155.75
154.5
154.25
154.25
154.5
154.5
154.5
154.25
154.25
154.0
153.75
153.75
153.75
153.25
153.25
152.5
152.5
152.5
153.5
153.5
152.0
148.75
148.75
148.5
148.5
146.5
143.25
143.25
141.75
141.75
141.5
141.5
141.25
142.25
142.25
142.0
142.0
143.0
142.0
142.0
140.75
140.75
141.5
142.0
142.0
142.0
142.0
142.5
142.5
142.5
142.5
142.5
143.25
143.75
143.75
145.0
145.0
145.25
145.75
145.75
146.25
146.75
146.75
147.0
147.0
146.75
146.75
146.25
145.5
145.5
145.5
145.5
145.5
146.25
146.25
145.5
145.75
145.75
146.5
146.5
147.0
146.5
146.5
146.5
145.0
146.0
146.0
146.0
146.0
146.0
146.0
146.0
146.0
146.5
146.5
146.5
146.5
147.25
147.5
147.5
148.75
148.75
148.5
148.75
148.75
150.0
150.75
150.75
151.5
150.75
150.75
151.0
151.0
151.25
151.75
151.75
151.5
151.5
151.5
151.5
151.5
151.5
152.0
152.0
151.75
151.75
151.75
152.75
153.0
153.0
152.75
152.75
152.75
153.0
153.0
153.5
153.75
153.75
153.25
153.5
153.5
154.5
154.0
154.0
154.0
154.0
153.5
155.5
155.5
156.0
155.75
155.75
154.75
153.75
153.75
155.25
155.75
155.75
155.5
155.25
155.25
155.25
155.75
155.75
155.75
156.0
156.0
156.0
155.75
155.75
155.75
155.5
155.25
155.25
154.5
154.5
153.0
151.5
151.5
151.0
150.5
150.5
149.75
149.75
149.25
148.5
148.5
148.5
148.5
148.5
148.5
148.5
148.0
148.5
148.5
148.5
148.5
147.0
140.5
140.5
134.25
134.25
134.5
134.5
135.75
135.75
136.75
138.0
138.0
139.25
139.25
140.5
141.75
141.75
142.5
142.5
143.25
144.0
144.0
144.75
144.75
145.25
145.5
145.5
146.0
146.25
146.25
146.25
146.25
145.5
145.5
145.5
145.25
145.25
144.75
144.5
144.5
144.5
144.5
145.0
145.0
145.0
145.0
145.0
145.5
145.5
146.25
146.25
147.0
147.0
147.0
147.5
147.5
148.0
148.25
148.25
148.25
149.0
149.0
149.5
149.5
150.0
150.0
150.0
150.0
150.5
150.5
150.75
150.75
151.0
151.0
151.0
151.0
151.5
151.5
151.25
151.25
151.0
150.5
150.5
150.0
150.0
150.0
150.0
150.0
150.0
150.0
150.0
150.25
150.5
150.5
150.75
151.25
151.25
151.25
151.25
151.25
151.25
151.25
151.5
151.0
151.0
151.0
151.0
151.25
151.25
151.25
151.0
151.25
151.25
151.5
152.0
152.0
152.0
152.0
151.25
150.75
150.75
151.0
150.25
150.25
150.0
150.0
149.5
149.5
149.5
149.75
149.5
149.5
149.25
149.25
149.5
149.5
149.5
149.5
149.75
149.75
149.75
149.75
149.75
150.0
150.0
150.0
150.0
150.0
150.25
150.25
150.0
150.25
150.25
150.25
150.25
150.25
150.25
150.25
150.25
150.5
150.5
150.25
150.75
150.75
150.75
150.75
151.0
150.5
150.5
150.5
150.0
150.0
148.5
148.5
148.25
147.75
147.75
147.5
147.0
147.0
147.0
147.0
147.0
147.25
147.25
147.5
147.5
147.5
148.25
148.25
148.0
148.75
148.75
148.5
148.5
148.5
149.0
149.0
149.5
149.5
149.25
149.0
149.0
149.25
149.5
149.5
149.0
149.0
149.25
149.5
149.5
149.5
149.75
149.75
149.75
150.0
150.0
150.0
150.0
150.0
150.75
150.75
150.5
150.5
150.5
151.25
151.25
151.25
151.25
151.25
151.5
152.25
152.25
152.25
152.25
151.75
152.0
152.0
152.0
151.75
151.75
151.25
151.0
151.0
150.0
150.0
148.75
149.25
149.25
149.75
149.25
149.25
150.0
150.0
148.5
147.0
147.0
147.0
147.0
146.5
143.0
143.0
141.0
141.0
140.5
140.5
139.5
142.25
142.25
141.25
141.25
143.5
142.5
142.5
140.75
140.75
139.5
139.5
139.5
139.5
139.5
139.5
139.5
139.25
139.25
135.75
135.75
135.75
137.5
137.5
139.0
139.0
131.25
131.25
146.0
146.0
146.0
146.0
146.0
146.0
145.75
146.0
146.0
144.75
144.75
145.0
143.25
143.25
143.25
143.25
148.25
148.25
145.0
145.0
149.0
145.25
145.25
145.25
145.25
145.5
145.5
145.5
145.5
145.5
149.0
149.0
149.75
149.75
148.0
148.0
148.0
147.75
147.75
147.75
147.0
147.25
147.25
147.25
147.25
147.25
147.25
147.25
147.25
147.25
147.25
147.25
147.5
147.5
147.5
147.5
147.5
147.3653846153846
147.23076923076923
147.09615384615384
146.96153846153845
146.82692307692307
146.69230769230768
146.55769230769232
146.42307692307693
146.28846153846155
146.15384615384616
146.01923076923077
145.8846153846154
145.75
145.75
145.75
145.75
145.75
145.75
145.75
145.75
145.75
145.75
145.75
145.75
144.875
144.0
143.125
142.25
141.375
140.5
140.5
137.75
137.75
137.75
138.5
138.5
137.75
137.75
137.75
137.75
137.75
138.0
138.0
138.0
138.0
138.0
138.0
138.0
138.31944444444446
138.63888888888889
138.95833333333334
139.27777777777777
139.59722222222223
139.91666666666666
140.23611111111111
140.55555555555554
140.875
141.19444444444446
141.51388888888889
141.83333333333334
142.15277777777777
142.47222222222223
142.79166666666666
143.11111111111111
143.43055555555554
143.75
144.06944444444446
144.38888888888889
144.70833333333334
145.02777777777777
145.34722222222223
145.66666666666666
145.98611111111111
146.30555555555554
146.625
146.94444444444446
147.26388888888889
147.58333333333334
147.90277777777777
148.22222222222223
148.54166666666666
148.86111111111111
149.18055555555554
149.5
149.5
149.5
150.0
150.0
150.0
150.5
150.5
150.75
150.75
150.75
151.25
151.25
151.5
152.25
152.25
152.75
152.75
153.25
153.5
153.5
154.0
154.75
154.75
155.25
154.75
154.75
156.25
155.75
155.75
155.5
155.75
155.75
156.0
156.0
156.0
156.0
155.25
155.25
155.25
155.25
155.25
155.25
155.5
155.5
155.0
153.75
153.75
152.75
152.75
154.5
154.5
154.25
154.0
154.0
154.0
154.25
154.25
154.0
154.5
154.5
155.0
154.0
154.0
154.0
154.0
154.0
154.0
154.0
154.0
154.0
154.0
154.0
154.0
154.0
154.0
152.75
152.75
154.75
155.0
155.0
155.5
155.5
155.5
155.5
154.75
154.75
155.25
155.75
155.75
156.75
157.25
157.25
157.75
159.25
159.25
159.0
160.75
160.75
160.0
161.75
161.75
161.25
161.25
160.75
160.25
160.25
159.5
159.5
160.25
160.25
160.25
160.5
160.5
159.25
159.25
159.25
159.5
159.0
159.0
159.5
160.5
160.5
161.0
161.25
161.25
162.25
162.25
162.0
162.0
162.25
162.25
162.25
163.25
161.5
161.5
161.5
162.25
161.5
161.5
162.0
162.25
162.25
162.25
162.0
161.75
161.75
161.0
161.25
161.25
160.0
160.25
160.25
159.25
159.0
159.0
158.5
158.5
157.75
156.75
156.75
157.0
156.25
156.25
156.0
155.5
155.5
154.5
154.0
154.0
152.5
152.5
152.5
151.75
151.75
151.0
150.75
150.75
149.25
149.25
150.0
150.25
150.25
149.5
149.75
149.75
149.75
149.75
150.0
149.25
149.25
149.5
149.5
149.5
149.25
149.25
150.25
150.75
150.75
151.25
151.0
151.0
150.25
150.25
150.75
151.0
151.0
151.25
150.0
150.0
150.25
150.25
149.75
148.75
148.75
147.0
146.75
146.75
145.0
145.0
143.0
143.0
141.0
139.25
139.25
137.5
137.5
136.5
136.5
137.25
139.5
139.5
139.5
141.0
141.5
141.5
141.75
141.75
142.5
142.75
142.75
142.75
142.75
141.5
141.5
139.5
139.0
139.0
137.5
137.5
136.75
136.75
135.0
135.0
134.25
135.75
135.75
135.75
135.75
134.75
132.75
132.75
132.75
131.5
131.5
131.5
131.5
135.0
135.0
136.0
136.75
136.75
137.5
137.5
138.0
138.0
138.75
138.75
139.5
139.5
139.25
138.25
138.25
136.5
136.5
135.25
135.25
135.25
135.0
135.0
134.75
134.75
135.0
133.75
133.75
129.5
129.5
130.0
130.0
129.25
129.25
130.25
130.25
130.25
130.25
130.25
128.75
128.75
128.0
128.0
127.0
127.0
126.0
126.0
126.0
126.0
128.25
128.25
130.5
130.5
130.5
128.0
128.0
127.75
127.75
127.0
127.0
127.75
127.75
128.5
128.5
127.5
127.5
125.0
125.0
123.75
123.75
125.75
128.5
128.5
132.0
132.0
134.25
134.25
135.5
137.0
137.0
138.5
138.5
139.5
139.5
139.75
138.5
138.5
137.75
137.75
138.0
137.5
137.5
135.5
135.5
130.5
130.5
127.0
127.0
125.0
125.0
124.25
124.25
117.75
117.75
118.5
118.5
122.25
122.25
125.0
125.0
125.0
125.0
124.25
124.25
122.5
122.5
121.25
121.25
108.75
108.75
114.0
114.0
123.5
123.5
126.25
126.25
127.0
127.0
126.25
124.5
124.5
124.5
121.25
121.25
120.0
120.0
96.0
96.0
96.0
89.5
89.5
88.5
88.5
88.5
86.25
86.25
86.25
87.5
87.5
87.5
90.75
90.75
92.75
92.75
93.5
93.5
93.5
106.5
106.5
108.75
108.75
111.5
111.5
113.0
113.0
113.5
113.5
113.5
113.5
114.25
114.25
115.5
115.5
115.5
115.5
116.5
116.5
116.5
123.25
123.25
122.75
125.0
125.0
130.0
130.0
133.25
133.25
134.25
134.25
135.75
137.0
137.0
137.25
137.25
137.5
139.0
139.0
140.75
140.75
141.25
141.25
142.0
143.0
143.0
143.0
143.25
143.25
145.0
145.0
145.75
146.75
146.75
147.25
147.25
148.25
148.25
148.25
149.0
149.0
149.75
148.25
148.25
148.0
147.0
147.0
148.0
148.0
147.75
148.75
148.75
148.0
148.0
148.0
147.25
147.25
147.5
147.25
147.25
147.0
147.0
147.0
147.25
147.25
147.25
147.75
147.75
148.0
148.0
148.75
148.75
148.75
147.75
147.75
147.0
146.75
146.75
147.0
147.5
147.5
148.25
148.25
146.0
145.5
145.5
139.5
139.5
133.75
133.75
131.5
131.5
132.0
132.0
130.25
128.25
128.25
128.75
128.75
130.75
130.75
133.0
133.0
132.75
132.75
132.75
134.0
134.0
136.0
136.0
137.25
139.5
139.5
141.25
141.25
141.5
140.5
140.5
139.75
139.75
137.5
137.5
135.5
134.5
134.5
133.25
133.25
133.25
133.25
132.5
132.5
131.75
131.75
131.75
132.25
132.25
132.75
132.75
131.75
131.75
130.25
130.25
130.25
130.25
126.25
126.25
123.5
123.5
125.25
126.75
126.75
128.5
128.75
128.75
127.5
127.5
126.75
126.75
125.75
125.75
125.5
125.5
125.75
125.75
126.0
126.0
125.5
125.5
125.5
126.75
126.75
127.75
127.75
129.5
129.5
129.75
129.75
130.75
130.75
130.25
129.25
129.25
128.0
128.0
126.75
126.75
125.0
125.0
123.5
123.5
120.75
120.75
119.75
119.75
120.0
120.0
120.75
120.75
121.5
121.5
120.75
120.75
122.25
122.25
122.25
122.25
121.5
121.5
118.75
118.75
117.75
117.75
118.5
118.5
119.5
119.5
120.25
120.25
120.25
120.25
120.25
120.25
123.0
123.0
125.5
125.5
123.0
123.0
121.75
121.75
120.5
120.5
120.75
120.75
123.5
123.5
123.5
123.5
124.0
123.5
123.5
127.5
127.5
132.0
132.0
132.0
132.0
131.5
131.5
129.75
129.75
127.5
125.75
125.75
118.75
118.75
117.25
115.5
115.5
116.0
116.0
118.5
118.5
121.25
121.25
123.5
123.5
125.25
125.25
124.5
124.5
124.5
120.0
121.0
121.0
120.75
120.75
123.0
123.0
124.0
124.0
121.75
119.75
119.75
120.0
120.0
121.0
121.0
122.0
122.0
123.0
123.0
122.25
122.25
121.75
121.75
120.25
120.25
119.5
119.5
118.5
118.5
116.75
116.75
117.75
117.75
118.0
118.0
118.0
118.5
120.75
120.75
123.0
123.0
124.75
124.75
122.25
122.25
121.75
121.75
121.75
121.75
121.75
121.75
123.25
123.25
123.25
123.25
122.25
122.25
106.5
106.5
111.25
116.25
116.25
119.75
119.75
122.25
122.25
123.5
123.5
123.5
123.5
122.0
122.0
120.25
120.25
116.5
116.5
117.25
117.25
117.25
117.25
117.75
117.75
120.75
120.75
124.5
124.5
129.5
129.5
131.5
131.5
129.5
129.5
126.5
126.5
123.75
123.75
124.0
126.5
126.5
132.0
132.0
133.0
133.0
134.5
138.0
138.0
140.5
140.5
140.75
140.75
140.75
140.75
137.25
127.5
127.5
124.0
124.0
127.25
127.25
129.5
129.5
128.5
126.0
126.0
126.0
122.75
122.75
121.5
121.5
122.75
126.5
126.5
130.25
130.25
131.5
131.5
128.25
127.25
127.25
127.25
125.25
125.25
125.25
125.25
123.0
123.0
119.25
119.25
114.5
114.5
113.0
113.0
115.0
115.0
117.25
117.25
119.0
119.0
117.0
117.0
117.0
117.25
120.0
120.0
121.5
121.5
120.75
120.75
121.0
121.0
118.5
118.5
120.25
120.25
119.5
119.5
119.25
119.25
117.0
117.0
117.0
116.5
116.5
116.5
112.0
112.0
111.5
111.5
111.25
111.25
109.5
109.5
107.75
107.75
107.75
108.0
108.0
108.0
108.0
107.75
107.75
108.0
108.0
116.5
116.5
116.5
114.5
114.5
112.75
112.75
112.75
112.75
112.75
112.75
113.0
113.0
112.75
112.75
110.5
110.5
110.75
110.75
109.25
109.25
110.0
110.0
110.0
112.75
112.75
114.25
114.25
115.5
115.5
114.75
114.75
113.25
113.25
113.25
112.25
112.25
113.25
113.25
116.75
116.75
115.25
115.25
115.0
115.0
113.5
113.5
113.25
113.25
114.0
114.0
114.5
114.5
120.25
120.25
124.0
124.0
123.75
123.75
123.75
123.0
123.0
120.0
120.0
122.75
123.5
123.5
124.0
124.0
125.75
125.75
125.5
125.5
124.5
124.5
126.5
126.5
126.75
126.75
127.25
127.25
129.5
132.75
132.75
130.25
130.25
129.75
129.75
129.25
129.25
130.5
130.5
131.5
131.0
131.0
130.25
130.25
130.75
130.75
130.75
130.75
132.25
132.25
132.25
132.75
132.75
133.5
133.5
134.5
134.5
137.25
134.25
134.25
132.0
132.0
131.25
131.25
131.5
131.5
132.5
135.0
135.0
136.0
136.0
135.5
135.5
137.25
140.0
140.0
141.5
141.5
142.25
142.25
142.25
143.5
143.5
144.5
146.0
146.0
147.0
147.75
147.75
147.75
147.75
146.75
147.5
147.5
148.0
148.0
149.25
149.5
149.5
148.25
148.25
150.75
149.5
149.5
150.5
150.5
149.25
148.0
146.5
146.5
144.5
144.5
144.5
144.25
144.25
144.25
144.5
144.5
144.5
144.5
144.5
144.5
144.5
139.45833333333334
134.41666666666666
129.375
124.33333333333333
119.29166666666667
114.25
114.25
114.5
114.5
115.0
115.0
116.0
116.0
116.5
116.5
116.5
114.75
113.0
113.0
113.0
109.25
109.25
109.25
109.25
109.75
109.75
109.75
112.75
112.75
112.0
112.0
110.25
110.25
113.5
113.5
115.5
115.5
115.5
125.75
128.25
128.25
126.5
126.5
126.25
126.25
121.25
121.25
117.0
117.0
113.25
113.25
112.0
112.0
112.0
133.5
112.5
112.5
112.5
119.6875
126.875
134.0625
141.25
141.25
142.5
142.5
143.0
143.0
142.25
143.25
143.25
147.0
147.0
147.5
148.25
148.25
148.25
149.25
149.25
150.0
150.0
150.25
150.25
151.5
153.25
153.25
153.75
154.0
154.0
153.25
153.25
151.75
149.75
149.75
148.0
148.0
143.25
143.25
144.0
143.25
142.5
142.5
139.5
138.5
138.5
139.25
139.25
136.75
136.75
137.0
136.75
136.75
136.75
136.75
136.75
136.75
136.25
137.75
137.75
137.5
137.5
137.5
137.5
137.5
137.5
137.25
137.25
137.25
147.75
147.75
147.75
148.0
148.0
148.0
148.0
148.0
148.0
147.75
148.0
148.0
145.25
145.25
144.0
143.25
143.25
141.0
141.0
141.0
140.25
142.25
142.25
148.25
148.25
148.25
148.25
148.25
148.25
148.25
148.25
148.5
148.5
148.5
136.25
136.25
139.5
139.5
142.0
143.5
143.5
145.0
145.0
147.25
147.25
149.75
150.0
150.0
151.75
152.5
152.5
152.0
152.0
151.75
151.5
151.5
149.25
149.25
152.0
153.75
153.75
154.25
154.25
154.25
153.5
154.0
154.0
152.5
152.5
151.0
151.0
151.0
149.75
147.75
147.75
147.75
140.75
140.75
139.5
139.5
135.75
136.5
136.5
135.5
135.5
135.5
130.5
130.5
130.25
130.25
131.25
131.25
132.0
131.5
131.5
130.75
130.75
129.75
129.75
129.0
129.0
130.5
130.5
131.5
130.25
130.25
133.5
133.5
133.25
133.25
130.75
130.75
129.5
129.5
128.75
128.0
128.0
128.0
116.5
116.5
119.75
119.75
124.0
124.0
125.25
125.25
125.0
126.5
126.5
128.25
128.25
130.25
130.25
133.75
135.75
135.75
136.75
136.75
135.75
135.75
132.75
132.75
131.75
134.25
134.25
135.75
135.75
136.5
136.5
137.5
139.25
139.25
139.5
139.5
138.5
138.5
137.75
138.25
138.25
139.5
139.5
140.25
140.25
138.75
135.75
135.75
136.25
136.25
135.75
135.75
134.75
134.75
133.5
133.5
132.75
131.25
131.25
130.5
130.5
131.0
131.5
131.5
131.5
126.5
126.5
125.75
126.25
126.25
128.0
128.0
131.5
131.5
132.5
132.5
132.5
132.0
132.0
132.5
132.5
133.5
133.5
134.25
133.75
133.75
134.5
134.5
134.75
134.75
135.25
135.25
136.75
136.75
136.75
137.5
137.5
138.25
138.5
138.5
138.25
138.25
137.75
137.75
136.25
137.5
137.5
135.0
135.0
133.25
133.25
134.25
134.25
134.75
135.0
135.0
134.5
134.5
133.75
133.75
133.5
133.5
133.0
133.5
133.5
133.5
133.5
130.75
130.75
128.25
128.25
128.0
128.0
130.75
130.75
129.75
129.75
132.5
132.5
133.5
133.5
135.75
136.5
136.5
135.75
135.75
135.5
135.5
134.25
134.75
134.75
136.0
136.0
136.25
136.25
138.0
140.0
140.0
139.25
139.25
138.0
138.0
135.25
133.5
133.5
133.25
133.25
135.0
135.0
134.25
134.25
134.0
135.75
135.75
139.5
139.5
139.5
139.5
139.0
140.25
140.25
140.25
141.0
141.0
141.0
141.0
141.0
143.5
144.25
144.25
145.0
145.0
144.75
143.75
143.75
142.75
142.75
142.0
141.75
141.75
141.75
141.75
142.0
144.5
144.5
143.75
143.75
142.75
142.25
142.25
143.25
143.25
144.25
144.5
144.5
145.5
145.5
145.5
147.75
147.75
148.5
149.75
149.75
150.25
150.75
150.75
151.75
152.5
152.5
152.75
152.75
153.25
152.5
152.5
152.5
152.5
153.0
153.25
153.25
152.0
154.25
154.25
154.75
155.0
155.0
154.25
154.25
154.0
129.5
129.5
114.0
114.0
113.75
113.75
114.5
114.5
114.5
118.25
118.25
120.25
120.25
124.0
124.0
127.5
129.75
129.75
133.0
133.0
133.5
133.5
135.25
138.5
138.5
139.25
139.25
141.25
142.25
142.25
143.0
143.0
144.0
145.0
145.0
145.0
145.0
144.5
144.75
144.75
144.75
144.0
143.0
143.0
142.5
142.5
143.25
144.0
144.0
144.75
144.75
145.25
145.75
145.75
145.5
145.5
145.75
144.5
144.5
143.5
143.5
141.0
141.5
141.5
141.25
141.25
142.0
142.0
142.0
141.75
141.75
141.75
142.0
142.0
141.5
141.5
141.0
141.0
142.25
143.0
143.0
142.5
142.5
141.0
140.5
140.5
142.0
142.0
142.5
141.75
141.75
142.0
142.0
139.75
139.75
139.5
140.25
140.25
139.75
139.75
138.75
138.75
139.75
139.5
139.5
140.5
140.5
139.5
138.25
138.25
139.5
139.5
138.25
138.25
139.5
138.5
138.5
136.75
136.75
137.25
138.25
138.25
139.5
139.5
138.5
138.5
137.75
136.25
136.25
136.0
136.0
135.5
135.5
136.0
132.0
132.0
132.0
130.25
135.0
135.0
137.5
137.5
139.0
140.25
140.25
140.25
140.25
140.75
141.5
141.5
124.25
124.25
130.75
135.5
135.5
136.75
136.75
137.5
138.75
138.75
140.0
140.0
140.75
141.5
141.5
142.75
142.75
143.25
144.0
144.0
145.25
145.25
146.25
146.25
146.25
145.75
145.75
145.0
145.0
143.25
142.0
142.0
142.0
143.25
143.25
143.5
144.0
144.0
144.0
144.25
143.25
143.25
142.75
142.75
142.75
142.75
143.25
143.25
142.0
139.5
139.5
126.25
126.25
126.0
126.0
125.75
125.75
125.75
125.75
124.75
124.75
128.0
128.0
127.75
127.75
129.0
129.0
129.0
131.0
131.0
133.25
133.25
134.75
134.75
134.25
135.0
135.0
134.25
134.25
132.75
132.75
129.75
126.0
126.0
125.0
125.0
124.5
124.5
124.5
124.5
125.0
125.0
126.0
126.0
125.75
125.75
126.75
126.75
129.75
129.75
130.75
130.75
130.25
131.5
131.5
131.5
131.5
130.5
130.5
130.75
130.75
131.0
131.0
128.75
128.75
128.75
128.75
129.5
133.25
133.25
133.5
133.5
134.25
134.25
134.5
135.5
135.5
135.75
135.75
137.25
136.75
136.75
138.0
138.0
139.75
139.75
138.75
138.5
138.5
139.5
139.5
139.25
139.25
139.25
139.5
139.5
139.5
139.5
139.25
137.75
137.75
137.25
137.25
137.25
137.25
136.0
137.0
137.0
135.0
135.0
132.0
132.0
133.5
133.5
134.75
135.5
135.5
135.5
135.5
136.0
136.0
136.75
136.5
136.5
137.5
137.5
137.5
137.5
138.75
139.0
139.0
140.25
140.25
139.5
139.5
139.5
139.75
139.75
139.0
139.0
138.5
139.0
139.0
137.5
137.5
137.5
137.5
137.5
136.75
136.75
137.0
137.0
136.75
136.75
136.5
136.5
136.5
137.25
137.25
136.25
136.25
136.75
138.5
138.5
138.0
138.0
139.0
139.0
139.5
139.5
139.5
139.75
139.75
138.5
138.5
137.75
136.75
136.75
135.75
135.75
136.5
136.5
137.0
137.0
137.25
137.25
137.5
137.5
137.5
137.5
137.5
138.0
138.0
138.25
138.5
138.5
137.5
137.5
137.25
136.0
136.0
137.75
138.75
138.75
139.25
139.25
140.5
140.5
142.0
142.0
142.0
142.0
142.25
141.75
141.75
142.75
142.75
143.25
143.0
143.0
143.0
143.0
143.0
142.5
143.0
143.0
143.25
143.25
143.25
143.25
143.25
143.0
143.0
143.0
142.25
142.25
142.0
142.0
142.5
142.5
142.5
142.5
142.5
142.0
142.0
142.0
142.25
142.25
142.0
142.0
142.0
142.0
142.0
142.0
141.5
141.5
141.0
141.0
141.25
141.25
141.5
141.75
141.75
141.25
141.25
141.5
142.0
142.0
140.75
140.75
140.75
140.75
140.75
141.0
141.0
142.0
142.0
142.0
141.5
141.5
142.0
142.0
142.0
143.25
143.25
142.5
142.5
143.0
143.25
143.25
144.0
144.0
143.0
143.25
143.25
144.0
144.0
144.0
142.0
142.0
142.0
142.0
142.5
142.5
142.5
141.5
141.5
141.5
142.0
142.0
142.25
142.25
140.75
140.75
140.75
140.75
140.75
139.75
139.75
139.5
139.5
139.5
139.75
139.75
140.0
140.0
140.25
140.25
139.5
138.25
138.25
137.25
137.25
135.25
135.25
135.0
135.0
135.0
136.25
136.25
137.5
137.5
138.25
136.75
136.75
137.25
137.25
138.5
138.5
139.5
140.25
140.25
140.25
141.0
141.0
141.5
141.5
140.75
141.25
141.25
141.25
141.25
142.0
142.0
142.0
142.75
142.75
142.5
142.5
142.5
142.0
142.0
143.25
143.25
143.0
143.5
143.5
143.25
143.25
143.25
143.0
143.0
143.0
143.0
142.0
142.0
142.0
141.5
141.5
140.75
140.75
140.75
140.75
140.75
140.75
140.75
140.75
140.75
140.75
140.75
140.75
141.5
140.0
140.0
138.25
138.25
139.0
139.0
137.75
137.0
137.0
136.75
136.75
136.75
136.75
137.25
138.0
138.0
137.75
137.75
138.5
138.5
138.5
138.25
138.25
136.75
136.75
136.0
136.0
134.5
135.0
135.0
136.5
136.5
137.75
137.75
138.25
139.25
139.25
140.75
140.75
139.5
140.0
140.0
139.5
139.5
138.5
138.5
137.25
136.5
136.5
137.0
137.0
137.25
139.0
139.0
139.75
139.75
140.75
140.75
140.75
142.0
142.0
143.75
144.0
144.0
144.0
144.0
144.5
144.5
145.75
145.25
145.25
145.25
146.0
146.0
147.0
147.75
147.75
149.25
149.25
149.0
149.0
149.0
148.25
148.25
148.25
148.75
148.75
149.25
150.0
150.0
150.0
150.0
148.25
150.0
150.0
150.75
151.25
151.25
151.25
152.0
152.0
152.25
152.25
151.25
151.25
151.25
150.0
150.0
150.0
150.0
150.0
150.0
150.0
150.0
150.0
150.0
150.0
149.75
144.03571428571428
138.32142857142858
132.60714285714286
126.89285714285714
121.17857142857143
115.46428571428571
109.75
109.75
109.5
109.5
110.5
110.5
110.75
110.75
111.25
111.25
113.0
113.0
113.5
113.5
115.25
115.25
117.25
117.25
119.25
119.25
119.75
119.75
121.0
121.0
120.75
120.75
121.0
120.75
121.0
121.0
121.0
120.33333333333333
119.66666666666667
119.0
118.33333333333333
117.66666666666667
117.0
117.0
117.75
117.75
117.25
117.25
117.75
117.75
118.75
118.75
118.75
119.0
119.0
119.75
119.75
119.5
119.25
119.25
119.75
119.75
121.5
121.5
121.5
128.75
128.75
130.5
130.5
129.0
129.0
129.0
130.25
129.5
129.5
129.0
129.0
128.25
128.25
130.0
130.0
128.0
127.25
127.25
127.25
127.25
126.0
126.0
125.0
125.5
125.5
125.5
127.5
127.5
126.75
128.0
128.0
128.0
128.0
128.0
128.0
128.0
127.25
127.25
127.25
129.0
129.0
130.0
130.0
130.25
130.25
131.5
131.5
135.0
135.0
135.75
135.75
136.0
136.0
135.0
135.5
135.5
135.0
135.0
135.75
135.75
136.75
136.0
136.0
136.25
136.25
135.75
135.75
133.5
133.5
132.75
133.25
133.25
134.5
134.5
135.0
135.0
137.75
139.0
139.0
142.0
142.0
142.5
142.75
142.75
143.5
143.5
145.0
145.0
145.0
145.0
146.0
146.5
146.5
146.0
146.0
146.0
146.25
146.25
146.75
146.5
146.5
146.0
146.0
145.75
145.75
145.75
143.75
143.75
144.25
145.0
145.0
143.75
143.75
143.75
143.5
143.5
141.75
141.75
140.5
140.5
138.0
136.75
136.75
136.5
136.5
135.25
135.25
135.5
136.75
136.75
138.5
138.5
139.0
139.0
139.5
140.5
140.5
141.75
141.75
142.75
144.25
144.25
144.75
144.75
144.75
145.0
145.0
147.0
146.75
146.75
146.5
146.5
147.0
147.0
147.0
147.5
147.5
147.5
147.5
147.5
147.5
147.5
147.25
147.25
150.0
149.75
149.75
148.25
148.25
146.75
146.75
142.25
137.25
137.25
136.75
136.75
137.25
137.75
137.75
138.25
138.25
138.0
138.0
138.25
139.5
139.5
139.5
139.5
139.5
141.5
142.5
142.5
142.75
142.75
142.75
143.0
143.0
143.5
143.5
144.5
145.0
145.0
145.5
146.25
146.25
146.75
146.75
146.75
146.75
146.75
144.75
144.75
141.5
141.5
140.5
141.5
141.5
142.0
142.0
143.25
143.5
143.5
144.75
145.75
145.75
145.75
145.75
146.0
146.25
146.25
145.0
145.0
144.0
144.0
144.0
144.25
144.25
142.75
142.0
142.0
138.0
138.0
134.0
134.0
132.75
132.75
133.0
133.0
135.25
135.25
137.5
137.5
137.25
139.5
139.5
138.5
138.5
137.5
137.5
137.5
138.75
138.75
138.75
138.75
139.5
139.5
138.25
137.5
137.5
139.0
139.0
139.75
139.75
139.75
140.75
140.75
142.0
142.0
142.25
140.5
140.5
140.75
140.75
141.5
143.25
143.25
142.25
142.25
143.0
143.0
143.0
143.25
143.25
143.25
143.75
143.75
143.5
143.5
143.25
142.75
142.75
142.5
142.5
142.0
142.0
142.0
141.75
141.75
142.75
142.75
140.75
139.0
139.0
137.5
137.5
137.5
137.75
137.75
137.5
137.5
137.75
137.75
139.0
139.25
139.25
140.75
140.75
141.5
142.0
142.0
142.75
142.75
141.0
141.0
142.75
141.5
141.5
141.25
141.25
141.5
142.0
142.0
142.0
142.0
142.25
142.25
142.25
143.25
143.25
142.25
140.75
140.75
139.0
139.0
137.75
137.75
136.75
136.25
136.25
135.0
135.0
133.25
133.25
133.25
133.25
132.5
132.5
132.5
132.75
132.75
132.75
132.75
133.0
133.0
133.0
133.0
132.75
133.5
133.5
134.75
134.75
136.25
136.25
135.25
135.25
134.5
132.75
132.75
129.25
129.25
128.0
128.0
126.25
126.25
124.0
124.0
120.25
120.25
120.25
120.25
120.25
120.25
119.5
119.5
120.0
120.0
118.0
118.0
119.0
119.0
123.5
123.5
126.75
127.5
127.5
125.75
125.0
125.0
125.25
125.25
125.25
125.25
121.25
121.25
118.75
118.75
119.25
119.25
118.25
118.25
120.25
120.25
121.75
121.75
125.0
127.75
127.75
128.75
128.75
129.5
129.5
136.25
136.25
138.0
138.0
139.0
139.0
138.75
140.0
140.0
140.5
140.5
139.5
139.5
139.5
139.5
139.5
139.5
139.5
139.5
139.5
139.25
139.25
138.0
138.0
135.0
131.75
131.75
129.75
129.75
126.5
122.25
122.25
122.25
115.25
115.25
113.5
113.5
114.0
114.0
113.0
113.0
115.0
115.0
114.0
114.0
116.25
116.25
117.75
117.75
117.75
117.75
119.25
119.25
120.25
120.25
119.25
119.25
118.5
118.5
117.5
117.5
119.25
119.25
118.75
118.75
120.0
120.0
120.75
120.75
120.75
120.0
120.0
120.5
120.5
120.25
118.75
118.75
117.75
117.75
117.75
117.75
117.75
117.75
117.75
117.75
118.75
118.75
120.25
120.25
125.0
125.0
124.75
124.75
126.75
126.75
126.75
126.75
130.25
130.25
132.75
132.75
133.75
133.75
133.0
131.5
131.5
131.5
132.75
132.75
132.0
133.5
133.5
133.75
133.75
135.75
135.75
135.0
135.5
135.5
135.5
135.5
133.25
133.25
132.5
132.5
133.75
134.25
134.25
136.0
136.0
136.5
135.5
135.5
135.0
135.0
135.5
135.5
134.5
134.5
132.75
132.75
133.5
134.25
134.25
135.25
135.25
136.25
136.25
136.25
136.5
136.5
137.5
137.5
138.75
139.0
139.0
140.0
140.0
139.75
139.75
137.5
139.5
139.5
137.5
137.5
134.5
132.5
132.5
135.0
135.0
136.5
136.5
136.5
136.5
137.0
137.0
139.25
139.0
139.0
139.75
139.75
140.75
141.0
141.0
141.0
141.0
140.75
140.75
140.75
140.0
140.0
138.5
138.5
138.5
138.5
137.75
138.5
138.5
138.25
138.25
137.5
137.5
136.0
136.5
136.5
136.75
136.75
137.25
137.5
137.5
136.75
136.75
137.25
137.25
136.75
137.5
137.5
137.5
137.5
137.25
137.25
137.5
137.5
138.0
138.5
138.5
139.75
139.75
139.5
139.25
139.25
139.5
139.5
139.5
139.5
139.5
139.25
139.25
139.0
139.0
139.0
137.5
137.5
138.25
138.25
138.5
138.5
137.5
137.25
137.25
137.5
139.25
139.25
139.0
139.0
139.75
140.75
140.75
142.0
143.0
143.0
143.5
143.5
144.25
146.5
146.5
146.25
146.5
146.5
146.25
146.25
146.75
146.75
147.0
146.75
146.75
146.75
146.75
146.75
146.25
146.25
145.25
145.25
145.25
145.25
145.25
145.25
145.0
145.0
144.75
144.75
145.0
145.0
145.0
144.75
145.0
145.0
144.75
144.75
144.0
144.0
144.0
143.0
143.0
142.75
142.75
142.5
141.25
141.25
141.0
141.0
140.75
140.75
140.75
140.25
140.25
139.5
139.5
139.75
140.75
140.75
140.5
140.5
140.75
140.75
140.75
140.75
140.75
140.75
141.5
141.5
142.0
142.0
142.75
142.75
142.25
142.25
142.25
142.5
142.5
143.25
143.5
143.5
143.5
143.5
143.25
143.75
143.75
144.0
144.0
143.75
143.25
143.25
143.0
143.0
142.75
142.0
142.0
142.0
142.0
141.75
141.0
141.0
140.75
140.75
141.5
141.5
141.75
142.25
142.25
142.5
143.0
143.0
143.25
143.25
143.75
143.75
143.5
143.75
143.75
144.0
143.75
143.75
143.25
143.25
143.75
143.75
143.25
142.75
142.75
143.25
143.25
143.25
143.25
143.25
143.5
143.5
143.25
142.75
142.75
142.5
142.5
142.75
142.75
142.75
143.25
143.25
142.75
142.0
142.0
141.5
141.5
140.75
140.75
140.5
140.25
140.25
139.75
139.75
139.25
138.5
138.5
139.25
139.25
139.0
139.0
139.5
139.75
139.75
140.5
140.5
140.75
140.5
140.5
140.75
140.75
141.25
141.75
141.75
141.25
141.25
140.5
140.5
141.75
142.0
142.0
142.5
142.5
142.5
142.75
142.75
141.75
141.75
141.0
141.0
141.5
141.75
141.75
141.25
141.25
140.75
141.0
141.0
141.5
141.5
142.0
142.25
142.25
142.0
142.0
141.75
142.25
142.25
142.75
142.75
143.0
143.25
143.25
143.0
143.0
143.25
143.5
143.5
143.25
143.25
142.0
142.0
141.25
139.75
139.75
139.5
139.5
139.5
139.75
139.75
140.0
140.0
139.75
139.75
140.5
140.5
140.5
141.25
141.25
141.75
142.0
142.0
142.75
142.75
143.0
142.0
142.0
141.5
141.5
141.75
142.0
142.0
142.0
142.0
142.0
142.0
143.0
143.0
143.0
143.25
143.25
143.5
144.25
144.25
144.5
144.5
144.25
145.0
145.0
146.75
148.75
148.75
145.25
145.25
149.5
149.0
149.0
149.0
148.25
148.25
147.75
147.75
148.25
148.25
148.25
147.75
147.75
148.5
149.0
149.0
149.25
150.0
150.0
150.25
150.25
150.0
150.5
150.5
151.25
150.25
150.25
150.25
149.5
149.5
132.0
132.0
136.5
136.5
136.0
136.0
135.0
136.5
136.5
136.5
140.5
140.5
139.5
139.5
135.5
135.5
139.0
137.25
137.25
140.25
141.75
141.75
142.75
142.75
144.5
143.0
143.0
144.0
144.0
147.0
147.0
147.0
149.25
149.25
149.75
150.25
150.25
151.75
151.0
151.0
149.25
150.0
150.0
148.0
148.0
149.5
148.75
148.75
150.0
150.0
148.25
147.25
147.25
147.0
146.25
146.25
147.0
147.0
145.5
146.0
146.0
145.75
145.75
146.75
146.75
147.0
147.0
145.75
145.75
147.5
147.5
147.5
144.5
144.5
144.5
144.5
144.5
144.5
144.5
144.5
144.5
144.25
144.25
144.25
146.25
148.25
150.25
152.25
154.25
154.25
152.5
152.5
151.0
149.75
149.75
153.0
153.0
153.5
151.5
151.5
158.25
158.5
158.5
158.75
159.5
159.5
159.0
160.5
160.5
161.25
161.5
161.5
162.5
161.25
161.25
163.25
161.5
161.5
162.0
161.75
161.5
161.5
160.75
160.75
161.0
159.5
159.5
157.75
158.75
158.75
157.75
156.75
156.75
157.25
157.25
153.0
150.0
150.0
146.5
146.25
146.25
146.75
146.75
147.0
147.0
146.5
146.5
147.25
147.5
147.5
146.0
146.0
146.0
144.25
144.25
143.75
143.75
144.0
144.0
145.25
145.25
146.0
146.75
146.75
145.25
145.25
145.75
146.25
146.25
147.0
147.25
147.25
147.5
147.5
146.5
146.5
146.75
147.75
148.25
148.25
149.75
149.75
148.75
149.5
149.5
148.75
148.75
148.75
148.25
148.25
149.25
149.75
149.75
150.0
150.25
150.25
150.5
150.5
151.5
152.0
152.0
151.75
152.5
152.5
153.0
154.0
154.0
154.5
154.5
154.25
154.5
154.5
155.0
155.5
155.5
156.75
156.75
156.75
157.25
157.5
157.5
158.25
159.0
159.0
159.0
158.75
158.75
159.0
160.25
160.25
160.0
158.75
158.75
158.75
158.5
158.5
158.0
158.0
158.0
158.75
159.25
159.25
159.25
160.0
160.0
160.0
159.0
159.0
159.5
159.5
159.5
159.0
160.0
160.0
159.0
159.25
159.25
160.25
160.5
160.5
160.0
160.0
160.0
160.0
158.75
158.75
157.5
156.0
156.0
154.75
154.75
154.25
154.5
154.5
153.75
153.0
153.0
152.75
153.5
153.5
154.75
154.75
154.75
154.0
154.0
155.75
156.5
156.5
156.0
156.0
156.25
156.25
156.0
156.0
157.0
157.0
157.0
157.75
158.25
158.25
158.75
159.0
159.0
160.0
159.5
159.5
160.25
160.75
160.75
160.0
160.25
160.25
160.25
160.5
160.5
160.75
159.5
159.5
159.5
161.0
161.0
159.25
160.75
160.75
159.25
158.5
158.5
158.0
156.0
156.0
153.0
153.0
152.5
151.5
151.5
150.25
147.25
147.25
148.5
148.5
148.75
151.0
151.0
151.0
150.0
150.0
150.5
150.5
150.5
152.75
152.75
153.75
154.5
154.5
153.75
154.5
154.5
155.75
155.75
157.75
157.75
179.0
159.0
159.0
155.75
152.0
152.0
151.75
151.75
152.25
151.25
151.25
152.5
152.0
152.0
151.25
149.25
149.25
147.25
147.25
147.0
146.25
145.75
145.75
144.75
144.75
144.5
144.0
144.0
144.0
144.0
142.5
142.5
142.25
143.0
143.0
143.25
145.0
145.0
146.25
146.25
147.0
147.25
147.25
146.5
146.5
146.0
146.25
146.25
145.0
145.0
144.0
142.75
142.75
142.0
142.0
142.0
142.0
140.75
139.5
139.5
139.25
139.25
140.25
140.25
140.75
140.75
140.75
141.5
141.5
140.5
139.25
139.25
137.5
137.5
137.5
137.75
137.75
137.75
137.75
137.75
136.75
136.75
140.25
140.25
141.5
141.5
142.0
142.0
142.0
142.0
138.0
138.0
135.25
135.25
134.25
134.25
132.75
130.75
130.75
130.25
130.25
129.5
129.5
129.0
129.0
128.5
128.5
128.75
128.75
130.75
130.75
132.0
132.0
132.0
132.75
132.75
135.0
135.0
135.75
136.5
136.5
138.0
138.0
136.75
137.5
137.5
137.0
137.0
139.0
139.5
139.5
139.5
139.5
140.0
143.5
143.5
145.25
145.25
146.75
146.25
146.25
147.5
148.5
148.5
149.75
150.25
150.25
151.25
150.5
150.5
152.25
152.25
153.25
153.5
153.5
153.75
153.75
154.0
155.0
155.0
155.0
154.5
154.5
154.5
154.25
154.25
154.25
154.25
154.25
154.5
154.5
154.5
154.5
154.5
154.25
154.25
154.25
153.27272727272728
152.29545454545453
151.3181818181818
150.3409090909091
149.36363636363637
148.38636363636363
147.4090909090909
146.4318181818182
145.45454545454547
144.47727272727272
143.5
144.25
144.25
145.25
145.25
146.75
146.75
149.25
150.5
150.5
151.25
151.75
151.75
152.75
153.75
153.75
153.75
153.75
154.25
154.5
154.5
155.0
155.0
157.5
157.5
157.0
157.5
157.5
159.25
159.0
159.0
159.5
158.75
158.75
159.5
160.25
160.25
160.0
160.5
160.5
161.75
162.75
163.5
163.5
162.75
162.75
164.0
164.0
164.0
164.25
164.75
164.75
164.75
164.0
164.0
164.25
163.75
163.75
162.75
162.25
162.25
162.5
162.75
162.75
162.5
163.25
163.25
160.75
162.0
162.0
161.75
161.25
161.25
161.75
160.25
160.25
158.25
158.75
158.75
157.75
156.75
156.75
157.75
156.75
156.75
154.0
154.0
154.25
154.25
155.0
155.0
155.0
154.25
154.25
154.25
154.0
154.0
154.5
154.5
154.5
156.5
157.25
157.25
157.75
158.75
158.75
159.25
159.5
159.5
160.75
161.0
161.0
159.5
161.25
161.25
161.25
161.25
161.25
161.25
161.5
161.5
160.5
160.25
160.25
157.75
157.0
157.0
156.75
157.5
157.5
157.0
157.5
157.5
155.0
157.25
157.25
156.5
157.0
157.0
157.25
156.75
156.75
157.25
157.25
156.25
157.25
157.25
158.25
158.75
158.75
159.0
156.25
156.25
155.75
153.0
153.0
150.0
150.0
149.5
148.0
148.0
143.5
143.5
134.75
134.75
137.0
130.25
130.25
132.5
132.5
130.75
130.75
133.25
133.25
132.25
132.25
132.5
132.75
132.75
132.25
132.25
132.25
132.25
131.25
130.75
130.75
128.75
128.75
127.25
127.25
128.0
128.75
128.75
132.0
132.0
133.25
133.25
134.25
135.75
135.75
140.5
140.5
142.5
145.5
145.5
148.0
150.5
150.5
152.5
153.0
153.0
155.25
157.0
157.0
157.5
157.5
158.25
159.0
160.75
160.75
159.5
158.75
158.75
157.0
157.0
154.0
153.0
153.0
150.0
150.0
148.25
146.75
146.75
144.25
144.25
147.75
147.75
143.5
143.5
143.25
140.5
140.5
138.25
138.25
136.25
136.25
129.0
129.0
127.0
127.0
125.75
122.25
122.25
115.5
115.5
115.5
115.5
116.75
116.75
116.75
116.75
116.75
116.75
116.75
116.75
116.75
117.0
117.0
117.0
117.0
117.0
117.0
116.75
118.23484848484848
119.71969696969697
121.20454545454545
122.68939393939394
124.17424242424242
125.6590909090909
127.14393939393939
128.62878787878788
130.11363636363637
131.59848484848484
133.08333333333334
134.5681818181818
136.0530303030303
137.53787878787878
139.02272727272728
140.50757575757575
141.99242424242425
143.47727272727272
144.96212121212122
146.4469696969697
147.9318181818182
149.41666666666666
150.90151515151516
152.38636363636363
153.87121212121212
155.3560606060606
156.8409090909091
158.32575757575756
159.81060606060606
161.29545454545453
162.78030303030303
164.2651515151515
165.75
165.75
162.75
162.75
162.75
162.75
162.75
162.75
162.75
162.75
162.75
162.75
162.75
162.75
162.75
162.75
162.75
145.75
145.75
146.5
145.75
145.75
143.25
143.25
140.5
140.5
138.5
136.0
136.0
136.75
136.75
138.0
143.5
143.5
143.5
153.5
156.5
156.5
158.0
161.5
164.5
164.5
165.75
168.5
168.5
170.75
171.5
171.25
169.5
169.5
169.5
169.5
169.5
169.5
169.25
169.25
169.25
169.5
166.5
166.5
166.0
167.75
167.75
169.75
169.75
170.0
168.5
168.5
166.25
161.0
161.0
145.0
145.0
134.0
134.0
127.25
127.25
122.75
122.75
122.5
122.5
124.0
124.0
126.25
126.25
128.5
130.5
130.5
131.75
131.75
128.5
128.5
127.25
127.25
127.25
127.75
127.75
127.25
127.25
127.25
127.25
126.75
126.75
128.0
128.0
126.25
126.25
122.0
122.0
122.25
122.25
119.5
119.5
118.0
118.0
118.0
118.0
117.5
117.5
117.0
117.0
117.0
115.5
115.5
116.25
118.75
118.75
123.0
123.0
123.0
122.75
122.75
122.75
123.0
123.0
123.0
123.0
123.0
130.9
138.8
146.7
154.6
162.5
162.5
163.25
161.75
161.75
162.5
163.75
165.75
165.75
165.5
162.5
162.5
161.5
161.5
150.25
141.5
141.5
141.5
141.5
141.25
141.25
141.25
141.25
141.5
141.5
141.5
141.5
141.0
140.5
140.0
139.5
139.0
138.5
138.5
135.0
132.75
132.75
132.75
133.0
133.0
132.75
132.75
132.75
132.75
132.75
132.75
132.75
129.96875
127.1875
124.40625
121.625
118.84375
116.0625
113.28125
110.5
110.5
109.25
109.25
112.25
112.25
112.25
112.25
112.25
112.75
112.75
111.75
111.75
108.75
108.75
104.5
104.5
104.5
104.25
104.25
107.0
107.0
107.75
107.75
108.5
108.5
109.0
109.0
109.0
109.0
109.0
108.75
108.75
106.25
106.25
106.25
98.5
98.5
101.25
101.25
104.75
104.75
104.75
109.25
109.25
109.5
109.5
109.25
109.25
110.0
110.0
108.25
108.25
119.75
119.75
117.5
117.5
115.0
115.0
114.5
114.5
114.5
104.75
104.75
108.5
108.5
110.5
110.5
106.5
106.5
106.5
105.0
105.0
107.5
107.5
110.75
110.75
111.25
111.25
111.0
111.0
111.0
109.0
109.0
108.25
108.25
107.25
107.25
107.0
107.0
107.0
106.75
106.75
106.75
106.75
108.5
108.5
109.75
109.75
109.25
109.25
109.25
109.75
109.75
110.0
110.0
110.0
110.0
110.0
110.0
110.0
110.0
110.0
110.0
110.05128205128206
110.1025641025641
110.15384615384616
110.2051282051282
110.25641025641026
110.3076923076923
110.35897435897436
110.41025641025641
110.46153846153847
110.51282051282051
110.56410256410257
110.61538461538461
110.66666666666667
110.71794871794872
110.76923076923077
110.82051282051282
110.87179487179488
110.92307692307692
110.97435897435898
111.02564102564102
111.07692307692308
111.12820512820512
111.17948717948718
111.23076923076923
111.28205128205128
111.33333333333333
111.38461538461539
111.43589743589743
111.48717948717949
111.53846153846153
111.58974358974359
111.64102564102564
111.6923076923077
111.74358974358974
111.7948717948718
111.84615384615384
111.8974358974359
111.94871794871794
112.0
112.0
114.0
114.0
115.25
115.25
116.5
116.5
116.25
116.25
116.25
118.0
118.0
117.75
117.75
116.75
116.75
116.0
116.0
116.75
116.75
112.5
112.5
109.25
109.25
109.25
109.25
109.25
109.25
109.25
109.25
109.25
109.25
109.25
109.25
109.25
109.25
109.25
109.25
109.75
110.25
110.75
111.25
111.75
112.25
112.75
113.25
113.75
114.25
114.75
115.25
115.75
116.25
116.75
117.25
117.75
117.75
119.5
119.5
119.5
119.5
117.75
118.75
118.75
114.0
114.0
120.0
120.0
120.0
120.0
118.25
118.25
118.25
118.25
118.25
118.25
118.5
118.25
118.25
118.25
118.25
122.0
122.0
122.0
122.0
121.0
121.0
120.25
120.25
120.25
116.5
120.5
120.5
125.25
125.25
123.0
123.0
124.25
124.25
124.25
124.25
123.25
123.25
123.25
123.25
123.25
123.25
123.25
123.25
123.25
123.25
123.25
123.25
123.25
123.25
123.5
123.5
126.96153846153847
130.42307692307693
133.8846153846154
137.34615384615384
140.80769230769232
144.26923076923077
147.73076923076923
151.19230769230768
154.65384615384616
158.1153846153846
161.57692307692307
165.03846153846155
168.5
168.5
162.25
162.25
154.75
154.75
154.75
154.5
154.75
154.75
156.0
158.25
158.25
158.5
156.75
156.75
156.75
156.75
156.75
156.0
156.0
154.5
154.5
154.5
151.5
149.5
149.5
147.0
147.0
141.25
141.25
139.5
136.75
136.75
138.5
138.5
151.5
151.5
158.75
160.75
160.75
158.5
160.25
160.25
157.25
156.25
156.25
156.0
155.25
155.25
152.25
152.25
153.25
152.0
152.0
153.75
151.75
151.75
150.75
150.25
150.25
152.5
152.5
151.25
146.25
146.25
146.25
141.5
141.5
141.5
141.5
141.5
141.5
135.25
135.25
130.75
130.75
127.5
127.5
124.0
124.0
120.0
120.0
124.75
124.75
130.25
130.25
134.25
136.75
136.75
138.25
138.25
141.75
145.25
145.25
148.75
150.5
150.5
150.25
150.25
145.0
145.0
138.25
140.75
140.75
145.5
149.75
149.75
149.0
149.0
151.75
153.25
153.25
154.75
154.0
154.0
153.75
155.0
155.0
157.0
157.75
157.75
154.25
154.25
146.75
140.25
140.25
143.75
143.75
150.0
153.75
153.75
158.25
160.75
160.75
158.25
157.5
157.5
157.25
157.0
157.0
157.0
155.5
155.5
152.0
152.0
156.5
158.25
158.25
162.5
163.5
163.5
158.0
158.5
158.5
162.75
166.25
166.25
167.5
169.25
167.0
167.0
171.25
171.25
172.25
172.25
169.0
166.5
166.5
165.0
163.25
163.25
156.75
156.75
150.0
142.75
142.75
140.25
140.25
140.75
140.75
137.5
137.5
137.5
137.0
137.0
135.0
135.0
133.5
133.5
133.5
130.5
130.5
129.0
129.0
121.25
121.25
119.25
119.25
113.5
113.5
110.25
110.25
108.0
108.0
108.0
104.0
104.0
107.25
107.25
110.25
110.25
110.0
110.0
110.0
108.75
107.5
107.5
106.25
106.25
107.25
107.25
107.25
110.0
110.0
109.5
107.25
107.25
107.25
105.75
105.75
106.75
106.75
109.5
109.5
113.75
113.75
117.0
117.0
118.5
118.5
117.75
117.75
116.5
116.5
119.75
119.75
125.0
125.0
131.0
131.0
136.75
136.75
136.75
140.75
140.75
140.75
140.75
140.75
140.75
140.75
140.75
140.75
140.75
140.75
140.75
140.75
140.75
141.0
137.83333333333334
134.66666666666666
131.5
128.33333333333334
125.16666666666667
122.0
118.83333333333333
115.66666666666667
112.5
109.33333333333333
106.16666666666667
103.0
103.0
103.0
103.0
103.0
103.0
103.0
103.0
103.0
103.0
103.0
103.0
103.0
102.75
102.75
103.0
103.0
102.75
105.1
107.45
109.8
112.15
114.5
114.5
116.0
116.0
110.25
110.25
112.75
112.75
113.75
113.75
115.25
115.25
120.0
123.0
123.0
122.75
122.75
123.0
123.0
117.75
117.75
121.75
121.75
120.25
120.25
120.25
120.25
117.75
117.75
118.25
118.25
117.5
117.5
117.5
117.5
119.25
119.25
116.25
116.25
116.75
116.75
119.0
119.0
118.5
118.5
118.5
118.5
118.5
118.5
118.5
118.5
118.5
118.25
118.25
118.25
118.5
118.5
118.5
118.5
121.125
123.75
126.375
129.0
131.625
134.25
136.875
139.5
142.125
144.75
144.75
144.75
144.75
144.75
144.75
144.75
144.75
144.75
144.75
145.0
145.0
145.0
144.75
144.75
144.75
143.79761904761904
142.8452380952381
141.89285714285714
140.9404761904762
139.98809523809524
139.03571428571428
138.08333333333334
137.13095238095238
136.17857142857142
135.22619047619048
134.27380952380952
133.32142857142858
132.36904761904762
131.41666666666666
130.46428571428572
129.51190476190476
128.55952380952382
127.60714285714286
126.65476190476191
125.70238095238095
124.75
124.75
122.75
122.75
122.75
123.5
123.5
122.5
122.5
121.75
121.75
121.75
121.75
121.75
122.0
122.0
122.0
122.0
121.75
121.75
121.75
121.75
122.98026315789474
124.21052631578948
125.4407894736842
126.67105263157895
127.90131578947368
129.1315789473684
130.36184210526315
131.5921052631579
132.82236842105263
134.05263157894737
135.2828947368421
136.51315789473685
137.7434210526316
138.97368421052633
140.20394736842104
141.43421052631578
142.66447368421052
143.89473684210526
145.125
146.35526315789474
147.58552631578948
148.81578947368422
150.04605263157896
151.2763157894737
152.5065789473684
153.73684210526315
154.9671052631579
156.19736842105263
157.42763157894737
158.6578947368421
159.88815789473685
161.1184210526316
162.34868421052633
163.57894736842107
164.80921052631578
166.03947368421052
167.26973684210526
168.5
172.75
172.75
170.75
177.0
177.0
172.75
168.25
168.25
167.75
169.0
169.0
164.0
164.0
164.0
164.0
164.0
163.75
163.75
163.75
163.75
148.5
133.25
118.0
102.75
102.75
102.75
103.0
103.0
102.75
102.75
102.75
102.75
102.0
102.0
102.0
102.0
105.25
105.25
106.25
106.25
106.25
103.75
103.75
102.0
102.0
102.0
102.0
102.0
103.75
103.75
104.25
104.25
100.5
100.5
95.0
95.0
95.5
95.5
95.5
97.25
97.25
97.25
96.5
96.5
95.25
95.25
94.5
94.5
94.5
94.0
94.0
94.0
94.25
94.25
96.0
96.0
97.75
97.75
97.75
98.25
98.25
98.25
113.0
112.5
112.5
114.5
114.5
107.25
107.25
107.25
107.25
125.75
145.0
145.0
149.5
150.0
150.0
150.0
150.0
150.0
150.0
149.75
150.0
150.0
149.75
144.94444444444446
140.13888888888889
135.33333333333334
130.52777777777777
125.72222222222223
120.91666666666667
116.11111111111111
111.30555555555556
106.5
106.5
107.25
107.25
107.25
107.25
107.5
107.5
106.25
106.25
107.75
111.25
111.25
111.5
111.5
111.5
111.5
111.5
111.25
111.25
111.25
111.25
111.25
111.5
108.4
105.3
102.2
99.1
96.0
96.0
96.0
96.0
96.0
95.75
95.75
96.0
96.0
96.0
95.75
95.75
99.5
99.5
99.5
99.75
99.75
92.0
92.0
92.0
91.75
91.75
91.75
91.5
91.5
91.25
91.25
91.25
91.5
91.5
93.0
93.0
93.0
93.75
93.75
93.5
93.5
93.5
93.75
93.75
93.75
93.0
93.0
93.0
93.5
93.5
93.25
93.25
93.25
94.0
94.0
94.5
94.5
94.5
94.75
94.75
94.5
94.5
94.25
94.25
94.25
93.5
93.5
93.5
92.25
92.25
92.25
92.25
72.5
72.5
72.5
71.5
71.5
71.5
75.25
75.25
75.25
75.25
75.25
75.25
75.25
75.25
75.25
75.25
75.25
75.5
75.5
75.5
75.25
75.25
75.25
75.25
76.65151515151516
78.0530303030303
79.45454545454545
80.85606060606061
82.25757575757576
83.6590909090909
85.06060606060606
86.46212121212122
87.86363636363636
89.26515151515152
90.66666666666667
92.06818181818181
93.46969696969697
94.87121212121212
96.27272727272728
97.67424242424242
99.07575757575758
100.47727272727273
101.87878787878788
103.28030303030303
104.68181818181819
106.08333333333333
107.48484848484848
108.88636363636364
110.2878787878788
111.68939393939394
113.0909090909091
114.49242424242425
115.89393939393939
117.29545454545455
118.6969696969697
120.09848484848484
121.5
121.5
119.25
119.25
119.5
119.5
125.75
125.75
125.75
125.75
125.5
125.5
125.5
125.5
125.5
125.5
125.25
125.25
125.5
125.5
125.625
125.75
125.875
126.0
126.125
126.25
126.375
126.5
126.625
126.75
126.75
127.25
127.25
127.5
127.5
130.75
130.75
130.75
130.75
130.75
130.75
131.0
131.0
131.0
131.0
131.0
131.0
131.0
131.0
131.0
131.0
131.0
130.75
130.75
130.75
134.5
134.5
134.25
134.25
134.25
133.75
133.75
132.75
132.75
131.25
131.25
135.0
135.0
133.0
133.0
131.75
131.75
131.75
131.75
129.75
129.75
129.75
129.75
129.75
129.75
129.75
129.75
129.75
130.0
130.0
130.0
130.0
130.0
130.0
130.0
129.75
130.65
131.55
132.45
133.35
134.25
134.25
137.0
137.0
132.75
132.75
130.75
130.75
127.25
127.25
127.25
134.0
130.25
130.25
130.25
130.25
126.25
126.25
125.5
125.5
123.25
123.25
121.75
121.75
119.75
117.75
117.75
117.0
117.0
117.5
117.5
118.25
118.25
117.75
117.75
117.0
117.0
117.0
115.5
115.5
114.0
114.0
112.75
112.75
112.5
112.5
111.75
111.75
110.75
110.75
110.75
110.75
110.75
110.5
110.5
107.5
107.5
104.25
104.25
104.25
109.0
109.0
103.25
103.25
104.75
104.75
104.75
105.25
105.25
107.5
107.5
108.75
108.75
108.75
108.75
108.5
108.5
110.25
110.25
110.25
110.0
110.0
110.0
110.0
110.0
110.0
110.0
110.0
109.5
109.5
106.75
106.75
105.0
105.0
105.0
103.5
103.5
103.0
103.0
103.0
103.75
103.75
102.25
102.25
103.0
103.0
103.0
103.75
103.75
103.75
103.75
103.75
103.25
103.25
101.75
101.75
102.5
102.5
102.5
106.0
106.0
113.0
113.0
122.25
122.0
122.0
122.0
120.75
120.75
118.5
118.5
106.5
106.5
105.5
105.5
105.5
105.25
105.25
105.25
105.25
104.25
104.25
104.25
103.25
103.25
103.75
103.75
105.5
105.5
108.0
108.0
108.0
107.75
107.75
104.75
104.75
104.75
104.75
104.75
104.75
104.75
105.0
105.0
105.0
105.0
101.75
101.75
101.75
100.25
100.25
100.0
100.0
101.75
101.75
101.75
100.5
100.5
100.75
100.75
101.25
101.25
101.25
102.75
102.75
103.75
103.75
103.75
104.5
104.5
104.25
104.25
104.0
104.0
104.0
104.0
104.0
104.25
104.25
103.0
103.0
103.0
102.0
102.0
101.25
101.25
101.25
102.5
102.5
104.0
104.0
102.75
102.75
102.75
102.75
102.5
102.5
102.5
102.5
102.5
104.5
104.25
104.25
104.25
104.25
104.25
104.25
104.25
104.25
104.25
104.25
104.25
103.85
103.45
103.05
102.65
102.25
101.85
101.45
101.05
100.65
100.25
99.85
99.45
99.05
98.65
98.25
98.25
98.25
98.25
98.25
98.5
98.5
98.5
98.5
98.5
98.5
98.25
101.91666666666667
105.58333333333333
109.25
112.91666666666667
116.58333333333333
120.25
120.25
121.5
121.5
123.25
123.25
123.0
123.0
122.5
122.5
123.0
123.0
124.5
124.5
124.0
124.0
122.25
122.25
122.25
122.25
122.75
122.75
122.25
122.25
120.5
120.5
122.25
122.25
120.0
124.5
124.5
124.5
124.5
124.0
118.5
118.5
118.5
118.5
118.5
118.5
118.5
118.5
118.5
118.5
118.5
118.5
118.5
118.5
118.5
118.25
118.25
119.75
119.75
120.0
120.0
122.75
122.75
124.75
124.75
125.75
126.25
126.25
126.25
126.25
127.5
127.5
130.0
130.0
127.5
127.5
127.5
127.5
127.5
113.0
113.0
113.0
113.0
113.0
113.0
113.0
113.0
113.0
113.0
113.0
112.75
112.75
113.0
113.0
114.0
115.0
116.0
117.0
118.0
119.0
120.0
121.0
122.0
123.0
124.0
125.0
126.0
127.0
128.0
129.0
130.0
131.0
132.0
133.0
134.0
135.0
135.0
138.5
138.5
138.5
134.0
134.0
132.5
132.5
132.0
132.0
132.5
135.25
135.25
136.75
136.75
136.75
136.25
136.25
136.25
132.0
132.0
119.5
119.5
118.5
118.5
118.75
118.75
118.75
118.75
122.75
122.75
122.75
122.75
123.0
123.0
120.25
120.25
118.75
118.75
131.25
131.25
129.25
123.75
123.75
123.75
127.0
132.0
132.0
135.75
135.75
140.75
143.5
143.5
147.5
147.5
148.0
146.0
146.0
143.25
142.25
142.25
142.25
142.25
142.25
142.25
142.25
142.25
142.25
142.5
142.5
149.25
148.75
148.75
147.0
147.0
145.0
143.5
143.5
142.0
142.0
142.0
142.0
129.25
129.25
137.25
140.75
140.75
141.0
141.0
141.0
120.25
120.25
118.75
118.75
118.75
122.75
127.25
127.25
127.25
127.5
127.5
127.25
127.25
127.25
127.25
127.25
127.25
127.25
121.9
116.55
111.2
105.85
100.5
100.5
100.5
98.75
98.75
98.0
98.0
97.25
97.25
97.25
97.25
97.25
99.0
99.0
101.25
101.25
103.0
103.0
102.75
102.75
101.5
101.5
100.25
100.25
100.25
100.0
100.0
101.0
101.0
100.25
100.25
100.25
101.75
101.75
103.0
103.0
102.75
102.75
101.75
101.75
100.5
100.5
100.5
98.25
98.25
96.75
96.75
96.75
97.0
97.0
97.0
97.0
97.0
97.0
84.25
84.25
84.25
84.25
91.75
91.75
91.75
91.75
97.5
97.5
95.5
95.5
95.5
95.5
95.5
100.5
100.5
95.75
95.75
95.75
93.0
93.0
96.5
96.5
97.75
97.75
98.0
98.0
98.0
98.0
83.75
83.75
83.75
83.75
83.75
81.25
81.25
81.25
81.25
81.25
81.25
81.25
81.25
81.25
81.5
81.5
81.5
84.29166666666667
87.08333333333333
89.875
92.66666666666667
95.45833333333333
98.25
98.25
98.25
98.25
101.0
101.0
102.75
102.75
102.75
109.25
109.25
110.75
110.75
114.0
114.0
116.75
116.75
117.5
117.5
116.0
116.0
114.25
114.25
112.5
112.5
112.5
110.75
110.75
110.75
110.75
108.75
108.75
110.5
110.5
110.5
110.5
110.5
110.5
110.5
110.5
110.5
110.5
110.5
110.5
110.5
116.5
116.5
116.5
119.5
119.5
119.5
119.5
119.25
131.75
131.75
126.5
126.5
126.5
123.0
123.75
123.75
122.75
122.75
124.0
124.0
123.25
123.25
124.75
124.75
121.0
121.0
121.0
121.0
121.0
121.0
121.0
121.0
121.0
121.0
121.0
121.0
120.75
120.75
125.75
123.75
123.75
124.0
124.0
124.5
124.5
127.25
127.25
129.5
129.0
129.0
131.0
131.0
129.0
129.0
129.25
127.25
127.25
127.25
127.25
127.25
127.25
127.25
127.25
127.25
127.25
127.25
127.25
127.25
127.25
127.25
127.25
127.25
124.39285714285714
121.53571428571429
118.67857142857143
115.82142857142857
112.96428571428571
110.10714285714286
107.25
107.25
107.0
107.25
107.25
107.0
107.0
107.0
106.5
106.5
105.5
105.5
103.75
103.75
100.75
100.75
99.75
99.75
98.75
98.75
98.75
98.75
98.75
97.25
97.25
97.5
97.5
96.25
96.25
96.25
95.5
95.5
95.5
95.0
95.0
95.75
95.75
95.75
95.0
95.0
93.75
93.75
93.75
94.25
94.25
93.5
93.5
93.5
94.0
94.0
94.0
94.0
94.0
94.25
94.25
94.25
93.75
93.75
94.5
94.5
94.5
94.0
94.0
95.25
95.25
95.25
96.25
96.25
97.75
97.75
97.75
98.0
98.0
97.25
97.25
101.5
101.5
101.5
100.5
100.5
103.5
103.5
102.5
102.5
102.5
103.25
103.25
102.5
102.5
103.0
103.0
103.0
102.75
102.75
100.0
100.0
100.5
100.5
100.5
99.0
99.0
98.75
98.75
98.75
98.0
98.0
97.75
97.75
97.75
97.0
97.0
94.75
94.75
94.75
93.5
93.5
91.5
91.5
91.5
90.75
90.75
90.75
89.5
89.5
89.5
89.0
89.0
88.25
88.25
88.25
88.25
88.25
88.25
88.5
88.5
87.5
87.5
87.5
88.25
88.25
88.25
88.0
88.0
88.0
89.25
89.25
89.5
89.5
89.75
89.75
89.75
91.5
91.5
93.25
93.25
92.25
92.25
92.5
92.5
91.5
91.5
91.5
90.25
90.25
90.25
88.25
88.25
88.25
86.75
86.75
88.75
88.75
88.75
90.5
90.5
90.5
91.5
91.5
91.25
91.25
91.25
92.5
92.5
92.75
92.75
92.75
92.75
92.75
93.0
93.0
93.0
91.5
91.5
91.5
91.25
91.25
90.5
90.5
90.5
92.0
92.0
93.0
93.0
92.75
92.75
91.75
91.75
90.25
90.25
89.75
89.75
89.75
90.0
90.0
90.0
90.75
90.75
90.0
90.0
90.0
89.5
89.5
89.5
90.75
90.75
91.75
91.75
91.75
91.5
91.5
92.25
92.25
92.25
91.5
91.5
91.5
91.5
91.5
91.75
91.75
91.75
90.75
90.75
90.75
90.5
90.5
90.75
90.75
90.75
90.0
90.0
90.0
89.75
89.75
89.75
89.75
89.75
89.5
89.5
89.5
89.25
89.25
89.25
90.0
90.0
89.5
89.5
89.5
89.0
89.0
88.5
88.5
88.5
88.75
88.75
88.75
89.25
89.25
89.75
89.75
89.75
90.5
90.5
90.5
90.75
90.75
91.25
91.25
90.75
90.75
90.75
91.25
91.25
90.75
90.75
90.75
90.0
90.0
89.5
89.5
89.25
89.25
89.25
89.0
89.0
89.0
89.0
89.0
89.25
89.25
89.5
89.5
89.5
90.0
90.0
90.0
90.0
90.0
90.0
90.0
90.0
89.75
89.75
89.75
90.25
90.25
91.75
91.75
91.75
94.0
94.0
94.75
94.75
94.75
96.0
96.0
97.5
97.5
98.0
98.0
99.5
99.5
99.5
97.5
97.5
96.75
96.75
96.75
96.0
96.0
95.75
95.75
97.5
97.5
98.75
98.75
98.5
98.5
98.5
99.75
99.75
99.75
99.75
95.5
95.5
95.5
95.5
101.25
101.25
101.25
101.25
101.25
101.25
101.25
101.25
101.25
101.25
101.25
101.25
101.25
101.25
101.25
101.25
108.0
108.0
107.75
107.75
112.25
112.25
115.5
116.0
116.0
114.25
114.25
114.25
113.5
113.5
124.25
124.25
124.25
124.25
123.5
123.5
124.0
124.0
120.25
120.25
122.25
122.25
120.25
120.25
121.25
121.25
119.0
119.0
121.5
121.5
120.25
120.25
124.0
124.0
123.0
123.0
124.0
124.0
124.5
124.5
120.5
120.5
126.0
126.0
128.5
126.0
126.0
128.75
128.75
128.75
128.75
128.25
128.25
128.25
128.25
128.25
128.25
128.25
128.25
128.25
128.25
128.25
128.25
135.25
135.25
135.25
134.0
133.5
133.5
133.5
133.5
132.75
132.75
133.0
133.5
133.5
133.5
133.5
134.5
134.5
133.25
135.25
135.25
135.5
135.5
136.0
136.0
133.5
135.75
135.75
136.5
136.5
136.5
136.5
136.5
136.5
136.5
136.5
136.5
136.5
136.5
136.5
136.25
136.25
136.25
136.25
137.2
138.15
139.1
140.05
141.0
141.0
140.75
140.75
137.5
137.5
138.5
138.75
138.75
139.5
139.5
137.75
144.5
144.5
145.25
145.25
145.25
145.25
145.25
145.25
145.5
145.5
145.5
145.5
145.25
145.25
145.36428571428573
145.47857142857143
145.59285714285716
145.70714285714286
145.82142857142858
145.93571428571428
146.05
146.1642857142857
146.27857142857144
146.39285714285714
146.50714285714287
146.62142857142857
146.7357142857143
146.85
146.96428571428572
147.07857142857142
147.19285714285715
147.30714285714285
147.42142857142858
147.53571428571428
147.65
147.7642857142857
147.87857142857143
147.99285714285713
148.10714285714286
148.22142857142856
148.3357142857143
148.45
148.56428571428572
148.67857142857142
148.79285714285714
148.90714285714284
149.02142857142857
149.13571428571427
149.25
149.25
150.5
150.0
150.0
150.0
135.75
135.75
135.75
135.75
135.75
135.75
136.0
135.75
135.75
135.75
129.75
123.75
117.75
111.75
105.75
99.75
99.75
100.25
100.25
100.25
102.0
102.0
103.25
103.25
102.75
102.75
102.75
100.5
100.5
99.5
99.5
99.5
98.5
98.5
96.75
96.75
96.75
96.25
96.25
97.75
97.75
97.75
98.5
98.5
99.5
99.5
99.5
99.5
99.25
99.25
99.5
99.5
99.25
99.25
99.5
99.5
99.25
99.25
99.25
105.5
106.5
106.5
104.0
104.0
101.0
101.0
101.0
96.5
96.5
94.5
94.5
94.25
94.25
94.25
95.5
95.5
96.0
96.0
96.25
96.25
96.25
96.25
96.25
95.75
95.75
96.0
96.0
96.5
96.5
96.5
96.5
96.0
96.0
96.0
95.25
95.25
95.5
95.5
95.5
95.75
95.75
95.75
95.75
95.75
96.0
96.0
96.25
96.25
96.25
95.75
95.5
95.5
95.5
96.0
96.0
99.25
99.25
99.25
101.25
101.25
92.5
92.5
92.5
96.25
96.25
95.5
95.5
95.5
95.0
95.0
95.0
110.0
110.0
110.0
118.5
118.5
118.5
123.5
123.5
123.5
123.5
123.5
123.5
123.5
123.5
123.5
123.5
123.5
123.5
123.5
123.5
123.5
123.5
123.5
123.5
123.5
123.5
123.5
123.5
123.5
123.5
123.5
123.5
123.5
123.5
123.5
123.5
122.75
122.75
122.75
122.75
115.5
115.5
115.5
115.5
115.5
115.5
115.25
115.25
124.5
124.5
124.0
124.0
123.5
123.5
125.5
125.5
126.25
126.25
123.75
123.75
125.75
125.75
126.25
126.75
126.75
126.75
123.0
130.25
130.25
126.75
126.75
126.75
126.75
126.5
126.5
126.5
122.0
122.0
122.0
122.0
100.75
100.75
101.0
101.0
101.0
100.75
100.75
100.75
100.75
101.0
101.0
101.0
106.79166666666667
112.58333333333333
118.375
124.16666666666667
129.95833333333334
135.75
135.75
138.0
138.0
136.0
136.75
136.75
136.75
136.75
136.75
135.75
135.75
135.75
135.75
135.75
135.75
135.75
135.75
135.75
135.75
135.75
135.75
136.0
138.5
138.5
136.0
139.0
139.0
138.0
138.0
138.0
138.0
139.0
139.5
139.5
135.75
135.75
141.0
141.0
142.75
142.75
142.75
142.75
142.75
142.75
142.75
142.75
142.75
142.75
141.75
141.75
141.75
141.75
141.75
142.0
142.0
141.75
141.75
139.52380952380952
137.29761904761904
135.07142857142858
132.8452380952381
130.61904761904762
128.39285714285714
126.16666666666667
123.94047619047619
121.71428571428571
119.48809523809524
117.26190476190476
115.03571428571428
112.80952380952381
110.58333333333333
108.35714285714286
106.13095238095238
103.9047619047619
101.67857142857143
99.45238095238095
97.22619047619048
95.0
95.0
93.5
93.5
93.5
93.5
93.5
93.0
93.0
93.0
93.25
93.25
93.0
93.0
93.0
94.25
94.25
94.75
94.75
94.75
95.0
95.75
95.75
95.75
95.25
95.25
95.25
95.25
95.25
94.75
94.75
94.0
94.0
93.25
93.25
93.25
91.5
91.5
91.75
91.75
91.75
91.5
91.5
91.25
91.25
92.0
92.0
92.0
92.25
92.25
92.25
91.75
91.75
92.0
92.0
92.0
91.25
91.25
91.5
91.5
91.5
91.25
91.25
91.25
92.75
92.75
92.5
92.5
92.5
92.25
92.25
92.25
92.5
92.5
93.25
93.25
93.25
93.25
93.25
93.25
93.25
93.25
94.25
94.25
94.0
94.0
94.0
94.0
94.0
94.75
94.75
94.75
94.0
94.0
93.25
93.25
93.25
92.25
92.25
92.25
91.5
91.5
91.5
91.5
91.5
91.25
91.25
91.25
92.0
92.0
93.25
93.25
93.25
95.0
95.0
96.0
96.0
96.0
96.75
96.75
96.0
96.0
96.0
95.75
95.75
95.75
95.75
95.75
95.75
95.75
95.75
95.75
105.11363636363636
114.47727272727272
123.8409090909091
133.20454545454544
142.5681818181818
151.9318181818182
161.29545454545453
170.6590909090909
180.02272727272728
189.38636363636363
198.75
198.75
198.75
198.75
198.75
198.75
198.75
198.75
198.75
198.75
198.75
198.75
198.75
198.75
199.0
183.8
168.6
153.4
138.2
123.0
123.0
125.75
125.75
125.75
124.5
125.5
125.5
124.75
124.75
127.75
131.0
131.0
128.75
128.75
128.75
128.75
128.75
128.75
128.75
128.75
128.75
128.75
128.75
128.75
128.75
128.75
128.75
128.75
129.48076923076923
130.21153846153845
130.94230769230768
131.67307692307693
132.40384615384616
133.1346153846154
133.8653846153846
134.59615384615384
135.32692307692307
136.05769230769232
136.78846153846155
137.51923076923077
138.25
138.25
134.0
134.0
132.5
132.5
140.75
140.75
140.25
140.25
142.5
140.25
140.75
140.75
143.25
143.25
144.25
144.25
144.25
144.25
144.25
144.25
144.25
144.25
144.25
144.25
144.25
144.25
144.25
144.25
143.66666666666666
143.08333333333334
142.5
141.91666666666666
141.33333333333334
140.75
140.16666666666666
139.58333333333334
139.0
139.0
139.0
139.0
139.0
139.0
139.0
139.0
139.0
139.0
139.0
139.0
138.75
138.75
138.75
139.0
137.15833333333333
135.31666666666666
133.475
131.63333333333333
129.79166666666666
127.95
126.10833333333333
124.26666666666667
122.425
120.58333333333333
118.74166666666667
116.9
115.05833333333334
113.21666666666667
111.375
109.53333333333333
107.69166666666666
105.85000000000001
104.00833333333334
102.16666666666667
100.325
98.48333333333333
96.64166666666667
94.8
92.95833333333334
91.11666666666667
89.275
87.43333333333334
85.59166666666667
83.75
83.75
83.75
83.75
83.75
81.0
81.0
81.0
81.5
81.5
81.5
81.5
81.5
81.5
81.5
81.25
81.25
81.25
81.25
81.25
80.75
80.75
80.75
81.0
81.0
80.25
80.25
80.25
81.0
81.0
81.0
79.75
79.75
79.75
80.25
80.25
80.25
80.25
80.25
80.25
80.25
80.25
80.25
81.0
81.0
81.0
80.5
80.5
80.5
80.75
80.75
80.5
80.5
80.5
81.0
81.0
81.0
81.0
81.5
81.5
81.75
81.75
81.75
82.5
82.5
82.5
82.75
82.75
82.75
83.5
83.5
83.5
84.0
84.0
84.0
84.0
84.0
85.25
85.25
85.25
86.25
86.25
86.25
85.25
85.25
85.25
85.75
85.75
86.0
86.0
86.75
86.75
86.75
87.5
87.5
87.5
86.0
86.0
86.0
87.5
87.5
87.25
87.25
86.25
86.25
86.75
86.75
86.75
86.25
86.25
86.25
86.25
87.25
87.25
87.25
86.5
86.5
86.25
86.25
86.25
87.75
87.75
88.0
88.0
88.5
88.5
88.5
89.0
89.0
89.0
89.5
89.5
90.5
90.5
90.5
90.75
90.75
90.75
89.5
89.5
89.0
89.0
89.0
88.75
88.75
88.75
89.0
89.0
89.25
89.25
89.25
89.5
89.5
89.5
89.5
89.5
89.5
89.75
89.75
89.5
89.5
89.5
90.25
90.25
90.25
90.0
90.0
89.0
89.0
89.0
90.25
90.25
92.0
92.0
92.0
92.5
92.5
92.75
92.75
92.75
92.75
92.75
92.75
92.75
92.75
94.0
94.0
94.0
96.0
96.0
95.75
95.75
95.75
95.75
95.75
95.25
95.25
95.5
95.5
95.25
95.25
95.25
95.75
95.75
95.75
95.25
95.25
95.5
95.5
94.75
94.75
94.75
94.0
94.0
94.0
92.75
92.75
92.0
92.0
92.0
92.0
92.0
92.0
92.25
92.25
93.25
93.25
93.25
91.75
91.75
92.0
92.0
91.75
91.75
92.0
92.0
92.0
98.75
98.75
98.75
98.75
98.75
98.75
99.0
99.0
99.0
99.0
99.0
99.0
100.04166666666667
101.08333333333333
102.125
103.16666666666667
104.20833333333333
105.25
106.29166666666667
107.33333333333333
108.375
109.41666666666667
110.45833333333333
111.5
112.54166666666667
113.58333333333333
114.625
115.66666666666667
116.70833333333333
117.75
118.79166666666667
119.83333333333333
120.875
121.91666666666667
122.95833333333333
124.0
125.04166666666667
126.08333333333333
127.125
128.16666666666666
129.20833333333334
130.25
130.25
127.5
127.5
126.5
126.5
126.5
129.25
129.25
129.75
128.5
128.5
129.0
129.0
130.5
130.5
128.25
128.25
122.25
122.25
124.0
129.5
129.5
130.0
130.0
129.5
131.25
131.25
131.25
131.5
132.75
132.75
133.5
136.0
136.0
135.75
135.75
133.25
133.25
121.5
121.5
121.5
121.5
121.5
121.5
121.5
121.5
121.5
121.25
121.25
121.25
121.25
121.25
121.25
121.25
123.75
126.25
128.75
131.25
133.75
136.25
138.75
141.25
143.75
143.75
142.75
142.75
140.75
140.0
140.0
140.5
140.5
141.75
141.75
140.75
142.0
142.0
142.75
142.75
146.75
146.75
146.75
146.75
146.75
146.75
146.75
146.75
146.75
146.75
147.0
147.0
147.0
146.75
