129.0
129.0
129.5
129.5
129.5
128.5
128.5
128.5
127.0
127.0
126.75
126.75
127.0
127.0
128.0
128.0
128.25
128.25
128.25
128.25
127.75
127.75
127.75
127.75
127.75
125.75
125.75
125.75
128.0
128.0
128.0
128.0
128.0
128.0
128.0
128.0
128.0
127.75
127.75
128.0
128.0
128.25
128.25
128.5
128.5
128.5
128.5
129.0
129.0
129.0
129.25
129.25
129.25
129.25
129.25
129.25
129.25
129.25
132.5
132.5
134.25
134.25
134.5
134.5
128.25
128.25
125.25
125.25
125.25
125.25
124.25
124.25
124.25
124.25
124.25
124.25
129.25
129.25
129.25
129.5
129.5
127.25
127.25
127.25
127.25
128.5
128.5
126.75
126.75
126.75
126.5
126.5
126.5
126.5
126.5
126.75
126.75
126.75
126.75
127.0
127.0
127.25
127.25
127.0
127.0
127.0
127.0
127.0
127.0
127.0
127.0
128.5
128.5
128.5
128.25
128.25
128.25
128.25
128.25
128.0
128.0
128.0
128.0
128.0
131.5
131.5
131.0
131.0
129.0
129.0
128.25
128.25
127.75
127.75
128.25
128.25
128.0
128.0
128.0
128.0
128.0
128.0
127.25
127.25
127.25
128.75
128.75
128.25
128.25
127.75
127.75
127.75
127.75
128.25
128.25
128.5
128.5
129.0
129.0
128.75
128.75
128.5
128.5
128.5
128.5
128.5
128.5
128.5
128.5
124.5
124.5
124.5
124.5
124.0
124.0
124.0
124.0
124.0
124.0
124.0
130.0
130.0
130.0
130.0
128.75
128.75
128.75
128.75
128.75
128.75
128.75
128.75
128.75
128.75
128.75
128.25
128.25
128.25
128.25
131.25
131.25
129.25
129.25
128.75
128.75
128.75
126.0
124.75
124.75
127.0
127.0
127.75
127.75
126.75
126.75
126.75
126.5
126.5
127.0
127.0
127.0
127.0
127.0
127.0
127.0
127.0
127.0
127.0
127.0
127.0
127.25
127.25
127.25
127.25
127.25
124.75
124.75
124.75
129.25
129.25
128.0
128.0
127.0
127.0
127.5
127.5
128.5
128.5
128.25
128.25
129.0
129.0
129.5
129.5
129.5
130.75
130.75
130.75
130.75
129.75
129.75
127.75
127.75
127.75
127.75
127.75
125.75
125.75
125.75
127.25
127.25
127.5
127.5
127.75
127.75
127.75
128.0
128.0
128.25
128.25
128.25
128.5
128.5
128.5
128.5
127.25
127.25
127.0
127.0
127.5
127.5
127.0
127.0
127.75
127.75
127.25
127.25
127.25
127.25
127.25
127.25
127.25
128.25
128.25
128.25
128.25
129.0
128.5
128.5
128.5
127.5
127.5
127.0
127.0
127.0
126.5
126.5
126.5
125.75
125.25
125.25
125.25
125.5
125.5
125.5
126.25
126.25
127.5
127.5
127.5
125.25
125.25
127.25
127.25
127.5
127.5
127.75
127.75
127.25
127.25
127.0
127.0
127.25
127.25
127.25
127.25
128.0
128.75
128.75
128.75
128.75
127.75
127.75
127.75
129.5
129.5
129.5
128.75
128.75
129.0
129.0
128.5
127.5
127.5
126.25
126.25
126.75
126.75
127.25
127.25
126.25
126.25
126.0
126.0
126.25
126.25
127.25
127.25
127.5
127.5
126.75
127.25
127.25
127.25
127.25
127.0
127.0
125.25
125.25
125.25
125.25
125.25
125.25
126.0
126.0
125.5
125.5
124.5
124.5
125.5
125.75
125.75
126.0
126.0
124.75
124.75
124.75
124.75
125.5
125.5
126.5
126.5
127.25
127.25
125.5
125.5
124.75
124.75
125.25
125.5
125.5
125.5
125.5
125.5
125.5
125.75
125.75
125.75
125.75
125.75
125.75
124.75
124.75
125.5
125.5
126.75
126.75
126.75
126.75
126.25
126.25
126.25
125.75
125.75
126.0
126.0
126.0
126.0
126.0
126.0
126.5
126.5
126.5
126.5
126.0
126.0
126.25
126.25
126.25
126.25
126.5
126.5
126.5
126.5
125.0
125.0
125.0
125.0
126.0
126.0
127.75
127.75
127.75
125.0
125.0
125.0
124.75
124.75
125.75
125.75
125.75
125.75
126.75
126.75
126.75
126.75
128.0
128.0
127.25
127.25
126.75
126.75
128.25
128.25
128.25
127.0
127.0
125.75
125.75
126.75
126.75
126.75
126.75
126.25
126.25
126.25
126.25
125.75
125.75
125.75
125.75
127.0
127.0
127.0
127.0
127.0
126.75
126.75
126.75
126.75
126.75
126.75
126.75
126.75
126.75
126.75
126.75
129.0
129.0
129.0
125.25
124.75
124.75
124.5
124.5
125.0
125.0
125.25
125.25
125.25
125.25
126.0
126.0
125.75
125.75
125.75
125.75
125.75
128.25
128.25
128.25
128.5
128.5
128.5
126.75
126.75
126.75
126.75
122.75
122.75
125.5
125.5
125.75
125.75
124.75
124.75
125.25
125.25
125.25
125.25
125.75
125.75
125.75
125.0
125.0
125.0
125.0
125.5
125.5
125.5
126.5
126.5
126.5
126.5
126.5
125.5
125.5
125.75
125.75
126.5
126.5
126.5
127.0
127.0
127.0
127.0
125.25
125.25
126.75
126.75
127.25
127.25
127.25
127.25
126.5
126.5
126.25
126.25
126.25
126.25
125.75
125.75
125.75
126.25
126.25
126.0
126.0
124.75
124.75
125.25
125.25
125.25
125.25
124.5
124.5
125.5
125.5
125.5
125.5
125.5
125.5
126.25
126.25
126.5
126.5
125.25
125.25
124.25
124.25
124.25
124.25
124.25
123.5
123.5
123.5
123.5
123.5
123.5
123.75
123.75
123.5
123.5
123.5
123.5
123.5
124.0
124.0
125.0
125.0
125.0
125.0
125.0
125.0
125.0
125.0
127.5
127.5
127.5
125.75
125.75
126.5
126.5
125.75
125.75
125.0
125.0
125.0
125.0
124.5
124.5
125.75
125.75
125.75
125.75
123.0
123.0
124.0
124.0
124.75
124.75
124.75
124.75
125.5
125.5
124.75
124.75
125.5
125.5
124.25
124.25
124.0
124.0
124.0
124.0
124.0
123.25
123.25
123.25
123.25
123.25
123.25
123.25
123.25
123.75
123.75
124.0
124.0
124.25
124.25
124.5
124.5
124.0
124.0
124.75
124.75
125.25
125.25
125.0
125.0
124.5
124.5
123.75
123.75
123.75
123.75
123.75
123.75
123.75
123.25
123.25
124.25
124.25
124.5
124.5
124.5
124.5
125.75
125.75
125.75
125.75
126.5
126.5
126.75
126.75
126.75
127.0
127.0
127.0
127.0
126.5
126.5
125.75
125.75
125.0
125.0
125.0
125.0
124.75
124.75
124.75
124.75
124.25
124.25
124.5
124.5
126.25
126.25
126.25
126.25
126.25
125.75
125.5
125.5
125.5
125.25
125.25
125.5
125.5
125.0
125.0
125.0
125.0
125.0
125.0
125.5
125.5
125.0
125.0
124.25
124.25
123.75
123.75
123.75
123.75
122.5
123.25
123.25
124.0
124.0
124.5
124.5
125.25
125.25
125.0
125.0
125.75
125.75
125.75
125.75
125.75
125.25
125.25
125.25
124.25
124.25
124.0
124.0
124.25
124.25
124.25
124.25
124.25
126.5
126.5
126.5
126.0
126.0
126.0
126.0
126.0
125.75
125.75
125.25
125.25
125.5
125.5
124.5
124.5
123.75
123.75
123.75
124.75
124.75
124.75
125.0
125.0
125.0
125.5
125.5
125.5
125.5
125.75
125.75
125.75
125.75
125.5
125.5
125.5
125.5
126.0
126.0
126.0
126.0
125.5
125.75
125.75
124.0
124.0
124.0
124.0
123.25
123.25
123.5
123.5
123.75
123.75
123.75
123.75
124.25
124.25
124.25
124.25
125.25
125.25
124.75
124.75
124.5
124.5
125.0
125.0
125.0
124.75
124.75
124.25
124.25
123.25
123.25
123.25
123.25
123.5
123.5
123.25
123.25
123.25
123.25
122.25
122.25
122.25
122.25
122.25
122.25
122.5
122.5
123.25
123.25
122.75
122.75
122.25
122.25
122.25
122.25
122.5
122.5
123.75
123.75
124.25
123.75
123.75
124.0
124.0
124.0
124.0
124.25
124.25
124.5
124.5
123.75
123.75
123.5
123.5
123.75
123.75
123.5
123.5
123.0
123.0
123.0
123.0
122.75
122.75
122.75
122.75
122.25
122.25
122.5
122.5
123.25
123.25
122.5
123.0
123.0
123.5
123.5
123.5
123.5
123.5
123.5
123.25
123.25
122.75
122.75
122.75
123.25
123.25
123.25
123.5
123.5
122.75
122.75
122.75
122.75
122.75
122.75
122.75
122.75
122.75
122.75
123.25
123.25
123.5
123.5
123.75
123.75
124.0
124.0
124.0
124.0
124.0
122.75
122.75
124.0
124.0
124.25
124.25
124.5
124.5
124.75
124.75
124.75
124.75
124.75
124.75
124.25
124.25
124.25
124.25
124.75
124.75
124.0
124.0
123.25
123.25
123.75
124.5
124.5
124.5
124.5
124.5
124.5
123.5
123.5
123.75
123.75
123.75
123.75
124.25
124.25
124.5
124.5
124.75
124.75
123.75
123.75
123.25
123.25
123.25
123.25
123.5
123.5
123.5
123.75
123.75
124.25
124.25
124.75
124.75
124.75
124.75
125.0
125.0
124.75
124.75
123.25
123.25
122.75
122.75
123.0
123.0
123.25
123.25
123.25
123.25
123.25
123.25
124.0
124.0
122.75
122.75
122.0
122.0
122.75
122.75
122.75
122.75
122.75
122.0
122.0
123.0
123.0
123.75
123.75
123.75
123.75
123.75
123.75
123.75
123.75
123.5
123.5
122.75
122.75
123.0
123.0
123.5
123.5
124.0
124.0
124.0
124.0
124.0
124.0
124.5
124.5
125.25
125.0
125.0
124.25
124.25
124.5
124.5
123.75
123.75
123.0
123.0
123.5
123.5
123.5
123.5
123.75
123.75
123.75
123.75
123.0
123.0
122.5
122.5
122.5
122.5
125.5
125.5
125.0
125.0
123.75
123.75
123.75
124.75
124.75
124.5
124.5
124.0
124.0
124.0
124.0
124.0
124.0
124.0
124.0
123.25
123.25
123.5
123.5
123.5
123.5
123.5
123.5
123.5
123.5
123.5
123.5
123.5
123.5
123.5
123.5
121.5
121.5
121.5
121.5
123.5
123.5
123.5
123.5
123.5
123.5
123.5
123.75
123.75
123.75
123.75
123.75
124.25
124.25
124.5
124.5
125.0
125.0
125.0
125.5
125.5
124.5
124.25
124.25
124.25
122.75
122.5
122.5
121.25
121.25
122.25
122.25
122.25
122.25
124.75
124.75
124.75
124.75
124.0
124.0
124.0
124.0
124.0
124.0
123.5
123.5
123.5
123.5
123.75
123.75
123.75
123.75
122.25
122.25
121.75
121.75
121.75
121.75
122.5
122.5
122.5
122.5
122.0
122.0
122.0
122.0
122.0
122.0
122.0
121.25
121.25
121.25
120.25
121.0
121.0
121.5
121.5
121.5
121.5
120.75
120.75
120.75
120.75
121.5
121.5
122.5
122.5
122.75
122.75
122.75
122.75
123.5
123.5
123.5
123.5
123.5
123.5
123.5
123.5
123.5
123.5
122.0
122.0
122.0
122.0
122.25
122.25
122.25
122.25
122.25
122.25
120.75
120.75
120.75
120.75
120.75
120.75
121.0
121.0
121.0
121.0
121.0
108.75
108.75
108.5
108.5
117.5
117.5
121.75
121.75
122.75
122.75
123.0
123.0
122.75
122.75
122.75
124.25
124.25
124.5
124.5
124.75
124.75
123.5
123.5
123.5
123.75
123.75
123.75
123.75
124.0
124.0
123.5
123.5
123.5
123.5
123.5
123.5
123.5
123.5
123.5
123.5
123.5
124.5
124.5
124.5
124.5
122.25
122.25
122.25
122.25
123.75
123.75
123.75
123.75
123.75
123.75
123.75
123.75
124.75
124.75
124.75
124.75
125.25
125.25
125.5
125.5
125.5
124.5
124.5
125.5
125.5
125.75
125.75
125.75
125.75
124.5
124.5
124.5
124.5
125.0
125.0
125.25
125.5
125.5
124.5
124.5
124.25
124.25
124.25
124.25
125.25
125.25
125.25
125.25
124.25
124.25
125.25
125.25
125.75
125.75
125.75
126.0
126.0
126.0
123.0
123.0
124.0
124.0
124.0
124.0
124.25
124.25
118.25
118.25
121.0
121.0
124.0
124.0
125.25
125.25
125.75
125.75
125.75
125.75
125.75
125.25
125.25
125.25
124.25
124.25
124.25
124.25
124.25
124.25
124.25
124.25
121.0
121.0
121.0
121.0
124.0
124.0
125.0
125.0
124.5
124.5
124.0
124.0
124.0
124.0
125.0
125.0
125.5
125.5
125.5
125.5
126.25
126.25
126.25
126.25
126.25
126.0
126.0
125.25
125.25
125.5
125.5
125.75
125.75
125.25
125.25
125.5
125.5
125.5
124.0
124.0
124.0
124.0
118.5
118.5
122.75
122.75
124.75
124.75
125.75
125.75
126.0
126.0
126.0
126.0
126.25
126.25
126.25
126.25
126.25
128.5
128.5
125.75
125.75
125.75
125.75
126.0
126.0
126.25
126.25
126.25
126.25
126.25
126.25
126.5
127.25
127.25
127.5
127.5
127.75
127.75
126.5
126.5
126.5
126.25
126.25
126.25
126.25
126.25
126.25
126.25
125.0
125.0
126.0
126.0
126.0
126.0
126.0
126.0
126.0
126.75
126.75
126.75
126.75
127.0
127.0
127.25
127.25
127.25
127.25
126.5
126.5
126.5
126.25
126.25
126.25
126.25
126.25
126.25
126.5
126.5
126.5
126.5
126.5
126.0
126.0
126.0
126.5
126.5
123.5
123.5
123.5
123.5
122.0
122.0
124.75
124.75
126.75
126.75
126.75
126.75
126.75
127.5
127.5
127.25
127.25
127.25
128.5
128.5
128.5
127.5
127.5
127.25
127.25
126.75
126.75
126.5
126.5
126.5
126.5
126.75
127.25
127.25
127.25
127.5
127.5
127.75
127.75
127.75
127.75
127.75
127.75
127.0
127.0
127.5
127.5
127.5
127.5
127.5
125.75
125.75
125.75
126.25
126.25
126.25
129.0
129.0
129.25
129.25
129.25
129.25
127.25
127.25
127.0
127.0
126.75
126.75
124.75
123.75
123.75
123.75
123.75
126.5
126.5
126.5
126.5
116.25
116.25
123.5
123.5
125.0
125.0
126.25
126.25
126.25
127.0
127.0
126.25
126.25
125.0
125.0
124.75
124.75
124.75
124.75
124.75
124.75
124.0
124.0
124.75
124.75
125.0
125.0
125.0
125.0
125.0
125.0
124.25
124.25
124.5
124.75
124.75
124.75
124.5
124.5
124.5
124.5
122.75
122.75
123.5
123.5
123.75
123.75
123.75
124.0
124.0
124.25
124.25
124.25
124.25
124.25
124.25
123.5
123.5
123.5
123.5
123.0
124.5
124.5
124.5
124.5
123.75
123.75
124.0
124.0
124.0
124.0
124.0
124.0
125.0
125.0
125.0
125.5
125.5
124.75
124.75
124.75
124.75
124.75
123.5
123.5
123.5
123.5
124.0
124.0
124.25
124.25
124.5
124.5
124.0
124.0
124.25
124.25
124.25
124.25
123.75
123.75
123.75
123.75
123.75
123.75
123.75
123.75
124.25
124.25
123.25
123.25
123.75
123.75
125.0
125.75
125.75
125.75
125.75
124.25
124.25
124.25
124.25
124.5
124.5
124.75
124.75
123.25
123.25
122.75
122.75
123.75
123.75
124.75
124.75
124.75
123.5
123.5
123.0
123.0
123.25
123.25
122.5
123.5
123.5
125.25
125.25
125.25
125.25
124.5
124.5
124.5
124.5
123.25
123.25
123.5
123.5
124.0
124.0
125.0
125.0
124.5
124.5
125.0
125.0
125.0
125.0
123.75
123.75
124.0
124.0
124.0
124.0
124.0
122.75
122.75
123.5
123.5
123.5
123.5
125.0
125.0
125.0
124.75
124.75
124.75
124.75
124.75
124.5
124.5
124.25
124.25
124.25
124.5
124.5
124.0
124.0
124.0
123.25
124.0
124.0
124.0
124.75
124.75
124.0
124.0
125.75
125.75
125.75
124.75
124.75
124.75
125.0
125.0
124.0
124.0
124.0
123.25
123.25
123.25
123.25
124.25
125.5
125.5
125.75
125.75
126.5
126.5
126.5
126.5
124.0
124.0
125.5
125.5
125.5
125.5
125.75
125.75
125.75
124.5
124.5
124.5
125.0
125.5
125.5
125.5
124.25
124.25
124.25
124.25
126.25
126.25
126.5
126.5
126.5
127.5
127.5
127.5
126.0
126.75
126.75
126.75
126.75
126.75
126.75
125.75
125.75
125.75
123.75
123.75
123.75
123.75
124.0
124.0
126.0
126.0
126.0
126.0
125.5
126.25
126.25
126.0
126.0
126.0
126.0
127.25
127.25
127.25
127.25
125.75
125.25
125.25
125.0
125.0
125.0
127.25
126.5
126.5
127.0
127.0
127.25
127.25
127.25
127.25
125.75
125.75
127.25
127.25
126.25
126.25
127.25
127.25
126.75
126.75
127.25
127.25
124.75
124.75
124.75
124.75
126.25
126.25
126.25
127.5
127.5
128.5
128.5
128.5
128.25
128.25
124.0
124.0
124.0
128.75
128.75
130.25
130.25
126.0
126.0
124.5
124.5
124.5
124.5
120.75
120.75
125.0
125.0
125.25
125.25
124.75
124.75
126.0
126.0
126.0
126.0
126.75
126.75
126.75
126.0
126.0
126.0
129.0
129.0
127.75
127.75
127.75
127.75
126.25
126.25
126.5
126.5
126.0
126.0
127.25
127.25
126.5
126.5
126.5
126.25
126.25
125.75
125.75
125.75
126.5
126.5
126.25
126.75
126.75
128.75
128.75
129.5
129.5
129.5
129.5
129.5
126.25
126.25
128.5
128.5
128.5
128.5
128.5
128.5
128.5
128.5
128.5
126.5
126.5
125.0
125.0
125.5
125.5
127.25
127.25
127.25
127.25
126.75
126.75
128.0
128.0
129.0
129.0
129.75
129.75
129.25
129.25
128.25
128.25
128.5
128.5
128.5
127.5
127.5
127.5
127.5
128.0
128.5
128.5
129.5
129.5
128.25
128.25
127.0
127.0
126.0
126.0
126.0
127.75
127.75
127.25
127.25
127.25
126.5
126.5
126.75
126.75
127.75
127.75
127.75
127.75
128.0
128.0
128.0
128.0
128.0
128.0
128.0
128.0
128.0
127.5
127.5
129.0
129.0
126.75
126.75
127.75
128.25
128.25
127.25
127.25
126.75
126.75
126.25
126.25
126.25
126.25
126.25
126.25
127.5
127.5
127.75
127.75
128.0
128.0
127.25
127.25
127.25
125.75
125.75
125.75
125.75
126.75
126.75
126.25
126.25
126.25
126.25
125.75
125.75
127.25
127.75
127.75
128.25
128.25
128.5
128.5
128.5
127.5
127.5
127.5
127.5
127.0
127.0
127.0
127.0
127.0
127.0
126.25
126.25
127.0
127.5
127.5
127.25
127.25
127.25
127.0
127.0
126.0
126.0
126.0
126.0
126.25
126.25
126.5
126.5
125.75
125.75
125.5
125.5
125.5
126.25
126.25
126.5
126.5
126.5
126.5
126.5
126.5
127.0
127.0
127.0
127.0
127.0
125.5
125.5
123.75
123.75
126.0
126.0
126.0
126.0
126.0
126.0
125.5
125.5
125.5
125.5
125.5
126.25
126.25
126.5
126.5
126.5
126.5
124.25
126.75
126.75
126.75
127.75
127.75
127.0
127.0
127.0
127.5
127.5
127.5
127.5
127.5
127.5
128.75
128.75
127.75
127.75
127.75
128.25
128.25
128.25
128.25
128.25
128.25
128.25
128.5
128.5
128.5
128.0
128.0
128.0
128.0
129.0
129.0
129.5
129.5
129.5
129.5
129.5
130.0
130.0
130.0
130.0
130.0
130.0
130.0
130.0
130.0
128.75
128.75
128.25
128.25
128.25
128.25
127.5
127.5
127.0
129.25
129.25
128.25
128.25
128.25
128.25
129.0
129.0
129.25
129.25
129.25
129.25
128.5
130.0
130.0
131.0
131.0
132.0
132.0
130.5
130.5
129.75
129.75
129.75
132.25
132.25
131.5
131.5
131.5
131.5
131.5
133.0
133.0
133.0
132.5
132.5
132.5
131.75
131.75
133.25
133.25
135.75
135.75
138.25
138.25
138.25
136.5
136.5
136.5
136.5
136.5
137.25
137.25
137.25
137.75
137.75
137.75
137.5
137.5
138.75
138.75
138.75
138.75
138.75
139.5
139.5
139.5
137.5
137.5
137.5
137.5
137.5
137.5
137.5
138.0
138.0
137.75
137.75
137.75
136.5
136.5
137.5
137.5
137.5
136.75
136.75
136.75
131.75
131.75
131.75
132.25
136.25
136.25
136.0
136.0
135.0
135.0
134.25
133.75
133.75
132.75
132.75
132.25
132.25
132.5
132.5
131.75
131.75
130.75
130.75
130.75
131.25
131.25
131.5
131.5
131.5
131.5
130.25
130.25
129.75
129.75
127.25
127.25
126.75
126.75
129.0
129.0
129.0
131.5
131.5
132.0
132.0
132.25
132.25
131.25
131.25
133.0
133.5
133.5
133.5
133.5
132.5
132.5
132.5
132.5
132.25
132.25
132.25
132.5
132.75
132.75
132.75
131.75
131.75
131.75
131.75
131.75
131.75
133.25
133.25
133.0
133.0
131.75
131.75
132.0
132.0
132.0
137.0
137.0
134.25
134.25
134.0
134.0
134.0
132.0
132.0
131.5
133.0
133.0
133.25
133.25
132.75
132.75
132.75
132.75
132.0
132.25
132.25
132.25
132.25
132.5
132.5
129.75
129.75
128.75
128.5
128.5
128.5
132.0
132.0
132.0
132.0
131.0
131.0
130.5
130.5
130.5
130.75
130.75
130.75
132.25
132.25
132.0
132.0
132.0
129.75
129.75
131.0
130.5
130.5
130.5
130.5
130.5
130.5
131.25
131.25
131.25
131.25
131.25
134.25
134.25
133.75
133.75
133.75
133.75
133.75
133.75
133.75
133.75
133.25
134.25
134.25
134.25
132.0
132.0
132.0
131.25
131.25
132.0
132.0
132.0
132.25
132.25
131.0
131.0
131.0
132.0
132.0
132.0
132.0
130.0
130.0
131.25
131.25
128.5
128.5
128.0
128.0
128.25
128.25
128.25
128.25
129.5
130.5
130.5
130.5
132.25
129.75
129.75
132.5
132.5
132.5
130.75
130.75
131.5
131.5
131.5
131.5
131.5
131.5
131.5
131.5
131.5
131.5
133.25
133.25
133.25
134.25
134.25
134.25
134.75
134.75
135.25
135.25
134.0
134.0
132.5
132.5
133.0
133.0
134.0
134.0
134.0
134.0
134.0
134.0
133.5
133.5
133.5
133.5
133.5
134.75
134.75
136.75
136.75
137.0
137.0
136.0
136.0
134.75
134.25
134.25
133.5
133.5
133.0
133.0
131.5
131.5
131.5
131.5
131.5
131.25
131.25
131.25
131.5
131.5
130.25
130.25
130.25
129.75
129.75
129.5
129.5
129.5
129.5
129.5
128.5
128.5
129.0
129.0
129.0
129.0
130.0
130.0
130.0
130.5
130.5
129.5
129.5
130.25
130.25
130.5
130.5
130.5
133.5
133.5
133.5
133.75
133.75
133.75
132.5
132.5
133.25
133.25
133.25
128.5
128.5
128.25
128.25
128.25
129.5
129.5
129.5
131.75
131.75
130.75
130.75
128.75
128.75
129.75
129.75
129.75
129.75
129.75
130.0
130.0
129.25
129.25
127.5
127.5
128.5
128.5
127.25
127.25
126.75
128.25
128.25
128.25
128.25
128.25
128.25
128.5
128.5
127.75
127.75
128.5
128.5
128.5
128.5
128.75
129.0
129.0
128.0
128.0
129.5
129.5
129.0
129.0
127.5
127.5
129.0
129.0
129.5
129.5
129.5
130.75
130.75
130.75
132.25
132.25
132.25
130.25
130.25
130.25
130.75
130.75
130.75
130.75
131.5
131.5
129.0
129.0
129.0
129.0
129.5
129.75
129.75
133.75
133.75
133.5
133.5
132.0
132.0
133.25
133.25
133.25
133.25
133.25
137.75
135.0
135.0
135.0
131.5
131.5
130.75
129.5
129.5
129.25
129.25
129.25
129.25
129.25
129.25
129.25
129.25
129.25
131.5
131.5
132.25
132.25
132.25
132.25
131.25
131.25
131.0
131.0
130.25
130.25
129.5
129.5
129.75
129.75
130.5
130.5
130.5
129.5
129.5
129.5
129.75
129.75
130.0
130.0
130.0
128.75
128.75
129.0
129.75
129.75
129.75
129.75
131.5
131.5
130.25
128.75
128.75
128.25
128.25
130.0
130.0
129.5
129.5
129.5
131.25
131.25
130.75
130.75
131.75
131.75
132.75
132.75
133.0
133.0
133.0
133.0
133.0
131.25
131.25
131.25
131.25
128.25
128.25
128.25
128.25
127.75
127.75
130.0
130.0
128.75
129.25
129.25
128.5
128.5
128.5
128.5
129.5
129.5
129.5
129.5
128.75
128.75
128.75
129.0
129.0
127.5
127.5
128.5
128.5
129.25
129.25
128.75
128.75
128.0
128.0
127.25
127.25
127.75
128.5
128.5
128.5
128.5
128.75
128.75
129.25
129.25
129.25
129.25
130.25
130.25
129.25
129.25
129.25
129.25
128.75
128.75
128.75
130.0
130.0
129.25
129.25
129.25
129.25
129.25
129.25
127.75
128.0
128.0
128.25
128.25
127.5
127.5
127.75
127.75
129.5
129.5
129.0
129.0
125.25
125.25
125.5
125.5
126.75
128.75
128.75
128.25
128.25
128.75
128.75
127.0
127.0
127.25
127.25
129.75
129.75
129.75
121.75
121.75
121.75
123.75
123.75
123.0
123.0
123.0
126.5
126.5
126.75
126.75
126.0
126.0
126.5
126.5
127.25
127.25
127.25
127.0
127.0
126.0
126.0
124.5
124.5
127.5
127.5
127.5
127.5
126.5
126.5
126.5
126.5
126.5
126.5
126.5
127.5
127.5
127.75
127.75
127.75
127.75
126.0
126.0
128.25
128.25
128.25
129.5
129.5
129.5
126.0
127.0
127.0
126.25
126.25
128.25
128.25
128.25
128.25
129.5
129.5
129.5
129.5
129.5
129.5
129.5
130.25
130.25
129.0
129.0
129.5
129.5
129.5
129.5
129.75
129.75
127.5
127.0
127.0
128.75
128.75
130.0
130.0
130.0
131.0
131.0
131.0
131.0
131.0
132.0
132.0
130.0
130.0
130.0
130.0
128.0
128.0
129.25
130.0
130.0
134.0
134.0
134.0
124.5
124.5
124.5
127.0
127.0
128.0
128.0
127.5
127.75
127.75
127.75
127.75
128.75
128.75
132.0
132.0
132.0
128.25
128.25
128.25
128.5
128.5
128.5
129.0
129.0
127.75
127.75
128.25
128.25
127.5
127.5
130.0
130.0
130.0
128.75
128.75
126.5
126.5
127.5
127.5
127.75
128.5
128.5
128.25
128.25
128.75
128.75
128.0
128.0
127.75
127.75
129.0
129.0
129.5
128.0
128.0
128.75
128.75
129.25
129.25
129.25
129.25
129.75
129.75
130.0
130.0
130.0
130.0
130.0
129.5
129.5
129.5
129.5
129.25
129.25
128.5
128.5
129.0
129.0
129.25
128.0
128.0
128.25
128.25
127.25
127.25
127.75
127.75
128.25
128.25
128.5
128.5
128.0
128.0
128.25
129.0
129.0
129.0
129.5
129.5
128.75
128.75
129.0
128.0
128.0
127.5
127.5
127.25
127.25
129.25
129.25
129.5
129.5
129.25
129.25
128.5
129.0
129.0
128.75
128.75
129.25
129.25
128.75
128.75
128.5
128.5
127.0
127.0
127.75
127.75
127.25
127.5
127.5
127.75
127.75
127.75
127.75
127.5
127.5
127.25
127.25
127.25
127.25
128.75
127.75
127.75
128.25
128.25
128.0
128.0
124.0
124.0
125.5
125.5
125.5
125.5
125.0
125.0
127.0
127.0
127.75
128.75
128.75
128.75
128.75
130.25
130.25
130.25
125.75
125.75
126.5
126.5
126.5
126.5
125.5
125.5
126.25
126.25
125.5
125.5
125.0
125.0
124.75
124.75
125.75
125.75
126.25
126.25
124.5
124.5
125.5
125.5
126.75
126.75
126.5
126.5
126.5
126.75
126.75
127.25
127.25
125.25
126.25
126.25
126.25
126.25
126.5
126.5
126.25
126.25
125.75
125.75
125.75
125.75
126.0
126.0
126.75
126.75
126.5
126.5
126.75
126.75
127.25
127.25
128.25
128.25
127.5
127.5
126.75
126.75
126.5
126.5
126.5
125.75
125.75
125.75
125.75
125.0
125.0
125.25
125.25
125.25
125.25
125.25
124.25
124.25
125.0
125.0
125.0
125.75
125.75
126.0
126.0
126.0
126.0
125.25
125.25
125.25
127.75
127.75
127.75
127.75
127.0
127.0
126.0
126.0
127.25
127.25
127.75
127.75
127.75
127.75
124.0
124.0
126.5
126.5
125.5
124.75
124.75
124.25
124.25
124.25
124.5
125.75
125.75
125.0
125.0
125.0
124.75
124.75
125.75
125.75
126.5
126.5
126.5
126.5
125.5
125.5
125.5
125.5
125.5
125.5
125.75
125.75
125.75
125.75
124.5
124.5
124.5
125.5
125.5
124.0
124.0
125.25
125.25
124.25
124.25
125.0
125.0
124.25
124.25
124.25
124.25
123.75
123.75
124.0
124.0
124.25
124.25
123.75
123.75
123.0
123.0
122.0
122.0
122.0
122.0
126.75
126.75
125.25
125.25
123.5
123.5
123.75
123.75
124.0
124.0
124.0
123.0
123.0
123.0
123.0
123.5
123.5
124.75
124.75
122.5
122.5
122.25
122.25
122.25
122.25
123.5
123.5
123.5
123.5
123.5
123.5
123.5
123.25
123.25
124.0
124.0
124.0
124.0
124.75
124.75
124.75
124.75
125.5
125.5
125.5
125.5
127.0
127.0
123.0
123.0
121.0
121.0
121.0
121.0
121.0
121.0
122.0
122.0
121.5
123.0
123.0
123.0
123.0
123.75
123.75
122.0
122.0
125.25
125.25
121.5
121.5
121.5
121.5
120.0
120.0
123.25
123.25
122.75
122.75
125.0
125.0
122.5
122.5
121.75
121.75
122.5
122.5
122.75
122.75
124.0
125.0
125.0
125.25
125.25
126.25
126.25
126.25
126.25
128.0
128.0
128.0
122.25
122.25
122.25
122.25
122.5
122.5
122.75
122.75
123.0
123.0
123.0
123.0
123.0
123.0
123.0
122.25
122.25
122.5
122.5
122.5
122.5
121.0
121.0
119.0
119.0
119.25
121.5
121.5
122.75
122.75
122.75
122.75
122.75
126.75
126.75
126.75
122.0
122.0
122.0
122.0
121.25
121.25
122.0
122.0
118.5
118.5
119.25
119.25
120.25
120.25
120.5
120.5
120.5
120.5
120.5
120.5
116.25
116.25
120.5
120.5
122.0
122.0
121.5
121.5
122.0
122.0
122.0
122.0
122.25
122.25
122.25
122.25
122.0
122.0
122.0
122.0
121.75
121.75
121.25
121.25
121.25
121.75
121.75
121.75
121.75
121.25
121.25
122.5
122.5
122.5
122.5
122.5
122.0
122.0
122.0
122.0
122.0
122.0
126.5
126.5
125.0
125.0
124.75
124.75
124.75
124.75
124.75
124.75
124.75
125.0
125.0
126.25
126.25
126.75
126.75
125.75
125.75
125.5
125.5
125.5
125.5
125.5
127.0
127.0
127.5
127.5
126.75
126.75
126.25
126.25
123.75
123.75
123.75
123.75
126.0
126.0
126.25
126.25
126.25
126.75
126.75
126.75
127.0
127.0
127.0
127.0
127.0
124.5
124.5
124.25
124.25
124.25
124.25
125.75
125.75
125.75
125.75
125.75
125.75
125.75
125.75
125.75
125.75
123.5
123.5
124.0
125.25
125.25
125.25
125.75
126.0
126.0
126.0
124.5
124.5
124.5
123.5
123.5
123.25
123.25
123.25
123.25
123.25
123.25
123.25
123.25
123.25
123.25
124.5
124.5
125.0
125.0
125.25
125.25
125.25
125.25
125.25
127.5
127.5
125.0
125.0
123.5
123.5
125.0
125.0
125.75
125.75
126.25
126.25
126.25
126.25
125.0
125.0
123.5
125.0
125.0
125.0
125.0
126.75
126.75
126.75
127.75
127.75
127.75
128.0
128.0
126.25
126.25
126.25
126.25
125.5
125.5
125.5
125.5
125.5
125.5
122.0
122.0
122.0
122.0
121.25
121.25
123.0
123.0
122.0
122.5
122.5
122.5
124.0
124.25
124.25
124.25
124.25
123.75
123.75
123.75
123.75
123.0
123.0
122.75
122.75
123.0
123.0
124.25
124.25
124.0
124.0
121.75
121.75
122.5
122.5
123.0
123.0
124.25
124.25
123.5
123.5
123.5
121.25
121.25
122.5
122.5
123.75
123.75
124.25
124.25
123.5
123.5
122.25
122.25
121.5
121.5
124.0
124.0
123.0
123.0
123.0
122.0
122.0
120.0
120.0
120.0
116.75
116.75
119.25
119.25
123.5
123.5
123.5
123.25
123.25
123.25
121.75
121.75
121.75
121.75
121.75
121.75
121.5
121.5
122.0
122.0
122.0
119.75
119.75
119.75
119.75
119.75
120.5
120.5
120.5
125.25
125.25
123.75
123.75
122.5
122.5
122.75
122.75
119.75
119.75
124.25
124.25
126.25
126.25
123.5
123.5
122.75
122.75
122.75
122.75
121.0
121.0
121.0
121.0
120.25
120.25
120.25
120.25
120.25
120.25
120.0
120.0
120.0
120.0
121.25
121.25
120.0
120.0
121.25
121.25
121.75
121.75
123.0
123.0
123.0
123.75
123.75
123.75
119.75
119.75
119.75
119.75
119.0
119.0
119.25
119.25
119.25
119.25
121.75
121.75
121.75
121.75
123.25
123.25
123.25
123.75
123.75
122.5
122.5
121.75
121.75
121.5
121.5
122.25
122.25
122.25
122.25
122.75
122.75
124.0
124.0
122.75
122.75
121.75
121.75
121.5
121.5
121.5
121.5
121.5
121.5
121.5
121.5
121.75
121.75
122.25
122.25
122.5
122.5
122.5
121.25
121.25
126.0
126.0
126.0
124.75
124.75
124.0
123.0
123.0
123.0
123.0
122.25
122.25
120.5
120.5
122.75
122.75
119.5
119.5
118.5
118.5
120.75
120.75
122.0
122.0
120.0
120.0
121.25
121.25
121.25
121.25
120.25
120.25
120.25
120.25
123.5
123.5
124.25
124.25
123.25
123.25
123.25
123.25
123.25
123.25
121.5
121.5
121.5
123.0
123.0
123.0
123.25
123.25
124.0
124.0
124.0
124.0
123.5
123.5
122.0
122.0
122.0
121.5
121.5
121.75
121.75
121.75
124.25
124.25
122.75
122.5
122.5
122.5
122.5
122.5
122.5
122.5
122.5
122.5
122.5
122.5
122.5
122.5
122.5
122.0
122.0
122.0
122.0
121.0
121.0
118.75
118.75
121.0
121.0
122.0
122.0
123.0
123.0
123.0
123.0
123.0
121.0
121.0
121.0
122.25
122.25
120.5
120.5
120.75
120.75
122.25
122.25
122.25
121.25
121.25
121.25
121.25
121.5
121.5
121.5
121.5
121.5
121.5
121.5
121.5
122.5
122.5
122.25
122.25
122.5
122.5
122.75
122.75
122.75
122.75
122.5
122.5
122.5
122.5
120.25
120.25
121.0
121.0
119.75
119.75
119.75
119.75
123.0
123.0
123.0
123.0
123.0
123.0
123.0
123.0
123.0
122.0
121.25
121.25
119.75
119.75
119.75
119.75
121.25
121.25
121.25
121.25
121.25
121.25
121.25
121.25
120.75
120.75
121.25
121.25
121.25
121.25
121.25
121.25
121.75
121.75
122.5
122.5
121.75
121.75
121.75
121.75
122.5
122.5
123.0
123.0
121.75
121.75
121.0
121.0
121.0
121.0
121.0
121.0
122.0
122.0
122.5
122.5
123.0
123.0
123.5
123.5
123.5
123.5
122.75
122.75
122.75
122.75
122.75
121.75
121.75
121.75
120.5
120.5
119.0
119.0
119.75
119.75
120.0
120.0
120.0
120.0
120.0
120.0
120.0
120.0
122.0
122.0
121.25
121.25
121.25
121.25
121.25
120.75
120.75
120.75
120.75
120.75
120.75
120.75
120.75
109.25
109.25
109.25
107.0
107.0
106.75
106.75
106.75
106.75
106.75
106.75
106.75
109.6
112.45
115.3
118.15
121.0
121.0
122.25
122.25
122.25
121.25
121.25
121.25
121.75
121.75
122.0
122.0
122.0
122.0
130.25
130.25
132.25
132.25
128.91666666666666
125.58333333333333
122.25
122.25
122.25
120.25
120.25
120.25
120.25
120.25
120.25
120.25
121.0
121.0
121.0
121.0
121.75
121.75
122.75
122.75
122.75
122.75
122.75
122.75
122.75
122.75
122.75
122.75
122.75
122.75
122.75
122.75
124.0
124.0
120.75
120.75
120.75
120.5
120.5
120.25
120.25
123.0
123.0
121.75
121.75
121.75
121.75
121.25
121.25
124.0
124.0
124.0
124.75
124.75
124.75
125.25
126.0
126.0
126.5
126.5
127.0
127.0
128.0
128.0
129.5
129.5
129.75
129.75
127.0
127.0
127.0
127.0
129.5
129.5
129.25
129.25
127.5
127.5
127.0
127.0
124.0
124.0
123.25
123.25
123.0
123.0
122.25
122.25
122.25
121.5
121.5
121.25
121.25
121.25
121.25
121.0
121.0
119.75
119.75
119.25
119.25
118.5
118.5
116.25
116.25
117.75
117.75
118.5
118.5
119.5
119.5
119.0
119.0
118.25
118.25
118.75
118.75
120.75
120.75
121.5
121.5
121.5
121.5
121.75
121.75
117.75
117.75
118.5
118.5
119.75
119.75
119.0
119.0
120.0
120.0
120.0
120.0
119.25
119.25
119.25
119.25
121.25
121.25
121.25
121.25
121.25
121.25
120.25
120.25
119.75
119.75
120.0
120.0
120.75
120.75
120.75
120.75
121.25
121.25
121.75
121.75
122.25
122.25
121.5
121.5
121.75
121.75
122.25
122.25
119.75
119.75
120.0
120.0
120.75
120.75
120.75
120.75
122.25
120.5
120.5
121.25
121.25
121.75
121.75
122.25
122.25
123.0
123.0
123.0
123.0
123.0
123.0
120.25
120.25
119.0
119.0
119.75
119.75
121.25
121.25
121.5
121.5
121.5
121.5
119.25
119.25
119.25
119.25
119.25
119.25
120.25
120.25
120.25
122.0
122.0
122.0
122.0
122.0
121.5
121.5
121.5
121.5
121.5
121.5
120.25
120.25
120.5
120.5
120.5
120.5
120.25
120.25
120.25
120.75
120.75
121.0
121.0
121.0
122.5
122.5
122.5
122.5
122.5
124.5
124.5
124.5
124.5
123.75
123.75
123.5
123.5
123.75
123.75
123.75
123.75
123.75
123.75
121.5
121.5
122.5
122.5
122.75
122.75
121.75
121.75
121.75
120.75
120.75
120.75
120.75
120.75
120.75
120.75
122.5
122.5
123.0
123.0
123.0
123.0
123.0
123.25
123.25
123.5
123.5
122.75
122.75
123.25
123.25
122.0
122.0
122.25
122.25
123.25
123.25
122.5
122.5
121.0
121.0
120.75
120.75
120.0
120.0
121.5
121.5
123.5
123.5
123.25
123.25
123.25
123.25
123.25
123.25
118.25
118.25
120.0
120.0
120.0
120.0
123.75
123.75
124.0
124.5
124.5
123.25
123.25
123.25
123.25
123.25
123.25
122.75
122.75
121.75
121.75
121.75
121.75
121.25
121.25
120.5
120.5
123.25
123.25
122.0
122.0
121.25
121.25
120.25
120.25
119.75
119.75
122.75
122.75
123.0
123.0
123.5
123.5
122.75
122.75
122.0
122.0
122.0
122.0
122.0
122.0
122.0
122.0
123.25
123.25
123.25
123.75
123.75
123.75
123.75
123.75
123.75
123.75
123.75
126.25
126.25
126.25
126.25
126.25
126.25
129.25
129.25
129.75
129.75
129.75
130.0
130.0
130.0
130.0
131.5
132.0
132.0
132.5
132.5
132.5
132.5
131.5
131.5
129.5
129.5
129.5
129.5
125.75
125.75
123.5
123.5
123.5
121.25
121.25
121.25
118.75
118.75
119.0
119.0
119.0
119.0
119.25
119.25
119.25
119.25
119.25
119.25
119.75
119.75
120.0
120.0
120.0
120.0
120.0
120.0
121.5
121.5
121.75
121.75
121.75
121.75
121.25
121.25
121.25
121.5
121.5
122.0
122.0
122.0
120.5
120.5
120.25
120.25
120.25
120.25
120.25
120.25
120.25
120.25
120.25
120.25
122.25
123.5
123.5
124.0
124.0
124.0
124.0
125.5
125.5
125.5
125.5
125.5
125.5
125.5
125.5
116.5
116.5
116.5
116.25
116.25
107.25
107.25
105.5
105.5
105.0
105.0
113.5
113.5
115.5
115.5
115.5
116.25
116.25
116.25
116.25
116.25
116.25
116.25
116.25
117.22727272727273
118.20454545454545
119.18181818181819
120.1590909090909
121.13636363636364
122.11363636363636
123.0909090909091
124.06818181818181
125.04545454545455
126.02272727272727
127.0
126.25
126.25
125.0
125.0
120.75
120.75
119.75
119.75
119.75
119.75
117.25
117.25
117.25
117.25
117.25
117.25
117.25
117.25
117.25
117.25
117.625
118.0
118.0
118.0
117.25
117.25
118.0
119.0
119.0
119.25
119.25
119.25
119.5
119.5
118.25
118.25
118.75
118.75
118.75
118.75
120.0
120.0
120.0
119.5
119.5
120.75
120.75
120.75
120.75
119.5
119.5
119.75
119.75
119.25
119.25
119.25
119.25
119.25
119.25
119.25
119.25
119.25
119.25
119.875
120.5
121.125
121.75
122.375
123.0
123.625
124.25
124.875
125.5
126.125
126.75
127.375
128.0
128.625
129.25
129.875
130.5
131.125
131.75
132.375
133.0
133.0
130.5
130.5
130.0
130.0
129.75
129.75
129.75
129.75
129.75
129.75
129.75
129.75
127.9
126.05
124.2
122.35
120.5
120.5
120.5
119.25
119.25
119.5
119.5
120.0
120.0
120.0
120.0
120.0
117.75
117.75
117.75
117.75
117.75
117.75
117.25
117.25
117.25
117.25
117.25
117.25
117.25
117.25
116.91666666666667
116.58333333333333
116.25
116.25
117.5
117.5
118.25
118.25
120.5
120.5
120.5
120.5
119.0
119.0
114.25
114.25
114.25
114.25
123.5
123.5
124.0
124.0
123.5
123.5
122.75
122.75
122.75
122.75
122.75
122.75
122.75
122.75
122.75
121.25
121.25
121.0
121.0
121.5
121.5
122.5
122.5
122.75
122.75
124.0
126.0
126.0
125.5
125.5
125.5
125.5
124.75
124.75
124.75
124.75
124.75
124.75
123.75
123.75
122.5
122.5
123.25
123.25
124.25
124.25
124.25
125.5
125.5
125.5
125.0
124.5
124.5
125.0
125.0
125.25
125.25
125.25
125.25
125.25
125.25
125.25
125.25
130.55555555555554
135.86111111111111
141.16666666666666
146.47222222222223
151.77777777777777
157.08333333333334
162.38888888888889
167.69444444444446
173.0
173.0
173.0
173.0
173.0
173.0
173.0
173.0
173.0
173.0
173.0
173.0
164.375
155.75
147.125
138.5
129.875
121.25
121.25
121.25
121.25
119.25
119.25
119.75
119.75
119.75
119.75
119.75
118.75
118.75
119.75
119.75
120.0
120.0
117.5
117.5
120.25
120.25
121.25
121.25
121.75
121.75
121.75
121.75
121.75
121.75
113.0
113.0
113.0
113.0
119.75
119.75
118.75
118.75
118.75
119.5
119.25
119.25
119.25
119.75
119.75
119.75
119.75
119.75
119.75
119.75
119.75
119.75
122.75
122.75
122.75
122.75
122.75
122.75
122.75
118.25
118.25
120.75
120.75
120.75
122.75
124.25
124.25
126.75
126.75
126.25
126.25
126.25
126.25
126.25
126.25
126.25
132.0
132.0
132.0
132.0
132.5
132.5
134.0
134.0
134.5
135.5
135.5
136.75
136.75
137.25
137.25
137.25
137.25
137.25
136.5
136.5
137.5
137.5
137.5
136.75
136.75
134.25
134.25
133.5
133.5
133.5
130.25
130.25
126.75
126.75
125.5
125.5
125.5
122.25
122.25
120.0
120.0
118.5
118.5
117.5
117.5
116.75
116.75
117.5
117.5
117.5
117.5
117.5
117.5
117.5
119.75
119.75
120.0
120.0
120.75
120.75
121.5
121.5
120.5
120.5
122.0
122.0
122.0
122.75
122.75
122.75
122.75
119.75
119.75
121.0
121.0
122.75
122.75
123.0
123.0
122.25
125.0
125.0
126.0
126.0
126.25
126.25
124.5
124.5
123.25
123.25
122.5
122.5
121.25
121.25
122.0
122.0
122.75
122.75
121.5
121.5
122.5
122.5
120.25
120.25
121.0
121.0
121.0
119.75
119.75
120.0
120.0
120.0
120.0
120.0
120.0
120.0
120.0
120.0
120.0
120.0
117.5
117.5
117.5
117.5
117.75
117.75
119.25
119.25
118.5
118.5
118.5
118.5
118.25
118.25
118.25
118.75
118.75
118.75
118.75
118.75
118.75
118.75
118.75
118.75
120.0
120.0
122.0
122.0
124.75
124.75
124.75
126.0
126.0
126.25
126.25
126.25
134.25
134.25
134.5
134.5
134.75
134.75
134.75
134.75
134.75
134.75
134.75
126.75
126.75
125.5
125.5
125.5
126.5
126.5
124.5
124.5
124.5
124.5
124.5
124.5
125.25
125.25
124.0
124.0
123.5
123.5
123.5
123.5
123.5
123.5
126.25
126.25
126.25
126.25
126.25
131.25
131.25
131.0
131.0
130.25
130.25
130.25
130.0
130.0
130.0
130.0
130.0
130.0
126.5
126.5
126.75
126.75
127.0
127.0
125.75
125.75
125.75
124.0
124.0
125.0
122.75
122.75
122.75
121.5
121.5
121.25
121.25
121.25
121.25
123.5
123.5
124.5
124.5
124.5
124.5
125.5
125.5
125.5
125.5
125.5
125.5
125.5
125.5
125.5
125.5
125.5
127.41666666666667
129.33333333333334
131.25
131.25
131.25
130.5
130.5
130.5
127.25
127.25
126.25
126.25
125.0
125.0
125.0
122.5
122.5
122.5
122.5
122.5
122.75
122.75
122.75
122.75
121.5
121.5
121.5
121.5
121.5
121.5
126.25
126.25
123.5
123.5
123.5
123.5
121.75
121.75
121.75
121.75
123.5
123.5
123.25
123.25
123.75
123.75
123.75
123.5
123.5
123.75
123.75
123.75
123.75
123.75
123.75
119.25
119.25
119.25
119.25
120.25
120.25
119.75
119.75
117.25
117.25
116.0
116.0
118.75
118.75
118.75
118.75
123.25
123.25
124.75
124.75
123.5
123.5
123.5
123.5
124.25
124.25
125.75
125.75
126.25
126.5
126.5
127.5
127.5
128.25
128.25
128.25
128.75
128.75
128.75
125.25
125.25
124.5
124.5
125.0
125.0
125.0
125.25
125.25
125.0
125.0
123.25
123.25
122.5
122.5
122.5
122.5
125.25
125.25
126.25
126.25
125.0
125.0
124.75
126.0
126.0
127.25
127.25
128.75
128.75
129.5
129.5
128.75
128.75
128.75
128.75
126.25
126.25
124.5
124.5
124.5
127.25
127.25
126.0
126.0
126.75
126.75
127.75
127.75
128.75
128.75
129.5
129.5
129.5
128.75
128.75
130.0
130.0
131.75
131.75
131.5
132.0
132.0
132.75
132.75
132.5
132.5
131.5
131.5
131.5
127.75
127.75
126.0
126.0
126.0
128.0
127.75
127.75
127.75
127.75
127.75
127.75
127.75
127.75
127.75
127.75
130.0
130.0
122.0
122.0
124.75
124.75
126.25
126.25
127.0
127.0
127.0
127.0
126.0
126.0
125.75
125.75
125.75
125.75
125.75
125.25
125.25
124.5
124.5
124.25
124.25
125.16666666666667
126.08333333333333
127.0
127.75
127.75
128.25
128.25
129.75
129.75
131.5
131.5
131.5
133.0
133.0
129.75
129.0
129.0
129.25
129.25
129.25
131.75
131.75
131.75
129.75
129.75
129.75
133.0
133.0
133.75
133.75
134.75
134.75
133.0
133.0
131.75
131.25
131.25
130.0
130.0
130.0
130.0
132.5
132.5
134.0
134.0
131.25
131.25
131.0
131.0
126.25
126.25
127.0
127.0
127.0
127.0
128.25
128.25
128.25
128.25
128.25
128.25
127.5
129.0
129.0
126.5
126.5
126.5
126.5
126.5
126.5
126.5
126.5
126.5
126.75
126.75
125.75
125.75
125.75
125.75
125.75
122.5
122.5
122.5
122.75
122.75
122.75
119.0
119.0
120.75
120.75
124.75
124.75
127.0
127.0
127.0
127.0
128.5
130.25
130.25
130.25
130.25
131.5
131.5
131.5
131.5
131.5
134.25
134.25
134.25
134.25
134.25
134.75
134.75
136.0
136.0
136.0
136.0
136.0
136.0
136.0
134.0
134.0
134.0
134.0
126.5
126.5
125.75
125.75
125.5
125.5
127.75
127.75
127.75
128.75
128.75
128.75
129.0
129.0
129.0
129.0
129.0
129.0
129.0
129.0
129.0
129.0
128.54166666666666
128.08333333333334
127.625
127.16666666666667
126.70833333333333
126.25
126.25
126.25
126.25
126.25
126.25
125.25
125.25
126.5
126.5
125.75
125.75
125.75
120.0
120.0
120.0
120.0
118.75
118.75
118.75
118.75
118.75
118.75
118.75
118.75
122.25
122.25
119.5
119.5
127.5
127.5
127.5
129.0
129.0
127.25
125.5
123.75
122.0
122.0
121.5
121.5
134.0
134.0
134.0
140.5
141.0
141.0
137.25
137.25
137.25
134.0
134.0
133.0
133.0
133.0
133.0
133.0
129.25
129.25
128.5
128.5
129.25
129.25
129.5
129.5
128.25
128.25
128.25
128.25
123.75
123.75
123.25
125.0
125.0
126.0
126.0
126.0
126.0
128.25
128.25
128.25
128.25
125.75
125.75
125.75
125.75
124.5
124.5
127.75
128.75
128.75
129.25
129.25
129.25
129.25
126.5
126.5
127.25
127.25
127.25
125.75
125.75
127.25
127.25
127.25
127.25
128.5
128.5
128.5
128.5
129.25
129.25
130.5
130.5
130.0
130.0
129.25
130.5
130.5
132.0
132.0
133.0
133.0
131.5
131.5
131.25
130.75
130.75
130.75
130.75
130.5
130.5
130.5
130.5
132.0
131.25
131.25
131.25
131.25
134.5
134.5
134.5
134.5
133.75
133.75
133.75
133.75
133.75
133.75
132.5
132.5
131.0
131.0
131.0
130.5
130.5
130.0
130.0
130.0
130.0
130.0
130.0
130.0
130.0
130.0
130.0
130.0
129.5
129.0
128.5
128.5
127.75
127.75
127.75
127.25
127.25
127.25
127.25
127.25
127.25
127.25
127.41666666666667
127.58333333333333
127.75
127.75
127.75
127.75
131.0
131.0
131.25
131.25
131.25
131.25
131.25
131.25
131.25
131.25
131.25
131.25
130.75
130.75
129.0
129.0
128.0
128.0
128.0
128.25
128.25
127.75
127.75
128.5
128.5
129.25
129.25
130.5
130.5
129.0
129.0
128.0
129.0
129.0
129.0
129.5
129.5
129.75
129.75
129.75
129.75
129.75
129.75
131.0
131.0
132.0
132.0
133.0
132.25
132.25
131.25
131.25
129.0
129.0
129.0
129.0
128.0
128.0
128.0
128.0
128.0
128.0
125.5
125.5
125.5
125.5
125.5
125.5
125.75
125.75
127.25
127.25
127.25
125.0
125.0
125.25
125.25
127.25
127.5
127.5
128.5
128.5
127.5
127.5
128.5
128.5
128.25
128.25
128.25
128.0
128.0
128.75
128.75
129.0
129.0
130.25
130.25
131.0
131.0
131.0
130.75
130.75
130.75
130.75
130.75
130.75
130.75
130.75
130.75
130.75
130.67857142857142
130.60714285714286
130.53571428571428
130.46428571428572
130.39285714285714
130.32142857142858
130.25
130.17857142857142
130.10714285714286
130.03571428571428
129.96428571428572
129.89285714285714
129.82142857142858
129.75
129.67857142857142
129.60714285714286
129.53571428571428
129.46428571428572
129.39285714285714
129.32142857142858
129.25
129.25
130.0
130.25
130.25
129.75
129.75
129.75
129.75
129.75
129.75
129.75
130.25
130.25
130.25
130.25
130.25
124.25
124.25
124.0
124.0
127.0
127.0
128.25
128.25
128.25
128.75
128.75
129.5
129.5
129.75
129.75
130.25
130.25
130.25
130.25
129.75
129.75
129.75
129.75
129.0
128.25
128.25
128.5
128.5
128.25
128.25
128.5
128.5
128.75
128.75
128.25
128.25
128.0
127.0
127.0
127.0
127.0
124.5
124.5
125.25
125.25
126.0
126.0
126.75
126.75
127.25
127.25
127.75
128.75
128.75
130.0
130.0
131.0
131.0
131.0
131.0
129.5
129.5
129.25
129.25
129.75
128.75
128.75
129.0
129.0
129.25
129.25
128.75
128.75
127.75
127.75
126.75
126.75
127.5
127.5
127.5
128.0
128.0
128.25
128.25
129.0
129.0
129.25
129.25
129.0
129.0
128.5
128.5
127.75
127.75
127.75
128.0
128.0
128.0
128.0
128.75
128.75
129.5
129.5
130.75
130.75
132.0
131.0
131.0
130.5
130.5
130.5
130.5
130.5
130.5
129.75
129.75
129.0
128.75
128.75
127.5
127.5
127.5
127.5
127.75
127.75
128.25
128.25
127.0
127.0
125.75
125.75
124.0
123.25
123.25
126.25
126.25
127.25
127.25
127.25
126.75
126.75
126.75
126.75
127.25
127.25
127.25
127.25
128.75
128.75
127.0
127.0
126.75
126.75
126.75
128.75
128.75
128.0
128.0
127.75
127.75
127.75
127.75
129.0
130.25
130.25
129.5
129.5
129.5
131.5
131.5
132.0
132.0
132.0
131.25
131.25
130.5
130.5
129.75
129.75
130.25
130.25
130.25
130.25
130.25
130.25
130.25
130.25
127.75
127.75
127.75
127.75
127.75
125.0
125.0
125.0
125.0
125.0
125.0
125.0
125.0
128.25
128.5
128.5
128.75
128.75
128.75
128.75
128.75
128.75
130.25
130.25
130.25
130.5
130.5
130.5
130.5
129.0
129.0
128.0
128.0
127.0
127.0
126.75
126.75
126.75
130.5
130.5
130.5
130.75
129.25
129.25
129.0
129.0
129.0
129.0
129.25
129.25
129.5
129.5
128.5
128.5
127.75
128.75
128.75
128.5
128.5
128.5
128.5
128.5
128.5
127.75
127.75
128.0
128.0
129.0
129.5
129.5
130.0
130.0
129.75
129.75
129.0
129.0
127.5
127.5
125.25
124.5
124.5
124.5
124.5
113.25
113.25
113.25
113.0
113.0
118.25
118.25
118.25
125.5
125.5
126.25
126.25
126.25
126.25
126.0
126.0
125.75
125.75
124.0
125.5
125.5
127.0
127.0
127.5
127.5
127.5
127.5
127.25
127.25
126.5
126.5
127.25
127.25
127.5
127.5
127.25
128.0
128.0
129.75
129.75
126.75
126.75
126.5
126.5
126.75
126.75
127.0
127.0
127.0
127.0
127.0
127.0
125.75
125.75
125.75
125.75
125.75
125.0
125.0
125.25
125.25
125.5
125.5
127.0
127.0
127.0
127.0
127.0
126.25
126.25
126.5
127.25
127.25
128.0
128.0
126.25
126.25
125.0
125.0
124.75
124.75
124.0
124.0
123.25
123.25
123.5
123.5
124.0
124.0
124.0
124.75
124.75
124.75
124.75
127.0
127.0
127.0
127.25
127.25
129.75
129.75
130.0
130.0
130.25
130.25
130.25
130.25
124.5
124.5
124.5
124.25
124.25
127.75
127.75
128.75
128.75
129.0
129.0
130.25
131.25
131.25
129.25
129.25
129.25
129.25
130.25
130.25
130.0
130.0
129.5
129.5
130.25
130.0
130.0
130.0
130.0
130.25
130.25
130.25
130.25
130.25
130.25
130.25
131.75
131.75
131.25
131.25
131.5
131.5
129.5
129.5
129.0
129.0
129.0
129.0
129.0
129.5
129.5
126.5
126.5
126.5
126.5
125.75
125.75
125.75
125.75
125.75
125.75
125.75
125.75
125.75
125.75
125.75
125.75
125.75
124.75
124.75
126.5
126.5
127.25
127.25
127.25
127.25
126.5
126.5
126.75
126.75
127.25
127.25
126.0
126.0
125.25
126.25
126.25
127.5
127.5
125.0
125.0
125.35526315789474
125.71052631578948
126.0657894736842
126.42105263157895
126.77631578947368
127.13157894736842
127.48684210526316
127.84210526315789
128.19736842105263
128.55263157894737
128.9078947368421
129.26315789473685
129.6184210526316
129.97368421052633
130.32894736842104
130.68421052631578
131.03947368421052
131.39473684210526
131.75
131.75
131.75
131.75
130.0
130.0
130.25
130.25
128.0
128.0
126.75
126.75
127.75
127.75
127.75
128.5
128.5
128.5
128.5
128.5
128.5
124.75
124.75
128.25
128.25
129.75
129.75
130.25
130.25
130.5
130.5
130.5
128.0
128.0
128.0
127.0
127.0
127.0
127.0
127.0
127.0
127.0
127.0
131.5
131.5
131.75
131.75
129.25
129.25
127.0
127.0
126.0
126.0
124.75
124.75
124.5
124.5
123.75
123.75
123.75
123.75
124.0
124.0
124.0
124.0
124.0
123.25
123.25
123.5
123.5
123.0
123.0
122.5
122.5
122.0
122.0
121.75
121.75
122.0
122.0
124.5
124.5
126.25
126.25
128.25
128.25
128.25
128.5
128.5
128.5
128.5
127.75
127.75
126.75
126.75
126.75
126.75
126.25
126.25
125.5
125.5
126.25
126.25
126.75
126.75
126.75
126.75
126.0
125.5
125.5
125.5
125.5
125.75
125.75
124.75
124.75
124.25
124.25
124.25
124.25
125.5
125.5
125.75
125.75
125.5
125.5
124.75
124.75
123.25
123.25
122.75
122.75
122.75
123.25
123.25
123.25
123.25
120.5
120.5
121.0
121.0
121.0
121.0
122.5
122.5
122.5
122.5
123.75
123.75
124.25
124.25
124.75
124.75
124.75
124.75
126.0
125.0
125.0
125.0
124.75
124.75
124.75
129.25
129.25
129.25
129.25
126.5
126.5
125.25
125.25
122.25
122.25
122.5
122.5
121.75
121.75
121.75
121.75
122.0
122.0
121.75
121.75
121.75
121.75
125.75
127.0
127.0
127.0
127.0
128.0
128.0
128.25
128.25
126.75
126.75
127.0
127.0
126.25
126.25
126.25
126.25
126.5
127.5
127.5
127.5
126.75
126.0
126.0
126.5
126.5
126.5
126.5
126.5
126.5
121.0
121.0
121.0
121.0
121.0
121.0
121.0
124.5
124.5
124.5
124.5
126.0
126.0
126.5
126.5
129.0
129.0
129.75
129.75
129.5
129.5
129.5
129.5
129.5
130.5
130.5
129.25
129.25
130.0
130.0
129.0
129.0
128.0
128.0
127.5
127.0
127.0
126.75
126.75
125.25
125.25
125.0
125.0
125.75
125.75
126.25
126.25
127.0
127.0
127.25
127.25
125.25
125.25
124.25
124.25
124.0
125.75
125.75
125.75
126.75
129.25
129.25
129.25
128.5
128.5
128.0
128.0
128.0
130.25
130.25
129.5
127.5
127.5
127.0
127.0
127.0
127.0
127.5
127.25
127.25
127.5
127.5
127.5
128.75
128.75
128.75
131.5
131.5
133.75
133.75
133.75
133.75
134.75
134.75
135.0
135.0
133.0
133.0
133.0
131.75
131.75
133.0
133.0
133.0
129.75
129.75
128.0
128.0
126.0
126.0
125.75
125.75
125.0
125.0
125.25
125.25
127.75
127.75
128.0
128.0
129.25
129.25
129.5
129.5
128.0
128.0
128.0
128.0
128.0
127.75
127.75
127.75
127.75
129.0
128.75
128.75
128.75
128.75
127.0
127.0
126.5
126.5
126.5
129.0
129.0
129.25
129.25
130.75
130.75
129.75
129.75
130.0
130.0
130.0
130.0
131.25
131.75
131.75
130.5
130.5
133.0
133.0
133.0
133.0
133.0
132.0
132.0
132.5
132.5
132.0
132.0
132.0
132.0
130.75
130.75
131.25
131.25
131.5
131.5
131.5
132.5
132.5
132.25
132.25
132.5
132.5
133.5
134.25
134.25
134.0
134.0
132.25
132.25
132.0
132.0
132.75
132.75
133.0
133.5
133.5
133.5
133.5
133.5
133.5
133.5
133.5
134.75
133.75
133.75
134.75
134.75
134.75
134.75
134.75
134.75
134.75
133.25
133.25
132.5
132.5
130.75
130.75
129.0
129.0
127.25
126.25
126.25
125.25
125.25
125.25
125.25
125.25
125.25
125.25
125.25
123.75
123.75
124.75
124.75
126.25
126.25
128.75
131.0
131.0
131.75
131.75
133.25
133.25
134.25
134.25
134.75
134.75
134.75
133.75
133.75
133.75
133.75
132.25
132.25
132.25
131.5
131.5
133.25
134.25
134.25
134.25
134.25
134.25
134.25
134.25
134.25
136.0
138.25
138.25
138.5
138.5
140.5
141.0
141.0
142.5
142.5
143.25
144.5
144.5
144.25
144.25
144.5
144.5
144.5
144.75
144.75
144.75
144.25
144.25
143.5
143.5
144.0
145.25
145.25
145.25
146.0
146.0
145.25
145.25
145.25
145.25
145.25
145.25
145.25
145.25
145.25
145.25
145.25
145.25
130.75
130.75
126.25
124.75
124.75
124.5
124.5
124.25
124.25
124.75
124.75
124.25
124.25
126.0
126.0
126.25
126.25
126.25
126.25
130.25
130.0
130.0
130.5
130.5
129.75
129.75
130.25
130.25
130.5
130.5
130.0
130.0
130.0
129.25
129.25
126.5
126.5
126.5
126.5
127.0
127.0
125.5
125.5
125.25
125.25
127.0
127.0
129.75
129.75
129.75
134.5
134.5
134.75
134.75
134.75
134.75
134.75
134.75
134.75
134.25
134.25
134.25
141.25
141.25
141.25
141.25
141.25
141.25
141.75
141.75
141.5
141.5
141.5
143.75
143.75
144.0
144.5
144.5
143.5
143.5
144.0
144.0
144.5
144.5
144.5
144.5
144.5
148.0
148.0
148.0
148.0
148.0
148.75
148.75
147.75
147.25
147.25
148.25
148.25
148.5
147.75
147.75
148.25
148.25
147.5
147.5
149.75
149.75
150.0
150.0
150.0
143.75
143.75
143.0
143.0
148.25
148.25
148.0
148.0
141.75
140.5
140.5
140.5
140.5
141.0
141.0
141.0
141.5
141.5
141.5
141.5
141.5
141.5
141.5
141.5
140.75
140.75
140.75
140.75
140.75
140.75
140.75
140.75
152.0
152.0
153.5
153.5
153.5
153.5
153.75
153.75
153.75
153.75
153.75
153.75
151.6
149.45
147.3
145.15
143.0
143.0
143.0
138.25
138.25
139.0
139.0
138.0
138.0
137.5
137.5
137.5
134.5
134.5
131.5
129.75
129.75
128.5
128.5
128.5
128.5
128.0
128.0
126.75
126.75
126.25
126.25
123.75
123.75
123.75
123.75
122.5
122.5
122.5
122.5
120.5
120.5
119.5
119.5
116.75
116.75
116.75
116.75
116.25
116.25
115.0
115.0
115.0
115.0
112.5
112.5
116.75
116.75
118.75
118.75
118.75
118.25
118.25
117.5
117.5
117.5
117.5
117.75
117.75
117.75
117.75
117.75
117.75
117.5
117.5
117.5
116.5
116.5
116.5
116.5
116.25
116.25
116.25
116.25
117.0
117.0
117.0
117.0
116.75
116.75
116.75
116.75
116.75
116.75
116.75
116.75
118.0
118.0
117.75
117.75
117.75
117.75
117.0
117.0
118.75
118.75
117.0
117.0
116.75
116.75
116.75
116.75
116.75
116.75
118.25
118.25
118.25
118.25
121.5
121.5
121.5
121.5
120.5
120.5
120.5
120.25
120.25
120.0
120.0
120.25
120.25
120.25
121.0
121.0
121.0
121.25
121.5
121.5
121.75
121.75
124.5
124.5
122.75
122.75
122.75
122.75
123.75
123.75
123.0
123.0
123.0
123.0
123.25
123.25
123.75
123.75
122.25
122.25
121.5
121.5
120.75
120.75
120.75
120.75
121.5
121.5
122.25
122.25
122.75
122.75
123.5
123.5
124.25
124.25
124.25
124.25
124.25
124.25
124.25
123.5
123.5
123.75
123.75
124.0
124.0
123.25
123.25
123.25
123.25
123.25
123.25
123.25
123.25
123.25
124.0
124.0
128.25
128.25
126.75
126.75
126.0
126.0
126.5
126.5
131.5
131.5
131.5
131.5
127.75
127.75
126.25
126.25
126.25
123.5
123.5
123.5
123.5
123.5
123.5
123.5
122.25
122.5
122.5
122.75
122.75
123.0
123.0
123.5
123.5
123.5
125.75
125.75
126.5
126.5
128.25
128.25
128.25
128.25
128.5
128.5
128.5
128.5
128.5
128.5
128.5
128.5
129.0
129.0
129.25
129.25
129.25
128.5
128.5
129.0
129.0
129.0
129.0
129.0
127.75
127.75
128.75
128.75
129.0
129.0
129.25
129.25
129.25
129.25
129.25
129.75
129.75
130.25
130.25
130.5
130.5
131.0
131.0
131.5
131.5
130.25
130.75
130.75
131.75
131.75
131.5
131.5
131.25
131.25
131.0
131.0
130.25
129.5
129.5
129.0
129.0
128.5
128.5
129.75
129.75
130.75
130.75
129.5
129.5
129.75
129.75
130.5
130.5
130.75
130.75
131.25
131.5
131.5
131.0
131.0
130.75
130.75
131.0
131.0
131.25
131.5
131.5
131.75
131.75
131.75
131.75
132.75
132.75
133.5
133.25
133.25
132.5
132.5
132.5
131.75
131.75
133.0
133.0
134.5
134.5
134.75
134.75
135.0
135.0
134.5
134.25
134.25
134.5
134.5
134.0
134.0
132.5
132.5
132.0
132.0
132.0
132.25
132.25
133.75
133.75
134.75
134.75
134.75
138.0
138.0
137.5
136.5
136.5
135.75
135.75
135.75
134.75
134.75
134.75
133.0
133.0
133.0
133.0
132.75
132.0
132.0
132.0
133.25
133.25
133.0
133.0
131.5
131.5
130.75
130.75
130.75
130.75
130.75
130.75
130.75
131.25
131.25
131.25
131.25
131.25
131.25
132.25
132.25
132.25
134.25
134.25
131.75
131.75
132.25
132.25
131.75
131.75
132.25
132.25
132.25
134.0
134.0
132.0
132.0
132.75
133.5
133.5
133.75
133.75
134.5
134.5
134.25
134.25
134.25
134.25
134.5
134.75
134.75
135.75
135.75
136.0
136.0
136.0
136.0
136.0
135.75
135.75
136.0
136.0
135.25
135.25
135.25
135.25
134.0
134.0
134.5
134.5
134.5
138.0
138.0
136.5
136.25
136.25
135.25
135.25
133.25
133.25
134.0
134.25
134.25
134.25
134.25
134.25
134.25
133.5
133.5
133.75
134.25
134.25
135.0
135.0
133.25
133.25
132.75
133.5
133.5
133.75
133.75
133.5
133.5
133.5
133.5
133.5
133.5
133.5
133.75
133.75
135.5
135.5
137.75
136.0
136.0
134.5
134.5
134.5
134.0
134.0
134.0
134.0
134.5
134.5
134.0
134.5
134.5
134.5
136.0
136.0
136.0
136.0
136.75
136.75
136.5
136.5
136.25
136.25
135.75
135.75
135.5
135.5
135.5
135.5
135.5
136.25
136.25
136.25
137.25
137.25
136.0
136.0
136.5
136.5
136.75
135.75
135.75
135.75
135.75
136.25
136.25
137.0
136.75
136.75
136.75
138.75
137.75
137.75
137.75
134.0
134.0
136.5
136.5
136.5
136.5
135.5
135.5
136.5
137.0
137.0
137.0
137.0
137.0
137.0
137.0
137.0
137.0
136.25
136.25
136.25
136.25
136.25
136.25
137.0
137.0
137.0
137.25
136.75
136.75
136.75
136.75
137.25
137.25
138.25
139.25
139.25
139.25
139.25
140.25
140.25
141.25
141.25
140.5
140.0
140.0
140.0
139.75
139.75
143.5
143.5
142.5
142.5
141.5
141.5
141.5
141.0
141.0
141.0
141.5
141.5
141.5
141.5
141.0
141.0
142.75
142.25
142.25
141.75
141.75
143.0
143.0
143.75
142.5
142.5
142.5
142.5
142.5
141.75
141.75
141.25
141.25
141.5
141.5
143.0
143.0
142.0
142.0
142.0
142.0
142.25
142.25
142.5
142.5
142.5
143.75
143.75
143.25
142.75
142.75
143.25
143.25
143.5
142.0
142.0
142.0
142.0
142.25
141.75
141.75
141.5
141.5
141.0
141.0
143.25
143.25
143.25
144.75
144.75
145.0
145.0
145.0
146.25
146.25
146.75
147.0
147.0
147.5
147.5
149.0
149.0
149.5
149.5
142.25
142.25
142.25
140.0
140.0
140.0
140.0
140.0
139.0
139.0
138.5
138.75
138.75
138.75
138.75
138.75
138.75
138.75
138.5
138.0
138.0
138.75
138.75
138.75
138.75
138.75
138.75
136.75
136.75
136.25
136.25
136.25
136.5
136.5
138.0
138.0
137.5
137.5
136.5
136.5
136.5
136.5
136.5
139.75
139.75
136.75
136.5
136.5
136.0
136.0
136.0
136.0
136.25
136.5
136.5
136.5
136.5
136.75
137.25
137.25
137.25
137.75
137.75
138.75
138.75
138.75
138.75
138.75
139.0
139.0
139.0
137.25
137.25
136.25
137.5
137.5
137.5
139.75
139.75
138.25
138.25
137.75
137.75
138.75
140.75
140.75
140.5
140.5
140.75
140.75
140.5
139.75
139.75
139.5
139.5
139.5
139.5
140.75
140.75
140.0
140.0
139.25
139.25
138.75
138.75
138.25
138.25
137.75
137.75
137.75
139.0
139.0
139.75
139.75
139.75
139.75
139.75
140.5
140.5
139.0
138.5
138.5
140.0
140.0
139.0
139.0
139.0
139.0
139.25
139.25
139.25
138.25
138.25
137.25
138.25
138.25
138.75
138.75
139.5
139.5
141.0
141.0
141.0
141.25
141.25
141.25
141.25
141.5
140.0
140.0
139.25
139.25
139.25
139.25
139.25
138.75
138.75
140.0
140.0
140.5
140.5
136.75
136.75
138.0
138.0
138.25
138.25
139.5
140.0
140.0
140.25
140.25
139.25
139.25
139.0
139.0
139.5
139.5
139.75
139.75
139.75
139.75
137.75
137.75
137.75
137.0
137.0
137.25
137.25
137.25
138.75
138.75
138.75
138.75
138.75
138.25
137.25
137.25
137.25
137.25
137.25
138.25
138.25
139.0
139.0
139.0
139.0
139.25
138.5
138.5
138.25
138.25
138.75
138.75
138.75
138.75
137.75
137.75
139.5
139.5
139.5
140.25
140.25
140.25
138.75
138.75
138.25
138.25
138.25
138.25
138.25
136.75
137.75
137.75
139.75
139.75
139.5
139.5
137.5
137.5
136.5
136.5
136.5
139.0
139.0
139.0
138.5
138.5
137.75
137.75
136.75
136.75
138.5
139.25
139.25
138.0
138.0
136.75
136.25
136.25
136.25
136.25
136.5
136.5
136.5
136.75
136.75
138.75
138.75
138.25
138.25
137.0
138.5
138.5
138.5
140.75
140.75
140.75
137.25
136.0
136.0
136.0
136.5
136.0
136.0
136.0
137.0
137.0
137.25
137.25
137.5
137.5
139.75
139.75
139.75
138.0
138.25
138.25
138.75
138.75
139.0
139.0
139.0
139.25
139.25
139.25
139.25
139.25
139.25
139.5
139.5
139.5
139.25
139.25
138.75
138.75
139.25
139.25
139.25
140.0
140.0
140.0
139.5
139.5
140.75
140.75
141.25
141.25
140.0
140.0
140.0
139.5
139.5
139.5
137.75
137.75
138.75
138.75
138.75
139.75
139.75
140.0
140.0
140.0
140.0
139.5
138.0
138.0
137.5
137.5
137.75
138.5
138.5
138.5
138.5
138.5
138.5
137.75
137.75
139.5
138.75
138.75
138.75
138.75
139.5
139.5
139.5
139.5
139.5
139.5
139.5
139.5
139.5
139.5
140.0
140.0
139.75
139.75
140.0
140.25
140.25
140.25
140.25
140.25
140.25
139.25
140.0
140.0
140.25
140.25
139.25
139.25
139.25
138.75
138.75
138.75
138.75
138.75
138.75
138.75
144.5
144.5
143.75
143.0
143.0
140.75
140.75
140.75
150.5
150.5
150.5
150.5
150.5
148.5
147.5
147.5
148.0
148.0
148.0
150.75
150.75
150.75
150.75
150.75
151.25
151.25
150.0
150.5
150.5
149.75
149.75
149.75
150.25
150.25
152.5
152.5
154.0
154.0
154.0
154.0
154.0
150.25
150.25
150.5
150.5
155.25
153.25
153.25
150.0
150.0
150.0
145.0
145.0
145.25
145.25
148.25
147.25
147.25
147.5
147.5
146.75
147.25
147.25
147.25
147.25
147.25
147.25
147.25
146.0
146.0
146.0
146.25
144.0
144.0
144.0
144.75
144.75
144.25
144.25
144.25
144.25
142.75
142.75
143.5
143.0
143.0
143.0
143.0
143.75
143.75
143.75
143.75
143.75
143.75
143.75
143.75
143.25
143.25
142.75
143.75
143.75
145.5
145.5
144.25
144.25
142.75
142.75
144.25
144.25
144.75
144.75
144.75
144.25
144.25
144.25
145.0
145.0
145.0
143.5
143.5
146.0
146.0
145.25
145.25
145.0
146.25
146.25
146.25
142.5
142.5
142.5
140.75
140.25
140.25
144.0
145.5
145.5
145.75
145.75
143.75
143.75
143.5
144.25
144.25
144.5
144.5
144.5
144.75
144.25
144.25
144.5
144.5
144.75
144.75
144.75
144.25
144.25
145.0
145.0
144.25
144.25
144.5
144.75
144.75
146.0
146.0
146.0
145.75
145.75
145.75
144.75
144.75
144.5
144.5
144.5
143.5
143.5
143.5
143.5
143.75
144.0
144.0
143.0
143.0
141.75
143.0
143.0
143.0
143.0
143.0
143.5
143.5
143.75
143.75
143.75
144.0
144.0
144.0
144.0
143.5
143.25
143.25
143.75
143.75
143.75
144.25
144.25
143.5
143.5
143.75
144.0
144.0
144.0
143.5
143.5
142.25
142.25
141.5
141.5
142.0
142.75
142.75
142.75
142.75
142.75
142.75
142.75
142.75
142.75
141.75
141.75
141.75
142.75
142.75
142.75
143.5
143.5
143.75
143.75
143.25
142.75
142.75
143.0
143.0
143.25
143.25
144.25
143.25
143.25
142.75
142.25
142.25
142.25
142.25
142.25
144.25
144.25
143.5
143.25
143.25
143.25
143.25
143.25
143.25
142.75
142.75
142.75
142.75
142.5
142.5
142.25
142.5
142.5
142.0
142.0
142.0
142.0
142.0
141.5
140.75
140.75
140.0
140.0
141.0
141.0
141.0
141.5
141.5
141.0
141.0
141.0
140.5
140.5
140.25
140.25
140.75
140.75
141.5
142.0
142.0
142.0
142.0
140.75
140.75
142.25
142.25
142.5
142.5
141.5
141.5
141.0
140.5
140.5
140.0
140.0
139.75
139.75
140.0
140.75
140.75
140.75
140.75
140.75
141.25
141.25
141.5
141.5
141.25
140.75
140.75
141.0
141.0
141.0
141.0
141.0
140.5
140.5
141.0
141.0
140.5
140.25
140.25
140.25
140.25
139.75
140.25
140.25
140.75
140.75
140.0
140.0
140.5
140.5
140.0
140.0
139.75
140.0
140.0
140.0
140.0
140.0
141.25
141.25
141.25
142.25
142.25
142.0
142.5
142.5
142.5
142.5
141.5
141.5
141.0
141.0
141.25
141.25
141.0
142.25
142.25
142.25
142.25
142.25
141.0
141.0
140.5
140.5
140.5
140.75
140.75
140.5
140.5
141.0
141.5
141.5
141.0
141.0
141.0
141.0
141.0
141.0
141.0
140.5
141.0
141.0
138.25
138.25
138.25
140.0
140.0
140.75
140.75
140.75
140.75
141.0
141.0
141.5
141.5
141.5
141.0
141.0
141.0
141.0
141.0
139.0
139.0
138.5
138.5
138.5
138.5
138.5
138.0
138.0
138.0
138.0
138.5
138.5
139.0
139.0
138.75
138.75
139.75
140.75
140.75
140.75
140.5
140.25
140.25
140.25
140.25
140.25
140.25
140.25
140.5
140.5
140.75
139.5
139.5
140.25
140.25
140.75
141.5
141.5
142.0
142.0
142.0
139.0
139.0
140.5
140.5
141.0
142.25
142.25
141.75
141.75
141.75
141.0
141.0
142.25
142.25
142.5
142.5
142.5
141.5
140.75
140.75
140.5
140.5
141.5
142.25
142.25
142.25
142.25
140.75
140.75
140.0
140.0
141.25
141.0
141.0
139.5
139.5
139.5
140.0
140.0
140.25
140.25
140.5
140.5
140.5
140.25
140.25
140.75
140.75
141.0
140.0
140.0
140.5
140.5
139.5
139.5
139.0
140.0
140.0
140.0
140.0
139.5
139.75
139.75
139.5
139.5
140.0
140.0
140.0
140.75
140.75
141.5
141.5
141.5
141.5
140.25
140.25
140.25
140.75
140.75
141.0
140.25
140.25
140.25
137.5
137.5
137.5
137.5
138.0
138.0
138.5
141.0
141.0
142.0
142.0
142.0
142.0
142.0
140.25
140.25
140.25
140.0
140.0
140.75
140.75
140.25
140.25
140.5
140.5
140.75
140.75
139.0
139.0
138.75
139.0
139.0
140.0
140.0
140.75
141.5
141.5
142.25
142.25
141.25
140.25
140.25
141.25
141.25
141.75
141.75
141.0
140.25
140.25
139.75
139.75
138.0
138.0
137.5
137.5
136.25
136.25
136.25
139.0
139.0
139.25
139.25
139.25
139.25
139.5
139.5
139.5
139.25
139.25
139.0
139.0
139.0
140.75
140.75
141.0
141.0
142.0
142.0
142.5
141.25
141.25
140.5
140.5
143.25
143.5
143.5
143.5
142.5
142.5
135.0
135.0
140.5
140.5
140.5
140.5
140.5
143.5
143.5
144.0
144.5
144.5
144.5
147.75
147.75
147.75
144.75
144.25
144.25
144.25
145.5
145.5
144.5
144.5
144.5
144.5
145.25
145.25
145.25
145.25
145.25
145.25
145.5
145.5
144.25
144.25
144.25
145.75
145.75
146.25
146.25
146.25
146.25
146.25
146.75
146.75
146.75
147.0
147.0
147.0
148.75
148.75
148.0
148.0
147.75
147.75
149.25
149.25
149.25
150.0
150.0
148.75
148.75
148.75
148.75
148.75
148.75
148.75
148.75
146.0
146.0
144.5
144.5
145.0
145.75
145.75
146.25
146.25
146.5
146.5
146.5
146.5
146.5
146.5
146.5
146.5
146.27777777777777
146.05555555555554
145.83333333333334
145.61111111111111
145.38888888888889
145.16666666666666
144.94444444444446
144.72222222222223
144.5
144.27777777777777
144.05555555555554
143.83333333333334
143.61111111111111
143.38888888888889
143.16666666666666
142.94444444444446
142.72222222222223
142.5
142.27777777777777
142.05555555555554
141.83333333333334
141.61111111111111
141.38888888888889
141.16666666666666
140.94444444444446
140.72222222222223
140.5
140.27777777777777
140.05555555555554
139.83333333333334
139.61111111111111
139.38888888888889
139.16666666666666
138.94444444444446
138.72222222222223
138.5
138.5
138.5
140.5
140.5
140.25
140.25
140.25
140.25
140.0
140.0
140.0
140.0
140.0
140.5
140.5
141.0
141.25
141.25
141.25
141.25
141.25
141.0
141.0
140.25
140.25
139.5
139.5
139.25
139.25
139.25
139.25
129.75
129.75
133.0
133.0
138.5
138.5
138.5
140.25
140.25
138.25
138.5
138.5
138.75
138.75
139.5
139.5
139.5
139.25
139.25
138.5
138.5
138.75
140.75
140.75
139.75
139.75
139.75
139.75
139.75
138.75
138.75
138.75
138.75
138.75
136.5
136.5
137.0
136.5
136.5
137.5
137.5
137.75
137.75
137.5
137.5
137.5
137.5
136.5
137.0
137.0
135.25
135.25
136.0
136.0
136.0
134.75
134.75
135.25
135.25
136.0
136.0
136.0
137.25
137.25
136.0
136.0
136.0
135.5
135.5
135.5
135.5
135.75
135.75
135.0
135.0
136.25
136.25
137.25
137.25
137.25
136.5
136.5
136.75
136.75
136.75
137.75
137.75
137.0
137.0
137.25
137.25
137.25
136.75
136.75
136.75
136.75
137.5
137.5
136.75
137.5
137.5
137.75
137.75
138.75
139.0
139.0
138.75
138.75
138.25
138.25
137.75
138.25
138.25
139.25
139.25
139.25
140.0
140.0
138.0
138.0
138.5
138.5
139.0
139.0
139.0
139.75
139.75
139.5
139.5
139.0
138.75
138.75
138.0
138.0
137.5
137.5
137.5
136.25
136.25
135.25
135.25
137.5
138.5
138.5
137.0
137.0
136.5
136.5
137.5
137.5
137.5
137.75
137.75
138.0
138.0
138.25
138.5
138.5
139.0
139.0
140.25
140.25
138.25
139.75
139.75
138.25
138.25
137.0
137.0
137.0
136.5
136.5
137.25
137.25
137.0
137.0
137.5
137.5
137.5
139.0
139.0
136.5
136.5
136.5
138.75
138.75
138.75
138.75
139.0
139.0
137.5
137.0
137.0
137.5
137.5
137.75
137.75
137.75
133.5
133.5
135.75
135.75
137.0
137.0
138.0
138.0
138.0
138.0
137.25
137.25
137.25
136.75
136.75
135.75
135.75
133.25
133.25
133.25
137.5
137.5
137.5
137.5
137.5
136.75
136.75
139.0
138.25
138.25
138.25
138.25
138.25
138.25
138.25
138.0
138.0
137.75
137.75
138.25
137.5
137.5
137.75
137.75
137.5
137.5
138.0
138.0
138.0
138.75
138.75
137.75
137.75
136.25
136.75
136.75
137.5
137.5
138.5
138.5
138.5
139.25
139.25
139.5
139.5
140.0
138.5
138.5
136.5
136.5
136.5
137.75
137.75
137.0
137.0
138.25
138.25
138.5
139.0
139.0
138.75
138.75
138.25
138.25
139.25
137.75
137.75
137.75
137.75
139.0
138.5
138.5
138.5
138.5
137.25
137.25
137.5
138.25
138.25
138.5
138.5
137.75
139.0
139.0
139.75
139.75
139.25
139.25
138.5
138.5
138.5
138.5
137.25
136.5
136.5
136.5
136.5
137.0
137.0
137.25
137.25
137.25
137.25
138.5
138.5
138.75
138.75
138.75
135.75
135.75
137.25
137.25
138.0
138.0
137.75
137.75
137.5
138.0
138.0
138.0
138.0
137.5
137.5
136.75
136.75
136.0
136.5
136.5
137.0
137.0
136.25
136.25
136.25
136.25
136.25
137.25
137.25
137.75
137.75
137.75
137.0
137.25
137.25
138.0
138.0
138.5
138.5
139.0
139.0
138.75
138.75
138.0
138.0
136.5
136.5
136.5
136.5
135.0
135.0
135.25
135.25
136.25
136.25
137.25
137.25
137.25
136.5
136.5
136.5
136.5
137.0
137.0
137.75
137.75
137.25
137.5
137.5
137.5
137.5
137.75
137.75
138.0
138.25
138.25
137.75
137.75
137.75
137.75
137.0
136.5
136.5
137.25
137.25
138.0
137.75
137.75
137.25
137.25
136.25
136.25
136.25
136.25
136.25
136.25
136.25
136.25
136.25
136.75
136.75
138.5
138.0
138.0
136.75
136.75
136.75
137.0
137.5
137.5
137.5
137.5
137.5
137.0
136.5
136.5
136.25
136.25
136.25
136.25
136.5
138.0
138.0
137.0
137.0
137.25
137.25
138.25
138.25
138.25
137.75
137.75
138.0
138.0
138.0
138.75
138.75
138.0
138.0
136.75
136.75
136.75
136.75
138.5
139.0
139.0
138.0
138.0
137.5
137.5
136.75
136.75
136.75
137.5
137.5
138.0
138.0
137.75
137.75
137.75
137.5
137.5
137.5
137.5
136.75
136.75
136.75
136.75
136.75
136.75
136.75
136.75
136.75
136.75
136.75
136.75
137.75
137.75
138.0
138.0
138.75
138.75
139.0
138.25
138.25
137.75
137.75
138.0
138.0
138.0
138.0
136.0
136.0
137.25
137.5
137.5
136.5
136.5
136.25
136.25
136.25
136.25
136.25
136.75
136.75
137.0
137.0
137.0
137.25
137.25
137.25
137.25
137.25
137.25
135.75
136.0
136.0
137.5
137.5
137.5
137.0
137.0
137.0
136.5
136.5
136.25
136.25
135.25
135.25
135.75
135.75
135.5
135.5
135.75
135.75
135.75
136.75
136.75
137.25
137.25
136.5
136.5
135.75
135.75
135.25
135.25
135.0
135.0
135.0
133.25
133.25
131.25
135.75
135.75
136.5
136.5
136.5
136.5
136.75
136.75
136.25
136.25
135.5
135.5
135.5
135.5
135.5
137.25
137.25
136.75
136.75
137.25
137.0
137.0
136.75
136.75
136.75
136.5
136.5
137.75
137.75
139.25
139.25
139.25
138.75
138.75
139.5
138.75
138.75
138.75
140.5
140.5
140.5
140.75
141.25
141.25
142.5
142.5
142.5
143.75
143.75
142.5
142.5
142.5
143.75
143.75
143.75
145.5
145.5
145.25
145.25
144.25
144.25
147.75
147.75
147.75
148.75
148.75
149.0
149.0
149.0
148.5
146.5
146.5
145.5
145.5
145.5
149.75
149.75
149.75
144.75
144.75
144.0
144.0
145.5
145.5
145.5
145.75
145.75
146.75
147.75
147.75
147.5
147.75
147.75
148.0
148.0
148.0
148.0
144.75
144.75
144.75
150.75
150.75
150.25
150.25
150.0
150.0
146.5
146.5
146.5
144.75
144.75
144.75
144.75
143.875
143.0
143.0
142.5
142.5
142.5
141.0
141.0
135.5
135.5
137.5
137.5
138.75
138.75
136.5
135.5
135.5
134.75
134.75
133.25
133.25
132.75
132.75
136.0
136.0
136.0
138.25
138.25
138.5
138.5
138.75
137.0
137.0
135.25
135.25
134.5
134.5
134.25
134.25
134.25
133.5
133.5
134.25
134.25
135.0
135.0
135.25
135.25
135.25
135.25
135.25
135.25
135.5
135.5
135.75
135.75
135.5
135.5
134.25
134.25
134.25
134.25
135.0
135.5
135.5
134.75
134.75
134.25
134.25
134.25
134.25
134.25
134.25
134.25
134.25
134.25
134.25
136.25
136.0
136.0
135.25
135.25
135.0
135.75
135.75
136.0
136.0
135.5
135.5
135.5
134.75
134.75
134.25
134.25
135.25
135.0
135.0
135.5
135.5
135.5
135.5
134.0
134.25
134.25
134.75
134.75
134.75
134.75
134.75
134.75
134.25
135.0
135.0
134.5
134.5
133.75
133.75
133.75
133.75
133.75
133.0
133.0
133.25
133.25
133.25
133.25
135.0
135.0
135.0
135.25
135.25
135.25
135.0
135.0
135.0
134.75
134.75
134.75
137.0
137.0
137.0
137.0
135.0
135.0
135.0
135.0
135.0
132.0
132.0
132.0
132.0
137.0
137.75
137.75
137.75
134.5
134.5
133.75
135.0
135.0
135.0
138.0
138.0
138.0
139.25
139.25
139.25
137.5
136.25
136.25
136.25
136.25
136.75
136.75
136.75
138.0
138.0
136.25
136.25
138.0
138.25
138.25
137.75
137.75
141.0
141.0
141.75
141.75
141.75
139.25
139.25
137.25
137.25
136.75
136.75
136.75
136.75
136.75
136.75
136.75
136.75
136.75
136.75
136.75
136.75
135.51829268292684
134.28658536585365
133.0548780487805
131.8231707317073
130.59146341463415
129.359756097561
128.1280487804878
126.89634146341463
125.66463414634147
124.4329268292683
123.20121951219512
121.96951219512195
120.73780487804878
119.5060975609756
118.27439024390245
117.04268292682927
115.8109756097561
114.57926829268293
113.34756097560975
112.11585365853658
110.88414634146342
109.65243902439025
108.42073170731707
107.1890243902439
105.95731707317073
104.72560975609755
103.4939024390244
102.26219512195122
101.03048780487805
99.79878048780488
98.5670731707317
97.33536585365854
96.10365853658537
94.8719512195122
93.64024390243902
92.40853658536585
91.17682926829268
89.94512195121952
88.71341463414635
87.48170731707317
86.25
86.25
86.25
86.25
79.25
79.25
79.25
86.5
86.5
90.5
90.5
90.5
91.25
91.25
91.25
91.25
91.25
91.25
91.25
91.25
91.10227272727273
90.95454545454545
90.80681818181819
90.6590909090909
90.51136363636364
90.36363636363636
90.2159090909091
90.06818181818181
89.92045454545455
89.77272727272727
89.625
89.47727272727273
89.32954545454545
89.18181818181819
89.0340909090909
88.88636363636364
88.73863636363636
88.5909090909091
88.44318181818181
88.29545454545455
88.14772727272727
88.0
88.0
88.0
88.0
88.0
88.0
88.0
88.0
88.0
78.25
78.25
78.0
78.0
78.0
78.0
78.0
78.0
78.0
78.0
78.0
78.0
79.0
79.0
79.0
79.0
79.0
80.75
80.75
81.0
81.0
81.0
81.0
81.0
81.0
81.0
81.0
81.0
79.25
77.5
75.75
74.0
72.25
70.5
70.5
70.5
70.5
70.5
70.5
70.5
70.5
70.5
95.83333333333333
121.16666666666666
146.5
146.5
146.5
146.5
146.5
144.5
145.0
145.0
145.0
145.0
144.75
144.75
144.75
142.5
143.0
143.0
141.5
141.5
141.0
141.0
141.5
141.5
141.0
141.0
141.0
141.0
141.0
141.0
138.25
138.25
139.0
139.0
139.25
139.25
139.25
139.0
139.0
138.25
137.25
137.25
137.25
137.25
137.5
137.5
139.75
139.75
139.75
138.75
138.75
139.5
139.5
139.5
139.5
138.5
138.25
138.25
138.75
138.75
138.75
138.75
138.75
139.5
139.5
140.0
140.5
140.5
139.75
139.75
138.25
138.25
138.25
137.5
137.5
137.5
131.75
131.75
131.75
131.5
131.5
131.5
140.25
140.25
141.0
141.75
141.75
141.0
141.0
141.0
140.75
140.75
140.5
140.5
140.5
139.75
139.75
139.75
139.5
139.5
139.5
139.5
142.5
142.5
143.5
143.5
144.25
144.5
144.5
145.0
145.0
145.5
145.5
145.5
147.25
147.25
146.0
146.0
149.0
149.75
149.75
150.0
150.0
150.0
150.0
150.0
150.0
150.0
144.5
144.0
144.0
144.0
143.75
143.75
143.75
143.75
143.75
143.75
143.75
145.02777777777777
146.30555555555554
147.58333333333334
148.86111111111111
150.13888888888889
151.41666666666666
152.69444444444446
153.97222222222223
155.25
155.25
154.75
154.75
154.75
154.75
155.25
155.25
155.25
156.0
156.0
156.25
156.25
155.75
155.75
155.75
155.75
160.25
160.25
159.75
159.75
159.5
157.0
157.0
154.75
154.75
153.0
153.0
151.75
151.75
151.75
151.5
151.5
151.5
151.5
151.5
151.5
151.5
151.5
152.91666666666666
154.33333333333334
155.75
155.75
155.75
156.25
156.25
156.25
156.25
156.25
156.25
156.25
156.25
155.77083333333334
155.29166666666666
154.8125
154.33333333333334
153.85416666666666
153.375
152.89583333333334
152.41666666666666
151.9375
151.45833333333334
150.97916666666666
150.5
150.02083333333334
149.54166666666666
149.0625
148.58333333333334
148.10416666666666
147.625
147.14583333333334
146.66666666666666
146.1875
145.70833333333334
145.22916666666666
144.75
144.75
144.75
145.75
145.75
146.75
146.75
146.75
146.75
146.75
146.75
147.0
147.25
147.25
147.25
147.0
147.0
147.0
146.75
146.75
145.75
146.0
146.0
144.0
144.0
142.0
141.25
141.25
141.0
141.0
141.0
141.0
141.0
141.0
141.0
144.25
144.25
144.5
144.5
143.0
142.5
142.5
143.25
143.25
143.25
143.75
143.75
143.75
143.75
143.75
144.0
144.0
142.25
142.25
141.75
141.75
141.75
141.75
141.75
142.75
142.75
140.75
139.75
139.75
141.5
141.5
142.0
142.0
142.0
141.75
141.75
141.75
142.5
142.5
142.5
142.5
142.0
142.5
142.5
142.0
142.0
141.25
141.25
141.0
141.0
141.0
141.0
141.0
141.0
141.0
141.0
141.0
138.0
138.0
138.0
139.0
139.0
139.0
138.75
138.75
139.5
139.5
142.5
142.5
142.25
141.25
141.25
141.25
141.25
140.5
140.0
140.0
139.75
139.75
142.0
142.0
142.5
142.0
142.0
139.75
139.75
139.0
139.5
139.5
139.5
139.75
139.75
140.25
140.25
139.25
139.25
139.25
138.25
138.25
138.0
138.0
140.5
140.5
141.25
141.25
141.25
140.0
140.0
140.5
139.0
139.0
138.75
138.75
138.75
138.75
138.75
138.75
138.75
138.75
138.75
138.25
138.25
138.25
138.25
138.25
138.25
138.25
138.25
138.25
105.625
73.0
73.0
73.0
73.0
73.0
73.0
73.0
75.75
75.75
75.75
75.75
68.25
68.25
68.25
68.75
68.75
68.75
73.5
73.5
73.5
73.5
74.0
74.0
74.0
74.0
74.0
74.0
74.0
91.4375
108.875
126.3125
143.75
143.75
143.75
141.25
141.25
141.25
142.0
142.0
140.75
140.75
140.75
141.75
141.75
141.75
141.75
142.0
142.0
142.0
142.0
142.0
142.0
142.0
141.25
142.0
142.0
143.25
143.25
143.25
144.0
144.0
145.25
145.25
144.25
143.25
143.25
143.5
143.5
143.75
143.25
143.25
143.75
143.75
144.0
143.5
143.5
142.75
142.75
142.75
144.75
144.75
143.0
143.0
143.5
145.0
145.0
143.25
143.25
143.25
143.25
143.25
142.75
142.75
143.0
143.0
143.25
143.0
143.0
143.0
143.0
143.0
143.25
143.25
142.5
142.5
142.5
143.75
143.75
143.25
143.0
143.0
144.25
144.25
143.25
143.25
143.0
142.5
142.5
142.0
142.0
142.0
142.5
142.5
142.0
142.0
142.0
142.5
142.5
143.5
143.5
144.0
144.0
144.0
143.75
143.75
143.75
143.75
143.75
142.5
142.0
142.0
141.5
141.5
141.75
141.75
141.75
142.0
142.0
142.25
142.25
142.5
142.5
142.5
144.25
144.25
144.25
143.25
143.25
143.25
143.25
143.25
143.25
143.25
143.25
143.25
143.5
143.5
143.5
143.0
143.0
143.0
143.0
143.25
143.25
143.25
143.0
143.0
143.5
143.5
143.75
143.75
143.75
141.5
141.5
140.75
141.25
141.25
143.5
143.5
143.5
143.5
143.5
144.0
144.0
143.75
143.75
140.25
140.25
139.25
139.25
139.75
139.75
143.0
143.0
143.0
141.75
141.75
142.0
142.0
143.0
143.0
143.0
143.5
143.5
143.75
144.0
144.0
144.0
141.25
141.25
142.25
142.25
142.75
142.75
142.75
147.5
147.5
148.5
148.5
149.25
149.25
149.25
151.5
151.5
151.5
151.5
149.0
149.0
149.0
150.0
150.0
152.5
152.5
152.5
152.75
151.25
151.25
150.75
150.75
147.5
147.5
146.75
146.5
146.5
147.0
147.0
147.25
147.25
147.25
147.25
146.25
146.25
148.75
148.75
150.75
151.25
151.25
151.25
151.25
150.75
150.0
150.0
150.25
150.25
150.5
150.5
148.75
148.75
148.5
148.5
148.5
149.25
152.25
152.25
152.25
152.25
151.25
151.25
149.25
149.25
145.5
145.5
145.5
145.5
145.5
145.0
145.0
149.75
149.75
154.5
154.5
156.25
156.25
156.25
153.0
153.0
152.5
152.5
152.5
152.5
152.5
152.5
152.5
152.5
144.75
150.5
150.5
151.25
151.25
150.75
150.75
152.0
152.0
152.5
152.5
152.75
153.0
153.0
153.0
153.0
152.25
152.25
152.5
152.75
152.75
152.75
152.75
152.75
152.75
152.75
152.25
152.25
149.5
149.5
149.5
148.75
151.0
151.0
153.0
153.0
153.0
153.75
153.75
155.0
155.0
158.5
158.5
160.0
160.0
160.0
160.0
160.75
160.75
160.75
160.75
160.75
160.75
160.75
160.75
160.58333333333334
160.41666666666666
160.25
160.25
157.0
157.0
155.75
155.75
155.5
155.5
155.5
155.5
155.5
155.5
155.5
155.5
155.5
