136.25
136.25
135.75
135.75
136.5
136.75
136.75
137.25
137.25
138.5
138.5
138.5
138.25
138.25
138.5
138.5
139.25
139.25
136.75
136.75
136.75
132.5
132.5
132.75
132.75
132.75
130.75
128.5
128.5
128.5
127.0
129.5
129.5
130.5
130.5
131.25
131.25
132.0
132.5
132.5
133.0
133.0
133.5
133.5
134.0
134.0
133.5
133.5
134.25
135.0
135.0
135.25
135.25
135.75
135.75
136.5
137.0
137.0
136.75
136.75
137.25
137.5
137.5
138.5
138.5
138.75
138.75
138.75
139.75
139.75
139.5
139.5
139.5
140.0
140.0
140.75
140.75
139.5
139.0
139.0
139.5
139.5
139.25
139.25
139.25
138.75
138.75
139.0
139.0
138.5
138.5
139.0
138.5
138.5
139.0
139.0
139.5
139.0
139.0
138.5
138.5
138.75
138.75
138.5
137.75
137.75
137.5
137.5
138.0
138.0
138.5
137.0
137.0
136.5
136.5
137.0
137.0
138.25
138.5
138.5
139.0
139.0
139.5
139.5
139.5
139.75
139.75
140.25
140.5
140.5
140.0
140.0
140.5
140.5
140.25
140.75
140.75
140.5
140.5
139.75
139.5
139.5
138.5
138.5
138.75
138.75
139.25
139.25
139.25
139.5
139.5
139.25
139.25
141.25
142.25
142.25
142.25
142.25
142.25
142.25
142.25
142.25
142.5
142.5
145.75
145.75
146.25
146.25
146.25
146.25
146.25
146.25
146.25
146.25
145.25
145.25
145.0
145.0
145.0
145.25
145.25
145.75
146.0
146.0
146.75
146.5
146.5
146.5
146.5
147.0
147.0
147.5
147.75
147.75
147.75
147.25
147.25
147.5
147.25
147.25
147.75
147.75
148.0
148.0
149.0
148.25
148.25
147.25
147.25
147.75
147.75
147.75
147.75
147.25
147.25
147.25
146.25
146.25
145.5
145.5
146.0
146.25
146.25
145.5
145.5
145.0
144.0
144.0
144.25
144.25
145.0
144.0
144.0
143.75
143.75
142.5
144.0
144.0
144.75
145.0
145.0
144.5
144.5
145.0
145.25
145.25
146.0
146.0
145.0
144.75
144.75
144.0
144.0
144.25
144.75
144.75
144.5
144.5
144.5
144.5
143.25
140.25
140.25
140.75
140.75
141.0
141.5
141.5
141.0
141.0
142.0
142.0
142.0
141.75
141.75
142.0
142.0
142.0
142.0
142.0
142.5
143.75
143.75
143.75
143.75
143.75
144.75
144.75
142.75
139.25
139.25
132.25
132.25
130.0
130.0
134.75
134.75
135.75
137.5
137.5
137.5
139.0
139.0
139.0
139.5
139.5
139.75
140.0
140.0
140.75
140.75
141.5
141.5
141.5
141.5
141.5
141.75
141.75
141.5
141.75
141.75
142.0
142.0
141.5
141.5
141.5
141.5
141.5
141.25
140.75
140.75
140.5
140.5
139.5
139.5
139.25
138.75
138.75
138.25
138.25
135.75
135.75
135.75
135.75
135.75
135.25
135.25
135.0
135.0
136.0
136.0
134.25
134.5
134.5
135.75
135.75
137.0
137.75
137.75
139.0
139.0
138.25
138.25
138.75
140.0
140.0
141.0
141.0
140.75
140.75
137.75
138.0
138.0
139.0
139.0
139.75
139.5
139.5
139.75
139.75
140.75
140.75
139.0
137.75
137.75
138.75
138.75
139.5
140.75
140.75
140.5
140.5
141.25
141.25
143.25
142.5
142.5
142.0
142.0
141.75
141.75
141.75
142.0
141.75
141.75
145.25
145.25
143.75
143.75
143.75
144.5
144.5
144.75
144.75
144.75
145.0
145.0
145.0
145.5
145.5
146.0
146.0
145.75
147.0
147.0
147.25
147.25
147.25
148.0
148.0
149.25
149.5
149.5
149.25
149.5
149.5
149.75
149.75
149.75
149.5
149.5
149.5
149.5
149.25
149.5
149.5
149.0
149.0
148.5
148.5
148.5
145.75
145.0
145.0
145.0
145.0
145.0
145.0
145.0
145.0
145.0
145.0
141.5
141.5
141.25
141.25
140.75
141.0
141.0
140.75
140.75
140.75
140.75
139.5
139.5
134.75
134.25
134.25
134.75
134.75
133.25
133.25
134.25
134.25
134.25
134.5
134.5
135.0
135.0
135.75
135.75
137.0
137.0
137.25
138.25
138.25
139.0
139.0
139.25
139.5
139.5
140.0
140.0
140.25
140.75
140.75
141.25
141.25
141.0
141.75
141.75
142.5
142.5
143.25
145.0
145.0
145.25
145.25
145.25
145.25
145.25
145.25
145.25
146.25
146.5
146.5
146.5
146.25
146.25
145.5
145.5
145.25
145.5
145.5
145.75
145.75
145.25
145.0
145.0
145.75
145.75
145.0
144.75
144.75
145.25
145.25
145.5
145.5
145.5
145.0
145.0
145.0
145.25
145.25
145.25
146.5
146.5
147.5
147.5
150.0
150.25
150.25
150.0
152.0
152.0
151.5
151.5
149.75
148.5
148.5
148.75
148.25
148.25
149.0
149.0
148.0
149.0
149.0
149.0
149.0
149.0
149.0
149.0
149.0
149.75
149.75
149.75
149.75
149.0
149.0
149.0
149.0
149.25
149.25
149.5
149.5
150.5
150.0
150.0
150.5
150.5
150.5
149.25
149.25
147.25
145.5
145.5
142.75
142.75
142.25
140.75
140.75
142.5
142.5
143.0
143.5
143.5
143.5
143.5
144.75
146.25
146.25
147.5
149.25
149.25
150.0
150.0
150.75
149.25
149.25
151.75
151.25
151.25
150.5
150.5
152.5
154.25
154.25
154.0
154.0
154.0
154.0
154.0
154.0
154.0
154.0
154.0
153.75
153.75
153.75
153.75
150.125
146.5
142.875
139.25
135.625
132.0
128.375
124.75
124.75
123.5
123.5
123.0
123.0
122.25
122.25
121.25
121.25
122.25
121.75
121.75
121.5
121.5
121.5
122.75
122.75
125.75
125.75
125.75
125.75
125.75
125.75
125.75
126.0
126.0
128.5
128.5
128.0
128.25
128.25
128.0
128.0
128.25
128.25
128.25
128.25
129.25
129.25
129.75
129.75
131.25
131.25
129.75
131.0
131.0
132.0
132.0
134.5
134.5
134.25
132.75
132.75
132.75
130.75
130.75
129.0
131.25
131.25
133.25
133.75
133.75
134.0
134.0
134.25
134.25
135.0
135.0
134.75
135.0
135.0
134.25
134.25
135.0
135.0
134.5
133.75
133.75
133.75
131.25
132.75
132.75
129.25
129.25
129.25
129.25
130.25
130.25
131.5
132.75
132.75
132.75
131.5
130.25
130.25
129.5
129.5
128.5
128.5
129.5
129.5
127.25
127.25
124.0
124.0
120.25
120.25
121.75
123.5
123.5
123.0
123.0
123.0
124.0
124.0
126.25
126.25
126.25
126.25
126.25
126.25
126.25
126.25
126.25
126.25
126.25
126.25
126.25
126.25
126.25
127.0
127.75
128.5
129.25
130.0
130.75
131.5
131.5
132.0
132.0
132.75
132.75
131.75
131.75
131.75
131.75
131.75
131.75
131.75
130.25
130.25
130.25
130.25
132.75
133.25
133.25
135.75
135.75
137.5
137.5
137.5
137.5
137.5
134.5
134.5
131.75
131.75
130.25
130.25
130.25
131.5
131.5
131.5
132.75
134.25
134.25
135.25
135.25
135.0
135.0
135.0
135.75
135.75
137.5
137.5
138.5
140.0
140.0
140.5
140.5
141.25
141.5
141.5
142.5
142.5
142.5
142.5
142.5
142.5
142.25
142.25
142.5
145.0
145.0
144.5
144.5
144.5
145.0
145.0
145.25
145.25
144.25
145.0
145.0
144.75
144.75
144.25
144.25
144.25
144.75
144.75
145.0
145.5
145.5
145.5
146.5
146.5
147.0
147.0
147.0
146.25
146.25
146.5
146.5
146.5
146.5
146.5
150.0
150.0
150.0
151.0
151.0
151.0
151.0
151.0
150.75
150.75
151.0
151.0
151.75
151.75
154.0
154.0
154.0
154.0
154.0
155.0
154.0
154.0
153.5
153.75
153.75
152.75
153.75
153.75
153.0
153.25
153.25
154.0
154.0
155.5
153.0
153.0
150.0
151.0
151.0
152.25
152.25
151.75
151.0
151.0
149.25
148.5
148.5
149.25
149.25
148.25
148.25
148.0
147.25
147.25
145.75
145.75
143.5
143.5
144.0
144.0
144.0
142.75
142.75
143.25
144.25
144.25
146.0
146.0
145.0
144.5
144.5
143.25
143.25
144.25
144.25
144.75
145.25
145.25
147.0
147.0
146.5
146.5
146.25
146.25
146.25
146.25
146.25
146.25
146.25
146.25
146.25
146.78125
147.3125
147.84375
148.375
148.90625
149.4375
149.96875
150.5
150.5
150.0
148.75
148.75
146.5
146.5
145.5
145.5
138.0
138.0
137.75
136.0
136.0
136.25
136.25
137.5
137.5
137.5
139.5
139.5
140.5
140.5
139.75
139.75
138.0
137.75
137.75
137.75
137.5
137.5
138.5
138.5
139.75
139.75
139.0
139.0
136.75
136.75
136.75
137.25
137.25
138.75
138.75
138.5
138.5
138.5
137.5
137.5
137.5
135.5
135.5
135.75
135.75
133.75
133.75
135.25
135.25
135.5
135.5
135.5
135.0
135.0
137.5
137.5
135.5
135.75
135.75
135.75
135.75
136.75
137.5
137.5
137.5
137.5
136.5
136.5
135.0
135.5
135.5
136.25
136.25
137.0
137.0
135.75
135.75
135.5
135.5
137.75
138.0
138.0
137.75
139.25
139.25
138.5
138.5
138.25
138.25
139.5
141.75
141.75
142.0
142.0
143.25
143.25
145.5
142.5
142.5
141.0
141.0
141.75
143.0
143.0
143.25
143.25
142.75
143.75
143.75
142.75
142.75
142.0
143.0
143.0
142.75
142.75
140.5
139.5
139.5
140.5
142.25
142.25
143.0
143.0
142.25
142.25
142.0
142.0
140.25
135.25
135.25
135.5
135.5
137.0
137.0
137.75
139.75
139.75
140.75
140.25
140.25
142.5
142.5
142.25
142.25
144.25
143.75
143.75
145.0
145.0
144.25
145.0
145.0
144.0
144.0
145.0
145.25
145.25
145.25
145.0
145.0
140.5
140.5
140.75
140.75
141.75
142.5
142.5
142.75
142.75
143.25
143.75
143.75
143.5
144.5
144.5
145.0
145.0
146.5
145.0
145.0
144.75
144.75
144.75
144.75
144.75
145.0
145.0
145.0
145.0
144.75
141.5
141.5
141.25
141.25
142.0
142.0
140.75
140.0
140.0
140.5
140.5
141.5
141.0
141.0
141.25
141.25
142.0
142.5
142.5
144.25
144.25
145.25
146.75
146.75
145.5
146.0
146.0
147.25
147.25
148.5
148.5
148.5
150.0
150.0
150.0
150.75
150.75
147.0
147.0
147.0
148.0
147.5
147.5
146.75
146.75
146.25
146.25
145.5
145.75
145.75
146.0
146.0
146.0
145.75
145.75
145.0
145.0
145.75
146.0
146.0
146.0
145.0
145.0
145.75
145.75
144.75
144.75
143.75
143.75
143.75
143.25
142.25
142.25
142.25
142.25
141.5
141.5
140.75
140.75
140.75
141.0
141.0
141.25
141.25
141.25
140.75
140.75
141.75
142.75
142.75
143.5
143.5
144.25
144.25
144.25
145.25
145.25
146.5
147.0
147.0
147.5
147.0
147.0
147.0
147.0
147.25
147.25
148.0
148.25
148.25
147.75
147.0
147.0
147.25
148.0
148.0
147.0
147.0
146.75
145.75
145.75
146.5
146.5
146.75
146.75
145.5
145.25
145.25
145.25
144.5
144.5
145.25
145.25
145.25
145.25
145.25
146.5
146.5
146.0
146.0
146.0
146.25
146.25
145.5
144.0
144.0
140.75
140.75
141.25
140.75
140.75
141.5
141.5
142.25
142.25
144.25
144.25
143.75
143.75
144.5
145.0
145.0
146.25
146.25
147.5
146.0
146.0
146.0
138.5
138.5
122.5
122.5
124.25
130.25
130.25
135.75
135.75
137.5
137.5
138.75
139.5
139.5
139.5
140.75
140.75
140.75
140.75
140.75
139.5
139.5
139.5
139.5
139.75
140.75
140.75
142.5
142.5
142.75
143.25
143.25
144.25
143.5
143.5
144.0
144.0
143.0
143.0
142.75
142.75
140.75
140.75
138.5
138.5
138.5
138.5
138.5
138.5
138.25
138.25
138.25
140.0
140.0
140.0
140.75
140.75
140.75
140.75
140.75
140.0
140.0
140.5
141.0
141.0
137.5
137.5
136.75
136.75
136.0
136.0
135.75
133.25
133.25
134.0
134.0
135.0
135.0
136.5
137.5
137.5
137.75
137.75
136.25
136.25
136.25
135.75
135.75
134.0
134.0
126.75
126.75
127.25
127.25
128.0
128.0
130.5
132.75
132.75
133.5
133.5
134.25
134.25
136.25
137.25
137.25
137.5
137.5
137.5
137.5
139.5
138.75
138.75
137.5
137.5
139.5
139.5
138.25
138.25
138.25
139.25
139.25
139.25
138.25
138.25
139.0
139.0
139.5
139.5
140.5
139.25
139.25
136.75
136.75
135.0
135.0
131.75
131.75
128.5
130.5
130.5
131.75
131.75
133.0
133.0
133.5
133.5
134.25
134.5
134.5
136.0
136.0
136.0
136.0
136.0
136.0
137.75
137.75
137.75
137.75
137.75
137.75
137.75
137.75
137.75
138.0
138.0
137.75
146.25
146.25
145.0
145.0
144.75
144.5
144.5
145.25
145.25
145.0
145.25
145.25
145.25
145.25
146.0
146.0
146.0
146.0
146.0
146.0
145.75
145.75
145.75
147.0
147.0
147.0
147.0
147.5
147.0
147.0
146.25
146.25
146.5
144.75
144.75
145.25
145.25
145.0
145.0
144.0
144.5
144.0
144.0
143.0
143.0
142.5
142.5
142.0
142.0
140.75
140.75
139.5
135.0
135.0
131.25
131.25
131.5
131.5
128.75
128.75
128.0
128.0
127.5
127.5
128.0
129.75
129.75
131.5
131.5
132.25
132.75
132.75
136.75
136.75
136.75
136.75
136.75
136.75
137.5
139.25
139.25
139.75
139.75
141.0
142.0
142.0
142.5
144.75
144.75
144.75
144.75
143.25
143.25
146.25
145.0
145.0
145.25
145.25
145.75
146.75
146.75
146.5
146.5
146.25
148.0
148.0
147.5
147.5
147.5
148.25
148.0
148.0
147.0
153.25
153.25
156.75
155.75
155.75
156.5
157.5
157.5
157.5
157.0
157.75
157.75
157.0
157.0
157.0
155.0
155.0
154.75
153.0
153.0
152.5
151.75
151.75
152.5
152.5
152.25
152.25
151.25
151.25
145.5
145.5
144.0
144.0
142.25
138.5
138.5
139.5
139.5
141.5
141.5
143.75
143.75
145.0
145.0
145.25
146.75
146.75
146.5
146.0
146.0
145.0
145.0
143.0
143.0
143.25
145.0
145.0
144.0
143.25
143.25
143.25
145.0
145.0
145.0
145.5
145.5
146.5
146.5
146.5
146.0
146.0
147.25
148.0
148.0
148.75
148.75
149.75
150.5
150.5
149.25
149.25
149.0
148.5
148.5
147.5
147.0
147.0
147.0
147.0
146.75
145.0
145.0
145.0
140.25
140.25
139.0
139.5
139.5
141.0
141.0
141.0
143.0
143.0
145.0
146.5
146.5
147.5
147.5
147.5
148.0
148.75
148.75
148.75
149.5
149.5
153.0
153.25
153.25
152.75
153.25
153.25
153.25
155.25
155.25
155.25
155.25
153.5
153.5
153.5
145.5
145.5
142.0
138.5
138.5
130.25
130.25
130.25
125.0
125.0
124.5
124.5
124.5
125.25
125.25
127.75
127.75
129.5
129.5
131.25
131.25
131.75
131.75
131.75
133.25
133.25
133.5
133.5
134.5
134.5
136.75
138.0
138.0
139.25
139.25
138.75
138.5
138.5
140.5
140.5
139.75
139.75
139.5
140.75
140.75
140.75
140.75
138.5
136.75
136.75
133.75
133.75
132.75
132.75
132.5
131.25
131.25
130.25
129.5
129.5
126.75
126.75
122.5
122.5
123.0
127.25
127.25
130.75
130.75
131.5
131.5
130.25
129.5
129.5
129.5
128.5
128.5
128.75
128.75
129.0
129.0
129.0
129.0
127.5
127.5
128.0
128.0
127.75
127.75
126.75
124.75
124.75
123.5
123.5
124.0
124.0
125.0
125.0
127.25
127.25
127.5
127.5
126.75
126.75
129.5
129.5
130.25
130.25
130.75
130.75
129.5
128.5
128.5
125.75
125.75
125.75
125.75
130.0
130.0
129.5
129.5
131.5
131.5
131.5
129.0
129.0
127.75
127.75
125.25
126.25
126.25
126.25
128.75
130.75
130.75
129.5
129.5
127.5
127.5
126.25
126.25
125.5
125.5
123.5
123.5
120.75
120.75
117.75
117.75
118.0
118.0
117.25
117.25
118.5
118.5
119.25
119.25
122.5
122.5
124.75
124.75
122.5
122.5
119.0
119.0
116.5
116.5
116.75
116.75
116.75
115.5
115.5
115.5
114.5
114.5
114.75
114.75
114.75
115.75
115.75
118.0
118.0
120.75
129.5
129.5
132.5
132.5
134.0
135.75
135.75
136.25
136.25
138.0
139.25
139.25
139.25
139.25
139.25
139.25
138.75
138.5
138.5
139.5
139.5
136.0
136.0
138.0
138.0
132.75
132.75
132.75
132.0
132.0
133.0
133.0
133.25
133.25
134.25
133.5
133.5
134.25
134.25
132.0
132.0
130.25
130.25
129.0
129.0
129.0
127.5
127.5
126.75
126.75
125.5
125.5
123.25
123.25
124.5
124.5
127.75
127.75
130.5
133.5
133.5
135.5
135.5
135.25
135.25
136.25
136.25
136.75
136.75
136.75
136.25
136.25
136.75
137.75
137.75
139.0
139.0
139.25
139.25
138.0
136.5
136.5
136.75
136.75
135.75
135.75
135.0
135.0
133.75
135.0
135.0
134.5
134.5
133.75
133.75
132.75
132.75
129.5
126.75
126.75
128.5
128.5
129.25
129.25
131.25
131.25
132.75
132.75
131.25
131.5
131.5
129.0
129.0
129.75
129.75
132.0
132.0
133.75
135.75
135.75
136.75
136.75
137.25
137.25
134.75
134.75
131.5
131.5
128.75
129.0
129.0
129.0
128.5
127.75
127.75
128.75
128.75
129.5
129.5
131.0
133.5
133.5
133.0
133.0
133.75
133.75
134.0
134.0
132.0
132.0
131.25
130.25
130.25
129.5
129.5
130.25
130.25
131.0
131.0
130.5
130.5
130.25
130.25
128.75
128.75
125.75
125.75
125.25
125.0
125.0
123.75
123.75
124.75
124.75
125.0
125.0
126.5
126.5
128.0
128.0
130.75
131.25
131.25
130.0
130.0
126.5
126.5
128.5
128.5
129.25
129.25
129.5
130.5
130.5
131.75
131.75
133.5
133.5
135.0
134.75
134.75
134.25
134.25
136.75
136.75
136.75
136.75
136.75
138.0
138.0
138.5
138.5
140.75
141.25
141.25
141.0
140.5
140.5
141.0
141.0
137.75
137.75
136.75
137.5
137.5
133.75
133.75
129.75
129.75
129.75
125.0
125.0
125.25
125.25
121.75
121.75
119.25
119.25
117.5
117.5
117.75
117.75
116.5
116.5
116.5
116.5
115.75
115.75
118.0
118.0
119.5
119.5
119.75
119.75
120.75
120.75
120.25
120.25
120.25
120.5
120.5
120.5
120.5
120.25
120.25
120.25
120.5
120.5
120.5
124.0
124.0
125.75
125.75
124.75
123.5
123.5
123.5
123.5
125.75
126.0
126.0
125.75
125.75
124.5
124.5
124.0
124.0
124.0
124.0
125.25
125.25
125.75
125.75
127.0
127.0
125.75
125.75
126.25
126.25
128.0
128.0
128.5
128.5
128.5
128.25
128.25
127.5
127.5
127.25
127.25
128.0
128.0
128.5
128.5
129.5
129.5
129.5
130.75
130.25
130.25
130.75
130.75
130.75
130.75
130.5
130.5
130.0
129.25
129.25
129.5
129.5
129.25
129.25
130.25
130.25
129.5
130.0
130.0
130.0
130.75
130.75
130.75
130.75
130.75
131.25
131.25
131.75
131.75
131.0
131.0
131.5
131.5
132.0
132.0
131.75
131.75
132.75
133.75
133.75
134.5
134.5
134.25
134.25
135.0
134.75
134.75
135.5
135.5
138.0
138.0
136.75
136.75
136.75
136.5
136.5
136.5
136.5
136.75
136.75
137.25
137.75
137.75
137.75
138.5
138.5
138.5
138.5
138.75
138.25
138.25
138.25
138.0
138.0
138.75
138.75
138.5
138.5
137.5
136.0
136.0
136.0
136.0
136.0
136.0
136.0
136.0
135.75
133.75
133.75
134.0
134.0
133.5
133.5
135.5
135.5
136.5
137.0
137.0
136.75
136.75
137.0
137.5
137.5
137.25
137.25
135.75
135.75
135.0
135.0
135.75
135.75
136.75
136.75
136.75
135.75
135.75
135.5
135.5
136.5
136.5
136.75
136.75
136.25
136.75
136.75
138.25
138.25
138.5
138.5
137.5
137.5
136.75
136.0
136.0
134.0
134.0
134.5
134.5
136.0
136.0
136.75
136.25
136.25
135.75
135.75
136.0
136.0
136.75
137.0
137.0
136.25
136.25
135.75
135.25
135.25
135.75
135.75
135.25
135.25
136.25
136.25
136.0
136.75
136.75
137.5
137.5
137.0
137.0
134.25
133.75
133.75
133.5
133.5
133.5
133.5
132.75
132.75
133.5
133.5
135.25
135.25
135.25
135.5
136.5
136.5
137.25
137.25
137.5
137.5
136.75
136.75
136.5
137.5
137.5
136.0
136.0
135.75
135.75
136.75
135.0
135.0
134.25
134.25
134.75
134.75
135.75
135.75
135.75
135.75
134.5
132.75
132.75
134.25
134.25
135.75
135.75
137.25
137.5
137.5
136.5
136.5
136.75
136.75
136.75
136.75
134.75
132.25
132.25
130.5
130.5
131.5
131.5
130.5
130.5
130.75
131.0
131.0
133.75
133.75
134.25
134.25
134.25
133.5
133.5
133.5
134.25
135.5
135.5
135.75
136.0
136.0
136.0
136.0
136.0
136.0
136.75
136.75
135.75
135.5
135.5
134.75
134.75
135.0
135.0
134.5
134.5
134.75
134.75
135.0
134.5
134.5
135.75
135.75
136.5
135.75
135.75
135.0
135.0
135.75
135.75
135.75
135.75
135.75
135.75
135.75
135.0
135.0
135.0
135.0
133.0
133.0
133.0
134.75
134.75
136.0
136.0
136.5
136.25
136.25
136.25
136.5
136.5
136.25
136.25
135.0
135.0
135.0
134.75
134.75
135.0
135.0
134.25
134.25
134.75
134.75
134.75
133.75
133.75
133.5
133.5
134.25
134.25
134.75
135.5
135.5
135.75
135.75
135.75
135.75
136.5
136.75
136.75
136.25
136.25
135.75
135.75
135.0
133.75
133.75
134.5
134.5
135.0
135.0
135.5
135.5
136.0
136.0
136.75
136.75
135.5
136.25
136.25
136.25
136.25
136.75
136.75
137.5
137.0
137.0
137.5
137.5
137.0
137.0
137.5
137.5
137.0
137.0
137.0
137.5
138.75
138.75
139.0
139.0
139.25
139.25
137.75
137.75
137.5
137.5
137.5
137.5
137.5
137.75
137.75
138.0
138.0
137.5
138.25
138.25
138.5
138.5
137.5
137.5
137.25
136.75
136.75
136.75
136.75
137.25
136.0
136.0
136.0
136.0
135.0
135.0
132.5
134.25
134.25
134.25
134.0
133.25
133.25
132.25
132.25
133.5
133.5
133.5
132.75
132.75
132.75
132.75
132.0
132.0
131.0
131.0
131.5
132.75
132.75
134.0
134.0
131.75
131.75
132.25
131.75
131.75
130.75
130.75
131.0
131.0
130.75
130.75
130.75
127.5
126.75
126.75
127.0
127.0
127.25
127.25
128.0
128.0
127.5
127.25
127.25
128.0
128.0
126.0
126.0
125.25
125.25
124.75
124.75
125.0
125.0
123.5
123.5
121.5
121.5
121.5
121.5
121.75
121.75
123.0
123.0
123.5
123.5
123.25
124.0
124.0
125.0
125.0
127.25
127.25
127.0
127.0
127.0
125.75
125.75
125.5
125.5
125.5
124.75
124.75
125.75
125.75
124.5
124.0
124.0
124.75
124.75
125.25
125.25
126.25
126.25
127.5
127.5
127.25
127.25
127.25
127.25
128.0
128.0
126.75
125.5
125.5
125.75
125.75
125.75
126.0
125.25
125.25
125.75
125.75
126.25
126.25
128.0
128.0
128.75
129.0
129.0
128.0
128.0
128.0
127.0
128.0
128.0
128.0
128.0
127.75
127.75
128.0
128.0
127.25
128.0
128.0
129.25
129.25
129.75
129.75
129.75
129.75
130.25
130.25
130.75
130.75
131.5
132.25
132.25
132.75
132.75
132.0
132.0
132.25
132.25
132.0
131.5
131.5
130.75
130.75
132.0
132.0
133.0
133.0
134.25
133.5
133.5
133.25
133.25
132.75
132.75
132.75
132.75
133.0
133.5
133.5
133.25
133.25
132.25
132.25
132.75
132.75
133.5
135.0
135.0
135.75
135.75
135.75
135.75
135.75
135.75
135.75
135.25
135.25
135.75
135.75
135.0
135.0
135.5
135.5
134.25
134.25
134.25
133.75
133.75
133.25
134.0
134.0
134.25
134.25
135.75
135.75
136.5
136.75
136.75
137.0
137.0
133.5
133.5
134.5
134.5
133.75
134.25
134.25
134.25
133.0
132.75
132.75
132.75
132.75
133.75
133.75
133.5
134.0
134.0
135.0
135.0
134.75
134.75
133.25
133.25
133.0
134.0
134.0
133.25
133.25
132.25
132.25
132.5
132.5
133.25
133.5
133.5
134.0
133.75
133.75
133.75
134.25
133.5
133.5
132.25
132.25
133.0
133.0
134.0
134.0
134.75
134.75
133.5
133.0
133.0
132.75
132.75
132.25
132.25
132.75
132.75
133.75
133.25
133.25
133.0
133.0
132.75
132.75
133.25
134.25
134.25
134.0
134.0
135.25
135.0
135.0
135.0
133.25
133.25
132.25
132.0
132.0
128.25
128.25
131.75
131.75
132.25
134.25
134.25
133.5
133.5
132.25
132.25
131.5
131.5
132.0
132.0
132.75
132.0
132.0
132.25
132.25
132.25
133.25
133.25
133.25
133.0
133.0
132.25
132.25
132.75
132.75
132.75
132.75
132.5
132.5
132.75
132.75
133.5
133.5
132.5
132.5
132.0
132.5
132.5
134.0
134.0
133.25
133.25
132.5
131.5
131.5
130.25
130.25
128.25
128.25
130.5
130.5
130.75
130.75
131.25
131.25
131.75
131.75
132.5
133.25
133.25
133.75
133.75
133.5
133.5
133.5
133.0
133.0
132.75
132.75
131.75
131.75
132.25
134.0
134.0
135.0
135.0
134.25
134.25
134.75
134.75
136.25
137.75
137.75
137.75
137.75
134.5
134.5
134.25
134.25
134.25
133.5
133.5
132.0
132.0
132.5
132.5
133.5
133.0
133.0
132.5
132.5
135.75
135.75
136.75
137.5
137.5
137.5
135.25
136.5
136.5
137.0
136.25
136.25
135.0
135.0
136.75
136.75
134.75
134.75
134.0
134.0
133.5
134.5
134.5
135.75
135.75
135.5
135.5
135.0
135.5
135.5
135.75
135.75
136.0
136.0
133.5
133.5
134.25
134.75
134.75
135.25
135.25
136.5
136.5
136.25
137.25
137.25
136.75
136.75
137.75
138.5
138.5
137.25
137.25
136.0
136.0
138.0
138.25
138.25
137.5
137.5
137.25
137.25
135.75
135.75
135.75
136.5
136.5
136.75
136.75
136.25
135.75
135.75
136.5
136.5
135.25
135.25
136.75
136.75
135.75
136.5
136.5
134.0
134.0
132.0
132.0
132.0
132.75
132.75
132.75
132.75
133.0
133.0
134.25
134.25
135.0
135.0
135.25
135.25
134.25
134.75
134.75
134.25
134.25
132.25
132.25
131.25
133.5
133.5
133.5
135.0
135.5
135.5
134.5
134.5
134.75
134.75
135.0
135.5
135.5
136.75
137.5
137.5
136.0
136.0
136.25
136.25
137.5
137.5
137.75
137.5
137.5
137.75
137.75
137.0
137.0
136.75
136.25
136.25
136.75
136.75
135.75
135.75
138.0
138.0
138.0
138.0
138.0
139.0
139.0
138.25
138.75
138.75
139.25
139.25
139.25
139.5
139.5
139.5
139.5
139.0
139.0
139.75
139.5
139.5
139.5
139.5
139.0
139.0
138.25
139.0
139.0
138.75
138.75
139.0
139.0
139.75
139.25
139.25
140.25
140.25
139.25
139.25
138.5
139.5
139.5
138.75
138.75
139.5
138.0
138.0
137.5
137.5
137.5
137.5
137.5
138.5
138.5
137.75
137.75
138.25
138.25
138.25
139.75
139.75
139.25
139.25
139.5
139.25
139.25
140.75
140.75
140.25
139.0
139.0
138.25
138.25
137.25
137.25
138.0
138.0
139.25
138.0
138.0
139.25
139.25
139.25
138.5
138.5
139.25
139.25
138.5
138.5
138.5
138.75
138.75
139.75
139.5
139.5
140.5
140.5
140.5
139.5
139.5
138.25
138.25
139.0
138.0
138.0
138.0
137.25
136.75
136.75
136.5
136.5
137.25
137.25
135.75
135.75
135.75
135.0
135.0
135.0
133.25
133.25
133.5
133.5
133.5
133.5
133.25
133.25
132.75
132.75
132.75
133.0
133.0
133.0
132.75
133.0
133.0
133.0
133.0
133.52777777777777
134.05555555555554
134.58333333333334
135.11111111111111
135.63888888888889
136.16666666666666
136.69444444444446
137.22222222222223
137.75
137.75
138.0
138.0
138.5
138.5
138.0
136.75
136.75
135.75
135.75
135.0
135.0
135.0
135.0
135.0
135.75
135.75
136.0
136.0
137.5
137.5
137.5
136.75
136.75
137.5
137.5
138.25
138.25
138.25
139.75
139.75
140.5
140.5
140.5
142.0
142.0
142.0
143.5
143.5
142.5
142.5
139.75
139.5
139.5
139.0
139.0
139.5
139.5
139.0
137.5
137.5
136.0
136.0
134.25
136.25
136.25
135.75
135.75
137.75
137.75
138.0
138.0
138.25
138.5
138.5
138.5
138.25
138.25
138.25
138.25
138.25
138.25
138.5
138.75
139.0
139.25
139.5
139.75
139.0
139.0
137.75
137.75
137.0
137.0
135.75
135.75
135.0
135.0
134.5
134.5
134.5
134.5
134.5
134.25
134.25
134.25
134.25
134.25
134.25
131.5
131.5
131.25
131.25
129.75
129.75
130.0
130.0
129.5
129.5
130.5
129.25
129.25
128.75
128.75
129.5
128.75
128.75
128.75
129.25
129.25
129.25
131.0
131.0
130.75
130.75
130.0
130.0
129.75
129.75
129.75
129.75
129.75
129.75
129.75
129.75
130.5
130.5
131.5
131.5
133.0
133.0
132.0
132.0
130.25
130.25
131.0
131.0
130.25
130.25
129.0
129.0
130.0
130.0
130.25
130.25
131.25
132.0
132.0
132.75
132.75
131.25
131.25
131.25
131.25
131.5
130.75
130.75
131.5
131.5
130.75
130.75
130.0
130.0
131.75
131.75
132.25
130.75
130.75
130.25
130.25
131.25
131.25
131.25
132.0
132.0
133.5
133.5
133.75
133.75
133.25
133.25
132.75
132.75
132.75
133.0
133.0
133.0
133.0
131.75
131.75
133.5
133.5
133.5
133.5
133.5
134.25
134.25
134.0
134.0
134.25
134.75
134.75
135.0
135.0
135.0
135.0
134.5
134.5
135.0
135.75
135.75
135.0
135.0
135.25
135.25
135.75
135.75
135.75
135.75
135.75
136.0
136.0
135.75
135.75
137.0
138.0
138.0
137.0
137.0
137.0
137.0
137.0
136.75
136.75
137.0
137.0
136.75
137.0
137.0
137.0
138.25
138.25
137.25
137.25
137.5
137.5
137.5
137.0
137.0
136.5
136.5
136.5
136.75
136.75
136.75
136.75
137.0
137.0
137.25
137.25
137.0
136.25
136.25
135.25
135.25
136.0
137.0
137.0
136.75
136.75
136.25
135.5
135.5
135.5
135.75
135.75
136.0
136.0
135.75
135.75
135.75
136.0
135.5
135.5
135.75
135.75
137.5
137.5
136.75
137.0
137.0
136.75
136.75
137.0
137.0
140.0
140.0
140.0
138.0
138.0
136.75
136.75
137.5
138.25
138.25
137.5
137.5
136.5
138.0
138.0
138.25
138.25
138.5
138.5
137.5
138.5
138.5
139.5
139.5
139.5
139.5
139.25
138.5
138.5
139.75
139.75
140.25
139.5
139.5
137.5
137.5
136.75
136.75
137.75
137.5
137.5
137.0
137.0
136.25
136.75
136.75
137.25
137.25
135.75
135.75
135.0
135.0
135.0
136.25
136.25
136.75
136.75
136.75
137.0
137.0
137.0
137.0
136.75
136.75
138.25
138.25
137.5
136.5
136.5
136.75
136.75
136.75
136.75
136.75
136.75
136.75
136.75
137.75
137.75
137.75
138.0
138.0
138.0
138.0
137.75
137.0
137.0
137.25
137.25
135.75
135.75
135.75
135.75
135.0
135.0
135.5
135.0
135.0
135.0
135.0
135.5
135.5
135.5
135.5
135.5
135.5
135.5
135.75
135.75
134.25
134.25
133.5
134.5
134.5
133.5
133.5
132.75
132.75
132.75
132.0
132.0
132.0
132.0
131.5
131.5
131.25
131.25
130.75
130.75
130.0
130.25
130.25
129.75
129.75
130.75
130.75
129.25
129.25
128.5
128.5
130.25
130.5
130.5
131.0
131.0
130.25
130.25
129.0
129.0
128.5
128.5
128.5
128.5
126.75
126.5
126.5
126.5
123.25
123.25
122.25
122.25
122.5
123.0
123.0
123.75
123.75
123.75
125.0
124.25
124.25
124.5
124.5
124.0
124.0
123.5
123.5
122.25
122.25
123.5
123.5
121.75
121.75
122.75
122.75
122.25
122.25
121.75
121.75
122.5
122.5
122.75
122.75
124.0
124.0
123.5
124.5
124.5
125.0
125.0
125.0
125.0
126.5
126.5
127.25
127.25
126.75
126.75
127.25
127.25
126.0
126.0
125.75
125.75
125.0
125.0
125.0
124.5
124.5
124.0
124.0
123.5
123.5
124.5
124.5
125.0
125.0
124.75
124.75
126.5
126.5
127.5
126.5
126.5
125.75
125.75
125.75
126.75
126.75
126.25
126.75
126.75
127.5
127.5
126.5
126.5
127.25
127.25
129.25
129.25
130.25
130.25
130.25
130.25
130.0
130.0
132.25
131.75
131.75
129.5
129.0
129.0
129.0
129.5
129.5
129.0
129.0
130.5
130.5
129.25
129.25
129.25
130.25
130.25
130.75
131.0
131.0
131.5
131.5
132.0
133.5
133.5
133.5
129.75
129.75
129.75
129.75
130.0
130.0
130.5
131.0
131.0
133.25
133.25
132.25
132.25
133.5
133.5
133.5
133.5
133.5
134.25
134.25
133.5
133.5
134.75
134.75
134.25
134.75
134.75
133.75
133.75
131.5
131.5
132.75
132.75
132.75
133.5
133.5
133.25
133.25
133.5
134.5
134.5
135.25
135.25
135.5
135.25
135.25
135.25
135.25
135.25
132.5
132.5
131.0
131.75
131.75
130.75
130.75
128.75
129.25
129.25
129.5
129.5
131.5
131.5
130.75
130.75
132.0
132.0
132.75
133.5
133.5
133.5
134.5
135.5
135.5
135.5
136.75
136.75
136.75
136.75
138.0
138.0
138.5
138.25
138.25
138.75
137.5
137.5
137.5
137.5
136.75
136.75
136.25
136.25
135.25
135.25
134.0
133.75
133.75
135.0
135.0
135.5
135.5
134.25
134.25
134.5
134.75
134.75
134.75
134.75
135.0
135.0
135.0
135.75
135.75
135.5
135.5
136.0
136.0
135.5
133.0
133.0
133.25
133.25
133.25
133.25
132.0
132.0
132.75
133.75
133.75
134.0
134.0
133.5
133.5
134.0
134.0
133.5
133.5
133.5
132.0
132.0
130.75
130.75
133.25
133.25
132.0
132.0
131.5
131.5
131.5
131.5
131.5
132.0
132.0
133.0
132.0
132.0
132.0
132.0
131.5
131.5
131.0
131.0
131.25
131.25
130.75
130.75
130.25
128.25
128.25
128.25
128.75
129.25
129.25
130.25
130.25
129.5
129.5
130.25
130.25
131.0
131.0
129.75
130.75
130.75
129.0
129.0
130.75
130.75
129.0
129.0
130.75
130.75
131.25
131.25
131.25
131.5
131.5
130.75
130.75
130.75
130.75
131.25
131.25
131.5
130.25
130.25
130.25
130.25
130.75
130.75
130.75
130.75
131.0
131.0
130.75
131.75
131.75
132.5
132.5
132.75
132.75
132.5
132.5
132.75
132.5
132.5
131.5
131.5
130.0
130.0
128.75
128.75
129.5
129.5
130.25
129.0
129.0
129.25
129.25
129.25
129.25
130.0
130.0
129.5
129.5
129.5
129.5
129.0
129.0
127.25
127.5
127.5
129.0
129.0
130.0
130.0
128.5
128.5
130.25
130.25
130.75
132.5
132.5
132.5
132.5
133.0
133.0
133.75
133.75
134.25
134.25
134.25
132.75
132.75
131.5
131.5
131.75
131.75
132.0
132.25
132.25
130.25
130.25
127.25
127.25
128.0
128.0
130.25
130.25
131.75
131.75
131.75
131.25
131.25
131.25
131.25
131.5
131.5
131.5
130.0
130.0
130.0
129.5
129.5
129.5
129.75
129.75
130.25
130.25
129.25
129.25
128.5
128.5
127.5
127.5
128.5
129.5
129.5
127.5
127.5
128.0
128.0
127.75
127.75
127.5
127.5
127.75
128.0
128.0
128.0
125.75
125.75
126.25
126.75
126.75
128.0
128.0
129.75
129.75
130.25
130.25
129.0
130.75
130.75
130.75
129.0
130.25
130.25
130.25
130.25
130.75
130.75
130.0
130.0
129.75
129.25
129.25
131.5
131.5
129.25
129.25
130.75
130.75
129.0
129.0
128.75
128.75
129.75
130.75
130.75
130.5
130.5
130.25
130.25
130.25
130.25
129.5
129.25
129.25
128.25
128.25
128.25
128.25
127.5
127.5
128.0
128.0
128.5
128.5
128.5
128.5
128.5
129.5
129.5
129.5
129.5
129.5
129.5
129.5
129.5
130.0
130.0
128.5
128.5
127.75
127.75
127.25
127.25
127.25
127.25
127.25
128.0
129.5
129.5
130.5
130.5
131.25
131.25
131.5
131.5
130.25
130.25
128.0
128.0
130.5
129.5
129.5
125.25
125.25
125.25
126.0
126.0
127.75
127.25
127.25
128.5
128.5
129.0
129.0
129.5
129.5
131.0
131.0
130.5
130.5
130.0
130.25
130.25
129.75
129.75
129.5
129.5
129.75
129.75
130.25
130.25
131.0
131.75
131.75
132.5
132.5
132.5
132.75
133.0
133.0
133.0
132.5
132.5
131.5
131.5
131.5
131.5
131.5
131.5
130.75
130.75
132.75
131.75
131.75
131.5
131.5
131.25
131.25
127.75
127.75
130.75
130.75
129.5
129.25
129.25
129.5
129.5
129.25
129.25
129.5
129.5
129.5
129.5
129.5
129.5
130.25
130.25
129.25
128.5
128.5
130.0
130.0
131.0
131.0
131.75
131.75
132.0
132.75
132.75
132.25
132.25
131.75
131.75
131.5
131.5
131.75
132.5
132.5
132.75
132.75
132.75
132.75
132.5
132.5
132.0
132.0
132.0
132.25
132.25
131.75
131.75
131.25
131.25
131.0
131.0
130.5
131.0
131.0
131.75
131.75
132.75
132.75
132.0
132.0
132.75
133.5
133.5
132.75
132.75
132.75
132.75
130.75
130.75
130.5
130.5
129.5
128.5
128.5
128.5
126.25
126.25
126.75
127.25
127.25
127.25
127.25
128.25
128.25
129.0
129.5
129.5
130.0
130.0
131.75
131.75
130.25
130.25
130.75
130.75
131.25
131.25
131.5
131.5
130.75
130.5
130.5
130.25
130.25
130.0
130.0
130.25
130.25
131.0
131.0
131.0
130.75
130.75
131.0
131.0
130.75
130.75
131.5
131.5
131.0
131.0
131.25
131.5
131.5
132.25
132.25
132.75
133.0
133.0
133.25
133.25
133.0
133.0
133.25
133.25
133.0
133.0
133.0
133.0
133.0
132.5
132.5
131.5
131.5
130.75
130.75
131.75
131.75
131.75
131.75
131.75
132.5
132.5
132.0
132.0
132.0
132.0
133.5
133.5
134.75
135.0
135.0
134.25
134.25
135.25
135.25
134.25
134.25
134.25
134.25
134.25
133.75
133.75
131.75
131.75
131.75
131.75
131.75
131.75
131.75
131.75
131.75
134.25
134.25
134.25
134.25
134.25
134.25
134.25
134.25
134.25
134.25
134.25
134.5
135.0
135.0
132.75
132.75
134.25
134.25
134.75
134.75
134.75
134.75
134.75
133.75
133.75
134.5
134.5
133.5
133.5
134.25
134.0
134.0
134.5
134.5
135.0
135.0
134.5
135.0
135.0
134.0
134.0
133.0
133.0
133.0
133.0
133.0
133.0
133.0
133.0
133.0
132.5
132.5
133.25
133.25
133.5
133.5
130.25
130.25
128.25
129.5
129.5
129.75
129.75
131.25
131.25
134.25
136.0
136.0
136.75
136.75
138.0
138.0
138.0
138.0
138.0
138.0
138.0
137.5
137.75
137.75
137.75
138.0
138.0
138.0
138.0
138.0
133.25
133.25
133.25
133.5
133.5
132.0
130.75
130.75
130.25
130.25
130.25
130.75
130.75
130.75
130.0
130.0
130.0
128.25
128.25
128.25
125.25
125.25
126.25
126.25
125.75
125.75
126.25
126.25
126.25
127.0
127.0
127.25
127.25
126.25
126.25
127.5
127.5
127.25
127.25
127.0
127.0
126.75
126.75
128.5
126.75
126.75
126.75
126.75
129.5
129.5
129.5
125.75
125.75
127.75
127.75
128.5
128.5
128.25
128.25
127.75
127.75
126.25
126.25
126.75
126.25
126.25
126.25
126.25
125.0
125.25
125.25
125.25
125.25
125.5
125.5
125.75
125.75
126.0
126.0
126.25
126.75
126.75
126.25
126.25
126.25
128.0
128.0
128.0
128.5
128.5
127.75
127.75
128.5
128.5
127.25
127.25
125.5
125.5
124.75
124.75
127.0
127.75
127.75
127.75
127.75
128.25
128.25
127.25
127.25
128.25
128.25
128.75
128.75
131.5
131.25
131.25
128.25
128.25
128.5
128.5
127.5
127.5
127.5
127.5
127.5
127.25
127.25
127.0
127.0
127.75
127.75
128.0
128.0
128.75
128.75
129.25
129.25
130.5
130.5
130.25
130.25
130.25
131.25
131.25
130.25
130.25
130.75
130.75
130.5
130.75
130.75
130.5
130.5
130.5
130.5
130.75
130.75
132.25
132.25
132.0
131.75
131.75
130.75
130.75
131.5
131.5
132.75
132.75
132.75
132.5
132.5
131.75
131.75
132.75
132.75
133.25
133.25
134.0
133.75
133.75
134.75
134.75
134.5
134.5
135.75
134.75
134.75
134.75
134.25
134.25
134.25
135.0
135.0
134.75
134.25
134.25
134.25
133.5
133.25
133.25
133.5
133.5
133.25
133.5
133.5
133.75
133.75
134.25
134.25
135.5
135.5
134.5
135.0
135.0
134.75
134.75
135.5
135.5
135.25
135.25
135.5
133.75
133.75
133.5
133.5
133.25
133.25
132.75
133.5
133.5
133.5
133.5
133.5
133.5
133.5
133.5
133.75
133.75
133.25
134.75
134.75
135.0
135.0
136.0
136.0
135.75
134.5
134.5
134.25
134.25
133.25
133.25
132.75
134.0
134.0
133.25
133.25
132.0
132.0
132.5
132.5
132.5
132.5
131.5
131.5
128.75
128.75
128.75
128.5
128.5
128.5
130.25
130.25
130.75
130.75
131.25
131.25
130.5
130.5
130.25
130.25
131.25
132.0
132.0
132.0
132.5
132.5
132.5
132.5
132.5
132.25
132.25
132.5
132.5
134.25
133.5
133.5
133.5
133.5
133.5
133.5
132.25
132.25
131.75
132.0
132.0
130.75
130.75
131.5
131.5
130.75
130.75
130.25
130.25
130.75
131.5
131.5
131.25
131.25
131.5
131.5
132.0
132.0
133.0
133.0
133.5
133.5
133.5
133.0
133.0
133.25
133.25
131.5
131.5
129.25
129.5
129.5
127.25
127.25
128.0
128.0
128.75
128.75
129.0
129.0
129.25
129.25
129.5
129.5
130.25
130.25
130.25
129.5
129.5
129.0
129.0
129.0
129.0
130.0
130.0
130.25
130.25
130.0
130.0
129.75
129.75
129.75
129.5
129.5
129.25
129.25
128.25
128.25
128.0
128.0
128.0
128.0
128.25
129.0
129.0
129.5
129.5
129.75
129.75
129.0
129.0
129.25
129.25
130.25
131.25
131.25
131.5
131.5
131.5
131.5
131.5
131.5
131.5
130.5
130.5
130.25
130.25
130.5
130.5
130.5
130.5
131.0
131.0
131.0
131.0
131.0
130.75
130.75
130.75
130.75
130.0
130.0
130.25
130.25
130.25
130.25
129.25
130.25
130.25
130.75
130.75
131.75
131.75
131.0
131.0
130.75
130.75
131.75
132.0
132.0
132.5
132.5
132.0
132.0
132.5
132.5
131.5
131.5
131.5
131.5
131.5
132.5
132.5
132.75
132.75
133.5
133.5
133.75
134.5
134.5
133.75
133.75
133.5
133.5
133.0
130.25
130.25
127.25
127.25
129.5
129.5
129.75
129.75
131.0
131.0
131.25
130.75
130.75
130.5
130.5
131.75
131.75
132.0
132.0
133.0
133.0
133.5
134.0
134.0
134.0
133.75
133.75
133.75
133.75
134.0
134.0
131.0
131.0
131.25
131.25
131.5
131.5
131.5
131.5
132.75
132.75
133.0
133.0
133.0
133.0
133.0
132.75
132.84868421052633
132.94736842105263
133.04605263157896
133.14473684210526
133.2434210526316
133.3421052631579
133.44078947368422
133.53947368421052
133.63815789473685
133.73684210526315
133.83552631578948
133.93421052631578
134.0328947368421
134.1315789473684
134.23026315789474
134.32894736842104
134.42763157894737
134.52631578947367
134.625
134.72368421052633
134.82236842105263
134.92105263157896
135.01973684210526
135.1184210526316
135.2171052631579
135.31578947368422
135.41447368421052
135.51315789473685
135.61184210526315
135.71052631578948
135.80921052631578
135.9078947368421
136.0065789473684
136.10526315789474
136.20394736842104
136.30263157894737
136.40131578947367
136.5
136.5
136.5
136.5
136.25
136.5
136.5
135.0
135.0
135.25
135.25
135.25
135.25
135.25
135.25
135.5
135.5
135.25
135.5
135.5
135.25
135.25
135.75
135.75
135.25
135.25
135.0
135.0
135.0
134.5
134.5
134.75
135.0
135.0
135.0
133.75
133.75
130.75
129.0
129.0
129.5
129.5
130.25
130.25
131.0
132.0
132.0
132.0
133.25
133.25
132.75
132.75
131.5
131.75
131.75
131.0
131.0
131.5
132.0
132.0
133.0
133.0
133.0
133.0
133.0
133.0
133.0
133.0
133.0
132.75
132.75
134.25
134.25
134.25
133.25
133.25
133.5
133.5
132.25
132.25
132.25
131.5
131.5
131.25
131.25
130.75
130.75
130.5
130.5
129.5
129.5
126.0
126.0
125.75
125.75
127.0
126.75
126.75
127.5
127.5
127.0
127.0
127.5
127.5
127.25
127.25
127.0
127.0
128.5
128.5
128.25
129.0
129.0
129.5
129.5
130.25
130.25
130.25
130.25
128.5
128.5
128.75
128.75
128.5
128.5
128.5
128.25
128.25
128.0
128.75
128.75
128.75
128.75
128.75
130.25
130.25
128.5
128.5
129.25
130.75
130.75
130.5
130.5
128.75
128.75
128.5
128.5
128.25
128.25
128.25
128.25
128.25
128.25
126.75
126.75
126.5
126.25
126.25
126.75
126.75
126.75
126.75
129.0
129.0
129.0
129.0
129.0
129.5
129.5
128.75
128.75
128.0
128.0
126.75
126.75
125.5
125.5
123.0
123.0
122.75
122.75
121.75
121.75
123.25
123.25
125.75
125.75
125.0
125.75
125.75
125.25
125.25
124.25
124.25
124.75
124.75
124.0
124.0
123.5
123.5
123.5
123.5
124.0
124.0
124.5
124.5
124.0
124.0
121.75
121.75
122.5
122.5
122.0
122.0
120.75
120.75
121.0
121.0
120.75
120.75
121.0
121.0
120.5
120.5
122.25
122.25
123.5
123.25
123.25
123.5
123.5
123.5
123.5
123.5
123.5
123.75
123.75
122.75
122.75
123.25
123.25
123.25
123.25
122.75
121.25
121.25
122.5
122.5
124.25
124.25
125.25
125.25
123.0
123.0
124.0
124.0
125.25
125.25
125.25
125.75
125.75
125.0
125.0
125.0
128.5
129.0
129.0
129.0
128.25
128.25
129.0
129.0
128.25
128.25
129.5
129.5
129.5
129.0
129.0
128.5
128.5
129.0
129.0
130.25
130.25
130.25
130.25
129.25
129.25
129.25
130.75
130.75
131.5
131.5
131.5
130.75
130.75
130.75
132.25
133.25
133.25
133.5
133.5
133.75
133.5
133.5
133.25
133.25
132.75
132.75
133.5
133.5
134.0
134.0
133.0
133.0
132.25
131.75
131.75
132.5
132.5
132.75
132.75
132.75
132.75
132.5
134.25
134.25
134.25
134.25
135.0
134.25
134.25
135.5
135.5
135.75
135.75
134.75
134.75
136.0
136.0
135.5
136.0
136.0
135.5
135.5
135.5
136.5
136.5
135.0
135.0
135.0
135.0
134.25
134.25
134.0
134.0
133.5
134.25
134.25
133.75
133.75
133.75
134.25
134.25
134.25
135.0
135.0
135.0
135.0
135.75
135.75
135.75
136.0
135.75
135.75
135.75
135.75
133.75
133.75
133.5
134.5
134.5
135.5
135.5
135.0
135.0
135.75
135.75
136.0
135.75
135.75
135.5
135.5
134.25
134.25
130.0
130.0
132.25
133.5
133.5
133.0
133.0
132.0
132.0
132.0
132.0
131.5
130.25
130.25
129.5
129.5
130.5
130.5
130.5
131.75
131.75
132.0
132.0
133.25
133.25
133.5
133.5
134.75
134.25
134.25
133.75
133.75
133.5
133.5
134.0
134.0
133.75
133.75
133.75
134.0
134.0
133.75
133.75
133.5
133.5
132.5
132.75
132.75
133.0
133.0
133.5
133.5
133.5
133.5
133.5
133.5
133.5
133.5
133.5
134.0
134.0
134.0
134.25
134.25
134.25
133.5
135.0
135.0
134.75
134.75
134.25
134.0
134.0
133.0
133.0
132.0
132.0
132.5
132.5
131.5
131.5
131.5
131.5
131.5
132.5
132.5
132.75
132.75
133.5
133.5
133.5
133.5
134.25
133.25
133.25
131.25
131.25
131.5
131.5
131.5
131.5
131.5
131.5
131.75
131.5
131.5
132.25
132.25
132.75
133.5
133.5
132.75
132.75
132.5
132.5
132.25
132.25
131.25
131.25
130.75
130.25
130.25
130.25
130.25
129.5
129.5
130.0
130.0
130.0
130.0
129.75
129.75
129.75
130.25
130.25
130.75
130.75
130.25
130.25
130.75
130.75
131.25
131.25
132.75
132.5
132.5
132.75
132.75
132.5
132.5
131.75
131.75
130.75
130.75
130.25
130.5
130.5
131.75
131.75
130.75
130.75
130.75
130.75
131.0
128.75
128.75
128.75
129.5
129.5
130.0
131.5
131.5
131.75
131.75
132.5
132.5
130.75
130.0
130.0
129.5
129.5
128.5
128.5
126.25
126.25
128.25
128.25
129.0
129.0
129.0
129.0
129.5
129.5
130.25
130.5
130.5
131.0
131.0
130.5
130.5
131.75
131.75
130.5
130.0
130.0
129.75
129.75
130.0
130.0
129.25
129.25
129.0
129.0
129.5
129.5
129.5
130.25
130.25
131.25
131.25
131.5
131.5
132.0
132.0
132.0
131.25
131.25
132.5
132.5
132.0
132.0
132.25
132.25
132.0
132.0
132.0
130.25
130.25
132.75
132.5
132.5
130.25
130.25
131.25
130.5
130.5
131.5
131.5
131.25
131.25
131.25
131.5
131.25
131.25
131.25
131.25
131.5
131.5
129.9078947368421
128.31578947368422
126.72368421052632
125.13157894736842
123.53947368421052
121.94736842105263
120.35526315789474
118.76315789473685
117.17105263157895
115.57894736842105
113.98684210526316
112.39473684210526
110.80263157894737
109.21052631578948
107.61842105263158
106.02631578947368
104.4342105263158
102.84210526315789
101.25
101.25
101.25
101.5
101.5
104.0
104.0
105.5
105.5
104.25
104.25
107.5
107.5
107.5
107.5
107.5
107.5
107.5
107.25
107.25
107.25
107.25
107.25
107.25
107.25
102.9375
98.625
94.3125
90.0
90.0
90.0
92.0
92.0
92.75
92.75
92.75
94.0
94.0
94.0
95.0
95.0
93.25
93.25
91.5
91.5
94.25
94.25
97.0
97.0
97.0
99.25
99.25
100.25
100.25
99.75
99.75
99.0
99.0
99.0
99.0
99.0
99.0
99.0
99.0
98.75
98.75
98.75
98.75
98.75
98.75
98.75
99.0
99.0
98.58333333333333
98.16666666666667
97.75
97.33333333333333
96.91666666666667
96.5
96.5
96.5
96.5
94.75
94.75
94.75
94.75
95.0
95.0
95.0
95.0
95.0
95.0
95.0
95.0
95.86805555555556
96.73611111111111
97.60416666666667
98.47222222222223
99.34027777777777
100.20833333333333
101.07638888888889
101.94444444444444
102.8125
103.68055555555556
104.54861111111111
105.41666666666667
106.28472222222223
107.15277777777777
108.02083333333333
108.88888888888889
109.75694444444444
110.625
111.49305555555556
112.36111111111111
113.22916666666667
114.09722222222223
114.96527777777777
115.83333333333333
116.70138888888889
117.56944444444444
118.4375
119.30555555555556
120.17361111111111
121.04166666666667
121.90972222222223
122.77777777777777
123.64583333333333
124.51388888888889
125.38194444444444
126.25
126.25
128.75
128.75
128.5
128.5
127.25
127.25
127.25
127.25
127.75
127.75
127.5
127.5
127.75
127.75
123.5
123.5
123.75
123.75
121.75
120.25
120.25
120.25
121.0
121.0
122.0
122.0
123.5
123.5
123.25
123.25
124.0
124.0
124.0
124.0
124.0
124.0
122.25
122.75
122.75
124.0
124.0
124.5
126.75
126.75
126.0
126.0
126.0
126.0
126.0
126.0
126.0
126.0
126.0
126.0
126.0
126.0
126.0
128.75
128.75
128.5
128.5
128.5
128.5
128.5
128.5
128.5
128.5
128.5
128.5
128.5
128.5
128.6
128.7
128.8
128.9
129.0
129.0
129.25
129.75
129.75
129.75
129.75
129.5
129.5
129.5
129.5
127.25
131.5
131.5
130.75
130.75
130.75
130.75
131.75
131.75
131.75
131.75
131.75
131.75
131.75
131.75
131.75
131.75
131.75
131.75
131.75
131.75
131.75
131.51666666666668
131.28333333333333
131.05
130.81666666666666
130.58333333333334
130.35
130.11666666666667
129.88333333333333
129.65
129.41666666666666
129.18333333333334
128.95
128.71666666666667
128.48333333333332
128.25
128.25
127.5
127.5
127.5
125.25
125.25
123.0
123.0
125.0
125.0
125.75
128.0
128.0
128.75
128.75
129.5
129.5
129.75
129.75
130.75
130.75
130.75
129.0
129.0
126.5
126.5
126.5
127.5
127.5
128.0
128.0
130.25
130.25
128.5
128.5
127.5
127.5
128.5
128.5
128.25
128.25
129.0
129.0
129.0
129.0
129.5
128.25
128.25
128.25
128.25
128.25
128.25
128.25
128.25
126.5
126.5
128.5
128.5
129.0
129.0
129.0
128.75
128.75
132.0
132.0
132.0
135.0
133.5
133.5
134.25
134.25
133.5
133.5
130.75
130.75
130.25
130.25
130.25
130.75
130.75
130.25
130.25
130.0
130.0
129.5
129.5
128.75
128.75
129.25
129.25
129.25
128.5
128.5
128.5
128.5
127.75
127.75
128.25
128.25
128.5
128.5
128.5
128.5
129.5
130.0
130.0
130.0
130.0
130.0
130.0
130.0
130.0
130.0
130.0
130.75
130.75
129.0
129.0
128.5
128.5
128.5
128.5
129.5
129.5
129.75
129.75
128.5
128.5
125.75
125.75
110.5
110.5
108.5
108.5
109.25
109.25
127.75
127.75
125.75
125.75
125.75
126.25
126.25
126.75
126.75
127.5
127.5
128.5
128.5
128.0
128.0
128.25
128.25
127.0
127.0
127.0
126.75
126.75
126.0
126.0
126.0
124.0
124.0
123.25
123.5
123.5
123.5
123.5
124.5
124.5
125.25
125.25
124.5
124.5
126.5
126.5
127.75
129.5
129.5
130.25
130.25
130.75
130.75
130.75
131.0
131.0
131.5
131.5
132.0
132.0
131.0
131.0
129.0
129.0
129.25
129.25
128.5
128.5
129.0
128.5
128.5
130.0
130.0
130.75
130.75
131.0
131.0
131.75
131.75
131.5
129.75
129.75
129.5
129.5
129.5
129.5
129.0
129.0
128.0
128.0
127.25
127.25
127.5
127.5
128.0
128.5
128.5
129.75
129.75
131.0
131.0
131.5
131.5
133.25
133.5
133.5
134.5
134.5
133.5
133.5
133.5
133.5
134.25
134.0
134.0
134.25
134.25
132.5
132.5
132.0
132.0
131.25
131.25
131.0
130.75
130.75
129.5
129.5
129.75
129.75
131.5
131.5
132.0
131.5
131.5
131.5
131.5
131.0
131.0
131.0
131.0
130.25
130.25
131.25
131.25
131.25
131.25
131.25
132.0
132.0
132.25
132.25
131.75
132.5
132.5
131.75
131.75
133.5
133.5
131.25
131.25
127.75
127.75
128.0
128.0
128.5
128.5
129.25
129.25
129.25
130.75
130.75
130.75
130.75
130.75
130.75
130.0
130.0
125.0
125.0
125.0
125.0
125.75
126.25
126.25
128.0
128.0
127.75
127.75
126.75
126.75
123.5
123.5
122.25
122.25
123.5
124.25
124.25
124.5
124.5
124.5
124.5
124.5
125.75
125.75
126.25
126.25
125.75
125.75
124.0
124.0
124.0
124.0
123.5
123.5
124.0
124.5
124.5
126.75
126.75
129.5
129.5
132.0
132.0
131.5
130.75
130.75
130.75
130.75
129.5
129.5
129.25
129.25
129.0
128.25
128.25
128.0
128.0
126.5
126.5
126.25
126.25
126.25
126.25
127.75
127.75
128.75
128.75
129.25
129.25
129.25
129.25
125.0
125.0
125.5
126.75
126.75
127.75
127.75
127.75
127.75
126.5
126.5
127.75
127.75
127.25
127.25
127.0
126.75
126.75
127.25
127.25
128.0
128.0
129.5
129.5
129.5
129.5
130.75
131.5
131.5
131.5
131.5
131.0
131.0
128.5
128.5
129.5
129.5
129.75
130.75
130.75
132.25
132.25
132.5
132.5
131.25
131.25
130.0
130.0
129.5
130.75
130.75
131.5
131.5
132.5
132.5
132.75
132.75
133.0
133.5
133.5
133.5
133.5
131.75
131.75
129.0
129.0
128.5
128.5
129.5
129.5
129.5
129.5
129.5
128.5
128.5
127.75
127.75
128.0
128.0
128.0
128.0
128.75
128.75
130.75
132.75
132.75
131.0
131.0
130.75
130.75
130.25
130.25
129.25
129.25
128.5
128.5
125.75
125.75
125.25
125.25
124.25
125.5
125.5
128.25
128.25
126.0
126.0
126.0
126.0
126.0
126.0
126.0
126.0
126.0
125.75
125.75
125.75
125.984375
126.21875
126.453125
126.6875
126.921875
127.15625
127.390625
127.625
127.859375
128.09375
128.328125
128.5625
128.796875
129.03125
129.265625
129.5
127.0
127.0
128.0
128.0
127.0
127.0
126.75
126.75
126.5
126.5
125.25
125.25
123.75
123.75
122.75
122.75
122.75
122.75
121.75
121.75
123.0
123.0
123.0
123.0
123.0
122.25
122.25
121.25
119.5
119.5
119.5
118.25
118.25
118.5
118.5
121.0
121.0
118.5
118.5
118.5
118.5
118.5
118.5
118.5
118.5
118.5
118.5
118.5
118.5
118.25
118.25
118.25
118.25
122.25
122.25
122.25
122.25
122.25
122.25
122.5
122.5
122.25
122.25
122.25
122.5
122.5
122.5
122.5
122.13235294117646
121.76470588235294
121.3970588235294
121.02941176470588
120.66176470588235
120.29411764705883
119.92647058823529
119.55882352941177
119.19117647058823
118.82352941176471
118.45588235294117
118.08823529411765
117.72058823529412
117.3529411764706
116.98529411764706
116.61764705882354
116.25
116.25
116.25
116.25
116.25
116.25
116.25
116.25
116.25
116.5
116.25
116.25
117.54166666666667
118.83333333333333
120.125
121.41666666666667
122.70833333333333
124.0
124.0
123.25
123.25
123.25
123.25
123.25
124.75
124.75
124.25
124.25
128.5
128.5
126.25
126.25
124.25
124.25
125.75
125.75
126.75
126.75
126.75
125.25
125.25
124.0
124.0
123.0
123.0
122.75
122.75
124.0
124.0
124.0
124.0
124.0
123.75
123.75
123.75
123.75
132.75
132.75
132.0
132.0
131.5
131.5
133.25
133.25
135.0
134.0
134.0
133.5
133.5
133.5
134.25
134.25
133.5
133.5
133.5
133.75
133.75
129.5
129.5
127.25
127.25
127.25
127.25
126.0
126.0
125.25
125.25
124.75
124.75
124.5
124.5
124.5
124.5
124.5
123.25
123.25
123.5
123.5
123.5
122.0
120.0
120.0
120.0
120.0
120.0
121.5
121.5
123.5
123.5
125.25
126.25
126.25
127.25
127.25
127.25
127.25
127.25
127.25
127.25
127.25
127.25
127.25
127.25
127.25
127.25
127.25
127.25
127.25
127.25
129.0
129.0
130.25
130.25
130.25
129.5
129.5
129.0
129.0
129.25
129.25
128.75
128.75
129.75
130.25
130.25
130.75
130.75
130.25
130.25
129.0
129.0
130.25
130.25
130.25
131.5
131.5
131.0
131.0
130.75
130.75
131.5
131.5
132.5
133.5
133.5
134.25
134.25
135.0
135.0
132.75
132.75
129.75
129.5
129.5
129.75
129.75
130.75
130.75
130.0
130.0
128.5
128.5
128.75
128.75
129.5
130.75
130.75
132.0
132.0
132.5
132.5
132.25
132.25
133.0
132.25
132.25
131.75
131.75
129.0
129.0
125.25
125.25
127.25
127.25
128.75
128.75
130.0
129.5
129.5
129.5
129.25
126.75
126.75
127.75
127.75
129.0
129.0
129.75
129.75
129.75
129.25
129.25
129.0
129.0
130.0
130.0
130.25
130.25
131.0
131.0
132.5
132.0
132.0
131.5
131.5
130.75
130.75
131.25
131.25
131.5
131.75
131.75
133.5
133.5
134.0
134.0
134.25
134.25
135.0
135.75
135.75
132.75
132.75
132.75
132.75
132.75
132.75
133.5
133.5
133.5
133.25
133.25
134.0
134.0
133.0
133.0
132.75
133.5
133.5
132.75
132.75
132.25
132.25
133.0
133.0
133.0
132.25
132.25
131.75
131.75
132.75
132.75
133.0
133.0
134.0
134.25
134.25
134.25
134.25
133.75
133.75
132.25
132.25
133.5
134.5
134.5
135.0
135.0
135.75
135.75
135.75
136.75
136.75
137.25
137.25
137.75
137.75
138.25
138.5
138.5
137.25
137.25
136.75
136.75
135.75
136.0
136.0
136.5
136.5
136.5
136.5
136.75
137.0
137.0
136.25
136.25
135.0
135.0
134.5
134.5
132.75
133.0
133.0
133.5
133.5
134.25
134.25
135.0
135.0
135.0
135.75
135.75
136.25
136.25
135.75
135.75
136.75
135.75
135.75
135.5
135.5
134.5
134.5
134.75
135.0
135.0
135.0
135.0
135.0
135.0
135.5
135.75
135.75
135.75
135.75
136.0
136.0
134.5
134.5
132.75
132.75
132.75
136.0
136.0
135.75
135.25
135.25
135.0
135.0
135.0
135.0
134.5
134.5
134.25
134.25
134.25
134.25
132.75
133.75
133.75
133.5
133.5
132.75
132.75
132.75
133.0
133.0
133.0
133.0
132.75
136.5
136.5
136.25
136.25
135.75
135.75
136.0
136.0
136.25
136.75
136.75
136.75
136.75
135.75
135.75
135.75
135.75
135.75
135.75
135.75
136.0
136.0
135.75
135.75
133.0
133.0
132.25
132.0
132.0
132.75
132.75
133.0
133.0
134.5
133.5
133.5
132.25
132.25
132.75
132.75
132.75
132.75
133.25
134.75
134.75
135.75
135.75
135.5
135.5
135.5
135.5
135.0
133.5
133.5
129.25
129.25
129.25
125.0
125.75
125.75
126.25
126.25
127.25
127.25
127.75
127.75
129.75
129.75
129.25
129.25
129.25
129.25
129.25
130.75
130.75
132.5
132.5
133.5
133.5
133.5
134.25
134.25
136.25
136.25
136.25
135.75
135.75
132.75
133.5
133.5
133.5
134.25
134.5
134.5
134.75
134.75
133.75
133.75
134.25
134.25
134.25
135.5
135.5
135.75
135.75
134.5
134.5
134.5
134.5
134.5
134.5
134.5
134.25
134.25
134.5
134.5
134.25
134.25
134.25
133.5
133.5
133.75
133.75
134.25
134.25
134.5
134.25
134.25
135.5
135.5
136.0
136.0
137.0
137.25
137.25
136.5
136.5
135.75
135.75
135.25
134.5
134.5
132.75
132.75
132.75
132.75
132.5
132.5
132.25
133.25
133.25
133.75
133.75
133.75
133.75
134.25
134.25
134.5
134.25
134.25
135.0
135.0
135.25
135.25
135.75
135.75
135.75
136.0
136.0
136.0
136.0
136.75
136.75
138.25
138.75
138.75
139.25
139.25
138.75
138.75
139.0
139.0
139.0
139.25
139.25
138.5
138.5
137.5
137.5
137.5
137.5
137.5
137.25
137.25
136.0
134.75
134.75
133.75
133.75
130.75
130.75
132.5
132.5
134.25
134.5
134.5
135.5
135.5
135.75
135.75
135.75
133.5
133.5
132.25
132.25
132.0
132.0
132.5
133.75
133.75
133.5
133.5
133.5
133.5
133.5
133.5
133.5
133.25
133.25
133.5
133.5
139.5
139.75
139.75
140.5
140.5
140.25
140.25
140.75
141.5
141.5
142.5
142.5
143.5
144.0
144.0
143.25
143.25
143.25
144.75
144.75
141.5
141.5
138.5
138.25
138.25
136.75
136.75
134.75
134.75
135.0
135.75
135.75
136.5
136.5
138.0
138.0
138.75
138.5
138.5
140.5
140.5
140.5
140.75
140.75
141.5
142.0
142.0
142.0
142.25
142.25
143.25
145.0
145.0
146.0
146.0
145.0
144.75
144.75
144.75
144.75
144.25
147.0
147.0
147.25
147.25
147.0
147.0
147.5
149.0
149.0
150.25
151.25
151.25
151.0
151.0
151.0
150.5
150.5
148.0
148.0
147.25
147.25
135.0
135.0
131.5
131.5
131.25
131.25
131.0
130.75
130.75
130.75
130.75
129.25
129.25
128.75
128.75
132.25
132.25
135.75
135.75
137.0
137.5
137.5
136.25
142.75
142.75
144.75
144.75
146.5
146.5
146.5
145.75
145.75
145.75
146.5
146.5
147.25
147.25
145.25
144.5
144.5
145.25
145.25
145.0
145.0
147.5
144.0
144.0
143.0
143.0
143.0
135.5
135.5
132.0
129.5
129.5
129.5
122.75
122.75
122.75
122.75
120.5
120.5
120.0
120.25
120.25
120.25
119.25
119.25
119.25
119.25
119.75
120.0
120.0
120.25
120.25
120.25
121.0
120.75
120.75
120.0
120.0
120.75
120.75
121.0
121.0
121.0
121.0
120.75
120.75
120.25
120.25
121.0
121.0
121.0
121.0
120.5
120.5
121.25
121.25
122.75
122.75
124.75
124.75
126.25
126.25
127.25
127.25
125.75
125.75
124.0
124.0
121.0
121.0
123.0
123.0
123.0
123.0
122.75
122.75
123.5
123.5
122.75
122.75
124.0
124.0
124.5
124.5
124.75
124.75
125.75
126.0
126.0
126.5
126.5
126.5
126.25
125.25
125.25
125.25
124.5
125.0
125.0
124.5
124.5
124.0
124.0
123.25
123.25
121.0
121.0
121.0
122.0
121.75
121.75
118.5
118.5
120.75
120.75
123.75
123.75
124.0
124.0
123.5
123.5
123.5
123.5
123.5
123.5
123.5
123.5
123.5
123.5
123.25
123.25
123.5
111.0
111.0
113.25
113.25
112.5
112.5
111.75
111.75
113.25
113.25
115.5
113.5
113.5
115.5
115.5
115.5
114.0
114.0
121.5
122.25
122.25
114.25
114.25
114.25
114.25
114.25
114.25
114.25
114.25
114.25
114.25
114.25
114.25
114.25
114.25
114.25
108.25
108.25
109.5
109.5
108.75
108.75
109.25
109.25
111.25
111.25
110.25
110.25
111.0
111.0
110.5
110.5
111.75
111.75
111.75
110.5
110.5
107.25
107.25
107.25
109.25
109.25
112.25
112.25
113.0
111.5
111.5
111.5
107.75
107.75
107.75
107.5
107.5
106.5
106.5
103.75
103.75
102.25
102.25
102.5
102.5
102.5
103.25
103.25
103.25
102.5
103.0
103.0
103.0
103.0
102.5
102.5
102.5
102.5
102.5
102.5
102.5
102.5
102.5
102.5
102.5
102.5
102.25
102.25
102.25
102.25
102.25
102.25
102.25
102.0
102.0
102.75
102.75
103.75
103.75
103.75
103.25
103.25
103.25
103.25
103.25
103.25
103.25
103.5
103.5
103.5
103.5
103.25
103.25
103.25
106.70833333333333
110.16666666666667
113.625
117.08333333333333
120.54166666666667
124.0
124.0
126.25
126.25
127.25
127.25
128.75
128.75
130.25
130.25
131.5
132.25
132.25
132.75
132.75
133.5
133.5
133.5
133.5
133.5
134.0
134.0
135.0
135.0
134.25
135.75
135.75
137.75
137.75
138.0
139.25
139.25
140.0
140.0
140.25
140.0
140.0
140.5
140.5
140.5
141.0
141.0
140.75
140.75
141.0
140.25
140.25
140.25
139.75
139.75
138.5
138.5
139.75
139.75
140.0
140.0
140.0
140.0
140.0
140.0
140.0
140.0
140.0
140.0
134.20833333333334
128.41666666666666
122.625
116.83333333333333
111.04166666666667
105.25
105.25
105.25
105.5
105.5
105.5
105.5
105.25
105.25
105.25
105.25
105.25
104.77941176470588
104.30882352941177
103.83823529411765
103.36764705882354
102.8970588235294
102.42647058823529
101.95588235294117
101.48529411764706
101.01470588235294
100.54411764705883
100.07352941176471
99.6029411764706
99.13235294117646
98.66176470588235
98.19117647058823
97.72058823529412
97.25
97.25
99.5
99.5
100.75
100.75
100.75
100.75
104.0
104.0
104.25
104.25
107.5
107.5
109.0
109.0
109.0
109.0
109.0
109.0
109.0
108.75
108.75
108.75
108.75
108.75
108.75
108.75
108.75
109.0
113.85
118.7
123.55
128.4
133.25
133.25
132.75
132.75
132.25
132.25
130.25
128.0
128.0
123.5
123.5
122.25
122.25
122.5
122.5
122.25
122.25
120.5
120.5
120.25
120.25
118.5
119.25
119.25
119.25
119.25
119.5
119.5
121.75
121.75
124.25
124.25
123.75
123.75
124.75
124.75
124.25
124.25
125.25
126.0
126.0
125.5
125.5
124.75
124.75
123.5
123.5
122.75
122.75
121.0
121.0
118.5
118.5
118.5
116.0
116.0
114.75
114.75
113.75
113.75
113.75
113.75
117.0
117.0
123.0
123.0
126.0
127.25
127.25
128.0
128.0
126.25
126.25
124.5
124.5
122.75
122.75
121.0
121.0
119.5
119.5
118.5
118.5
118.0
118.0
119.0
119.0
120.0
120.0
120.5
120.5
120.75
120.75
123.0
123.0
124.0
124.0
125.25
125.25
125.25
125.0
125.0
125.5
125.5
124.25
124.25
125.5
125.5
125.75
125.75
125.0
125.0
123.75
123.75
123.75
123.75
122.0
122.0
118.75
118.75
120.75
120.75
122.25
122.25
123.0
123.0
124.0
124.0
122.75
122.75
124.0
124.0
124.0
124.0
124.0
124.0
124.0
124.0
124.0
124.0
123.75
123.75
124.0
124.0
124.0
124.0
113.25
113.25
113.25
113.25
113.25
113.25
113.25
125.25
125.25
125.25
123.0
120.5
120.5
122.0
122.0
121.75
121.75
121.25
121.25
120.25
120.25
118.0
118.0
117.5
117.5
116.0
116.0
116.5
116.5
117.0
117.0
117.5
117.5
118.75
118.75
119.5
119.5
119.5
119.5
120.25
120.25
120.25
120.25
120.5
120.5
120.5
120.5
120.5
120.5
120.5
120.5
120.5
120.25
120.25
120.25
120.25
120.25
120.25
120.6590909090909
121.06818181818181
121.47727272727273
121.88636363636364
122.29545454545455
122.70454545454545
123.11363636363636
123.52272727272727
123.93181818181819
124.3409090909091
124.75
124.75
124.25
124.25
123.25
123.25
123.25
123.25
123.25
123.0
123.0
123.0
120.75
120.75
121.75
123.0
123.0
123.0
123.0
123.75
123.75
123.5
123.5
122.75
122.75
120.75
120.75
120.75
117.5
117.5
119.25
119.25
121.0
123.25
123.25
124.75
124.75
123.5
123.5
122.25
122.25
121.0
121.0
123.25
123.25
122.5
122.5
121.0
121.0
119.75
119.75
120.0
120.0
120.25
120.25
120.5
120.5
119.25
119.25
119.0
119.0
119.75
119.75
119.25
119.25
119.5
119.5
120.0
120.0
121.75
121.75
121.75
122.5
122.5
122.5
121.5
121.5
122.25
122.25
122.25
122.25
120.75
119.75
119.75
119.75
119.25
119.25
120.25
120.25
121.5
121.5
121.25
121.25
121.0
121.0
120.25
120.25
120.25
120.25
121.0
121.0
122.25
122.25
123.5
123.5
126.75
129.0
129.0
129.5
129.5
128.75
128.75
130.25
130.25
131.25
131.25
131.5
131.0
131.0
129.0
129.0
125.75
125.75
121.5
121.5
122.75
122.75
120.75
120.75
120.5
120.5
120.75
120.75
122.25
122.25
124.0
124.0
124.0
124.0
123.25
123.25
122.5
122.5
122.5
122.5
121.75
121.75
117.5
117.5
118.0
118.0
118.0
118.0
118.75
118.75
118.75
118.75
116.5
116.5
116.5
116.5
116.5
116.5
116.5
116.5
119.25
119.25
119.5
119.5
119.75
119.75
119.25
119.25
120.25
120.25
122.5
122.5
122.75
122.75
122.25
122.25
120.75
120.75
121.0
122.0
122.0
122.25
122.25
121.0
121.0
120.0
120.0
121.75
121.75
121.5
121.5
120.75
120.75
118.75
118.75
120.0
120.0
121.0
121.0
123.25
123.25
122.75
122.75
122.25
122.25
120.0
120.0
120.25
120.25
121.0
121.0
123.0
123.0
124.0
124.0
124.0
124.0
123.5
123.5
123.5
123.5
124.5
124.5
124.75
124.75
125.0
125.0
125.0
125.0
125.0
125.0
125.0
124.75
124.75
124.75
125.41666666666667
126.08333333333333
126.75
127.41666666666667
128.08333333333334
128.75
128.75
128.5
128.5
128.75
128.75
127.0
127.0
126.25
126.25
126.25
126.25
126.25
126.5
126.5
126.5
126.5
126.25
126.25
126.0
126.0
125.75
125.75
125.75
125.25
125.25
124.25
124.25
124.0
124.0
123.0
123.0
123.5
123.5
123.5
123.5
122.75
123.5
123.5
124.0
124.0
124.5
124.5
124.5
124.5
124.0
124.0
123.5
123.5
122.5
122.5
122.0
122.0
121.75
121.75
121.75
121.75
123.5
123.5
126.75
126.75
127.25
127.25
128.75
127.25
127.25
127.25
127.25
123.5
123.5
122.75
122.75
122.75
123.75
123.75
124.0
125.0
125.0
125.0
124.25
124.25
125.0
125.0
124.75
124.5
124.5
125.0
125.0
124.0
124.0
124.0
123.5
123.5
123.5
123.0
120.75
120.75
122.25
122.25
124.5
124.5
126.75
126.75
127.0
127.0
126.0
126.0
125.75
125.75
125.75
125.75
126.25
126.25
125.25
125.25
125.25
125.25
125.25
125.25
125.25
125.25
114.0
114.0
112.0
112.0
109.25
109.25
109.0
109.0
113.0
113.0
113.0
108.5
108.5
108.0
108.0
109.0
109.0
110.25
110.25
109.25
109.25
110.25
110.25
110.25
109.75
109.75
112.0
112.0
104.0
104.0
110.5
108.5
108.5
108.5
108.5
108.5
108.25
108.25
107.25
107.25
107.25
115.0
115.0
115.0
115.0
115.0
115.0
115.0
115.0
115.0
114.75
114.75
114.75
114.75
114.75
114.75
115.0
115.0
113.75
112.5
111.25
110.0
108.75
107.5
106.25
105.0
103.75
102.5
101.25
100.0
98.75
98.75
98.75
98.75
98.75
98.75
98.75
98.75
98.75
98.75
98.75
98.75
98.75
98.75
98.75
98.75
98.75
98.75
98.75
98.75
98.75
101.25
103.75
106.25
108.75
111.25
113.75
116.25
118.75
121.25
123.75
126.25
126.25
126.5
126.5
125.25
125.25
124.5
124.5
124.0
124.0
124.5
124.5
124.0
124.0
124.25
124.25
125.5
125.5
128.5
129.5
129.5
128.5
128.5
133.5
133.5
133.5
135.25
135.25
135.0
135.0
136.5
136.75
136.75
138.5
138.5
138.5
142.0
142.0
143.5
143.5
142.25
142.25
140.75
140.75
140.75
140.75
140.75
140.75
140.75
140.75
141.0
141.0
138.25
138.25
138.75
138.0
138.0
134.25
134.25
134.25
122.0
122.0
122.0
122.0
133.5
133.5
132.75
132.75
132.75
131.5
131.75
131.75
132.75
132.75
132.0
132.0
135.5
133.5
133.5
132.75
132.75
133.5
133.5
134.25
134.25
135.25
135.25
131.5
135.75
135.75
138.5
138.5
137.5
137.5
137.5
135.0
135.0
135.0
135.0
135.0
135.0
135.0
135.0
135.0
126.0
126.0
126.5
126.5
126.5
126.5
126.25
126.25
126.25
137.25
137.75
137.75
137.5
135.0
135.0
135.0
133.75
133.75
134.5
139.25
139.25
138.75
138.75
140.5
142.0
142.0
142.75
142.75
145.5
145.5
149.0
150.75
150.75
150.5
150.5
150.75
151.0
151.0
151.0
151.0
151.0
152.25
152.25
152.75
152.75
152.75
152.75
152.75
152.75
152.75
153.0
153.0
153.0
152.75
152.75
152.75
152.75
152.75
152.75
153.0
153.0
153.0
153.0
153.0
153.0
153.0
153.0
153.0
152.75
149.93333333333334
147.11666666666667
144.3
141.48333333333332
138.66666666666666
135.85
133.03333333333333
130.21666666666667
127.39999999999999
124.58333333333333
121.76666666666667
118.95
116.13333333333333
113.31666666666666
110.5
110.5
110.5
111.25
111.25
104.5
104.5
103.5
103.5
103.5
103.5
103.5
105.25
105.25
106.0
106.0
106.0
105.75
105.75
106.5
106.5
112.75
115.0
115.0
115.0
115.5
115.5
116.25
116.25
117.0
117.0
117.75
118.5
118.5
118.5
120.0
120.0
123.5
117.0
117.0
118.5
118.5
120.25
120.25
120.25
120.25
117.0
117.0
120.75
120.75
120.75
120.75
120.75
120.75
120.75
120.75
120.75
120.75
120.75
121.5
121.5
121.5
122.25
122.25
123.0
123.0
123.25
123.25
122.25
122.25
123.5
121.75
121.75
122.25
122.25
122.25
122.0
121.5
121.5
121.5
121.5
121.5
122.25
122.25
122.0
122.0
121.5
121.5
120.5
120.5
120.5
120.5
121.0
121.0
121.0
121.0
121.0
121.0
121.0
120.75
120.75
120.75
120.75
120.75
120.75
120.75
120.75
120.75
115.60416666666667
110.45833333333333
105.3125
100.16666666666667
95.02083333333333
89.875
84.72916666666667
79.58333333333334
74.4375
69.29166666666667
64.14583333333334
59.0
59.0
59.0
59.0
59.0
59.0
59.0
59.0
59.0
59.0
59.0
59.0
59.0
59.0
59.0
67.875
76.75
85.625
94.5
103.375
112.25
112.25
107.5
107.5
107.5
104.75
104.75
104.75
100.75
100.75
100.0
100.0
100.0
100.75
100.75
100.75
101.25
101.25
101.25
101.25
101.25
101.25
101.25
101.25
101.25
101.25
101.25
101.0
101.0
101.0
100.5
100.5
100.5
100.5
100.5
100.5
100.5
100.5
100.5
100.5
100.5
100.5
100.5
100.5
100.5
100.5
104.53571428571429
108.57142857142857
112.60714285714286
116.64285714285714
120.67857142857143
124.71428571428571
128.75
128.75
124.25
124.25
124.0
124.0
125.25
125.25
124.0
124.0
123.5
123.5
123.25
123.25
124.0
124.0
124.75
126.25
126.25
126.75
126.75
126.75
128.0
128.0
128.0
128.0
128.5
128.5
128.25
128.25
128.25
128.25
128.5
128.5
128.5
128.5
128.5
128.5
133.16666666666666
137.83333333333334
142.5
147.16666666666666
151.83333333333334
156.5
155.5
155.5
154.5
154.5
150.75
142.0
142.0
142.0
142.0
142.0
141.75
141.75
141.75
141.75
141.75
136.8
131.85
126.9
121.95
117.0
117.0
118.0
118.0
118.0
118.0
118.0
118.0
118.0
118.0
117.75
117.75
118.25
118.25
118.5
118.5
118.75
118.75
118.75
118.75
119.0
119.0
119.0
120.0
120.0
120.0
120.0
119.5
119.5
119.5
120.0
120.0
123.0
123.0
123.25
123.25
125.75
125.75
125.75
130.0
130.0
132.25
134.75
134.75
134.75
136.0
134.25
134.25
137.5
137.5
137.5
137.5
137.5
137.5
137.5
137.5
137.5
137.5
137.5
137.5
137.5
137.5
137.5
137.5
137.525
137.55
137.575
137.6
137.625
137.65
137.675
137.7
137.725
137.75
137.775
137.8
137.825
137.85
137.875
137.9
137.925
137.95
137.975
138.0
138.0
137.5
137.5
137.5
136.75
136.75
136.0
136.0
133.5
133.5
132.25
132.25
129.75
129.75
127.5
127.5
125.75
125.75
124.25
124.25
120.5
120.5
118.0
118.0
116.5
116.5
117.5
117.5
118.75
118.75
121.0
121.0
123.5
123.5
124.5
126.0
126.0
126.25
126.25
126.75
126.75
127.75
127.75
129.0
130.5
130.5
132.0
130.0
130.0
129.75
129.75
129.75
129.75
130.0
130.0
130.0
130.0
130.0
129.75
126.1
122.45
118.8
115.15
111.5
107.85
104.2
100.55
96.9
93.25
93.25
93.25
93.75
93.75
94.25
94.25
94.25
94.0
94.0
94.0
94.0
96.75
96.75
96.0
96.0
96.0
93.25
93.25
94.5
94.5
94.5
93.5
93.5
93.5
93.5
92.75
92.75
92.75
92.75
92.75
92.75
92.75
92.75
92.75
92.75
92.75
92.75
92.75
92.75
92.75
92.75
93.0
95.85416666666667
98.70833333333333
101.5625
104.41666666666667
107.27083333333333
110.125
112.97916666666667
115.83333333333333
118.6875
121.54166666666667
124.39583333333333
127.25
127.25
127.25
127.5
127.5
127.5
127.5
127.25
127.25
127.5
127.5
127.5
127.5
124.08333333333333
120.66666666666667
117.25
113.83333333333333
110.41666666666667
107.0
107.0
107.0
110.5
110.5
110.5
109.5
109.5
109.5
114.0
114.0
114.0
126.25
126.25
126.25
126.25
126.25
126.25
126.5
126.5
126.5
126.5
126.5
126.25
125.875
125.5
125.125
124.75
124.375
124.0
123.625
123.25
122.875
122.5
122.5
122.0
122.0
123.0
123.0
123.75
123.75
124.0
124.0
124.75
124.75
125.0
125.0
124.75
124.75
124.5
124.5
125.25
127.5
127.5
129.25
129.25
132.0
132.0
132.0
132.75
132.75
132.75
132.75
132.25
132.25
132.25
132.25
132.25
132.25
132.25
132.25
132.5
132.5
132.5
132.5
132.5
132.5
132.91666666666666
133.33333333333334
133.75
134.16666666666666
134.58333333333334
135.0
135.41666666666666
135.83333333333334
136.25
136.66666666666666
137.08333333333334
137.5
137.5
138.25
138.25
137.0
136.25
136.25
136.75
136.75
137.5
137.5
137.25
137.75
137.5
137.5
138.0
138.0
139.5
139.5
140.0
140.0
138.75
138.75
139.25
139.5
139.5
135.5
135.5
134.5
134.5
134.5
139.5
140.75
140.75
142.5
142.25
142.25
142.5
142.5
142.25
142.25
142.25
142.5
142.5
136.25
136.25
136.25
136.25
136.25
136.25
136.25
136.25
136.25
135.25
135.25
135.25
134.75
134.75
135.75
135.75
135.0
133.5
133.5
133.0
133.0
132.75
132.75
132.75
132.75
132.75
132.75
132.75
132.75
132.75
132.75
133.0
132.63636363636363
132.27272727272728
131.9090909090909
131.54545454545453
131.1818181818182
130.8181818181818
130.45454545454547
130.0909090909091
129.72727272727272
129.36363636363637
129.0
128.63636363636363
128.27272727272728
127.9090909090909
127.54545454545455
127.18181818181819
126.81818181818181
126.45454545454545
126.0909090909091
125.72727272727273
125.36363636363636
125.0
125.0
122.75
122.75
123.0
123.0
121.75
121.75
122.25
122.25
119.5
119.5
122.75
122.75
120.25
120.25
120.25
120.25
121.5
121.5
119.0
119.0
119.75
119.75
119.0
119.0
119.75
119.75
120.75
120.75
118.75
118.75
117.5
117.5
114.75
114.75
114.75
108.75
108.75
108.75
108.75
108.0
108.0
108.0
108.0
108.0
108.0
107.75
107.75
111.25
111.25
113.0
113.0
113.0
112.25
112.25
108.0
108.0
104.25
104.25
104.25
105.0
105.0
96.25
96.25
96.25
96.25
96.25
100.5
100.5
100.5
100.5
100.5
100.5
105.0
105.0
105.0
104.75
104.75
105.0
105.0
106.5
106.5
106.0
106.0
106.0
105.75
105.75
106.75
106.75
104.75
104.75
105.75
105.75
105.75
105.75
105.75
106.0
106.0
105.75
105.75
106.25
106.25
105.75
105.75
105.75
103.5
103.5
103.5
103.5
103.5
103.5
103.5
103.5
89.5
89.5
89.5
89.0
89.0
86.25
86.25
83.25
83.25
83.25
81.25
81.25
81.25
81.75
81.75
81.75
81.25
81.25
82.75
82.75
83.0
83.0
83.0
83.0
83.0
82.75
82.75
82.75
82.75
82.75
83.0
83.0
85.75
88.5
91.25
94.0
96.75
96.75
96.75
94.75
94.75
93.0
93.0
93.0
92.5
92.5
89.75
89.75
88.5
88.5
87.25
87.25
87.25
87.25
87.25
86.75
86.75
86.75
86.75
86.75
86.75
86.75
86.75
86.75
86.75
86.75
86.75
86.75
86.75
86.75
86.75
86.75
86.75
89.56818181818181
92.38636363636364
95.20454545454545
98.02272727272728
100.8409090909091
103.6590909090909
106.47727272727273
109.29545454545455
112.11363636363636
114.93181818181819
117.75
117.75
120.75
120.75
122.5
122.5
123.0
123.0
123.75
123.75
122.25
122.25
121.5
121.5
121.25
121.25
122.75
122.75
123.5
123.5
124.0
124.25
124.25
124.75
124.75
126.0
126.0
126.75
126.75
125.25
125.25
125.5
125.5
125.0
125.0
124.5
124.5
123.0
123.0
122.75
122.75
123.0
124.25
124.25
124.75
124.75
126.25
126.25
125.75
125.75
125.75
125.75
125.75
125.75
125.75
125.75
125.0
125.0
124.0
124.0
123.5
123.5
123.25
123.25
124.25
124.25
125.75
124.0
124.0
124.75
124.75
124.75
124.25
122.25
122.25
119.25
119.25
119.25
119.25
118.5
118.5
118.5
118.5
118.5
118.5
118.5
118.5
118.5
118.5
118.25
118.25
118.25
118.25
118.5
118.6875
118.875
119.0625
119.25
119.4375
119.625
119.8125
120.0
120.1875
120.375
120.5625
120.75
120.75
120.75
119.5
120.0
120.0
119.0
119.0
119.0
119.25
121.0
121.0
121.5
121.5
121.5
123.25
123.25
123.5
123.0
123.0
123.0
123.0
122.75
122.75
122.25
122.25
121.5
121.5
122.75
122.75
122.0
122.0
125.0
125.0
124.5
124.5
124.0
124.0
123.0
123.0
123.0
123.0
121.5
121.5
118.5
118.5
121.25
121.25
120.5
120.5
120.5
120.5
120.5
120.5
120.5
120.5
120.5
120.5
120.25
120.25
120.25
120.0
120.0
120.0
120.0
120.0
120.0
119.75
119.75
119.75
120.0
120.0
120.0
119.35714285714286
118.71428571428571
118.07142857142857
117.42857142857143
116.78571428571429
116.14285714285714
115.5
114.85714285714286
114.21428571428571
113.57142857142857
112.92857142857143
112.28571428571429
111.64285714285714
111.0
111.0
110.5
110.5
112.25
112.25
112.25
115.75
115.75
115.75
115.75
120.25
120.25
117.5
117.5
117.5
117.5
117.5
117.5
117.5
117.5
117.5
117.5
117.5
117.5
117.5
117.5
117.5
117.5
117.5
115.4396551724138
113.37931034482759
111.31896551724138
109.25862068965517
107.19827586206897
105.13793103448276
103.07758620689656
101.01724137931035
98.95689655172414
96.89655172413794
94.83620689655173
92.77586206896552
90.71551724137932
88.65517241379311
86.5948275862069
84.5344827586207
82.47413793103448
80.41379310344827
78.35344827586206
76.29310344827586
74.23275862068965
72.17241379310344
70.11206896551724
68.05172413793103
65.99137931034483
63.93103448275862
61.87068965517241
59.810344827586206
57.75
57.75
57.75
56.25
56.25
56.25
56.5
56.5
56.5
56.5
56.5
56.5
56.5
56.5
56.5
64.71428571428571
72.92857142857143
81.14285714285714
89.35714285714286
97.57142857142857
105.78571428571428
114.0
114.0
114.5
114.5
115.75
115.75
117.0
117.0
117.5
117.5
118.75
118.75
120.0
120.0
121.75
121.75
122.25
122.25
122.25
123.75
123.75
132.25
132.25
135.5
135.5
135.5
135.5
158.0
158.0
158.0
160.5
160.5
160.5
160.5
160.5
160.5
160.5
160.5
160.5
160.5
160.5
160.5
160.5
152.75
145.0
137.25
129.5
121.75
121.75
121.0
121.0
120.5
120.5
112.75
112.75
112.75
115.5
115.5
110.0
110.0
107.5
107.5
107.5
95.75
95.75
96.25
96.25
96.25
96.25
96.25
89.75
89.75
89.75
88.5
88.5
89.25
89.25
89.25
93.5
93.5
95.5
95.5
95.5
96.25
96.25
95.75
95.75
94.0
94.0
94.0
94.0
94.0
91.75
91.75
91.75
91.75
91.75
91.75
91.75
91.75
91.75
92.0
92.0
92.0
91.75
91.75
91.75
91.75
91.75
91.75
99.875
108.0
116.125
124.25
124.25
124.25
124.25
124.25
122.75
122.75
127.25
127.25
121.5
121.5
118.25
118.25
118.25
118.25
115.75
115.75
116.75
116.75
116.75
116.75
116.75
116.75
117.0
116.75
116.75
117.0
117.0
117.01136363636364
117.02272727272727
117.0340909090909
117.04545454545455
117.05681818181819
117.06818181818181
117.07954545454545
117.0909090909091
117.10227272727273
117.11363636363636
117.125
117.13636363636364
117.14772727272727
117.1590909090909
117.17045454545455
117.18181818181819
117.19318181818181
117.20454545454545
117.2159090909091
117.22727272727273
117.23863636363636
117.25
117.25
117.25
117.25
117.75
117.75
117.75
116.75
116.75
116.75
116.75
116.75
116.75
116.75
116.75
116.75
116.75
116.75
117.0
117.22222222222223
117.44444444444444
117.66666666666667
117.88888888888889
118.11111111111111
118.33333333333333
118.55555555555556
118.77777777777777
119.0
119.0
119.5
119.5
121.5
121.5
123.0
123.0
124.25
126.25
126.25
127.0
127.0
127.75
127.75
126.5
128.0
128.0
128.0
126.75
126.75
125.0
125.25
125.25
125.25
125.25
125.25
125.25
126.0
126.0
124.5
124.5
124.25
124.25
124.75
124.75
124.25
124.25
125.25
125.25
124.5
124.5
125.0
125.0
125.25
125.75
125.75
124.0
124.0
122.25
122.25
123.0
123.0
121.5
121.5
121.5
121.5
121.5
121.5
124.5
124.5
122.25
122.25
122.25
125.25
125.25
122.75
122.75
124.0
124.0
125.25
125.25
125.75
126.25
126.25
126.25
124.75
124.75
123.5
123.5
122.25
122.25
122.5
122.5
122.0
122.0
122.25
122.25
122.0
122.0
123.25
123.25
124.5
124.5
127.25
127.25
125.25
126.25
126.25
125.75
125.75
125.0
125.0
124.0
124.0
124.0
121.25
121.25
121.25
121.0
121.0
121.0
121.0
121.0
121.0
121.0
121.0
121.0
120.75
120.75
120.75
120.75
121.75
123.0
123.0
123.0
123.0
121.0
121.0
124.0
124.0
124.75
124.75
123.75
123.75
123.0
123.0
123.0
123.0
123.5
123.5
122.5
122.5
123.25
123.25
124.0
124.0
124.0
124.0
122.25
122.25
122.0
122.5
122.5
124.0
124.0
123.0
123.0
124.25
124.25
124.25
124.25
125.0
125.0
124.5
124.5
123.0
123.0
122.5
122.5
123.0
123.0
124.0
124.0
123.75
123.75
122.75
122.75
121.75
121.75
122.25
122.0
122.0
121.5
121.5
120.5
120.5
120.25
120.25
120.25
121.75
120.75
120.75
119.5
119.5
119.5
119.5
119.5
118.75
118.75
118.0
118.0
118.0
118.0
118.75
118.75
119.5
119.5
122.75
122.75
119.25
119.25
119.75
119.75
119.25
119.25
118.75
118.75
120.0
120.0
119.5
120.75
120.75
120.75
121.0
121.0
120.75
120.75
120.75
121.25
121.25
121.75
121.75
121.75
122.25
122.25
122.0
122.25
122.25
122.5
122.5
123.0
123.0
123.0
123.0
125.75
125.75
127.25
126.25
126.25
122.75
122.75
122.25
122.25
122.75
122.75
122.25
122.25
119.5
123.25
123.25
123.25
123.25
123.25
123.25
123.5
123.5
123.25
123.25
123.5
123.5
121.28571428571429
119.07142857142857
116.85714285714286
114.64285714285714
112.42857142857143
110.21428571428571
108.0
108.0
110.0
110.0
111.5
111.5
113.5
113.5
114.0
114.0
113.5
113.5
119.25
119.25
120.25
120.25
121.75
121.75
122.25
122.25
123.0
123.0
123.75
123.75
125.5
125.5
125.0
125.0
128.0
128.0
128.25
128.25
136.75
130.5
130.5
130.5
130.5
130.25
130.25
130.25
130.25
130.25
130.25
130.25
130.25
130.25
130.25
124.25
124.25
124.25
140.75
132.75
132.75
134.25
134.25
134.25
131.75
134.5
134.5
134.75
134.75
136.0
136.0
136.25
136.75
136.75
135.75
135.75
137.5
137.5
136.75
136.75
136.75
144.0
144.0
143.0
143.5
143.5
141.0
141.0
140.75
140.75
140.75
140.75
137.25
137.25
137.25
137.25
137.25
137.25
137.25
137.25
137.25
140.25
140.25
137.75
137.75
142.0
148.25
148.25
148.25
148.25
148.25
148.25
148.25
148.5
148.5
141.25
141.25
141.25
141.25
141.25
141.25
141.5
141.5
141.5
141.5
141.5
141.5
141.5
140.65540540540542
139.8108108108108
138.96621621621622
138.1216216216216
137.27702702702703
136.43243243243242
135.58783783783784
134.74324324324326
133.89864864864865
133.05405405405406
132.20945945945945
131.36486486486487
130.52027027027026
129.67567567567568
128.83108108108107
127.98648648648648
127.14189189189189
126.29729729729729
125.45270270270271
124.60810810810811
123.76351351351352
122.91891891891892
122.07432432432432
121.22972972972973
120.38513513513513
119.54054054054053
118.69594594594595
117.85135135135135
117.00675675675676
116.16216216216216
115.31756756756756
114.47297297297297
113.62837837837837
112.78378378378379
111.9391891891892
111.0945945945946
110.25
110.25
107.75
107.75
107.25
107.25
107.25
108.25
108.25
107.0
107.0
115.0
115.0
115.0
115.0
115.0
115.0
115.0
115.0
115.0
115.0
115.0
124.0
124.0
122.5
122.5
121.25
121.25
118.0
118.0
115.75
115.75
118.75
118.75
118.5
118.5
117.5
117.5
117.5
117.5
117.5
117.5
118.0
118.0
118.5
118.5
118.5
118.5
120.0
120.0
119.25
119.25
119.25
118.75
118.75
119.0
119.0
118.0
118.0
117.5
117.5
117.0
117.0
116.75
116.75
113.25
113.25
108.75
108.75
108.75
109.5
109.5
111.5
111.5
116.5
116.5
116.25
116.25
115.0
115.0
115.0
139.0
139.0
131.0
123.25
123.25
123.25
126.25
126.25
128.5
130.25
130.25
131.5
131.5
126.75
126.75
125.0
125.0
123.75
123.75
119.0
119.0
119.0
107.75
107.75
106.75
106.75
103.5
103.5
103.0
103.0
101.75
101.75
103.0
103.0
103.0
103.75
103.75
106.25
106.25
106.25
113.5
114.0
114.0
115.25
115.25
115.25
120.25
120.25
118.5
118.5
118.0
118.0
118.0
116.5
116.5
116.5
118.75
118.75
119.5
119.5
117.25
117.25
117.25
117.25
117.5
117.5
117.5
117.5
117.25
117.25
117.5
117.5
118.75
118.75
118.75
118.75
117.75
117.75
117.25
117.25
117.25
117.25
117.5
117.5
118.75
118.75
118.75
118.5
116.25
116.25
117.0
117.0
117.75
117.75
117.25
117.25
117.75
117.75
122.75
122.75
124.0
124.0
122.5
122.5
123.75
123.75
123.0
123.0
121.0
121.0
120.75
120.75
117.5
117.5
116.75
116.75
111.25
111.25
111.25
111.25
111.25
111.75
111.75
112.25
112.25
111.25
111.25
111.5
111.5
113.25
113.25
113.25
112.75
112.75
112.75
113.75
113.75
112.75
112.75
112.75
111.75
111.75
112.75
112.75
112.0
112.0
112.0
112.0
112.0
112.0
112.0
112.0
112.0
112.5
112.5
113.0
113.0
113.25
113.25
113.0
113.0
113.25
113.25
113.5
113.5
113.5
113.5
115.0
115.0
114.75
114.75
115.5
115.5
115.75
115.75
116.75
116.75
116.75
116.25
116.25
117.5
117.5
116.75
116.75
116.75
116.75
117.0
117.0
118.25
118.25
118.75
118.75
118.75
118.75
118.75
118.75
118.75
118.75
118.75
118.75
118.75
118.75
119.0
119.0
119.0
119.015625
119.03125
119.046875
119.0625
119.078125
119.09375
119.109375
119.125
119.140625
119.15625
119.171875
119.1875
119.203125
119.21875
119.234375
119.25
119.25
120.0
120.0
121.0
121.0
120.25
120.25
121.0
121.0
120.0
120.0
120.75
120.75
121.0
121.0
121.5
121.5
121.5
122.25
122.25
122.25
123.0
124.25
124.25
125.0
125.0
125.0
125.0
123.5
123.5
122.0
122.0
122.25
122.25
120.75
120.75
121.0
121.0
120.0
120.0
120.0
120.0
120.0
120.0
120.0
120.0
120.0
120.0
120.0
120.0
120.0
120.0
119.75
119.75
120.0
120.0
120.0
120.0
121.75
123.5
125.25
127.0
128.75
128.75
125.0
125.0
124.0
124.0
124.0
122.5
122.5
124.25
124.25
123.5
123.5
122.25
122.25
121.25
121.25
121.0
121.0
121.0
121.0
120.5
120.5
120.0
120.0
119.75
119.75
119.75
119.75
119.75
126.75
126.75
125.75
125.75
125.75
125.75
124.0
124.0
122.75
122.75
122.25
122.25
121.75
121.75
121.5
121.5
123.5
123.5
123.5
123.5
123.5
123.5
123.0
123.0
120.0
120.0
119.5
119.5
120.75
120.75
120.75
120.75
120.75
120.75
121.5
121.5
120.25
120.25
121.75
121.75
122.75
122.75
122.25
122.25
121.25
121.25
121.75
121.75
121.0
121.0
120.25
120.25
120.0
120.0
120.25
120.25
121.5
121.5
120.25
120.25
120.0
120.0
120.25
122.25
122.25
123.0
123.0
125.25
125.25
124.0
124.0
125.0
125.0
125.0
125.0
123.5
123.5
122.5
122.5
123.0
123.0
121.25
121.25
122.75
122.75
123.5
123.5
124.5
124.5
124.75
124.75
124.25
124.25
124.0
122.5
122.5
122.25
122.25
122.75
122.75
123.5
123.5
123.0
123.0
123.0
123.0
123.0
123.0
124.5
124.5
123.5
123.5
123.5
123.5
127.25
127.25
128.5
128.5
128.25
128.25
129.5
128.5
128.5
128.0
128.0
128.5
128.5
126.25
126.25
127.75
127.75
126.25
128.5
128.5
128.5
127.25
127.75
127.75
129.0
129.0
128.5
128.5
129.0
129.0
130.25
130.25
127.5
127.5
129.5
130.0
130.0
130.25
130.25
130.75
130.75
130.5
130.5
130.75
130.75
132.25
132.75
132.75
133.5
133.5
132.5
132.25
132.25
132.5
132.5
132.75
132.75
132.75
132.0
133.25
133.25
133.0
133.0
133.0
133.0
133.0
133.0
133.0
132.75
132.75
133.25
132.75
132.75
131.75
131.75
132.5
132.5
131.5
131.5
132.75
132.75
131.5
131.5
132.0
132.75
132.75
132.75
132.75
132.25
132.25
132.75
132.75
131.5
131.5
131.5
130.5
130.5
129.5
129.5
129.75
129.75
129.75
128.75
128.75
129.0
129.0
126.25
126.25
126.25
127.5
127.5
127.5
127.0
127.0
128.0
128.0
129.25
129.25
129.5
129.5
130.0
130.0
128.5
128.5
128.5
127.25
127.25
127.0
127.0
126.75
126.75
124.75
124.75
125.25
125.25
124.5
124.5
125.0
125.0
123.5
123.5
123.75
123.75
122.0
122.0
122.0
122.0
121.75
121.75
121.75
121.75
121.5
121.5
121.5
121.25
121.25
121.5
121.5
121.5
121.25
121.25
121.25
121.25
121.5
121.5
121.25
117.8
114.35
110.9
107.45
104.0
104.0
106.25
106.25
102.0
102.0
102.0
107.0
107.0
104.0
104.0
107.0
107.0
104.75
104.75
107.75
107.75
107.25
107.25
107.25
107.25
110.5
110.5
110.5
109.75
109.75
109.5
109.5
109.5
109.5
109.5
109.5
109.5
109.25
109.25
109.5
109.5
120.5
120.5
121.25
121.25
120.0
120.0
120.75
120.75
120.75
120.75
120.75
121.5
121.5
122.0
122.0
122.75
122.75
123.0
123.0
123.0
123.0
122.75
122.75
122.75
122.75
122.75
122.75
122.75
122.75
122.75
123.15
123.55
123.95
124.35
124.75
124.75
126.25
126.25
126.0
126.0
126.5
126.5
126.25
126.25
126.75
126.75
127.0
127.0
128.0
128.0
129.25
130.75
130.75
130.75
130.75
129.75
129.75
130.25
131.5
131.5
131.5
131.5
129.75
129.75
128.0
128.0
128.0
128.0
129.75
129.75
128.75
128.75
129.0
130.25
130.25
129.25
129.25
129.5
129.5
130.5
130.5
131.5
132.75
132.75
133.75
133.75
134.25
134.25
134.25
134.25
134.25
134.5
134.5
134.5
134.5
134.5
134.5
134.25
133.91666666666666
133.58333333333334
133.25
132.91666666666666
132.58333333333334
132.25
131.5
131.5
131.75
131.75
131.5
131.5
132.0
132.5
132.5
132.5
132.5
132.0
132.0
132.0
132.0
132.75
132.75
131.75
131.5
131.5
132.0
132.0
132.0
133.5
133.5
132.25
132.0
132.0
131.0
131.0
130.25
130.25
130.5
130.5
130.25
130.25
130.25
129.25
131.5
131.5
130.75
130.75
132.5
132.5
132.0
132.0
132.25
132.0
132.0
131.25
131.25
131.0
131.0
131.5
131.5
132.25
131.5
131.5
130.75
130.75
130.0
130.0
130.75
130.75
130.5
130.5
130.5
130.5
130.5
130.5
130.5
130.5
130.25
130.25
121.75
121.75
121.5
121.5
121.75
123.5
123.5
125.25
125.25
126.75
126.75
128.0
128.0
127.5
127.5
128.5
128.5
129.0
129.0
128.5
129.0
129.0
128.75
128.75
129.25
129.25
127.25
127.25
127.25
127.25
127.0
127.0
126.25
126.0
126.0
126.25
126.25
127.0
127.0
129.5
129.5
128.75
128.75
130.0
130.0
131.75
132.0
132.0
132.0
132.0
132.0
132.0
130.75
130.75
129.0
129.0
129.0
128.75
128.75
129.0
129.0
129.25
129.25
129.5
129.5
129.25
129.25
128.5
128.5
128.0
128.0
128.5
127.25
127.25
126.25
126.25
127.75
127.75
129.0
129.0
129.25
129.25
129.5
129.5
129.25
128.75
128.75
128.75
128.75
127.75
127.75
127.0
127.0
127.25
127.25
127.25
127.25
126.0
126.0
127.5
127.5
131.25
131.25
132.0
131.5
131.5
131.0
131.0
130.75
130.75
130.0
129.25
129.25
129.25
128.5
128.5
127.0
126.75
126.75
127.25
127.25
128.5
128.5
129.0
129.0
129.25
129.75
129.75
130.5
130.5
130.75
130.75
130.0
130.0
128.5
128.5
127.75
127.75
127.75
128.75
128.75
130.75
130.75
129.25
129.25
129.0
129.0
129.5
129.5
129.5
129.5
130.25
130.25
130.25
129.0
129.0
129.0
129.0
129.5
129.5
129.75
129.75
129.5
129.75
129.75
130.0
130.0
130.75
130.75
130.25
130.25
130.25
130.25
130.5
130.25
130.25
131.0
131.0
130.5
130.5
132.0
132.0
132.75
132.75
133.0
133.5
133.5
132.75
132.75
132.0
132.0
133.25
133.25
133.5
132.25
132.25
132.25
132.25
132.25
132.25
132.25
132.25
132.5
134.0
134.0
134.25
134.25
134.5
134.5
134.0
134.0
134.75
134.5
134.5
134.5
134.5
133.5
133.5
133.0
132.5
132.5
133.5
133.5
133.5
133.5
133.25
133.25
134.25
134.25
133.5
133.5
133.75
134.25
134.25
134.5
134.5
134.25
134.25
134.5
134.5
134.25
134.25
134.25
134.5
134.5
133.5
133.5
133.0
133.0
132.25
132.25
132.25
132.0
132.0
131.75
131.75
131.75
132.0
132.0
132.5
132.5
132.5
132.5
132.5
132.5
133.0
131.5
131.5
131.5
131.5
132.0
132.0
130.75
130.75
130.25
130.25
129.75
129.5
129.5
129.5
129.0
129.5
129.5
128.5
128.5
128.75
128.75
129.0
129.0
129.0
129.0
129.0
129.0
128.0
128.0
128.5
128.5
128.5
128.0
128.0
126.75
126.75
123.75
123.75
123.0
123.0
121.75
121.75
119.5
119.5
122.0
122.0
122.25
122.25
121.5
121.5
121.25
121.25
121.75
121.75
122.0
122.0
123.25
124.75
124.75
125.0
125.0
124.5
124.5
122.75
122.75
122.0
122.0
122.75
122.75
123.75
123.75
123.0
123.0
120.75
120.75
119.75
119.75
118.75
118.75
119.0
119.0
119.0
119.0
120.0
120.0
121.75
121.75
122.0
122.0
123.0
123.0
121.75
121.75
121.5
121.5
121.0
121.0
120.0
120.0
120.25
120.25
120.25
120.25
121.0
121.0
122.5
122.5
121.75
121.75
120.75
120.75
120.5
120.5
120.25
120.25
122.25
122.25
122.25
122.25
121.75
121.75
122.0
122.0
123.25
123.25
123.75
123.75
122.75
122.75
122.75
122.75
121.5
121.5
121.75
121.75
121.75
122.25
122.25
123.0
123.0
123.25
123.25
124.25
124.25
125.75
125.75
125.75
125.75
125.75
125.75
126.75
126.75
126.0
126.0
127.5
128.0
128.0
128.0
128.0
128.0
128.0
128.5
128.5
128.5
128.5
129.0
129.0
128.5
128.5
129.5
130.75
130.75
132.0
132.0
132.5
132.5
133.0
132.5
132.5
133.5
133.5
134.25
134.25
134.25
134.25
132.75
132.75
132.0
131.5
131.5
132.25
132.25
132.75
132.75
132.0
132.0
131.75
132.0
132.0
133.75
133.75
134.25
134.25
134.25
135.0
135.0
135.0
132.75
132.75
130.75
131.5
130.25
130.25
130.25
131.5
131.5
132.0
132.25
132.25
133.25
133.25
133.5
133.5
133.5
133.5
134.25
133.25
133.25
133.25
133.0
133.0
133.5
133.5
134.25
134.25
135.0
135.0
135.0
134.0
134.0
134.0
134.0
133.5
133.5
133.5
133.5
133.5
133.5
133.5
133.5
133.25
133.25
132.75
132.5
132.5
132.0
132.0
132.5
132.5
131.5
131.5
131.5
132.25
132.25
132.25
132.5
132.0
132.0
132.0
132.0
131.0
131.0
130.75
131.0
131.0
131.0
129.5
128.5
128.5
128.5
128.5
128.25
128.25
128.5
128.5
129.0
129.0
128.5
128.5
128.25
128.25
128.5
128.5
128.5
128.5
128.5
128.5
128.5
128.75
128.75
128.5
128.5
128.25
127.0
127.0
127.0
127.0
127.0
127.0
125.75
125.75
125.0
125.0
125.25
125.25
125.25
125.25
126.75
126.75
126.75
126.25
126.25
126.5
126.5
127.25
127.25
128.0
128.0
127.25
127.25
128.0
128.0
127.5
127.5
126.5
126.5
126.5
126.5
127.5
127.5
127.5
127.75
127.75
127.25
127.25
127.25
127.25
127.5
127.5
126.75
127.25
127.25
128.0
128.0
128.0
128.0
127.0
127.0
125.5
125.5
124.75
124.75
124.5
124.5
126.25
126.25
125.25
125.25
125.25
125.25
126.75
126.75
126.25
126.25
125.75
125.5
125.5
125.75
125.75
125.25
125.25
125.75
125.75
123.75
123.5
123.5
123.75
123.75
123.75
123.75
124.5
124.5
125.25
125.25
124.75
124.75
125.0
125.0
125.0
126.25
127.25
127.25
127.25
127.25
127.0
127.0
125.75
125.75
125.75
125.75
125.25
125.25
125.0
125.0
125.75
125.75
125.25
125.25
125.25
125.75
125.75
125.0
125.0
126.75
126.75
126.0
126.0
126.25
126.25
127.5
127.5
128.0
127.25
127.25
125.25
125.25
123.0
123.0
122.75
122.75
122.0
122.0
121.75
121.75
122.5
122.5
124.75
124.75
125.5
125.5
125.75
125.75
125.0
125.0
125.25
125.25
125.0
125.0
125.75
125.75
125.0
126.25
126.25
126.25
126.75
126.75
127.25
127.25
125.5
126.5
126.5
123.5
123.5
125.0
125.0
123.5
123.5
123.25
123.25
123.5
123.5
123.5
123.5
124.0
124.0
123.5
123.5
122.5
122.75
122.75
122.5
122.5
122.75
122.75
122.75
123.0
123.0
122.25
122.25
123.5
125.25
125.25
125.5
125.5
125.5
125.5
125.25
125.25
125.25
125.25
120.5
120.5
119.25
119.25
119.0
119.0
118.75
118.75
118.5
118.5
118.5
118.5
118.5
118.5
118.5
118.5
118.5
118.5
118.5
118.5
118.5
117.625
116.75
115.875
115.0
114.125
113.25
112.375
111.5
110.625
109.75
108.875
108.0
107.125
106.25
106.25
111.0
111.0
113.5
113.5
115.5
115.5
115.75
115.75
119.25
119.25
122.5
122.5
125.75
125.75
126.5
126.5
126.0
126.0
127.25
127.25
128.25
129.0
129.0
130.25
130.25
130.75
130.75
132.75
132.75
131.5
135.0
135.0
129.75
129.75
129.75
129.75
131.25
131.25
128.5
125.75
125.75
125.75
125.75
119.25
119.25
119.25
119.25
119.25
119.25
119.25
119.25
119.25
119.25
119.25
123.58333333333333
127.91666666666667
132.25
136.58333333333334
140.91666666666666
145.25
145.25
145.25
146.5
146.5
145.5
145.5
147.25
146.25
146.25
147.5
147.5
146.0
148.25
148.25
148.25
148.25
148.25
148.25
148.25
148.25
148.5
148.5
148.5
148.5
145.0
145.0
145.0
146.0
146.75
146.75
149.0
151.25
151.25
153.0
152.25
152.25
153.25
153.25
155.5
153.0
153.0
153.5
153.25
153.25
153.25
154.25
154.25
154.5
154.5
154.5
154.25
154.5
154.5
154.25
154.25
154.25
154.25
154.25
152.953125
151.65625
150.359375
149.0625
147.765625
146.46875
145.171875
143.875
142.578125
141.28125
139.984375
138.6875
137.390625
136.09375
134.796875
133.5
133.5
136.25
134.25
134.25
132.25
132.25
129.25
129.25
129.25
129.25
129.25
129.25
128.25
128.25
130.25
130.25
132.0
130.0
130.0
128.5
128.5
127.75
127.75
126.25
126.25
126.75
126.75
129.0
127.5
127.5
128.0
128.0
127.5
127.5
127.5
124.75
126.75
126.75
127.25
127.25
127.25
127.75
127.75
124.5
124.5
125.75
125.75
125.75
125.25
125.25
126.25
126.25
126.25
125.75
125.75
125.5
125.5
126.75
126.75
127.0
127.0
126.75
126.75
127.25
127.25
126.0
126.0
126.25
126.25
126.5
126.5
124.5
124.5
125.75
125.75
126.25
126.25
124.5
124.5
124.0
127.0
127.0
123.5
123.5
122.75
122.75
122.25
122.25
123.0
123.0
121.5
121.5
120.0
120.0
118.0
118.0
112.75
112.75
112.75
114.0
114.0
106.75
106.75
106.0
106.0
107.25
107.25
106.75
106.75
103.0
103.0
103.0
103.0
102.75
102.75
103.0
102.75
102.75
103.0
103.0
103.0
107.46428571428571
111.92857142857143
116.39285714285714
120.85714285714286
125.32142857142857
129.78571428571428
134.25
134.25
134.25
135.75
135.75
135.75
136.75
136.75
136.75
136.25
136.25
136.25
136.25
136.25
136.25
136.25
136.25
136.5
136.5
136.5
136.25
136.25
135.42567567567568
134.60135135135135
133.77702702702703
132.9527027027027
132.1283783783784
131.30405405405406
130.47972972972974
129.65540540540542
128.8310810810811
128.00675675675674
127.18243243243244
126.35810810810811
125.53378378378379
124.70945945945945
123.88513513513513
123.0608108108108
122.23648648648648
121.41216216216216
120.58783783783784
119.76351351351352
118.9391891891892
118.11486486486487
117.29054054054053
116.46621621621621
115.64189189189189
114.81756756756756
113.99324324324324
113.16891891891892
112.3445945945946
111.52027027027027
110.69594594594595
109.87162162162161
109.04729729729729
108.22297297297297
107.39864864864865
106.57432432432432
105.75
105.75
105.75
105.75
105.75
105.75
105.75
106.0
106.0
105.75
105.75
105.75
105.75
108.5
111.25
114.0
116.75
119.5
122.25
125.0
125.0
125.0
125.25
125.25
125.25
125.25
125.25
125.25
125.5
125.5
125.5
125.5
125.25
130.5
135.75
141.0
146.25
151.5
151.25
151.25
150.0
150.0
150.0
154.25
152.5
152.5
152.5
152.5
152.5
152.5
152.5
152.5
152.25
152.25
152.25
152.25
152.25
145.91666666666666
139.58333333333334
133.25
126.91666666666667
120.58333333333333
114.25
114.25
115.25
115.25
119.25
119.25
121.5
121.5
123.5
123.5
123.5
123.5
126.25
126.25
128.5
129.25
129.25
130.75
130.75
131.5
131.5
135.0
133.75
133.75
136.0
136.0
134.25
134.25
134.25
134.25
134.25
134.25
134.25
134.25
134.25
134.25
134.25
134.25
134.25
134.25
134.25
134.25
134.7375
135.225
135.7125
136.2
136.6875
137.175
137.6625
138.15
138.6375
139.125
139.6125
140.1
140.5875
141.075
141.5625
142.05
142.5375
143.025
143.5125
144.0
144.0
145.5
145.5
145.75
145.75
145.75
145.75
145.75
145.75
145.75
146.0
146.0
146.0
146.0
146.0
146.0
146.0
146.0
146.125
146.25
146.375
146.5
146.625
146.75
146.875
147.0
147.125
147.25
147.5
147.5
149.5
149.5
150.75
150.75
150.75
150.75
151.0
151.0
150.75
150.75
151.25
151.5
154.0
154.0
154.0
154.0
154.0
154.0
154.0
154.0
153.75
153.75
153.75
153.75
154.0
154.0
147.95
141.9
135.85
129.8
123.75
123.75
128.25
129.0
129.0
129.0
129.0
128.75
128.75
128.75
128.75
128.75
128.75
128.75
128.75
128.875
129.0
129.125
129.25
129.375
129.5
129.625
129.75
129.875
130.0
130.0
129.0
131.5
131.5
131.5
124.75
124.75
122.0
122.75
122.75
123.5
123.5
123.5
121.0
121.0
122.0
122.0
119.75
119.75
117.0
117.0
117.75
117.75
116.75
116.75
116.5
116.5
116.75
116.75
116.75
114.5
114.5
116.0
116.0
114.25
114.25
113.25
113.25
109.5
109.5
109.5
109.25
109.25
110.0
108.5
108.5
108.5
108.5
108.5
108.5
108.5
108.5
108.5
108.5
104.75
104.75
104.75
105.0
105.0
103.75
103.75
104.75
104.75
104.75
110.5
104.75
104.75
104.75
103.0
103.0
104.0
104.0
104.0
104.0
104.0
104.0
104.0
103.75
103.75
103.75
103.75
103.75
103.75
100.5
100.5
100.5
100.5
100.5
100.5
100.5
100.5
100.5
100.5
100.25
100.25
100.5
100.5
