143.5
143.5
143.5
142.75
142.75
143.25
143.25
143.25
143.75
143.75
143.75
143.75
144.25
145.0
145.0
145.0
145.0
144.5
144.5
145.5
145.0
145.0
145.0
145.0
144.25
142.25
142.25
140.75
140.75
140.75
140.75
140.25
140.25
139.5
139.75
139.75
139.75
139.75
138.25
138.25
138.25
139.0
139.0
140.0
140.0
139.5
140.5
140.5
141.5
141.0
141.0
142.5
142.5
143.0
143.0
142.25
142.0
142.0
142.0
142.0
141.75
141.5
141.5
140.25
140.25
139.0
139.0
138.25
138.25
138.25
138.5
138.5
139.0
140.0
140.0
141.25
141.25
141.0
141.0
141.75
143.25
143.25
143.75
143.25
143.25
143.0
143.0
142.0
142.0
141.0
138.25
138.25
136.25
136.25
136.75
136.75
136.0
137.5
137.5
137.5
137.5
137.75
137.75
136.5
138.5
138.5
139.0
139.0
138.75
140.25
140.25
140.75
140.75
141.0
140.75
140.75
139.75
139.75
140.25
140.25
141.0
141.0
140.25
140.25
139.75
139.75
137.5
137.5
137.5
141.5
141.5
141.5
141.5
141.5
141.5
141.25
141.25
141.5
141.5
143.0
143.0
143.0
142.25
142.25
142.0
141.5
141.5
142.0
142.0
141.5
141.5
141.5
140.0
140.0
139.75
140.0
140.0
139.25
139.25
139.0
139.0
139.25
139.5
139.5
139.75
139.75
140.75
140.75
140.75
142.0
142.0
142.0
142.0
142.0
141.25
141.25
141.25
141.25
140.5
140.25
140.25
139.5
139.5
139.0
138.75
138.75
138.5
138.5
139.5
138.75
138.75
139.0
138.75
138.75
138.75
138.75
139.5
139.5
139.5
139.5
139.5
139.5
139.5
139.25
140.0
140.0
140.25
140.25
140.5
141.0
141.0
140.75
140.75
141.25
142.0
142.0
142.5
142.5
142.0
142.0
142.0
141.25
140.75
140.75
140.0
140.0
139.0
139.0
138.5
138.25
138.25
136.75
136.75
136.5
137.25
137.25
137.75
137.75
138.25
139.5
139.5
139.75
139.75
139.5
139.5
138.75
138.75
137.5
136.75
136.75
135.5
135.5
135.0
134.75
134.75
134.5
134.5
133.5
133.5
134.25
134.75
134.75
135.0
135.0
135.75
135.75
136.25
136.25
137.0
137.0
136.5
136.5
136.5
136.5
136.5
136.5
136.25
136.25
136.25
136.75
136.75
136.75
137.25
137.25
137.25
138.0
138.0
138.0
138.75
138.75
139.5
139.5
140.0
140.75
140.75
141.0
141.0
142.0
143.0
143.0
143.25
143.25
142.25
142.25
143.0
142.75
142.75
144.5
144.5
146.0
146.0
146.0
145.75
145.75
146.0
148.5
148.5
149.25
150.0
150.0
152.25
152.25
152.5
152.5
153.25
151.0
151.0
151.75
150.0
150.0
150.0
150.0
148.75
147.75
147.75
143.25
143.25
143.0
143.0
141.5
141.5
141.25
141.25
142.25
142.25
142.25
142.25
142.25
142.25
142.25
142.25
142.25
142.25
142.25
142.25
142.25
142.5
142.5
142.27
142.04
141.81
141.58
141.35
141.12
140.89
140.66
140.43
140.2
139.97
139.74
139.51
139.28
139.05
138.82
138.59
138.36
138.13
137.9
137.67
137.44
137.21
136.98
136.75
136.75
137.0
137.0
137.25
137.25
137.5
137.5
137.5
137.5
137.5
140.75
140.75
141.25
142.5
142.5
143.25
143.25
143.5
143.25
143.25
144.25
144.25
145.0
145.0
145.0
143.25
143.25
143.25
143.25
143.25
143.25
143.75
143.75
143.75
142.5
142.5
143.25
143.25
143.5
142.5
142.5
143.0
143.0
143.0
142.75
142.75
142.5
143.25
143.25
143.25
143.25
143.25
143.5
143.5
143.5
143.5
143.5
143.5
143.5
143.5
143.5
143.5
143.5
143.26470588235293
143.02941176470588
142.7941176470588
142.55882352941177
142.3235294117647
142.08823529411765
141.85294117647058
141.61764705882354
141.38235294117646
141.14705882352942
140.91176470588235
140.6764705882353
140.44117647058823
140.2058823529412
139.97058823529412
139.73529411764707
139.5
140.75
140.75
140.75
142.0
142.0
142.25
142.25
142.5
140.75
140.75
139.5
139.5
138.75
138.75
137.5
137.5
133.75
133.75
134.0
134.0
134.0
133.75
133.75
134.0
134.0
134.0
130.0
130.0
129.75
129.75
130.0
130.0
129.75
129.75
130.75
131.75
131.75
132.5
132.5
134.25
134.75
134.75
133.5
133.5
132.0
132.0
131.0
131.0
133.5
134.0
134.0
134.75
134.75
135.5
135.5
135.75
135.75
135.75
135.75
133.75
133.75
133.75
134.0
134.0
132.75
133.5
133.5
132.75
132.75
132.75
133.0
133.5
133.5
133.5
132.5
132.5
132.75
132.75
131.25
131.25
130.75
130.75
132.75
132.75
127.5
127.5
126.25
126.25
128.0
128.0
130.75
130.75
131.0
134.5
134.5
138.0
138.0
139.0
138.75
138.75
139.75
139.75
139.5
139.5
139.5
139.5
139.5
139.5
139.5
139.25
139.25
136.25
137.25
137.25
137.0
137.0
138.25
139.0
139.0
138.75
138.75
139.5
139.25
139.25
143.0
143.0
143.75
143.75
142.75
142.0
142.0
140.75
140.75
138.75
138.75
136.0
135.0
135.0
135.0
135.0
135.25
135.25
135.75
136.75
136.75
138.5
138.5
139.75
140.0
140.0
140.75
140.75
140.75
140.75
140.75
140.25
140.25
139.75
139.75
139.25
137.75
137.75
135.0
135.0
130.75
130.75
132.75
132.75
135.5
135.5
135.75
135.75
135.75
135.75
134.75
134.75
134.25
134.25
133.25
133.25
130.75
130.75
126.25
122.5
122.5
122.5
120.75
120.75
120.75
124.0
124.0
125.25
125.25
129.0
129.0
131.0
131.0
131.0
130.25
130.25
130.25
130.25
130.25
130.25
130.5
130.5
129.25
129.25
129.25
129.25
127.5
127.5
127.25
127.25
126.25
126.25
123.5
123.5
123.5
126.0
126.0
126.0
125.5
125.0
125.0
125.75
125.75
125.75
125.75
125.75
125.75
126.0
126.0
126.0
125.75
125.75
128.25
128.25
126.25
128.0
128.0
128.5
128.5
128.5
128.5
127.0
127.0
128.0
128.0
126.25
126.25
125.75
125.75
126.0
125.75
125.75
126.5
126.5
128.75
128.75
132.75
132.75
133.5
133.5
131.75
130.75
130.75
130.75
130.75
129.75
129.75
130.25
130.75
130.75
130.75
130.75
130.75
130.75
131.5
131.5
132.0
132.0
132.0
132.5
132.5
132.75
132.75
133.0
133.0
133.75
133.75
134.75
133.75
133.75
132.75
132.75
133.5
133.5
133.5
133.5
134.0
134.0
134.0
135.0
134.25
134.25
134.25
134.25
135.25
135.25
136.5
138.25
138.25
139.0
139.0
140.25
142.0
142.0
142.0
140.75
140.75
142.25
142.25
142.0
142.0
141.5
141.5
141.75
141.75
142.25
142.25
143.5
143.5
143.5
144.0
144.0
143.5
144.25
144.25
143.0
141.25
141.25
141.25
137.5
134.5
134.5
134.5
132.5
132.5
131.25
130.75
130.75
131.0
131.0
131.25
130.75
130.75
130.5
130.5
131.5
131.5
132.75
132.75
134.25
135.25
135.25
134.5
134.5
135.75
136.25
136.25
136.0
136.0
137.25
137.25
137.0
137.0
137.5
137.5
137.5
138.25
138.25
138.25
138.25
138.0
137.5
137.5
137.5
137.5
137.75
138.25
138.25
138.0
138.0
137.5
137.5
137.25
137.25
137.5
136.75
136.75
136.5
136.5
136.25
138.0
138.0
139.25
139.25
139.5
139.5
139.25
138.25
138.25
136.75
136.75
135.5
135.5
135.0
135.0
135.0
134.5
134.5
135.0
135.0
135.75
135.75
137.0
137.75
137.75
139.5
139.5
139.75
140.0
140.0
139.5
139.5
139.75
139.75
139.0
137.75
137.75
137.75
137.75
138.0
138.5
138.5
138.0
138.0
135.0
135.5
135.5
136.75
137.5
137.5
137.75
137.75
138.5
138.5
138.25
137.0
137.0
136.5
136.5
136.0
136.0
135.75
135.75
134.75
135.5
135.5
136.25
136.25
135.75
135.75
137.0
137.5
137.5
138.75
138.75
140.25
140.5
140.5
141.75
141.75
142.0
141.25
141.25
140.75
140.75
139.75
139.75
139.0
139.0
139.0
139.75
139.75
139.5
140.5
140.5
141.5
141.5
142.25
142.25
142.25
142.25
142.25
140.75
140.75
139.75
138.0
138.0
136.75
136.75
136.0
136.0
135.5
135.5
134.0
133.5
133.5
133.25
133.25
133.5
133.5
132.5
132.5
133.0
134.25
134.25
134.25
134.25
135.0
135.0
135.0
136.25
136.25
137.75
137.75
137.75
137.75
137.75
137.5
137.5
137.25
137.25
137.0
137.0
135.5
136.0
136.0
135.75
135.75
137.75
137.75
138.25
139.25
139.25
139.0
139.0
139.0
137.5
137.5
136.5
136.5
135.25
135.25
135.25
135.25
135.25
135.25
135.25
135.25
135.25
135.25
135.25
139.5
138.75
138.75
139.5
139.5
139.5
139.0
139.0
139.25
139.25
137.5
137.5
138.25
139.25
139.25
139.25
139.25
141.25
142.5
142.5
143.5
143.5
143.0
143.25
143.25
143.75
143.75
145.5
146.75
146.75
146.75
146.75
144.5
144.25
144.25
145.5
145.5
146.5
146.5
146.75
148.25
148.25
149.25
149.25
149.25
150.75
150.5
150.5
152.0
151.75
151.75
151.75
152.0
152.0
152.75
152.75
151.5
150.75
150.75
150.0
149.0
149.0
148.5
148.5
148.75
147.0
147.0
143.0
143.0
140.75
140.75
140.75
140.75
130.75
130.25
130.25
128.5
128.5
127.25
127.25
125.75
125.75
123.5
123.5
121.5
121.5
121.5
121.5
121.25
121.25
121.25
121.25
121.25
136.0
136.0
137.5
138.75
138.75
139.25
139.25
140.25
140.25
140.75
140.75
142.5
142.5
142.25
142.25
142.75
142.75
141.5
141.5
138.75
138.75
135.75
135.75
132.25
132.25
131.0
131.0
131.5
133.5
133.5
135.0
135.0
135.5
135.5
135.5
135.5
135.75
135.5
135.5
135.25
135.25
135.25
135.25
135.25
135.25
135.5
135.5
135.5
135.5
131.25
131.5
131.5
134.25
134.25
131.5
131.5
131.5
135.0
135.0
135.0
135.0
136.25
136.25
137.5
138.5
138.5
140.0
140.0
140.0
138.5
138.5
139.5
139.5
139.5
139.5
139.5
139.25
139.25
139.25
139.25
136.75
136.75
136.75
137.5
137.5
138.5
138.5
138.25
138.0
138.0
138.5
138.5
140.25
141.25
141.25
141.25
141.25
142.25
143.25
143.25
143.5
143.5
142.0
142.0
136.75
136.75
130.25
130.25
130.25
130.25
130.5
130.5
130.5
130.5
130.5
130.25
130.25
130.25
130.33333333333334
130.41666666666666
130.5
130.58333333333334
130.66666666666666
130.75
130.75
131.25
131.25
130.75
130.75
130.25
130.25
130.25
130.25
130.25
130.75
130.75
130.75
130.75
130.75
131.0
131.0
131.0
131.0
131.0
131.0
131.0
139.0
139.0
139.0
138.0
138.25
138.25
138.25
138.25
138.25
138.25
138.25
138.25
138.25
138.25
138.25
138.25
137.58333333333334
136.91666666666666
136.25
135.58333333333334
134.91666666666666
134.25
134.25
136.0
136.0
136.75
136.75
136.75
137.5
137.5
137.75
137.75
137.0
138.5
138.5
138.75
138.75
139.5
139.25
139.25
139.0
138.75
138.75
137.5
137.5
137.75
137.75
137.75
137.75
139.75
139.75
139.5
136.5
136.5
135.25
135.25
136.75
136.75
135.5
136.0
136.0
136.0
136.0
138.0
138.0
138.0
139.5
139.5
139.5
141.25
141.25
141.25
142.0
143.75
143.75
144.0
145.0
145.0
145.75
145.75
145.25
143.5
143.5
143.25
143.25
143.5
142.5
142.5
141.75
139.5
139.5
139.5
139.5
139.25
139.25
139.5
139.5
139.5
139.5
139.5
139.25
135.75
135.75
135.75
136.75
135.75
135.75
135.75
135.75
135.75
135.75
135.75
135.75
135.75
135.75
135.75
135.75
135.75
136.0
142.0
139.25
139.25
137.5
137.5
136.0
135.75
135.75
135.0
135.0
135.0
136.75
137.5
137.5
138.0
138.5
138.5
139.5
139.5
139.5
139.5
139.75
139.75
140.75
141.25
141.25
141.25
141.5
141.5
141.25
141.25
141.5
141.25
141.25
142.75
142.75
142.0
142.0
141.5
141.5
141.5
141.5
142.0
142.0
142.0
142.0
142.0
142.0
142.0
142.0
142.0
142.0
140.75
140.75
139.5
139.5
139.5
139.5
139.5
139.5
139.25
139.25
139.25
139.5
139.5
140.375
141.25
142.125
143.0
143.875
144.75
144.75
143.5
144.0
144.0
142.0
142.0
141.75
141.75
139.5
138.5
138.5
137.5
137.5
137.75
137.75
137.25
137.25
137.5
136.75
136.75
138.0
138.0
138.5
138.5
140.5
140.5
140.5
140.5
141.25
141.25
144.75
143.5
143.5
143.25
143.25
143.25
143.0
143.0
142.25
141.5
141.5
139.75
139.75
138.75
138.75
140.25
140.25
140.25
138.75
138.75
138.5
138.5
139.5
139.5
140.5
140.5
140.5
141.25
141.25
141.75
142.0
142.0
141.75
141.75
142.0
142.0
141.25
141.25
141.25
141.0
141.0
140.5
140.75
140.75
141.75
141.75
141.75
141.75
143.25
143.25
143.25
142.5
144.0
144.0
145.0
145.0
143.25
142.25
142.25
141.5
142.25
142.25
142.25
142.25
142.0
142.0
142.0
142.5
142.5
141.25
140.75
140.75
140.75
140.25
140.75
140.75
141.25
141.25
142.0
142.0
141.5
141.5
141.25
142.5
142.5
142.5
142.5
143.25
143.25
143.25
143.75
143.75
143.75
141.75
141.75
139.5
139.5
137.75
137.75
137.0
136.75
136.75
136.75
136.75
137.0
137.0
137.75
137.5
137.5
137.5
137.5
139.0
139.5
139.5
141.5
144.0
144.0
145.0
145.0
145.0
143.75
143.75
143.75
143.75
143.75
143.75
143.75
143.75
144.0
144.0
139.5
139.5
138.75
138.75
138.0
138.0
139.25
139.75
139.75
140.25
140.75
140.75
141.25
141.25
142.0
142.0
142.25
142.5
142.5
142.25
142.25
142.25
144.75
144.75
144.25
144.0
144.0
143.75
143.75
143.0
142.0
142.0
139.5
139.5
137.5
138.0
138.0
138.0
138.0
138.5
138.5
138.5
138.5
138.5
138.5
138.5
137.5
137.5
136.75
136.75
138.25
138.0
138.0
138.5
138.5
137.0
137.0
138.5
142.0
142.0
141.5
141.5
142.25
142.25
142.0
142.25
142.25
142.0
142.0
143.0
141.75
141.75
140.75
140.75
139.75
139.75
139.5
139.0
139.0
139.25
139.25
140.75
139.5
139.5
140.25
140.25
140.0
140.0
139.5
139.75
139.75
139.75
139.75
140.0
138.25
138.25
137.5
137.5
135.5
135.5
136.75
137.0
137.0
138.0
138.0
138.75
140.0
140.0
141.5
141.5
141.5
141.5
141.5
141.25
141.25
141.25
141.25
139.5
139.75
139.75
139.75
139.5
139.5
139.5
138.5
138.5
138.5
138.5
138.75
138.75
138.75
139.0
139.0
139.5
139.75
139.75
138.75
138.75
139.5
139.5
138.0
138.5
138.5
138.75
138.75
138.75
138.75
139.25
138.5
138.5
138.0
138.0
137.5
137.5
138.0
138.25
138.25
137.5
137.5
137.5
138.25
138.25
137.5
137.5
137.5
139.5
140.25
140.25
140.25
140.75
141.5
141.25
141.25
140.5
140.5
140.5
135.0
135.0
133.5
131.5
131.5
128.5
128.5
130.5
130.5
131.5
133.0
133.0
135.5
135.5
136.5
136.5
138.5
139.0
139.0
139.75
139.75
139.5
139.0
139.0
137.75
137.75
135.5
135.5
135.0
135.0
133.0
133.0
133.5
134.25
134.25
134.0
134.0
135.0
135.75
135.75
136.5
136.5
136.75
136.75
136.75
135.75
135.75
136.0
136.0
135.75
135.75
136.0
137.25
137.25
139.5
139.25
139.25
141.25
142.25
142.25
143.5
143.5
143.5
143.5
143.5
143.5
143.5
143.5
143.5
143.5
142.25
142.25
142.25
142.25
142.25
142.25
142.25
142.25
142.25
142.5
142.5
142.5
142.5
139.05263157894737
135.60526315789474
132.1578947368421
128.71052631578948
125.26315789473685
121.8157894736842
118.36842105263158
114.92105263157895
111.47368421052632
108.02631578947368
104.57894736842105
101.13157894736842
97.6842105263158
94.23684210526316
90.78947368421053
87.34210526315789
83.89473684210526
80.44736842105263
77.0
77.0
76.5
76.5
76.5
76.25
76.25
76.25
76.25
76.5
76.5
76.5
77.0
77.0
77.0
76.25
76.25
76.25
77.0
77.0
77.0
76.75
76.75
76.75
77.5
77.5
77.5
78.75
78.75
78.75
79.25
79.25
79.25
79.75
79.75
79.75
81.25
81.25
82.75
82.75
84.5
84.5
84.5
84.0
84.0
84.0
89.5
89.5
102.25
102.25
103.75
103.75
103.25
103.25
104.25
104.25
103.0
103.0
93.5
93.5
93.5
88.75
88.75
82.75
82.75
82.75
80.25
80.25
80.25
82.25
82.25
84.25
84.25
84.25
85.25
85.25
85.5
85.5
85.0
85.0
85.0
87.5
87.5
98.75
98.75
98.75
110.75
112.5
112.5
114.5
114.5
119.0
119.0
120.5
120.5
120.25
120.25
121.25
121.25
121.5
121.5
120.0
120.0
122.0
122.0
122.5
122.5
122.75
124.5
124.5
124.5
126.25
126.25
126.25
125.75
125.75
124.5
124.5
123.0
123.0
123.0
111.0
111.0
108.5
108.5
102.0
102.0
102.0
96.75
96.75
93.5
93.5
93.5
90.25
90.25
90.25
87.25
87.25
87.25
87.75
87.75
88.5
88.5
88.5
86.25
86.25
86.25
81.5
81.5
80.25
80.25
80.25
79.25
79.25
79.5
79.5
79.5
80.25
80.25
80.25
81.25
81.25
80.75
80.75
80.75
81.0
81.0
81.0
81.75
81.75
81.75
81.0
81.0
80.75
80.75
80.75
80.75
80.75
82.25
82.25
80.75
80.75
80.75
81.0
81.0
83.75
83.75
83.75
79.5
79.5
79.5
92.0
92.0
92.0
81.0
81.0
81.0
93.5
93.5
82.75
82.75
82.75
79.0
79.0
79.0
95.5
83.25
83.25
83.25
83.25
83.25
81.25
81.25
95.75
95.75
95.75
94.5
94.5
96.75
96.75
96.75
101.75
101.75
98.0
98.0
96.5
96.5
96.5
91.75
91.75
91.75
87.75
87.75
87.75
87.25
87.25
87.25
88.5
88.5
88.5
82.5
82.5
82.5
82.75
82.75
82.75
82.75
82.75
84.5
84.5
84.5
85.5
85.5
85.5
96.25
96.25
92.25
92.25
92.25
88.25
88.25
88.25
85.25
85.25
85.25
79.5
79.5
91.25
91.25
91.25
81.0
81.0
81.0
93.25
93.25
93.25
81.25
81.25
93.75
93.75
81.75
81.75
81.75
81.75
93.75
93.75
93.75
80.25
80.25
93.0
93.0
80.5
80.5
79.5
79.5
79.5
93.0
93.0
80.0
80.0
80.0
92.5
92.5
92.5
81.0
81.0
93.5
93.5
93.5
81.25
81.25
81.25
80.75
80.75
80.75
80.75
94.0
94.75
94.75
94.75
82.5
82.5
94.25
94.25
94.25
80.25
80.25
80.25
94.75
94.75
94.75
81.0
81.0
95.75
95.75
86.25
86.25
86.25
98.5
99.0
99.0
101.0
101.0
104.0
104.0
104.25
104.25
104.5
104.5
105.0
105.0
105.75
105.75
107.5
107.5
107.5
107.5
107.0
107.0
107.25
107.25
107.75
107.75
107.75
111.25
111.25
112.75
112.75
112.25
112.25
112.0
112.0
112.0
112.0
109.25
109.25
107.5
107.5
107.5
106.25
106.25
105.0
105.0
108.25
108.25
111.5
111.5
113.25
113.25
119.25
119.25
118.5
118.5
117.0
117.0
119.5
119.5
121.75
121.75
117.25
117.25
119.5
119.5
121.0
120.5
120.5
120.0
120.0
120.0
120.0
119.75
119.75
119.75
119.75
120.0
120.0
119.75
120.0
122.16
124.32
126.48
128.64
130.8
132.96
135.12
137.28
139.44
141.6
143.76
145.92000000000002
148.08
150.24
152.4
154.56
156.72
158.88
161.04
163.2
165.36
167.52
169.68
171.84
174.0
174.0
177.75
177.75
169.75
167.5
167.5
164.75
164.75
164.75
164.75
164.75
165.0
165.0
165.0
165.0
165.0
154.79166666666666
144.58333333333334
134.375
124.16666666666666
113.95833333333333
103.75
107.5
107.5
107.5
112.75
112.75
113.25
113.25
115.0
115.0
116.5
116.5
116.5
116.5
117.0
117.0
116.75
116.75
119.25
119.25
123.5
124.0
124.0
124.5
124.5
124.5
124.5
124.5
123.5
123.5
123.5
123.5
123.25
123.25
123.25
123.5
123.5
123.5
123.25
123.25
125.92857142857143
128.60714285714286
131.28571428571428
133.96428571428572
136.64285714285714
139.32142857142858
142.0
140.5
140.5
140.5
140.5
140.75
140.75
132.75
132.75
133.0
133.0
133.0
133.0
133.0
133.0
132.75
132.75
132.75
132.1293103448276
131.50862068965517
130.88793103448276
130.26724137931035
129.64655172413794
129.02586206896552
128.4051724137931
127.78448275862068
127.16379310344827
126.54310344827586
125.92241379310344
125.30172413793103
124.68103448275862
124.0603448275862
123.4396551724138
122.81896551724138
122.19827586206897
121.57758620689656
120.95689655172414
120.33620689655173
119.71551724137932
119.09482758620689
118.47413793103448
117.85344827586206
117.23275862068965
116.61206896551724
115.99137931034483
115.37068965517241
114.75
114.75
114.5
114.5
114.5
114.5
112.75
112.75
112.75
112.75
112.75
112.75
112.75
113.0
113.0
113.0
113.0
113.0
113.0
113.0
113.0
127.25
141.5
155.75
170.0
184.25
184.25
186.25
186.25
186.25
186.25
186.5
186.5
186.25
186.25
186.5
126.75
126.75
126.75
126.75
126.75
126.75
126.75
126.75
124.25
124.25
124.0
124.0
124.0
124.0
124.0
124.0
124.0
124.0
124.0
124.0
124.0
124.0
124.0
123.91666666666667
123.83333333333333
123.75
123.75
123.75
123.75
123.75
124.0
124.0
123.75
124.0
124.0
124.18518518518519
124.37037037037037
124.55555555555556
124.74074074074075
124.92592592592592
125.11111111111111
125.29629629629629
125.48148148148148
125.66666666666667
125.85185185185185
126.03703703703704
126.22222222222223
126.4074074074074
126.5925925925926
126.77777777777777
126.96296296296296
127.14814814814815
127.33333333333333
127.51851851851852
127.70370370370371
127.88888888888889
128.07407407407408
128.25925925925927
128.44444444444446
128.62962962962962
128.8148148148148
129.0
129.0
129.0
129.0
128.0
128.25
128.25
128.25
127.5
127.5
127.25
127.25
127.25
127.25
127.25
128.0
128.0
128.5
128.5
128.5
130.0
130.0
132.25
132.25
132.5
132.5
132.5
130.75
130.75
129.5
129.5
129.0
129.0
128.5
128.5
128.5
128.5
128.5
127.25
127.25
127.25
127.5
127.5
128.25
128.25
128.5
129.5
129.5
129.5
129.5
130.25
130.25
130.75
130.75
131.75
132.0
132.0
132.0
132.0
132.75
132.75
131.75
131.75
132.75
132.75
132.75
133.5
133.5
134.0
134.0
133.25
133.25
133.5
133.0
133.0
132.5
132.5
133.0
133.0
134.0
132.5
132.5
132.5
130.75
131.0
131.0
131.5
131.5
131.5
127.25
127.25
127.25
127.25
127.25
127.25
127.25
127.25
127.25
127.25
127.25
127.5
127.8970588235294
128.2941176470588
128.69117647058823
129.08823529411765
129.48529411764707
129.88235294117646
130.27941176470588
130.6764705882353
131.0735294117647
131.47058823529412
131.86764705882354
132.26470588235293
132.66176470588235
133.05882352941177
133.4558823529412
133.85294117647058
134.25
134.25
134.25
134.25
134.25
134.25
134.25
134.25
134.5
134.5
134.5
133.58333333333334
132.66666666666666
131.75
130.83333333333334
129.91666666666666
129.0
128.08333333333334
127.16666666666667
126.25
126.25
128.25
128.25
128.5
128.5
128.5
128.5
129.25
129.25
129.0
129.5
129.5
129.5
129.5
129.5
129.5
129.5
129.5
129.5
129.5
129.5
129.0
129.0
129.5
129.5
130.25
130.25
130.25
129.5
129.5
129.5
129.5
130.25
130.25
130.25
130.25
130.25
130.0
130.0
130.0
130.0
130.0
130.75
130.75
128.5
128.5
127.25
127.25
127.75
127.75
127.75
127.75
129.0
129.0
128.75
128.75
129.25
129.25
129.25
129.25
129.25
130.25
130.25
131.0
131.5
131.5
132.75
132.75
133.5
133.5
133.5
133.25
133.25
133.25
133.0
133.0
132.25
131.5
131.5
131.5
130.75
130.75
130.75
130.75
131.0
131.0
132.0
132.0
132.75
132.75
132.75
133.25
133.5
133.5
133.5
133.5
133.75
134.0
134.0
134.25
134.25
134.25
133.5
133.5
132.75
132.75
131.75
131.75
131.75
132.75
132.75
132.5
132.5
132.5
132.75
132.75
131.75
131.75
131.75
131.0
131.0
130.25
130.25
131.25
131.5
131.5
133.5
133.5
133.75
132.75
132.75
132.0
132.0
131.25
131.25
131.25
131.25
131.0
131.0
132.0
132.0
132.5
134.75
134.75
135.75
135.75
137.5
138.0
138.0
137.75
137.75
135.0
135.0
134.5
134.5
134.0
134.25
134.25
133.5
133.5
132.75
132.75
131.75
131.75
130.75
130.75
130.75
130.25
130.25
130.75
130.75
130.75
130.75
131.5
131.5
131.0
132.25
132.25
131.5
131.5
131.5
130.75
130.75
129.5
129.5
130.25
130.25
128.75
128.75
128.75
130.25
130.25
130.25
130.0
130.0
131.0
131.0
132.0
132.0
132.5
133.25
133.25
134.25
134.0
134.0
134.5
134.5
134.0
134.0
134.0
134.0
134.25
134.25
134.25
134.25
134.25
134.25
132.75
132.25
132.25
132.25
132.25
132.25
132.25
131.5
131.5
130.75
131.25
131.25
131.25
131.25
131.25
131.25
131.25
131.25
131.25
131.25
131.25
131.25
131.25
130.5
130.5
130.75
132.25
132.25
132.0
132.0
131.75
131.75
131.5
131.5
130.75
130.75
130.75
130.75
132.75
132.75
134.25
135.0
135.0
135.0
135.0
134.25
134.75
134.75
135.75
135.75
136.75
136.75
135.25
135.25
135.5
135.5
135.5
135.5
136.0
136.0
135.75
136.75
136.75
137.25
137.25
137.25
140.75
140.75
143.25
143.25
144.5
144.5
145.5
145.5
148.25
149.25
149.25
150.0
150.0
150.0
149.75
149.75
149.25
149.5
149.5
150.0
150.0
150.0
150.5
150.5
150.5
150.0
150.0
150.75
150.75
151.25
151.25
151.25
149.0
148.25
148.25
148.25
148.25
147.0
146.75
146.75
147.75
147.5
147.5
148.25
148.25
148.25
148.0
148.0
148.25
148.5
148.5
148.25
148.0
148.0
147.0
147.0
146.75
146.0
146.0
146.5
146.5
145.25
145.25
145.25
146.75
146.75
147.0
148.0
148.0
149.0
149.25
149.25
148.0
148.0
148.25
149.5
149.5
146.75
146.75
147.25
150.5
150.5
149.25
149.25
148.5
148.25
148.25
147.25
149.25
149.25
148.75
149.25
149.25
150.0
150.0
148.5
148.5
148.5
147.5
147.0
147.0
145.0
145.0
143.25
143.25
140.75
136.25
136.25
131.5
131.5
128.0
128.0
126.75
126.75
123.0
123.0
123.0
122.25
122.25
122.25
121.75
121.75
120.0
120.0
119.5
119.5
115.25
115.25
108.5
108.5
108.5
104.5
104.5
100.75
100.75
102.0
102.0
91.5
91.5
92.25
92.25
93.75
93.75
94.0
94.0
94.0
93.0
93.0
93.0
94.25
94.25
97.75
97.75
98.0
98.0
98.0
98.5
98.5
99.75
99.75
99.75
99.75
99.75
99.25
99.25
99.5
99.5
99.5
105.0
105.0
112.75
112.75
118.75
118.75
125.0
128.5
128.5
128.5
132.0
135.0
135.0
138.0
138.0
139.5
140.0
140.0
141.5
143.25
143.25
144.0
144.75
144.75
142.25
142.25
140.75
140.75
137.0
137.0
136.5
135.0
135.0
135.0
135.0
135.75
135.75
137.0
139.0
139.0
140.75
140.75
140.0
140.75
140.75
140.75
140.75
139.75
139.75
139.5
140.75
140.75
142.0
142.0
142.75
144.5
144.5
144.25
144.25
145.0
143.5
143.5
142.25
142.25
142.0
141.0
141.0
139.75
139.75
139.5
139.5
139.0
139.0
139.0
138.5
138.5
139.5
139.5
138.0
138.0
138.75
139.75
139.75
139.5
139.5
137.75
137.75
137.75
137.5
137.5
138.5
138.5
139.25
139.25
139.5
138.0
138.0
137.25
137.25
136.75
136.75
137.25
136.0
136.0
134.25
134.25
133.75
133.75
133.75
133.75
134.0
135.0
135.0
134.25
134.25
135.0
135.0
135.5
135.25
135.25
137.0
137.0
135.75
135.75
136.0
136.75
136.75
138.25
138.25
137.75
137.75
138.0
137.0
137.0
137.5
137.5
135.75
135.75
135.25
135.25
135.75
135.0
135.0
135.0
135.0
135.75
135.75
135.5
135.75
135.75
137.0
137.0
137.25
137.5
137.5
137.25
137.25
136.75
136.75
136.75
138.75
138.75
138.25
138.25
136.25
136.25
137.5
137.5
137.5
136.75
136.75
136.0
136.0
135.75
136.0
136.0
136.5
136.5
137.25
137.25
138.5
140.25
140.25
141.5
141.5
141.75
142.0
142.0
142.5
142.5
142.5
142.0
142.0
141.5
141.5
142.0
142.0
142.0
141.75
141.75
141.0
141.0
140.75
141.0
141.0
140.0
140.0
140.75
140.5
140.5
139.25
139.25
140.75
140.75
140.5
142.0
142.0
142.25
142.25
142.0
141.25
141.25
141.5
141.5
140.5
140.75
140.75
142.25
142.25
141.5
141.75
141.75
144.0
144.0
143.5
143.5
143.0
141.75
141.75
141.75
141.75
140.0
139.75
139.75
138.25
138.25
136.25
136.25
135.75
135.75
135.75
136.5
136.5
136.5
136.5
137.5
137.5
137.25
137.25
137.5
136.5
136.5
136.25
136.25
135.5
135.75
135.75
136.0
136.0
135.75
135.75
134.25
132.75
132.75
132.75
132.75
130.75
130.75
130.25
130.25
130.25
130.25
129.25
129.25
129.25
130.25
130.25
130.5
130.5
131.5
131.5
131.75
131.75
131.5
131.0
131.0
128.75
128.75
126.25
126.25
126.25
125.25
125.25
125.5
125.5
126.25
126.25
128.0
128.5
128.5
129.0
129.0
131.0
131.0
131.75
131.75
130.75
130.75
130.25
130.25
129.0
129.0
129.0
129.0
129.5
129.5
130.25
130.25
131.0
131.0
131.75
131.75
130.75
130.75
130.75
128.75
128.75
128.75
128.75
128.5
128.0
128.0
128.5
128.5
129.25
129.25
129.0
129.0
130.0
130.0
130.75
131.75
131.75
132.25
132.25
132.75
133.0
133.0
133.25
133.25
132.0
132.0
132.0
132.0
132.25
129.75
129.75
129.0
129.0
127.75
127.75
127.25
127.25
127.25
127.25
129.0
129.0
129.75
131.25
131.25
131.5
131.5
131.5
131.5
132.75
132.75
134.75
136.75
136.75
137.75
137.0
137.0
137.0
136.25
135.0
135.0
134.25
134.25
135.0
135.0
131.75
131.75
129.5
129.5
128.5
129.5
129.5
130.0
130.0
131.0
131.0
131.5
131.5
131.25
131.5
131.5
132.0
132.0
132.5
132.5
132.25
132.25
133.0
133.0
132.25
132.75
132.75
131.0
131.0
129.25
129.25
127.25
127.25
127.25
127.25
127.25
127.25
127.25
127.0
127.0
126.25
126.25
126.75
126.75
127.5
127.5
128.5
128.25
128.25
128.0
128.0
128.5
128.5
128.5
128.5
128.5
128.5
128.5
128.5
128.25
128.25
128.25
128.25
128.25
128.5
128.5
128.5
128.5
128.5
128.6875
128.875
129.0625
129.25
129.4375
129.625
129.8125
130.0
130.0
130.5
130.5
130.5
130.25
130.25
130.25
129.0
129.0
129.0
128.0
128.0
128.5
128.5
128.0
128.0
128.0
127.25
127.25
127.25
128.75
128.75
128.75
128.75
129.0
129.0
129.0
128.75
128.75
129.0
129.0
129.0
127.0
127.0
127.5
127.5
126.75
126.75
126.75
126.75
127.25
127.25
127.75
127.75
127.75
128.75
128.75
128.5
128.5
128.5
128.5
128.5
127.5
127.25
127.25
127.25
127.25
127.25
127.25
127.25
127.25
127.5
127.5
127.25
127.25
126.75
126.75
126.75
125.75
125.75
125.75
125.75
126.0
126.0
126.25
126.25
126.0
126.0
125.75
125.75
125.75
125.75
125.0
125.0
126.25
126.25
127.0
127.0
128.0
129.5
129.5
131.0
131.0
131.0
131.0
131.0
131.0
131.5
132.0
132.0
132.0
132.0
132.0
132.0
132.0
131.75
131.75
131.75
131.75
131.21428571428572
130.67857142857142
130.14285714285714
129.60714285714286
129.07142857142858
128.53571428571428
128.0
127.25
127.25
127.25
126.25
126.25
128.5
128.5
128.5
128.5
128.5
128.5
128.5
128.5
128.5
127.5
127.5
128.0
128.0
127.75
127.75
126.75
126.75
126.75
126.5
126.5
126.5
126.5
126.5
126.5
126.5
126.5
126.5
126.5
126.5
126.5
126.71875
126.9375
127.15625
127.375
127.59375
127.8125
128.03125
128.25
128.25
127.75
127.75
127.75
127.25
127.25
127.25
127.25
127.25
126.75
126.75
127.0
127.0
127.0
127.0
127.0
127.0
126.75
126.75
127.0
127.0
127.0
127.0
124.5
124.5
124.5
124.5
124.5
124.5
124.5
124.5
124.25
124.25
124.5
124.5
125.1875
125.875
126.5625
127.25
127.25
126.5
126.5
126.25
126.25
126.5
127.0
127.0
126.75
126.75
125.75
125.75
125.5
125.5
126.0
126.0
125.75
125.75
125.5
125.5
124.5
124.5
123.25
123.25
122.75
122.75
123.25
123.25
123.25
123.25
123.25
123.25
124.5
124.5
124.5
124.5
124.5
126.0
125.25
125.25
125.25
124.5
124.5
124.25
124.25
123.5
124.0
124.0
124.0
125.25
125.25
126.5
126.5
127.5
127.5
128.0
128.0
127.25
127.25
128.0
128.0
128.0
128.0
128.0
127.75
127.75
127.75
126.0
126.0
126.0
124.5
124.5
122.75
122.75
123.0
122.25
122.25
122.25
122.25
122.75
122.75
123.75
123.75
125.25
126.25
126.25
126.25
127.25
127.25
127.0
127.0
125.25
125.25
124.25
124.25
123.5
123.5
122.5
122.5
123.0
123.0
124.25
124.25
124.0
124.0
124.5
124.5
125.0
125.0
126.5
126.5
127.25
127.25
128.0
128.75
128.75
129.0
129.0
126.5
126.5
125.75
125.25
125.25
125.25
125.5
125.5
124.75
124.75
124.5
124.5
124.5
124.5
125.0
125.0
124.5
124.5
124.75
124.75
123.5
123.5
123.5
126.25
126.25
126.25
127.0
128.25
128.25
128.0
128.0
128.0
128.0
128.25
128.25
128.25
127.5
127.5
127.25
127.25
126.75
126.75
127.25
127.25
126.25
126.25
125.75
124.5
124.5
124.5
123.0
123.0
120.25
121.0
121.0
121.5
121.5
121.5
123.75
123.75
126.5
127.5
127.5
127.25
127.25
128.25
128.25
127.0
127.0
125.0
125.0
122.25
122.25
121.5
121.5
121.75
121.25
121.25
121.0
121.0
123.0
123.0
123.0
125.0
125.0
125.75
127.5
127.5
127.5
127.5
127.0
127.0
125.5
125.5
124.75
124.75
123.5
123.5
123.25
123.25
123.5
123.5
122.5
122.5
122.25
122.25
122.25
122.25
122.5
122.5
123.25
123.25
122.75
122.75
123.25
123.25
123.5
123.5
124.0
124.0
123.5
124.25
124.25
124.5
124.5
123.5
123.5
123.5
123.5
123.75
123.75
125.0
125.0
125.75
125.75
125.75
125.75
124.5
123.5
123.5
123.25
123.25
123.25
123.25
123.25
123.25
123.25
122.5
122.5
122.75
122.75
124.5
124.5
124.5
124.5
124.5
124.5
124.5
124.25
124.25
124.25
124.25
124.25
124.25
124.25
124.25
124.25
124.27586206896552
124.30172413793103
124.32758620689656
124.35344827586206
124.37931034482759
124.40517241379311
124.43103448275862
124.45689655172414
124.48275862068965
124.50862068965517
124.53448275862068
124.5603448275862
124.58620689655173
124.61206896551724
124.63793103448276
124.66379310344827
124.6896551724138
124.71551724137932
124.74137931034483
124.76724137931035
124.79310344827586
124.81896551724138
124.84482758620689
124.87068965517241
124.89655172413794
124.92241379310344
124.94827586206897
124.97413793103448
125.0
125.0
125.0
125.0
124.5
124.5
124.5
124.5
126.0
126.0
126.0
126.0
128.0
128.0
130.5
130.5
128.5
128.5
129.5
129.5
129.25
129.25
129.25
129.0
129.0
125.5
125.5
125.5
125.5
124.75
124.75
124.5
124.5
124.25
124.25
124.0
124.0
124.25
124.25
123.75
123.75
123.75
123.75
124.0
124.0
125.25
125.25
126.5
127.0
127.0
127.25
127.25
127.25
127.25
127.25
127.25
126.75
126.75
125.25
125.25
123.75
123.75
123.25
123.25
123.25
125.75
125.75
125.75
126.5
125.75
125.75
125.75
125.75
125.75
125.75
125.75
125.75
125.75
125.75
125.75
125.75
125.75
125.75
125.25
125.25
125.25
125.25
125.25
125.25
125.25
125.5
127.5
127.5
127.5
124.5
124.5
123.5
123.5
122.5
122.5
122.75
122.75
121.5
121.5
121.5
121.5
121.25
121.25
121.75
121.75
123.5
123.5
125.25
125.25
123.75
123.75
124.0
124.0
123.25
123.25
122.75
122.75
122.0
122.0
122.0
121.75
121.75
122.0
122.0
122.5
123.5
123.5
123.5
125.75
125.75
126.75
126.75
126.5
126.5
127.25
128.75
128.75
129.25
129.5
129.5
130.75
130.75
132.75
134.75
134.75
134.75
134.75
137.5
137.5
137.5
137.5
137.5
137.5
137.5
137.5
137.5
137.5
137.25
137.5
137.5
141.25
141.25
142.0
142.0
142.0
142.25
142.25
142.75
142.75
143.0
142.75
142.75
143.0
143.0
143.0
143.0
142.5
143.5
143.5
143.75
143.75
143.75
144.25
144.25
145.0
147.0
147.0
147.0
147.0
148.25
148.25
148.25
149.5
149.5
149.25
148.75
148.75
149.0
149.0
149.75
148.75
148.75
148.0
148.75
148.75
148.25
148.25
146.75
142.0
142.0
138.5
138.5
120.75
120.75
116.0
116.0
118.5
118.5
114.75
114.75
110.25
110.25
110.25
109.5
109.5
109.25
109.25
118.75
118.75
122.0
122.0
121.75
121.75
121.25
121.25
121.5
121.5
123.5
125.25
125.25
127.25
127.25
127.75
127.75
129.75
129.75
132.25
133.5
133.5
136.0
136.0
137.75
137.75
138.75
138.0
138.0
137.75
137.75
138.5
138.5
138.25
138.25
138.25
137.75
137.75
138.5
138.5
138.5
138.5
140.0
142.0
142.0
142.75
143.25
143.25
145.5
145.5
146.75
147.0
147.0
142.5
142.5
141.25
141.25
139.0
137.25
137.25
136.5
136.5
135.75
135.75
136.0
136.5
136.5
137.25
137.25
138.5
138.5
139.5
141.25
141.25
141.0
140.5
140.5
142.25
142.25
141.5
141.5
140.75
141.75
141.75
141.25
141.25
143.0
141.5
141.5
142.0
142.0
140.75
144.0
144.0
143.0
143.0
142.5
143.25
143.25
145.75
145.75
145.0
145.0
145.0
145.0
145.0
144.0
144.5
144.5
142.0
142.0
142.0
141.5
141.5
141.75
141.75
141.75
141.75
141.75
141.75
141.75
141.75
141.75
141.75
142.5
142.5
143.25
143.5
143.5
143.25
143.25
143.0
143.0
142.0
142.0
142.0
142.0
142.0
142.5
142.25
142.25
142.0
142.0
142.0
142.75
142.75
143.75
143.75
145.0
144.75
144.75
145.0
145.75
145.75
146.0
146.0
146.0
145.0
145.0
145.0
145.0
144.75
143.25
143.25
142.25
142.25
140.5
140.5
141.75
141.75
143.25
141.25
141.25
141.5
142.25
142.25
142.25
142.25
141.25
142.25
142.25
142.25
142.25
142.5
143.25
143.25
143.25
143.25
143.25
143.75
143.75
144.25
144.25
143.75
143.75
144.75
144.0
144.0
144.25
144.25
143.25
143.25
143.25
143.25
143.25
143.25
142.75
142.75
142.25
142.25
142.0
142.0
142.0
142.25
142.25
142.25
142.25
142.5
143.0
143.0
143.25
143.25
143.25
144.25
144.25
144.25
144.5
144.5
144.0
144.0
144.0
144.0
143.75
143.75
144.75
144.75
144.25
144.5
144.5
145.0
145.0
144.5
144.5
144.5
144.5
144.75
144.75
144.0
143.5
143.5
144.75
143.75
143.75
143.75
143.75
143.25
145.0
145.0
144.5
144.5
145.0
145.25
145.25
144.25
144.25
144.25
143.5
143.5
143.0
143.0
142.75
142.0
142.0
142.0
142.0
141.5
141.5
141.75
142.75
142.75
142.75
142.75
143.25
143.75
143.75
144.5
144.5
144.5
144.25
144.25
144.75
143.75
143.75
143.0
143.0
143.0
143.0
142.0
142.0
142.0
141.0
141.0
139.75
139.75
140.25
140.5
140.5
139.5
139.5
139.5
139.5
139.5
140.25
140.25
140.0
140.0
138.5
137.5
137.5
138.25
138.25
137.0
137.0
137.0
137.25
137.25
137.25
137.75
137.75
137.5
137.5
137.5
137.5
137.5
137.5
138.5
138.5
138.5
138.75
138.75
137.5
137.5
137.5
138.25
138.25
137.0
137.0
137.25
137.25
136.75
137.25
137.25
136.5
136.5
135.75
135.5
135.5
135.0
135.0
135.0
135.0
134.5
134.5
134.5
134.5
135.0
135.0
135.0
135.5
136.5
136.5
136.5
136.25
136.75
136.75
136.25
136.25
135.75
135.75
135.75
135.5
135.5
135.25
135.25
134.75
134.75
135.0
135.0
134.5
135.25
135.25
133.5
133.5
134.5
134.5
135.0
135.0
134.25
134.25
134.75
135.75
135.75
135.75
135.75
134.25
133.0
133.0
132.5
132.5
131.75
131.75
130.75
130.75
130.75
130.75
130.75
132.5
132.5
131.5
131.5
131.5
131.5
132.0
132.5
132.5
132.5
132.5
132.75
132.75
132.75
132.75
132.75
132.75
133.0
133.0
133.0
129.25
129.25
128.0
128.0
127.75
127.75
129.0
129.0
129.0
129.0
129.0
129.0
129.25
129.25
129.25
129.25
129.25
129.25
129.25
129.25
129.25
129.25
129.5
129.5
121.0
112.5
104.0
95.5
87.0
78.5
78.5
78.5
79.5
79.5
79.5
80.0
80.0
80.0
80.25
80.25
80.25
81.5
81.5
81.5
83.5
83.5
83.5
83.5
84.5
84.5
84.5
74.5
74.5
74.25
74.25
74.25
74.25
74.25
74.25
74.25
74.25
80.25
80.25
80.25
77.5
77.5
77.5
77.5
77.25
77.25
77.25
77.5
77.25
77.25
77.5
77.5
85.95833333333333
94.41666666666667
102.875
111.33333333333334
119.79166666666667
128.25
128.0
128.0
129.0
129.0
129.0
129.0
128.75
128.75
129.25
129.25
129.0
129.0
129.5
129.5
130.5
130.5
129.5
129.5
129.5
129.25
129.25
129.5
129.25
129.25
129.0
129.0
128.25
128.25
127.75
127.75
127.5
127.5
126.75
126.75
125.5
125.5
125.0
125.0
124.75
124.75
125.5
125.5
125.25
126.5
126.5
126.5
126.5
127.0
127.0
128.75
128.75
128.25
128.25
128.0
128.0
127.25
127.25
127.75
127.75
127.75
128.0
128.0
128.5
128.5
129.0
129.0
130.0
130.0
130.0
130.0
129.25
129.5
129.5
129.5
129.0
128.5
128.5
129.0
129.0
129.0
129.5
129.5
129.5
129.5
130.0
130.0
129.5
129.5
131.5
131.5
128.5
128.5
134.25
134.25
134.5
134.5
134.5
134.25
134.25
134.25
134.5
134.5
134.5
128.5
128.5
130.5
130.5
130.5
131.5
131.5
132.0
132.0
131.75
131.75
130.5
130.5
130.25
129.5
129.5
129.5
127.0
127.0
129.25
129.25
130.5
130.5
131.0
131.0
130.75
130.75
129.0
129.0
127.25
127.25
126.5
126.5
125.5
125.5
125.25
125.25
125.0
125.0
125.25
125.25
126.25
126.25
127.5
127.5
129.5
130.25
130.25
130.75
130.75
130.75
130.25
130.25
130.5
130.5
130.5
130.5
129.5
129.5
129.75
129.75
128.5
128.5
128.5
128.5
128.0
128.0
128.25
128.25
128.25
128.25
129.5
130.25
130.25
130.75
131.0
131.0
131.5
131.5
130.0
130.0
128.5
128.5
125.75
125.75
122.75
122.75
121.5
121.5
121.5
121.5
121.5
121.5
123.75
123.75
126.25
126.25
127.75
129.5
129.5
130.5
130.5
129.0
129.0
128.0
128.0
127.75
127.75
125.75
125.75
123.5
123.5
123.5
123.5
124.5
124.5
125.0
125.75
125.75
128.75
128.75
129.0
129.0
130.0
130.0
129.25
129.25
128.75
128.75
128.25
128.25
127.0
127.0
127.25
127.25
127.5
127.5
127.5
127.5
127.5
127.25
127.25
127.75
127.75
128.5
128.5
128.5
128.75
128.75
128.75
129.0
129.0
129.0
129.0
129.0
129.0
129.0
129.0
128.75
128.75
128.75
128.75
130.0
128.75
128.75
128.5
128.5
128.5
128.5
128.5
128.5
128.0
128.0
127.25
127.25
127.25
126.25
126.25
126.75
126.25
126.25
126.0
126.0
125.75
125.75
126.5
126.5
126.75
126.75
128.75
128.75
129.0
129.0
130.25
130.25
130.25
130.25
128.75
128.75
126.5
126.5
125.0
125.0
123.75
123.75
123.5
123.5
123.25
123.25
124.0
124.0
125.0
127.25
127.25
129.0
129.0
128.75
128.75
130.25
130.25
129.0
129.0
128.0
128.0
127.5
126.75
126.75
127.0
127.0
126.25
126.25
126.0
126.0
126.0
126.0
126.0
126.0
126.75
126.75
128.0
128.0
128.0
128.25
128.25
128.0
128.0
128.0
128.0
128.0
128.0
128.0
128.5
128.5
128.75
128.75
128.5
128.5
128.5
128.5
128.75
128.75
129.25
129.5
129.5
130.25
130.25
131.0
131.0
130.75
130.75
131.0
131.5
131.5
131.25
131.25
130.5
130.5
129.75
129.75
129.0
129.0
129.0
130.25
130.25
127.75
127.75
128.0
128.0
128.0
128.0
126.75
126.75
126.75
126.75
127.25
127.25
128.5
128.5
130.25
132.0
132.0
133.0
133.0
134.25
134.25
133.5
133.5
130.5
129.5
129.5
127.0
127.0
127.0
123.0
123.0
125.0
125.0
121.0
121.0
122.75
124.0
124.0
124.5
124.5
126.25
126.25
128.0
128.0
128.5
129.0
129.0
129.5
129.5
130.5
130.5
130.5
130.5
130.5
130.5
130.0
129.5
129.5
129.0
129.0
128.5
128.5
127.5
127.5
127.5
127.5
127.5
127.5
126.75
126.75
128.0
128.5
128.5
129.75
129.75
129.5
129.5
129.5
128.25
128.25
128.0
128.0
127.25
126.75
126.75
125.5
125.5
125.75
125.75
126.25
126.25
126.25
126.0
126.0
126.0
126.0
128.75
128.75
128.0
128.75
128.75
129.5
129.5
128.5
128.5
128.25
128.25
128.5
128.5
128.75
128.75
130.0
128.5
128.5
128.75
128.75
128.0
128.0
128.5
128.5
126.25
126.25
126.25
126.25
125.75
125.75
125.25
125.25
124.75
124.75
125.75
127.0
127.0
128.0
128.0
129.5
129.5
129.5
129.5
129.75
129.75
130.0
130.0
130.25
130.0
130.0
130.0
130.0
129.25
129.25
128.5
128.5
129.25
129.25
129.0
129.0
129.0
128.0
128.0
128.5
128.5
128.75
128.75
128.5
128.5
129.0
129.0
128.5
128.5
128.25
128.5
128.5
129.25
129.25
129.75
129.75
130.75
130.75
131.75
131.75
130.25
129.25
129.25
128.0
128.0
128.75
128.75
128.5
128.5
129.5
129.5
129.5
129.5
130.75
130.25
130.25
130.25
130.25
130.25
130.25
129.25
129.25
129.25
128.25
128.25
128.0
128.0
128.5
128.5
128.5
128.5
129.0
129.0
129.0
129.0
130.0
130.0
130.0
130.0
129.25
130.0
130.0
130.25
130.25
129.0
129.0
128.75
128.75
128.25
128.25
128.0
128.0
128.0
128.0
128.5
128.5
128.0
128.0
128.0
127.0
127.0
127.25
127.25
128.25
128.25
129.75
129.75
130.0
130.0
129.75
129.75
129.5
129.75
129.75
130.0
130.0
130.75
130.75
130.25
130.25
130.25
130.75
130.75
132.5
132.5
132.75
132.75
133.0
133.0
133.0
133.5
133.5
132.75
132.75
132.0
132.0
131.0
131.75
131.75
132.25
132.25
132.75
132.75
133.5
133.5
134.25
134.25
134.25
135.5
135.5
136.0
137.25
137.25
138.5
138.5
139.25
139.25
142.0
143.25
143.25
145.0
145.0
144.75
144.75
144.75
144.75
144.75
145.0
145.0
145.9375
146.875
147.8125
148.75
148.75
149.25
150.0
150.0
151.25
151.25
151.0
151.0
151.0
151.0
151.0
151.0
151.0
151.0
151.0
151.0
151.0
151.0
151.0
