109.25
109.25
109.25
109.25
109.25
109.25
109.5
109.5
109.5
109.5
109.25
109.25
109.25
109.25
106.59210526315789
103.9342105263158
101.27631578947368
98.61842105263158
95.96052631578948
93.30263157894737
90.64473684210526
87.98684210526315
85.32894736842105
82.67105263157895
80.01315789473684
77.35526315789474
74.69736842105263
72.03947368421052
69.38157894736842
66.72368421052632
64.0657894736842
61.4078947368421
58.75
58.75
58.75
58.75
58.5
58.5
58.5
58.5
58.5
58.5
58.5
58.5
58.25
58.25
58.25
58.25
78.0
97.75
117.5
137.25
157.0
176.75
176.75
176.25
174.75
174.75
174.75
179.25
179.25
179.0
179.0
179.0
179.0
179.0
179.0
179.0
178.75
178.75
178.75
178.75
179.0
179.0
179.0
179.0
178.325
177.65
176.975
176.3
175.625
174.95
174.275
173.6
172.925
172.25
172.25
169.25
178.25
172.5
172.5
172.5
174.5
174.5
173.25
175.75
175.75
164.75
176.0
176.0
176.0
180.25
180.75
180.75
180.75
182.5
182.5
182.5
175.5
175.5
175.5
175.5
175.5
175.5
175.5
175.5
175.5
165.77777777777777
156.05555555555554
146.33333333333334
136.61111111111111
126.88888888888889
117.16666666666667
107.44444444444446
97.72222222222223
88.0
88.0
89.5
89.5
90.25
90.25
90.25
90.75
90.75
91.75
91.75
91.75
92.0
92.0
92.5
92.5
92.5
93.0
93.0
94.75
94.75
94.75
94.75
94.75
94.75
94.75
94.75
95.0
95.0
95.0
95.0
99.58333333333333
104.16666666666667
108.75
113.33333333333333
117.91666666666667
122.5
122.5
124.25
124.25
126.25
126.25
128.75
128.75
130.5
130.5
132.75
132.75
134.0
134.0
134.75
134.75
136.25
135.75
135.75
136.5
136.5
135.75
135.75
135.25
134.25
134.25
133.5
133.5
131.25
131.25
132.0
132.0
131.75
135.0
135.0
133.75
133.75
134.5
134.5
137.5
142.0
142.0
143.25
143.25
144.25
146.75
146.75
148.75
150.5
150.5
151.25
153.5
153.5
153.75
153.75
154.0
155.5
155.5
156.75
157.75
157.75
156.5
154.5
154.5
153.5
151.0
151.0
148.0
148.0
143.0
143.0
135.75
135.75
130.5
130.5
125.25
125.25
122.0
122.0
119.5
119.5
117.0
117.0
116.0
116.0
115.5
115.5
113.0
113.0
112.0
111.75
111.75
111.75
111.0
111.0
110.75
110.75
111.0
111.0
112.0
112.0
113.25
113.25
116.0
116.0
118.5
118.5
123.0
123.0
123.75
123.75
124.5
124.5
124.25
124.25
123.0
123.0
120.0
120.0
118.25
118.25
118.5
118.5
119.25
119.25
119.5
119.5
123.5
123.5
129.5
129.5
132.0
132.0
132.25
132.25
133.5
135.75
135.75
138.5
138.5
139.75
139.75
142.0
142.0
142.0
137.5
137.5
134.5
134.5
130.25
130.25
127.75
126.75
126.75
127.25
127.25
126.0
126.0
125.75
125.75
127.75
127.75
128.0
128.0
128.5
128.5
128.0
128.0
128.0
127.5
127.5
127.25
127.25
125.25
125.25
123.75
123.75
123.25
123.25
121.0
121.0
120.25
120.25
119.75
119.75
121.0
121.0
125.0
125.0
128.5
128.5
128.5
128.5
128.25
126.75
126.75
126.5
126.5
126.0
126.0
125.0
125.0
122.25
122.25
122.75
122.75
124.5
124.5
127.25
127.25
129.5
129.5
129.75
130.25
130.25
129.0
129.0
128.0
128.0
127.75
127.75
124.25
124.25
122.75
122.75
122.25
122.25
124.0
124.0
125.75
125.75
126.25
126.25
126.75
126.75
125.25
125.25
125.25
126.25
126.25
127.5
127.5
127.5
127.5
127.25
127.25
127.25
127.25
127.75
127.75
126.75
126.75
125.25
124.75
124.75
125.0
125.0
126.5
126.5
128.5
128.5
130.0
130.0
132.0
133.5
133.5
133.5
133.5
133.5
133.5
134.5
134.5
132.25
132.25
132.25
131.75
131.75
130.5
130.5
128.0
128.0
128.5
128.5
128.5
128.25
128.25
128.5
128.5
130.0
130.0
131.75
131.75
132.75
132.75
134.25
136.25
136.25
138.0
138.0
138.25
138.25
136.5
136.5
133.5
132.25
132.25
129.75
129.75
128.75
128.75
126.25
126.25
126.5
126.5
127.0
127.0
127.0
128.25
128.25
131.5
131.5
132.25
132.25
134.25
134.25
134.5
135.0
135.0
134.25
134.25
131.75
131.75
129.75
127.25
127.25
125.0
125.0
124.25
124.25
123.75
123.75
122.75
122.75
121.75
121.75
123.0
123.0
123.5
123.5
125.5
125.5
125.0
125.0
123.5
123.5
122.75
122.75
122.25
122.25
122.5
122.5
119.5
119.5
119.25
119.25
119.25
119.25
118.75
118.75
119.5
119.5
120.25
120.25
122.25
122.25
121.75
121.75
121.5
121.5
120.75
120.75
121.5
121.5
123.0
123.0
123.5
123.5
122.25
122.25
122.75
122.75
121.75
121.25
121.25
121.0
121.0
120.0
120.0
119.25
119.25
119.25
119.5
120.75
120.75
122.5
122.5
124.75
124.75
126.0
126.0
128.0
128.0
129.5
129.5
131.0
133.5
133.5
135.0
135.0
135.75
135.75
134.75
134.75
132.0
132.0
131.5
131.5
130.75
129.0
129.0
128.25
128.25
127.5
127.5
125.75
125.75
123.5
123.5
121.5
121.5
120.25
120.25
120.0
120.0
120.75
120.75
123.5
123.5
126.25
126.25
125.25
124.5
124.5
123.5
123.5
122.5
122.5
121.5
121.5
120.75
120.75
120.0
120.0
119.75
119.75
121.0
121.0
124.5
124.5
128.25
128.25
130.25
130.25
128.75
128.75
128.75
128.75
126.75
125.0
125.0
122.25
122.25
121.5
121.5
121.25
121.25
120.75
120.75
119.5
119.5
119.25
119.25
119.25
119.5
119.5
120.0
120.25
120.25
121.5
121.5
122.75
122.75
124.5
124.5
125.0
125.0
125.0
125.0
124.5
124.5
125.25
125.25
124.0
124.0
123.25
123.25
123.5
123.5
123.5
123.5
123.5
123.5
123.25
123.25
122.75
122.75
121.75
121.75
121.5
121.5
121.5
121.0
121.0
121.75
121.75
123.5
123.5
125.75
125.75
129.5
129.5
129.5
129.5
131.25
131.25
132.5
132.5
134.0
135.25
135.25
136.0
136.0
136.75
136.75
139.0
137.0
137.0
133.0
133.0
126.25
126.25
121.5
121.5
118.75
118.75
117.0
117.0
116.0
116.0
115.75
115.75
116.25
116.25
116.25
117.25
119.75
119.75
121.75
121.75
121.25
121.25
119.0
119.0
117.0
117.0
116.75
116.75
117.5
117.5
119.0
119.0
119.5
119.5
121.0
121.0
122.0
122.0
122.25
122.25
120.75
120.75
119.25
119.25
116.75
116.75
116.75
116.75
117.0
117.0
116.5
116.5
116.5
116.5
116.25
116.25
116.25
117.0
117.0
117.5
117.5
118.25
118.25
120.25
122.25
122.25
123.75
123.75
124.25
124.25
125.25
125.25
125.25
125.25
125.0
125.0
124.25
124.25
122.75
122.75
121.25
121.25
120.0
120.0
119.25
119.25
118.75
118.75
118.5
118.5
118.25
118.25
118.75
118.75
119.5
119.5
120.0
120.0
120.0
120.0
120.25
120.25
121.75
121.75
122.25
122.25
122.0
122.0
122.75
122.75
123.5
123.5
123.5
123.5
123.75
123.75
124.5
124.5
124.75
124.5
124.5
123.75
123.75
122.75
122.75
122.0
122.0
121.5
121.5
121.25
121.25
121.0
121.0
122.75
122.75
124.5
124.5
126.25
126.25
128.0
128.0
129.0
129.0
129.0
129.0
128.75
128.75
127.25
127.25
126.0
126.5
126.5
125.75
125.75
126.25
126.25
126.75
126.75
125.75
125.75
124.75
124.75
122.25
122.25
120.5
120.5
119.25
119.25
119.5
119.5
119.5
119.5
119.5
119.5
120.25
120.25
121.25
121.25
122.25
122.25
123.25
123.25
122.0
122.0
120.25
120.25
118.5
118.5
118.0
118.0
118.75
118.75
119.75
119.75
121.0
121.0
121.0
121.0
119.25
119.25
119.5
119.5
119.0
119.0
119.5
119.5
120.0
120.0
121.0
121.0
122.75
122.75
124.5
125.0
125.0
124.75
124.75
123.75
123.75
122.75
122.75
121.5
121.5
118.75
118.75
116.75
116.75
116.75
115.5
115.5
116.0
116.0
115.75
115.75
117.0
117.0
119.25
119.25
120.75
120.75
122.5
122.5
125.0
125.5
125.5
125.0
125.0
124.75
124.75
124.75
121.25
121.25
120.0
119.25
119.25
119.0
119.0
118.5
118.5
118.5
118.5
118.75
118.75
119.5
119.5
120.0
120.0
119.25
119.25
119.25
119.25
119.25
119.25
118.75
118.75
119.5
119.5
119.25
119.25
119.25
118.75
118.75
118.75
120.25
120.25
120.75
120.75
121.0
121.0
120.5
120.5
120.25
120.25
119.5
119.5
118.5
118.5
118.5
118.0
118.0
118.5
118.5
120.0
121.75
121.75
124.5
124.5
124.5
124.5
124.25
124.25
123.75
123.75
123.5
123.5
123.75
123.75
123.5
123.5
123.5
123.5
122.5
122.5
121.0
121.0
119.5
119.5
118.75
118.75
118.75
118.75
119.5
119.5
119.5
119.5
118.5
118.5
118.0
118.0
118.5
118.5
118.25
118.25
118.0
118.0
120.0
120.0
121.0
121.0
123.0
123.0
124.0
124.0
125.5
125.5
126.25
126.25
127.25
127.25
124.75
124.75
120.5
120.5
115.5
115.5
113.5
113.5
112.5
112.5
112.5
112.5
111.5
111.75
111.75
111.75
112.5
112.5
112.5
113.25
113.25
114.25
114.25
116.0
116.0
116.0
116.0
114.5
114.5
114.75
114.75
115.0
115.0
114.0
114.0
113.75
113.75
114.0
114.0
114.25
114.25
115.5
115.5
117.0
117.0
120.25
120.25
121.75
121.75
122.25
122.25
122.25
122.25
122.0
122.0
121.0
121.0
118.75
118.75
119.0
119.0
118.75
118.75
118.0
118.0
117.5
117.5
116.5
116.5
116.5
115.75
115.75
116.0
116.0
116.0
116.0
117.5
117.5
117.5
117.5
117.0
117.0
118.0
118.0
117.75
117.75
118.5
118.5
119.0
119.0
121.5
121.5
123.75
123.75
124.75
124.75
126.25
126.25
127.5
127.5
127.0
127.0
123.5
119.25
119.25
116.0
116.0
114.75
114.75
114.75
112.75
111.0
111.0
111.0
108.75
108.75
107.5
107.5
107.5
107.0
107.25
107.25
107.25
108.75
108.75
108.75
113.0
113.0
113.25
113.25
114.25
114.25
116.0
116.0
118.75
118.75
120.75
120.75
120.75
120.75
119.5
119.5
117.25
117.25
117.0
117.0
117.0
117.0
117.5
117.5
117.25
117.25
116.75
116.75
116.75
116.75
117.25
117.25
118.5
118.5
120.75
120.75
122.25
122.25
122.75
122.75
121.5
121.5
120.75
120.75
122.25
122.25
124.5
124.5
126.0
127.0
127.0
128.5
128.5
128.5
128.5
128.5
126.25
124.5
124.5
120.75
120.75
117.75
117.75
113.75
113.75
114.25
114.25
114.0
114.0
112.5
112.5
111.75
111.75
112.5
112.5
112.5
112.75
113.5
113.5
114.5
114.5
114.5
115.75
116.5
116.5
117.0
117.0
117.0
117.0
114.0
114.0
111.5
111.5
111.5
111.0
112.75
112.75
112.75
113.0
113.0
113.0
113.0
114.5
114.5
116.0
116.0
118.5
118.5
118.25
118.25
117.0
117.0
117.0
117.5
117.5
117.25
117.25
117.25
117.25
117.25
117.5
117.5
116.25
116.25
116.5
116.5
116.75
116.75
116.75
116.75
121.25
121.25
122.0
122.0
120.75
120.75
122.0
123.5
123.5
123.5
123.5
121.25
121.25
119.75
119.75
119.5
119.5
120.75
120.75
122.75
122.75
123.75
123.75
125.0
125.0
124.25
124.25
122.25
122.25
121.75
121.75
121.75
120.75
120.75
120.75
120.0
120.0
119.25
119.25
119.25
119.25
118.75
118.75
118.5
118.5
119.5
119.5
123.5
124.0
124.0
124.5
124.5
125.25
125.25
126.75
126.75
127.25
127.25
126.75
126.75
125.25
125.25
121.25
121.25
116.5
116.5
111.75
111.75
113.0
113.0
112.25
112.25
112.25
111.25
111.25
111.25
111.25
110.5
110.5
110.5
112.25
112.25
114.75
114.75
118.25
118.25
119.5
119.5
120.25
120.0
120.0
120.25
120.25
119.5
119.5
119.0
119.0
117.75
117.75
117.0
117.0
117.25
117.25
117.75
117.75
118.0
118.0
117.5
117.5
117.5
117.5
118.25
118.25
118.75
118.75
119.25
119.25
119.25
119.25
119.5
119.5
119.25
119.25
119.0
119.0
119.75
119.75
121.0
121.0
121.5
121.5
121.5
121.5
121.5
121.5
121.75
121.75
122.0
122.0
122.5
122.5
123.5
123.5
124.5
124.5
125.25
125.25
124.0
124.0
123.25
123.25
123.5
123.5
122.5
122.5
123.5
123.5
124.5
124.5
125.25
125.25
126.0
126.0
126.0
126.0
127.25
127.25
128.0
128.0
128.0
127.25
127.25
127.25
127.25
125.5
125.5
125.75
125.75
123.5
123.5
122.75
122.75
121.0
121.0
119.25
119.25
117.5
117.5
116.0
116.0
115.75
115.75
116.5
116.5
117.0
117.0
119.25
119.25
123.25
123.25
125.25
125.25
127.25
127.25
126.5
126.5
122.75
122.75
119.25
119.25
117.5
117.5
115.75
115.75
115.5
115.5
116.5
116.5
116.5
116.5
116.5
116.5
117.25
117.25
117.5
117.5
117.25
117.25
117.25
117.25
117.75
117.75
118.25
118.25
118.0
118.0
119.0
119.0
120.0
120.0
121.5
121.5
122.25
122.25
120.0
120.0
119.0
119.0
121.0
121.0
123.5
123.5
125.25
125.25
126.25
126.25
127.25
127.25
129.0
130.5
130.5
131.5
131.5
131.5
131.5
131.75
131.75
132.75
132.75
132.75
132.5
132.5
132.0
132.0
129.5
129.5
127.25
127.25
123.5
123.5
118.5
118.5
114.75
114.75
112.5
112.5
112.25
112.25
111.25
111.25
111.25
111.0
111.0
111.0
111.0
112.0
112.0
112.0
112.0
112.25
112.25
112.75
112.75
112.5
112.5
112.5
112.0
112.0
112.0
112.0
113.25
113.25
113.5
113.5
113.5
113.5
113.5
113.5
113.25
113.25
113.25
113.25
113.7
114.15
114.6
115.05
115.5
115.5
115.25
115.25
115.5
115.25
115.25
115.5
115.5
115.5
115.5
118.75
118.75
120.0
120.0
119.5
119.5
116.75
116.75
116.75
110.0
110.0
110.0
109.25
109.25
109.0
109.0
109.5
109.5
109.0
109.0
109.25
109.25
109.0
109.0
110.0
110.0
111.75
111.75
113.25
113.25
115.0
115.0
115.0
114.5
114.5
115.0
115.0
116.0
116.0
116.0
115.75
115.75
116.75
116.75
117.5
117.5
116.75
116.75
116.75
116.75
116.75
116.75
117.0
117.0
116.75
116.75
119.25
119.25
119.25
119.25
118.75
118.75
117.5
117.5
118.5
118.5
118.0
118.0
118.5
118.5
121.5
121.5
123.5
123.5
122.5
122.5
124.5
124.5
122.0
122.0
119.25
119.25
121.75
122.0
122.0
122.75
122.75
123.5
123.5
123.0
123.0
123.0
123.0
123.0
123.0
125.75
125.75
125.0
125.0
126.25
126.25
128.5
128.5
126.75
126.75
128.0
129.0
129.0
129.0
129.0
123.75
123.75
123.5
123.5
122.25
122.25
122.25
122.25
122.25
122.25
123.75
123.75
122.25
122.25
122.25
122.25
123.5
123.5
120.5
120.5
119.0
119.0
118.75
118.75
118.5
118.5
118.5
118.5
118.75
118.75
120.0
120.0
120.5
120.5
120.25
120.25
121.5
123.0
123.0
124.5
124.5
124.75
124.75
124.25
124.25
124.0
124.0
123.5
123.5
122.25
122.25
121.75
121.75
122.0
122.0
122.25
122.25
124.0
124.0
126.5
126.5
124.5
124.5
124.5
124.5
125.75
126.75
126.75
128.5
128.5
130.25
130.25
131.0
131.0
132.0
133.25
133.25
132.25
132.25
133.5
133.5
132.0
132.0
132.5
132.5
131.75
130.25
130.25
128.5
128.5
128.5
128.5
128.25
128.25
127.75
127.75
126.75
126.75
125.5
125.5
124.0
124.0
125.75
125.75
125.5
125.5
125.5
125.25
125.25
125.25
125.25
125.75
125.75
127.25
127.25
127.25
127.25
127.5
127.5
127.5
127.5
127.5
127.25
127.25
127.25
127.25
127.5
141.75
141.75
143.25
143.25
147.5
147.5
146.5
147.25
147.25
147.25
150.0
150.0
150.0
150.0
150.0
150.0
150.0
150.0
149.75
149.75
149.75
149.75
