132.75
132.75
123.75
123.75
127.75
127.75
128.0
128.0
128.0
127.75
127.75
127.75
127.75
127.75
127.75
127.75
128.52777777777777
129.30555555555554
130.08333333333334
130.86111111111111
131.63888888888889
132.41666666666666
133.19444444444446
133.97222222222223
134.75
135.52777777777777
136.30555555555554
137.08333333333334
137.86111111111111
138.63888888888889
139.41666666666666
140.19444444444446
140.97222222222223
141.75
147.0
147.0
147.25
148.5
148.5
148.5
148.5
148.5
148.5
148.5
148.5
148.5
148.25
148.25
148.5
148.5
140.58333333333334
132.66666666666666
124.75
116.83333333333333
108.91666666666667
101.0
101.0
101.0
101.25
101.25
102.0
102.0
104.25
104.25
104.0
104.0
105.25
105.25
105.25
105.25
105.25
105.75
105.75
106.25
106.25
106.25
106.0
106.0
107.25
107.25
107.25
107.25
107.25
107.25
107.25
107.5
107.5
107.5
107.5
107.5
107.5
107.5
107.5
107.5
107.125
106.75
106.375
106.0
105.625
105.25
104.875
104.5
104.125
103.75
103.375
103.0
103.0
102.5
102.5
103.5
103.5
103.5
106.0
106.0
105.25
105.25
105.25
105.25
105.0
105.0
103.75
103.75
104.0
104.0
102.25
102.25
102.5
102.5
102.5
102.5
103.0
103.0
103.0
104.0
104.0
104.0
103.75
103.75
103.75
103.75
103.75
103.75
103.75
103.75
104.0
105.75
107.5
109.25
111.0
112.75
112.75
112.75
112.75
114.0
114.0
114.0
114.0
114.25
115.0
115.0
115.0
114.75
114.75
114.75
112.5
112.5
112.75
112.75
113.0
113.0
114.0
114.25
114.25
114.25
114.5
114.5
114.25
114.25
114.25
114.5
114.5
114.25
114.25
114.5
114.5
113.75
113.75
111.75
111.75
110.5
110.5
110.25
110.25
110.5
110.5
110.25
110.25
111.5
111.5
115.25
115.25
116.75
116.75
118.75
118.75
117.75
117.75
118.25
118.25
111.75
111.75
111.75
110.75
110.75
110.75
110.75
110.75
110.75
110.75
111.0
111.0
110.75
110.75
110.75
110.75
111.0
111.0
114.1
117.2
120.3
123.4
126.5
126.5
126.5
125.25
125.25
125.0
125.0
124.0
124.0
124.5
124.5
124.5
124.5
124.5
124.5
125.0
125.0
125.75
125.75
125.75
125.75
125.75
125.75
124.0
124.0
120.75
120.75
118.75
118.75
119.5
119.5
118.5
118.5
118.5
118.5
118.5
118.5
118.75
118.75
119.75
119.75
120.75
120.75
120.5
120.5
120.75
120.75
122.75
122.75
124.5
124.5
122.25
122.25
122.75
122.75
121.5
121.5
120.25
119.5
119.5
119.5
119.25
119.0
119.0
119.0
118.5
118.5
118.75
118.75
119.25
119.25
119.5
119.5
118.75
118.75
119.75
119.75
120.75
120.75
121.5
122.25
122.25
122.25
122.25
124.75
124.75
124.5
124.5
124.0
124.0
124.0
124.0
124.0
124.0
124.0
124.0
124.0
124.0
124.0
124.0
124.0
124.5
124.5
124.5
124.5
122.75
122.75
122.75
124.25
124.25
124.0
124.0
122.75
122.75
123.0
123.0
122.5
122.5
122.25
122.25
123.0
123.0
122.25
122.25
123.0
123.0
123.75
123.75
125.25
125.25
124.0
124.0
126.0
125.25
125.25
125.75
125.75
125.75
125.75
126.0
126.0
125.75
125.75
125.0
125.0
124.75
124.75
123.75
123.75
123.0
123.0
122.75
122.75
123.0
123.0
121.5
121.5
122.0
122.0
121.0
121.0
120.75
120.75
119.5
119.5
119.5
119.5
118.5
118.5
118.0
118.0
119.0
119.0
119.75
119.75
120.75
120.75
122.25
122.25
124.0
124.0
125.25
126.5
126.5
126.75
126.75
126.75
126.75
125.75
125.75
125.0
125.0
125.0
125.0
125.25
125.25
124.25
124.25
123.5
123.5
123.5
123.5
123.5
123.5
123.0
123.0
123.5
124.25
124.25
125.25
125.25
125.0
125.0
125.0
125.0
123.75
123.75
123.5
123.5
121.25
121.25
120.75
120.75
120.75
120.75
120.25
120.25
120.25
120.25
120.75
120.75
121.25
121.25
123.0
123.0
122.75
122.75
122.5
122.5
125.0
125.0
126.25
126.25
127.0
126.25
126.25
125.75
125.75
125.25
125.25
124.0
124.0
123.25
123.25
122.5
122.5
123.0
123.0
122.0
122.0
121.75
121.75
121.0
121.0
119.25
119.25
119.5
119.5
118.75
118.75
118.0
118.0
118.0
118.0
118.5
118.5
117.75
117.75
117.75
117.75
116.75
116.75
116.75
117.0
117.0
117.25
117.25
117.0
117.0
117.75
117.75
118.25
118.25
119.25
119.25
119.5
119.5
120.0
120.0
121.0
121.0
122.25
122.25
124.0
125.0
125.0
126.0
126.0
126.25
126.25
126.25
126.25
125.75
125.75
124.5
124.5
123.5
123.5
122.5
122.5
124.0
124.0
124.0
124.0
123.0
123.0
122.75
122.75
121.5
121.5
120.75
120.75
120.75
120.75
120.0
120.0
120.25
120.25
121.0
121.0
121.25
121.25
121.0
121.0
120.0
120.0
119.5
119.5
119.25
119.25
120.25
121.5
121.5
122.5
122.5
122.75
122.75
123.25
123.25
123.25
123.25
125.0
125.0
125.5
125.5
126.25
126.25
126.5
126.5
126.75
126.75
127.0
127.0
127.25
127.25
127.25
126.75
126.75
127.0
127.0
127.0
127.0
127.5
127.5
128.75
128.75
128.5
129.25
129.25
129.25
129.25
129.25
129.25
129.0
129.0
126.25
126.25
125.0
125.0
124.0
124.0
124.0
124.0
125.25
125.25
126.75
129.0
129.0
129.75
129.75
131.75
131.75
132.25
132.25
132.5
132.0
132.0
132.0
132.0
131.0
131.0
129.0
129.0
127.0
127.0
124.5
123.5
123.5
122.0
122.0
121.25
121.25
119.5
119.5
119.75
119.75
118.5
118.5
118.0
118.0
118.5
118.5
117.75
117.75
116.75
116.75
117.5
117.5
116.5
116.5
116.5
116.5
116.25
116.25
116.0
116.0
114.75
114.75
112.25
112.25
112.25
114.5
114.5
115.0
115.0
115.0
115.0
115.0
115.0
115.0
115.0
115.0
115.0
115.0
115.0
115.0
114.75
114.75
115.0
116.58333333333333
118.16666666666667
119.75
121.33333333333333
122.91666666666667
124.5
124.5
124.0
125.0
125.0
127.5
127.5
131.5
131.5
127.5
127.5
127.25
130.75
130.75
130.75
130.25
130.25
130.25
130.25
130.25
130.5
130.5
130.5
130.5
130.5
130.25
130.25
130.25
125.40625
120.5625
115.71875
110.875
106.03125
101.1875
96.34375
91.5
91.5
91.5
105.25
105.0
105.0
102.25
102.25
100.75
100.75
100.75
98.0
98.0
95.5
95.5
95.5
94.0
94.0
95.0
95.0
95.25
95.25
95.25
94.5
94.5
97.25
97.25
97.25
98.25
98.25
100.0
100.0
102.0
102.0
102.0
102.0
102.0
101.25
101.25
101.25
101.25
101.25
101.25
101.25
101.25
101.25
101.25
101.5
101.5
101.5
101.5
101.5
100.5
100.5
99.25
99.25
99.25
101.0
101.0
100.5
100.5
100.0
100.0
100.0
100.5
100.5
100.5
100.5
100.5
100.5
100.5
101.0
101.0
101.0
100.75
100.75
100.75
100.75
100.75
100.75
100.75
100.75
100.75
102.75
104.75
106.75
108.75
110.75
112.75
112.75
112.5
112.5
112.5
109.75
109.75
106.0
106.0
103.75
103.75
100.0
100.0
100.0
98.0
98.0
96.5
96.5
96.5
96.5
96.25
96.25
96.25
96.25
96.25
96.25
96.25
96.25
96.25
96.25
96.25
96.5
96.5
96.5
96.5
96.5
96.5
96.76724137931035
97.03448275862068
97.30172413793103
97.56896551724138
97.83620689655173
98.10344827586206
98.37068965517241
98.63793103448276
98.90517241379311
99.17241379310344
99.4396551724138
99.70689655172414
99.97413793103448
100.24137931034483
100.50862068965517
100.77586206896552
101.04310344827586
101.3103448275862
101.57758620689656
101.84482758620689
102.11206896551724
102.37931034482759
102.64655172413794
102.91379310344827
103.18103448275862
103.44827586206897
103.71551724137932
103.98275862068965
104.25
104.25
105.75
105.75
105.75
105.75
105.75
105.75
105.75
105.75
105.75
105.75
105.75
106.0
106.0
106.0
106.0
106.0
111.0
110.875
110.75
110.75
110.75
110.75
111.0
111.0
111.0
110.75
110.75
111.0
122.33333333333333
133.66666666666666
145.0
156.33333333333334
167.66666666666666
179.0
179.0
184.5
184.5
184.5
184.5
184.5
184.5
184.5
184.5
172.45
160.4
148.35
136.3
124.25
124.25
124.25
124.5
124.5
125.0
125.0
125.75
125.75
128.5
128.5
129.25
129.25
127.25
127.25
123.25
123.25
121.75
121.75
121.75
121.75
121.75
121.75
122.0
122.0
122.0
122.0
122.75
122.75
124.0
124.0
124.0
133.5
133.25
133.25
132.75
132.75
135.0
135.0
135.75
135.75
136.75
138.75
138.75
140.5
142.0
142.0
144.0
144.0
144.25
145.0
145.0
146.0
146.0
145.0
143.0
143.0
138.25
138.25
135.0
128.5
128.5
124.0
124.0
120.75
120.75
120.0
120.0
118.75
118.75
118.75
118.75
119.25
119.25
119.75
119.75
121.25
121.25
122.75
122.75
122.5
122.5
123.0
123.0
123.5
123.5
123.5
125.0
125.0
128.0
128.0
126.25
126.25
124.5
124.5
125.0
125.0
125.75
125.75
123.0
123.0
121.0
121.0
122.75
122.75
122.75
122.75
120.25
120.25
126.25
126.25
122.0
122.0
124.5
124.5
124.0
124.0
123.5
123.5
124.5
124.5
124.5
124.5
124.5
125.0
125.0
123.5
123.5
123.5
123.5
122.25
122.25
124.75
124.75
123.5
123.5
124.0
124.0
125.5
125.5
126.25
126.25
126.25
126.75
126.75
126.0
126.0
124.25
124.25
123.0
123.0
121.25
121.25
121.75
121.75
121.75
120.0
120.0
120.75
120.5
120.5
121.0
121.0
121.75
121.75
122.5
122.5
121.5
121.5
120.75
120.75
118.25
118.25
115.0
115.0
114.75
114.75
114.5
114.5
114.5
115.0
115.0
116.5
116.5
116.0
116.0
116.75
116.75
117.0
117.0
117.5
117.5
117.5
117.5
118.0
118.0
118.0
118.0
118.5
118.5
119.25
119.25
120.0
120.0
120.0
120.0
118.5
118.5
118.5
118.5
118.75
118.75
118.5
118.5
117.5
117.5
117.5
116.75
116.75
118.0
118.0
118.5
118.5
116.5
116.5
120.5
120.5
120.5
120.5
121.0
121.0
120.0
120.0
120.0
120.0
120.0
119.25
119.25
118.0
118.0
117.0
117.0
116.0
116.0
116.0
116.0
116.5
116.5
116.75
116.75
116.75
116.75
117.0
117.0
117.5
117.5
118.0
118.0
119.25
119.25
119.0
119.0
119.75
119.75
119.5
119.5
120.0
120.0
119.75
119.75
119.0
119.0
119.5
119.5
120.25
120.25
122.0
122.0
122.0
122.0
123.0
123.0
122.75
122.75
124.0
124.0
124.0
124.0
122.75
122.75
122.75
122.75
121.75
122.75
122.75
120.75
120.75
120.0
120.0
119.5
119.5
119.75
119.75
120.0
120.0
120.0
120.0
120.75
120.75
119.75
119.75
120.75
120.75
120.25
120.25
120.75
120.75
120.5
120.5
119.5
119.5
120.5
120.5
120.75
120.75
122.25
122.25
122.5
125.0
125.0
126.5
126.5
126.5
126.5
126.5
126.5
126.5
126.5
126.5
126.5
126.5
126.5
126.5
126.5
126.5
122.25
122.25
122.25
122.25
122.25
122.25
122.5
122.5
122.5
122.25
122.25
122.25
123.08333333333333
123.91666666666667
124.75
125.58333333333333
126.41666666666667
127.25
127.25
127.25
127.25
122.75
122.75
122.0
122.75
122.75
122.75
122.75
122.75
122.75
122.75
122.75
122.75
122.75
122.75
122.75
123.0
122.75
122.75
125.5
125.5
125.5
125.5
125.75
125.75
127.75
127.75
129.0
129.0
124.5
124.5
128.5
128.5
126.25
126.25
126.5
126.5
125.75
125.75
126.5
126.5
127.25
127.25
127.25
127.25
127.25
127.25
127.25
131.5
130.25
130.25
127.75
127.75
127.75
127.75
127.75
127.75
127.75
127.75
127.75
127.75
123.0
123.0
123.75
123.75
122.0
122.0
121.0
121.0
120.0
120.0
119.25
119.25
119.25
119.25
120.25
120.25
120.75
120.75
121.5
121.5
121.5
121.25
121.5
121.5
121.5
121.25
121.25
121.5
121.5
121.5
119.81818181818181
118.13636363636364
116.45454545454545
114.77272727272727
113.0909090909091
111.4090909090909
109.72727272727273
108.04545454545455
106.36363636363636
104.68181818181819
103.0
103.0
101.75
101.75
101.75
101.75
101.75
101.75
101.75
101.75
102.0
102.0
101.75
101.75
101.75
101.75
103.53571428571429
105.32142857142857
107.10714285714286
108.89285714285714
110.67857142857143
112.46428571428571
114.25
114.25
111.5
111.5
114.75
114.75
115.5
115.5
115.0
115.0
115.0
115.0
115.0
115.0
115.0
115.0
115.0
115.0
115.0
114.75
114.75
115.44285714285714
116.13571428571429
116.82857142857142
117.52142857142857
118.21428571428571
118.90714285714286
119.6
120.29285714285714
120.98571428571428
121.67857142857143
122.37142857142857
123.06428571428572
123.75714285714285
124.45
125.14285714285714
125.83571428571429
126.52857142857142
127.22142857142858
127.91428571428571
128.60714285714286
129.3
129.99285714285713
130.68571428571428
131.37857142857143
132.07142857142858
132.7642857142857
133.45714285714286
134.15
134.84285714285716
135.53571428571428
136.22857142857143
136.92142857142858
137.6142857142857
138.30714285714285
139.0
139.0
133.25
133.25
131.5
131.5
132.5
132.5
128.25
128.25
128.75
128.75
128.75
128.75
128.75
128.75
128.75
128.75
128.75
128.75
129.0
129.0
129.0
129.0
129.0
129.0
128.75
124.8
120.85
116.9
112.95
109.0
109.0
109.25
109.25
108.0
107.25
107.25
107.5
107.5
107.5
107.5
107.5
107.5
107.5
107.5
107.25
107.25
108.58333333333333
109.91666666666667
111.25
112.58333333333333
113.91666666666667
115.25
116.58333333333333
117.91666666666667
119.25
119.25
118.5
118.5
117.75
117.75
118.0
118.0
118.0
118.0
118.25
118.25
117.5
117.5
117.25
117.25
117.5
117.5
117.75
117.75
117.75
117.5
117.5
117.0
117.0
118.25
118.25
118.75
118.25
118.25
118.25
118.5
118.5
118.25
118.25
118.25
118.25
118.25
118.25
118.25
118.25
120.36
122.47
124.58
126.69
128.8
130.91
133.02
135.13
137.24
139.35
141.46
143.57
145.68
147.79
149.9
152.01
154.12
156.23
158.34
160.45
162.56
164.67
166.78
168.89
171.0
171.0
171.0
171.0
171.0
171.0
170.75
170.75
171.0
171.0
158.125
145.25
132.375
119.5
119.5
119.5
118.5
118.5
120.0
120.0
121.0
121.0
122.25
122.25
122.75
122.75
123.5
123.5
123.75
123.75
124.5
124.5
125.0
125.0
124.0
124.0
124.0
122.25
122.25
122.25
121.0
121.0
121.5
121.5
122.25
122.25
122.75
122.75
123.25
123.75
123.75
125.0
125.0
125.75
125.75
126.25
126.25
125.5
125.5
126.25
126.25
126.25
125.0
125.0
124.0
124.0
122.0
122.0
120.75
120.75
120.75
120.75
118.25
118.25
116.5
116.5
116.25
116.25
119.0
119.0
123.0
123.0
122.25
122.25
123.0
127.0
127.0
129.0
129.0
129.5
129.5
130.75
130.75
130.75
131.5
132.0
132.0
132.25
132.25
133.0
133.0
133.25
134.5
134.5
135.5
135.5
136.5
136.5
135.0
135.0
133.5
132.5
132.5
131.5
131.5
130.25
130.25
130.25
130.25
130.25
130.25
130.25
130.25
130.25
130.25
124.5
124.5
123.25
123.25
121.75
121.75
121.0
121.0
120.75
120.75
120.0
120.0
120.0
120.0
120.25
120.25
120.5
120.5
119.75
119.75
120.25
120.25
121.5
121.5
121.5
123.0
123.0
124.75
124.75
125.0
125.0
125.75
125.75
126.0
126.0
126.25
126.25
126.0
126.0
126.25
126.25
126.25
126.25
125.5
126.75
126.75
126.5
126.5
126.0
126.0
126.25
126.25
126.5
126.5
126.75
126.75
127.5
127.5
126.5
127.5
127.5
127.5
127.5
127.0
127.0
126.75
126.75
127.25
127.25
127.25
127.25
127.75
127.75
128.0
128.0
128.0
127.25
127.25
127.0
127.0
127.0
127.0
127.0
127.0
126.25
126.25
125.75
125.75
124.75
124.75
123.5
123.5
122.75
122.75
122.75
122.75
123.25
123.0
123.0
123.0
124.25
125.25
125.25
125.25
125.25
125.25
125.25
125.0
125.0
125.75
125.75
125.0
125.0
125.0
125.0
124.5
124.5
125.25
125.25
125.75
126.25
126.25
126.75
126.75
126.5
126.5
128.0
128.0
127.25
127.25
127.25
127.25
125.5
125.5
125.0
125.0
124.25
124.25
123.25
123.25
125.0
125.25
125.25
125.25
127.25
127.25
127.25
122.75
122.75
122.75
122.75
122.75
122.75
122.75
122.75
122.75
122.75
122.75
122.75
122.75
122.75
122.75
122.75
124.1
125.45
126.8
128.15
129.5
129.5
129.5
130.25
130.25
129.75
129.75
130.25
130.25
130.25
130.25
130.0
130.0
129.0
130.0
130.0
128.0
128.75
128.75
129.5
129.5
129.25
129.25
128.75
128.75
128.25
128.25
128.25
128.25
127.25
127.25
126.75
125.75
125.75
125.75
125.75
125.25
125.25
126.0
126.0
126.25
126.25
126.25
126.25
127.25
127.25
128.0
128.0
128.0
128.0
128.75
128.75
128.75
127.25
127.25
127.25
127.25
125.75
125.75
123.5
123.5
122.75
122.75
123.5
123.5
125.0
125.0
127.75
130.25
130.25
130.25
130.25
130.0
130.0
134.5
134.5
132.0
132.0
131.25
130.75
130.75
131.0
131.0
132.0
132.0
133.5
133.5
133.5
133.75
133.75
134.25
134.25
134.25
134.25
134.75
135.25
135.25
136.0
136.0
136.25
136.25
135.25
135.5
135.5
135.0
135.0
135.0
135.0
134.5
134.5
133.5
132.5
132.5
133.0
133.0
131.5
131.5
130.75
130.75
129.5
129.5
128.5
128.5
127.25
127.0
127.0
126.75
126.75
126.75
126.75
125.75
125.75
125.75
125.75
124.5
124.5
124.5
124.5
124.0
124.0
124.0
124.0
124.5
124.5
122.75
123.75
123.75
123.0
123.0
123.5
123.5
122.75
122.75
124.5
125.0
125.0
125.75
125.75
126.0
126.0
126.75
126.75
126.75
129.0
129.0
129.5
129.5
129.0
129.5
129.5
130.25
130.25
129.75
129.75
130.0
130.0
130.0
130.0
130.25
131.0
131.0
131.75
131.75
132.75
132.75
132.0
132.0
138.0
137.25
137.25
138.0
138.0
138.5
139.25
139.25
139.25
139.25
139.5
139.5
139.5
139.5
139.5
139.25
139.25
139.5
139.5
129.5
129.5
128.5
128.5
127.25
127.25
125.75
125.75
124.5
124.5
124.0
123.5
123.5
123.5
123.5
123.75
123.75
125.25
125.25
124.5
124.5
125.0
125.0
125.0
125.0
125.5
125.5
125.5
125.5
126.0
126.0
126.25
126.25
127.0
127.25
127.25
127.75
127.75
128.25
128.25
128.5
128.5
128.25
128.25
128.75
128.75
129.5
129.5
129.25
129.0
129.0
129.0
129.0
127.75
127.75
127.0
127.0
127.0
120.25
120.25
120.25
105.0
105.0
103.5
103.5
103.5
103.25
103.25
103.25
103.5
103.5
103.25
103.25
103.5
103.5
92.5
92.5
92.5
95.0
95.0
97.5
97.5
98.75
98.75
98.75
100.75
100.75
102.5
102.5
104.75
104.75
104.75
104.0
104.0
104.0
104.0
104.0
104.0
105.75
105.75
105.75
106.0
106.0
106.0
106.0
106.0
106.0
106.0
106.0
106.0
105.75
106.58333333333333
107.41666666666667
108.25
109.08333333333333
109.91666666666667
110.75
110.75
107.5
107.5
107.5
107.5
107.5
107.0
107.0
107.0
106.25
106.25
107.0
107.0
109.75
109.75
110.75
110.75
110.0
110.0
115.75
115.75
117.5
117.5
100.5
100.5
100.5
100.5
100.5
100.5
100.25
100.25
100.25
100.25
100.25
100.25
101.34375
102.4375
103.53125
104.625
105.71875
106.8125
107.90625
109.0
109.0
102.0
102.0
102.0
101.75
101.75
99.25
99.25
100.5
100.5
100.5
100.75
100.75
101.0
101.0
100.0
100.0
100.0
100.0
109.75
109.75
109.75
109.75
109.75
109.75
109.75
113.0
113.0
112.5
112.5
114.0
114.0
114.0
112.5
109.25
109.25
109.25
103.75
103.75
103.75
103.75
103.75
103.75
104.0
104.0
104.0
104.0
104.0
104.0
104.4
104.8
105.2
105.6
106.0
106.4
106.8
107.2
107.6
108.0
108.4
108.8
109.2
109.6
110.0
110.4
110.8
111.2
111.6
112.0
109.5
109.5
116.5
116.5
116.25
116.25
116.25
116.25
116.25
116.25
116.25
116.5
116.5
116.5
117.23863636363636
117.97727272727273
118.7159090909091
119.45454545454545
120.19318181818181
120.93181818181819
121.67045454545455
122.4090909090909
123.14772727272727
123.88636363636364
124.625
125.36363636363636
126.10227272727273
126.8409090909091
127.57954545454545
128.3181818181818
129.0568181818182
129.79545454545453
130.5340909090909
131.27272727272728
132.01136363636363
132.75
132.75
137.5
137.5
139.5
139.5
140.0
140.0
139.75
139.75
139.75
139.75
139.75
140.0
140.0
139.62037037037038
139.24074074074073
138.86111111111111
138.4814814814815
138.10185185185185
137.72222222222223
137.34259259259258
136.96296296296296
136.58333333333334
136.2037037037037
135.82407407407408
135.44444444444446
135.0648148148148
134.6851851851852
134.30555555555554
133.92592592592592
133.5462962962963
133.16666666666666
132.78703703703704
132.40740740740742
132.02777777777777
131.64814814814815
131.2685185185185
130.88888888888889
130.50925925925927
130.12962962962962
129.75
129.75
129.5
129.5
123.0
123.0
114.5
114.5
114.5
114.5
114.5
114.5
114.5
114.5
114.25
114.5
114.5
114.875
115.25
115.625
116.0
116.375
116.75
116.75
120.0
120.0
123.5
123.5
126.75
126.75
129.25
131.5
131.5
131.5
134.25
134.25
135.0
135.0
135.75
136.5
136.5
137.5
137.5
138.5
139.25
139.25
135.0
135.0
131.5
131.5
122.5
122.5
120.0
120.0
119.5
119.5
119.25
119.25
118.75
118.75
118.75
118.75
120.25
120.25
120.25
120.25
120.25
120.25
120.5
120.5
119.75
119.75
118.75
118.75
119.5
119.5
120.25
120.25
118.75
118.75
117.5
117.5
118.25
118.25
118.5
118.5
119.25
119.25
120.25
120.25
120.75
120.75
119.5
119.5
119.75
119.75
120.25
120.25
121.75
121.75
125.25
125.25
129.0
129.0
130.0
130.0
128.75
128.75
128.75
129.0
129.0
129.25
129.25
128.0
128.0
126.5
126.5
125.75
125.75
125.25
125.25
126.5
126.5
128.5
131.0
131.0
132.75
132.75
133.5
133.5
133.75
133.75
132.75
131.25
131.25
129.5
129.5
128.5
128.5
126.75
126.75
122.75
122.75
119.25
119.25
120.25
120.25
120.25
117.75
118.5
118.5
120.0
120.0
121.0
121.0
127.75
127.75
133.5
135.75
135.75
137.25
137.25
139.0
140.75
140.75
142.0
142.0
143.5
143.5
144.75
145.75
145.75
146.75
147.0
147.0
147.5
147.5
147.0
147.75
147.75
147.25
150.0
150.0
148.25
148.25
147.5
147.5
147.5
145.5
145.5
141.5
139.5
139.5
137.5
137.5
133.25
133.25
128.25
128.25
128.5
128.5
127.75
127.75
128.75
128.75
129.25
129.5
129.5
129.25
129.25
125.75
125.75
124.0
124.0
122.75
122.75
122.25
122.25
120.0
120.0
120.25
120.25
118.75
118.75
118.75
118.75
118.5
118.5
115.5
115.5
115.5
114.5
114.5
114.25
114.25
114.25
114.25
113.25
113.25
113.25
113.25
113.25
113.25
113.25
113.25
115.0
115.0
115.0
117.75
117.75
117.75
117.75
117.75
119.25
119.25
121.5
121.5
123.0
123.0
123.5
123.5
122.5
122.5
121.5
121.5
121.75
121.75
121.5
121.5
121.5
121.5
121.0
121.0
120.5
120.5
119.5
119.5
118.75
118.75
117.0
117.0
116.75
116.75
117.0
117.0
116.75
116.75
118.5
118.5
119.5
119.5
118.75
118.75
118.5
118.5
119.75
119.75
121.0
121.0
120.75
120.75
120.0
120.0
120.75
120.75
121.0
121.0
121.25
121.25
121.75
121.75
122.25
122.25
122.25
122.25
122.0
122.0
122.0
122.0
121.25
121.25
120.75
120.75
120.0
120.0
120.0
120.0
119.75
119.75
119.5
119.5
119.0
119.0
118.75
118.75
118.5
118.5
118.25
118.25
118.75
118.75
118.0
118.0
117.5
117.5
118.5
118.5
119.0
119.0
119.0
119.0
119.0
119.0
118.5
118.5
118.0
118.0
117.0
117.0
117.0
116.0
116.0
114.75
114.75
114.75
114.75
113.5
113.5
112.75
112.75
112.75
112.75
112.75
107.5
107.5
107.5
107.5
107.5
107.5
107.5
107.25
107.25
107.25
107.25
107.25
107.25
106.58620689655173
105.92241379310344
105.25862068965517
104.59482758620689
103.93103448275862
103.26724137931035
102.60344827586206
101.9396551724138
101.27586206896552
100.61206896551724
99.94827586206897
99.28448275862068
98.62068965517241
97.95689655172414
97.29310344827586
96.62931034482759
95.9655172413793
95.30172413793103
94.63793103448276
93.97413793103448
93.3103448275862
92.64655172413794
91.98275862068965
91.31896551724138
90.6551724137931
89.99137931034483
89.32758620689656
88.66379310344827
88.0
88.0
90.0
90.0
95.5
95.5
95.5
97.75
97.75
99.75
99.75
102.75
102.75
107.0
107.0
108.5
108.5
109.0
109.0
109.0
107.75
107.75
107.75
107.75
107.25
107.25
107.25
107.25
107.25
107.25
107.5
107.5
107.25
107.25
107.25
113.0
113.0
108.0
108.0
110.25
110.25
107.0
107.0
107.0
101.25
101.25
101.0
101.0
99.75
99.75
100.0
100.0
100.0
100.0
100.0
98.75
98.75
98.75
100.25
100.25
102.0
102.0
102.0
102.0
98.75
98.75
98.75
110.25
110.25
107.0
107.0
105.0
105.0
98.5
98.5
98.5
95.25
95.25
95.25
96.25
96.25
96.0
96.0
96.0
96.5
96.5
92.75
92.75
92.75
93.0
93.0
93.75
93.75
93.75
94.25
94.25
94.25
94.25
94.25
94.25
94.25
94.25
94.25
94.25
94.5
94.5
107.0
107.0
106.75
106.75
106.75
106.75
106.5
106.5
106.5
106.5
106.5
106.5
106.5
106.5
106.5
106.5
106.5
106.5
106.25
106.25
106.25
107.3157894736842
108.38157894736842
109.44736842105263
110.51315789473685
111.57894736842105
112.64473684210526
113.71052631578948
114.77631578947368
115.84210526315789
116.90789473684211
117.97368421052632
119.03947368421052
120.10526315789474
121.17105263157895
122.23684210526316
123.30263157894737
124.36842105263158
125.4342105263158
126.5
126.5
131.0
135.25
135.25
136.0
136.0
140.75
143.5
143.5
143.5
145.75
147.0
147.0
147.25
147.25
148.0
148.0
145.0
145.0
145.5
138.75
138.75
135.75
135.75
132.0
132.0
121.5
121.5
122.75
122.75
123.5
123.5
123.0
123.0
124.5
124.5
124.0
124.0
124.0
124.0
130.25
131.5
131.5
132.75
132.75
133.5
133.5
133.5
133.5
132.5
135.75
135.75
135.0
135.0
135.0
135.0
135.0
135.0
135.0
135.0
135.0
135.0
143.75
143.75
146.5
146.5
146.5
143.0
143.0
136.75
136.75
130.25
130.25
128.0
128.0
125.75
123.5
123.5
120.5
120.5
115.75
115.75
115.75
115.75
115.75
115.75
115.75
115.75
115.75
115.75
115.75
115.75
115.32894736842105
114.90789473684211
114.48684210526316
114.0657894736842
113.64473684210526
113.22368421052632
112.80263157894737
112.38157894736842
111.96052631578948
111.53947368421052
111.11842105263158
110.69736842105263
110.27631578947368
109.85526315789474
109.4342105263158
109.01315789473685
108.59210526315789
108.17105263157895
107.75
107.75
106.5
106.5
105.0
105.0
105.0
104.5
104.5
104.5
104.25
104.25
104.25
104.25
104.25
104.25
104.25
104.25
104.25
104.69642857142857
105.14285714285714
105.58928571428571
106.03571428571429
106.48214285714286
106.92857142857143
107.375
107.82142857142857
108.26785714285714
108.71428571428571
109.16071428571429
109.60714285714286
110.05357142857143
110.5
110.5
110.5
110.5
110.25
110.25
103.0
103.0
103.0
100.25
100.25
100.25
100.25
100.5
100.5
100.5
100.5
100.25
110.25
110.25
110.25
98.5
98.5
101.25
101.25
102.75
102.75
102.75
105.0
105.0
106.5
106.5
107.75
107.75
109.0
109.0
110.25
110.25
111.75
111.75
112.5
112.5
113.0
113.0
114.25
114.25
114.25
114.5
114.5
115.0
115.0
116.25
116.25
115.75
115.75
117.5
117.5
117.75
117.75
118.5
118.5
118.0
118.0
116.25
116.25
115.75
115.75
115.75
115.75
116.0
116.0
119.25
119.25
120.25
120.25
120.25
115.75
115.75
115.75
115.75
115.75
115.75
115.75
115.75
115.75
116.0
116.0
116.0
117.83333333333333
119.66666666666667
121.5
123.33333333333333
125.16666666666667
127.0
123.0
123.0
120.25
120.25
118.0
118.0
118.0
115.5
115.5
115.25
115.25
115.25
115.25
115.75
115.75
116.75
116.75
117.5
117.5
117.75
117.75
118.25
118.25
119.5
119.5
119.0
119.0
119.5
119.5
118.75
118.75
116.75
116.75
118.75
118.75
119.5
119.5
120.5
120.5
118.75
118.75
118.5
118.5
116.5
116.5
114.75
114.75
109.0
109.0
106.0
105.5
105.5
105.5
105.75
105.75
106.5
106.5
108.0
108.0
110.0
110.0
112.25
112.25
112.5
112.5
114.0
114.0
116.5
116.5
116.75
116.75
116.5
116.5
118.0
118.0
118.0
118.0
118.5
118.5
118.5
118.5
118.5
119.0
119.0
118.75
118.75
118.25
118.25
119.25
119.25
119.5
119.0
119.0
119.0
119.25
119.25
119.25
118.25
118.25
118.25
117.5
117.5
118.0
118.0
117.5
117.5
116.5
116.5
115.75
115.75
116.0
116.0
116.0
116.0
115.75
115.75
117.0
117.0
118.25
118.25
120.75
120.75
122.5
122.5
123.0
123.0
117.25
117.25
116.0
116.0
116.0
111.25
111.25
115.75
115.75
115.75
115.75
110.75
110.75
112.5
112.5
112.25
112.25
113.0
113.0
113.0
113.0
113.0
113.0
112.75
112.75
112.75
112.75
112.75
113.0
113.41666666666667
113.83333333333333
114.25
114.66666666666667
115.08333333333333
115.5
115.5
115.5
115.5
115.5
115.5
115.75
115.75
115.25
115.25
115.25
115.25
115.5
115.5
114.5
114.5
114.0
114.0
114.25
114.25
113.5
113.5
113.5
112.75
112.75
112.5
112.5
112.75
112.75
112.5
112.5
114.25
114.25
114.25
114.75
115.0
115.0
116.0
116.0
116.75
116.75
115.5
115.5
115.5
114.5
114.5
115.25
115.25
115.0
115.0
114.75
114.75
115.5
115.5
115.25
115.25
115.25
114.25
114.25
112.75
112.75
112.25
112.25
111.75
111.75
112.0
112.0
112.0
112.0
113.0
113.0
112.75
112.75
112.75
113.5
113.5
114.5
114.5
114.25
114.25
113.0
113.0
112.75
112.75
112.0
112.0
111.25
111.25
111.25
112.0
112.0
112.5
112.5
112.75
113.0
113.0
113.0
114.0
114.0
114.0
137.5
141.5
141.5
141.5
141.5
141.5
141.5
141.5
141.5
141.5
141.25
141.5
141.5
140.66666666666666
139.83333333333334
139.0
138.16666666666666
137.33333333333334
136.5
135.66666666666666
134.83333333333334
134.0
133.16666666666666
132.33333333333334
131.5
130.66666666666666
129.83333333333334
129.0
128.16666666666666
127.33333333333333
126.5
125.66666666666667
124.83333333333333
124.0
124.0
123.75
123.75
130.25
128.25
128.25
128.25
128.25
128.25
128.25
128.25
128.25
128.5
128.25
128.25
128.25
127.60810810810811
126.96621621621621
126.32432432432432
125.68243243243244
125.04054054054055
124.39864864864865
123.75675675675676
123.11486486486487
122.47297297297297
121.83108108108108
121.1891891891892
120.54729729729729
119.9054054054054
119.26351351351352
118.62162162162163
117.97972972972973
117.33783783783784
116.69594594594595
116.05405405405405
115.41216216216216
114.77027027027027
114.12837837837837
113.48648648648648
112.8445945945946
112.20270270270271
111.5608108108108
110.91891891891892
110.27702702702703
109.63513513513513
108.99324324324324
108.35135135135135
107.70945945945945
107.06756756756756
106.42567567567568
105.78378378378379
105.14189189189189
104.5
104.5
100.5
100.5
100.5
99.75
99.75
99.75
100.5
100.5
100.5
102.75
102.75
103.75
103.75
105.0
105.0
105.0
106.75
106.75
105.5
105.5
105.5
103.25
103.25
103.25
103.25
103.5
103.5
103.5
103.25
103.25
103.5
103.5
109.75
109.75
112.0
112.0
112.0
109.75
109.75
109.0
109.0
107.75
107.75
107.25
107.25
107.0
107.0
107.0
105.25
105.25
106.0
106.0
106.0
104.75
104.75
105.0
105.0
105.25
105.25
106.5
106.5
108.5
108.5
108.5
106.0
106.0
106.0
106.0
106.75
106.75
106.75
106.75
106.75
106.75
106.75
106.75
106.75
106.75
106.75
107.0
107.0
107.0
107.22058823529412
107.44117647058823
107.66176470588235
107.88235294117646
108.1029411764706
108.32352941176471
108.54411764705883
108.76470588235294
108.98529411764706
109.20588235294117
109.42647058823529
109.6470588235294
109.86764705882354
110.08823529411765
110.30882352941177
110.52941176470588
110.75
110.75
106.5
106.5
105.75
105.75
105.75
105.0
105.0
103.25
103.25
103.25
103.25
103.75
103.75
103.75
104.0
104.0
105.0
105.0
102.0
102.0
109.75
109.75
118.0
119.0
119.0
123.5
123.5
123.25
123.25
123.25
123.25
123.25
123.5
123.5
123.25
123.5
123.5
123.5
123.67647058823529
123.8529411764706
124.02941176470588
124.20588235294117
124.38235294117646
124.55882352941177
124.73529411764706
124.91176470588235
125.08823529411765
125.26470588235294
125.44117647058823
125.61764705882354
125.79411764705883
125.97058823529412
126.1470588235294
126.32352941176471
126.5
126.67647058823529
126.8529411764706
127.02941176470588
127.20588235294117
127.38235294117646
127.55882352941177
127.73529411764706
127.91176470588235
128.08823529411765
128.26470588235293
128.44117647058823
128.61764705882354
128.7941176470588
128.97058823529412
129.14705882352942
129.3235294117647
129.5
129.5
129.5
131.5
131.5
131.5
131.25
131.25
131.5
131.5
131.5
131.5
131.25
131.25
131.25
131.25
127.58333333333333
123.91666666666667
120.25
116.58333333333333
112.91666666666667
109.25
105.58333333333333
101.91666666666667
98.25
98.25
99.0
99.0
99.0
100.0
100.0
98.25
98.25
98.25
98.25
98.25
98.25
98.25
98.25
98.25
98.25
98.25
98.25
98.25
98.25
98.25
98.5
98.5
103.875
109.25
114.625
120.0
120.0
119.25
119.25
119.25
114.75
112.5
112.5
112.0
112.0
112.0
112.5
112.5
112.75
112.75
112.75
100.5
100.5
101.25
101.25
101.25
101.25
101.25
102.25
102.25
104.25
104.25
104.5
104.5
104.75
104.75
104.75
104.5
104.5
104.5
104.5
104.5
104.5
104.5
104.25
104.25
104.5
104.5
104.5
104.5
103.83333333333333
103.16666666666667
102.5
101.83333333333333
101.16666666666667
100.5
100.5
104.5
104.5
106.5
106.5
107.5
107.5
108.0
108.0
108.0
107.25
107.25
106.75
106.75
106.5
106.5
106.5
106.5
106.5
107.5
107.5
107.5
107.5
107.5
107.25
107.25
105.75
105.75
105.75
106.75
106.75
107.25
107.25
105.75
105.75
104.25
104.25
99.5
99.5
99.5
97.75
97.75
98.5
98.5
101.0
101.0
101.0
103.5
105.0
105.0
106.25
106.25
106.25
106.25
104.75
104.75
104.75
120.75
120.75
123.0
123.0
119.5
119.5
115.5
115.5
114.75
114.75
112.75
112.75
112.25
112.25
113.0
113.0
114.75
114.75
117.0
117.0
118.75
118.75
122.25
122.25
123.25
123.25
122.25
122.25
121.0
121.0
118.0
118.0
115.0
115.0
115.0
110.5
110.5
111.0
111.0
111.25
111.25
111.75
111.75
111.25
111.25
111.75
111.75
111.5
111.5
111.5
111.5
112.0
112.0
112.0
115.25
115.25
117.25
117.25
118.5
118.5
119.5
119.5
121.0
121.0
120.5
120.5
120.0
120.0
119.25
119.25
118.0
118.0
117.75
117.75
117.25
117.25
118.0
118.0
118.5
118.5
119.5
119.5
120.0
120.0
122.75
122.75
124.5
124.5
125.0
125.0
124.5
123.25
123.25
123.25
120.75
120.75
118.5
118.5
117.5
117.5
116.75
116.75
116.0
116.0
115.0
115.0
113.75
113.75
112.25
112.25
111.0
111.0
111.0
111.0
111.0
111.25
111.25
112.75
112.75
113.25
113.25
112.5
112.5
112.5
112.5
113.0
113.0
114.25
114.25
114.5
114.5
114.5
114.25
114.25
115.25
115.25
116.0
116.0
115.75
115.75
116.75
116.75
117.5
117.5
117.25
117.25
117.5
117.5
118.0
118.0
118.75
118.75
120.25
120.25
120.0
120.0
121.0
121.0
121.5
121.5
122.25
122.25
121.0
121.0
122.25
122.25
125.25
126.75
126.75
127.5
127.5
126.75
126.75
125.75
125.75
124.0
124.0
124.0
124.0
122.5
122.5
120.0
120.0
119.5
119.5
119.5
119.5
119.0
119.0
118.5
118.5
117.75
117.75
116.5
116.5
116.5
116.5
116.5
114.25
114.25
114.25
114.25
114.25
114.25
114.0
114.0
115.0
115.0
115.75
115.75
116.75
116.75
118.0
118.0
118.25
118.25
118.0
118.0
117.5
117.5
117.0
117.0
117.0
117.0
116.5
116.5
115.75
115.75
114.75
114.75
113.25
114.75
114.75
114.75
94.5
94.5
94.5
81.75
81.75
81.0
81.0
81.0
83.5
83.5
83.5
86.25
86.25
93.25
93.25
93.25
95.75
95.75
96.5
96.5
96.5
98.5
98.5
101.5
101.5
102.0
102.0
101.25
101.25
101.25
107.75
107.75
108.25
108.25
113.0
113.0
114.0
114.0
114.5
114.5
114.0
114.0
114.0
115.25
115.25
115.25
115.5
115.5
115.5
115.5
115.5
115.5
115.5
115.5
115.5
115.54166666666667
115.58333333333333
115.625
115.66666666666667
115.70833333333333
115.75
115.75
111.5
111.5
111.5
112.75
112.75
112.75
111.75
111.75
111.75
111.75
112.25
112.25
112.5
112.5
112.25
112.25
112.75
112.75
112.0
112.0
112.0
111.0
111.0
111.0
111.0
111.0
111.0
111.0
111.0
111.0
111.0
111.0
110.75
110.75
118.75
118.75
117.75
117.75
117.75
119.5
115.75
115.75
115.75
117.5
117.5
117.25
117.25
119.5
119.5
120.0
120.0
120.0
120.0
119.25
121.5
121.5
121.5
121.5
119.0
119.0
121.0
121.0
121.0
122.25
121.5
121.5
120.25
120.25
123.5
123.5
123.5
123.5
123.25
123.25
123.75
123.75
118.75
118.75
121.75
121.75
121.75
121.75
123.5
123.5
123.5
123.5
123.5
123.5
123.5
123.5
123.5
123.5
124.0
125.75
125.75
127.25
127.25
122.75
122.75
121.75
121.75
122.75
122.75
120.25
120.25
121.5
121.5
122.5
122.5
123.0
123.0
125.25
125.25
123.25
123.25
125.75
125.75
123.0
123.0
124.5
124.5
124.25
124.25
125.25
125.25
122.5
128.5
128.5
128.5
128.5
128.5
128.5
128.5
128.5
128.5
128.5
128.25
128.25
128.72058823529412
129.19117647058823
129.66176470588235
130.13235294117646
130.60294117647058
131.0735294117647
131.5441176470588
132.01470588235293
132.48529411764707
132.9558823529412
133.4264705882353
133.89705882352942
134.36764705882354
134.83823529411765
135.30882352941177
135.77941176470588
136.25
136.72058823529412
137.19117647058823
137.66176470588235
138.13235294117646
138.60294117647058
139.0735294117647
139.5441176470588
140.01470588235293
140.48529411764707
140.9558823529412
141.4264705882353
141.89705882352942
142.36764705882354
142.83823529411765
143.30882352941177
143.77941176470588
144.25
144.25
145.0
142.25
142.25
142.25
142.25
142.25
142.25
142.5
142.5
142.25
142.5
142.5
142.5
143.5625
144.625
145.6875
146.75
147.8125
148.875
149.9375
151.0
152.0625
153.125
154.1875
155.25
156.3125
157.375
158.4375
159.5
160.5625
161.625
162.6875
163.75
164.8125
165.875
166.9375
168.0
168.0
168.0
168.0
168.0
168.0
168.0
