171.0
171.0
169.25
169.25
168.25
168.25
168.25
167.25
166.25
163.0
163.0
158.0
158.0
158.0
154.5
154.5
152.5
153.5
153.5
154.0
154.0
155.75
155.75
156.0
156.0
156.25
156.25
155.5
155.5
155.5
156.0
156.0
158.0
158.0
159.5
159.5
159.25
159.75
159.75
160.25
160.25
160.25
158.5
158.0
158.0
158.0
158.0
158.0
158.0
158.0
158.0
158.0
158.0
157.5441176470588
157.08823529411765
156.63235294117646
156.1764705882353
155.72058823529412
155.26470588235293
154.80882352941177
154.35294117647058
153.89705882352942
153.44117647058823
152.98529411764707
152.52941176470588
152.0735294117647
151.61764705882354
151.16176470588235
150.7058823529412
150.25
150.25
150.25
150.5
150.5
151.0
151.0
151.75
151.75
151.75
151.75
153.5
153.5
155.5
157.5
157.5
159.25
159.25
159.25
159.25
160.0
160.0
161.5
161.5
163.0
163.0
165.25
165.25
167.5
167.5
167.5
167.5
167.5
167.5
168.75
168.75
170.0
170.0
171.75
171.75
173.25
173.25
173.0
173.0
175.0
175.0
175.0
173.75
173.75
175.25
175.25
175.25
176.25
176.25
176.5
176.5
176.75
177.0
177.0
177.0
179.5
179.5
179.0
176.75
176.75
176.75
176.75
178.0
178.0
178.0
178.0
178.5
178.75
178.75
177.75
177.75
178.25
178.25
177.0
177.0
177.25
177.25
177.25
177.25
177.75
177.75
180.25
180.25
181.25
181.25
181.5
181.5
181.5
181.5
181.5
180.75
180.75
180.0
180.0
179.75
179.75
178.5
178.5
179.25
179.25
179.5
179.5
179.0
179.0
178.0
178.0
177.5
177.5
173.75
173.75
170.25
170.25
165.5
165.5
161.25
157.25
157.25
155.0
153.25
153.25
153.0
153.0
152.5
152.0
152.0
152.0
152.0
152.25
152.25
150.5
150.5
150.5
150.5
150.25
150.25
150.25
150.25
151.75
151.75
152.0
152.0
151.5
151.0
151.0
150.75
150.5
150.5
150.0
150.0
149.25
148.75
148.75
148.25
147.0
147.0
145.75
145.75
144.75
144.75
144.75
144.5
144.5
144.5
144.75
144.75
144.25
144.25
144.25
147.75
147.75
147.75
148.75
148.75
149.75
149.75
149.75
149.0
149.0
147.5
147.5
146.0
146.0
143.5
143.5
143.5
138.5
138.5
137.5
137.0
137.0
138.25
138.25
139.25
140.0
140.0
140.0
143.5
143.5
144.0
144.0
144.5
144.5
145.0
145.0
145.0
145.0
145.0
148.5
146.75
146.75
145.5
145.5
143.25
142.5
142.5
142.5
141.0
141.0
139.0
139.0
138.5
138.5
138.0
138.0
137.75
137.25
137.25
136.5
136.5
136.25
136.25
136.25
136.25
136.25
135.25
135.25
135.75
135.75
136.0
136.0
136.0
136.0
136.0
135.5
135.5
136.5
136.5
138.0
138.75
138.75
140.75
140.75
141.5
141.0
141.0
141.0
143.25
143.25
142.5
142.5
139.75
139.75
138.5
138.5
138.0
136.5
136.5
132.75
132.75
130.75
130.75
129.25
129.25
126.25
126.25
125.75
125.75
128.75
128.75
134.0
134.0
136.5
138.0
138.0
139.75
139.75
139.75
143.25
143.25
143.25
144.5
144.5
144.75
144.75
144.75
144.75
144.75
145.0
144.75
144.75
144.75
141.25
141.25
138.75
137.0
137.0
134.75
134.75
135.0
135.0
135.25
136.25
136.25
136.5
136.5
136.5
136.5
136.0
135.25
135.25
134.25
134.25
132.5
132.5
132.5
130.75
130.75
129.75
129.75
129.75
132.25
132.25
132.25
132.25
136.5
136.75
136.75
136.25
136.25
136.25
136.25
136.25
136.25
129.75
129.75
129.75
129.75
129.75
130.75
130.75
130.75
130.75
133.5
133.5
134.75
136.25
136.25
138.5
138.5
138.5
141.0
141.0
142.5
142.5
140.75
140.75
137.0
137.0
135.75
135.75
132.5
132.5
131.75
131.75
130.0
130.0
130.25
130.25
131.0
131.0
131.0
134.75
136.75
136.75
138.5
138.5
138.5
139.25
139.25
139.5
139.5
140.75
141.5
141.5
142.0
142.0
142.0
142.0
139.5
139.5
139.5
140.5
140.5
140.25
140.25
140.25
140.5
140.5
140.75
142.0
142.0
142.5
142.5
142.5
143.25
143.25
142.5
142.5
142.5
144.0
144.0
142.5
141.0
141.0
139.0
139.0
139.25
139.25
136.0
136.0
135.0
135.0
132.0
132.0
130.5
130.5
130.0
130.0
127.5
127.5
127.5
127.5
127.5
127.0
127.0
126.5
128.5
128.5
129.25
129.25
128.75
128.75
129.5
129.5
129.5
129.5
132.75
133.75
133.75
134.5
134.5
134.75
134.75
133.5
133.0
133.0
133.0
133.0
132.5
132.5
130.25
130.25
130.0
130.0
129.75
130.75
130.75
131.25
131.25
131.0
131.0
132.25
132.25
131.5
131.5
128.25
128.25
129.5
129.5
132.75
134.5
134.5
134.0
134.0
134.0
134.0
135.5
135.75
135.75
137.75
137.75
139.5
140.25
140.25
140.5
140.5
141.0
141.0
141.0
142.75
142.75
144.25
144.25
144.25
145.25
145.0
145.0
143.5
143.5
141.5
141.5
138.25
138.25
136.25
135.0
135.0
134.75
134.75
135.25
135.25
135.25
135.5
135.5
136.75
136.75
137.5
137.5
138.25
140.0
140.0
141.0
141.0
140.0
140.0
140.0
139.75
139.75
136.25
136.25
136.25
137.0
137.0
138.5
138.5
138.5
138.5
138.75
138.75
137.5
137.5
137.75
137.75
137.75
137.75
137.5
136.25
136.25
136.75
136.75
136.5
136.5
137.0
138.0
138.0
138.0
137.75
137.75
137.25
137.25
137.25
139.25
139.25
139.75
139.75
141.0
141.0
141.5
141.5
142.0
142.75
142.75
144.0
144.0
144.25
144.25
144.25
143.75
143.75
143.75
140.25
141.75
141.75
142.25
142.25
143.0
143.5
143.5
143.75
143.5
143.5
142.0
142.0
141.25
141.25
139.75
139.25
139.25
139.5
139.5
138.0
138.0
137.75
138.25
138.25
138.75
138.75
139.0
139.0
139.0
139.25
139.25
141.5
141.5
143.0
143.25
143.25
142.75
142.75
142.25
142.25
141.25
141.25
139.75
139.75
137.75
137.0
137.0
137.25
137.25
136.5
136.5
135.5
135.5
134.0
134.5
134.5
135.0
135.0
135.25
135.25
135.25
137.25
137.75
137.75
138.0
138.0
138.0
138.0
137.5
137.5
137.0
137.0
136.75
136.75
136.75
137.0
137.0
135.5
135.5
134.5
134.5
133.75
133.75
133.75
134.25
134.25
134.5
134.5
134.75
134.75
134.75
131.5
131.5
132.0
132.0
133.0
133.0
134.25
134.25
135.25
135.25
135.25
134.25
134.25
131.75
131.75
129.25
129.25
128.25
128.25
128.5
128.5
128.0
128.0
130.25
130.25
131.5
131.5
132.75
132.75
133.5
133.5
133.5
133.75
133.75
135.75
135.75
138.25
140.0
140.0
139.5
139.5
139.5
139.5
141.25
143.0
143.0
140.5
140.5
141.25
141.25
142.5
142.5
143.25
143.25
144.5
144.5
148.75
148.75
148.75
143.75
143.75
145.5
145.5
146.0
146.5
146.5
146.75
146.75
146.75
148.5
148.5
151.0
151.75
151.75
152.5
152.75
152.75
152.75
152.75
152.75
152.75
152.75
152.75
152.75
152.75
152.75
152.75
155.0
155.0
157.25
157.25
159.25
159.25
160.5
160.5
161.5
162.5
162.5
162.75
162.75
162.0
162.0
165.5
165.5
167.5
167.5
165.25
165.25
163.25
163.25
161.0
159.0
159.0
157.0
157.0
153.5
153.5
155.5
155.5
156.75
155.25
155.25
155.25
155.0
155.0
158.0
158.5
158.5
158.5
161.75
162.0
162.0
161.5
161.5
162.5
162.5
163.25
163.25
164.0
164.0
164.0
164.25
164.25
165.5
165.5
164.75
164.75
164.75
165.75
165.75
169.0
169.0
172.0
172.0
169.25
169.25
169.5
170.75
170.75
172.0
172.0
173.25
175.5
175.5
176.5
176.5
175.5
175.25
175.25
175.25
177.0
177.75
177.75
177.0
177.0
177.0
177.0
177.5
177.5
176.75
176.75
176.75
177.75
179.25
179.25
180.0
179.75
179.75
177.75
177.75
179.0
179.0
179.5
178.25
178.25
176.25
176.25
175.5
175.5
170.25
166.25
166.25
166.25
162.0
162.0
161.75
161.75
161.75
161.25
161.25
161.25
161.0
161.0
165.0
165.0
166.75
166.75
169.25
169.25
169.5
170.75
170.75
170.75
170.75
174.0
174.0
173.75
173.5
173.5
173.5
172.0
174.75
174.75
174.75
174.0
174.0
175.75
175.75
174.25
174.25
171.0
170.5
170.5
168.0
168.0
168.0
164.5
164.5
162.5
162.5
161.25
161.25
160.0
158.5
158.5
157.0
155.5
155.5
154.5
153.75
153.75
155.0
155.0
155.25
155.25
157.5
157.5
157.75
157.75
157.25
157.25
156.25
156.25
156.25
156.25
157.0
157.0
157.0
157.0
158.75
158.75
159.25
159.25
159.25
156.25
156.25
155.25
153.75
153.75
153.0
150.25
150.25
148.75
148.75
148.5
148.5
148.5
148.0
148.0
146.0
146.25
146.25
147.75
148.0
148.0
148.0
149.0
149.0
149.0
146.75
146.75
146.25
146.75
146.75
146.75
146.5
146.5
146.5
146.25
146.25
146.0
144.75
144.75
143.5
143.5
143.25
143.75
143.75
143.25
143.25
142.75
142.5
142.5
142.0
142.0
141.5
141.5
140.25
140.25
138.75
138.75
137.75
137.25
137.25
136.75
136.75
136.5
136.5
136.0
136.0
136.0
136.0
136.0
136.25
136.5
136.5
137.75
137.75
138.25
138.25
138.25
137.75
137.75
137.5
137.0
137.0
137.0
135.75
135.75
136.0
136.0
136.0
136.75
136.75
137.5
137.5
137.0
136.5
136.5
136.5
136.5
136.25
136.25
135.75
135.75
135.75
136.0
136.0
136.0
136.0
135.75
135.75
135.75
135.75
135.75
136.0
136.0
136.0
136.75
136.75
137.0
137.0
137.0
137.0
137.5
137.5
138.5
138.75
138.75
138.75
138.75
138.75
139.0
139.0
139.0
139.0
139.0
138.75
138.75
137.25
137.25
137.0
137.25
137.25
137.25
137.25
138.0
138.25
138.25
137.5
137.5
137.0
137.0
137.25
138.25
138.25
138.75
138.75
138.75
138.75
138.75
138.25
138.25
137.5
137.5
136.5
135.5
135.5
135.5
135.5
135.5
135.5
135.5
136.25
136.75
136.75
137.75
137.75
138.5
138.5
138.5
139.5
139.5
140.5
140.5
141.25
142.25
142.25
142.5
142.5
142.5
143.75
143.75
143.75
143.25
143.25
140.25
140.0
140.0
140.5
140.5
140.5
140.5
140.25
140.25
140.25
140.25
140.25
141.0
141.5
141.5
140.75
140.75
140.75
139.25
139.25
139.25
137.5
137.5
136.0
136.0
136.0
135.75
135.75
131.0
131.0
131.0
129.5
130.75
130.75
131.5
131.5
133.0
133.0
133.0
137.0
137.0
138.0
138.5
138.5
138.5
139.5
139.5
140.25
141.5
141.5
141.75
141.75
142.0
142.25
142.25
143.25
143.25
143.5
143.5
143.75
144.0
144.0
143.75
143.75
144.25
143.5
143.5
142.5
142.5
140.5
140.5
137.75
137.75
136.25
136.25
134.75
134.75
134.25
134.25
134.5
133.75
133.75
133.25
133.25
132.75
132.75
132.75
133.5
133.5
131.75
131.0
131.0
131.5
131.5
134.25
134.25
135.75
135.75
135.25
135.25
135.25
135.25
136.0
136.0
136.0
136.0
136.0
136.25
136.25
137.0
137.0
137.25
136.75
136.75
135.25
135.25
135.25
130.75
130.75
134.0
135.0
135.0
135.25
135.25
135.25
135.25
135.25
135.0
135.0
135.0
135.0
132.0
132.0
132.25
132.25
132.25
134.5
134.5
133.25
133.25
133.25
134.75
134.75
134.0
134.0
134.0
134.75
134.75
135.75
135.75
136.25
136.25
136.5
137.25
137.25
138.0
138.0
138.75
138.75
138.75
138.75
138.75
139.0
139.0
138.75
138.75
138.0
138.0
138.25
138.75
138.75
137.25
137.25
135.0
135.0
134.75
135.0
135.0
134.5
134.5
135.0
135.0
136.0
135.0
135.0
135.0
135.0
134.75
134.75
135.0
135.0
135.0
135.0
135.0
135.0
135.0
135.0
135.0
135.0
134.75
134.75
134.75
135.5
135.5
135.5
137.0
137.0
137.25
137.25
140.5
140.5
140.5
141.0
141.0
141.0
141.25
141.25
141.25
141.25
142.75
142.75
143.25
143.25
143.25
143.25
141.5
141.5
141.0
141.0
138.75
138.75
138.75
137.0
137.0
137.0
137.0
137.0
136.0
133.75
133.75
130.5
130.5
130.25
130.25
130.25
130.25
130.5
130.5
130.5
133.5
133.5
134.0
134.0
134.0
136.5
136.5
136.5
135.25
135.25
135.25
135.25
136.75
136.75
136.25
136.25
136.0
136.0
134.0
134.0
134.0
135.0
135.0
135.0
132.75
132.75
133.25
133.25
134.25
134.25
135.5
136.0
136.0
136.0
136.0
136.25
136.25
136.25
137.5
137.5
136.25
136.25
135.25
135.25
135.25
134.25
133.25
133.25
133.25
131.5
131.5
131.5
133.25
133.25
135.25
135.25
135.25
135.25
134.0
134.0
133.5
133.5
133.5
135.75
135.75
133.5
133.5
133.5
134.5
134.5
133.0
133.0
132.5
130.5
130.5
130.5
130.25
130.25
130.25
126.25
126.25
126.25
126.5
126.5
126.5
126.5
127.75
127.75
127.75
130.0
130.0
130.0
131.5
131.5
131.5
131.5
131.5
133.0
133.0
133.0
133.0
132.5
132.5
131.5
131.0
131.0
131.0
131.5
131.5
130.5
130.75
130.75
132.5
132.5
134.5
134.5
135.25
136.0
136.0
136.5
136.5
136.5
137.75
137.75
136.25
136.25
136.25
137.25
137.25
135.0
135.0
134.75
134.75
133.75
133.75
133.75
133.5
133.5
133.5
133.5
133.5
133.5
133.5
133.5
133.5
138.0
138.0
141.5
142.0
142.0
143.0
143.0
144.75
145.75
145.75
146.25
146.25
146.75
147.0
147.0
147.75
148.25
148.25
147.75
147.75
147.0
148.75
148.75
148.0
146.25
146.25
146.0
146.0
145.0
145.0
142.5
141.0
141.0
138.75
138.75
137.75
137.75
136.75
135.75
135.75
135.25
135.25
134.25
134.25
133.5
133.5
129.5
129.5
129.5
129.5
130.5
130.5
130.75
130.75
130.5
130.5
130.75
130.75
130.75
130.75
130.25
130.25
130.25
130.25
132.75
132.75
133.75
135.25
135.25
136.75
136.75
136.75
139.25
139.25
139.75
139.75
140.75
140.75
141.75
141.75
141.75
141.75
141.75
140.0
140.0
139.75
137.25
137.25
136.0
136.0
136.0
136.75
136.75
136.75
136.75
136.75
136.5
136.5
136.5
136.25
136.25
136.25
136.5
136.5
136.5
136.5
136.0
136.25
136.25
136.25
136.25
136.25
136.5
136.5
136.5
136.5
137.0
137.0
137.0
137.0
137.0
137.25
137.25
137.5
137.5
137.75
137.75
136.0
133.75
133.75
133.75
133.0
133.0
132.75
132.5
132.5
132.5
132.5
131.75
131.5
131.5
130.25
130.25
130.25
130.25
129.5
129.5
130.25
130.25
130.25
130.25
130.25
130.25
129.75
129.75
129.5
129.5
130.0
132.0
132.0
133.75
133.75
135.75
135.75
138.75
138.75
138.75
139.25
139.25
141.25
141.25
142.5
142.5
143.25
143.25
145.25
145.25
145.25
143.5
143.5
140.0
140.0
140.5
140.5
140.5
140.0
140.0
141.0
141.25
141.25
140.75
140.75
139.25
139.25
137.5
136.5
136.5
136.5
135.75
136.0
136.0
135.75
135.75
135.0
135.0
135.0
135.0
135.0
135.75
135.75
136.5
136.5
137.0
137.0
137.5
137.5
137.5
138.25
138.25
139.0
139.75
139.75
140.25
140.25
140.75
141.75
141.75
142.5
142.5
142.75
143.0
143.0
143.0
143.0
142.25
142.25
141.5
140.25
140.25
139.25
139.25
138.5
138.25
138.25
137.0
137.0
136.5
136.5
135.0
135.0
133.75
134.5
134.5
134.5
137.75
137.75
137.75
138.25
138.75
138.75
139.0
139.0
141.25
141.25
141.75
141.75
141.75
141.75
141.75
141.75
144.25
145.25
145.25
144.5
144.5
144.5
146.0
146.0
146.75
145.75
145.75
145.75
140.75
139.0
139.0
138.25
138.25
138.25
136.25
136.25
135.75
135.75
136.0
136.75
136.75
136.75
137.25
137.25
137.25
136.25
136.75
136.75
137.5
137.5
138.5
138.5
139.25
139.75
139.75
140.5
140.5
141.75
142.5
142.5
142.75
142.75
142.75
142.0
142.0
142.0
142.0
142.25
143.0
143.0
143.0
143.0
141.75
141.5
141.5
140.5
140.5
139.75
139.75
139.0
138.5
138.5
138.5
138.5
139.25
139.25
138.75
138.75
138.0
138.0
138.75
139.0
139.0
139.0
139.75
139.75
140.25
140.25
140.25
139.75
139.75
139.75
139.75
139.75
139.75
139.75
139.25
139.25
139.0
139.0
139.0
139.5
139.5
140.5
140.5
140.5
140.5
140.5
141.25
141.25
141.25
141.75
141.75
141.75
141.75
141.75
141.75
141.75
141.75
141.75
142.0
142.25
142.5
142.75
143.0
143.25
143.5
143.75
144.0
144.25
144.5
144.75
145.0
145.25
145.5
145.75
146.0
146.25
146.5
146.75
147.0
147.0
147.0
148.0
148.0
148.0
151.25
151.25
151.25
153.25
153.5
153.5
156.5
156.5
156.5
156.5
156.5
156.5
156.0
156.0
150.75
150.75
147.75
144.5
144.5
144.5
141.25
141.25
141.25
141.25
141.0
141.0
141.0
141.0
141.32142857142858
141.64285714285714
141.96428571428572
142.28571428571428
142.60714285714286
142.92857142857142
143.25
143.57142857142858
143.89285714285714
144.21428571428572
144.53571428571428
144.85714285714286
145.17857142857142
145.5
145.82142857142858
146.14285714285714
146.46428571428572
146.78571428571428
147.10714285714286
147.42857142857142
147.75
150.5
150.5
151.75
151.75
152.5
152.0
152.0
153.0
153.5
153.5
153.75
153.75
154.0
154.0
154.0
154.0
154.0
154.0
154.0
154.0
154.0
164.75
164.75
165.0
165.0
158.25
158.25
151.5
146.5
146.5
146.5
142.75
142.75
142.5
142.5
142.5
142.5
142.5
142.5
142.41666666666666
142.33333333333334
142.25
142.16666666666666
142.08333333333334
142.0
141.91666666666666
141.83333333333334
141.75
141.66666666666666
141.58333333333334
141.5
141.41666666666666
141.33333333333334
141.25
141.16666666666666
141.08333333333334
141.0
140.91666666666666
140.83333333333334
140.75
140.66666666666666
140.58333333333334
140.5
140.41666666666666
140.33333333333334
140.25
140.16666666666666
140.08333333333334
140.0
139.91666666666666
139.83333333333334
139.75
139.75
139.75
139.25
139.25
139.25
139.25
139.25
139.25
139.25
139.25
139.25
139.25
139.25
138.8125
138.375
137.9375
137.5
137.5
137.5
137.5
139.75
139.75
140.0
140.0
140.0
140.25
140.25
140.25
140.25
140.25
140.25
140.25
140.25
139.8625
139.475
139.0875
138.7
138.3125
137.925
137.5375
137.15
136.7625
136.375
135.9875
135.6
135.2125
134.825
134.4375
134.05
133.6625
133.275
132.8875
132.5
132.1125
131.725
131.3375
130.95
130.5625
130.175
129.7875
129.4
129.0125
128.625
128.2375
127.85
127.4625
127.075
126.6875
126.3
125.9125
125.525
125.1375
124.75
124.75
124.75
124.75
124.75
124.75
124.75
132.0
132.0
132.0
136.75
136.75
137.25
138.5
138.5
139.25
139.25
139.75
139.75
140.0
140.0
140.0
140.0
140.0
140.0
140.0
140.0
140.0
140.0
140.15
140.3
140.45
140.6
140.75
140.75
140.75
135.25
135.25
135.25
133.0
133.0
134.0
134.0
134.25
134.25
134.25
129.0
129.0
132.75
132.75
134.25
134.25
134.25
134.75
134.75
134.75
134.75
134.75
134.75
134.75
156.5
156.5
156.5
156.5
153.0
153.0
152.5
152.5
152.5
152.25
152.25
152.0
151.5
151.5
152.0
152.0
152.25
152.25
152.25
152.25
152.5
152.5
152.5
152.75
152.75
152.75
151.0
151.0
150.0
150.0
150.0
150.5
150.5
147.5
147.0
147.0
148.25
148.25
149.0
149.75
149.75
150.0
150.5
150.5
152.0
152.0
152.5
152.75
152.75
152.0
151.75
151.75
151.25
152.0
152.0
152.5
152.5
151.0
150.75
150.75
151.0
151.0
151.0
151.0
151.0
151.5
151.5
151.5
152.25
152.75
152.75
152.5
152.5
152.25
153.0
153.0
151.75
150.75
150.75
149.75
149.0
149.0
147.5
147.5
146.5
146.5
146.5
146.5
146.5
146.5
146.5
146.5
146.75
146.75
147.0
147.25
147.25
147.5
147.75
147.75
148.0
148.0
148.0
148.0
148.0
148.0
149.25
149.25
149.5
149.5
149.75
149.75
149.75
150.75
150.75
150.75
150.75
150.75
150.75
151.25
151.25
151.0
149.5
149.5
148.75
148.75
148.25
146.75
146.75
146.0
146.0
145.0
143.75
143.75
144.25
144.25
145.0
144.75
144.75
144.75
144.75
144.0
145.0
145.0
145.75
145.75
145.25
145.25
145.25
145.5
145.5
145.75
145.75
145.75
146.25
146.75
146.75
146.5
146.5
147.0
147.75
147.75
148.0
148.0
148.0
147.25
147.25
146.75
147.25
147.25
147.0
147.0
147.0
147.0
147.0
146.75
146.75
146.25
145.0
145.0
145.0
145.0
145.0
146.5
146.5
146.5
146.0
146.0
146.0
146.0
146.25
147.0
147.0
147.5
147.5
147.75
148.0
148.0
149.0
149.5
149.5
149.75
149.75
149.75
149.75
150.0
150.0
149.25
149.25
149.25
149.5
148.75
148.75
148.5
148.5
144.25
144.25
145.0
145.0
146.0
146.25
146.25
146.5
146.5
147.25
147.5
147.5
147.5
146.5
146.5
146.75
146.75
148.5
149.75
149.75
148.75
148.75
148.5
148.5
145.25
145.25
146.5
146.5
147.0
147.0
147.25
147.5
147.5
147.75
147.75
146.25
146.25
146.25
146.25
146.25
145.0
144.0
144.0
144.0
143.0
143.0
143.25
143.25
143.25
143.25
143.0
143.0
143.0
143.0
143.0
143.75
144.25
144.25
143.75
143.75
143.25
143.25
144.5
144.5
145.0
145.0
145.0
145.5
145.5
145.5
145.5
144.25
144.25
146.0
146.0
148.0
148.0
147.25
147.25
146.5
146.5
146.25
145.75
145.75
146.25
146.25
146.25
146.25
146.25
145.75
145.75
148.0
147.75
147.75
146.25
146.25
146.25
147.5
147.5
147.5
147.25
147.25
147.5
147.5
147.5
147.5
147.5
146.5
146.5
145.5
146.25
146.25
146.25
142.5
142.5
142.5
141.75
141.75
145.25
145.25
146.25
146.25
147.5
147.75
147.75
147.75
147.75
147.75
148.0
148.0
148.25
147.75
147.75
147.75
147.75
147.75
145.5
145.5
144.0
144.0
143.25
142.75
142.75
142.75
143.75
143.75
144.0
144.0
144.0
144.0
144.0
144.25
144.25
143.75
143.75
144.0
144.0
144.0
144.25
144.25
144.75
145.25
145.25
145.75
145.75
146.0
146.0
146.0
145.75
145.75
145.75
146.0
146.0
146.5
145.0
145.0
144.75
144.75
145.0
145.0
145.25
145.25
145.25
144.0
144.25
144.25
144.25
147.0
147.0
147.0
147.0
147.0
146.5
146.5
147.0
147.0
147.5
147.5
145.0
145.0
145.0
145.0
144.0
144.0
144.0
144.0
144.0
142.25
142.25
142.0
143.0
143.0
144.0
144.0
144.25
144.75
144.75
145.25
145.25
145.25
144.75
144.75
144.75
144.75
144.75
144.75
144.75
145.0
145.0
145.25
145.5
145.5
145.25
145.25
147.5
147.0
147.0
146.0
146.0
145.0
145.0
145.0
141.75
141.75
142.5
142.25
142.25
142.75
142.75
143.0
141.25
141.25
140.25
140.25
142.0
142.5
142.5
144.0
144.0
145.0
147.75
147.75
147.75
146.0
146.0
143.5
143.5
142.0
142.0
140.5
140.25
140.25
141.0
141.0
139.0
139.0
138.0
138.0
138.0
137.75
137.75
137.75
137.75
137.75
137.75
138.0
138.0
139.5
141.0
141.0
141.25
141.25
141.25
143.5
143.75
143.75
144.0
144.0
143.75
143.5
143.5
143.5
143.5
143.5
142.25
142.25
142.25
142.25
142.0
142.0
141.0
141.0
141.0
141.0
141.0
146.25
146.25
144.75
144.75
144.75
143.25
143.5
143.5
143.75
143.75
144.0
144.0
144.0
144.25
144.25
143.5
142.75
142.75
142.75
142.5
142.5
139.75
139.75
140.25
140.25
140.25
140.75
140.75
140.75
140.75
140.75
143.0
143.0
143.0
143.0
143.0
143.25
143.25
143.25
144.5
144.5
144.5
144.25
144.25
144.25
143.5
144.0
144.0
144.5
144.5
143.25
143.75
143.75
143.5
143.5
144.0
145.0
145.0
145.0
145.0
145.0
145.0
144.0
142.25
142.25
142.25
142.25
142.25
141.75
141.75
141.75
141.75
141.25
141.0
141.0
141.25
141.25
141.25
141.25
141.25
142.25
142.25
143.0
142.25
142.25
142.25
144.5
144.5
144.5
144.75
144.75
144.75
142.25
142.25
142.25
143.75
143.75
141.75
141.75
141.75
142.75
142.75
142.75
141.5
141.5
140.75
140.75
140.75
140.75
141.25
142.0
142.0
142.25
142.25
142.0
142.0
142.0
143.75
143.75
143.0
143.0
143.0
143.5
143.5
143.5
143.75
143.75
143.75
143.75
143.75
143.75
143.75
143.75
143.75
144.75
144.75
144.75
144.75
144.75
144.75
144.75
144.75
144.75
144.75
144.25
143.75
143.75
143.75
143.0
143.0
146.5
146.5
146.5
147.0
147.0
146.0
146.0
145.0
145.0
145.0
148.75
148.75
147.0
146.5
146.5
149.25
149.25
147.5
146.5
146.5
148.0
148.0
148.5
148.75
148.75
148.75
149.0
149.0
146.5
146.5
146.5
146.5
146.5
146.5
146.5
146.5
146.5
146.5
146.5
148.0
148.0
148.0
148.0
149.75
151.0
151.0
151.0
151.5
151.5
150.25
150.25
147.75
147.75
146.25
146.25
146.25
146.25
146.25
146.25
146.25
146.25
146.25
146.25
144.75
143.25
141.75
141.75
141.75
141.75
141.75
141.75
141.75
144.75
144.75
146.5
146.5
146.5
146.5
141.25
141.25
140.5
140.5
141.25
141.25
142.25
142.25
142.25
142.5
142.5
142.5
142.5
142.5
142.5
142.5
142.5
144.25
144.25
147.5
146.0
146.0
146.0
145.5
145.5
145.5
145.5
145.5
145.5
150.5
150.5
150.5
150.5
150.5
149.0
149.0
149.0
149.0
149.0
145.75
144.75
144.75
144.75
144.75
144.75
144.75
144.75
144.75
144.75
144.75
144.25
144.25
145.0
145.0
146.0
147.5
147.5
148.25
146.5
146.5
145.5
145.5
145.5
146.0
146.0
145.5
145.5
145.0
145.5
145.5
145.5
146.0
146.0
144.5
144.5
146.0
146.0
146.0
147.5
147.5
147.0
147.0
147.0
142.0
142.0
145.75
145.75
145.5
146.75
146.75
148.25
147.5
147.5
146.75
146.75
145.25
144.5
144.5
144.5
144.25
144.25
143.5
143.5
142.75
142.75
142.0
141.0
141.0
140.25
140.25
140.25
140.0
140.0
140.5
140.5
141.25
141.25
140.5
140.5
140.5
138.75
138.75
139.25
139.25
140.0
142.0
142.0
142.75
142.75
143.5
144.5
144.5
144.75
144.75
145.25
145.25
145.25
145.25
145.25
145.25
145.25
145.25
145.25
145.25
144.84375
144.4375
144.03125
143.625
143.21875
142.8125
142.40625
142.0
142.0
143.25
143.25
143.75
143.75
144.0
144.0
144.0
144.0
144.0
144.5
144.5
144.75
144.75
144.25
144.25
145.75
145.75
145.25
145.25
145.25
145.0
145.0
145.0
145.0
145.0
145.0
145.0
145.0
145.0
145.0
145.0
145.0
139.625
134.25
134.25
133.5
133.5
132.75
132.75
132.75
134.75
134.75
135.5
137.25
137.25
139.25
139.25
140.25
142.25
142.25
143.25
143.25
144.0
144.0
145.5
145.5
145.5
144.75
144.25
144.25
143.75
143.75
144.0
144.0
143.0
142.0
142.0
141.0
141.0
140.5
139.75
139.75
140.25
140.25
140.75
141.0
141.0
141.25
141.25
142.5
141.5
141.5
141.25
141.25
141.25
141.25
141.75
142.25
142.25
142.25
142.25
142.25
142.75
142.75
142.75
142.75
142.5
142.25
142.25
142.25
142.25
142.25
142.25
142.25
142.25
142.25
142.5
142.75
142.75
143.25
143.25
143.5
144.0
144.0
144.25
144.25
144.25
144.0
144.0
142.75
142.75
141.75
141.75
140.75
139.5
139.5
136.5
136.5
136.75
136.75
138.25
140.0
140.0
140.5
140.5
138.25
139.25
139.25
141.25
141.25
142.25
141.75
141.75
142.5
142.5
143.0
142.75
142.75
142.5
142.5
141.75
143.25
143.25
143.25
143.25
143.25
143.25
143.25
143.5
143.5
143.5
141.5
141.5
142.25
142.25
141.75
141.75
141.25
141.25
141.25
141.25
139.75
139.75
138.25
138.25
138.75
138.75
139.0
139.0
139.0
139.0
139.0
139.0
139.0
139.0
139.0
139.0
141.0
141.0
139.0
139.0
139.0
139.0
139.5
139.5
139.5
140.0
140.0
140.0
140.0
140.0
140.0
140.0
139.75
139.75
137.25
139.5
139.5
138.25
138.25
136.75
136.75
136.75
136.5
136.5
136.5
136.5
137.25
138.5
138.5
138.5
138.5
138.5
138.5
138.5
138.75
138.75
138.5
138.5
138.0
138.0
138.5
138.5
138.5
138.5
139.25
139.25
139.5
139.5
139.5
139.5
139.5
139.5
139.5
143.75
143.75
143.75
144.5
144.5
145.25
145.25
144.5
144.5
143.5
143.25
143.25
143.75
143.75
143.25
143.25
143.0
143.0
143.0
143.0
142.5
142.5
143.75
143.75
143.25
143.0
143.0
143.0
145.5
145.5
145.25
145.25
145.25
145.75
145.75
145.75
145.75
146.0
146.0
146.0
146.5
146.5
146.5
146.5
141.25
141.25
141.25
141.25
141.25
141.25
141.25
141.25
141.25
141.25
144.75
144.75
144.75
144.5
144.5
142.75
142.75
142.75
142.75
142.75
142.75
142.75
142.75
143.5
143.5
143.5
144.25
144.25
139.5
139.5
139.5
137.5
137.5
137.5
137.5
137.5
137.5
137.5
137.5
137.5
137.57692307692307
137.65384615384616
137.73076923076923
137.80769230769232
137.8846153846154
137.96153846153845
138.03846153846155
138.1153846153846
138.19230769230768
138.26923076923077
138.34615384615384
138.42307692307693
138.5
138.5
138.5
139.25
139.25
139.25
138.5
138.5
138.5
138.5
138.5
141.0
140.0
140.0
140.0
139.25
139.25
138.75
138.75
141.25
142.0
142.0
141.25
141.25
142.0
142.5
142.5
143.0
143.0
144.0
144.75
144.75
145.75
145.75
146.25
146.25
146.5
146.5
146.5
146.0
146.0
144.0
144.0
144.0
143.0
143.0
143.0
143.0
143.0
143.0
142.5
142.5
142.5
142.5
142.0
142.25
142.25
142.75
142.75
142.75
141.0
141.0
139.25
139.25
138.5
138.5
140.5
141.0
141.0
141.0
141.25
141.25
141.5
141.5
140.5
140.5
140.25
140.5
140.5
139.5
139.5
140.5
140.5
140.5
140.75
140.75
140.0
140.0
139.25
139.25
138.5
138.5
136.5
136.5
136.5
136.5
136.5
136.5
136.5
136.5
139.0
139.0
139.0
139.0
139.0
140.25
140.25
139.25
139.25
139.25
137.75
137.75
138.25
138.25
131.75
133.5
133.5
135.75
135.75
135.75
136.0
136.0
136.5
136.5
137.75
137.75
137.75
139.25
139.25
139.0
139.0
139.0
139.0
139.5
141.0
141.0
141.0
141.0
141.0
140.5
140.5
141.25
141.25
141.25
141.75
141.75
142.0
142.0
142.0
142.0
142.0
142.25
142.25
141.75
141.75
142.0
142.0
142.0
142.0
142.0
142.0
140.75
140.75
139.25
139.25
138.75
140.75
140.75
141.5
141.5
140.0
140.0
139.25
139.0
139.0
139.0
139.0
140.25
141.0
141.0
142.0
142.0
142.25
143.5
143.5
143.75
143.75
143.0
142.0
142.0
139.75
139.75
139.75
139.75
139.75
139.75
139.75
140.0
140.0
140.5
140.5
140.0
140.0
140.0
140.75
140.75
141.0
141.25
141.25
141.25
140.5
140.5
139.75
139.75
139.75
139.5
139.5
139.5
139.75
140.0
140.0
141.25
141.25
142.5
142.5
142.5
142.0
142.0
141.0
140.0
140.0
139.25
139.25
139.25
139.25
139.25
138.5
138.5
138.0
138.0
137.75
137.75
138.25
138.75
138.75
138.75
141.0
141.0
141.0
141.25
141.25
141.25
142.0
140.0
140.0
140.25
140.25
140.75
140.75
140.5
139.75
139.75
139.5
139.5
139.25
139.25
139.25
138.5
138.5
138.5
136.5
136.5
137.0
137.0
137.0
137.0
137.5
137.5
137.5
138.0
138.0
137.5
137.5
137.5
140.0
140.0
138.5
138.5
138.5
139.0
139.0
139.25
139.25
139.75
139.75
139.75
139.75
139.5
139.5
139.5
140.0
140.0
140.0
140.0
140.0
140.0
140.0
138.75
138.75
137.75
137.75
136.5
136.5
136.5
137.25
137.25
137.0
136.5
136.5
136.5
136.5
135.5
135.5
136.25
136.25
136.25
136.25
136.25
135.0
135.0
135.25
135.0
135.0
135.25
135.25
135.75
135.75
136.0
136.0
135.25
136.0
136.0
136.75
136.75
136.25
135.75
135.75
135.75
135.75
135.5
135.5
134.25
134.25
133.5
131.75
131.75
131.75
131.75
133.75
133.75
132.25
132.25
132.25
136.0
136.0
136.0
136.0
135.25
135.25
136.25
136.25
136.25
136.0
136.0
137.0
137.0
137.0
137.0
136.0
136.0
135.25
134.0
134.0
132.5
132.5
132.0
132.0
132.0
132.0
132.0
132.0
131.75
131.75
131.75
133.0
133.0
131.5
131.5
130.0
130.0
129.0
129.0
129.25
129.25
129.75
130.0
130.0
131.0
131.0
132.25
132.25
133.0
133.25
133.25
133.25
133.25
132.5
132.5
132.75
132.75
132.5
132.0
132.0
132.0
132.0
134.0
134.75
134.75
135.0
135.0
134.25
134.25
134.0
134.0
134.25
134.25
134.25
133.25
133.25
133.0
133.0
134.0
134.0
133.75
133.75
133.75
134.25
134.25
134.25
133.0
133.0
133.0
133.0
134.5
134.5
134.25
134.25
134.25
134.25
134.75
134.75
134.5
134.5
134.5
134.5
134.5
133.25
133.25
132.75
132.75
132.75
133.25
133.25
131.5
131.5
131.5
130.75
130.75
131.0
131.0
131.0
132.5
133.0
133.0
133.75
133.75
135.0
135.0
135.75
136.5
136.5
136.75
136.75
137.0
137.0
137.0
134.75
134.75
133.0
133.0
132.25
132.25
128.75
128.75
128.5
128.5
128.5
127.75
127.75
128.0
128.0
128.0
128.0
129.25
129.25
129.25
129.25
133.0
133.0
131.25
131.25
130.25
130.25
128.0
128.0
128.0
130.25
130.25
130.25
130.25
128.0
128.0
128.0
128.0
134.5
135.0
135.0
135.25
135.25
132.75
132.75
132.75
132.0
132.0
132.0
132.0
132.0
132.0
132.0
132.453125
132.90625
133.359375
133.8125
134.265625
134.71875
135.171875
135.625
136.078125
136.53125
136.984375
137.4375
137.890625
138.34375
138.796875
139.25
139.25
138.75
138.75
135.75
135.75
135.75
135.75
135.75
136.25
136.25
135.5
135.5
136.25
136.25
136.25
138.75
138.75
138.75
139.5
139.5
141.0
141.0
140.75
140.75
141.25
141.25
138.75
138.75
138.75
140.5
140.5
140.75
142.5
142.5
142.75
142.75
142.75
147.0
147.0
147.25
147.5
147.5
147.75
149.0
149.0
149.75
149.75
151.25
152.5
152.5
153.25
154.25
154.25
154.75
154.25
154.25
153.75
153.75
152.0
152.0
148.0
142.25
142.25
143.25
143.25
143.25
144.0
144.0
144.0
144.0
144.0
144.0
143.14285714285714
142.28571428571428
141.42857142857142
140.57142857142858
139.71428571428572
138.85714285714286
138.0
138.5
138.5
138.5
138.5
137.75
137.75
138.5
138.75
138.75
139.5
139.5
141.75
144.25
144.25
144.75
144.75
147.5
147.5
147.5
151.5
151.5
151.5
154.75
154.75
156.5
156.5
156.75
156.75
158.75
160.5
160.5
161.75
161.75
163.75
163.75
164.5
164.5
165.25
164.0
164.0
163.5
164.75
164.75
167.0
167.0
166.5
166.5
166.25
166.25
166.25
166.25
166.25
166.25
165.5
165.5
165.75
165.75
165.5
165.5
166.25
166.25
167.0
167.0
169.0
169.0
168.0
168.0
167.75
167.75
167.75
169.25
169.25
169.25
169.25
169.25
169.25
169.25
169.25
169.5
169.5
170.0
170.0
167.75
167.75
167.25
167.25
169.25
169.25
167.75
167.75
159.25
161.0
161.0
162.0
162.0
162.25
162.25
162.5
162.5
162.5
161.0
161.0
161.0
161.0
161.0
161.0
161.0
161.0
161.0
161.0
154.0
154.0
152.0
152.75
152.75
153.5
153.5
153.75
156.0
156.0
156.0
157.75
157.75
160.0
160.0
168.0
168.0
167.75
167.75
166.75
166.75
166.0
167.5
167.5
168.5
168.5
169.75
169.75
171.0
171.0
172.5
172.5
173.0
173.0
173.5
173.5
170.5
170.5
167.25
167.25
166.0
163.75
163.75
163.25
163.25
160.75
160.75
156.5
153.0
153.0
149.0
149.0
143.5
143.5
139.25
137.0
137.0
136.25
136.25
136.25
136.25
136.75
138.25
138.25
139.75
139.75
141.25
144.0
144.0
145.25
145.25
147.25
149.25
149.25
150.0
153.25
153.25
155.0
157.25
157.25
159.25
159.25
161.75
161.75
163.75
163.75
165.75
165.75
166.5
166.5
166.5
166.5
166.5
165.0
164.5
164.5
163.0
163.0
161.75
160.5
160.5
157.25
157.25
156.5
156.5
156.0
156.0
156.0
156.0
155.5
155.5
155.75
156.0
156.0
156.0
156.5
156.5
156.75
156.75
157.25
157.25
157.25
157.25
157.5
157.5
158.0
158.5
158.5
159.0
159.0
159.0
158.0
157.5
157.5
156.5
155.75
155.75
154.75
153.25
153.25
152.5
152.5
152.0
151.25
151.25
151.0
150.25
150.25
149.75
149.75
149.75
151.0
151.0
150.75
152.0
152.0
153.0
153.75
153.75
154.0
153.5
153.5
152.5
152.5
151.25
150.5
150.5
150.0
150.0
147.5
146.0
146.0
144.5
144.5
143.25
142.5
142.5
142.5
142.5
142.0
141.75
141.75
143.0
143.0
143.25
143.0
143.0
142.0
142.0
141.5
140.75
140.75
141.25
141.25
142.0
142.0
141.0
141.0
141.0
141.0
141.0
141.0
140.0
140.0
138.5
138.5
136.5
136.5
133.5
133.5
131.0
131.0
129.25
129.25
127.25
127.25
127.25
127.5
127.5
129.5
129.5
130.75
130.75
130.75
130.75
127.25
127.25
128.0
128.0
128.0
126.75
126.75
124.5
124.5
127.0
127.0
129.75
129.75
133.0
133.0
136.75
141.0
141.0
143.75
145.75
145.75
145.75
149.75
149.75
151.5
153.5
153.5
154.5
155.75
155.75
156.5
157.0
157.0
157.75
158.75
158.75
159.75
160.25
160.25
160.25
161.75
161.75
162.0
162.0
161.5
161.5
161.5
161.5
162.25
161.25
161.25
160.75
159.75
159.75
159.75
161.75
161.75
162.25
158.5
158.5
156.75
156.75
154.5
152.75
152.75
150.0
150.0
148.5
148.5
148.0
148.0
147.75
147.75
147.75
147.75
147.75
140.5
140.5
139.0
138.0
138.0
137.5
137.5
145.25
145.25
136.25
136.25
127.75
127.75
125.75
128.5
128.5
129.25
129.25
129.25
129.5
129.5
129.5
129.5
131.75
131.75
131.75
147.0
147.0
150.0
156.25
156.25
158.0
159.5
159.5
159.5
159.5
161.5
161.5
165.75
165.75
170.25
170.25
171.25
171.25
173.75
173.75
177.25
177.25
176.25
176.25
178.5
179.5
179.5
183.25
183.25
185.25
185.25
185.5
185.5
189.75
191.0
191.0
191.75
191.75
192.75
192.75
191.25
190.5
190.5
189.5
190.25
190.25
191.25
191.25
192.0
192.0
192.0
192.0
192.0
192.0
192.0
192.0
192.75
192.75
192.75
192.75
193.25
193.0
193.0
191.75
191.0
191.0
191.5
191.5
193.0
193.25
193.25
193.5
193.5
194.5
196.0
196.0
197.0
197.0
197.0
196.0
196.0
197.5
197.5
198.25
198.75
198.75
196.25
196.25
196.0
195.75
195.75
195.75
195.75
195.75
195.75
190.0
190.0
188.5
188.5
188.0
188.0
187.0
187.0
185.25
185.0
185.0
185.5
185.5
184.5
184.0
184.0
183.25
183.25
183.0
183.0
182.25
182.25
182.0
182.0
182.75
182.75
181.25
181.25
181.25
181.75
181.75
182.5
183.5
183.5
183.75
183.75
184.0
184.5
184.5
185.75
185.75
185.75
185.75
187.25
187.5
187.5
188.25
188.25
188.75
188.25
188.25
188.75
188.75
186.25
187.75
187.75
190.5
190.5
191.25
190.5
190.5
191.5
191.5
192.25
192.25
193.25
193.25
193.25
193.25
193.25
193.25
192.5
192.5
192.0
192.0
192.0
191.0
191.0
190.0
190.25
190.25
188.5
188.5
187.75
187.75
187.75
187.75
187.75
187.75
187.75
187.75
187.75
187.75
181.0
174.25
174.25
174.25
174.25
174.25
174.25
174.25
171.75
171.25
171.25
171.25
169.75
169.0
169.0
169.0
167.75
167.75
167.75
167.75
165.5
165.5
165.5
165.5
167.75
167.75
169.25
169.25
168.5
170.5
170.5
170.5
171.5
171.75
171.75
172.75
172.75
172.75
172.75
174.5
174.5
172.5
172.5
170.75
170.75
171.5
171.5
171.5
171.0
171.0
171.0
171.0
168.75
168.75
169.5
169.5
170.0
170.0
168.75
168.75
169.5
169.5
170.25
170.25
170.5
170.5
173.0
173.0
173.5
173.5
173.5
173.5
172.75
172.75
172.75
172.75
172.75
172.75
172.75
172.75
172.75
172.75
169.5
169.5
169.5
172.5
172.5
173.25
173.25
174.0
174.0
173.0
171.75
171.75
171.0
171.0
167.75
167.75
166.25
166.25
164.75
164.75
164.75
164.75
164.75
164.75
164.75
164.75
164.75
157.75
157.75
152.25
149.5
149.5
149.5
147.5
147.5
147.5
147.5
147.5
146.75
146.75
147.75
147.75
150.5
150.5
153.0
153.0
156.75
157.25
157.25
159.75
159.75
159.75
157.75
157.75
162.5
162.5
164.25
164.25
164.25
164.25
164.5
164.5
164.5
164.5
164.0
164.0
162.75
162.75
160.75
160.75
160.25
160.25
160.25
160.0
160.0
158.75
159.25
159.25
159.25
158.0
158.25
158.25
157.25
156.0
156.0
155.75
155.75
153.5
153.5
153.5
153.5
151.75
151.75
151.25
151.25
149.5
149.5
149.5
148.0
147.25
147.25
146.75
146.25
146.25
145.5
145.5
145.0
145.5
145.5
145.5
145.5
145.25
145.75
145.75
146.5
146.5
146.5
147.75
147.75
149.0
149.75
149.75
150.75
150.75
150.75
150.0
150.0
150.5
150.5
150.5
150.5
150.5
147.75
146.0
146.0
145.0
145.0
143.75
143.25
143.25
143.25
146.25
146.25
147.5
147.5
147.5
148.75
148.75
149.0
149.0
147.75
146.5
146.5
146.5
143.25
143.25
144.5
144.5
146.25
146.25
147.75
149.5
149.5
150.75
151.0
151.0
150.5
150.5
149.25
146.25
146.25
144.0
144.0
141.75
141.75
138.75
138.75
138.75
136.25
136.25
136.25
136.25
135.5
135.0
135.0
134.75
134.75
135.0
135.0
134.75
134.75
134.75
135.0
135.0
136.0
136.0
136.25
136.0
136.0
136.5
136.5
136.5
136.75
136.75
136.75
139.0
139.75
139.75
140.5
141.75
141.75
143.25
143.25
144.25
144.0
144.0
145.75
145.75
146.75
147.75
147.75
149.0
149.25
149.25
150.0
150.0
150.5
150.5
150.5
150.5
150.0
150.0
150.25
150.25
150.25
150.75
150.75
151.25
151.75
151.75
152.75
153.0
153.0
152.0
152.0
150.75
147.75
147.75
146.5
146.5
146.5
141.5
141.5
140.25
140.25
140.0
140.0
140.0
139.75
139.75
138.5
138.5
138.5
138.5
138.5
137.5
137.5
136.0
136.0
138.25
138.5
138.5
139.25
139.25
139.0
139.0
138.75
139.5
139.5
140.0
140.0
140.25
140.75
140.75
140.25
140.25
140.25
139.5
139.5
139.5
136.0
136.0
136.0
135.25
135.25
135.25
136.5
136.5
136.75
136.75
137.0
137.0
137.5
137.5
137.5
137.5
137.5
138.25
139.25
139.25
141.0
141.0
142.25
142.5
142.5
142.5
142.0
142.0
142.0
141.75
142.25
142.25
141.75
141.75
140.0
139.5
139.5
138.25
138.25
137.5
137.5
136.75
136.25
136.25
136.25
136.25
132.75
132.75
131.0
131.0
129.75
129.75
129.75
131.5
131.5
131.5
131.5
131.5
131.5
134.5
134.5
135.0
135.75
135.75
138.0
138.0
138.0
137.75
137.75
138.25
138.25
137.0
137.0
136.5
137.0
137.0
137.5
137.5
137.5
137.5
135.5
135.5
135.5
134.0
134.0
134.75
134.75
134.75
135.5
135.5
136.0
136.0
134.25
134.25
133.5
133.5
134.0
134.0
134.0
136.0
136.0
136.25
136.25
136.75
136.75
136.75
138.25
138.25
140.5
142.0
142.0
142.0
142.0
140.0
140.0
140.0
138.75
138.75
139.5
139.5
139.75
139.75
139.5
139.5
139.5
137.75
137.75
137.75
134.25
134.25
134.0
134.0
137.5
137.5
138.0
138.0
138.0
137.75
137.75
138.0
138.0
137.75
140.0
140.0
140.0
133.75
133.75
133.75
133.75
133.0
133.0
133.0
129.5
129.5
129.5
133.5
133.5
133.5
133.75
133.75
133.75
136.25
136.25
135.5
135.5
135.5
137.25
137.25
137.25
138.0
138.0
138.0
138.0
138.0
138.0
138.0
138.75
138.75
138.0
138.0
137.5
137.5
137.0
137.0
137.0
135.0
135.0
135.0
135.0
135.0
135.0
135.0
135.0
135.0
135.0
135.0
135.0
135.0
140.75
140.75
145.5
145.5
143.25
143.25
144.5
144.5
144.75
145.0
145.0
145.0
145.0
145.0
148.5
148.5
149.25
149.25
149.75
149.75
149.75
149.75
149.75
149.75
149.75
149.75
147.83333333333334
145.91666666666666
144.0
144.0
144.0
144.0
147.5
147.5
149.0
149.5
149.5
149.5
149.75
149.75
153.5
153.5
153.75
155.25
155.25
156.5
156.75
156.75
157.25
158.5
158.5
159.5
159.25
159.25
157.0
157.0
157.0
156.75
156.75
153.75
153.75
152.25
152.25
152.25
152.25
152.25
152.25
152.25
152.25
152.25
152.25
146.13636363636363
140.02272727272728
133.9090909090909
127.79545454545455
121.68181818181819
115.56818181818181
109.45454545454545
103.3409090909091
97.22727272727273
91.11363636363637
85.0
85.0
85.0
93.0
93.0
94.25
94.25
94.25
94.25
94.25
94.5
94.5
94.5
83.5
83.5
84.0
84.0
84.0
84.0
84.0
84.0
84.0
86.75
86.75
85.75
85.75
85.0
85.0
85.0
85.0
85.0
85.0
85.0
85.0
97.0
97.0
97.0
97.0
97.0
98.25
98.25
98.25
98.25
98.25
106.0
106.0
110.25
110.25
110.25
108.0
108.0
116.25
116.25
116.25
116.25
121.0
121.0
126.0
126.0
126.0
129.0
129.0
131.5
131.5
131.5
131.5
134.25
134.25
135.75
136.75
136.75
139.75
139.75
141.5
142.25
142.25
143.0
143.0
142.5
142.5
142.0
142.0
139.5
139.5
139.25
139.25
139.25
135.75
134.75
134.75
136.0
136.0
136.75
137.5
137.5
138.5
138.5
139.25
139.25
139.25
140.0
140.0
136.75
136.75
136.75
134.0
134.0
134.0
132.5
132.5
132.5
132.25
132.25
131.5
131.5
131.75
131.75
129.25
129.25
129.5
130.75
130.75
130.75
130.75
125.25
125.25
122.5
122.5
122.5
122.5
122.25
122.25
121.5
121.5
119.25
119.25
119.0
119.0
121.0
121.0
122.25
122.25
124.25
124.25
125.75
125.75
125.75
129.25
129.25
129.25
127.75
127.75
126.5
126.5
126.5
126.5
126.5
126.5
132.0
132.0
132.0
132.0
132.0
132.25
132.25
132.5
132.5
131.75
131.0
131.0
130.0
130.0
130.0
129.25
129.25
128.75
128.75
127.0
127.0
125.25
125.25
124.25
124.25
124.5
124.5
125.0
125.0
129.25
129.25
130.75
130.75
130.75
130.25
130.25
130.25
128.5
128.5
128.5
126.75
126.75
126.75
125.25
125.0
125.0
124.25
124.25
124.25
124.25
125.0
125.0
125.75
125.75
125.75
130.0
130.0
133.25
133.25
134.25
134.25
134.25
138.5
138.5
141.25
141.25
143.25
143.75
143.75
144.75
144.75
145.0
144.75
144.75
142.25
142.25
139.0
139.0
139.0
136.25
136.25
136.25
127.25
127.25
127.25
127.25
121.0
121.0
120.5
120.5
119.5
119.5
119.5
119.5
119.5
117.5
117.5
117.0
117.0
119.25
119.25
119.25
119.25
121.25
121.25
121.25
121.25
119.75
119.75
119.5
119.5
119.5
119.5
122.0
122.0
122.0
121.5
121.5
121.5
122.0
122.0
122.5
122.5
122.5
123.75
123.75
122.75
122.75
122.5
122.5
122.75
122.75
122.0
122.0
121.75
121.75
121.75
121.75
122.5
122.5
122.5
122.5
124.5
124.5
124.75
124.75
126.0
126.0
126.0
126.0
126.0
126.0
124.75
123.5
123.5
123.5
121.5
121.5
121.5
123.5
123.5
124.0
124.0
125.75
125.75
125.75
125.75
127.75
127.75
127.75
127.75
126.25
126.25
123.75
123.75
122.25
122.25
122.25
122.25
119.5
119.5
120.25
120.25
120.5
120.5
121.0
121.0
120.75
120.75
119.5
119.5
117.5
117.5
117.25
117.25
119.5
119.5
121.0
121.0
122.0
122.0
122.0
122.75
122.75
122.75
123.5
123.5
123.75
123.75
125.5
125.5
126.5
126.75
126.75
127.0
127.0
127.0
127.0
128.25
128.25
129.0
129.0
128.5
128.5
127.0
127.0
125.75
125.75
125.0
123.5
123.5
123.5
123.25
123.25
123.25
123.0
123.0
123.0
123.0
123.25
123.25
123.75
123.75
124.0
124.0
123.75
124.5
124.5
124.5
124.75
124.75
124.75
124.75
124.75
124.75
124.0
124.0
123.75
123.75
123.75
123.75
123.75
122.25
122.25
122.25
122.25
122.5
122.5
122.75
122.75
124.0
124.0
125.5
125.5
125.5
125.5
125.5
125.5
123.75
123.75
123.75
123.75
123.75
123.75
122.0
122.0
122.5
122.5
122.0
122.0
121.25
121.25
121.75
121.75
122.5
122.5
122.75
122.75
122.75
124.25
124.25
124.25
123.75
123.75
123.75
123.75
123.75
123.75
123.75
123.25
123.25
125.0
125.0
128.25
128.25
131.0
131.0
132.0
131.25
131.25
131.25
131.25
130.0
130.0
129.75
129.75
129.75
128.0
128.0
127.0
127.0
127.75
127.75
128.5
128.5
127.75
127.75
127.0
127.0
127.0
127.0
127.0
127.0
125.75
125.75
125.75
123.0
123.0
123.0
124.25
124.5
124.5
125.25
125.25
125.25
125.25
125.75
125.75
125.75
125.75
125.0
125.0
125.25
125.25
125.5
125.5
125.5
125.5
125.25
125.0
125.0
125.0
124.75
124.75
124.75
125.5
125.5
125.5
125.5
126.0
126.0
126.5
126.5
126.5
125.5
125.5
125.5
125.5
125.5
125.75
126.0
126.0
127.75
127.75
129.5
129.5
130.0
130.0
130.0
130.0
129.75
129.75
129.5
129.75
129.75
129.75
129.75
128.25
128.25
127.5
127.5
127.25
127.25
126.25
126.25
125.75
125.75
123.75
123.75
123.25
122.75
122.75
122.75
122.5
122.5
122.75
124.75
124.75
126.25
126.25
127.0
127.0
127.5
127.5
128.25
128.25
129.0
129.0
129.25
129.25
129.25
129.75
129.75
128.75
128.75
128.25
128.25
128.25
128.25
131.25
131.25
131.5
131.5
131.5
131.0
131.0
131.0
131.0
131.25
131.25
130.5
130.5
130.0
129.25
129.25
129.25
129.25
129.0
129.0
128.75
128.75
127.25
127.25
126.75
126.75
126.5
126.5
125.5
125.25
125.25
125.75
125.75
125.75
125.75
125.25
125.25
124.25
124.25
122.75
122.75
122.5
122.5
121.75
121.75
121.0
121.0
121.25
121.25
121.75
121.75
122.0
122.0
122.25
122.25
121.0
121.0
122.5
122.5
124.5
124.5
125.75
125.75
126.0
126.0
126.25
126.0
126.0
125.5
125.5
124.75
124.75
123.5
123.5
123.5
123.5
123.5
123.5
123.5
123.5
123.5
123.5
123.5
123.5
124.0
124.0
124.0
124.0
124.0
124.0
124.0
124.0
124.0
124.05357142857143
124.10714285714286
124.16071428571429
124.21428571428571
124.26785714285714
124.32142857142857
124.375
124.42857142857143
124.48214285714286
124.53571428571429
124.58928571428571
124.64285714285714
124.69642857142857
124.75
124.75
124.75
124.75
124.5
124.5
124.5
124.5
125.5
125.5
125.5
125.5
125.5
124.75
124.75
124.75
124.75
124.75
124.75
120.75
120.75
120.0
120.0
124.0
124.0
124.5
124.5
124.75
124.75
124.75
124.75
124.75
124.75
124.75
124.75
124.75
124.98484848484848
125.21969696969697
125.45454545454545
125.68939393939394
125.92424242424242
126.1590909090909
126.39393939393939
126.62878787878788
126.86363636363636
127.09848484848484
127.33333333333333
127.56818181818181
127.8030303030303
128.03787878787878
128.27272727272728
128.50757575757575
128.74242424242425
128.97727272727272
129.21212121212122
129.4469696969697
129.6818181818182
129.91666666666666
130.15151515151516
130.38636363636363
130.62121212121212
130.8560606060606
131.0909090909091
131.32575757575756
131.56060606060606
131.79545454545453
132.03030303030303
132.2651515151515
132.5
132.5
132.5
132.5
132.5
125.5
125.5
125.5
115.25
115.25
113.75
113.75
113.5
113.5
113.5
113.5
109.0
109.0
107.75
107.75
107.75
107.75
107.75
119.0
119.0
119.0
119.25
119.25
119.25
119.25
119.25
119.25
119.25
119.25
119.25
119.578125
119.90625
120.234375
120.5625
120.890625
121.21875
121.546875
121.875
122.203125
122.53125
122.859375
123.1875
123.515625
123.84375
124.171875
124.5
124.5
125.5
125.5
125.75
126.0
126.0
125.83333333333333
125.66666666666667
125.5
125.5
125.5
126.25
126.25
129.0
129.0
130.5
130.5
130.0
130.0
129.0
129.75
129.75
133.0
133.0
134.5
134.5
135.75
135.75
136.75
136.75
136.75
139.25
139.25
141.5
141.5
141.5
142.25
142.25
142.25
143.75
143.75
143.75
144.0
144.0
144.25
144.25
144.5
144.5
143.5
143.25
143.25
143.25
143.25
143.25
143.25
143.25
143.25
142.75
142.75
142.75
143.0
143.0
143.5
143.5
145.0
144.25
144.25
144.25
144.5
144.5
144.5
144.75
144.75
144.75
144.75
144.75
144.75
144.75
144.5
144.5
144.5
144.5
144.5
144.0
143.0
143.0
142.25
142.25
141.5
141.5
141.0
141.0
141.0
141.25
141.25
141.25
140.75
140.75
140.0
140.0
140.0
140.0
139.0
138.5
138.5
138.0
138.0
137.5
137.75
137.75
136.5
136.5
137.0
137.0
137.25
137.5
137.5
137.75
137.75
138.0
138.0
137.5
137.5
137.5
137.5
137.5
137.5
137.5
137.0
136.5
136.5
136.5
136.5
136.5
136.5
134.5
134.5
134.5
132.75
132.75
130.75
130.75
130.5
130.5
131.25
131.25
132.0
132.0
132.75
133.5
133.5
135.5
135.5
136.25
136.25
136.25
136.75
136.75
137.0
137.0
134.5
134.5
133.0
131.75
131.75
130.25
130.25
128.5
128.5
127.25
127.25
127.25
127.25
127.75
127.75
128.0
128.0
128.75
129.0
129.0
129.0
129.0
129.5
129.5
130.75
130.75
132.0
132.0
132.75
133.0
133.0
132.75
132.75
132.25
132.25
132.25
132.25
132.0
132.0
132.0
132.25
132.25
132.5
132.5
133.5
133.5
133.75
134.75
134.75
135.0
135.0
135.25
135.25
136.0
136.0
136.0
135.25
135.25
135.5
135.5
135.5
135.0
135.0
134.25
134.25
134.75
134.75
134.75
134.75
134.75
134.75
134.75
134.25
134.25
134.25
133.5
133.5
133.75
133.75
133.0
133.0
132.75
132.75
132.75
133.25
133.25
132.0
132.0
132.0
132.0
131.75
131.75
131.75
131.75
131.0
131.0
131.25
131.25
131.25
131.5
131.5
131.5
131.5
133.0
133.0
133.75
133.5
133.5
132.5
132.5
132.5
132.5
132.75
132.75
133.0
133.0
133.75
133.75
133.75
130.75
130.75
130.75
130.75
130.0
130.0
130.0
129.5
129.5
129.5
129.5
128.5
128.5
128.25
128.25
127.75
127.75
128.0
128.0
129.0
129.0
128.5
128.75
128.75
129.0
129.0
127.0
127.0
127.25
127.25
126.75
126.75
125.75
125.75
124.75
124.75
125.0
125.0
126.0
127.25
127.25
129.25
129.25
130.25
130.25
129.75
129.75
128.75
128.75
128.75
130.5
130.5
130.5
130.5
130.5
132.25
132.25
132.75
132.75
132.75
133.0
133.0
133.0
133.0
133.0
133.0
132.25
132.25
132.25
133.75
133.75
133.5
133.75
133.75
133.75
133.75
136.5
136.5
136.0
136.0
136.0
136.0
136.0
130.75
130.75
128.75
128.75
128.75
125.0
125.0
125.0
125.0
126.25
126.25
126.25
126.25
126.25
126.25
126.25
126.25
126.25
126.25
127.0
127.75
128.5
129.25
130.0
130.75
131.5
132.25
133.0
133.75
134.5
135.25
136.0
136.75
137.5
138.25
139.0
139.75
140.5
141.25
142.0
142.75
143.5
144.25
145.0
145.75
146.5
147.25
147.25
147.25
147.25
145.25
145.25
145.25
145.25
145.25
139.5
139.5
137.5
137.5
137.5
137.25
137.25
137.25
135.08333333333334
132.91666666666666
130.75
128.58333333333334
126.41666666666667
124.25
122.08333333333333
119.91666666666667
117.75
115.58333333333333
113.41666666666667
111.25
111.25
111.25
111.25
111.25
111.25
113.75
113.75
116.0
116.0
120.0
123.75
123.75
123.75
123.75
126.5
126.5
129.0
129.0
129.0
129.0
129.0
129.0
131.75
134.25
134.25
136.5
136.5
137.75
137.75
137.25
136.75
136.75
136.25
136.25
135.75
136.0
136.0
135.75
135.75
135.5
135.5
135.5
135.5
135.5
135.5
135.5
137.0
137.0
138.25
138.25
139.25
139.25
142.25
142.25
142.25
141.5
141.75
141.75
141.25
141.25
140.75
140.75
142.0
142.75
142.75
143.0
143.0
144.25
144.25
144.25
144.25
144.25
146.25
147.0
147.0
147.0
147.5
147.5
147.5
146.25
146.25
146.25
146.25
146.25
141.25
141.25
141.25
143.0
143.0
141.0
141.0
141.0
140.5
139.25
139.25
139.25
139.25
138.5
138.5
138.5
138.5
138.5
138.0
138.0
138.5
138.25
138.25
139.25
139.25
139.25
139.25
139.5
139.5
139.5
138.75
138.75
140.25
140.25
141.25
139.75
139.75
140.0
140.0
142.0
142.25
142.25
141.25
141.25
141.25
141.0
141.0
141.25
141.25
141.25
141.25
141.25
140.75
140.75
138.5
138.5
139.75
141.5
141.5
142.5
142.5
142.5
142.75
142.75
142.25
142.25
143.25
142.0
142.0
140.75
140.75
140.25
140.25
140.0
140.0
140.0
140.0
140.25
140.25
139.25
139.25
139.25
139.25
138.5
138.5
137.0
137.0
135.75
134.75
134.75
133.75
133.75
133.75
133.75
133.25
132.75
132.75
132.5
132.5
132.0
132.0
132.0
132.0
132.25
132.25
132.5
132.75
132.75
132.75
132.75
134.25
133.25
133.25
133.25
133.25
133.25
133.25
132.75
132.75
132.25
132.25
132.5
132.5
132.5
132.5
132.5
132.0
132.0
132.75
132.75
132.75
132.75
133.25
133.25
133.25
133.5
133.5
132.5
132.5
132.0
132.5
132.5
132.5
133.5
133.5
133.5
133.25
133.25
132.75
132.75
131.75
131.75
132.25
133.5
133.5
134.5
134.5
135.0
135.0
135.25
135.25
135.25
135.25
135.25
135.25
135.25
135.0
135.0
135.0
135.0
135.0
131.5
131.5
130.5
130.5
129.5
129.5
128.75
128.75
128.0
127.75
127.75
127.5
127.5
127.75
127.75
128.0
128.0
127.5
127.5
127.5
127.5
128.75
128.75
130.5
131.25
131.25
132.0
132.0
132.75
132.75
132.5
132.5
132.5
132.5
132.5
132.25
132.25
132.25
131.25
131.25
131.25
131.75
131.75
131.75
129.75
129.75
129.5
129.5
129.75
129.75
129.75
130.0
130.0
130.0
130.0
129.75
129.75
131.5
131.5
131.5
131.5
131.5
133.0
133.0
132.5
132.5
132.25
132.25
131.0
131.25
131.25
131.25
131.25
131.25
130.75
130.25
130.25
130.5
130.5
130.5
130.5
130.0
130.0
130.0
130.0
129.75
129.75
129.75
129.75
129.75
129.5
129.5
128.75
128.75
129.0
129.75
129.75
130.0
130.0
130.0
130.0
130.25
130.25
130.75
130.75
130.75
130.0
130.0
130.0
130.0
130.0
130.0
131.25
131.25
130.75
130.75
130.5
130.5
130.0
130.0
130.0
129.0
129.0
129.0
129.0
131.25
131.25
131.0
131.5
131.5
132.25
132.25
133.0
133.0
132.0
132.0
131.25
131.25
131.25
131.25
131.0
131.0
130.5
130.5
130.5
130.75
130.75
130.75
130.75
130.75
130.75
130.75
130.5
130.5
131.0
131.0
131.0
131.0
131.0
131.0
133.0
133.25
133.25
132.5
132.5
132.75
132.75
132.75
132.75
132.25
131.5
131.5
131.5
131.75
131.75
131.75
131.75
131.75
131.75
131.75
131.75
131.75
131.75
131.75
131.75
130.75
130.75
133.0
133.0
133.75
133.75
133.75
133.0
133.0
132.25
132.25
132.25
132.25
133.5
133.5
132.5
132.25
132.25
132.25
132.25
132.25
132.25
131.5
131.5
131.0
131.0
130.75
130.75
130.75
131.0
131.0
131.0
131.0
130.25
130.25
130.25
130.25
130.75
130.75
130.75
130.25
130.25
129.0
129.0
129.5
129.5
130.25
130.25
131.0
131.0
133.25
133.25
133.25
130.0
130.0
129.0
129.0
129.75
129.75
137.0
132.5
132.5
130.5
130.5
129.75
129.75
129.75
129.75
128.25
128.25
129.25
129.25
129.5
129.5
130.5
131.25
131.25
131.0
131.0
129.75
129.75
130.75
130.75
131.0
131.25
131.25
131.25
131.25
130.0
130.0
130.5
130.5
130.5
130.5
131.5
131.5
131.5
130.0
130.0
130.0
130.0
128.25
128.25
128.25
128.25
128.25
128.25
129.5
130.0
130.0
129.5
129.5
129.0
129.0
129.5
129.5
130.5
130.5
130.5
130.75
130.75
130.75
131.25
131.25
131.25
131.5
131.5
131.75
131.75
131.75
132.5
132.5
132.5
132.5
132.75
132.75
132.0
132.0
130.25
130.25
130.25
132.25
132.25
132.5
132.5
131.25
131.25
131.25
129.5
129.5
134.75
134.75
133.75
133.75
132.75
132.75
132.75
132.75
132.75
132.5
132.5
130.5
130.5
130.5
130.5
131.0
131.0
130.75
130.75
130.25
129.75
129.75
129.75
129.75
130.0
130.0
130.0
130.0
130.0
130.75
130.75
132.25
132.25
132.5
132.5
132.25
132.25
133.0
133.5
133.5
134.25
134.25
134.5
134.5
131.25
131.25
131.0
131.0
131.0
130.25
130.25
129.0
129.0
129.0
129.0
129.0
129.0
130.25
131.0
131.0
131.0
130.75
131.0
131.0
131.25
131.25
131.25
131.25
128.5
128.5
128.5
131.75
131.75
130.0
130.0
129.25
129.25
129.25
129.25
130.5
130.5
132.0
132.0
131.25
130.5
130.5
130.75
130.75
131.0
131.0
131.0
131.0
131.5
131.5
130.5
130.0
130.0
131.0
131.0
131.0
131.0
130.75
130.75
130.75
130.75
130.0
131.75
131.75
133.0
133.0
132.0
132.0
130.5
130.5
130.5
129.5
129.5
131.75
131.75
131.75
131.75
132.75
132.75
136.0
136.0
134.75
132.75
132.75
132.75
132.75
133.5
133.5
130.75
134.0
134.0
133.0
133.0
132.75
132.75
133.75
133.75
135.5
134.0
134.0
134.0
134.0
138.0
138.0
135.75
135.75
135.0
135.25
135.25
135.5
135.5
135.5
131.25
131.25
131.25
131.75
131.5
131.5
131.75
131.75
133.0
133.0
132.75
132.75
132.25
132.75
132.75
133.0
133.0
133.0
133.0
133.0
132.5
132.5
133.0
133.0
134.0
134.0
134.25
134.25
134.25
134.5
134.5
134.5
134.5
134.5
134.25
134.25
134.25
134.40384615384616
134.55769230769232
134.71153846153845
134.8653846153846
135.01923076923077
135.17307692307693
135.32692307692307
135.48076923076923
135.6346153846154
135.78846153846155
135.94230769230768
136.09615384615384
136.25
136.40384615384616
136.55769230769232
136.71153846153845
136.8653846153846
137.01923076923077
137.17307692307693
137.32692307692307
137.48076923076923
137.6346153846154
137.78846153846155
137.94230769230768
138.09615384615384
138.25
138.40384615384616
138.55769230769232
138.71153846153845
138.8653846153846
139.01923076923077
139.17307692307693
139.32692307692307
139.48076923076923
139.6346153846154
139.78846153846155
139.94230769230768
140.09615384615384
140.25
140.25
140.25
140.25
140.25
140.25
140.25
140.25
140.25
140.25
140.25
135.875
131.5
127.125
122.75
118.375
114.0
114.0
114.0
114.0
114.0
114.0
114.0
114.0
114.0
114.0
114.0
118.08333333333333
122.16666666666667
126.25
130.33333333333334
134.41666666666666
138.5
142.58333333333334
146.66666666666666
150.75
150.75
150.75
150.75
150.75
150.75
150.75
150.75
150.75
150.75
150.75
150.75
149.325
147.9
146.475
145.05
143.625
142.2
140.775
139.35
137.925
136.5
135.075
133.65
132.225
130.8
129.375
127.95
126.525
125.1
123.675
122.25
120.825
119.4
117.975
116.55
115.125
113.7
112.275
110.85
109.425
108.0
108.0
108.0
108.0
108.0
108.0
112.75
112.75
112.75
112.75
112.75
114.5
114.5
125.25
125.25
127.5
127.5
127.5
128.75
128.75
128.75
131.0
131.25
131.25
130.25
130.25
132.5
132.5
132.75
132.75
132.75
136.0
136.0
136.25
136.25
136.25
137.75
137.75
137.75
139.25
139.25
139.75
139.75
139.75
140.75
143.0
143.0
143.0
142.0
142.0
138.5
138.5
140.0
140.0
142.25
143.0
143.0
144.0
144.0
144.5
145.0
145.0
145.75
145.75
147.0
148.5
148.5
149.25
149.5
149.5
150.25
150.25
151.0
151.0
151.0
147.5
147.5
147.25
147.25
147.25
147.25
146.25
146.25
144.75
144.75
143.0
141.75
141.75
141.5
141.5
140.75
140.75
140.75
141.25
141.25
141.75
141.75
142.25
142.25
142.25
142.25
142.25
141.5
141.75
141.75
141.25
141.25
141.0
141.0
139.75
138.5
138.5
137.5
137.5
137.0
137.0
136.5
136.5
136.5
137.0
137.0
137.0
137.5
137.5
136.25
136.25
137.0
137.0
137.25
137.25
137.0
136.5
136.5
136.0
136.0
136.0
134.25
134.25
134.25
134.25
134.25
134.25
134.25
134.25
133.0
133.0
132.75
132.5
132.5
133.0
133.0
132.5
132.5
131.0
131.0
131.5
131.5
132.0
132.0
132.0
132.25
132.25
132.5
132.5
132.5
131.75
131.75
131.75
129.75
129.75
129.75
129.5
129.5
129.25
129.25
129.25
129.25
130.5
131.0
131.0
131.0
131.0
131.25
131.25
130.25
130.25
130.5
130.5
130.75
130.75
130.75
130.75
131.25
131.5
131.5
131.75
131.75
131.75
131.75
131.75
131.75
132.0
132.0
132.0
132.0
132.0
131.5
131.5
131.5
127.75
127.75
127.75
131.25
131.75
131.75
131.0
131.0
129.25
129.25
129.0
129.0
130.0
130.0
128.5
128.5
128.25
128.25
128.25
132.25
132.25
132.25
133.0
133.0
133.0
133.75
133.25
133.25
133.25
133.25
133.25
133.25
132.0
132.0
132.0
127.0
127.0
126.0
126.0
126.0
126.0
128.5
128.5
128.5
127.75
127.75
127.75
127.75
127.75
127.75
127.0
127.0
127.0
127.0
127.0
127.0
127.5
127.5
127.25
127.25
127.5
126.0
126.0
126.0
126.0
125.5
125.5
127.0
127.0
124.25
124.25
123.5
123.5
124.25
124.25
123.75
123.75
124.25
124.25
124.5
124.5
124.5
125.0
125.0
125.0
126.75
126.75
125.0
125.0
124.75
124.75
124.75
124.75
124.75
124.75
124.75
124.0
124.0
124.0
124.0
124.0
124.0
124.0
124.0
124.0
124.0
126.5
126.5
126.5
123.5
123.5
123.5
123.5
125.25
125.25
125.25
125.5
125.5
124.75
124.75
122.0
122.0
120.25
120.25
120.25
120.25
120.25
120.25
120.25
120.25
120.25
120.25
120.78125
121.3125
121.84375
122.375
122.90625
123.4375
123.96875
124.5
125.03125
125.5625
126.09375
126.625
127.15625
127.6875
128.21875
128.75
129.28125
129.8125
130.34375
130.875
131.40625
131.9375
132.46875
133.0
133.0
134.0
134.0
134.0
135.0
136.0
136.0
136.5
136.5
136.5
137.75
137.75
136.0
136.0
136.5
136.5
136.5
138.25
138.25
140.5
140.5
140.0
140.0
140.5
140.5
140.5
141.0
141.0
141.0
141.0
145.0
145.0
145.0
145.25
145.25
144.5
143.25
143.25
143.0
143.0
142.0
140.25
140.25
138.5
138.5
138.5
138.0
138.0
137.25
137.25
137.75
137.75
136.75
136.5
136.5
137.0
137.0
137.25
137.25
137.25
137.75
137.75
137.75
137.75
138.5
138.5
137.75
138.25
138.25
139.0
139.0
139.25
139.25
140.0
140.25
140.25
140.5
140.5
139.5
139.25
139.25
140.25
140.25
140.25
141.0
141.0
141.0
141.0
141.0
141.0
141.0
138.5
138.5
141.25
141.25
141.0
140.75
140.75
140.75
140.75
140.0
140.0
139.75
139.75
139.75
140.75
140.75
138.75
138.75
138.0
138.25
138.25
138.0
138.0
137.5
137.5
137.5
137.5
137.5
137.5
137.5
137.75
138.75
138.75
139.5
139.5
139.5
139.5
138.25
138.0
138.0
138.0
138.0
138.0
138.0
138.0
134.5
134.5
135.5
135.5
135.5
135.5
135.5
135.75
135.75
135.5
135.5
135.0
135.0
135.25
136.25
136.25
136.5
136.5
136.75
136.75
136.75
136.75
136.25
136.75
136.75
137.0
137.0
137.0
136.25
136.25
135.5
135.5
134.75
134.75
134.75
134.75
134.25
134.25
134.25
132.5
132.5
131.25
131.25
131.25
131.25
131.25
131.25
131.25
130.75
130.75
130.0
130.0
129.5
129.5
129.25
129.25
128.5
128.25
128.25
128.25
127.5
127.25
127.25
127.75
127.75
128.25
128.25
129.0
129.0
129.25
129.25
129.25
129.25
127.0
127.0
127.0
127.0
126.75
126.75
126.75
126.75
126.75
127.0
127.0
127.25
127.25
127.25
127.25
129.75
129.25
129.25
128.5
128.5
128.5
128.5
127.75
127.75
127.0
127.0
127.0
127.0
125.75
125.75
125.75
125.75
125.75
127.25
127.25
127.5
127.5
129.25
129.25
130.5
130.5
130.5
130.25
130.25
130.25
130.25
130.25
130.5
130.0
130.0
130.0
130.0
129.25
129.25
129.25
129.25
128.75
128.75
129.0
129.0
129.0
129.25
129.25
130.5
130.5
130.5
130.5
130.5
130.5
130.5
130.75
130.75
131.25
131.25
131.5
131.5
131.5
131.5
131.0
130.5
130.5
130.5
129.75
129.75
129.75
131.5
131.5
129.75
129.75
128.75
128.75
127.5
127.5
127.25
127.25
127.25
128.5
128.5
128.0
128.0
128.5
128.5
128.5
128.5
128.5
128.25
128.25
128.25
128.25
125.0
125.0
129.0
129.0
129.0
129.0
131.0
131.0
130.75
129.75
129.75
129.75
129.75
129.5
129.5
128.75
128.75
128.0
128.0
127.25
127.25
127.0
128.75
128.75
130.5
130.5
130.75
130.75
131.0
131.0
131.75
131.75
131.75
131.5
131.5
131.75
131.75
132.25
132.25
131.0
131.0
130.0
130.0
130.25
126.0
126.0
126.5
126.5
126.5
126.5
126.5
126.5
126.0
126.0
128.75
128.75
128.75
128.75
128.0
128.0
127.25
127.25
128.25
128.25
128.25
132.25
132.25
132.5
132.5
133.0
133.0
133.5
133.5
133.5
133.5
133.5
131.0
131.0
129.0
129.0
128.5
128.75
128.75
128.75
128.75
129.0
129.0
129.0
129.0
126.25
126.25
126.5
126.5
126.5
126.5
126.5
126.5
126.5
126.5
126.5
126.5
126.9375
127.375
127.8125
128.25
128.6875
129.125
129.5625
130.0
130.4375
130.875
131.3125
131.75
131.75
131.75
131.0
131.0
130.25
130.25
129.75
129.75
128.75
128.75
128.5
128.5
128.5
128.5
128.5
128.5
128.5
128.5
128.5
128.5
129.25
129.25
129.25
127.5
127.5
128.0
128.0
129.0
129.0
129.0
128.5
128.5
128.5
128.5
127.25
127.25
127.75
127.75
128.75
128.75
130.0
130.0
129.5
128.5
128.5
128.5
128.5
129.25
129.25
129.25
129.25
129.5
129.5
130.0
130.0
129.75
129.25
129.25
128.75
128.75
128.25
128.25
128.25
128.25
127.25
126.5
126.5
126.5
126.0
126.0
126.5
126.5
127.25
127.25
127.25
127.25
127.25
128.5
128.5
129.5
129.5
129.75
129.75
129.75
129.75
129.5
129.25
129.25
128.0
128.0
128.0
128.0
127.25
127.25
127.5
127.5
128.0
128.0
128.5
128.5
128.25
128.25
128.0
128.0
127.25
127.25
126.25
126.25
126.5
126.75
126.75
126.75
126.75
126.25
126.25
125.75
125.75
125.75
128.25
128.25
128.25
128.25
129.25
129.25
129.75
129.75
130.5
130.5
130.5
131.0
131.0
131.25
131.25
131.5
131.5
130.75
130.75
129.25
129.25
128.0
129.5
129.5
129.75
129.75
129.75
129.75
130.0
130.0
130.5
130.5
131.25
131.75
131.75
132.25
132.25
132.75
132.75
133.0
133.0
133.75
133.5
133.5
133.5
133.5
134.75
134.75
137.25
137.75
137.75
138.25
138.25
138.5
138.5
136.5
136.5
135.0
133.25
133.25
132.0
132.0
131.25
131.25
130.25
130.25
129.75
129.75
128.0
128.0
127.0
127.0
127.0
126.5
126.5
127.5
127.5
128.25
128.25
130.0
130.0
131.0
131.0
131.0
129.5
129.5
128.75
128.75
129.5
129.5
131.0
131.0
130.0
130.0
130.0
130.25
130.25
131.0
131.0
132.75
132.75
133.25
133.25
133.25
129.75
129.75
130.25
130.25
130.0
130.0
129.5
129.5
129.0
129.0
128.25
128.25
126.75
126.75
126.75
126.75
128.25
128.25
128.75
128.75
128.75
130.75
130.75
131.0
131.75
131.75
132.0
132.0
130.75
130.75
131.75
131.75
131.75
131.75
131.75
131.75
131.75
131.75
132.75
132.75
132.75
132.75
132.75
132.75
132.75
132.75
134.0
134.0
138.25
138.25
140.0
140.0
140.0
140.5
140.5
140.5
140.5
140.5
140.5
140.5
146.25
146.25
146.25
152.0
152.0
155.75
155.75
155.75
157.5
157.5
157.0
157.0
155.5
155.5
153.75
153.75
153.25
153.25
151.5
149.5
149.5
145.0
145.0
145.0
142.25
142.25
142.0
142.0
142.0
142.0
142.0
142.0
142.0
142.0
