142.25
141.75
141.5
141.5
141.75
141.75
140.75
140.75
141.0
141.0
143.0
143.0
142.75
142.75
142.75
142.0
141.5
141.5
140.25
140.25
140.75
140.75
140.75
140.5
140.5
140.5
139.5
139.5
140.0
140.0
141.5
140.25
140.25
140.25
140.25
140.75
140.75
140.75
139.5
139.5
138.75
138.75
139.5
139.5
139.25
139.5
139.5
139.5
139.5
139.5
139.5
139.5
139.5
139.5
140.0
140.0
140.75
140.75
140.75
140.75
140.75
141.75
141.75
142.5
142.75
142.75
143.25
143.25
143.0
143.25
143.25
143.25
143.25
142.75
142.75
143.0
142.5
142.5
143.0
142.25
142.25
142.25
142.25
142.25
141.25
141.25
141.25
142.0
142.0
142.0
142.0
141.25
141.25
141.25
141.0
141.0
142.0
142.0
141.75
142.0
142.0
142.0
142.0
143.0
142.0
142.0
142.25
142.25
143.25
142.0
142.0
141.75
141.75
142.0
142.0
142.0
141.5
141.5
141.0
141.0
141.0
140.25
140.25
140.25
140.25
140.5
140.5
140.5
140.0
140.0
140.75
140.75
140.75
141.25
141.25
141.25
141.25
140.75
142.0
142.0
140.75
140.75
140.5
141.0
141.0
140.75
140.75
141.0
141.5
141.5
141.25
141.25
142.0
142.0
141.75
141.25
141.25
142.0
142.0
141.75
142.0
142.0
142.25
142.25
142.5
142.5
142.5
142.25
142.25
142.25
142.25
142.25
142.5
142.5
142.75
143.0
143.0
142.0
142.0
142.0
142.0
142.0
141.25
141.25
140.5
140.5
140.0
139.25
139.25
140.0
140.0
139.75
140.25
140.25
140.75
140.75
140.75
140.75
140.75
141.0
141.0
141.0
142.25
141.75
141.75
140.75
140.75
140.75
141.25
141.25
141.5
141.5
141.25
141.0
141.0
141.0
140.75
140.75
139.25
139.25
138.5
138.75
138.75
139.0
139.0
138.25
138.25
138.5
139.25
139.25
139.0
139.0
139.5
139.5
139.25
139.75
139.75
139.5
139.5
138.5
137.25
137.25
136.75
136.75
135.5
135.5
136.75
136.75
138.0
138.5
138.5
139.25
139.25
140.5
140.75
140.75
141.25
141.25
141.75
142.25
142.25
142.75
142.75
142.5
142.0
142.0
142.0
142.0
142.25
142.25
143.75
143.25
143.25
144.5
144.75
144.75
145.0
145.0
145.25
145.25
145.25
145.0
145.0
145.5
146.25
146.25
146.0
146.0
146.0
145.75
145.75
144.75
144.75
143.5
143.25
143.25
142.25
142.25
141.5
141.5
141.0
141.0
140.5
140.5
140.5
139.75
139.75
139.75
140.0
139.25
139.25
138.75
138.75
138.0
138.0
136.0
135.75
135.75
135.25
135.25
134.75
134.75
135.0
135.0
135.75
135.75
136.0
136.75
136.75
137.0
137.0
138.0
138.0
138.25
138.75
138.75
141.25
141.25
142.0
143.25
143.25
144.25
144.25
145.0
146.0
146.0
147.25
148.25
148.25
148.75
148.75
148.75
148.75
148.75
149.0
148.5
148.5
148.75
148.75
148.25
147.75
147.75
146.0
146.0
146.0
146.75
146.75
145.5
145.5
145.0
144.25
144.25
143.25
143.25
143.5
143.5
143.5
143.5
143.5
143.25
142.75
142.75
143.25
143.25
143.75
143.75
143.75
143.5
143.5
143.25
143.0
143.0
142.5
142.5
142.0
142.75
142.75
142.75
142.75
142.5
142.5
142.5
141.75
141.75
141.5
141.5
142.25
142.25
142.25
141.5
141.5
143.75
143.25
143.25
143.25
143.25
143.25
143.5
143.5
143.25
143.25
144.0
144.75
144.75
145.0
145.0
145.25
145.5
145.5
145.5
145.5
145.5
145.25
145.25
145.0
145.0
145.0
145.0
145.0
145.0
144.5
144.5
145.0
145.0
145.25
145.25
145.25
145.25
145.25
146.25
147.0
147.0
146.5
146.5
147.0
146.75
146.75
146.75
146.75
146.75
146.75
146.75
146.25
145.0
145.0
145.5
145.5
145.0
144.75
144.75
144.75
144.75
144.25
144.25
144.25
143.25
143.25
143.5
143.25
143.25
143.5
143.5
143.25
143.25
143.25
142.75
142.75
142.0
141.75
141.75
141.0
141.0
141.5
141.5
141.5
141.5
141.5
141.75
141.75
142.0
142.0
142.0
141.75
141.75
142.25
142.0
142.0
142.0
142.0
141.5
141.5
141.5
142.0
142.0
141.75
141.75
140.25
140.25
140.25
139.5
139.5
139.75
140.5
140.5
140.25
140.25
140.25
140.25
139.0
138.25
138.25
138.75
138.75
138.75
138.75
139.5
139.5
139.5
140.0
140.0
139.5
139.5
139.5
139.5
139.5
138.5
138.5
138.5
138.0
138.0
138.5
138.5
139.25
140.0
140.0
140.5
140.5
139.75
139.75
140.25
140.75
140.75
140.75
140.75
141.0
140.75
140.75
139.75
139.75
140.0
140.0
139.0
138.5
138.5
138.0
138.0
137.75
137.75
137.5
137.5
137.5
136.75
136.75
136.75
136.75
137.25
137.5
137.5
137.5
137.5
137.5
137.5
137.0
137.5
137.5
139.25
139.25
139.0
138.5
138.5
138.25
138.25
137.5
137.5
137.5
138.5
138.5
138.75
138.75
138.5
138.5
138.25
138.5
138.5
139.0
139.0
139.75
140.0
140.0
139.5
139.5
140.5
140.5
140.75
141.0
141.0
141.25
141.25
141.75
142.0
142.0
141.75
141.75
141.5
141.25
141.25
139.75
139.75
140.0
140.0
139.75
139.5
139.5
139.25
139.25
139.5
139.25
139.25
139.0
139.0
137.75
137.75
137.5
137.75
137.75
138.5
138.5
138.5
138.5
137.25
137.75
137.75
138.5
138.5
138.0
138.0
138.5
138.0
138.0
139.5
139.5
140.0
140.25
140.25
140.5
140.5
140.75
140.75
140.5
142.0
142.0
142.25
142.25
143.25
143.0
143.0
142.75
142.75
142.25
141.5
141.5
141.25
141.25
141.0
140.75
140.75
140.0
140.0
139.5
139.5
138.5
139.25
139.25
137.5
137.5
137.5
137.5
138.5
139.5
139.5
139.0
139.0
138.0
140.0
140.0
139.25
139.25
139.25
139.25
139.0
139.0
138.5
138.5
138.5
138.5
138.5
138.5
138.5
138.5
138.25
138.25
137.0
138.5
138.5
139.0
139.0
139.0
139.0
139.0
139.25
139.25
140.75
140.75
141.0
141.5
141.5
142.0
142.0
142.25
142.25
142.25
142.25
142.25
143.25
143.0
143.0
141.5
141.5
141.75
141.75
140.75
140.5
140.5
140.75
140.75
140.25
139.0
139.0
139.0
139.0
139.0
139.0
138.75
138.75
139.0
139.0
142.0
142.0
142.75
142.25
142.25
143.75
143.75
144.25
145.0
145.0
145.75
145.75
146.5
146.0
146.0
146.0
147.25
149.25
149.25
149.5
149.75
149.75
149.0
150.0
150.0
150.75
150.75
150.75
150.0
150.0
149.0
149.0
149.0
149.25
149.25
148.75
148.5
148.5
148.75
148.75
149.25
147.25
147.25
148.0
148.0
147.75
147.75
148.5
148.5
147.0
146.5
146.5
147.25
147.25
147.25
147.5
147.5
147.25
147.25
147.25
147.0
147.0
148.5
147.25
147.25
147.0
147.0
147.0
146.75
146.75
146.25
146.25
145.5
146.0
146.0
145.0
145.0
145.0
145.0
145.0
144.75
145.0
145.0
145.0
145.0
145.0
145.0
145.0
144.75
144.75
145.5
145.5
145.5
145.0
145.0
145.0
144.75
144.75
144.25
144.25
144.0
144.0
142.5
141.25
141.25
140.75
140.75
140.0
140.0
139.5
139.5
140.75
141.25
141.25
141.5
141.5
142.75
143.0
143.0
143.0
143.0
142.5
143.5
143.5
143.75
143.75
143.5
143.25
143.25
144.25
144.25
143.5
142.75
142.75
143.0
143.0
142.5
142.0
142.0
142.5
142.5
143.0
142.25
142.25
142.5
142.5
142.5
142.5
142.5
142.5
142.5
142.0
142.0
142.0
140.5
141.75
141.75
140.0
140.0
138.75
138.75
138.75
139.5
139.5
139.25
139.25
139.25
139.25
140.0
139.75
139.75
140.75
140.75
142.0
142.0
143.0
142.75
142.75
142.75
142.5
143.0
143.0
142.25
142.25
142.25
142.25
143.0
143.5
143.5
142.75
142.75
141.5
141.5
141.25
140.0
140.0
140.75
140.75
140.5
140.5
139.75
141.0
141.0
140.75
140.75
140.0
139.0
139.0
138.25
138.25
138.5
138.5
140.0
140.5
140.5
139.5
139.5
140.75
141.0
141.0
141.5
141.5
143.0
139.5
139.5
138.5
138.5
137.75
137.75
137.0
137.0
137.0
138.25
138.25
139.75
139.75
140.75
140.75
140.75
140.25
140.25
138.5
138.5
138.5
138.75
138.75
140.75
140.75
140.25
139.75
139.75
139.75
138.75
137.75
137.75
138.75
138.75
138.75
138.25
138.25
138.5
138.5
138.5
138.5
139.25
139.25
138.75
138.75
138.75
138.75
138.25
138.25
138.5
139.5
139.5
139.5
139.5
138.25
138.25
137.25
137.25
137.75
137.75
138.25
137.25
137.25
137.75
137.75
137.5
137.5
137.5
137.75
137.75
137.25
137.25
138.5
138.5
138.5
137.5
137.5
138.5
138.5
139.25
139.25
139.0
139.5
139.5
139.5
139.5
140.75
140.75
140.75
142.0
142.0
142.0
142.0
142.0
141.5
141.5
142.0
142.0
142.0
142.0
142.0
142.0
142.0
142.0
142.0
142.0
142.0
142.0
141.75
141.75
141.75
137.5
137.5
139.25
139.25
139.75
139.75
139.5
139.5
139.5
139.5
139.5
139.5
139.25
139.25
138.75
138.75
140.5
140.5
140.75
141.0
141.0
141.75
141.75
141.0
139.75
139.75
139.75
139.75
140.0
139.75
139.75
139.5
139.5
140.25
140.25
140.0
139.75
139.75
140.75
140.75
139.5
141.0
141.0
141.5
141.5
142.75
142.0
142.0
141.5
141.5
140.75
140.75
140.75
140.0
140.0
139.5
139.5
137.75
137.75
137.75
137.5
137.5
136.75
136.75
135.75
135.75
137.0
137.25
137.25
137.5
137.5
136.75
136.75
137.25
137.5
137.5
136.25
136.25
137.5
137.5
137.25
136.75
136.75
137.0
137.0
137.0
137.75
137.75
137.5
137.5
138.0
138.0
138.5
138.25
138.25
137.5
137.5
137.5
137.5
136.5
136.75
136.75
137.5
137.5
137.25
137.25
137.5
137.5
137.5
138.5
138.5
138.75
138.75
139.75
139.5
139.5
139.0
139.0
139.5
139.0
139.0
139.5
139.5
140.25
140.25
138.0
138.75
138.75
138.5
138.5
136.75
136.75
137.0
136.75
136.75
134.25
134.25
137.5
137.5
138.25
136.25
136.25
134.25
134.25
136.0
136.0
137.25
139.0
139.0
139.0
139.0
139.5
140.0
140.0
140.25
140.25
140.75
140.75
140.75
139.75
139.75
140.75
140.75
139.75
139.5
139.5
139.75
139.75
139.5
139.5
139.5
139.75
139.75
139.0
139.0
139.5
139.5
139.5
139.75
139.75
139.25
139.25
139.5
139.5
139.5
139.75
139.75
140.75
140.25
140.25
139.0
139.0
139.0
139.0
140.5
139.25
139.25
139.25
139.25
139.25
139.25
139.5
140.0
140.0
140.0
140.0
140.75
140.75
140.75
141.0
141.0
140.75
142.0
142.0
142.5
142.5
143.0
142.5
142.5
144.25
144.25
143.25
143.25
143.25
144.5
144.5
144.5
144.5
144.5
145.25
145.25
145.5
146.25
146.25
146.25
146.25
145.0
145.25
145.25
145.25
145.25
145.25
144.75
144.75
144.25
144.25
144.5
144.5
144.5
143.25
143.25
142.75
142.75
142.75
142.0
142.0
142.0
142.25
142.25
142.5
142.5
142.0
141.5
141.5
141.25
141.25
141.0
141.0
141.0
140.5
140.5
141.25
141.25
140.75
140.0
140.0
140.5
140.5
140.25
140.25
140.5
140.75
140.75
140.5
140.5
140.75
141.5
141.5
141.5
141.5
141.75
142.0
142.0
142.75
142.75
143.25
143.5
143.5
143.75
143.75
144.25
144.75
144.75
145.0
145.0
145.0
144.75
144.75
144.75
144.75
144.25
143.25
143.25
143.25
143.25
143.0
143.0
143.0
142.5
142.5
142.25
142.0
142.0
142.0
142.0
141.5
142.25
142.25
142.0
142.0
141.75
141.75
140.75
140.25
140.25
140.75
140.75
141.0
141.25
141.25
141.75
141.75
141.5
141.5
141.5
141.75
141.75
140.0
140.0
141.5
141.5
140.0
140.5
140.5
140.75
141.5
141.5
141.5
141.5
142.0
142.25
142.25
142.25
142.25
142.0
142.0
143.0
142.0
142.0
142.5
142.5
142.75
142.5
142.5
142.75
142.75
142.5
142.75
142.75
143.25
143.25
144.0
144.5
144.5
144.75
144.75
144.5
145.0
145.0
144.5
144.5
144.0
144.5
144.5
145.0
145.0
145.0
144.5
144.5
144.0
144.0
143.0
142.75
142.75
142.25
142.25
142.0
142.25
142.25
142.25
142.25
141.5
141.5
141.5
141.0
141.0
140.75
140.75
140.0
140.75
140.75
140.75
140.75
140.25
140.0
140.0
139.75
139.75
139.5
139.5
140.0
138.75
138.75
138.75
138.75
140.0
139.75
139.75
139.75
139.75
139.5
139.5
140.0
141.0
141.0
141.0
141.0
141.0
141.25
141.25
141.0
141.0
140.75
140.75
140.75
140.75
140.75
141.5
141.5
142.0
142.25
142.25
142.75
142.75
142.25
142.5
142.5
142.5
142.5
142.0
141.5
141.5
141.5
141.5
141.25
140.75
140.75
140.75
140.75
140.75
140.75
140.0
139.75
139.75
139.75
139.75
139.25
139.25
138.75
139.25
139.25
140.25
140.25
139.75
140.5
140.5
140.5
140.5
140.25
141.25
141.25
141.25
141.25
141.5
141.5
141.5
142.0
142.0
141.75
141.75
141.0
140.75
140.75
140.75
140.75
140.75
140.25
140.25
139.5
139.5
138.75
138.75
138.5
138.5
138.5
139.0
139.0
139.0
139.0
138.75
139.0
139.0
139.5
139.5
140.0
140.5
140.5
140.75
140.75
141.5
141.5
141.5
142.75
142.75
143.0
143.0
143.0
143.5
143.5
143.75
143.75
143.5
143.75
143.75
143.5
143.5
142.5
142.25
142.25
142.25
142.25
142.0
142.25
142.25
142.25
142.25
141.25
140.75
140.75
140.75
140.75
140.5
140.5
141.0
140.75
140.75
141.5
141.5
141.5
138.5
138.5
139.75
139.75
140.5
141.25
141.25
139.0
139.0
139.25
139.25
140.25
140.75
140.75
141.0
141.0
140.75
141.0
141.0
142.25
142.25
142.0
142.0
143.0
143.25
143.25
143.0
143.75
143.75
142.5
142.5
141.25
141.25
142.25
141.5
141.5
141.25
141.25
141.5
142.0
142.0
141.25
141.25
140.5
140.5
141.5
142.5
142.5
142.0
142.0
142.0
142.0
142.0
143.75
143.75
143.5
143.5
143.5
143.75
143.75
143.75
143.75
143.75
144.25
144.25
143.75
143.25
143.25
142.25
142.25
140.75
140.25
140.25
140.0
140.0
138.75
138.75
139.25
139.0
139.0
139.0
139.0
138.5
138.25
138.25
139.0
139.0
138.5
138.5
138.25
138.0
138.0
136.75
136.75
136.75
136.75
137.5
137.75
137.75
138.25
138.25
138.25
138.25
138.5
138.0
138.0
136.75
136.75
137.5
137.5
138.0
138.25
138.25
138.25
138.25
138.25
138.25
138.25
139.25
139.25
140.0
140.0
139.25
139.5
139.5
140.0
140.0
139.5
139.5
139.0
139.5
139.5
140.0
140.0
139.5
139.5
139.5
139.5
139.5
138.5
138.5
139.25
140.25
140.25
140.75
140.75
140.5
140.0
140.0
139.5
139.5
141.0
141.0
141.0
142.0
142.0
142.5
142.5
142.25
142.5
142.5
142.75
142.75
143.75
144.75
144.75
145.0
145.0
144.0
143.25
143.25
142.75
142.75
143.25
143.0
143.0
143.0
143.0
143.25
143.25
141.5
141.5
141.0
140.75
140.75
141.0
141.0
140.75
140.5
140.5
139.5
139.5
139.5
139.5
139.5
140.5
140.5
141.75
141.75
142.0
141.0
141.0
139.0
138.5
138.5
138.5
138.5
138.5
139.0
139.0
139.75
139.75
139.75
139.75
140.75
140.75
140.75
140.75
140.75
141.0
140.75
140.75
140.25
140.25
140.0
139.75
139.75
139.25
139.25
138.5
138.5
138.0
139.5
139.5
138.75
138.75
140.0
140.0
140.0
140.25
140.25
140.75
140.75
142.25
141.0
141.0
142.75
142.75
143.0
143.0
142.75
142.75
142.75
142.75
142.75
142.75
143.25
143.25
142.25
141.5
141.5
141.75
141.75
141.75
141.5
141.5
141.5
141.5
141.25
141.25
140.75
140.75
140.75
141.75
141.75
141.75
141.0
141.0
141.5
141.5
140.5
140.75
140.75
140.5
140.5
140.25
140.25
140.75
140.5
140.5
139.5
139.5
140.0
140.75
140.75
141.25
141.25
141.25
141.25
141.25
140.25
140.25
140.5
140.5
139.5
139.0
139.0
138.5
138.5
139.0
139.0
139.75
139.75
139.75
140.75
140.75
141.75
142.0
142.0
142.75
142.75
143.25
143.25
143.25
143.25
143.25
143.0
142.5
142.5
141.25
141.25
140.75
140.75
139.75
138.75
138.75
137.5
137.5
137.75
137.75
136.75
136.25
136.25
135.25
135.25
135.5
135.5
135.5
135.75
135.75
136.0
136.0
136.5
136.5
135.75
135.25
135.25
135.5
135.5
135.25
135.25
135.25
135.25
134.75
136.25
136.25
136.25
136.25
136.25
136.25
136.25
136.75
136.75
136.5
136.5
135.75
135.75
135.75
135.75
135.75
136.5
136.5
137.75
137.75
139.0
138.25
138.25
139.0
139.0
139.25
139.25
139.5
139.75
139.75
139.75
139.75
140.5
140.75
140.75
141.25
141.25
140.75
141.0
141.0
141.0
141.0
140.75
140.5
140.5
140.0
140.0
140.25
140.25
139.75
139.25
139.25
138.0
138.0
137.5
137.5
137.25
137.25
137.25
137.0
137.0
136.75
136.75
137.5
138.0
138.0
137.5
137.5
137.5
137.5
138.0
137.5
137.5
137.0
137.0
136.75
136.75
136.0
136.25
136.25
135.75
135.75
135.75
135.75
136.25
135.25
135.25
135.75
135.75
136.0
136.0
136.25
136.25
136.5
136.75
136.75
137.25
137.25
137.5
137.5
137.5
138.25
138.25
138.75
138.75
139.25
140.25
140.25
140.0
140.0
140.75
141.75
141.75
142.0
142.0
143.0
143.25
143.25
143.5
143.5
143.75
144.25
144.25
143.5
143.5
143.75
143.75
143.25
142.5
142.5
142.0
142.0
142.0
141.0
141.0
140.75
140.75
140.5
139.75
139.75
140.0
140.0
139.5
139.5
139.25
138.5
138.5
138.25
138.25
137.5
137.5
137.75
137.0
137.0
136.75
136.75
136.75
136.75
137.5
137.75
137.75
138.25
138.25
137.5
137.5
138.25
137.5
137.5
137.0
137.0
137.5
137.5
137.0
137.75
137.75
137.25
137.25
137.0
137.0
137.25
136.75
136.75
137.5
137.5
138.5
138.5
138.5
138.5
138.5
137.75
137.75
139.25
138.75
138.75
140.25
140.25
140.25
139.5
139.5
139.25
139.25
139.5
139.5
139.5
139.5
139.5
139.25
139.25
139.25
139.25
139.0
139.25
139.25
139.5
139.5
139.0
138.75
138.75
138.75
138.75
138.5
138.5
139.5
139.5
139.5
140.25
140.25
140.5
140.75
140.75
141.25
141.25
140.75
140.75
140.25
140.5
140.5
140.25
140.25
139.5
139.5
139.25
138.75
138.75
139.0
139.0
138.5
137.75
137.75
137.75
137.75
136.75
136.75
136.5
136.0
136.0
136.0
136.0
135.75
135.75
135.75
136.0
136.0
136.5
136.5
137.25
137.25
137.25
137.25
137.25
136.5
136.5
135.75
135.75
136.75
136.75
136.75
137.5
137.5
137.5
137.5
137.5
137.5
137.75
137.25
137.25
137.0
137.0
136.75
136.75
135.25
135.75
135.75
135.75
135.75
136.25
136.25
136.5
136.75
136.75
136.5
136.5
136.75
136.75
136.25
137.0
137.0
137.0
137.0
137.25
137.25
137.0
136.5
136.5
137.25
137.25
136.0
136.0
136.25
136.25
136.25
136.25
136.25
136.25
136.25
136.75
136.5
136.5
136.5
136.5
135.0
135.0
135.0
135.75
135.75
135.75
135.75
135.5
135.5
135.75
135.75
135.5
136.25
136.25
136.0
136.0
135.0
135.0
134.5
135.5
135.5
136.0
136.0
135.75
135.75
135.75
135.75
134.25
135.0
135.0
136.0
136.0
135.75
135.75
135.75
135.75
135.75
135.5
135.5
135.75
135.75
135.5
135.75
135.75
135.5
135.5
136.0
136.0
136.5
137.5
137.5
137.5
137.5
137.5
137.5
136.75
138.5
138.5
138.5
138.5
138.5
138.5
138.25
138.75
138.75
139.25
139.25
139.25
139.25
139.25
138.75
138.75
139.25
139.25
139.0
136.0
136.0
136.75
136.75
136.5
136.5
136.0
136.0
135.25
136.0
136.0
136.75
136.75
136.5
136.5
137.5
137.5
137.5
137.75
137.75
138.5
138.5
138.5
139.0
139.0
138.5
138.5
138.75
139.0
139.0
138.25
138.25
138.25
138.25
138.5
138.5
138.5
139.5
139.5
139.5
138.5
138.5
138.0
138.0
138.25
138.25
138.5
137.5
137.5
137.75
137.75
138.25
138.25
138.0
138.25
138.25
138.5
138.5
138.5
138.5
138.5
139.75
139.75
139.0
139.0
139.25
138.25
138.25
138.5
138.5
138.5
138.5
139.0
139.25
139.25
139.5
139.5
139.5
139.5
139.75
139.5
139.5
140.5
140.5
140.5
141.25
141.25
140.75
140.75
140.0
139.5
139.5
139.25
139.25
138.5
138.5
137.75
137.5
137.5
137.5
137.5
138.0
138.0
137.5
137.5
137.75
137.75
138.25
136.75
136.75
136.5
136.5
136.75
136.75
136.5
136.5
136.5
136.5
136.5
136.75
136.75
136.75
136.5
136.5
137.5
138.5
138.5
139.0
139.0
140.25
140.75
140.75
140.75
140.75
141.75
141.75
142.0
142.0
142.0
142.0
142.0
142.5
142.5
143.0
143.0
143.25
143.25
143.25
142.75
142.75
144.25
144.25
142.5
142.5
143.25
143.25
143.75
144.75
144.75
144.5
144.5
145.0
145.25
145.25
146.25
146.25
146.75
146.75
146.75
148.0
146.5
146.5
146.75
146.75
145.75
146.0
146.0
146.25
146.25
146.25
147.0
147.0
147.5
147.5
147.5
148.25
148.25
148.0
149.5
149.5
149.25
150.0
150.0
149.75
149.75
149.5
148.25
148.25
148.75
148.75
147.0
146.75
146.75
146.5
146.0
146.0
146.0
146.0
145.0
144.75
144.75
144.75
144.75
144.75
143.25
143.25
143.25
142.25
141.75
141.75
140.75
140.25
140.25
138.75
138.75
140.25
140.75
140.75
142.0
142.0
142.0
142.25
142.25
141.0
141.0
140.75
140.75
140.5
140.0
140.0
140.0
140.0
140.75
140.75
140.75
141.0
141.0
142.0
142.0
141.5
142.0
142.0
141.25
141.25
140.75
139.5
139.5
139.5
139.5
138.75
138.75
138.5
137.5
137.5
136.5
136.5
136.25
136.25
135.75
134.75
134.75
133.0
133.0
132.25
132.25
132.5
132.5
132.75
132.75
132.0
133.0
133.0
132.75
132.75
132.0
132.0
132.5
132.5
131.75
134.25
134.25
133.0
133.0
134.25
134.25
134.5
135.0
135.0
136.0
136.0
136.5
136.5
136.75
136.75
135.75
138.75
138.75
138.25
138.25
138.5
139.25
139.25
140.25
140.25
142.75
143.0
143.0
143.5
143.5
145.25
145.25
145.75
147.75
147.75
149.25
150.0
150.0
150.5
151.25
151.25
151.0
150.0
150.0
149.25
149.25
147.5
147.5
146.75
145.5
145.5
144.5
144.5
144.0
144.0
144.0
143.5
142.75
142.75
142.0
142.0
141.25
141.25
141.25
138.75
138.75
138.5
138.5
137.25
138.5
138.5
138.0
138.0
138.5
138.5
139.0
139.25
139.25
139.75
139.75
139.75
139.5
139.5
139.5
139.5
139.5
139.5
138.25
138.25
137.5
137.25
137.25
135.25
135.25
135.75
135.75
135.5
135.75
135.75
136.5
136.5
136.25
136.25
136.75
136.75
136.75
136.5
136.5
136.75
136.75
137.25
137.75
137.75
138.5
138.5
139.5
139.5
139.5
140.75
140.75
141.5
141.5
141.0
142.0
142.0
142.0
142.0
141.5
142.0
142.0
141.0
141.0
141.5
141.5
141.5
141.0
141.0
142.0
142.0
142.0
141.75
141.75
142.25
142.0
142.0
142.0
142.0
142.0
142.0
140.5
139.75
139.75
140.75
140.75
140.75
140.75
140.75
141.0
141.0
141.25
141.25
140.75
140.75
141.25
141.0
141.0
140.5
140.5
140.25
139.25
139.25
140.0
140.0
140.75
140.75
139.5
139.5
139.5
140.0
140.75
140.75
140.5
140.5
139.75
139.75
138.5
140.75
140.75
140.75
140.75
142.5
142.0
142.0
142.75
142.75
144.0
146.25
146.25
147.0
148.5
148.5
148.75
148.75
149.25
150.0
150.0
150.25
151.5
151.5
151.5
151.5
152.0
151.5
151.5
152.75
152.25
152.25
153.0
153.25
153.25
152.75
152.75
152.0
151.5
151.5
150.75
150.0
150.0
150.0
149.5
149.5
148.5
148.5
147.75
147.75
147.25
146.5
146.5
145.25
143.75
143.75
142.75
142.75
141.75
140.5
140.5
139.0
139.0
138.0
138.0
138.0
136.75
136.75
136.75
136.75
138.0
138.0
137.5
137.75
137.75
138.5
138.5
139.0
139.5
139.5
139.0
139.0
138.25
138.25
137.5
136.75
136.75
136.75
136.75
137.25
137.25
136.75
137.5
137.5
137.75
137.75
137.25
137.25
138.75
139.25
139.25
138.5
138.5
139.0
139.0
139.25
138.5
138.5
138.25
138.25
139.0
139.0
138.5
138.5
139.25
139.0
139.0
139.5
140.25
140.25
140.75
140.75
142.0
142.0
142.0
142.0
142.0
141.75
141.75
141.5
141.25
141.25
141.5
141.5
141.25
141.25
140.5
140.25
140.25
139.75
139.5
139.5
140.25
140.25
140.0
140.0
140.25
140.25
140.75
140.75
142.0
142.0
142.0
142.0
141.0
140.75
140.75
140.5
140.5
142.0
141.5
141.5
141.0
141.0
141.25
142.5
142.5
142.25
142.25
143.25
143.5
143.5
144.25
144.25
143.5
143.75
143.75
143.25
143.25
142.75
142.25
142.25
142.25
141.25
140.5
140.5
140.25
140.25
139.5
139.5
138.75
138.5
138.5
138.25
138.25
137.75
137.25
137.25
138.25
138.25
137.5
137.5
138.0
138.0
138.0
138.0
138.0
137.5
137.5
137.5
137.25
137.25
137.5
137.5
138.75
138.75
137.5
137.5
135.75
135.75
136.0
136.0
135.75
137.5
137.5
137.0
137.0
137.25
138.5
138.5
139.0
139.0
139.0
139.0
137.5
137.5
139.5
139.5
139.5
138.5
138.5
138.0
137.75
137.75
137.75
137.75
138.25
138.25
137.5
137.25
137.25
137.5
137.5
138.5
138.25
138.25
138.0
138.0
138.75
138.75
139.0
139.0
139.25
139.25
138.25
138.25
137.5
137.5
137.75
137.75
136.75
137.0
137.0
136.25
136.25
136.75
136.75
136.75
136.75
136.75
136.0
136.0
136.5
136.5
137.5
137.5
137.5
137.5
137.5
137.25
138.0
138.0
138.5
138.5
138.75
138.75
140.5
141.25
141.25
141.75
141.75
143.25
143.25
144.25
144.75
144.75
145.5
145.5
145.75
147.5
147.5
147.5
147.5
147.5
148.0
148.75
148.75
148.25
148.25
147.5
148.5
148.5
144.75
144.75
143.75
143.5
143.5
143.0
143.0
142.75
142.75
142.75
141.75
141.75
141.5
141.5
140.5
140.5
140.0
140.0
140.75
140.75
140.75
140.0
140.0
140.25
140.25
139.5
139.5
138.25
135.75
135.75
137.0
137.0
136.5
136.5
136.75
137.75
137.75
137.5
137.5
138.25
138.75
138.75
138.75
139.5
139.5
139.5
139.5
139.75
139.75
139.75
140.25
140.75
140.75
141.0
141.0
141.75
141.75
141.75
142.25
142.75
142.75
143.25
143.25
143.0
143.0
143.0
142.5
142.5
142.75
142.5
142.5
142.0
142.0
142.25
142.0
142.0
140.75
140.75
140.75
141.0
140.0
140.0
139.5
139.5
140.25
140.25
139.5
139.75
139.75
140.0
140.0
140.0
140.25
140.25
140.5
140.5
140.5
140.75
140.75
141.0
142.0
142.0
142.0
142.0
142.75
142.0
142.0
143.25
143.25
143.25
143.25
143.25
143.5
143.5
143.25
143.25
143.25
143.0
143.0
142.5
142.5
142.5
142.0
142.0
142.0
142.0
142.25
142.25
142.25
142.25
142.25
141.75
141.5
141.5
141.75
141.75
142.0
142.0
142.0
141.75
141.75
141.5
141.5
142.0
142.0
142.0
141.75
141.75
142.0
142.25
142.25
142.0
142.0
142.0
142.0
142.0
142.25
142.25
142.25
142.25
141.5
141.0
141.0
141.0
141.0
140.75
140.75
140.75
140.75
140.75
140.75
140.5
140.5
141.0
141.0
141.25
141.25
141.25
141.5
141.5
140.75
140.75
140.75
140.5
140.5
141.75
141.75
142.0
143.0
143.0
143.5
143.5
143.75
142.25
142.25
142.75
142.75
142.0
142.0
142.0
141.5
141.5
140.75
140.75
141.0
141.25
141.25
141.25
141.25
141.25
141.0
141.0
141.5
141.5
141.5
141.75
141.75
142.0
142.0
142.0
142.0
142.0
143.0
143.0
143.0
143.0
142.5
142.0
142.0
141.5
141.5
142.0
141.75
141.75
141.0
141.0
141.25
141.25
141.25
141.75
141.75
140.75
140.75
141.5
142.0
142.0
141.75
141.75
141.75
142.0
142.0
141.25
141.25
141.25
140.5
140.5
140.75
140.75
140.75
140.5
140.5
140.25
140.25
139.5
139.5
139.75
140.25
140.25
139.0
139.0
139.75
139.75
140.75
140.5
140.5
139.0
139.0
139.5
139.5
139.5
138.75
138.75
139.0
139.0
140.25
140.0
140.0
139.0
139.0
138.75
139.75
139.75
140.5
140.5
140.5
140.5
140.75
141.0
141.0
140.75
140.75
140.5
140.75
140.75
141.0
141.0
141.25
141.25
141.25
140.75
140.75
140.25
140.25
140.75
140.75
140.75
140.25
140.25
138.75
138.75
138.25
137.5
137.5
137.5
137.5
137.75
137.75
137.75
139.25
139.25
138.75
138.75
139.5
140.5
140.5
142.0
142.0
142.0
142.0
142.0
142.75
142.75
142.75
143.75
143.75
144.25
144.25
144.25
144.25
143.5
143.25
143.25
141.75
141.75
140.75
140.75
140.25
139.5
139.5
139.0
139.0
139.0
138.75
138.75
139.5
139.5
138.75
139.75
139.75
140.25
140.25
140.75
141.0
141.0
141.25
141.25
141.75
142.0
142.0
140.75
140.75
140.0
140.0
140.0
140.75
140.75
140.75
140.75
140.75
140.75
140.75
140.75
140.75
140.75
141.0
141.0
141.5
141.5
140.75
140.75
140.0
140.0
140.0
140.25
140.25
139.5
138.5
138.5
137.75
137.75
137.5
137.5
137.75
138.0
138.0
138.5
138.5
138.5
138.5
138.75
139.0
139.0
138.75
138.75
139.0
139.5
139.5
140.0
140.0
140.75
140.75
140.75
141.0
141.0
141.0
141.0
141.25
141.5
141.5
140.5
140.5
141.0
141.0
141.0
140.75
140.75
140.25
140.25
140.25
140.0
140.0
140.0
140.0
140.75
141.0
141.0
140.75
140.75
140.75
140.75
141.25
140.75
140.75
141.75
141.75
141.5
141.5
141.5
142.0
142.0
141.25
140.75
140.75
140.75
140.75
141.25
141.25
141.75
142.0
142.0
142.0
142.0
142.25
142.0
142.0
142.0
142.0
142.5
142.5
142.5
141.0
141.0
140.75
139.5
139.5
138.0
138.0
137.0
137.0
137.0
137.0
137.0
137.5
137.5
137.5
137.5
137.75
137.75
137.75
139.25
139.25
139.0
139.0
139.5
139.5
139.5
138.75
138.75
138.5
138.5
139.25
139.75
139.75
139.75
139.75
140.0
139.75
139.75
140.25
140.25
140.25
140.25
140.0
139.75
139.75
140.75
140.75
141.5
141.75
141.75
142.25
142.25
142.75
143.25
143.25
143.25
143.25
143.25
143.0
143.0
142.0
142.0
141.0
141.0
141.0
140.5
140.5
139.5
139.5
140.0
140.0
140.0
139.0
139.0
139.5
139.25
139.25
138.5
138.5
138.5
138.5
139.5
139.5
139.25
139.0
139.0
139.0
139.0
138.5
138.75
138.75
137.75
137.75
138.5
138.5
138.75
138.5
138.5
138.5
138.5
138.25
137.5
137.5
137.5
137.5
138.25
138.25
138.5
138.0
138.0
138.25
138.25
138.5
138.5
138.25
138.5
138.5
138.5
138.5
138.5
138.5
138.5
139.25
139.25
139.25
139.25
139.5
139.75
139.75
139.5
139.5
140.0
140.0
140.0
140.5
140.5
140.75
140.75
141.25
141.25
141.25
141.75
141.75
141.5
141.25
141.25
142.0
142.0
142.75
142.75
142.75
142.5
142.5
142.75
143.25
143.25
143.75
143.75
143.25
143.0
143.0
143.75
143.75
143.25
144.25
144.25
144.25
144.25
144.0
143.25
143.25
142.75
142.75
143.0
143.25
143.25
143.75
143.75
143.75
143.75
144.5
144.0
144.0
144.25
143.75
143.75
144.25
144.25
143.75
144.0
144.0
142.75
142.75
142.25
142.25
141.5
140.75
140.75
140.5
140.5
138.5
137.5
137.5
137.5
137.5
138.5
138.5
138.5
137.75
137.75
138.5
138.5
138.0
138.0
138.25
137.25
137.25
138.25
138.25
138.5
139.25
139.25
139.5
139.5
139.25
139.25
139.5
140.0
140.0
140.0
140.0
140.5
141.25
141.25
142.0
142.0
141.5
141.5
140.75
139.75
139.75
140.75
140.75
140.25
140.5
140.5
139.75
139.75
140.0
140.0
140.75
140.5
140.5
140.5
140.5
140.25
140.75
140.75
140.75
140.75
141.0
140.75
140.75
140.5
140.5
140.5
140.5
140.0
140.0
140.0
140.5
140.5
140.0
139.5
139.5
138.75
138.75
140.25
140.25
140.25
139.75
139.75
139.75
139.75
140.0
139.5
139.5
139.5
139.5
139.5
139.5
140.0
139.75
139.75
138.75
138.75
139.0
139.0
139.25
138.5
138.5
139.25
139.25
138.75
138.25
138.25
137.75
137.75
137.5
137.5
137.5
137.75
137.75
137.5
137.5
137.75
137.75
137.5
137.0
137.0
136.75
136.75
138.0
138.0
138.75
139.5
139.5
140.25
140.25
140.0
140.75
140.75
142.0
142.0
141.5
142.0
142.0
142.0
142.0
141.5
141.5
142.25
142.25
142.0
141.0
141.0
141.25
141.25
141.25
141.25
141.5
142.25
142.25
142.5
142.0
142.0
141.0
141.0
143.0
143.0
144.0
142.0
139.0
139.0
143.25
143.25
143.5
143.5
143.25
143.25
143.25
143.25
143.25
143.0
143.0
143.0
143.0
143.0
142.5
142.0
142.0
142.0
142.0
142.0
142.0
142.0
142.0
142.0
142.0
142.0
142.0
142.25
142.25
142.0
142.0
142.0
142.75
142.75
143.25
143.25
143.25
143.25
143.25
143.25
143.25
143.25
142.25
142.25
140.75
140.75
140.75
140.75
140.0
140.0
139.5
139.0
139.0
138.25
138.25
138.5
137.75
137.75
138.0
138.0
137.5
137.0
137.0
136.75
136.75
137.0
136.5
136.5
136.75
136.75
137.5
137.5
138.0
138.5
138.5
138.5
138.5
138.5
138.5
138.5
139.0
139.0
138.5
138.5
138.5
138.5
138.5
138.5
138.5
138.75
138.75
137.75
137.75
137.75
137.75
138.5
138.5
138.5
138.0
138.0
139.0
139.0
139.0
139.0
139.0
138.5
138.5
138.5
138.5
138.5
138.5
138.5
138.25
138.25
139.0
139.0
139.0
138.25
138.25
137.75
137.75
137.75
138.75
138.75
139.5
140.25
140.25
140.75
140.75
140.5
141.0
141.0
141.5
141.5
141.5
141.5
141.25
140.75
140.75
140.75
140.75
140.75
140.5
140.5
140.0
140.0
139.25
139.25
138.0
137.5
137.5
137.5
137.5
137.25
137.25
137.25
137.25
138.25
139.0
139.0
138.75
138.75
139.0
139.0
138.25
138.5
138.5
139.0
139.0
139.5
139.5
138.5
138.75
138.75
139.5
139.75
139.75
139.0
139.0
139.0
139.25
139.25
139.0
139.0
139.5
139.5
140.75
142.0
142.0
141.25
141.25
141.25
141.25
142.0
140.25
140.25
140.75
141.25
141.25
139.5
139.5
139.5
139.5
139.0
139.25
139.25
139.5
139.5
140.75
141.5
141.5
141.5
141.5
141.25
142.0
142.0
143.0
143.0
143.0
143.5
143.5
143.5
143.5
144.5
144.25
144.25
144.75
144.75
143.75
143.0
143.0
143.0
143.0
142.5
142.25
142.25
142.5
142.5
142.5
142.5
142.75
142.5
142.5
142.75
142.75
142.75
142.75
142.75
142.75
142.75
143.25
142.5
142.5
142.75
142.75
142.25
141.25
141.25
140.75
140.75
140.5
140.5
139.75
140.25
140.25
140.75
140.75
140.5
140.75
140.75
139.75
139.75
140.0
140.0
139.5
139.0
139.0
139.0
139.0
139.25
139.75
139.75
140.25
140.25
140.5
140.5
141.0
140.75
140.75
140.75
140.75
140.75
139.25
139.25
138.5
138.5
139.25
139.25
138.5
138.25
138.25
138.0
138.0
137.75
138.25
138.25
138.0
138.0
138.0
138.0
138.5
138.75
138.75
138.75
138.75
138.75
138.75
138.75
138.75
138.75
144.0
144.0
144.5
144.5
145.0
145.25
145.25
146.5
147.0
147.0
146.5
147.0
147.0
147.5
147.5
147.5
148.25
148.25
148.0
148.0
147.0
146.25
146.25
145.5
145.75
145.75
145.5
145.5
145.0
144.75
144.75
145.0
145.0
145.0
145.0
145.0
145.25
145.25
145.0
144.75
144.75
145.0
145.0
145.25
146.0
146.0
146.25
146.25
146.25
145.75
145.75
145.25
145.25
145.0
144.25
144.25
143.25
143.25
144.25
144.5
144.5
144.75
144.75
145.0
144.75
144.75
145.0
145.0
145.75
145.75
145.75
146.5
148.25
148.25
149.25
150.75
150.75
149.5
149.5
149.5
149.0
149.0
149.0
149.0
150.0
150.0
150.0
150.0
150.0
150.0
150.0
150.0
150.0
150.0
150.0
154.75
154.75
155.25
154.5
154.5
155.0
155.0
155.25
155.25
155.25
154.0
155.0
155.0
154.0
155.5
155.5
154.5
154.0
154.0
153.75
152.75
152.75
151.5
151.5
150.5
150.25
150.25
148.75
149.0
149.0
148.0
148.0
147.0
147.0
147.0
146.75
146.75
145.0
143.75
143.75
142.25
142.25
142.0
142.0
140.5
140.5
140.75
140.75
139.75
139.0
139.0
139.0
139.0
138.5
138.5
139.0
139.5
139.5
139.75
139.75
139.5
138.5
138.5
139.0
139.0
137.5
137.5
136.5
136.0
136.0
136.25
136.25
136.5
136.5
136.75
136.25
136.25
136.0
136.0
135.75
135.75
135.5
135.5
135.25
135.75
135.75
134.25
134.25
135.0
135.0
135.75
135.75
135.75
136.5
136.5
137.5
137.5
138.25
139.25
139.25
139.75
139.75
139.0
139.5
139.5
139.75
139.75
139.5
139.5
139.5
141.75
141.75
141.75
141.75
142.25
143.25
143.25
142.5
142.5
142.0
141.5
141.5
141.0
141.0
141.0
141.0
141.0
140.75
140.75
140.5
140.5
139.75
139.5
139.5
140.0
140.0
140.25
140.75
140.75
141.5
141.5
142.0
142.0
142.0
142.25
142.25
142.0
142.0
142.0
141.5
141.5
140.75
140.75
140.5
140.5
140.5
141.5
141.5
141.0
140.5
140.5
139.75
139.75
141.5
141.5
142.0
142.5
142.5
143.0
143.0
143.75
144.0
144.0
143.25
143.25
143.25
143.25
143.25
143.25
143.25
143.25
142.5
142.5
142.25
142.25
141.75
140.25
140.25
140.5
140.5
139.5
139.5
138.75
139.0
139.0
139.0
137.25
138.0
138.0
135.75
135.75
135.75
135.5
135.5
136.25
136.25
136.0
135.75
135.75
135.5
135.5
135.0
135.0
134.75
134.75
133.75
133.75
134.0
134.0
131.5
131.5
132.25
132.75
132.75
132.75
132.75
132.75
133.25
133.25
134.25
134.25
135.25
135.25
135.0
135.75
135.75
136.75
136.75
135.75
135.75
135.0
133.75
133.75
133.0
133.0
132.0
132.0
132.5
132.5
134.75
135.5
135.5
135.75
135.75
134.75
134.75
136.75
137.25
137.25
138.5
138.5
139.25
139.25
140.5
141.75
141.75
142.0
142.0
142.0
142.0
141.25
141.75
141.75
140.75
141.25
141.25
142.5
142.5
142.75
142.75
142.75
143.75
143.75
143.75
143.25
143.25
142.5
142.5
142.25
144.0
144.0
144.5
144.5
145.0
146.0
146.0
146.25
146.25
146.75
146.25
146.25
145.5
145.5
145.25
145.0
145.0
145.0
145.0
143.75
144.0
144.0
144.0
144.0
143.25
143.25
143.25
142.5
142.5
142.25
143.0
143.0
143.75
143.75
143.75
143.5
143.5
144.0
144.0
144.25
145.0
145.0
146.0
146.0
145.75
146.25
146.25
146.5
146.5
146.0
146.25
146.25
146.75
146.5
146.5
146.0
146.0
146.0
146.25
146.25
146.0
146.0
146.25
145.75
145.75
145.75
145.75
145.75
146.0
146.0
146.75
146.75
146.5
146.0
146.0
145.5
145.0
145.0
144.5
144.5
144.25
144.25
143.25
143.25
143.25
143.0
143.0
142.75
143.25
143.25
144.0
144.0
143.25
143.5
143.5
144.0
144.0
143.75
144.5
144.5
145.0
145.0
145.0
144.5
144.5
143.25
143.25
142.0
141.75
141.75
142.0
142.0
142.0
141.0
141.0
140.75
140.75
140.75
140.75
140.75
140.0
140.0
141.75
141.75
142.0
142.5
142.5
143.25
143.25
143.75
143.5
143.5
143.25
143.25
143.25
143.25
143.25
142.75
142.75
142.75
143.0
143.0
142.5
142.5
142.75
142.75
144.25
145.0
145.0
144.0
144.5
144.5
144.25
144.25
144.75
145.0
145.0
145.5
145.5
145.5
145.75
145.75
145.75
145.75
143.25
143.25
142.75
143.25
143.25
143.75
143.75
143.75
143.25
143.25
143.25
143.0
143.0
143.5
143.5
143.25
143.25
143.25
143.0
143.0
142.5
142.5
142.5
143.25
143.25
143.5
143.5
143.25
143.75
143.75
143.75
143.75
143.75
144.25
144.25
143.5
143.75
143.75
144.25
144.25
143.25
143.5
143.5
144.25
144.25
144.0
143.5
143.5
144.25
144.25
144.75
145.0
145.0
146.5
145.5
145.5
145.5
145.5
145.0
144.25
144.25
144.25
144.25
143.25
142.5
142.5
140.75
140.75
140.0
140.0
139.5
140.25
140.25
140.75
140.75
140.75
140.75
140.75
141.5
141.5
141.5
141.5
142.25
143.25
143.25
143.75
144.5
144.5
143.75
143.75
143.25
143.25
144.0
143.25
143.25
143.25
144.0
144.0
143.5
143.5
143.0
143.0
142.0
141.5
141.5
142.0
142.0
142.25
142.25
142.25
142.0
142.0
142.0
141.75
141.75
142.0
142.0
141.25
141.75
141.75
142.0
142.0
142.5
142.5
142.0
142.75
142.75
142.0
142.0
142.5
142.5
142.5
142.0
142.0
142.5
142.5
142.5
142.0
142.0
141.25
140.75
140.75
140.25
140.25
142.0
142.0
142.75
143.5
143.5
142.0
142.75
142.75
144.0
144.0
145.0
145.0
145.0
144.5
144.5
144.5
143.25
143.25
143.75
143.75
143.5
143.5
143.5
143.25
143.25
143.25
143.5
143.5
142.5
142.5
142.0
142.0
141.5
142.25
142.25
142.25
142.25
141.5
141.5
141.75
141.75
141.75
142.0
142.25
142.25
141.75
141.75
142.0
143.0
143.0
142.75
142.75
144.25
144.5
144.5
145.5
145.5
144.0
146.0
146.0
145.75
145.75
146.5
148.5
148.5
148.5
148.5
148.5
148.5
148.5
148.5
148.5
148.5
148.5
148.5
148.5
148.25
148.25
147.5
147.5
147.5
147.5
147.5
146.25
146.25
143.25
142.5
142.5
141.25
141.25
140.75
142.0
142.0
142.0
142.0
139.75
139.75
138.75
140.0
140.0
139.0
139.0
138.0
138.0
138.5
139.0
139.0
138.75
138.75
140.75
140.5
140.5
140.0
140.0
140.75
140.75
141.5
142.25
142.25
141.5
141.5
143.0
143.0
143.75
144.25
144.25
144.0
143.0
143.0
144.25
144.25
146.0
146.0
145.75
145.0
145.0
144.5
144.5
143.75
143.75
143.75
144.0
144.0
143.75
143.75
143.75
144.25
144.25
143.75
144.0
144.25
144.25
143.25
143.25
143.0
143.0
143.0
143.25
143.25
143.0
143.0
143.25
143.5
143.5
143.75
143.75
144.75
145.0
145.0
144.5
145.5
145.5
144.5
144.5
144.25
144.25
144.25
145.0
145.0
144.75
145.25
145.25
145.0
145.0
145.75
146.5
146.5
146.75
146.75
147.0
147.5
147.5
148.0
148.25
148.25
147.75
147.75
148.75
148.75
148.75
149.5
149.5
148.75
148.75
148.5
148.5
148.5
148.5
148.5
147.25
147.5
147.5
148.5
148.5
149.0
149.0
148.5
148.5
148.5
149.25
149.25
148.75
148.5
148.5
149.0
149.0
149.5
149.5
149.5
148.5
148.5
148.5
148.5
148.0
147.25
147.25
147.25
147.5
147.5
147.0
147.0
146.5
147.0
147.0
146.5
146.5
146.75
145.5
145.5
144.5
144.5
144.5
143.25
143.25
142.75
142.75
141.75
141.25
141.25
142.0
142.0
142.25
142.5
142.5
142.75
142.75
142.75
143.0
143.0
142.25
142.25
142.0
142.0
144.25
140.75
144.25
144.25
145.0
145.0
144.5
145.75
145.75
145.0
145.0
145.5
145.75
145.75
145.75
145.75
145.75
145.0
145.0
145.75
145.75
146.75
146.75
146.75
146.5
146.5
145.75
145.25
145.25
145.25
144.5
143.75
143.75
143.25
143.25
143.0
143.0
142.5
142.5
141.75
142.0
142.0
142.5
142.5
143.25
143.75
143.75
144.0
144.0
143.0
143.25
143.25
143.25
143.25
143.5
143.25
143.25
145.25
145.25
145.0
144.5
144.5
144.25
144.25
144.5
144.5
144.5
143.75
143.75
144.25
144.75
144.75
145.0
145.0
145.25
145.0
145.0
144.5
144.5
144.75
144.5
144.5
145.75
145.75
147.0
147.0
147.0
146.75
146.75
146.75
146.75
146.75
147.0
145.0
145.0
145.25
145.25
145.25
145.25
145.25
145.25
145.25
145.25
145.5
145.5
146.75
146.75
146.5
146.5
146.5
146.5
146.5
146.5
145.5
145.5
147.0
147.0
146.5
146.5
146.25
146.25
146.25
146.75
146.75
146.5
146.5
147.0
146.25
146.25
146.0
146.0
146.5
146.5
146.5
146.0
146.0
146.5
147.5
147.5
145.75
145.5
145.5
145.75
145.75
146.0
146.0
146.0
145.75
145.75
146.0
145.25
145.25
145.25
145.25
146.0
145.0
145.0
145.0
145.0
144.5
145.0
145.0
145.0
145.75
145.75
145.25
145.25
144.75
145.0
145.0
144.75
144.75
145.0
145.0
145.0
145.25
145.25
146.0
146.0
147.75
147.75
146.0
145.5
145.5
145.75
146.0
146.0
145.25
145.25
145.5
145.75
145.75
146.0
146.0
146.25
145.75
145.75
145.0
145.0
144.5
145.0
145.0
145.0
145.0
145.25
144.5
144.5
145.0
145.0
145.0
145.0
145.0
145.25
146.0
146.0
145.25
145.25
145.25
145.75
145.75
146.5
146.5
146.5
147.5
147.5
147.25
147.25
148.0
148.0
148.0
147.0
148.25
148.25
149.0
149.0
148.25
148.0
148.0
147.5
146.75
146.75
146.25
146.25
146.25
146.0
146.0
145.75
145.75
145.75
146.0
146.0
146.5
146.5
147.0
146.75
146.75
147.0
147.0
147.0
147.25
147.25
147.0
147.25
147.25
147.25
147.25
147.75
148.5
148.5
147.0
147.0
147.25
147.25
147.25
148.25
147.25
147.25
146.0
146.0
146.0
145.75
145.75
145.5
145.5
145.5
145.75
145.75
145.75
145.75
146.0
146.0
146.0
146.75
146.75
146.75
146.5
146.5
146.75
147.5
147.5
148.25
150.0
150.0
150.0
150.0
150.0
150.0
150.0
150.0
150.0
150.0
150.0
150.0
150.0
149.75
149.75
149.75
149.7596153846154
149.76923076923077
149.77884615384616
149.78846153846155
149.79807692307693
149.80769230769232
149.81730769230768
149.82692307692307
149.83653846153845
149.84615384615384
149.85576923076923
149.8653846153846
149.875
149.8846153846154
149.89423076923077
149.90384615384616
149.91346153846155
149.92307692307693
149.93269230769232
149.94230769230768
149.95192307692307
149.96153846153845
149.97115384615384
149.98076923076923
149.9903846153846
150.0
150.0
151.0
150.0
150.0
150.0
150.0
150.0
150.0
150.0
150.0
149.75
149.75
149.75
149.75
149.75
149.75
149.75
149.75
151.95454545454547
154.1590909090909
156.36363636363637
158.5681818181818
160.77272727272728
162.97727272727272
165.1818181818182
167.38636363636363
169.5909090909091
171.79545454545453
174.0
174.0
174.0
174.0
174.0
174.0
174.0
174.0
174.0
174.0
174.0
174.0
174.0
173.75
174.0
172.0
170.0
168.0
166.0
164.0
162.0
163.75
163.75
163.75
164.75
164.75
163.25
163.75
163.75
163.5
163.25
163.25
162.5
162.5
162.5
163.25
163.25
163.5
162.25
162.25
163.75
163.5
163.5
163.5
162.5
164.0
164.0
162.75
163.25
163.25
162.75
162.75
162.75
162.5
163.5
163.5
163.75
162.5
162.5
162.75
162.0
162.0
161.0
161.5
161.5
159.5
160.5
160.5
160.5
160.0
160.0
159.0
160.0
160.0
160.25
158.5
158.5
158.5
158.25
158.25
157.75
157.25
157.25
156.5
156.25
156.25
156.0
156.0
153.75
153.75
153.75
155.0
152.0
152.0
152.75
152.0
152.0
151.5
152.5
152.5
152.75
152.5
152.5
152.75
154.0
154.0
153.25
154.0
154.0
152.75
152.75
153.0
153.0
151.75
153.0
153.0
153.25
152.75
152.75
153.5
154.25
154.25
153.75
153.75
153.5
153.75
153.75
153.25
153.0
153.0
153.0
153.0
153.0
151.75
153.5
153.5
153.5
152.25
152.25
152.25
153.75
153.75
153.0
153.75
153.75
152.75
152.75
153.25
153.0
153.0
153.25
152.75
152.75
153.5
153.25
153.25
154.0
154.5
154.5
156.25
156.25
150.5
158.75
158.75
158.0
155.5
155.5
156.0
155.0
155.0
155.75
156.0
156.0
156.25
156.25
156.25
156.25
155.75
155.75
155.5
156.25
156.25
156.0
156.0
156.25
156.0
156.0
155.0
155.25
155.25
155.25
154.25
154.25
154.75
154.5
154.5
154.25
154.25
154.5
154.5
154.5
154.5
154.5
154.5
155.25
154.75
154.75
155.5
155.75
155.75
156.0
155.5
155.5
155.25
155.75
155.75
156.5
156.5
156.0
157.0
157.0
156.5
157.25
157.25
158.75
158.75
158.75
159.5
159.5
159.5
160.5
160.5
161.0
161.0
160.75
161.5
161.5
161.5
162.25
162.25
162.25
162.75
162.75
162.5
163.25
163.25
162.75
163.25
163.25
162.75
163.75
163.75
163.75
163.75
163.75
163.25
162.5
162.5
162.25
163.25
163.5
163.5
163.25
164.5
164.5
164.5
164.25
164.25
164.5
165.0
165.0
164.25
165.5
166.75
166.75
166.75
166.75
166.75
167.0
168.0
168.0
168.0
168.0
168.0
167.75
167.75
167.75
167.75
167.75
173.25
173.25
173.25
172.25
168.25
168.25
168.25
166.75
166.75
167.5
167.0
167.0
166.5
166.5
166.5
168.25
168.25
167.5
166.5
166.5
165.75
166.25
166.75
166.75
166.0
166.25
166.25
166.25
166.25
165.0
165.0
164.0
164.0
163.75
162.0
162.0
161.5
161.5
161.5
161.25
160.0
160.0
160.0
157.5
157.5
158.0
158.0
156.25
156.25
155.25
154.25
154.25
153.0
152.25
152.25
151.25
153.5
153.5
153.75
153.75
154.5
153.0
153.0
153.75
155.25
155.25
152.75
154.25
154.25
154.25
155.5
155.5
155.0
155.0
155.0
155.5
155.5
154.75
154.5
154.5
154.5
154.25
154.25
153.25
153.25
153.25
152.25
152.25
152.5
152.75
152.75
152.5
153.0
153.0
153.0
153.25
153.25
153.0
153.0
152.75
153.0
153.0
152.75
152.75
152.75
153.0
154.0
154.0
153.25
153.25
152.75
153.25
153.25
151.5
149.75
149.75
150.5
150.5
149.5
149.75
149.75
150.0
149.0
149.0
148.75
148.75
148.5
147.75
147.75
149.75
149.25
149.25
150.5
150.5
150.0
150.5
150.5
151.5
150.25
150.25
149.0
149.0
149.75
149.75
150.0
150.0
150.0
150.0
149.75
149.75
150.25
150.25
149.0
150.25
150.25
150.75
152.25
152.25
151.5
151.5
151.5
150.5
150.5
150.0
150.0
149.25
150.0
150.0
150.0
150.25
150.25
149.75
150.5
150.5
150.75
151.25
151.25
152.0
152.0
151.25
152.25
152.25
152.75
152.75
152.0
152.0
152.75
152.75
152.75
152.75
152.75
152.75
153.0
153.0
153.0
153.0
153.0
153.0
153.0
153.0
153.0
153.0
153.0
153.0
152.5
152.75
152.75
152.75
153.0
153.0
153.5
154.0
154.0
153.25
153.25
154.0
153.75
153.75
154.0
154.25
154.25
155.5
156.25
156.25
156.0
156.0
156.0
155.75
155.75
155.75
155.75
155.75
155.25
155.0
155.0
154.75
155.5
155.5
157.0
156.5
156.5
156.75
156.0
156.0
157.0
157.25
157.25
156.0
156.0
156.5
156.75
156.75
156.75
158.0
158.0
158.0
157.0
157.0
156.75
156.0
156.0
156.5
156.0
156.0
155.75
155.75
155.75
156.0
156.0
156.0
156.75
156.75
157.0
156.5
156.5
156.5
156.5
156.5
157.0
157.5
157.5
157.25
156.75
156.75
156.75
157.5
157.5
157.25
156.75
156.75
156.75
157.25
157.25
159.5
156.75
156.75
158.0
158.0
158.0
157.75
157.0
157.0
157.0
157.0
157.0
158.25
158.25
158.0
157.25
157.0
157.0
156.0
156.0
155.75
155.75
155.75
156.25
156.0
156.0
156.0
156.0
156.5
156.25
156.25
155.75
156.0
156.0
155.5
155.25
155.25
155.25
155.75
155.75
156.0
154.25
154.25
153.5
153.5
153.0
150.25
150.25
150.0
150.0
149.75
150.0
150.0
150.5
150.75
150.75
151.25
151.0
151.0
152.25
152.75
152.75
153.5
153.5
153.75
152.75
152.75
153.5
153.0
153.0
154.25
155.0
155.0
155.0
154.75
154.75
155.5
155.5
155.5
155.5
155.5
155.25
156.25
156.25
156.0
156.0
156.0
156.25
156.75
156.75
155.75
156.75
156.75
157.0
155.25
155.25
156.0
156.0
155.25
155.0
155.0
155.5
156.0
156.0
156.25
156.5
156.5
156.25
156.0
156.0
156.25
156.25
156.25
155.75
155.75
155.75
156.5
156.5
156.25
156.5
156.5
155.25
155.25
155.75
156.5
156.5
156.5
157.5
157.5
156.75
156.75
158.25
158.25
158.5
158.25
158.25
158.0
158.75
158.75
159.5
159.5
160.0
161.0
161.0
160.25
160.25
160.25
162.0
162.0
162.25
162.0
162.0
162.75
162.75
162.0
161.5
161.5
162.25
163.75
163.75
163.25
163.25
162.75
162.75
163.25
164.0
164.0
164.5
164.5
164.5
164.75
165.75
165.75
165.75
166.25
166.5
166.5
166.75
166.75
166.75
166.75
166.75
166.75
167.0
167.0
165.5
167.0
168.0
168.0
167.75
168.25
168.25
169.0
169.75
169.25
169.25
170.0
170.75
170.75
170.0
170.0
171.0
171.0
168.25
169.5
169.5
168.5
168.25
168.25
168.5
168.5
168.0
168.0
168.0
168.0
168.5
168.5
167.0
166.75
166.25
166.25
166.75
166.0
166.0
167.75
168.5
168.5
167.5
167.5
167.0
167.0
167.0
166.75
166.75
166.5
166.0
166.0
164.5
165.0
165.0
165.5
165.5
165.5
165.0
166.25
165.5
165.5
165.0
165.0
165.0
164.75
164.0
164.0
163.75
164.25
164.25
164.0
164.25
164.25
163.75
162.5
162.5
162.75
162.25
162.75
162.75
162.75
162.25
162.25
162.0
160.75
160.75
160.5
162.75
162.75
162.0
161.0
161.0
161.0
162.75
162.75
162.75
162.0
162.0
162.0
162.0
162.0
161.25
161.25
161.25
160.5
160.25
160.25
159.25
159.5
159.5
159.25
160.25
160.25
160.25
160.5
160.5
160.0
159.5
159.5
160.75
161.25
161.25
161.25
162.0
162.0
161.75
162.25
162.25
162.25
162.5
162.5
162.25
162.5
162.5
163.25
162.5
162.5
162.5
164.25
165.0
165.0
165.0
165.0
165.0
165.0
165.0
165.0
165.0
165.0
165.0
165.0
165.0
165.0
165.0
165.0
164.8125
164.625
164.4375
164.25
164.0625
163.875
163.6875
163.5
163.3125
163.125
162.9375
162.75
162.5625
162.375
162.1875
162.0
160.25
161.5
161.5
161.25
161.25
162.0
161.75
161.5
161.5
161.0
161.0
161.0
161.0
161.0
160.75
161.0
161.0
155.75
155.25
155.25
155.75
155.0
155.0
155.0
155.5
155.5
155.75
155.75
155.5
155.5
155.5
154.5
155.75
155.75
154.75
154.75
154.75
154.75
154.75
154.75
154.75
154.75
154.75
155.0
156.5
156.5
156.5
156.5
157.75
157.25
157.25
157.0
157.0
157.0
157.25
157.75
157.75
156.75
155.75
155.75
157.0
156.5
156.5
154.5
155.0
155.0
153.75
153.75
153.5
151.0
151.0
152.0
153.0
153.0
151.75
152.75
152.75
152.5
152.5
152.5
152.5
152.5
152.25
151.75
151.75
153.5
151.75
151.75
152.0
152.0
151.75
152.75
152.75
152.25
153.0
153.0
152.5
152.25
152.25
152.0
152.0
153.0
152.5
152.5
153.75
152.5
152.5
152.0
150.75
150.75
151.75
151.75
152.25
153.75
153.75
153.75
154.0
154.0
153.0
153.25
153.25
153.0
154.75
154.75
155.25
155.25
156.25
156.25
156.25
155.0
154.75
154.75
154.5
155.5
155.5
155.75
156.0
156.0
156.75
156.75
156.75
156.75
156.75
157.0
157.0
157.0
157.25
157.25
157.25
157.5
157.5
157.75
157.25
157.25
157.5
157.5
157.5
157.5
158.0
158.0
157.5
157.5
157.5
157.5
157.5
157.5
157.75
157.75
157.25
157.25
157.5
158.5
158.5
158.0
158.0
158.0
158.25
157.5
157.5
157.75
158.5
158.5
158.5
158.75
158.75
158.5
158.5
158.5
159.25
160.0
160.0
160.25
160.0
160.0
160.25
161.0
161.0
161.25
161.75
161.75
162.0
161.75
161.75
162.0
163.25
163.25
162.25
163.25
163.25
164.0
164.25
164.25
162.75
163.5
163.5
163.75
164.75
166.0
166.0
165.75
166.0
166.0
166.5
165.75
165.75
166.75
167.0
166.75
166.75
167.0
167.5
167.5
168.25
168.25
168.25
169.5
169.0
169.5
169.5
169.5
167.5
167.5
167.75
168.0
168.0
168.5
169.0
168.0
168.0
167.5
167.5
167.5
169.0
169.25
169.25
166.5
166.25
167.0
167.0
167.0
168.25
168.25
167.0
166.75
166.75
167.75
167.5
167.0
167.0
166.5
166.0
166.0
166.5
167.0
167.0
165.0
164.75
164.75
164.75
164.75
164.75
164.75
164.75
165.0
165.0
165.0
161.5
162.75
162.75
161.25
160.0
160.0
159.5
159.5
158.75
158.75
158.75
158.25
158.25
159.0
157.75
157.75
156.75
156.0
156.0
156.0
156.5
156.5
156.5
156.25
156.25
156.5
157.0
157.0
157.5
156.75
156.75
156.75
156.75
156.25
157.5
157.5
156.5
157.5
157.5
157.25
157.25
157.25
156.25
156.25
156.0
156.5
156.5
156.25
155.75
155.75
156.25
155.75
155.75
154.0
154.0
154.25
153.0
153.0
153.25
153.5
153.5
152.25
152.25
153.25
153.25
153.25
153.25
152.5
152.5
153.5
153.5
153.25
154.25
154.25
153.25
153.0
153.0
153.75
153.0
153.0
152.0
152.75
152.75
153.75
153.5
153.5
153.0
153.0
152.5
153.25
153.25
154.0
153.5
153.5
152.75
151.5
151.5
152.25
152.25
152.25
152.0
151.75
151.75
151.0
151.0
151.0
151.0
151.0
151.25
151.0
151.0
151.25
151.5
151.5
151.75
151.75
151.25
150.25
150.25
151.0
151.25
151.25
151.75
152.0
152.0
152.25
152.25
152.75
153.25
153.25
153.0
153.5
153.5
153.5
154.0
154.0
154.75
154.25
154.25
154.25
154.25
154.5
155.0
155.0
155.5
155.5
155.5
156.0
156.25
156.25
156.25
155.75
155.75
156.75
156.5
156.5
156.75
156.25
156.25
156.5
156.5
156.5
157.5
157.5
158.0
159.0
159.0
158.5
159.5
160.25
160.25
161.25
161.25
161.25
162.75
163.25
163.25
162.25
162.75
162.75
162.25
162.5
162.5
162.25
162.25
162.25
162.5
162.0
162.0
162.0
161.75
161.75
161.75
161.75
161.75
161.75
161.5
161.5
161.5
161.5
161.5
161.0
161.0
161.0
161.25
161.75
161.75
161.75
160.25
160.25
160.0
159.5
159.5
159.5
159.5
159.5
160.0
159.25
159.25
159.0
158.25
158.25
159.25
158.75
158.75
158.5
157.25
157.25
157.75
158.0
158.0
156.5
156.5
156.5
156.75
156.25
156.25
156.75
156.25
156.25
156.5
156.5
157.5
157.5
157.5
157.0
157.5
157.5
157.25
158.25
158.25
158.75
159.0
159.0
160.25
160.25
160.25
161.0
161.0
160.0
160.0
161.5
161.5
161.75
161.75
162.25
162.25
162.5
162.5
162.5
163.25
162.75
162.75
163.5
163.25
163.25
163.25
163.25
163.25
163.75
163.75
163.75
164.0
164.25
164.25
163.75
163.75
164.0
164.0
164.0
164.25
164.25
164.0
164.25
164.25
163.75
163.5
163.5
163.25
161.75
161.75
162.0
161.5
161.5
162.5
162.25
162.25
162.5
161.5
161.5
162.0
161.25
161.25
162.0
162.25
161.75
161.75
162.25
161.75
161.75
161.75
161.75
161.75
161.5
162.25
162.25
162.0
161.5
161.5
161.5
161.5
161.5
161.5
162.5
162.5
163.25
163.25
162.5
162.25
162.25
162.75
162.75
162.75
163.5
163.25
163.25
162.5
162.75
162.75
162.5
162.75
162.5
162.5
163.25
162.5
162.5
163.75
163.75
162.25
164.25
164.5
164.5
164.25
164.0
164.0
163.25
162.75
162.75
163.5
164.0
164.0
163.25
163.75
163.75
161.25
162.75
164.5
164.5
163.75
163.25
163.25
164.75
165.0
165.0
164.25
163.75
163.75
163.5
163.5
163.5
162.75
162.5
162.5
162.75
163.25
163.25
162.5
163.25
163.25
163.25
163.5
162.75
162.75
162.5
162.75
162.75
162.5
162.25
162.25
162.25
162.25
162.25
162.0
162.25
162.25
162.25
161.75
161.75
160.5
162.75
162.75
163.25
164.75
164.75
163.75
162.0
162.0
162.75
162.5
162.5
162.5
162.75
162.5
162.5
162.25
162.25
162.25
162.25
163.25
163.25
163.5
163.75
163.75
164.0
164.25
164.25
165.0
165.5
165.5
165.5
165.75
166.25
166.25
166.5
166.0
166.0
166.0
166.0
166.0
165.0
165.75
165.75
166.0
165.75
165.5
165.5
165.75
165.75
165.75
166.0
166.0
166.0
166.0
165.75
165.75
165.75
166.0
166.0
166.0
166.0
165.91666666666666
165.83333333333334
165.75
165.66666666666666
165.58333333333334
165.5
165.75
165.75
164.75
164.25
164.25
164.5
164.75
164.25
164.25
164.0
164.0
164.0
164.25
164.25
164.25
164.25
164.25
164.25
164.0
164.0
164.0
164.0
164.5
164.5
164.5
164.0
163.5
163.5
163.75
163.75
163.75
163.75
164.0
164.0
165.0
163.5
163.5
163.75
163.5
163.5
162.5
161.75
161.75
162.75
163.25
162.5
162.5
162.0
162.0
162.0
161.75
162.0
162.0
161.25
161.5
161.5
162.0
161.25
161.25
161.25
161.25
161.25
161.25
161.25
161.25
161.25
161.5
161.5
161.25
164.5
164.5
164.0
164.0
164.75
164.75
165.0
164.0
164.0
164.5
164.5
164.5
163.25
162.0
162.0
163.25
162.75
162.75
162.5
162.5
162.5
162.5
162.25
162.25
162.0
162.25
163.5
163.5
163.5
162.75
162.75
162.25
163.5
163.5
162.5
162.25
162.25
162.25
162.25
162.25
162.25
162.5
162.5
162.25
161.75
161.75
161.25
161.25
161.25
161.25
161.25
161.25
161.0
161.0
161.0
161.25
161.25
161.25
161.0
160.75
160.75
161.0
161.0
161.0
160.75
161.0
161.0
161.75
161.0
161.0
160.25
160.25
160.25
160.25
160.0
160.0
161.5
161.5
161.5
160.25
160.75
160.75
161.75
160.5
160.75
160.75
161.0
161.0
161.0
160.75
161.25
161.25
161.0
161.0
160.75
160.75
159.5
159.5
158.25
158.25
156.5
154.25
154.25
153.75
154.0
154.0
153.75
153.5
153.5
152.75
152.75
152.25
151.75
151.75
151.75
152.5
152.5
152.75
152.75
152.0
152.0
152.25
152.0
152.0
152.5
152.5
151.75
151.0
151.0
152.0
151.75
151.75
151.75
151.75
151.75
150.75
150.75
149.25
149.5
149.5
149.5
149.5
149.5
149.75
149.75
149.5
149.0
149.0
149.25
149.25
149.75
149.75
149.75
150.5
152.75
152.75
151.0
151.75
151.75
151.5
151.25
151.25
151.25
151.25
151.25
151.25
151.25
151.25
151.5
151.5
151.25
151.25
152.0
151.5
151.5
152.75
153.5
153.5
156.25
155.25
155.25
156.0
156.25
156.25
156.25
157.0
157.0
157.5
157.5
157.0
157.0
157.0
157.25
156.5
156.5
156.5
156.5
156.5
156.5
156.25
156.25
154.5
154.5
152.25
149.75
149.75
146.5
146.5
145.75
144.75
144.75
144.0
144.0
143.0
142.0
142.0
141.75
141.75
141.75
142.0
142.0
142.0
142.0
142.25
142.5
142.5
142.25
142.25
141.25
141.25
140.75
141.75
141.75
142.0
142.0
142.25
142.25
142.25
141.5
141.5
140.0
140.0
140.5
141.25
141.25
142.5
143.75
143.75
141.75
141.75
142.5
142.5
143.5
143.5
143.5
143.75
143.75
143.0
143.0
142.75
142.0
142.0
141.0
141.0
140.0
140.0
139.25
139.25
138.5
138.5
137.75
137.0
137.0
137.0
137.0
136.0
136.0
137.25
136.5
136.5
136.75
138.25
138.25
138.5
138.5
140.0
141.25
141.25
142.0
142.0
143.25
143.25
143.75
143.25
143.25
143.0
143.0
144.0
144.25
144.25
144.5
144.75
144.75
144.25
144.25
144.0
144.0
144.0
142.0
142.0
141.75
141.75
139.25
138.0
138.0
138.75
138.75
138.75
139.25
139.25
139.25
139.25
138.5
138.5
139.25
139.25
139.25
139.25
139.25
139.25
139.25
139.25
139.5
139.25
139.25
140.0
140.0
139.75
139.75
139.75
139.5
139.5
139.0
139.0
139.0
139.25
139.25
139.25
139.25
139.5
140.25
140.25
140.75
140.75
140.75
140.75
140.0
140.0
140.0
139.25
139.25
139.25
139.0
139.0
139.0
139.0
139.0
138.75
138.75
139.0
139.0
139.0
144.5
144.5
144.25
144.25
143.25
143.25
143.25
142.5
141.5
141.5
141.5
140.25
138.75
138.75
138.5
138.5
138.25
138.25
138.5
139.25
139.25
139.5
139.5
138.0
138.0
138.0
137.5
137.5
137.5
137.5
138.25
138.75
138.75
138.5
138.5
139.0
139.0
139.5
139.75
139.75
139.5
139.5
143.0
143.0
143.25
143.5
143.5
143.5
143.5
143.5
143.5
143.25
143.25
143.25
145.75
145.25
145.25
145.0
145.0
145.25
145.25
145.25
144.25
144.25
145.75
145.75
146.0
146.0
145.5
145.5
145.25
144.5
144.5
145.0
145.0
144.5
145.0
145.0
153.0
153.0
144.25
145.25
145.25
145.75
146.25
146.25
144.75
144.75
144.5
144.5
144.5
143.75
143.75
143.75
144.0
143.5
143.5
144.75
144.75
145.25
145.0
145.0
145.0
145.0
145.25
145.75
145.75
146.25
146.75
146.75
147.5
148.5
148.5
148.5
148.5
148.5
148.5
148.25
148.25
148.25
136.0
136.0
136.75
133.0
133.0
133.0
132.75
132.75
132.75
132.75
132.75
132.75
132.75
133.0
132.75
132.75
132.75
137.0
141.25
145.5
149.75
154.0
158.25
158.25
158.25
158.0
160.75
160.75
160.0
160.5
160.5
161.0
160.75
160.75
161.0
161.0
162.5
162.25
162.5
162.5
162.5
162.5
162.75
162.75
164.25
164.75
164.75
164.0
164.25
164.25
164.25
164.5
164.5
164.5
164.5
164.5
164.5
164.5
164.5
168.0
168.25
168.25
167.5
168.25
168.25
168.0
167.5
167.5
168.25
168.25
168.0
168.0
168.0
168.0
168.0
169.25
169.25
167.75
168.25
168.25
169.5
168.0
168.0
168.0
168.0
168.0
168.0
167.75
167.75
167.75
167.75
167.75
168.25
168.75
169.25
169.75
170.25
170.75
170.0
170.75
170.75
169.5
169.0
169.0
168.25
168.0
167.0
167.0
167.5
166.25
166.25
165.5
164.0
164.0
162.5
162.0
162.0
161.0
161.25
161.25
159.0
157.0
157.0
153.75
153.75
150.25
150.0
150.0
148.5
148.5
147.0
146.75
146.75
147.0
146.75
146.75
146.25
146.25
146.5
147.0
147.0
147.25
147.25
147.0
146.0
146.0
146.25
146.25
146.5
146.5
146.5
146.75
146.75
146.75
146.75
146.75
146.75
147.0
147.0
147.0
146.75
146.75
147.75
147.75
148.0
148.0
148.75
148.75
148.75
148.75
148.75
148.75
149.0
149.0
148.75
148.75
150.5
150.25
150.25
151.0
151.0
151.0
151.25
151.25
150.75
150.75
150.75
150.0
150.25
150.25
149.75
149.75
150.0
150.0
150.0
149.5
149.25
149.25
149.0
149.0
148.25
148.25
148.75
148.75
149.0
149.0
149.5
150.0
150.0
151.0
151.5
151.5
150.5
150.5
150.25
150.0
150.0
149.5
148.5
148.5
148.0
148.0
147.5
147.0
147.0
147.0
147.25
147.25
147.5
147.5
147.0
147.0
147.0
147.0
147.0
147.5
147.0
147.0
146.75
146.75
147.25
149.75
149.75
149.0
148.0
148.0
148.75
148.75
149.75
149.0
149.0
149.0
148.5
148.5
146.75
146.75
147.25
148.0
148.0
148.25
148.25
148.5
148.75
148.75
149.0
149.0
149.75
149.25
149.25
148.5
149.75
149.75
150.0
150.25
150.25
150.0
149.5
149.5
149.5
149.5
149.25
149.25
147.25
145.0
145.0
146.25
146.25
145.75
147.25
147.25
147.75
147.75
148.5
149.0
149.0
149.5
149.5
149.75
150.0
150.0
150.75
151.25
151.25
150.0
152.5
152.5
154.25
154.25
153.75
153.75
152.5
152.5
152.75
154.25
152.75
152.75
152.75
152.75
152.75
152.75
152.75
152.75
152.75
152.5
152.5
151.5
151.5
150.5
150.0
150.0
150.75
151.0
151.0
151.0
151.0
151.0
152.0
152.0
152.0
152.5
152.5
153.0
153.0
151.75
151.75
151.75
152.5
152.5
152.5
150.5
150.0
150.0
151.75
151.75
150.5
152.0
152.0
150.5
151.25
151.25
150.25
150.25
150.25
151.0
150.25
150.25
149.75
149.75
150.25
150.25
150.25
150.0
150.0
150.0
150.5
150.5
150.25
150.25
150.0
150.0
150.0
148.5
148.5
149.25
149.25
149.25
149.25
147.75
147.75
147.75
149.0
149.75
149.75
150.0
150.0
150.25
150.25
150.25
150.25
150.25
150.5
150.75
150.75
149.0
149.0
150.0
150.25
150.25
149.75
149.75
149.5
151.25
150.5
150.5
150.25
150.25
149.25
149.25
150.0
150.0
148.25
148.25
149.5
150.0
150.0
149.25
150.0
150.0
151.0
151.0
151.0
151.0
151.0
150.75
150.75
151.0
149.25
149.25
149.25
149.25
149.0
149.0
149.0
148.5
148.5
149.25
149.25
149.25
150.0
150.0
150.0
150.0
149.75
149.75
148.25
148.25
147.75
147.0
147.0
146.75
146.5
146.5
146.25
146.25
145.25
145.25
145.25
146.0
146.25
146.25
144.75
144.75
145.25
145.5
145.5
146.0
146.0
146.75
147.25
147.25
148.0
148.0
148.5
149.25
149.25
150.0
151.0
151.0
149.25
149.25
149.25
151.25
151.25
150.5
150.25
150.25
153.0
154.25
154.25
152.0
153.5
153.5
152.25
152.25
152.25
153.0
153.0
152.25
152.0
152.0
151.75
151.75
151.75
151.0
151.0
150.25
148.5
148.5
149.5
149.5
147.25
149.5
149.5
148.75
149.0
149.0
148.75
148.75
149.25
148.25
148.25
149.0
148.25
148.25
148.0
148.0
148.0
147.75
147.75
147.25
147.25
148.25
148.25
148.25
148.75
149.0
149.0
148.75
148.75
148.5
148.25
148.25
148.25
148.25
148.0
147.25
147.25
147.0
145.5
145.5
145.5
145.5
145.5
145.5
145.5
145.75
145.75
146.75
146.25
146.25
145.75
145.75
146.25
147.5
147.5
148.5
148.75
148.75
150.0
150.0
151.75
149.75
149.75
148.25
148.25
148.25
149.25
149.25
148.25
148.75
148.75
147.5
147.5
148.75
149.25
149.25
148.5
148.5
148.5
148.5
148.5
148.5
148.5
148.5
148.5
148.5
151.0
151.5
151.5
152.0
151.75
151.75
151.5
151.5
151.0
151.75
151.75
152.0
151.75
151.75
150.5
150.5
149.75
149.0
149.0
149.5
149.0
149.0
149.25
149.25
150.0
149.75
149.75
149.75
149.75
149.25
147.75
147.75
147.75
147.75
147.75
148.25
147.75
147.75
146.75
146.75
142.75
142.75
141.5
141.5
140.75
140.75
140.75
141.0
141.0
141.0
141.0
141.0
141.5
141.5
141.25
141.25
142.0
142.0
142.0
142.0
142.0
142.5
143.0
143.0
143.5
144.0
144.0
144.5
145.25
145.25
145.0
145.0
146.0
147.0
147.0
147.5
147.5
148.75
149.0
149.0
149.0
150.5
150.5
146.25
146.0
146.0
142.5
142.5
141.25
141.25
139.5
139.5
140.25
140.25
139.75
137.75
137.75
138.25
138.25
138.75
138.75
138.75
138.75
138.75
139.0
139.0
138.75
144.0
144.0
144.0
144.0
144.0
144.0
143.75
143.75
143.75
143.75
145.75
145.875
146.0
146.0
145.75
145.75
145.75
145.75
146.0
145.75
145.75
146.125
146.5
146.875
147.25
147.625
148.0
147.25
147.25
147.0
147.0
146.75
146.75
146.75
146.0
145.0
145.0
143.5
143.5
142.25
142.25
141.0
140.5
140.5
140.0
140.0
140.5
141.0
141.0
142.0
142.0
142.0
142.0
142.0
143.0
143.0
142.0
142.0
143.25
144.25
144.25
143.25
147.25
147.25
144.25
144.25
144.5
144.0
144.0
144.0
144.0
144.5
144.5
144.25
144.25
144.25
145.0
145.25
145.25
146.0
146.0
145.0
143.25
143.25
143.5
143.5
144.25
143.25
143.25
142.0
142.0
142.0
142.0
144.75
145.0
145.0
144.5
144.5
143.0
142.0
142.0
142.0
142.0
141.5
141.25
141.25
141.25
141.25
143.25
143.25
142.5
143.0
143.0
144.0
144.5
144.5
145.25
145.25
145.5
146.5
146.5
147.75
147.75
146.75
147.0
146.75
146.75
145.5
147.0
147.0
146.75
146.75
149.0
149.5
149.5
149.5
150.0
150.0
150.25
150.25
150.25
150.25
151.0
151.0
151.75
152.5
152.5
152.75
152.75
153.25
154.25
154.25
154.75
155.75
155.75
154.75
154.75
154.75
155.0
154.75
154.75
155.75
157.0
157.0
156.75
157.75
157.75
157.75
157.75
157.5
157.25
158.0
158.0
157.75
157.75
159.0
158.75
158.75
158.0
159.0
159.0
159.5
160.0
160.0
160.75
161.0
161.0
161.0
161.0
161.0
161.0
161.0
161.0
160.75
160.75
164.0
164.0
164.0
164.25
164.25
164.25
164.25
164.25
164.5
164.75
164.75
164.75
165.75
165.75
165.75
165.75
165.75
165.75
166.25
166.25
165.75
165.75
165.5
165.5
166.5
167.0
166.5
166.5
166.25
166.5
166.5
166.75
167.0
167.0
167.75
167.5
167.5
167.5
167.0
167.0
167.0
167.0
165.75
165.75
167.5
167.0
167.0
166.5
166.0
165.5
165.5
164.25
164.0
164.0
162.25
161.25
161.25
160.5
161.0
161.0
160.0
159.0
159.0
158.25
158.25
157.0
156.5
156.5
156.5
156.0
156.0
155.25
153.5
153.5
152.0
152.0
151.5
151.0
151.0
150.25
149.25
149.25
148.5
149.25
149.25
148.25
148.25
148.5
147.0
147.0
146.75
146.75
147.0
147.75
148.75
148.75
148.25
148.25
148.0
148.0
148.0
148.5
149.25
149.25
149.25
149.25
150.0
149.0
149.0
148.75
148.75
148.75
150.0
150.0
150.0
150.5
150.5
150.75
151.75
151.75
152.5
151.0
151.0
151.5
151.5
153.75
153.0
153.0
153.5
153.0
153.0
154.25
153.25
153.25
155.5
155.5
155.5
155.5
155.5
155.25
155.25
155.25
156.5
155.25
155.75
155.75
155.0
155.0
155.0
155.0
155.0
155.0
155.0
155.0
155.0
155.25
155.25
155.5
155.75
155.75
155.75
155.75
154.5
155.0
155.0
154.75
154.5
154.5
155.0
155.5
155.5
156.25
156.75
156.75
156.75
156.75
156.75
157.0
157.0
156.75
155.0
155.0
155.25
153.75
153.75
154.5
153.5
153.5
152.75
154.0
154.0
154.25
155.0
155.0
155.25
155.25
154.75
154.75
177.0
177.0
177.0
177.0
177.0
176.75
176.75
176.75
177.0
173.05
169.1
165.15
161.2
157.25
157.25
156.75
156.75
156.25
156.25
156.25
156.5
156.25
156.25
156.5
156.0
156.0
156.0
156.25
156.25
155.25
154.75
154.75
153.75
154.0
154.0
153.5
153.5
153.75
152.25
152.25
148.25
148.25
150.0
149.25
149.25
149.0
148.5
148.5
146.25
146.25
146.0
145.5
145.5
143.5
143.5
141.75
141.75
140.25
138.0
138.0
136.25
136.25
134.5
135.75
135.75
136.75
136.75
136.75
137.5
137.5
137.75
137.75
137.5
137.5
138.0
138.75
138.75
140.75
140.75
143.25
144.5
144.5
145.75
145.75
146.75
147.0
147.0
147.75
148.0
148.0
149.25
150.5
150.5
150.75
150.75
151.0
150.0
150.0
149.5
148.75
148.75
146.25
146.25
142.0
142.0
141.5
140.75
140.75
140.75
140.75
140.0
139.75
139.75
140.25
140.25
140.75
140.75
140.5
139.5
139.5
139.25
139.25
139.5
139.25
139.25
139.0
139.0
139.0
139.0
139.25
137.75
137.75
136.75
136.75
138.5
138.5
137.5
137.5
137.25
137.25
136.75
137.5
137.5
138.0
138.0
137.75
137.75
138.5
138.5
139.5
139.5
139.75
139.75
140.25
140.75
140.75
141.5
141.5
142.0
142.0
142.25
143.25
143.25
143.25
143.25
144.5
145.75
145.75
144.75
145.0
145.0
145.0
145.0
145.75
146.0
146.0
146.5
146.5
146.5
146.75
146.75
147.0
147.25
147.25
146.0
146.0
146.5
145.5
145.5
145.75
145.75
145.75
146.5
146.5
146.5
146.5
147.0
147.25
147.25
148.0
148.75
148.75
149.0
149.0
148.75
148.5
148.5
148.0
147.75
147.75
147.75
147.75
147.5
147.75
147.75
148.5
148.5
150.25
148.0
148.0
147.0
147.0
147.0
150.5
150.5
147.0
146.0
146.0
144.75
144.75
143.5
143.5
143.5
143.25
143.25
144.0
144.25
144.25
144.75
144.75
144.0
145.0
145.0
144.5
144.5
145.0
144.75
144.75
143.75
143.75
144.75
145.0
145.0
145.75
145.75
145.0
145.0
145.0
145.25
145.25
145.0
145.75
145.75
143.25
143.25
142.25
140.75
140.75
139.5
139.5
139.5
139.5
139.5
139.5
139.5
139.25
139.25
137.25
137.25
136.75
136.75
136.75
138.0
138.0
138.5
139.5
139.5
140.5
140.5
140.5
142.0
140.75
140.75
140.75
142.75
142.75
142.0
141.25
141.25
140.0
140.0
138.25
138.25
136.75
136.25
136.25
135.75
135.75
135.75
135.75
135.75
135.75
135.75
136.0
136.0
135.75
141.0
141.0
141.25
141.25
142.0
142.0
142.0
142.0
142.0
141.75
141.5
141.5
141.25
141.25
141.0
141.0
141.0
141.25
141.25
141.25
142.0
142.0
142.0
142.0
142.25
142.25
143.25
144.25
144.25
144.5
144.5
145.0
146.0
146.0
146.75
146.75
146.5
146.5
148.0
148.0
148.75
147.5
147.5
147.75
147.0
147.0
147.0
147.0
147.0
146.0
146.0
146.5
146.5
144.5
144.5
144.75
144.75
145.5
146.25
146.25
146.75
146.75
147.25
146.25
146.25
146.75
146.75
144.75
145.0
145.0
143.25
143.25
143.25
140.75
140.75
139.5
139.5
141.75
141.75
140.75
139.5
139.5
139.5
139.25
139.25
140.0
140.0
140.75
141.25
141.25
142.5
142.5
142.25
142.25
143.0
143.0
143.0
144.0
144.0
142.75
143.75
143.75
143.5
143.5
145.25
146.25
146.25
147.0
147.0
147.0
147.0
147.0
147.0
147.0
146.75
146.75
146.75
142.5
142.5
142.25
143.25
143.25
142.5
142.75
142.75
142.75
142.75
142.75
142.75
143.0
143.0
142.75
142.75
142.75
148.25
148.25
148.0
148.0
148.0
148.25
148.25
149.25
149.25
149.5
149.5
150.5
151.5
151.5
149.75
150.0
150.0
150.0
150.0
149.5
150.25
150.25
150.0
150.0
150.75
150.25
150.25
150.75
150.0
150.0
150.0
150.25
150.25
150.25
150.25
149.5
149.25
149.25
148.0
148.0
147.5
147.5
147.5
147.0
146.25
146.25
146.0
146.0
147.25
147.5
147.5
147.0
147.0
147.0
147.25
147.25
147.5
147.5
146.25
146.0
146.0
145.0
144.25
144.25
142.5
142.5
142.5
142.5
140.75
139.25
139.25
138.5
138.5
138.5
138.5
138.75
138.75
138.75
138.0
138.0
137.75
137.75
138.25
138.75
138.75
138.25
138.25
138.25
138.5
138.5
138.25
138.25
137.75
137.75
136.75
136.5
136.5
136.75
136.75
137.25
137.25
136.25
136.25
136.5
136.5
136.5
136.25
136.25
143.25
143.25
144.75
145.25
145.25
146.25
146.25
147.25
148.25
148.25
149.25
149.25
150.0
151.75
151.75
151.0
150.5
150.5
149.5
149.25
149.25
149.25
149.25
147.75
147.25
147.25
146.25
146.25
146.0
145.75
145.75
144.5
143.25
143.25
142.0
142.0
139.75
139.75
138.5
138.0
138.0
138.25
138.0
138.0
138.5
138.5
140.0
140.0
140.5
140.5
140.5
143.0
143.0
143.0
143.25
143.25
145.0
145.0
145.75
146.75
146.75
147.0
147.5
147.5
147.5
147.5
148.0
148.25
148.25
149.0
149.75
149.75
150.25
150.25
151.0
150.0
150.0
152.0
151.5
151.5
151.75
153.0
153.0
154.25
154.25
155.75
155.75
155.0
155.0
155.5
155.5
155.5
156.0
156.0
156.25
156.25
157.5
157.5
157.25
158.25
158.25
158.25
158.75
158.0
158.0
157.75
157.75
157.75
157.75
157.75
159.0
159.0
160.25
160.25
160.0
160.0
160.0
160.0
160.0
160.0
160.0
159.75
160.0
160.0
158.75
158.75
158.25
158.25
158.25
158.25
158.25
158.25
158.25
158.5
158.5
158.5
160.0
160.75
160.75
162.25
161.5
161.5
161.5
161.5
161.5
161.5
161.25
161.5
161.5
161.25
161.17857142857142
161.10714285714286
161.03571428571428
160.96428571428572
160.89285714285714
160.82142857142858
160.75
160.75
160.75
163.5
164.5
164.5
164.5
161.25
161.25
161.25
165.0
165.0
162.5
161.5
161.5
163.25
162.25
162.25
167.0
164.5
164.5
164.5
164.5
164.5
164.5
164.5
164.5
164.25
166.0
166.0
166.0
166.0
165.75
165.75
165.75
165.0
165.5
165.5
164.0
163.75
163.75
164.0
163.75
163.75
163.25
162.75
162.75
162.5
162.25
162.25
162.0
161.25
161.25
161.0
160.5
160.5
160.5
160.75
160.75
160.75
160.75
160.75
160.5
161.0
161.0
161.25
160.25
160.25
160.5
160.75
160.75
159.0
159.0
159.0
158.5
158.0
158.0
157.75
156.75
156.75
155.5
155.5
155.25
154.25
154.5
154.5
153.75
153.75
152.0
150.0
150.0
150.5
149.5
149.5
150.25
150.25
149.25
149.25
149.25
149.0
149.0
149.0
149.0
148.5
148.5
148.25
148.0
148.0
147.25
147.25
146.5
147.0
147.0
147.0
147.0
147.5
147.5
147.5
147.5
147.25
147.25
148.0
148.0
148.75
149.0
149.0
149.0
148.5
148.5
147.5
147.5
148.25
149.25
149.25
151.25
151.25
150.5
150.25
150.25
150.0
150.0
150.0
150.0
150.0
149.5
150.5
150.5
150.75
151.0
151.0
150.5
150.0
150.0
150.75
150.75
150.5
150.0
150.0
150.0
150.0
150.0
149.25
148.5
148.5
149.5
149.5
150.0
150.0
150.0
149.0
149.0
149.0
148.5
148.5
149.0
149.0
151.0
151.0
151.25
151.25
152.0
152.25
152.5
152.5
152.5
152.5
152.5
152.5
152.25
152.25
152.0
151.5
151.5
151.5
152.75
153.25
153.25
150.5
151.25
151.25
149.0
149.0
148.0
147.75
147.25
147.25
147.25
147.25
146.75
145.75
145.75
144.25
144.25
144.25
144.0
144.0
143.5
143.5
142.25
142.25
140.75
140.75
140.75
140.75
144.5
144.5
144.5
145.0
144.25
144.25
143.25
143.25
143.25
143.25
143.25
143.25
143.25
143.25
143.5
143.5
145.0
145.0
145.0
146.25
146.25
146.25
146.25
146.25
146.5
146.5
146.5
146.5
146.5
145.86111111111111
145.22222222222223
144.58333333333334
143.94444444444446
143.30555555555554
142.66666666666666
142.02777777777777
141.38888888888889
140.75
140.75
140.25
140.75
140.75
139.5
139.5
139.5
139.5
139.5
139.5
139.5
139.5
139.25
139.25
139.5
139.5
139.25
139.25
139.875
140.5
141.125
141.75
142.375
143.0
142.25
142.25
143.25
143.25
142.5
142.5
142.25
142.25
142.25
140.75
142.0
142.0
141.75
143.0
143.0
142.25
141.5
141.5
141.25
141.25
141.5
141.5
141.5
141.5
141.5
141.25
142.0
142.75
143.5
144.25
145.0
145.75
146.5
147.25
148.0
149.25
149.25
149.75
149.75
149.75
148.5
148.5
149.5
149.75
149.75
150.25
150.75
150.75
151.0
152.0
152.0
152.25
152.75
152.75
153.75
153.75
153.25
153.25
153.25
153.0
151.0
151.0
149.25
149.25
146.5
146.5
145.5
145.5
145.5
145.0
145.0
145.75
145.75
145.0
147.0
147.0
147.0
147.0
147.0
147.0
146.75
146.75
146.75
147.5
147.5
147.5
147.5
147.25
147.5
147.5
147.5
147.5
147.75
148.0
148.0
148.5
147.0
147.0
145.25
145.25
144.75
143.25
143.25
142.75
142.75
142.5
143.25
143.25
143.5
143.5
144.75
145.0
145.0
145.0
145.0
145.25
144.5
144.5
142.75
142.75
143.25
143.25
143.25
145.0
145.0
144.0
144.75
144.75
145.0
144.25
144.25
143.5
143.5
143.5
143.5
143.5
143.5
143.5
143.25
146.5
146.5
146.25
146.25
146.25
145.75
145.75
145.0
145.0
145.0
144.5
144.5
144.5
144.25
144.25
144.25
144.25
143.5
143.5
143.25
143.25
143.25
144.0
144.0
143.25
143.25
143.0
143.25
143.25
143.5
143.5
143.5
143.25
143.25
143.25
143.25
143.0
142.75
142.75
142.5
142.0
142.0
142.75
142.75
142.75
142.75
142.0
142.75
142.75
142.75
142.75
142.75
142.75
143.0
142.75
142.75
146.0
146.25
146.25
146.25
146.25
146.25
146.25
146.25
146.5
146.5
146.5
149.25
149.25
149.75
149.75
149.25
149.5
149.5
149.25
149.25
148.25
149.0
149.0
149.0
150.0
150.0
150.0
150.0
150.5
151.0
151.0
150.0
151.25
151.25
151.25
151.25
151.25
151.25
151.25
152.0
152.0
151.0
150.75
150.75
151.25
151.25
149.75
149.75
149.0
149.0
149.0
149.0
149.0
148.75
149.0
149.0
147.0
147.75
147.75
147.5
147.5
147.5
148.25
148.25
148.75
148.75
147.75
147.25
147.25
147.25
147.5
147.0
147.0
148.5
148.5
147.5
145.75
145.75
145.0
145.0
144.25
144.25
144.25
144.25
144.25
144.25
144.5
144.5
144.5
144.5
145.5
145.5
145.5
145.5
145.5
145.5
145.5
145.5
145.25
145.25
145.25
144.97058823529412
144.69117647058823
144.41176470588235
144.13235294117646
143.85294117647058
143.5735294117647
143.2941176470588
143.01470588235293
142.73529411764707
142.4558823529412
142.1764705882353
141.89705882352942
141.61764705882354
141.33823529411765
141.05882352941177
140.77941176470588
140.5
141.0
141.0
140.75
140.75
141.75
141.75
142.0
142.0
141.75
141.5
141.5
142.0
142.0
142.0
142.25
141.5
141.5
141.25
141.25
141.75
141.75
140.25
140.25
140.75
140.75
140.5
139.75
139.75
141.0
141.0
141.25
141.25
141.5
141.5
141.5
141.5
141.5
141.5
141.5
141.5
141.5
141.5
141.5
141.5
141.5
141.5
137.75
140.0
140.0
138.25
138.25
139.0
139.0
138.25
138.25
140.25
139.5
139.5
140.75
140.75
140.75
141.0
141.0
140.75
140.75
140.75
140.75
140.75
140.75
141.25
141.25
140.75
140.75
140.75
140.75
140.75
140.75
141.5
141.5
140.5
141.0
141.0
140.75
140.75
141.0
140.75
140.75
141.0
140.75
140.6590909090909
140.5681818181818
140.47727272727272
140.38636363636363
140.29545454545453
140.20454545454547
140.11363636363637
140.02272727272728
139.9318181818182
139.8409090909091
139.75
139.5
139.5
138.5
138.5
138.5
138.5
139.75
139.75
139.75
139.75
139.75
139.75
139.75
139.75
139.75
140.0
140.0
140.0
140.0
