123.75
123.75
123.75
123.75
123.75
123.75
123.75
123.75
123.75
123.5
123.5
123.5
123.5
123.5
123.5
123.5
123.5
123.25
123.25
123.25
123.25
123.25
123.25
123.25
123.25
122.9375
122.625
122.3125
122.0
122.0
119.75
119.75
119.75
120.0
120.0
120.0
120.0
120.0
120.0
120.0
120.0
120.0
120.0
120.0
120.0
120.15
120.3
120.45
120.6
120.75
120.9
121.05
121.2
121.35
121.5
121.65
121.8
121.95
122.1
122.25
122.4
122.55
122.7
122.85
123.0
123.0
123.0
123.0
122.5
122.5
122.5
122.5
122.5
122.5
122.5
122.5
122.5
122.5
122.5
122.0
122.0
122.0
122.0
123.75
123.75
123.75
123.75
126.25
126.25
126.25
126.25
127.25
127.25
127.5
127.5
127.5
127.5
127.5
127.5
126.0
126.0
126.0
125.0
125.0
125.0
125.0
121.0
121.0
120.75
120.75
119.5
119.5
119.5
118.75
118.75
118.5
118.5
118.5
118.5
118.5
118.5
118.5
118.75
118.75
120.5
120.5
121.0
121.0
121.0
123.25
123.25
123.5
123.5
123.5
123.5
124.0
124.0
124.0
124.0
124.5
124.5
124.5
124.5
124.5
124.5
120.25
120.25
113.75
113.75
113.75
113.75
111.0
111.0
111.0
119.5
119.5
119.5
119.5
119.5
119.5
119.5
119.5
119.5
119.5
119.5
119.5
119.5
119.55357142857143
119.60714285714286
119.66071428571429
119.71428571428571
119.76785714285714
119.82142857142857
119.875
119.92857142857143
119.98214285714286
120.03571428571429
120.08928571428571
120.14285714285714
120.19642857142857
120.25
120.25
120.5
120.5
121.5
121.5
124.25
124.25
126.0
126.0
125.0
125.0
123.0
123.0
123.0
119.0
119.0
118.75
118.75
118.75
117.5
117.5
117.5
117.5
118.25
118.25
118.5
118.5
118.75
118.75
120.25
120.25
117.5
116.5
116.5
116.5
116.25
116.25
116.25
116.25
118.66666666666667
121.08333333333333
123.5
123.5
123.5
122.25
122.25
122.25
122.25
122.25
122.25
122.25
122.25
122.25
122.25
122.25
122.25
122.18103448275862
122.11206896551724
122.04310344827586
121.97413793103448
121.90517241379311
121.83620689655173
121.76724137931035
121.69827586206897
121.62931034482759
121.5603448275862
121.49137931034483
121.42241379310344
121.35344827586206
121.28448275862068
121.21551724137932
121.14655172413794
121.07758620689656
121.00862068965517
120.9396551724138
120.87068965517241
120.80172413793103
120.73275862068965
120.66379310344827
120.59482758620689
120.52586206896552
120.45689655172414
120.38793103448276
120.31896551724138
120.25
120.25
122.0
122.0
121.75
121.75
121.75
121.75
121.75
121.75
121.75
121.75
121.75
121.75
122.0
122.0
122.0
122.0
114.25
114.25
114.25
114.25
114.25
114.25
114.25
114.25
114.25
114.25
114.25
109.25
109.25
108.75
108.75
116.75
116.75
119.25
119.25
120.25
120.25
121.0
121.0
121.25
121.25
121.75
121.75
123.5
123.5
124.75
124.75
124.75
124.75
125.25
125.25
125.25
125.25
125.25
125.25
125.25
124.9875
124.725
124.4625
124.2
123.9375
123.675
123.4125
123.15
122.8875
122.625
122.3625
122.1
121.8375
121.575
121.3125
121.05
120.7875
120.525
120.2625
120.0
120.0
123.0
123.0
124.0
124.0
124.25
124.25
125.0
125.0
126.0
126.0
126.0
126.0
126.5
126.5
122.75
122.75
121.5
120.75
120.75
120.75
118.25
118.25
118.25
118.0
118.0
118.0
118.0
118.0
118.0
118.0
118.0
118.0
118.1
118.2
118.3
118.4
118.5
118.6
118.7
118.8
118.9
119.0
119.1
119.2
119.3
119.4
119.5
119.6
119.7
119.8
119.9
120.0
120.1
120.2
120.3
120.4
120.5
120.6
120.7
120.8
120.9
121.0
121.1
121.2
121.3
121.4
121.5
121.5
120.25
120.25
120.5
120.5
120.5
120.5
120.75
120.75
120.75
120.75
120.75
123.25
123.25
123.25
125.0
125.0
125.25
125.25
125.25
125.25
125.25
125.25
125.25
125.25
125.25
125.01136363636364
124.77272727272727
124.5340909090909
124.29545454545455
124.05681818181819
123.81818181818181
123.57954545454545
123.3409090909091
123.10227272727273
122.86363636363636
122.625
122.38636363636364
122.14772727272727
121.9090909090909
121.67045454545455
121.43181818181819
121.19318181818181
120.95454545454545
120.7159090909091
120.47727272727273
120.23863636363636
120.0
120.0
120.0
120.0
120.0
120.0
119.25
119.25
119.0
119.0
124.5
124.5
126.5
126.5
126.5
126.5
127.25
127.25
126.61764705882354
125.98529411764706
125.3529411764706
124.72058823529412
124.08823529411765
123.45588235294117
122.82352941176471
122.19117647058823
121.55882352941177
120.92647058823529
120.29411764705883
119.66176470588235
119.02941176470588
118.3970588235294
117.76470588235294
117.13235294117646
116.5
116.5
117.0
117.0
117.75
117.75
118.75
118.75
119.25
119.25
119.5
119.5
120.0
120.0
120.25
120.25
119.5
119.5
118.5
118.5
119.0
119.0
118.75
118.75
118.75
118.75
118.75
118.75
118.75
118.75
118.75
119.75
119.75
119.75
119.75
120.0
120.0
120.0
120.0
120.0
120.0
120.0
120.0
120.0
120.0
120.0
120.0
120.0
120.0
120.0
120.0
120.0
120.75
120.75
120.75
120.75
119.75
119.75
120.25
120.25
121.5
121.5
122.5
122.5
122.5
122.5
119.0
119.0
119.25
119.25
119.25
119.25
119.25
119.25
119.75
119.75
120.0
120.0
120.0
120.0
120.0
120.0
120.0
120.0
120.0
120.0
120.0
120.0
120.0
120.0
120.0
120.0
120.0
120.0
120.0
120.0
120.5
120.5
121.25
121.25
121.25
121.5
121.5
120.5
120.5
120.5
120.5
120.75
120.75
124.0
124.0
124.75
124.75
124.25
124.25
123.5
123.5
123.5
123.5
122.25
122.25
120.75
120.75
115.25
115.25
115.25
119.75
119.75
121.75
121.75
122.0
122.0
122.0
122.0
122.0
122.0
121.25
121.25
117.75
117.75
118.5
118.5
120.5
120.5
121.5
121.5
121.75
121.75
121.75
121.75
123.25
123.25
123.25
123.25
123.25
123.25
123.25
123.25
123.75
123.75
123.75
124.25
125.0
125.0
125.5
125.5
125.0
125.0
125.0
125.0
123.75
123.75
121.75
121.75
121.0
121.0
120.75
120.75
120.75
120.75
120.75
120.75
120.25
120.25
121.0
121.0
121.0
121.0
121.0
121.0
121.0
121.0
121.0
121.0
119.75
119.75
121.75
121.75
123.5
123.5
124.25
124.25
122.75
122.75
122.25
122.25
122.25
122.25
125.0
125.0
125.0
125.0
122.75
122.75
122.75
122.75
122.75
122.75
122.75
124.25
125.25
125.25
125.25
125.75
125.75
125.75
125.75
125.75
125.75
125.75
125.75
125.66666666666667
125.58333333333333
125.5
125.5
125.5
124.5
124.5
125.0
125.0
123.5
123.5
123.5
123.0
123.0
123.0
123.0
123.0
123.0
123.0
123.06521739130434
123.1304347826087
123.19565217391305
123.26086956521739
123.32608695652173
123.3913043478261
123.45652173913044
123.52173913043478
123.58695652173913
123.65217391304348
123.71739130434783
123.78260869565217
123.84782608695652
123.91304347826087
123.97826086956522
124.04347826086956
124.1086956521739
124.17391304347827
124.23913043478261
124.30434782608695
124.3695652173913
124.43478260869566
124.5
124.5
124.75
124.75
124.75
125.0
125.0
125.0
125.0
125.0
125.0
125.0
125.0
123.0
121.0
119.0
119.0
118.25
118.25
118.5
118.5
119.0
119.0
119.25
119.25
119.25
119.25
119.375
119.5
119.5
119.5
119.75
119.75
119.75
119.75
119.75
120.0
120.0
119.75
119.5
119.25
119.25
120.5
120.5
120.75
120.75
120.75
120.75
120.75
120.6470588235294
120.54411764705883
120.44117647058823
120.33823529411765
120.23529411764706
120.13235294117646
120.02941176470588
119.92647058823529
119.82352941176471
119.72058823529412
119.61764705882354
119.51470588235294
119.41176470588235
119.30882352941177
119.20588235294117
119.1029411764706
119.0
119.0
119.0
116.75
116.75
118.75
118.75
120.25
120.25
122.25
122.25
122.5
122.5
118.5
118.5
117.5
117.5
117.75
117.75
118.0
118.0
117.5
117.5
118.25
118.25
119.5
119.5
120.25
120.25
120.5
120.5
121.0
121.0
122.25
122.25
122.25
122.25
122.25
122.25
124.0
124.0
124.0
124.0
126.0
126.0
126.5
126.5
126.5
126.5
126.75
126.75
127.25
127.25
127.5
127.5
127.75
128.0
128.0
128.0
128.0
128.5
128.5
128.5
128.5
129.0
129.0
127.75
127.75
127.0
127.0
126.0
126.0
125.5
125.5
123.0
123.0
122.5
122.5
123.0
123.0
122.5
122.5
122.5
122.5
122.5
122.5
122.5
122.5
123.0
123.0
123.25
123.25
123.25
123.25
123.5
123.5
123.75
123.75
123.75
123.75
123.75
123.75
123.75
123.75
122.0
122.0
122.25
122.25
122.25
121.75
121.75
121.75
121.75
122.5
123.0
123.0
123.25
123.25
123.25
125.25
125.25
125.25
126.0
126.0
124.5
124.5
124.5
124.5
124.25
124.25
123.5
123.5
122.75
122.75
122.75
122.75
122.75
122.75
121.5
121.5
121.5
121.5
122.5
122.5
124.5
124.5
124.5
124.5
126.75
127.5
127.5
128.5
128.5
128.75
128.75
129.0
129.0
129.25
129.25
128.0
128.0
126.75
125.75
125.75
125.75
125.5
125.5
125.5
125.5
125.5
122.75
122.75
121.5
121.5
120.75
120.75
120.75
120.75
120.75
115.5
115.5
114.0
114.0
114.0
113.75
113.75
113.75
113.75
113.75
113.75
118.75
118.75
119.25
119.25
119.25
119.25
119.25
119.25
118.5
118.5
118.75
118.75
119.25
119.25
121.5
121.5
119.75
119.75
119.0
119.0
119.0
119.0
135.75
135.75
135.75
134.45833333333334
133.16666666666666
131.875
130.58333333333334
129.29166666666666
128.0
126.70833333333333
125.41666666666667
124.125
122.83333333333333
121.54166666666667
120.25
120.25
122.0
122.0
124.0
124.0
125.25
125.25
125.5
125.5
125.25
126.25
126.25
124.75
124.75
125.25
125.25
125.75
125.75
125.0
125.0
124.25
124.25
124.25
124.25
124.25
124.25
124.0
124.0
126.0
126.0
127.0
127.5
127.5
128.75
128.75
129.75
129.75
130.25
130.25
130.0
130.0
130.75
130.75
130.75
131.0
131.0
131.0
131.0
130.0
130.0
129.25
129.25
129.5
130.25
130.25
130.0
130.0
130.25
130.25
130.25
130.25
130.25
130.25
131.25
131.25
131.5
131.0
131.0
130.75
130.75
131.25
131.25
132.25
132.25
132.75
132.0
132.0
132.25
132.25
134.0
134.0
134.0
135.0
135.0
135.25
135.25
136.0
136.0
136.25
135.5
135.5
135.5
135.5
135.0
135.0
135.0
134.75
134.75
134.75
132.5
132.5
132.5
132.5
132.5
130.0
130.0
127.75
127.75
127.5
127.5
127.75
127.75
127.25
127.5
127.5
127.75
127.75
128.25
128.25
128.75
128.75
128.75
128.75
129.25
129.25
129.75
128.25
128.25
126.5
126.5
125.5
125.5
125.0
125.0
124.75
124.75
125.25
125.25
125.25
125.25
125.0
125.0
125.0
125.0
124.25
124.25
123.5
123.5
123.0
124.0
124.0
124.5
124.5
124.5
124.5
124.0
124.0
124.75
124.75
125.0
125.0
119.25
119.25
119.0
119.0
121.0
121.0
122.0
122.0
121.25
121.25
121.25
121.25
121.5
121.5
121.75
121.75
121.75
121.75
119.75
119.75
119.0
119.0
120.5
120.5
123.0
123.0
123.5
123.5
123.25
123.25
123.75
123.75
124.0
124.0
123.75
123.75
123.75
123.75
118.25
118.25
117.0
117.0
117.0
117.0
117.25
117.25
116.75
116.75
116.75
116.75
118.25
118.25
119.0
119.0
119.0
119.0
116.0
116.0
116.0
116.0
117.75
117.75
117.75
117.75
119.5
119.5
119.5
119.5
119.25
119.25
118.25
118.25
118.5
118.5
119.25
119.25
120.0
120.0
122.5
122.5
123.25
123.25
123.5
123.5
123.5
123.5
125.0
125.0
125.0
125.25
125.25
125.25
123.25
123.25
119.75
119.75
119.75
119.75
118.25
118.25
116.5
116.5
116.25
116.25
116.25
116.25
116.25
117.25
117.25
117.25
117.25
117.75
117.75
119.25
119.25
117.5
117.5
117.5
118.0
118.0
118.25
118.25
118.25
118.25
119.83333333333333
121.41666666666667
123.0
123.0
124.75
124.75
124.0
124.0
123.0
123.0
121.25
121.25
121.25
119.25
119.25
119.25
117.75
117.75
117.5
117.5
116.75
116.75
117.25
117.25
118.75
118.75
119.25
119.25
119.25
119.25
121.25
121.25
121.75
121.75
121.25
121.25
121.25
121.25
121.25
121.25
121.25
121.25
124.25
124.25
126.0
126.0
126.0
128.5
128.5
128.0
128.0
127.25
127.25
126.25
126.25
127.0
127.0
128.25
128.25
129.75
130.0
130.0
130.5
130.5
129.75
129.75
127.25
127.25
124.75
124.75
123.5
123.5
122.25
122.25
122.25
121.5
121.5
121.5
121.5
121.5
121.5
121.5
121.5
121.5
121.5
121.5
121.5
120.5
120.5
120.5
120.5
120.5
120.5
122.5
122.5
124.25
124.25
123.5
123.75
123.75
123.5
123.5
123.0
123.0
123.0
120.75
120.75
120.75
120.75
121.25
121.25
121.25
121.25
121.25
121.25
122.0
122.0
121.5
121.5
121.25
121.25
121.25
121.25
125.25
125.25
125.25
126.25
126.25
124.75
124.75
123.0
122.0
122.0
120.25
120.25
120.25
119.5
119.5
119.5
119.5
119.5
120.5
120.5
120.5
122.5
121.75
121.75
121.75
122.75
122.75
123.75
124.0
124.0
124.0
124.0
124.0
124.0
124.0
124.0
124.0
124.0
119.0
119.0
120.0
120.0
121.75
121.75
120.0
120.0
119.0
119.0
118.5
118.5
118.5
118.5
118.5
118.5
118.5
118.25
118.25
119.5
119.5
119.75
119.75
118.75
118.75
119.0
119.0
119.0
119.0
118.5
118.5
118.5
118.5
119.75
119.75
119.75
118.25
118.25
118.25
118.25
117.25
117.25
117.5
117.5
117.0
117.0
117.0
117.0
117.0
117.0
116.75
116.75
116.75
116.75
118.5
118.5
120.5
120.5
117.25
117.25
115.75
115.75
120.25
120.25
121.75
121.75
121.75
117.75
117.75
117.75
117.75
118.75
118.75
119.75
119.75
119.5
119.5
119.0
119.0
119.25
119.25
119.75
119.75
120.75
120.75
121.0
121.0
121.0
121.0
121.0
121.0
120.0
120.0
121.0
121.0
120.5
120.5
120.75
120.75
121.5
121.5
121.25
121.25
121.25
120.75
120.75
121.5
121.5
123.0
123.0
124.0
124.0
124.25
124.0
124.0
124.0
123.75
122.0
122.0
120.0
120.0
120.0
118.25
118.75
118.75
118.75
119.25
120.0
120.0
120.0
120.0
120.0
121.0
121.0
119.25
118.5
118.5
118.5
118.5
118.5
118.75
118.75
118.75
120.25
120.25
121.25
121.25
120.75
120.75
120.0
120.0
119.0
119.0
119.0
119.5
119.75
119.75
119.75
119.25
119.25
119.0
119.0
120.25
122.0
122.0
122.0
122.5
122.5
118.5
118.5
116.0
116.0
112.75
112.75
112.75
109.0
109.0
106.25
106.25
102.25
102.25
102.25
101.0
101.0
101.0
102.25
102.25
102.5
102.5
102.5
102.5
102.5
102.5
108.0
108.0
108.0
108.0
108.0
107.75
107.75
107.75
108.75
108.75
108.75
108.75
102.5
102.5
101.25
101.25
101.25
112.25
112.25
111.25
111.25
112.75
112.75
112.75
113.0
113.0
113.25
113.25
113.25
113.25
113.25
113.25
113.25
113.25
109.25
109.25
108.5
108.5
108.5
110.5
110.5
115.5
115.5
115.5
117.0
117.0
117.25
117.25
118.0
118.0
118.0
118.0
116.0
116.0
114.5
114.5
114.5
114.5
114.0
114.0
114.0
114.0
115.25
115.25
114.0
114.0
105.75
105.75
102.0
102.0
101.25
101.25
101.25
101.0
101.0
101.0
101.0
105.25
109.5
113.75
113.75
113.75
113.75
118.25
118.25
120.75
120.75
121.75
121.75
122.0
122.0
122.5
122.5
120.75
120.75
120.25
120.25
119.5
119.5
118.75
118.75
118.75
118.75
120.5
120.5
121.0
121.0
121.0
121.0
121.25
121.25
121.25
121.25
123.0
123.0
123.5
123.5
124.0
124.0
123.75
123.75
122.25
122.25
121.75
121.75
121.75
121.75
121.75
121.75
121.75
121.75
121.75
121.75
121.5
121.5
121.5
121.5
121.5
121.5
121.5
121.5
121.5
121.5
121.5
121.5
121.0
120.5
120.0
119.5
119.0
118.5
118.0
118.0
119.25
119.25
120.25
120.25
120.5
120.5
119.25
119.25
118.5
118.5
120.5
120.5
122.5
122.5
122.75
122.75
119.5
119.5
120.0
120.0
120.0
120.0
121.0
121.0
121.25
121.25
117.0
117.0
116.0
116.0
121.0
121.0
121.0
122.5
122.5
123.0
123.0
123.75
123.75
125.0
125.0
125.0
125.25
125.25
125.25
125.25
125.25
125.25
125.25
125.25
125.25
125.25
125.25
125.25
125.25
120.5
120.5
119.0
119.0
118.75
118.75
118.0
118.0
117.75
117.75
117.75
117.75
117.75
117.75
120.25
120.25
120.25
121.25
121.25
121.25
121.25
121.5
130.0
130.0
130.0
133.5
133.5
134.75
134.75
135.0
127.75
127.75
124.5
124.5
123.0
123.0
121.0
121.0
121.5
121.5
121.5
121.5
122.0
122.0
122.0
122.0
122.5
122.5
122.5
122.5
122.5
122.5
122.5
122.5
121.0
121.0
123.75
123.75
123.75
123.75
123.75
123.75
122.0
122.0
121.5
121.5
121.5
121.5
121.5
121.5
114.0
114.0
114.0
114.0
114.0
116.5
116.5
116.5
116.5
115.5
115.5
116.0
116.0
116.0
116.0
117.0
117.0
116.25
116.25
116.25
116.25
116.25
116.25
116.25
116.25
116.25
116.25
116.25
115.75
115.5
115.5
115.5
115.5
115.5
115.5
115.5
117.25
117.25
118.0
118.0
117.25
117.25
116.75
116.75
117.75
117.75
118.0
118.0
118.0
118.0
118.25
118.25
118.25
118.25
118.25
118.25
119.0
119.0
119.25
119.25
120.0
120.0
120.5
120.5
119.25
119.25
118.25
118.25
117.75
117.75
116.75
116.75
116.75
119.75
119.75
119.75
119.75
119.75
119.75
119.75
119.75
118.5
118.5
118.25
118.25
116.5
116.5
115.25
115.25
115.25
115.25
115.25
116.0
116.0
116.25
116.25
116.5
117.5
117.5
118.25
118.25
118.0
118.0
118.0
117.5
119.0
119.0
120.5
120.5
120.5
121.0
121.5
121.5
121.5
120.0
120.0
118.25
118.0
118.0
117.75
117.75
117.75
117.25
117.25
117.25
117.25
116.0
116.0
116.0
116.0
116.0
116.0
121.0
121.0
121.25
121.25
121.0
121.0
120.0
120.0
118.75
118.75
117.25
117.25
116.75
116.75
115.25
115.25
115.5
115.5
117.0
117.0
117.5
117.5
117.75
117.75
118.25
118.25
118.5
118.5
118.5
118.5
119.0
119.0
119.0
119.0
119.0
117.5
117.5
114.0
114.0
111.25
111.25
112.25
112.25
110.25
110.25
113.75
113.75
114.25
114.25
113.75
113.75
113.75
113.75
113.75
113.5
113.5
113.5
117.0
117.0
117.75
117.75
117.75
117.75
117.5
117.5
117.5
117.5
115.5
115.5
114.0
114.0
114.5
114.5
113.5
113.5
113.0
113.0
111.25
111.25
110.5
110.5
110.5
110.5
110.5
110.5
110.5
110.5
110.5
114.25
114.25
114.25
114.25
114.25
114.25
114.25
114.25
114.25
114.25
114.25
114.25
114.4423076923077
114.63461538461539
114.82692307692308
115.01923076923077
115.21153846153847
115.40384615384616
115.59615384615384
115.78846153846153
115.98076923076923
116.17307692307692
116.36538461538461
116.5576923076923
116.75
116.75
117.5
117.5
117.5
116.5
116.5
115.0
115.0
115.75
115.75
116.25
116.5
116.5
116.5
116.5
116.5
116.5
116.5
119.0
119.0
119.0
119.0
119.0
119.0
120.0
120.0
121.25
121.25
121.33333333333333
121.41666666666667
121.5
121.5
122.5
122.5
122.5
118.5
118.5
118.5
117.5
117.5
117.5
117.5
119.25
119.25
118.0
118.0
116.5
116.5
116.5
116.5
116.5
116.5
116.5
116.5
116.75
116.75
116.75
116.75
115.75
115.75
116.5
116.5
119.0
119.0
120.0
120.0
120.5
120.5
120.5
120.5
120.5
120.5
120.5
120.5
120.5
118.25
118.25
117.25
117.25
117.5
117.5
117.5
117.5
119.25
120.5
120.5
120.5
121.5
123.5
123.5
123.5
123.5
123.0
123.0
122.0
122.0
121.25
121.25
118.5
118.5
118.0
118.0
117.5
117.5
116.5
116.5
117.5
117.5
117.5
116.25
116.25
117.0
117.0
117.25
117.25
119.75
119.75
120.0
120.0
120.0
120.0
122.75
123.75
123.75
124.75
124.75
123.0
123.0
123.0
123.0
120.5
120.5
120.5
120.5
120.5
120.5
120.5
120.5
120.75
120.75
120.0
120.0
116.75
116.75
116.75
116.75
122.25
122.25
124.0
124.0
124.0
125.75
126.25
126.25
126.25
124.0
124.0
122.5
122.5
121.25
121.25
120.5
120.5
120.25
120.25
120.25
120.25
118.25
118.25
121.25
121.25
124.5
124.5
126.25
127.25
127.25
127.5
127.5
125.75
125.75
122.25
122.25
122.25
120.25
120.25
120.0
118.5
118.5
118.5
117.5
117.5
118.25
119.25
119.25
119.5
119.5
119.5
119.5
119.5
119.75
119.75
118.25
118.25
118.0
118.0
117.0
117.0
117.0
115.0
115.0
118.75
118.75
120.75
120.75
121.0
121.0
120.5
120.5
119.0
119.0
119.0
118.25
118.0
118.0
118.0
118.0
118.0
118.0
118.0
118.0
118.0
118.0
118.0
121.5
121.5
121.5
121.5
121.5
121.5
121.5
121.5
121.5
121.5
121.5
121.4375
121.375
121.3125
121.25
121.1875
121.125
121.0625
121.0
120.9375
120.875
120.8125
120.75
120.6875
120.625
120.5625
120.5
120.4375
120.375
120.3125
120.25
120.1875
120.125
120.0625
120.0
119.9375
119.875
119.8125
119.75
119.6875
119.625
119.5625
119.5
119.4375
119.375
119.3125
119.25
119.1875
119.125
119.0625
119.0
119.0
119.0
119.0
118.25
118.25
116.5
116.5
116.0
116.0
116.25
116.25
115.0
115.0
113.5
113.5
110.75
110.75
108.5
108.5
112.5
112.5
112.5
115.25
115.25
115.75
115.75
115.75
115.75
120.75
120.75
121.0
121.0
119.25
119.25
115.5
115.5
113.25
113.25
112.0
112.0
112.25
112.25
114.5
114.5
114.75
114.75
115.25
115.25
115.75
115.75
115.75
115.75
115.75
115.75
115.75
118.0
118.0
118.0
118.0
118.25
118.25
119.25
119.25
121.25
121.25
121.25
121.25
118.25
118.25
118.25
118.25
118.25
118.25
124.25
124.25
124.75
124.75
123.75
123.75
123.0
123.0
123.0
121.25
120.75
120.75
121.25
121.25
120.5
120.5
121.0
121.0
120.5
120.5
120.5
120.5
120.5
124.0
124.0
124.25
124.25
124.25
124.25
125.5
125.5
123.25
123.25
123.0
123.0
122.25
122.25
121.75
121.75
121.75
121.0
121.0
116.75
116.75
115.25
115.25
119.0
119.0
119.0
119.0
121.25
121.25
121.25
121.25
121.25
121.25
122.75
120.5
120.5
120.5
118.5
118.5
118.5
118.5
118.5
118.5
118.5
118.5
118.5
118.5
119.5
119.5
118.25
118.25
119.0
119.0
121.25
121.25
121.75
121.75
121.5
122.0
122.0
121.5
121.5
121.25
121.25
120.5
120.5
119.25
119.25
117.75
117.75
117.75
117.75
117.75
116.75
116.75
116.75
116.75
116.75
116.75
121.0
121.0
119.25
119.25
119.75
119.75
120.0
120.0
120.0
121.75
121.75
121.75
121.5
121.5
122.0
122.0
120.75
120.75
120.25
120.25
120.25
120.25
119.5
119.5
119.5
118.5
118.5
118.5
117.75
117.75
117.75
117.75
117.75
117.75
117.75
117.75
117.25
117.25
117.25
117.25
117.5
117.5
117.5
117.75
117.75
118.75
118.75
120.0
120.0
120.0
120.0
118.5
118.5
118.25
118.25
118.25
118.25
119.25
119.25
119.25
119.25
122.0
122.0
125.5
125.5
126.75
126.75
127.5
127.5
126.25
126.25
123.5
123.5
120.5
120.5
119.5
119.5
119.5
119.5
118.75
118.75
117.75
117.75
117.5
117.5
117.5
117.25
117.25
116.25
116.25
116.25
116.25
117.75
117.75
118.0
118.0
118.0
117.25
117.25
117.25
117.25
118.75
118.75
120.25
120.25
120.5
120.5
120.25
120.25
120.25
122.0
122.0
123.0
123.0
121.0
121.0
118.5
118.5
116.75
116.75
116.25
116.25
120.25
120.25
120.25
120.25
118.75
118.75
118.5
118.5
118.5
118.5
118.5
118.5
118.5
118.5
118.5
118.5
118.5
117.5
117.5
119.25
121.25
121.25
121.75
121.75
121.25
121.25
120.0
120.0
119.25
119.25
119.25
119.25
119.25
119.25
119.0
119.0
117.75
117.5
117.5
117.5
118.5
118.25
118.25
118.25
117.75
117.75
119.25
119.25
121.25
121.25
122.25
122.25
122.25
122.5
122.5
122.5
122.5
122.5
120.5
120.5
118.25
118.25
116.25
116.25
116.5
116.5
116.75
116.75
118.0
118.0
118.75
118.75
119.0
119.0
119.0
119.0
114.75
114.75
114.75
114.75
121.0
121.0
122.5
122.5
122.5
122.0
122.0
120.5
120.5
120.5
120.5
120.5
120.5
119.0
119.0
118.75
118.75
116.75
116.75
115.5
115.5
114.75
114.75
114.75
114.75
114.75
114.75
115.75
115.75
116.5
116.5
117.5
117.5
117.0
117.0
117.0
116.25
116.75
116.75
116.75
116.75
117.5
117.5
119.25
119.25
119.75
119.75
122.0
122.0
122.0
122.75
122.75
123.0
123.0
123.0
123.0
125.75
125.75
126.0
126.0
126.0
126.0
126.25
126.25
124.5
124.5
123.5
123.5
123.5
118.25
118.25
118.25
118.75
118.75
118.75
118.75
120.0
120.0
118.75
118.75
119.0
119.0
119.5
119.5
119.75
119.75
121.0
121.0
121.0
121.0
121.25
122.75
122.75
122.75
123.25
123.25
123.25
124.25
124.25
124.5
124.5
122.75
122.75
120.5
120.5
120.5
120.5
120.5
120.5
119.75
119.75
119.75
119.75
119.25
119.25
119.5
119.5
119.5
119.5
122.0
122.0
123.25
123.25
123.25
124.25
124.25
123.75
124.0
124.0
124.75
124.75
123.25
123.25
122.0
122.0
122.0
120.5
120.5
120.25
120.25
120.25
122.75
122.75
121.75
121.75
120.0
120.0
119.0
119.0
119.0
119.0
121.0
121.0
122.75
122.75
123.0
123.0
123.75
123.75
123.75
121.25
121.25
121.0
121.0
121.0
121.0
124.25
124.25
124.25
124.25
124.25
124.25
124.25
115.5
115.5
113.0
113.0
114.25
114.25
114.5
114.5
116.0
116.0
116.0
116.0
114.0
114.0
113.75
113.75
113.75
113.75
113.5
113.5
113.5
114.75
114.75
115.5
115.5
115.0
115.0
113.5
113.5
116.5
116.5
118.0
118.0
119.0
119.0
120.0
120.0
122.0
122.0
122.75
122.75
122.75
122.75
120.0
120.0
120.0
120.0
119.25
119.25
118.5
118.5
118.25
118.25
117.25
117.25
116.0
116.0
118.25
118.25
119.5
119.5
119.5
119.5
120.0
120.0
120.0
120.0
121.75
121.75
119.75
119.75
118.75
118.75
118.75
118.75
119.25
119.25
119.25
119.25
119.75
119.75
120.25
120.25
121.0
121.0
121.5
121.5
122.0
122.0
122.75
123.0
123.0
123.0
123.0
124.0
124.0
123.5
123.5
123.5
123.5
123.5
123.5
121.5
121.5
118.5
118.5
118.5
117.75
117.75
117.75
117.75
119.25
119.25
118.5
118.5
120.0
120.0
120.5
121.25
121.25
121.25
121.25
121.5
121.5
121.5
121.5
120.75
120.75
120.75
120.75
120.75
120.75
120.75
120.75
120.75
120.75
120.75
119.0
119.0
118.25
118.25
117.25
117.25
117.0
117.0
117.0
117.0
117.0
117.0
117.0
117.0
117.0
115.85
114.7
113.55
112.4
111.25
111.25
112.25
112.25
112.5
112.5
112.75
112.75
113.5
113.5
116.5
116.5
118.0
118.0
120.5
120.5
121.0
121.0
121.25
121.25
120.25
120.25
118.25
118.25
118.25
115.5
115.5
115.5
115.5
116.25
116.25
116.25
116.25
116.25
108.75
108.75
108.75
110.0
110.0
110.0
110.0
109.75
109.75
109.75
109.75
109.75
109.75
105.5
105.5
104.75
104.75
104.75
104.75
104.75
104.5
104.5
104.5
104.5
111.0
111.0
113.5
113.5
113.5
114.75
114.75
110.0
110.0
111.5
111.5
109.75
109.75
113.75
113.75
116.5
116.5
116.5
117.75
117.75
118.0
118.0
118.0
118.0
118.0
118.0
118.0
118.0
117.3157894736842
116.63157894736842
115.94736842105263
115.26315789473684
114.57894736842105
113.89473684210526
113.21052631578948
112.52631578947368
111.84210526315789
111.15789473684211
110.47368421052632
109.78947368421052
109.10526315789474
108.42105263157895
107.73684210526316
107.05263157894737
106.36842105263158
105.6842105263158
105.0
105.0
104.25
104.25
103.75
103.75
103.75
107.75
107.75
107.5
107.5
108.0
108.0
108.25
108.25
108.25
108.25
108.25
108.25
108.25
108.25
108.25
108.25
108.25
105.25
105.25
105.0
105.0
105.0
105.0
105.0
102.5
102.5
100.25
100.25
100.25
100.25
100.25
108.5
108.5
108.5
108.0
108.0
108.0
96.5
96.5
94.75
94.75
94.75
94.75
94.75
94.5
94.5
107.75
107.75
111.5
111.5
111.5
113.0
113.0
113.0
113.0
113.0
113.0
113.0
113.36538461538461
113.73076923076923
114.09615384615384
114.46153846153847
114.82692307692308
115.1923076923077
115.5576923076923
115.92307692307692
116.28846153846153
116.65384615384616
117.01923076923077
117.38461538461539
117.75
117.75
117.0
117.0
117.0
116.25
116.25
116.25
116.25
116.25
116.25
116.25
116.25
116.25
116.25
116.25
114.0
114.0
113.5
113.5
113.5
113.5
109.5
109.5
112.5
112.5
112.5
112.5
113.25
113.25
113.25
113.25
121.0
121.0
107.75
107.75
105.75
105.75
107.25
107.25
107.25
108.75
108.75
111.75
111.75
113.0
113.0
114.5
114.5
117.25
117.25
117.75
117.75
117.25
117.25
114.0
114.0
114.0
108.0
108.0
108.0
108.0
108.0
108.0
108.0
108.0
105.25
105.25
105.25
105.25
105.25
101.25
101.25
102.25
102.25
102.25
102.75
102.75
102.5
102.5
102.5
102.5
102.5
101.5
101.5
102.25
102.25
102.25
102.25
102.25
102.5
102.5
103.75
103.75
103.75
104.25
104.25
104.25
104.25
101.75
101.75
97.0
97.0
97.0
96.75
96.75
99.0
99.0
99.0
99.0
99.0
105.0
105.0
105.5
105.5
105.5
107.25
107.25
108.0
108.0
107.75
107.75
107.75
101.5
101.5
99.75
99.75
104.75
104.75
106.0
106.0
108.5
108.5
108.5
109.75
109.75
109.75
109.75
109.75
107.5
107.5
106.0
106.0
106.0
103.75
103.75
103.75
102.25
102.25
102.25
100.5
100.5
100.25
100.25
100.25
100.25
100.25
102.25
102.25
104.25
104.25
106.25
106.25
112.5
112.5
116.5
116.5
116.5
116.5
116.5
107.25
107.25
102.25
102.25
102.5
102.5
102.5
106.25
106.25
109.0
109.0
108.0
108.0
108.0
108.0
107.75
112.5
112.5
112.5
105.25
105.25
105.25
105.25
105.25
105.5
105.5
105.0
105.0
105.0
105.75
105.75
106.25
106.25
106.5
106.5
106.5
106.5
106.75
106.75
106.75
113.75
113.75
114.75
114.75
117.25
117.25
117.25
117.75
117.75
118.0
118.0
118.0
118.0
118.0
118.0
118.0
121.75
121.75
121.75
121.75
123.0
123.0
123.0
116.75
116.75
114.0
114.0
111.5
111.5
109.75
109.75
110.25
110.25
103.75
103.75
103.75
102.75
102.75
102.75
102.75
102.75
103.75
103.75
105.25
105.25
107.75
107.75
109.0
109.0
109.0
107.75
107.75
107.75
107.75
108.75
108.75
111.0
111.0
108.5
108.5
108.5
105.25
105.25
102.0
102.0
102.0
113.5
113.5
113.5
114.5
114.5
117.25
117.25
117.25
117.25
119.0
119.0
119.0
119.0
119.0
119.0
119.5
119.5
120.5
120.5
121.5
121.5
122.5
121.5
121.5
121.5
118.5
118.5
118.5
118.0
118.0
118.0
118.0
120.0
120.0
112.0
112.0
109.75
109.75
109.75
106.0
106.0
106.0
106.0
106.0
107.25
107.25
109.25
109.25
112.5
112.5
116.75
116.75
120.5
120.5
122.0
122.0
120.0
120.0
125.5
125.75
125.75
125.75
125.0
125.0
122.75
122.75
116.75
116.75
114.0
114.0
113.5
113.5
105.25
105.25
104.75
104.75
104.75
104.75
104.75
108.5
108.5
100.0
100.0
98.5
98.5
98.5
98.5
98.5
98.25
98.25
108.0
108.0
111.25
111.25
112.25
112.25
115.5
115.5
115.75
115.75
115.75
116.75
116.75
115.0
115.0
115.0
116.0
116.0
117.0
117.0
117.5
117.5
118.0
118.0
118.0
118.0
117.0
117.0
118.75
118.75
119.0
119.0
118.25
118.25
118.25
118.25
111.75
111.75
111.75
111.75
111.75
113.75
113.75
113.75
113.75
113.75
113.75
113.75
110.0
110.0
110.0
109.5
109.5
109.5
109.5
109.5
109.5
109.5
109.5
109.5
112.75
116.0
119.25
122.5
122.5
120.75
120.75
120.75
118.5
118.5
114.25
114.25
109.5
109.5
108.75
108.75
108.75
108.75
108.75
111.0
111.0
111.5
111.5
111.5
107.5
107.5
106.5
106.5
109.25
109.25
111.5
111.5
109.25
109.25
109.25
108.25
108.25
107.5
107.5
104.0
104.0
104.0
106.5
106.5
107.5
107.5
106.5
106.5
106.5
106.5
110.0
110.0
111.5
111.5
112.75
112.75
110.25
110.25
111.25
111.25
110.0
110.0
110.0
108.75
103.75
103.75
103.75
105.75
105.75
107.0
107.0
107.0
109.25
109.25
109.75
109.75
109.75
109.75
110.0
110.0
110.0
110.0
110.0
113.58333333333333
117.16666666666667
120.75
120.75
121.75
121.75
122.25
122.25
119.0
119.0
117.25
117.25
114.25
114.25
114.25
110.75
110.75
111.0
111.0
112.0
112.0
113.5
113.5
107.0
107.0
106.0
106.0
112.25
112.25
115.5
115.5
118.0
118.0
115.25
115.25
115.25
115.25
115.25
118.0
118.0
118.75
118.75
119.25
119.25
119.5
119.5
119.5
119.5
120.25
120.25
120.25
120.25
120.25
120.25
117.75
117.75
115.0
115.0
114.5
114.5
116.0
116.0
114.5
114.5
114.5
114.0
114.0
114.0
114.0
109.0
109.0
107.75
107.75
108.25
108.25
111.25
111.25
116.25
116.25
117.75
117.75
122.0
122.0
123.75
123.75
123.75
123.75
117.75
117.75
116.5
116.5
116.5
116.5
116.5
116.5
116.5
116.5
116.5
116.5
116.5
113.0
113.0
118.75
118.75
124.75
124.75
128.5
128.5
129.25
128.0
128.0
123.5
123.5
123.5
123.5
121.75
121.75
121.75
121.75
121.75
121.75
121.75
121.75
121.75
121.75
115.5
115.5
115.5
115.5
115.5
102.5
102.5
101.75
101.75
105.25
105.25
107.0
107.0
107.0
108.5
108.5
108.5
108.5
107.75
107.75
110.0
110.0
110.0
110.5
110.5
110.0
110.0
114.0
114.0
111.5
111.5
111.5
111.5
109.75
109.75
110.0
110.0
110.0
110.75
110.75
112.5
112.5
110.25
110.25
109.75
109.75
110.75
110.75
111.0
111.0
113.75
113.75
114.75
114.75
114.75
115.25
115.25
114.75
114.75
114.25
114.25
114.75
114.75
115.0
115.0
115.0
107.5
107.5
106.5
106.5
108.0
108.0
108.0
108.0
109.75
109.75
110.25
110.25
107.5
107.5
107.5
107.5
107.5
107.0
107.0
107.0
107.0
109.25
109.25
109.1590909090909
109.06818181818181
108.97727272727273
108.88636363636364
108.79545454545455
108.70454545454545
108.61363636363636
108.52272727272727
108.43181818181819
108.3409090909091
108.25
108.25
106.5
106.5
106.75
106.75
107.75
107.75
109.5
109.5
110.75
110.75
110.0
110.0
110.0
110.0
111.25
111.25
111.0
111.0
109.75
109.75
108.25
108.25
108.5
108.5
108.5
108.5
108.5
108.5
112.5
112.5
112.0
112.0
112.0
112.0
116.75
116.75
117.0
117.0
115.25
115.25
115.25
115.25
115.25
114.75
114.75
111.5
111.5
110.5
110.5
110.5
110.75
110.75
110.75
110.75
110.75
110.75
110.75
107.0
107.0
108.0
108.0
109.5
109.5
107.75
107.75
107.5
107.5
107.5
107.5
107.5
107.5
107.5
107.5
107.5
107.5
107.5
107.5
108.26666666666667
109.03333333333333
109.8
110.56666666666666
111.33333333333333
112.1
112.86666666666666
113.63333333333334
114.4
115.16666666666667
115.93333333333334
116.7
117.46666666666667
118.23333333333333
119.0
119.0
120.5
120.5
120.75
120.75
114.5
114.5
112.25
112.25
110.5
110.5
110.25
110.25
108.0
108.0
109.25
109.25
109.25
111.0
112.25
112.25
112.25
114.5
114.5
115.5
115.5
115.5
115.5
112.0
112.0
113.5
113.5
115.25
115.25
115.25
118.0
118.0
119.5
119.5
119.75
119.75
121.5
121.5
122.75
122.75
123.5
123.75
123.75
123.75
123.5
123.5
121.75
120.5
120.5
120.5
120.5
120.5
117.75
117.75
117.75
117.75
118.5
118.5
118.75
118.75
118.75
118.75
119.0
119.0
119.0
119.0
119.0
119.0
118.0
118.0
115.75
115.75
115.0
115.0
115.0
115.0
115.5
115.5
116.75
116.75
116.75
116.75
116.75
116.75
116.75
116.75
116.25
116.25
116.25
117.75
117.75
118.75
118.75
120.25
120.5
120.5
120.75
120.75
120.75
120.5
120.0
120.0
120.0
116.5
116.5
116.5
115.25
115.25
115.25
113.25
113.25
114.5
114.5
118.25
118.25
118.25
121.25
121.25
122.25
122.25
122.75
122.75
120.75
120.75
119.25
119.25
117.75
117.75
117.25
117.25
117.0
117.0
117.0
117.0
119.25
119.25
121.25
121.25
121.25
121.25
118.5
118.5
118.0
118.0
118.75
118.75
119.75
119.75
119.0
119.0
119.25
119.25
119.75
119.75
120.0
120.0
119.25
119.25
119.75
119.75
120.0
120.0
120.25
120.25
121.5
121.5
121.75
121.75
121.25
121.25
123.0
123.0
125.0
125.0
125.75
125.75
123.0
123.0
120.0
120.0
118.0
118.0
118.0
118.0
120.0
120.0
122.5
124.5
124.5
126.25
126.25
126.25
127.25
127.25
126.75
126.75
123.0
123.0
120.5
120.5
120.5
120.5
120.5
120.5
120.5
120.5
118.75
118.75
118.75
118.5
118.5
120.25
120.25
119.25
119.25
117.5
117.5
118.75
118.75
116.75
116.75
117.25
117.25
116.5
116.5
116.5
116.5
119.5
119.5
120.5
120.5
120.5
120.5
124.5
124.5
124.5
124.5
130.0
130.0
130.25
130.25
129.5
129.5
128.5
128.5
128.0
128.0
128.0
128.0
120.5
120.5
119.25
119.25
116.5
116.5
116.5
113.5
113.5
110.75
110.75
114.25
114.25
116.75
116.75
118.5
118.5
120.75
120.75
121.75
121.75
120.75
120.75
121.0
121.0
122.0
124.0
124.0
125.25
125.25
123.0
123.0
123.0
123.0
121.5
121.5
120.75
120.75
117.5
117.5
118.5
118.5
117.0
117.0
122.0
122.0
125.0
124.25
124.25
123.5
123.5
123.5
123.5
120.5
120.5
120.5
115.5
115.5
112.75
112.75
116.25
116.25
117.75
117.75
121.0
121.0
121.0
121.0
119.5
119.5
119.75
119.75
120.5
120.5
121.25
121.25
121.25
121.25
119.75
119.75
117.0
117.0
117.75
117.75
119.25
119.25
120.5
120.5
124.25
124.5
124.5
123.75
123.75
123.75
123.75
124.25
124.25
123.5
123.5
123.75
123.75
123.75
123.75
127.25
127.25
125.5
125.5
123.75
123.75
121.5
121.5
119.25
119.25
117.75
117.75
116.75
116.75
117.75
117.75
117.0
117.0
116.75
116.75
116.75
116.75
116.75
116.75
116.75
111.25
111.25
109.25
109.25
108.0
108.0
108.0
107.75
107.75
107.75
107.75
107.75
107.75
107.75
107.75
107.75
110.5
110.5
110.5
110.5
110.5
110.5
119.25
119.25
121.0
121.0
120.25
120.25
118.5
118.5
118.25
118.25
119.0
119.0
119.25
119.25
119.25
118.5
118.5
116.25
116.25
114.75
114.75
109.75
109.75
108.0
108.0
107.75
107.75
107.75
107.75
107.75
114.0
114.0
115.75
115.75
117.25
117.25
114.5
114.5
115.25
115.25
115.25
115.5
115.5
117.25
117.25
118.25
118.25
119.5
119.5
119.25
119.25
116.5
116.5
115.75
115.75
116.25
116.25
116.25
116.25
115.25
115.25
115.25
115.75
115.75
116.75
116.75
116.75
116.75
115.75
115.75
115.75
115.75
115.25
115.25
113.25
113.25
112.75
112.75
111.5
111.5
112.25
112.25
112.25
112.25
112.25
112.75
120.75
120.75
120.75
124.25
124.25
116.0
116.0
115.0
115.0
117.5
117.5
117.5
117.5
119.25
119.25
119.25
120.75
120.5
120.5
122.75
122.75
122.25
122.25
121.75
121.75
123.0
123.0
120.25
120.25
120.25
120.25
126.25
126.25
127.5
127.5
127.5
127.25
127.25
126.0
126.0
124.25
124.25
123.0
123.0
121.5
121.5
121.5
121.5
117.75
117.75
117.75
118.25
119.0
119.0
119.0
121.0
121.0
121.5
122.25
122.25
122.25
122.25
123.25
123.25
126.25
126.25
126.5
126.5
126.5
126.5
124.25
124.25
124.25
124.25
124.25
124.25
124.25
124.25
124.25
124.25
124.25
124.25
124.5
124.5
125.0
125.0
124.0
124.0
124.25
124.25
124.25
124.25
121.5
121.5
121.0
121.0
122.0
122.0
122.25
122.25
123.5
123.5
124.5
124.5
125.0
125.0
125.25
125.25
125.0
125.0
124.0
124.0
124.5
124.5
124.0
123.5
123.5
123.5
122.0
122.0
123.0
123.0
123.0
123.0
123.0
123.0
121.75
121.75
122.5
122.5
122.0
122.0
121.75
121.75
121.75
121.75
120.0
120.0
121.75
121.75
123.5
123.5
126.0
126.0
125.5
125.5
123.5
123.5
119.5
119.5
119.5
119.5
119.75
119.75
122.0
122.0
123.0
123.0
123.5
123.5
125.25
125.25
126.0
126.0
127.0
127.0
127.25
127.25
126.25
126.25
121.25
121.25
121.25
121.25
120.0
120.0
120.0
120.0
120.25
120.25
119.5
119.5
119.75
119.75
119.75
119.75
120.25
120.25
120.5
120.5
120.5
125.0
125.0
125.25
125.25
127.5
127.5
127.5
126.0
126.0
126.0
123.75
123.75
123.75
122.25
122.25
124.75
124.75
124.75
124.75
124.75
128.0
128.0
130.0
130.0
131.5
131.5
132.0
132.0
130.5
130.5
130.25
130.25
129.0
129.0
128.25
128.25
127.75
127.75
126.5
126.5
126.5
121.75
121.75
121.75
120.25
120.25
119.75
119.75
120.5
120.5
121.25
121.25
122.25
122.25
122.25
122.25
122.25
122.5
122.5
121.5
121.5
121.5
121.5
121.25
121.25
121.75
121.75
123.75
123.75
126.75
126.75
128.0
128.0
128.0
128.0
128.5
129.25
129.25
128.75
128.75
126.5
126.5
126.5
126.5
126.5
126.5
124.0
124.0
124.25
124.25
123.75
123.75
124.0
124.0
125.0
125.0
125.0
126.0
126.0
126.0
122.75
122.75
122.0
122.0
124.25
124.25
125.0
125.0
123.0
123.0
123.0
123.0
124.75
124.75
123.25
123.25
123.25
123.25
123.5
123.5
123.5
123.5
123.5
123.5
122.75
122.75
120.75
120.75
120.0
120.0
120.5
120.5
121.0
121.0
121.25
121.25
121.25
121.25
122.25
122.25
122.75
122.75
122.75
121.25
121.25
121.25
121.25
121.25
121.25
120.25
120.25
120.25
120.25
120.5
120.5
120.5
120.5
119.25
119.25
120.75
121.25
121.25
121.25
121.0
120.0
120.0
120.75
120.75
122.75
122.75
122.75
122.75
122.75
122.75
122.75
119.5
116.75
116.75
116.75
115.0
115.0
115.25
115.25
116.75
116.75
118.5
118.5
121.25
121.25
122.75
122.75
122.25
122.0
122.0
122.0
122.0
119.75
119.75
119.75
119.75
119.75
119.0
119.0
115.25
115.25
118.0
118.0
120.25
120.25
121.5
121.5
122.25
122.25
122.5
122.5
120.75
120.75
118.25
118.25
118.25
118.25
116.25
116.25
117.5
117.5
120.5
120.5
120.5
120.5
121.5
121.5
121.5
119.5
119.5
119.0
119.0
119.0
122.25
122.25
125.0
125.0
126.0
126.0
125.5
125.5
125.5
125.5
124.5
124.5
122.0
122.0
119.75
119.75
118.0
118.0
117.0
117.0
117.75
117.75
119.5
119.5
122.25
122.25
124.5
124.5
125.0
125.0
124.0
124.0
122.75
122.75
124.0
124.0
123.25
123.25
122.0
122.0
119.0
119.5
119.5
119.5
119.5
119.5
118.5
118.5
122.25
122.25
122.75
123.75
123.75
125.25
125.25
125.25
124.25
124.25
123.5
123.5
122.5
122.5
120.75
120.75
120.75
120.75
120.0
120.0
120.0
120.0
120.0
120.75
120.75
120.75
120.75
121.0
121.0
120.75
120.75
122.0
122.0
122.25
122.25
121.5
121.5
123.25
123.25
123.25
124.5
124.5
126.0
126.0
126.0
125.75
125.75
125.75
125.75
125.75
125.75
125.5
125.5
126.5
126.5
126.5
128.5
128.5
130.75
130.75
130.75
131.75
131.75
132.75
132.75
131.75
131.75
131.5
131.5
131.5
131.5
131.5
131.5
131.5
131.5
131.5
131.5
127.0
127.0
127.0
127.0
126.0
126.0
126.0
126.0
127.5
129.0
130.5
130.5
130.5
130.5
131.0
131.0
131.0
131.0
131.0
131.0
131.0
133.75
133.75
133.75
135.25
135.25
135.25
135.25
141.5
141.5
140.25
139.0
139.0
134.5
134.5
123.75
123.75
114.5
114.5
112.0
112.0
112.5
112.5
114.5
114.5
114.5
115.5
115.5
116.75
116.75
118.5
118.5
120.25
120.25
121.5
121.75
121.75
121.75
122.5
122.5
123.0
123.0
125.25
125.25
125.75
126.25
126.25
127.25
127.25
127.5
127.5
127.5
128.25
128.25
128.25
128.25
127.75
127.75
128.0
128.0
128.0
128.0
129.75
129.25
129.25
127.75
127.75
128.5
128.5
128.25
125.75
125.75
125.75
124.5
124.5
123.25
123.25
124.25
124.25
126.0
126.0
127.5
127.5
127.5
125.75
125.75
124.75
124.75
124.75
124.75
122.5
122.5
122.5
122.5
120.25
120.25
118.5
118.5
118.75
118.75
121.0
121.0
123.0
123.0
123.75
123.75
123.5
123.5
124.0
124.0
125.0
125.0
127.25
128.0
128.0
128.5
128.5
129.0
129.0
129.0
129.0
129.25
129.25
129.25
127.0
127.0
127.0
124.75
122.5
122.5
124.75
124.75
126.75
126.75
126.75
131.0
132.0
132.0
132.0
132.0
132.0
132.0
132.5
132.5
132.5
135.0
135.0
135.75
135.75
136.0
136.0
136.5
137.75
137.75
138.5
138.5
139.0
139.0
139.0
139.0
139.0
143.5
143.5
142.5
142.5
142.5
142.0
142.0
142.0
140.0
140.0
140.0
140.0
140.0
140.0
140.0
136.25
136.25
134.75
135.0
135.0
135.0
134.5
133.0
133.0
131.75
131.75
129.75
129.75
128.5
128.5
127.5
127.5
128.5
128.75
128.75
129.0
129.0
129.0
129.0
129.0
129.0
127.75
127.75
127.75
127.75
131.0
131.0
131.25
131.25
131.25
131.25
131.25
131.25
131.25
131.25
126.5
126.5
126.5
126.5
126.5
126.5
126.5
126.5
126.58333333333333
126.66666666666667
126.75
126.75
128.75
128.75
129.5
129.5
129.0
129.0
128.0
128.0
123.75
123.75
116.5
116.5
111.75
111.75
111.75
111.75
115.25
115.25
113.5
113.5
113.5
113.5
112.0
112.0
111.25
111.25
111.25
108.25
108.25
107.5
107.5
107.5
107.5
107.5
107.5
107.5
111.21875
114.9375
118.65625
122.375
126.09375
129.8125
133.53125
137.25
137.25
137.25
137.25
137.25
137.25
136.5
136.5
135.25
133.5
133.5
133.5
134.0
134.0
134.0
134.0
131.0
131.0
127.5
127.5
128.0
128.0
128.25
128.25
128.25
106.75
85.25
85.25
85.25
85.25
85.25
85.25
85.25
85.25
85.25
85.25
92.25
92.25
93.25
93.25
93.25
93.5
93.5
93.5
99.6
105.7
111.8
117.9
124.0
124.0
124.0
124.0
124.0
124.0
125.5
125.5
126.0
127.75
127.75
129.25
129.25
130.5
130.5
131.0
131.0
132.5
132.5
132.5
130.5
130.5
130.5
130.5
131.25
131.25
132.5
132.75
132.75
132.5
132.5
132.5
132.5
131.0
131.0
129.5
129.5
128.25
128.25
127.25
127.25
126.0
126.0
126.25
126.25
127.0
128.0
128.0
128.25
128.25
131.0
131.0
131.0
133.75
133.75
134.75
134.75
135.75
135.75
136.5
137.0
137.0
137.25
137.25
137.75
137.75
139.0
139.25
139.25
139.25
139.25
139.25
140.5
140.5
141.0
141.0
141.25
141.25
141.25
141.25
141.25
141.25
141.25
142.5
142.75
142.75
143.0
143.0
143.5
143.5
143.5
143.25
143.25
143.5
140.75
140.75
135.5
135.5
133.5
133.5
132.75
132.75
132.75
134.5
134.5
133.0
133.0
131.5
131.5
131.75
131.75
132.0
134.0
134.0
135.0
135.0
135.0
135.0
135.0
135.0
135.5
135.5
135.5
136.25
136.25
138.0
138.5
138.5
138.25
138.25
138.75
138.75
139.0
138.75
138.75
138.0
138.0
137.0
137.0
137.0
137.0
135.5
134.75
134.75
135.0
135.0
135.5
136.25
136.25
134.5
134.5
132.5
132.5
131.25
131.25
130.75
131.25
131.25
132.25
132.25
133.75
133.75
134.5
134.5
135.0
136.0
136.0
136.0
136.5
136.5
135.75
135.75
135.25
135.25
135.25
134.75
134.75
127.25
127.25
124.0
124.0
123.75
123.75
123.75
123.75
124.75
124.75
125.5
125.5
127.5
127.5
129.25
129.25
130.25
130.25
130.25
130.25
130.5
130.5
129.5
129.5
129.5
127.5
127.5
128.75
128.75
128.75
132.25
132.25
132.25
132.25
134.25
134.25
132.5
132.5
132.25
131.75
131.75
131.75
131.75
131.75
131.75
131.75
132.0
132.0
129.5
129.5
130.25
130.25
130.25
132.25
132.25
132.25
132.5
132.5
132.5
132.5
132.5
132.5
132.5
132.5
138.5
138.5
135.75
135.75
135.25
135.25
135.75
135.75
135.75
133.5
133.5
134.0
134.0
134.25
134.25
134.5
134.5
134.5
134.75
134.75
135.5
135.5
135.0
135.0
135.0
128.25
128.25
125.5
125.5
123.75
123.75
123.75
117.5
117.5
116.0
116.0
115.75
115.75
115.75
115.75
115.75
115.75
128.75
128.75
128.75
133.25
133.25
138.0
138.0
138.0
140.5
140.5
143.5
143.5
143.5
144.5
144.5
144.5
144.5
143.5
143.5
143.5
139.25
139.25
139.0
139.0
139.0
139.0
139.0
139.0
139.0
139.0
134.5
134.5
131.5
131.5
131.5
130.75
130.75
130.75
130.75
130.75
130.75
130.75
130.75
129.13541666666666
127.52083333333333
125.90625
124.29166666666667
122.67708333333333
121.0625
119.44791666666667
117.83333333333333
116.21875
114.60416666666667
112.98958333333333
111.375
109.76041666666667
108.14583333333333
106.53125
104.91666666666667
103.30208333333333
101.6875
100.07291666666667
98.45833333333333
96.84375
95.22916666666667
93.61458333333333
92.0
92.0
98.5
98.5
98.5
99.5
99.5
96.0
96.0
96.5
96.5
96.75
96.75
96.75
96.75
96.75
97.03846153846153
97.32692307692308
97.61538461538461
97.90384615384616
98.1923076923077
98.48076923076923
98.76923076923077
99.0576923076923
99.34615384615384
99.63461538461539
99.92307692307692
100.21153846153847
100.5
100.78846153846153
101.07692307692308
101.36538461538461
101.65384615384616
101.9423076923077
102.23076923076923
102.51923076923077
102.8076923076923
103.09615384615384
103.38461538461539
103.67307692307692
103.96153846153847
104.25
104.25
104.25
104.25
104.25
104.25
104.25
103.75
103.75
103.25
103.25
103.25
103.25
103.25
103.25
109.0
109.0
109.5
109.5
109.5
109.25
109.25
109.0
109.0
109.0
105.25
105.25
105.0
105.0
105.0
105.0
107.5
107.5
107.5
107.5
107.5
107.5
107.5
107.5
107.5
109.0
110.5
112.0
113.5
115.0
114.5
114.5
114.5
113.5
113.5
113.0
113.0
111.5
111.5
111.5
111.25
111.25
112.0
112.0
112.5
112.5
112.5
112.5
114.5
114.5
115.25
115.25
113.75
113.75
116.0
116.0
116.25
116.25
116.75
116.75
116.75
116.75
116.75
116.75
120.0
120.0
120.0
120.25
120.25
120.25
120.25
120.25
120.25
120.25
121.5
121.5
122.0
122.0
121.25
121.25
121.25
121.25
121.25
121.25
121.0
121.0
112.75
112.75
110.75
110.75
114.0
114.0
115.0
115.0
123.0
123.0
123.0
123.5
123.5
123.5
123.5
123.5
123.5
121.0
121.0
121.0
110.0
110.0
109.25
109.25
112.25
112.25
110.25
110.25
109.25
109.25
109.25
107.25
107.25
106.0
106.0
103.0
103.0
105.25
105.25
107.0
107.0
107.0
107.5
107.5
109.25
109.25
111.5
111.5
113.25
113.25
114.25
114.25
115.75
115.75
117.25
117.25
119.25
119.25
121.0
121.0
122.75
122.75
123.5
123.5
122.25
122.25
121.25
121.25
122.75
122.75
122.75
122.75
117.75
117.75
117.25
117.25
120.0
120.0
120.0
120.0
121.25
121.25
121.25
121.25
121.25
121.25
121.25
121.25
108.66666666666667
96.08333333333333
83.5
83.5
83.5
79.75
79.75
78.25
78.25
78.25
84.25
84.25
84.25
85.0
85.0
85.0
85.75
85.75
86.0
86.0
86.0
93.25
93.25
93.25
94.75
94.75
94.75
84.75
84.75
84.75
83.75
83.75
83.75
85.5
85.5
83.75
83.75
83.75
81.0
81.0
81.0
84.75
84.75
85.5
85.5
85.5
87.0
87.0
87.0
86.25
86.25
86.25
86.25
86.25
97.75
97.75
98.4375
99.125
99.8125
100.5
101.1875
101.875
102.5625
103.25
103.25
103.75
103.75
103.75
101.0
101.0
101.0
101.5
101.5
106.0
106.0
106.0
106.0
95.75
95.75
95.75
103.0
103.0
104.75
104.75
104.75
104.75
104.75
104.5
104.5
105.5
105.5
106.25
106.25
106.75
106.75
111.5
111.5
114.25
114.25
115.5
115.5
116.0
116.0
116.5
116.5
116.25
116.25
116.25
116.25
116.25
116.25
108.75
108.75
110.25
110.25
110.25
116.0
116.0
116.0
117.25
117.25
117.25
121.25
121.25
121.75
121.75
121.75
121.75
125.25
125.25
122.0
122.0
121.25
121.25
121.25
121.25
121.25
126.75
127.75
127.75
128.25
128.25
128.5
128.5
128.5
128.5
114.5
114.5
126.0
137.5
149.0
149.0
149.0
149.0
149.0
150.5
150.5
150.75
150.75
151.0
151.0
150.25
150.25
149.75
150.0
150.0
150.5
150.5
150.25
148.5
148.5
145.25
145.25
144.0
143.5
143.5
143.5
143.5
143.5
142.08333333333334
140.66666666666666
139.25
139.25
139.0
139.0
139.0
138.25
138.25
137.75
137.75
137.5
140.0
140.0
141.5
141.5
140.75
138.25
138.25
135.75
135.75
134.25
134.25
133.75
133.75
133.75
133.75
133.75
122.5
122.5
122.5
116.75
116.75
116.0
116.0
115.25
115.25
115.25
115.25
111.0
111.0
111.0
107.75
107.75
106.25
106.25
106.25
106.25
102.0
102.0
102.0
100.75
100.75
100.5
100.5
101.0
101.0
111.0
111.0
114.25
114.25
108.5
108.5
108.5
108.5
108.5
105.25
105.25
105.25
105.25
105.25
105.625
106.0
106.375
106.75
107.125
107.5
107.5
108.0
108.0
108.25
108.25
108.25
108.25
108.0625
107.875
107.6875
107.5
107.5
107.5
107.5
107.5
107.5
107.5
107.5
107.5
104.5
104.5
104.0
104.0
104.0
104.0
104.0
104.0
104.0
104.0
104.0
98.0
98.0
98.0
93.75
93.75
95.0
95.0
102.0
102.0
102.0
104.0
104.0
104.0
99.0
99.0
99.0
98.25
98.25
102.5
102.5
104.5
104.5
104.5
108.5
108.5
108.75
108.75
113.25
113.25
112.5
112.5
112.5
116.5
116.5
116.5
117.0
117.0
116.75
116.75
117.75
117.75
118.0
118.0
119.25
119.25
118.75
118.75
118.75
118.75
116.0
116.0
116.0
116.0
116.25
116.25
116.75
116.75
116.75
113.75
113.75
113.5
113.5
113.5
113.5
117.5
117.5
119.25
119.25
119.75
119.75
119.75
121.25
121.25
121.25
122.25
122.25
122.25
122.25
122.25
122.25
122.25
124.5
124.5
125.75
125.75
123.75
123.75
125.25
125.25
126.5
126.5
125.0
125.0
126.0
126.0
127.0
127.0
126.0
126.0
125.25
125.25
125.75
126.25
126.25
125.5
125.5
125.5
125.5
123.5
123.5
125.5
125.5
127.25
127.25
127.5
127.5
126.75
127.0
127.0
127.0
123.75
123.75
123.75
123.75
126.5
126.5
126.5
122.0
122.0
119.75
119.75
119.75
117.5
117.5
117.25
117.25
117.25
117.25
117.25
117.25
117.25
117.25
117.25
112.35
107.45
102.55
97.65
92.75
92.75
92.75
92.75
92.75
93.0
93.0
93.25
93.25
92.75
92.75
92.75
92.75
92.75
92.75
92.75
92.75
94.5
94.5
98.0
98.0
98.0
99.25
99.25
96.75
96.75
99.25
99.25
99.25
103.25
103.25
103.25
103.25
103.25
102.0
102.0
102.75
102.75
105.0
105.0
105.0
105.5
105.5
105.5
105.5
105.5
105.5
105.5
105.5
107.0
107.0
107.25
107.25
103.25
103.25
103.25
103.25
103.25
103.25
101.75
101.75
101.75
101.75
101.75
97.0
97.0
97.0
95.75
95.75
97.5
97.5
98.25
98.25
98.25
98.5
98.5
103.75
103.75
103.75
103.75
103.0
103.0
103.0
101.75
101.75
102.0
102.0
102.0
102.75
102.75
102.75
102.75
101.75
101.75
101.75
101.75
106.5
106.5
106.5
106.5
106.75
106.75
106.75
106.75
106.75
106.75
106.75
106.75
105.83333333333333
104.91666666666667
104.0
104.0
104.0
104.0
104.0
104.0
113.25
113.25
113.25
114.75
114.75
114.75
115.0
115.0
115.0
115.0
115.0
115.0
115.0
115.0
115.0
137.5
137.5
137.5
138.75
138.75
137.25
137.25
133.5
133.5
132.0
132.0
132.0
127.25
127.25
127.25
126.25
126.25
129.25
131.0
131.0
131.0
132.0
132.0
132.25
132.25
132.25
132.25
132.25
138.0
138.0
138.75
138.75
138.75
140.75
140.75
140.75
144.5
143.75
143.75
142.75
142.75
142.75
141.0
141.0
140.75
136.5
136.5
134.25
134.25
134.25
138.25
138.25
138.25
139.5
140.75
140.75
140.75
143.25
143.25
143.0
143.5
143.5
144.5
145.5
145.5
146.0
146.0
146.5
145.0
145.0
143.5
143.5
141.75
141.75
142.5
142.75
142.75
142.75
142.75
142.75
144.25
144.25
145.25
145.25
143.5
143.5
143.5
144.75
144.75
144.5
143.25
143.25
142.25
142.25
143.0
143.0
143.75
144.75
144.75
144.75
144.25
144.25
145.0
145.0
144.0
144.0
144.0
143.0
143.0
143.0
143.25
143.25
143.0
144.0
144.0
144.0
144.5
144.5
144.75
144.0
144.0
144.0
144.0
144.0
144.0
144.0
144.0
144.0
144.0
144.0
144.0
144.0
142.58333333333334
141.16666666666666
139.75
139.75
140.0
140.25
140.25
140.25
140.25
140.25
140.25
140.25
140.25
140.25
140.25
138.5125
136.775
135.0375
133.3
131.5625
129.825
128.0875
126.35
124.6125
122.875
121.1375
119.4
117.6625
115.925
114.1875
112.45
110.7125
108.975
107.2375
105.5
105.5
105.5
108.5
108.5
112.25
112.25
108.0
108.0
108.0
114.0
114.0
115.25
115.25
115.5
115.5
116.0
116.0
115.5
115.5
113.5
113.5
112.75
112.75
112.75
112.75
112.75
112.5
112.5
113.0
113.0
113.25
113.25
114.75
114.75
116.25
116.25
117.0
117.0
117.5
117.5
116.75
116.75
118.25
118.25
117.5
117.5
117.75
117.75
118.0
118.0
120.25
120.25
123.25
123.25
123.25
123.25
120.5
120.5
122.0
122.0
122.0
122.0
125.75
125.75
125.75
125.75
125.75
126.0
126.0
126.5
126.5
126.25
126.25
126.25
126.25
126.75
126.75
126.25
126.25
126.25
126.5
126.5
126.5
126.5
129.25
129.25
129.25
129.25
130.5
130.5
130.5
132.75
132.75
132.75
127.75
127.75
126.5
126.5
126.5
125.0
125.0
125.0
125.0
125.0
125.0
121.0
120.0
120.0
120.0
119.5
119.5
119.5
119.5
119.5
119.5
119.5
98.5
98.5
98.5
98.5
96.25
96.25
96.25
96.25
96.25
96.25
96.25
96.25
88.75
88.75
88.75
99.25
99.25
99.25
102.0
102.0
102.0
107.0
107.0
107.0
107.0
106.75
106.75
107.0
107.0
107.0
107.5
107.5
106.5
106.5
106.75
106.75
107.0
107.0
105.0
105.0
105.0
104.25
105.75
105.75
105.75
106.25
106.25
115.75
115.75
115.75
122.0
122.0
123.25
123.25
123.5
123.5
123.5
123.5
123.9423076923077
124.38461538461539
124.82692307692308
125.26923076923077
125.71153846153847
126.15384615384616
126.59615384615384
127.03846153846153
127.48076923076923
127.92307692307692
128.3653846153846
128.80769230769232
129.25
129.25
129.25
131.5
131.5
132.75
132.75
133.25
133.25
133.5
133.75
133.75
133.75
133.75
133.75
133.75
132.25
132.25
131.25
131.25
131.25
131.25
131.25
131.25
131.25
131.25
132.575
133.9
135.225
136.55
137.875
139.2
140.525
141.85
143.175
144.5
144.25
144.25
144.5
144.5
144.75
145.25
145.25
145.5
145.25
145.25
144.75
144.75
148.5
150.75
150.75
150.75
151.75
151.75
143.5
143.5
140.75
140.75
139.75
139.75
139.5
139.5
139.5
140.0
140.0
140.25
141.5
141.5
141.75
141.75
141.75
141.75
143.5
141.25
141.25
141.0
141.25
141.25
141.0
141.0
141.0
141.0
139.25
138.75
138.75
138.75
138.75
139.0
139.0
137.75
137.75
135.0
134.0
134.0
131.75
131.75
130.75
130.75
130.75
130.75
130.75
130.75
130.75
131.5
131.5
131.0
131.0
131.0
131.0
131.0
131.0
131.0
131.0
131.0
131.0
129.21428571428572
127.42857142857143
125.64285714285714
123.85714285714286
122.07142857142857
120.28571428571429
118.5
116.71428571428571
114.92857142857143
113.14285714285714
111.35714285714286
109.57142857142857
107.78571428571428
106.0
106.0
105.0
105.0
105.0
105.5
105.5
105.5
105.5
105.75
105.75
105.75
109.25
109.25
110.5
110.5
110.75
110.75
111.25
111.25
113.75
113.75
113.75
114.0
114.0
115.75
115.75
115.75
120.75
120.75
121.0
121.0
121.25
121.25
121.25
121.25
122.25
122.25
123.5
123.5
124.0
124.0
123.0
123.0
123.5
123.5
123.25
123.25
122.0
122.0
121.0
121.0
122.0
122.0
121.75
121.75
120.0
120.0
116.75
116.75
114.5
114.5
113.5
113.5
110.0
110.0
110.0
109.0
109.0
107.0
107.0
104.0
104.0
104.0
107.75
109.25
109.25
109.25
113.0
113.0
114.25
114.25
113.5
113.5
115.75
115.75
116.25
116.25
116.25
116.25
115.5
115.5
114.25
114.25
115.0
115.0
115.0
115.0
115.0
115.0
111.5
111.5
112.0
112.0
111.5
111.5
107.25
107.25
107.25
106.5
106.5
105.25
105.25
105.25
105.75
105.75
107.5
107.5
107.5
107.5
108.0
108.0
108.0
108.0
108.0
108.0
108.0
112.75
112.75
113.75
113.75
113.75
113.75
113.75
114.75
114.75
117.0
117.0
118.75
119.25
119.25
119.25
119.5
119.5
119.5
119.5
119.5
119.63888888888889
119.77777777777777
119.91666666666667
120.05555555555556
120.19444444444444
120.33333333333333
120.47222222222223
120.61111111111111
120.75
120.75
120.0
120.0
119.5
119.5
116.25
116.25
115.25
115.25
115.25
107.75
107.75
107.5
107.5
107.5
107.5
104.75
104.75
104.75
105.5
105.5
106.0
106.0
106.0
107.75
107.75
107.75
107.75
108.75
108.75
110.0
110.0
110.0
110.0
110.0
111.5
111.5
116.25
116.25
117.75
117.75
117.75
117.75
118.0
118.0
118.0
118.0
118.25
119.5
119.5
119.5
120.25
120.0
120.0
120.0
120.0
120.0
120.0
120.0
122.75
122.75
122.75
122.0
122.0
121.25
121.25
122.0
122.0
123.0
123.0
124.0
124.0
124.0
124.0
122.0
122.0
123.25
123.25
122.25
122.25
122.0
122.0
122.5
122.5
122.75
124.25
124.25
126.5
126.5
126.5
126.5
128.75
128.75
128.75
128.75
128.75
129.0
129.0
129.0
129.0
130.0
130.0
126.0
126.0
123.0
123.0
122.25
122.25
122.25
116.25
116.25
114.25
114.25
119.75
119.75
119.75
111.5
111.5
104.5
104.5
104.5
101.0
101.0
100.5
100.5
96.25
96.25
96.25
99.75
99.75
99.75
99.75
99.75
90.0
90.0
94.75
94.75
94.75
96.75
96.75
96.75
95.5
95.5
95.5
95.5
95.5
95.5
95.5
95.5
109.75
109.75
110.75
110.75
105.91666666666667
101.08333333333333
96.25
91.41666666666667
86.58333333333333
81.75
81.75
81.75
83.25
83.25
88.25
88.25
81.25
81.25
81.25
79.0
79.0
79.0
81.0
81.0
81.0
81.25
81.25
81.25
81.25
81.25
81.25
81.25
92.75
92.75
98.5
98.5
98.5
98.5
100.25
100.25
100.25
100.25
96.5
96.5
96.5
96.0
96.0
96.0
96.0
96.0
96.0
96.0
96.0
96.0
93.5
93.5
93.5
93.5
93.5
93.5
93.5
93.5
93.5
106.5
106.5
106.75
106.75
106.75
105.0
105.0
104.75
104.75
104.75
104.75
104.75
104.75
105.05172413793103
105.35344827586206
105.65517241379311
105.95689655172414
106.25862068965517
106.5603448275862
106.86206896551724
107.16379310344827
107.46551724137932
107.76724137931035
108.06896551724138
108.37068965517241
108.67241379310344
108.97413793103448
109.27586206896552
109.57758620689656
109.87931034482759
110.18103448275862
110.48275862068965
110.78448275862068
111.08620689655173
111.38793103448276
111.6896551724138
111.99137931034483
112.29310344827586
112.59482758620689
112.89655172413794
113.19827586206897
113.5
113.5
113.5
113.5
113.5
113.5
113.5
113.5
113.5
113.5
113.5
113.5
116.9375
120.375
123.8125
127.25
127.25
127.25
115.75
115.75
115.25
115.25
115.25
115.25
115.25
115.25
115.25
115.25
115.25
115.25
115.25
115.25
102.5
102.5
102.5
102.5
102.5
102.5
102.5
102.5
102.5
102.5
102.5
104.9875
107.475
109.9625
112.45
114.9375
117.425
119.9125
122.4
124.8875
127.375
129.8625
132.35
134.8375
137.325
139.8125
142.3
144.7875
147.275
149.7625
152.25
152.25
152.25
152.25
152.5
152.5
152.0
152.0
152.0
150.0
150.0
150.0
146.25
145.75
145.75
147.5
147.5
149.0
149.0
149.0
149.5
141.0
141.0
134.5
134.5
132.0
132.0
131.5
131.5
131.5
131.5
133.75
133.75
134.75
135.25
135.25
135.5
135.5
135.75
135.75
135.75
135.25
135.25
136.25
136.25
137.5
137.5
137.75
137.75
140.25
140.25
141.5
141.5
142.5
143.5
143.5
142.75
142.75
142.0
142.0
142.0
141.25
141.25
137.75
137.75
137.25
137.25
138.0
138.0
137.0
137.0
135.75
133.5
133.5
133.5
133.5
132.75
132.75
132.75
132.75
132.75
132.75
132.75
132.75
132.75
127.675
122.6
117.525
112.45
107.375
102.3
97.225
92.15
87.075
82.0
82.0
82.0
82.0
82.0
82.0
82.0
82.0
103.91666666666667
125.83333333333334
147.75
150.0
150.0
152.25
152.25
152.25
152.25
148.5
148.5
148.0
148.0
148.0
148.0
157.0
157.0
157.0
160.75
161.25
161.25
161.25
161.5
161.5
161.5
161.5
134.91666666666666
108.33333333333334
81.75
81.75
81.75
81.75
81.75
83.5
83.5
83.5
84.5
84.5
84.75
84.75
80.75
80.75
80.75
84.5
84.5
84.5
92.5
92.5
93.5
93.5
93.5
93.5
93.5
93.5
117.5
117.5
120.75
120.75
121.5
121.5
121.75
121.75
121.75
121.75
121.75
121.75
121.75
121.75
121.75
128.5
128.5
128.5
128.5
128.75
128.75
128.75
128.75
128.75
128.75
117.0
117.0
117.0
117.25
117.25
117.25
123.75
123.75
123.75
123.75
124.0
124.0
124.0
124.0
124.0
124.0
124.0
124.0
124.0
122.2
120.4
118.6
116.8
115.0
113.2
111.4
109.6
107.8
106.0
106.0
107.0
107.0
109.0
109.0
109.75
109.75
109.75
113.75
113.75
114.75
114.75
118.25
118.25
118.0
118.0
117.0
117.0
117.0
117.0
117.5
117.5
117.75
117.75
118.0
118.0
118.0
118.0
118.5
118.5
118.5
118.5
115.75
115.75
115.75
115.75
115.75
115.75
116.0
116.0
116.5
116.5
116.5
118.0
118.0
118.0
118.0
119.75
119.75
118.75
118.75
118.75
118.75
118.75
122.0
122.0
122.0
120.5
120.0
120.0
120.0
117.0
117.0
113.5
113.5
113.5
113.5
115.5
115.5
117.25
117.25
118.5
118.5
119.0
119.0
119.25
119.25
122.25
122.25
113.75
113.75
106.5
106.5
106.5
106.5
100.25
100.25
100.0
100.0
101.5
101.5
101.5
101.5
101.5
101.75
101.75
101.75
101.75
103.875
106.0
108.125
110.25
112.375
114.5
116.625
118.75
120.875
123.0
125.125
127.25
127.25
127.25
127.25
127.75
127.75
126.0
126.0
125.5
127.0
127.0
127.75
127.75
129.0
129.0
131.25
131.25
131.5
131.5
130.0
130.0
126.0
128.75
128.75
129.5
129.5
129.25
129.25
127.75
127.75
127.75
128.0
128.0
129.0
129.0
128.5
128.5
128.5
128.5
127.75
127.75
128.5
128.5
129.75
129.75
131.75
131.75
135.0
135.0
134.75
134.75
133.5
133.5
135.75
135.75
135.75
143.25
143.25
141.5
141.5
140.0
140.0
140.0
138.75
138.75
137.75
137.75
137.75
137.5
137.5
137.5
137.5
137.5
137.5
137.5
137.5
132.25
127.0
121.75
116.5
111.25
111.25
111.25
111.25
111.25
111.25
111.25
111.25
111.25
111.25
111.25
119.91666666666667
128.58333333333334
137.25
137.25
136.0
136.0
135.25
135.25
134.75
134.75
135.25
136.5
136.5
136.75
136.75
136.75
138.75
138.75
134.5
134.5
130.75
130.75
129.5
129.5
131.5
131.5
134.0
134.0
135.25
135.5
135.5
135.5
135.5
135.5
135.5
134.5
134.5
133.25
132.5
132.5
133.75
133.75
136.25
136.25
137.75
137.25
137.25
136.25
136.25
135.75
135.75
136.75
136.75
136.75
136.75
136.75
135.25
135.25
134.75
134.75
134.75
134.75
134.75
139.0
139.0
138.0
138.0
136.75
136.75
136.75
137.25
137.25
138.75
139.25
139.25
138.0
138.0
137.25
137.25
137.0
137.0
137.25
137.0
137.0
138.0
138.0
138.0
140.25
140.25
139.0
139.0
138.75
138.75
139.25
139.25
139.25
139.75
139.75
140.0
140.0
138.25
135.5
135.5
134.25
134.25
135.5
135.5
136.0
136.25
136.25
136.5
136.5
137.5
137.5
137.5
138.75
138.75
140.5
141.5
141.5
141.75
141.75
141.5
141.5
140.5
138.25
138.25
136.5
136.5
136.75
136.75
138.0
140.0
140.0
139.5
139.5
139.25
139.25
136.25
134.5
134.5
134.5
134.5
133.25
133.25
133.0
133.75
133.75
134.0
134.0
134.75
134.75
136.5
137.5
137.5
137.75
137.75
138.0
138.0
138.0
137.5
137.5
138.0
138.0
138.75
138.75
139.0
139.0
139.0
139.5
139.5
139.5
139.5
138.25
137.25
137.25
137.25
137.25
137.0
137.0
138.25
138.25
138.25
137.75
137.75
137.5
136.75
136.75
137.0
137.0
137.25
137.25
137.5
138.0
138.0
138.5
138.5
137.0
137.0
136.0
136.0
136.0
136.5
136.5
137.25
137.25
137.25
139.0
139.0
139.5
139.5
139.0
139.0
138.0
138.0
136.5
135.5
135.5
135.5
135.5
135.75
136.0
136.0
136.0
136.0
136.25
136.25
135.75
135.75
135.75
135.75
135.75
136.75
137.0
137.0
138.5
138.5
138.25
138.25
136.75
136.75
136.75
136.0
135.75
135.75
137.5
137.5
138.0
138.0
138.0
138.0
139.0
139.5
139.5
140.25
140.25
140.0
138.75
138.75
138.75
138.75
139.0
139.0
139.25
140.5
140.5
141.0
141.0
141.5
141.0
141.0
141.0
141.0
141.0
141.0
139.25
139.25
137.75
137.75
137.75
140.5
139.75
139.75
136.75
136.75
135.0
135.0
135.0
135.0
135.0
135.0
135.0
135.0
135.0
134.25
134.25
136.75
136.75
138.25
138.25
138.25
138.25
138.5
138.5
138.5
142.0
142.5
142.5
142.5
142.5
142.5
142.5
142.5
142.5
142.5
142.5
142.5
142.5
142.5
142.5
135.5
135.5
134.75
134.75
133.75
133.75
133.0
135.25
135.25
135.25
135.25
139.0
139.0
139.0
139.25
139.25
139.25
139.25
134.75
134.75
135.75
136.75
136.75
136.0
136.0
136.0
136.0
134.75
135.25
135.25
136.75
136.75
136.75
138.0
138.0
138.0
127.0
127.0
126.0
126.0
126.0
126.0
126.0
126.0
126.0
126.0
126.0
121.08333333333333
116.16666666666667
111.25
111.25
111.25
110.0
110.0
110.5
110.5
111.5
111.5
112.5
112.5
113.5
113.5
114.5
114.5
114.0
114.0
116.0
116.0
116.0
115.25
115.25
116.0
117.25
117.25
117.25
117.5
117.5
117.25
117.25
117.25
117.25
117.75
117.75
118.5
118.5
119.5
119.5
119.5
126.0
126.0
120.75
120.75
120.75
120.0
120.0
120.0
120.0
117.75
117.75
117.75
117.75
117.75
117.75
117.75
117.75
117.75
117.75
117.75
117.75
103.25
103.25
105.75
105.75
109.25
109.25
113.0
113.0
113.0
116.0
116.0
116.5
116.5
114.5
114.5
114.5
117.75
117.75
121.25
121.25
121.25
121.25
125.5
125.5
123.25
123.25
123.5
124.0
124.0
124.5
124.5
127.75
127.75
129.5
129.5
128.75
128.75
129.0
129.0
129.5
130.0
130.0
130.75
130.75
130.25
130.25
127.5
127.5
127.75
127.75
128.75
128.75
130.0
131.0
131.0
131.25
131.25
131.25
132.25
132.25
132.25
132.5
129.75
129.75
127.75
127.75
126.75
126.75
125.5
125.5
127.0
127.0
127.5
127.5
126.0
126.0
122.75
122.75
121.5
121.5
124.25
124.25
124.0
124.0
125.25
125.25
124.5
124.0
124.0
123.0
123.0
122.25
122.25
122.25
122.25
122.5
122.5
120.0
120.0
119.25
119.25
119.25
119.25
124.5
124.5
127.0
127.0
128.25
128.25
128.25
128.25
125.0
124.5
124.5
126.5
126.5
127.5
127.5
129.5
129.5
130.75
130.75
130.0
130.0
130.25
130.25
130.25
130.25
130.25
133.5
133.5
131.75
131.75
131.0
131.0
131.0
131.0
133.0
133.0
133.25
133.25
133.5
133.5
133.75
132.5
132.5
132.5
132.5
132.75
132.75
133.5
133.5
134.5
134.5
134.25
134.25
134.25
134.25
133.0
133.0
132.5
132.5
131.0
131.25
131.25
132.75
132.75
133.75
133.75
133.75
132.5
132.5
133.0
133.0
135.0
135.0
135.25
135.25
135.5
134.75
134.75
135.0
135.0
134.75
134.75
133.75
133.5
133.5
134.0
134.0
134.5
134.5
135.0
135.0
135.25
135.75
135.75
136.25
136.25
137.5
139.0
139.0
139.5
139.5
138.25
138.25
137.75
138.25
138.25
136.75
136.75
136.0
136.0
136.5
137.0
137.0
137.25
137.25
137.75
137.75
137.5
138.0
138.0
138.25
138.25
137.75
137.75
137.5
135.25
135.25
134.0
134.0
133.5
133.5
133.75
134.25
134.25
134.5
134.5
134.75
134.75
135.75
135.75
136.5
136.75
136.75
136.75
136.75
137.5
137.5
137.5
137.75
137.75
139.25
139.25
138.5
137.25
137.25
136.5
136.5
136.0
136.0
136.0
136.0
136.25
134.75
134.75
132.75
132.75
133.0
133.0
134.0
134.25
134.25
134.75
134.75
134.0
134.0
133.5
133.5
133.0
133.0
134.5
135.0
135.0
135.0
135.0
135.0
135.0
136.0
136.0
136.0
136.25
136.25
136.25
136.25
137.25
137.5
137.5
137.5
137.5
138.0
138.75
138.75
136.0
136.0
134.25
134.25
134.75
134.75
135.0
136.75
136.75
138.25
138.25
139.5
139.5
140.0
140.5
140.5
140.75
140.75
140.75
140.0
140.0
139.75
139.75
139.25
139.25
139.25
138.0
138.0
136.5
136.5
135.5
135.75
135.75
135.5
135.5
135.75
135.75
135.75
135.75
134.75
134.25
134.25
133.75
133.75
133.75
133.75
131.5
131.5
131.25
131.25
130.5
131.25
131.25
131.5
131.5
130.0
130.0
128.5
128.5
137.75
137.75
133.0
133.0
131.5
131.5
131.5
130.75
130.75
130.75
130.75
131.5
131.5
131.75
131.75
124.25
124.25
121.75
121.75
120.75
120.75
120.75
120.75
121.0
121.0
120.5
120.5
118.75
118.75
116.75
116.75
115.25
115.25
118.5
118.5
118.5
118.5
122.5
122.5
122.75
122.75
124.0
124.0
122.75
122.75
122.75
122.75
120.0
120.0
120.0
120.0
119.0
119.0
125.25
125.25
127.25
127.25
127.25
130.25
130.25
131.5
131.5
133.5
134.5
134.5
135.5
135.5
135.5
135.5
135.25
135.25
136.0
137.0
137.0
137.0
137.0
137.0
137.0
137.0
137.75
137.75
137.75
137.75
137.5
138.75
138.75
140.25
140.25
139.5
139.5
139.25
139.25
139.25
139.25
139.75
139.75
138.75
138.75
138.25
138.25
137.5
137.5
137.5
138.5
138.5
138.75
138.75
138.25
138.25
137.75
138.5
138.5
137.5
137.5
137.5
137.5
138.5
138.5
138.5
138.75
138.75
138.75
138.5
138.5
138.25
138.25
138.25
138.25
139.0
139.0
139.0
139.0
139.25
139.75
139.75
140.0
140.0
140.0
140.0
140.0
140.75
140.75
141.25
141.25
140.5
140.5
140.75
141.5
141.5
142.25
142.25
142.5
142.5
142.5
142.5
141.5
141.5
140.75
140.75
140.0
140.0
140.0
140.0
140.0
139.5
139.5
139.75
139.75
140.75
140.75
141.5
142.0
142.0
141.75
141.75
139.75
139.0
139.0
140.25
140.25
140.75
140.75
140.75
141.0
141.0
141.5
142.0
142.0
142.25
142.25
141.75
141.75
140.75
140.75
140.75
140.0
140.0
138.5
138.5
137.5
136.75
136.75
136.75
136.75
137.5
139.0
139.0
140.5
140.5
141.25
141.25
141.25
141.25
141.25
141.25
140.5
140.5
139.5
139.5
139.0
139.0
139.0
139.0
138.25
137.75
137.75
137.75
137.5
137.5
137.5
138.5
138.5
138.5
138.5
139.0
139.0
139.0
139.0
139.25
139.25
139.75
139.75
139.75
140.0
140.0
139.75
139.75
140.25
140.25
140.5
140.5
140.5
140.5
138.5
138.25
138.25
139.5
139.5
139.5
139.5
137.75
138.25
138.25
139.0
139.0
139.75
139.25
139.25
139.5
139.5
140.25
141.5
141.5
142.0
142.0
142.0
142.0
142.5
142.75
142.75
142.0
142.0
142.0
140.5
140.5
139.75
139.75
139.75
139.25
139.25
138.75
138.75
138.5
138.5
138.0
138.0
138.0
137.75
137.75
138.0
138.0
138.0
138.0
138.0
138.25
138.25
138.5
138.5
139.25
139.5
139.5
140.5
140.5
140.5
141.75
141.75
139.0
139.0
139.0
139.0
138.0
138.75
138.75
138.25
138.25
137.5
137.5
135.25
135.5
135.5
136.75
136.75
136.75
139.0
139.0
139.75
139.75
139.75
139.75
140.25
139.25
139.25
139.25
138.0
138.0
140.0
140.0
140.0
139.25
139.25
138.75
138.75
138.0
138.0
136.75
136.25
136.25
136.75
136.75
137.5
138.0
138.0
138.25
138.25
138.25
138.25
137.75
137.5
137.5
138.0
138.0
138.0
139.5
139.5
139.5
139.5
139.5
139.5
139.25
139.25
138.25
138.25
138.25
138.25
139.25
139.25
139.25
139.5
139.5
139.0
139.0
138.0
138.0
138.0
137.5
137.5
137.5
137.5
137.5
137.25
137.25
137.5
137.5
137.75
137.75
137.75
138.75
138.75
139.0
139.0
140.0
140.25
140.25
138.75
138.75
138.0
138.0
138.25
138.5
138.5
138.75
138.75
137.75
137.75
137.75
137.5
137.5
137.5
137.5
135.75
135.75
135.25
137.25
137.25
138.0
138.0
136.75
136.75
136.75
135.75
135.75
136.75
136.75
136.75
137.5
137.5
139.25
139.25
138.5
138.5
138.0
138.0
135.25
134.25
134.25
135.0
135.0
132.75
132.75
131.5
131.5
131.0
133.0
133.0
134.5
134.5
135.75
135.75
136.75
136.75
136.75
136.75
136.75
136.0
136.0
134.5
134.5
133.0
129.25
129.25
129.25
126.0
126.0
126.0
126.0
115.0
115.0
114.5
114.5
110.5
110.5
110.5
109.0
109.0
109.0
109.0
109.0
109.0
109.0
109.0
109.0
102.0
102.0
102.0
102.0
102.0
103.5
103.5
104.5
104.5
104.5
107.25
107.25
107.25
107.25
108.5
108.5
105.75
105.75
105.75
110.0
110.0
110.0
113.25
113.25
113.25
113.5
113.5
113.5
113.5
113.5
113.5
113.5
113.5
113.5
107.75
107.75
106.25
106.25
106.25
106.25
106.0
106.0
106.0
106.0
106.0
108.5625
111.125
113.6875
116.25
118.8125
121.375
123.9375
126.5
126.5
127.25
127.25
128.0
128.0
128.0
128.5
128.5
128.5
130.25
130.25
130.25
131.0
131.0
127.0
127.0
127.75
127.75
128.75
128.75
130.0
130.0
130.25
129.5
129.5
126.0
126.0
123.0
123.0
121.25
121.25
122.5
122.5
122.0
122.0
122.5
122.5
122.25
122.25
122.5
122.5
122.0
122.0
122.0
122.0
120.5
120.5
120.75
120.75
122.25
122.25
122.5
122.5
120.25
120.25
120.5
120.5
121.5
121.5
122.0
122.0
122.0
122.0
124.0
124.0
123.5
123.5
122.75
122.75
122.0
123.25
123.25
123.25
123.5
124.5
124.5
124.5
124.5
124.5
124.5
124.5
124.5
124.5
124.5
124.5
124.5
124.5
124.5
131.75
131.75
131.75
136.25
136.25
137.0
137.0
137.0
137.25
137.25
137.25
137.25
124.25
124.25
119.75
119.75
119.75
116.0
116.0
114.25
114.25
114.75
114.75
114.75
114.75
114.75
114.75
114.75
114.75
114.75
114.75
114.75
114.75
115.46666666666667
116.18333333333334
116.9
117.61666666666666
118.33333333333333
119.05
119.76666666666667
120.48333333333333
121.2
121.91666666666667
122.63333333333334
123.35
124.06666666666666
124.78333333333333
125.5
125.5
123.5
123.5
122.75
122.75
122.0
122.0
124.25
126.5
126.5
126.75
126.75
127.5
127.5
129.5
129.5
130.5
130.5
131.0
132.25
132.25
133.25
133.25
132.25
132.25
132.25
132.25
132.0
132.0
132.5
131.5
131.5
130.75
130.75
130.5
130.5
129.5
129.5
127.5
127.5
127.5
127.5
127.25
128.0
128.0
129.75
129.75
130.75
130.75
130.75
130.75
128.0
128.0
128.0
126.25
126.25
128.25
128.25
128.25
128.25
131.25
131.25
131.5
131.5
131.75
132.75
132.75
134.0
134.0
133.25
133.25
133.75
133.75
133.75
134.0
134.0
133.25
133.25
133.25
133.25
132.25
132.25
124.25
124.25
124.25
124.25
120.75
120.75
126.0
126.0
129.25
132.0
132.0
133.0
133.0
132.25
132.25
132.0
132.0
132.75
132.75
132.75
132.75
132.75
129.5
129.5
129.5
129.5
130.5
130.5
131.5
131.5
132.0
129.75
129.75
130.5
130.5
132.5
132.5
132.5
136.5
136.5
136.5
135.0
135.25
135.25
135.0
135.0
135.0
134.25
134.25
132.75
132.75
134.25
134.25
134.25
134.75
134.75
134.75
134.75
134.75
133.5
133.5
133.5
133.5
133.5
133.25
132.25
132.25
133.25
133.25
133.5
133.5
133.25
133.25
132.5
134.25
134.25
134.5
134.5
134.75
134.75
136.0
136.0
136.0
137.0
133.0
133.0
133.0
135.5
135.5
136.75
137.5
137.5
138.25
138.25
136.5
136.5
135.0
134.5
134.5
134.5
134.5
134.5
133.75
133.75
134.5
134.5
134.5
135.75
135.75
135.75
136.25
136.25
136.25
135.0
135.0
136.25
136.25
137.0
137.0
136.5
136.25
136.25
135.5
135.5
135.0
135.0
135.25
135.25
136.25
134.75
134.75
132.5
132.5
132.0
132.0
131.0
131.0
130.75
132.25
132.25
133.25
133.25
133.25
134.5
134.5
133.25
133.25
133.25
132.5
132.5
132.5
132.5
132.5
134.25
133.25
133.25
131.25
131.25
131.25
131.25
133.25
133.25
133.5
132.75
132.75
132.75
132.75
132.75
131.5
131.5
131.5
130.75
130.75
130.75
130.75
130.75
130.75
130.75
130.75
130.75
130.75
138.0
138.0
138.0
138.5
138.5
137.75
137.75
137.75
137.75
137.75
137.75
134.75
134.75
134.75
134.0
134.0
141.75
141.75
141.75
144.5
144.5
144.75
144.75
138.5
138.5
131.5
131.5
130.75
130.75
133.0
133.0
134.0
134.0
134.0
134.5
134.5
134.5
134.5
134.5
134.5
134.5
133.61486486486487
132.72972972972974
131.84459459459458
130.95945945945945
130.07432432432432
129.1891891891892
128.30405405405406
127.41891891891892
126.53378378378379
125.64864864864865
124.76351351351352
123.87837837837839
122.99324324324324
122.10810810810811
121.22297297297297
120.33783783783784
119.45270270270271
118.56756756756756
117.68243243243244
116.79729729729729
115.91216216216216
115.02702702702703
114.14189189189189
113.25675675675676
112.37162162162163
111.48648648648648
110.60135135135135
109.71621621621622
108.83108108108108
107.94594594594595
107.0608108108108
106.17567567567568
105.29054054054055
104.4054054054054
103.52027027027027
102.63513513513513
101.75
101.75
101.75
109.25
109.25
109.25
110.5
110.5
110.5
110.5
110.5
110.5
110.5
110.5
110.76282051282051
111.02564102564102
111.28846153846153
111.55128205128206
111.81410256410257
112.07692307692308
112.33974358974359
112.6025641025641
112.86538461538461
113.12820512820512
113.39102564102564
113.65384615384616
113.91666666666667
114.17948717948718
114.4423076923077
114.7051282051282
114.96794871794872
115.23076923076923
115.49358974358974
115.75641025641026
116.01923076923077
116.28205128205128
116.5448717948718
116.8076923076923
117.07051282051282
117.33333333333333
117.59615384615384
117.85897435897436
118.12179487179488
118.38461538461539
118.6474358974359
118.91025641025641
119.17307692307692
119.43589743589743
119.69871794871796
119.96153846153847
120.22435897435898
120.48717948717949
120.75
120.75
120.0
120.0
122.75
122.75
122.75
122.75
125.5
125.5
125.5
121.25
121.25
121.25
124.75
124.75
125.5
125.5
127.25
128.25
128.25
127.0
127.0
125.75
125.75
126.0
126.0
128.25
128.25
129.0
129.0
130.25
133.5
133.5
134.75
134.75
135.0
135.0
133.5
133.0
133.0
133.0
133.0
132.75
132.75
133.5
133.5
133.75
134.5
134.5
135.0
135.0
133.25
133.25
130.25
130.25
130.25
130.25
130.75
129.25
129.25
128.75
128.75
128.5
128.5
127.25
127.25
126.75
126.75
126.0
126.0
126.0
126.0
122.5
122.5
124.75
124.75
128.75
130.25
130.25
130.5
130.5
131.5
131.5
132.5
132.5
131.75
131.5
131.5
130.25
130.25
129.25
129.25
127.75
127.75
127.0
127.0
126.75
126.75
127.25
127.25
130.0
130.0
131.0
131.0
133.5
133.5
130.0
130.0
129.75
129.75
133.5
133.5
135.75
135.75
137.75
137.75
138.25
137.25
137.25
137.25
137.25
132.75
132.75
130.75
130.75
129.5
129.5
128.5
128.5
128.25
129.75
129.75
132.0
132.0
134.5
134.5
134.25
132.0
132.0
133.25
133.25
135.75
135.75
135.5
135.5
134.5
133.75
133.75
133.0
133.0
133.5
133.5
133.75
134.0
134.0
133.25
133.25
132.75
132.75
128.25
128.25
130.0
130.0
130.75
132.5
132.5
132.5
132.5
133.0
133.0
133.0
133.0
131.75
131.75
132.5
132.5
132.5
132.5
132.5
132.5
132.5
133.0
133.0
133.75
134.5
134.5
134.5
134.5
134.5
134.5
134.75
135.0
135.0
135.25
135.25
135.75
135.75
136.0
135.75
135.75
136.0
136.0
136.25
136.25
136.25
136.25
132.75
133.0
133.0
134.5
134.5
134.5
135.5
135.5
135.5
132.25
129.5
129.5
127.75
127.75
128.25
128.25
129.75
129.75
131.25
131.25
131.25
132.5
132.5
133.25
133.25
133.5
133.5
133.75
133.75
134.75
135.25
135.25
136.0
136.0
137.75
137.75
138.5
138.25
138.25
137.75
137.75
138.0
137.0
137.0
136.75
136.75
137.5
137.5
136.75
136.0
136.0
136.75
136.75
136.75
136.75
137.5
137.5
137.0
134.75
134.75
134.75
134.75
134.75
131.5
131.5
132.5
132.5
132.75
132.75
133.75
133.75
134.5
134.5
134.0
133.75
133.75
134.75
134.75
134.75
134.75
135.0
135.0
135.25
134.5
134.5
134.25
134.25
134.5
134.5
135.25
134.75
134.75
134.75
134.75
134.25
134.25
133.75
133.75
133.5
133.5
133.0
133.5
133.5
133.5
133.5
133.75
133.75
132.75
132.75
132.75
133.0
133.0
133.0
133.0
132.5
133.0
133.0
133.75
133.75
134.75
134.75
136.0
136.0
136.5
137.0
137.0
136.0
136.0
135.5
135.5
135.5
135.5
135.5
137.5
137.5
137.0
137.0
136.0
136.0
135.0
134.75
134.75
134.75
134.75
135.0
135.0
135.25
135.25
135.25
135.25
134.75
134.75
134.5
134.5
132.75
132.75
134.25
134.25
133.75
133.75
133.5
133.5
131.75
131.75
129.5
129.5
129.25
129.25
130.75
130.75
132.0
132.0
132.75
132.0
132.0
131.5
131.5
131.5
131.5
128.0
127.5
127.5
125.25
125.25
123.75
123.75
123.75
123.25
123.25
123.25
123.25
123.25
123.25
135.75
135.75
134.5
133.25
133.25
133.75
133.75
129.75
129.75
131.5
132.5
132.5
132.5
131.75
131.75
132.75
132.75
132.75
135.75
136.0
136.0
134.75
134.75
133.5
133.5
134.75
135.0
135.0
134.5
134.5
135.0
135.0
135.0
135.0
133.75
132.5
132.5
131.75
131.75
132.0
132.0
133.25
133.25
132.25
132.25
132.0
133.25
133.25
134.5
134.5
134.0
134.0
134.5
134.5
134.25
134.25
133.5
133.5
133.5
133.5
133.5
133.5
133.5
133.5
129.75
129.75
129.75
129.75
130.75
131.0
131.0
131.0
131.0
131.25
131.25
130.75
130.75
130.75
130.75
130.75
130.75
134.0
134.0
135.25
135.25
135.25
135.75
135.75
137.0
137.0
137.0
135.0
135.0
135.0
135.0
136.5
136.5
136.5
137.0
137.0
125.75
125.75
124.75
124.75
124.0
124.0
124.0
124.0
124.0
124.0
124.0
124.0
124.0
124.0
124.0
125.0
126.0
127.0
127.0
127.0
127.0
127.0
127.0
127.0
127.0
127.0
127.0
127.0
123.32142857142857
119.64285714285714
115.96428571428571
112.28571428571429
108.60714285714286
104.92857142857143
101.25
101.25
106.75
106.75
106.75
108.25
108.25
108.25
108.25
108.5
108.5
108.5
108.5
108.5
108.62820512820512
108.75641025641026
108.88461538461539
109.01282051282051
109.14102564102564
109.26923076923077
109.3974358974359
109.52564102564102
109.65384615384616
109.78205128205128
109.91025641025641
110.03846153846153
110.16666666666667
110.2948717948718
110.42307692307692
110.55128205128204
110.67948717948718
110.8076923076923
110.93589743589743
111.06410256410257
111.1923076923077
111.32051282051282
111.44871794871794
111.57692307692308
111.7051282051282
111.83333333333333
111.96153846153847
112.08974358974359
112.21794871794872
112.34615384615384
112.47435897435898
112.6025641025641
112.73076923076923
112.85897435897436
112.98717948717949
113.11538461538461
113.24358974358974
113.37179487179488
113.5
113.5
113.5
108.0
107.75
107.75
107.75
106.75
106.75
108.5
108.5
107.5
107.5
107.5
107.5
107.0
107.0
107.0
106.5
106.5
106.5
106.5
108.75
108.75
109.5
109.5
110.0
110.0
110.0
110.0
110.0
110.25
110.25
116.75
116.75
118.75
118.75
118.75
119.25
119.25
119.25
119.25
119.25
119.25
119.25
109.08333333333333
98.91666666666667
88.75
88.75
88.75
88.75
85.5
85.5
85.5
85.5
85.5
87.75
87.75
90.25
90.25
90.25
99.0
99.0
105.0
105.0
105.0
105.0
114.0
114.0
114.0
108.5
108.5
108.75
108.75
107.75
107.75
106.25
106.25
106.25
103.25
103.25
103.5
103.5
104.25
104.25
103.5
103.5
103.5
106.25
106.25
100.5
100.5
100.5
98.25
98.25
98.25
98.25
98.25
98.25
98.25
100.0
100.0
100.0
98.25
98.25
98.25
98.25
98.25
98.25
98.25
98.25
98.25
98.825
99.4
99.975
100.55
101.125
101.7
102.275
102.85
103.425
104.0
104.0
104.0
107.75
107.75
108.0
108.0
104.0
104.0
104.0
103.75
103.75
103.5
103.5
110.5
110.5
103.5
103.5
103.5
104.0
104.0
104.0
104.0
101.5
101.5
101.5
99.75
99.75
100.25
100.25
102.0
102.0
102.0
108.5
108.5
108.5
108.5
108.5
99.0
99.0
99.0
99.0
99.0
99.0
99.0
100.5
100.5
103.0
103.0
103.0
103.75
103.75
103.75
103.75
103.75
103.75
103.75
103.75
103.75
106.0
106.0
108.25
108.25
111.75
111.75
110.75
110.75
111.5
111.5
113.25
113.25
113.25
114.75
114.75
117.25
117.25
117.25
117.25
120.0
121.25
121.25
121.25
124.0
124.0
124.0
124.0
124.0
124.0
124.0
122.75
122.75
122.75
122.75
124.5
124.5
125.5
125.5
129.5
129.5
131.25
131.25
128.25
128.25
127.25
127.0
127.0
125.0
125.0
125.25
125.25
125.25
125.25
125.25
125.25
125.5
125.5
124.0
124.0
124.0
124.0
124.0
124.0
124.0
124.0
122.75
122.75
123.0
123.0
122.5
122.5
122.25
123.5
123.5
123.5
123.5
125.5
125.5
125.5
125.5
131.0
131.0
131.0
131.0
129.0
129.0
129.0
127.75
127.75
126.25
126.25
126.25
126.25
126.0
126.0
123.25
123.25
122.25
122.25
122.75
122.75
123.0
123.0
124.0
124.0
126.0
126.0
126.75
126.75
127.5
128.75
128.75
130.5
130.5
131.25
131.25
130.75
130.75
130.75
130.75
131.25
131.5
131.5
131.5
131.5
131.5
131.5
133.5
133.5
133.75
133.75
133.75
129.75
129.75
129.5
129.5
128.25
128.25
127.0
127.0
127.0
127.0
128.75
131.25
131.25
132.5
132.5
134.0
134.0
134.0
134.0
132.75
132.0
132.0
132.25
132.25
130.75
130.75
129.25
129.25
130.0
130.0
132.5
133.0
133.0
134.5
134.5
136.25
136.25
135.75
135.75
134.5
133.25
133.25
131.25
131.25
130.75
130.75
131.25
131.25
132.0
133.0
133.0
134.25
134.25
134.25
134.25
134.5
134.5
130.5
128.75
128.75
129.25
129.25
128.5
128.5
128.25
128.25
127.75
127.75
127.0
127.0
127.0
127.0
124.25
124.25
124.0
124.0
124.0
124.0
124.0
124.0
124.0
124.0
124.0
124.0
123.67857142857143
123.35714285714286
123.03571428571429
122.71428571428571
122.39285714285714
122.07142857142857
121.75
121.42857142857143
121.10714285714286
120.78571428571429
120.46428571428571
120.14285714285714
119.82142857142857
119.5
119.17857142857143
118.85714285714286
118.53571428571429
118.21428571428571
117.89285714285714
117.57142857142857
117.25
116.92857142857143
116.60714285714286
116.28571428571429
115.96428571428571
115.64285714285714
115.32142857142857
115.0
115.0
113.5
113.5
113.25
113.25
113.25
113.25
113.25
113.25
113.25
113.25
113.25
113.25
113.25
115.75
115.75
115.75
115.75
115.75
115.75
123.25
123.25
124.5
124.5
124.5
125.0
125.0
125.25
125.25
125.25
125.25
