136.5
136.5
136.25
136.0
136.0
136.0
135.5
135.5
137.0
137.0
135.25
135.25
135.25
135.25
135.25
135.25
135.5
135.5
135.5
135.5
126.55
117.6
108.65
99.7
90.75
90.75
92.25
92.25
91.75
91.75
91.75
92.0
92.0
92.0
92.0
92.0
92.0
92.0
95.525
99.05
102.575
106.1
109.625
113.15
116.675
120.2
123.725
127.25
130.775
134.3
137.825
141.35
144.875
148.4
151.925
155.45
158.975
162.5
163.75
163.75
163.75
164.5
179.0
179.0
178.75
178.75
178.75
178.75
178.75
179.0
179.0
179.0
174.0
169.0
164.0
159.0
154.0
149.0
149.0
148.75
148.5
148.5
149.25
147.5
147.5
146.25
145.5
145.5
144.25
143.25
143.25
142.5
142.5
143.0
143.0
141.0
141.0
141.0
141.0
139.0
140.75
140.75
140.75
135.0
135.0
132.75
132.75
134.0
134.0
133.5
134.75
134.75
135.0
135.0
135.75
135.75
136.5
134.25
134.25
132.0
132.0
132.0
132.0
132.0
132.0
132.0
132.0
131.75
131.75
130.75
130.75
135.0
135.0
133.75
133.75
135.0
135.0
136.5
136.5
135.25
134.25
134.25
134.0
134.0
132.25
132.25
129.75
129.75
128.5
127.75
127.75
127.75
129.0
130.25
130.25
130.25
131.75
131.75
133.25
133.25
132.75
132.75
132.5
132.5
131.5
131.5
132.5
132.0
132.0
132.75
132.75
133.0
133.0
132.75
132.75
131.75
131.75
130.5
130.5
130.5
131.25
131.25
132.0
132.0
132.75
132.75
132.0
131.0
131.0
132.75
132.75
131.75
131.75
133.5
133.5
133.75
133.5
133.5
132.25
132.25
131.75
131.75
132.0
132.0
130.5
131.25
131.25
131.75
131.75
133.0
133.0
133.0
133.0
132.75
132.75
132.75
133.25
133.25
133.25
133.25
131.75
131.75
132.0
132.0
132.0
130.75
130.75
131.0
131.0
130.5
130.5
130.75
130.75
131.0
131.0
132.0
132.25
132.25
132.0
132.0
131.0
131.0
130.75
130.75
129.5
129.5
128.25
126.75
126.75
128.75
128.75
129.25
129.25
130.75
130.75
132.0
132.0
132.0
132.0
132.0
131.75
131.75
129.5
129.5
128.5
128.5
129.25
129.25
129.0
129.0
129.25
129.25
129.25
129.5
129.5
130.25
130.25
130.5
130.5
131.75
131.75
131.0
131.25
131.25
131.25
131.25
131.5
131.5
132.0
132.0
130.25
130.25
129.5
128.75
128.75
130.0
130.0
131.5
131.5
130.75
130.75
130.75
131.0
131.0
132.0
132.0
133.5
133.5
132.5
132.5
132.0
132.0
131.5
130.75
130.75
129.5
129.5
130.75
130.75
131.0
131.0
130.75
130.75
130.25
130.25
130.25
129.75
129.75
130.0
130.0
130.25
130.25
130.5
130.5
130.75
132.25
132.25
132.0
132.0
131.75
131.75
132.25
132.25
132.5
133.0
133.0
131.5
131.5
132.5
132.5
132.5
132.5
133.25
132.0
132.0
131.5
129.75
129.75
130.0
130.0
130.0
130.0
130.25
130.25
130.25
130.25
130.75
130.0
130.0
130.75
130.75
131.0
131.0
131.75
131.75
132.25
132.25
132.25
131.5
131.5
131.75
131.75
132.0
132.0
132.0
132.0
132.5
133.0
133.0
134.75
134.75
133.5
133.5
132.75
132.75
133.25
133.25
133.25
133.5
133.5
131.25
131.25
130.75
130.75
131.5
131.25
131.25
130.75
130.75
130.5
130.5
130.25
130.25
129.25
129.25
129.25
129.25
130.5
130.5
130.5
130.0
130.0
130.25
130.25
133.5
133.5
128.25
128.25
124.75
124.75
124.75
124.75
124.75
125.0
125.0
125.0
125.0
125.0
124.75
124.75
125.0
127.57142857142857
130.14285714285714
132.71428571428572
135.28571428571428
137.85714285714286
140.42857142857142
143.0
143.0
139.75
142.25
142.25
143.75
143.75
144.75
142.5
142.5
141.75
141.75
141.75
141.75
141.75
141.75
142.5
142.5
140.5
140.5
139.0
139.0
139.0
136.75
135.25
135.25
135.0
135.0
135.0
138.75
138.75
138.0
135.75
135.75
128.0
128.0
128.25
128.25
129.0
129.0
130.75
130.75
129.25
130.75
130.75
130.25
130.25
130.0
130.0
128.5
128.5
128.25
128.25
127.5
127.5
127.0
127.0
129.0
129.0
123.0
123.0
123.25
123.25
123.25
123.25
123.25
123.25
123.25
123.25
123.25
127.25
127.25
130.0
130.0
130.0
130.0
129.25
129.25
129.0
129.0
128.75
129.0
129.0
129.0
129.0
129.0
129.0
129.5
129.5
130.75
130.75
131.5
132.25
132.25
133.0
133.0
133.25
133.25
134.25
136.25
136.25
136.25
136.25
134.25
134.25
135.25
135.25
134.25
133.5
133.5
132.0
132.0
131.75
131.75
131.5
131.5
131.75
131.5
131.5
133.75
133.75
135.0
135.0
134.25
134.25
134.75
135.25
135.25
135.25
134.5
134.5
135.0
135.0
135.0
135.0
135.0
137.25
137.25
135.5
135.5
135.25
135.25
135.25
135.25
135.25
135.75
135.75
136.0
135.75
135.75
136.75
136.75
136.25
136.25
136.5
136.5
136.5
136.75
136.75
135.75
135.75
135.25
135.25
137.0
137.0
136.75
136.75
136.75
136.75
136.75
136.75
136.75
140.75
140.75
140.75
142.5
143.25
143.25
143.25
143.25
143.25
143.0
143.0
144.25
146.25
146.25
147.0
148.5
148.5
148.5
148.5
150.75
149.25
149.25
149.0
150.0
150.0
151.5
151.5
151.5
150.5
151.25
151.25
155.0
155.75
155.75
155.75
155.75
156.5
157.0
157.0
157.75
157.25
157.25
157.25
156.25
156.25
156.25
156.75
156.75
155.0
154.75
154.75
155.0
151.5
151.5
150.0
150.0
143.75
132.0
132.0
132.0
120.25
127.25
127.25
135.0
135.0
137.0
137.0
137.25
138.75
138.75
142.0
142.0
142.75
145.0
145.0
146.25
146.25
146.0
146.75
146.75
147.75
147.75
148.25
147.5
147.5
148.5
148.0
148.0
147.75
147.75
146.0
145.0
145.0
144.75
144.75
144.25
142.5
142.5
143.25
143.25
141.75
141.75
139.5
139.25
139.25
138.75
138.75
138.0
138.0
139.25
139.0
139.0
139.0
139.0
139.5
140.0
140.0
140.25
140.25
140.5
140.75
140.75
141.75
141.75
141.25
141.25
142.0
141.0
141.0
140.5
140.5
137.25
137.25
134.25
134.5
134.5
135.75
135.75
137.5
137.5
137.5
138.0
138.0
138.75
138.75
138.75
138.5
138.5
137.75
137.75
137.5
137.5
135.75
135.75
135.25
135.0
135.0
135.0
135.0
135.0
135.0
135.0
135.5
135.5
134.5
134.5
135.25
135.25
135.75
135.75
135.75
136.25
136.25
136.25
136.25
138.0
137.5
137.5
137.25
137.25
138.5
138.5
136.25
136.25
134.75
134.25
134.25
133.5
133.5
134.75
134.75
135.75
137.5
137.5
137.75
137.75
137.0
137.0
137.0
136.75
136.75
135.0
135.0
135.25
135.25
134.5
135.0
135.0
133.0
133.0
133.5
133.5
133.25
133.25
132.75
133.75
133.75
135.25
135.25
135.0
135.0
133.25
133.25
135.0
135.0
135.0
134.25
134.25
135.5
135.5
135.25
136.0
136.0
136.0
136.0
135.75
135.75
135.75
136.75
136.75
135.0
135.0
135.75
135.75
134.5
135.0
135.0
134.25
134.25
134.0
134.0
133.5
133.5
133.75
133.75
133.5
133.5
133.5
132.75
132.75
133.75
133.75
132.0
132.0
133.0
132.75
132.75
131.75
131.75
131.0
131.0
128.25
128.25
129.5
129.5
129.75
129.75
132.0
133.5
133.5
135.25
135.25
135.5
135.5
136.75
133.75
133.75
135.75
135.75
134.75
134.75
130.75
130.75
131.5
131.5
132.75
131.5
131.5
132.0
132.0
131.5
131.5
132.0
132.0
133.5
132.5
132.5
132.5
132.5
132.0
132.0
131.5
131.5
132.75
132.75
132.75
133.5
133.5
132.75
132.75
135.25
135.25
133.0
133.0
135.5
137.0
137.0
136.0
137.0
137.0
136.75
136.75
137.0
137.0
137.5
137.5
137.0
139.0
139.0
138.5
138.5
136.5
136.75
136.75
138.0
138.0
138.0
138.5
138.5
142.25
142.25
142.0
142.0
141.75
143.0
143.0
143.5
143.5
143.5
144.25
144.25
145.5
145.5
146.25
146.0
146.0
146.25
146.25
147.75
147.75
147.0
147.0
147.25
147.25
147.5
149.75
149.75
151.0
151.5
151.5
150.75
150.75
151.25
149.75
149.75
152.5
152.75
152.75
151.0
151.0
154.0
154.0
153.5
153.5
153.5
153.5
153.5
153.5
153.5
153.5
153.5
153.25
153.5
153.5
152.01190476190476
150.52380952380952
149.03571428571428
147.54761904761904
146.0595238095238
144.57142857142858
143.08333333333334
141.5952380952381
140.10714285714286
138.61904761904762
137.13095238095238
135.64285714285714
134.1547619047619
132.66666666666666
131.17857142857142
129.6904761904762
128.20238095238096
126.71428571428571
125.22619047619048
123.73809523809524
122.25
122.25
122.25
124.5
124.5
125.0
125.0
124.0
124.0
124.0
124.0
124.0
123.75
123.75
123.75
124.0
124.0
124.0
123.75
122.70833333333333
121.66666666666667
120.625
119.58333333333333
118.54166666666667
117.5
117.5
117.5
117.5
114.5
114.5
114.25
114.25
114.25
114.25
114.25
114.5
114.5
114.5
114.5
109.25
109.25
109.25
108.0
108.0
107.75
107.75
106.75
106.75
107.25
107.25
107.25
107.5
107.5
107.25
107.25
107.25
107.25
107.5
110.38709677419355
113.2741935483871
116.16129032258064
119.04838709677419
121.93548387096774
124.8225806451613
127.70967741935483
130.59677419354838
133.48387096774195
136.3709677419355
139.25806451612902
142.1451612903226
145.03225806451613
147.91935483870967
150.80645161290323
153.69354838709677
156.58064516129033
159.46774193548387
162.3548387096774
165.24193548387098
168.1290322580645
171.01612903225808
173.90322580645162
176.79032258064515
179.67741935483872
182.56451612903226
185.45161290322582
188.33870967741936
191.2258064516129
194.11290322580646
197.0
197.75
193.5
198.25
198.25
198.25
197.0
197.5
198.25
196.5
196.5
195.75
195.75
195.75
195.75
196.0
196.0
196.0
196.0
188.5
183.0
183.0
180.25
179.25
179.25
178.25
181.75
181.75
181.75
181.75
178.25
177.25
177.25
171.25
171.25
169.5
168.0
168.0
168.25
169.0
171.25
171.25
168.25
164.25
164.25
168.0
168.0
168.0
166.75
166.75
167.75
167.75
168.0
166.5
166.5
168.5
163.75
163.75
167.0
168.0
169.75
169.75
168.5
170.5
170.5
165.0
165.0
173.75
173.75
174.0
174.0
174.0
174.0
174.0
174.0
173.75
173.75
173.75
173.75
173.75
167.96153846153845
162.17307692307693
156.3846153846154
150.59615384615384
144.80769230769232
139.01923076923077
133.23076923076923
127.4423076923077
121.65384615384616
115.86538461538461
110.07692307692308
104.28846153846155
98.5
98.5
98.5
99.25
99.25
99.0
99.0
99.0
99.0
98.75
98.75
98.75
98.75
98.75
98.75
98.75
98.75
99.0
99.0
99.0
99.0
99.0
106.25
113.5
120.75
128.0
135.25
135.25
134.5
134.5
132.5
132.5
132.0
132.25
132.25
132.25
132.5
132.5
132.5
132.5
132.5
132.5
132.5
132.25
132.25
132.5
131.0
129.5
128.0
126.5
125.0
125.0
129.0
129.0
129.0
129.0
129.5
129.5
131.0
131.0
129.75
129.75
129.0
129.0
127.75
127.75
127.75
125.5
125.5
123.5
123.5
122.25
122.25
123.5
124.5
124.5
124.75
124.75
124.0
124.0
122.75
122.75
122.25
122.25
122.0
122.0
120.75
120.75
121.25
121.25
121.5
121.5
121.5
121.5
121.5
121.5
121.5
121.5
122.25
122.25
122.25
122.25
121.0
121.0
121.75
121.75
123.0
123.0
121.5
121.5
119.5
119.5
118.75
118.75
121.0
121.0
122.25
122.25
125.25
124.75
124.75
125.0
125.0
124.0
124.0
122.25
122.25
122.75
122.75
128.5
128.5
122.25
122.25
123.5
123.5
121.0
121.0
121.25
121.25
119.25
119.25
119.25
119.5
119.5
119.25
119.25
119.25
119.5
119.5
119.5
119.5
119.5
119.38888888888889
119.27777777777777
119.16666666666667
119.05555555555556
118.94444444444444
118.83333333333333
118.72222222222223
118.61111111111111
118.5
131.75
131.75
132.25
132.25
127.75
128.75
128.75
130.75
130.75
136.75
136.75
135.5
126.25
126.25
134.25
135.5
135.5
137.75
137.75
138.75
138.75
139.5
139.5
139.5
120.25
120.0
120.0
119.25
119.25
119.5
119.5
117.5
117.5
120.0
120.0
118.25
118.25
118.5
118.5
118.25
118.25
116.5
116.5
113.25
113.25
113.25
113.25
113.25
113.25
113.25
113.25
113.25
113.5
113.5
113.5
113.25
113.25
113.25
113.25
111.625
110.0
108.375
106.75
105.125
103.5
103.5
103.5
103.5
103.0
103.0
102.75
102.75
102.75
102.75
102.75
103.0
103.0
103.0
103.0
102.53125
102.0625
101.59375
101.125
100.65625
100.1875
99.71875
99.25
98.78125
98.3125
97.84375
97.375
96.90625
96.4375
95.96875
95.5
95.03125
94.5625
94.09375
93.625
93.15625
92.6875
92.21875
91.75
91.75
92.25
92.25
91.25
91.25
90.0
90.0
90.0
90.0
89.75
89.75
89.75
89.75
90.0
90.0
90.0
90.0
91.25
91.25
91.5
91.5
91.5
91.5
91.5
91.5
91.25
91.25
91.25
91.25
97.68333333333334
104.11666666666667
110.55
116.98333333333333
123.41666666666667
129.85
136.28333333333333
142.71666666666667
149.15
155.58333333333334
162.01666666666668
168.45
174.88333333333333
181.31666666666666
187.75
184.25
184.25
184.25
184.25
184.25
184.25
184.5
184.5
184.25
184.5
184.5
184.5
184.5
182.125
179.75
177.375
175.0
172.625
170.25
167.875
165.5
165.5
175.5
175.5
180.25
179.75
170.5
170.5
170.5
171.5
171.5
171.5
171.5
171.5
171.5
178.25
178.25
180.75
179.75
179.75
179.0
179.0
178.75
178.75
179.0
179.0
179.0
179.0
179.0
179.0
169.95
160.9
151.85
142.8
133.75
124.69999999999999
115.64999999999999
106.6
97.55
88.5
88.5
87.75
87.75
88.25
88.25
88.25
88.25
88.25
88.25
88.5
88.5
88.5
88.5
88.5
88.5
91.98214285714286
95.46428571428571
98.94642857142857
102.42857142857143
105.91071428571429
109.39285714285714
112.875
116.35714285714286
119.83928571428571
123.32142857142857
126.80357142857143
130.28571428571428
133.76785714285714
137.25
137.25
135.5
135.5
135.75
138.5
138.5
136.0
136.0
136.0
136.0
136.5
137.5
137.5
138.0
138.0
137.5
137.5
137.5
136.0
135.5
135.5
135.75
135.75
134.25
134.25
132.0
132.0
130.75
127.5
127.5
130.75
130.75
128.75
128.75
128.5
128.5
129.5
129.5
130.0
128.5
128.5
130.5
130.5
129.75
129.75
129.75
129.75
129.75
131.25
131.25
130.75
130.75
132.25
132.25
133.5
133.5
133.5
133.5
133.75
134.5
134.5
134.25
134.25
134.5
134.5
134.25
133.25
133.25
132.25
132.25
132.0
132.0
130.75
130.75
129.5
129.5
128.5
128.5
129.25
129.5
129.5
129.5
129.5
130.25
130.25
131.0
131.0
129.5
129.5
128.75
128.75
128.75
128.75
128.75
130.5
130.5
131.75
131.75
132.5
132.5
132.5
132.5
131.75
130.75
130.75
130.5
130.5
130.75
130.75
129.5
129.5
130.5
130.5
130.5
131.0
131.0
130.75
130.25
130.25
129.0
129.0
126.75
126.75
125.5
125.5
124.0
124.0
125.75
125.75
124.5
124.5
124.5
124.5
124.5
124.5
124.5
124.5
124.5
124.25
124.25
124.25
126.75
126.75
128.0
128.0
128.25
128.25
129.0
129.0
129.0
129.0
128.75
128.75
128.75
128.75
128.75
128.75
128.75
128.75
128.75
128.75
124.32142857142857
119.89285714285714
115.46428571428571
111.03571428571428
106.60714285714286
102.17857142857143
97.75
97.75
97.75
100.0
100.0
100.0
100.0
95.0
95.0
95.0
99.5
99.5
95.0
95.0
95.0
89.5
89.5
89.25
89.25
89.25
89.25
89.25
89.25
89.25
89.25
89.25
89.25
90.54629629629629
91.8425925925926
93.13888888888889
94.43518518518519
95.73148148148148
97.02777777777777
98.32407407407408
99.62037037037037
100.91666666666667
102.21296296296296
103.50925925925925
104.80555555555556
106.10185185185185
107.39814814814815
108.69444444444444
109.99074074074073
111.28703703703704
112.58333333333333
113.87962962962963
115.17592592592592
116.47222222222223
117.76851851851852
119.06481481481481
120.36111111111111
121.6574074074074
122.95370370370371
124.25
124.25
124.25
124.75
124.75
124.75
124.0
124.0
125.0
124.75
124.75
126.25
126.25
126.25
126.25
126.25
126.25
129.5
129.5
125.25
125.25
129.0
129.0
127.5
127.5
128.0
128.0
127.5
127.5
127.5
127.5
126.5
126.5
132.0
132.0
127.75
127.75
128.25
128.25
126.75
129.0
129.0
126.25
126.25
127.5
127.5
127.5
127.5
126.0
126.0
126.0
126.0
120.0
120.0
113.0
113.0
113.0
113.0
113.0
113.0
113.0
112.75
112.75
112.75
113.0
112.75
112.75
112.75
114.46153846153847
116.17307692307692
117.88461538461539
119.59615384615384
121.3076923076923
123.01923076923077
124.73076923076923
126.4423076923077
128.15384615384616
129.8653846153846
131.57692307692307
133.28846153846155
135.0
132.0
132.0
128.0
128.0
128.0
133.5
133.5
134.0
133.75
133.75
136.25
136.25
133.75
134.0
134.0
134.75
134.75
135.75
135.0
135.0
137.5
137.5
135.75
136.25
136.25
137.5
137.5
138.5
138.5
139.0
139.75
139.75
138.5
138.5
142.25
142.25
141.5
138.75
138.75
140.5
140.5
139.75
139.5
139.5
138.75
138.75
137.75
137.5
137.5
138.0
138.0
137.5
137.5
138.25
138.5
138.5
140.25
140.25
141.0
141.0
142.5
142.0
142.0
142.0
142.0
142.0
142.0
142.0
141.75
144.75
144.75
145.0
145.0
145.0
145.0
145.0
145.5
145.5
145.5
145.5
145.5
145.5
145.5
145.25
145.5
145.5
148.25
147.5
147.5
147.5
148.25
148.25
147.5
147.5
149.0
148.25
148.25
149.5
149.5
149.0
150.0
150.0
151.25
150.75
150.75
152.0
152.0
152.0
152.75
152.75
153.25
153.25
153.25
154.25
153.25
153.25
153.75
153.75
153.75
151.25
151.25
149.5
147.25
147.25
144.5
144.5
139.5
139.5
138.5
139.75
139.75
139.25
139.25
138.25
138.25
137.5
135.75
135.75
135.0
135.0
133.0
131.25
131.25
129.0
129.0
124.5
124.5
120.5
120.5
120.25
120.25
121.0
121.0
119.25
119.25
121.5
124.25
124.25
126.5
126.5
129.0
129.0
130.75
130.75
129.0
129.0
125.5
125.5
124.0
124.0
124.0
123.25
123.25
124.5
124.5
124.5
124.0
126.75
126.75
127.25
127.25
127.5
126.5
126.5
125.75
125.75
125.75
126.0
126.0
126.25
126.75
126.75
125.25
125.25
127.25
127.25
127.25
127.25
129.0
129.0
129.5
129.5
130.75
130.75
130.5
130.5
129.25
127.25
127.25
126.5
126.5
126.75
126.75
125.75
125.75
123.5
123.5
122.75
122.75
120.25
120.25
122.25
122.25
123.0
123.0
124.25
124.25
124.0
124.0
126.0
127.25
127.25
127.5
127.5
127.5
129.25
129.25
128.0
128.0
128.25
128.25
128.25
128.25
128.25
128.0
128.0
127.75
127.75
127.75
127.5
127.5
125.5
125.25
125.25
123.0
123.0
123.0
123.0
123.0
123.0
123.0
123.0
123.0
122.75
122.75
123.5
123.5
123.0
123.0
120.75
120.75
119.25
119.25
120.0
120.0
119.75
119.75
118.75
118.25
118.25
118.25
118.0
118.0
116.5
107.25
107.25
118.0
118.0
114.0
114.0
116.25
116.25
112.5
112.5
112.5
112.25
112.25
113.25
113.25
113.0
113.0
114.25
113.75
113.75
113.75
113.75
113.25
113.25
113.0
113.0
117.25
117.25
117.25
117.25
117.25
117.25
117.25
117.5
117.5
120.5
120.5
123.0
123.0
123.0
122.75
122.75
122.75
122.75
122.75
122.75
122.75
123.0
123.0
123.2
123.4
123.6
123.8
124.0
122.5
122.5
122.5
123.5
123.5
124.25
124.25
124.75
124.75
124.75
125.75
125.75
125.75
125.75
126.75
126.75
128.5
128.5
128.0
128.0
127.0
127.0
126.75
126.75
126.75
126.75
126.75
126.75
126.75
126.75
128.0
128.5
128.5
128.0
128.0
128.5
128.5
127.5
127.5
127.25
127.25
126.25
126.25
127.75
127.75
127.75
127.75
128.0
127.75
127.75
128.0
128.0
128.0
128.0
128.0
128.0
127.75
128.45454545454547
129.1590909090909
129.86363636363637
130.5681818181818
131.27272727272728
131.97727272727272
132.6818181818182
133.38636363636363
134.0909090909091
134.79545454545453
135.5
136.75
136.75
136.5
136.5
135.0
137.0
137.0
134.75
134.75
134.5
134.5
135.0
135.0
135.0
135.25
135.25
133.5
133.5
133.75
133.75
132.75
134.0
134.0
134.0
134.0
133.5
134.25
134.25
134.25
136.5
136.5
135.75
137.5
137.5
137.5
137.5
138.25
138.25
137.5
139.25
139.25
139.25
139.25
139.5
139.5
139.5
139.25
139.25
138.5
138.5
139.0
139.0
139.0
139.75
139.75
139.5
139.5
139.5
139.0
139.0
138.5
138.5
138.25
138.25
138.5
138.25
138.25
138.0
138.0
138.25
137.5
137.5
137.5
137.5
136.75
137.5
137.5
137.0
137.0
135.75
135.75
135.75
135.75
135.75
135.75
135.25
134.25
134.25
133.0
133.0
132.75
132.75
131.5
130.75
130.75
130.25
130.25
131.5
131.5
131.5
131.5
131.5
131.5
133.0
133.0
133.0
132.0
132.0
132.0
132.75
132.0
132.0
132.0
132.0
132.0
131.0
131.0
130.5
130.5
130.5
130.25
130.25
130.25
129.5
129.5
128.5
128.5
129.0
129.0
129.75
130.5
130.5
131.0
131.0
130.0
130.0
130.25
130.25
130.75
130.75
129.5
129.5
128.5
128.0
128.0
127.25
127.25
125.75
125.75
126.0
126.0
127.5
127.5
126.5
126.5
125.0
125.0
125.5
126.25
126.25
127.5
127.5
129.0
129.0
131.5
131.5
130.25
130.25
131.5
131.5
132.0
131.5
131.5
132.0
132.0
132.0
132.0
132.0
132.0
131.75
131.75
132.75
132.75
132.75
133.5
133.5
133.75
133.75
134.0
134.0
134.0
134.25
134.25
135.0
135.0
135.5
135.5
135.75
136.75
136.75
137.5
137.5
137.5
137.5
137.5
137.75
137.75
137.5
137.5
137.5
135.75
135.75
134.5
134.0
134.0
132.75
132.75
132.0
132.0
132.0
132.0
132.5
132.5
133.25
133.5
133.5
132.75
132.75
131.75
131.75
133.5
133.25
133.25
134.25
134.25
135.0
135.0
134.0
134.0
134.0
135.0
135.0
134.75
134.75
136.25
136.25
136.25
135.75
135.75
134.75
134.75
134.25
134.25
132.75
135.5
135.5
132.0
132.0
133.0
133.0
133.5
133.5
133.0
136.25
136.25
136.0
136.0
136.0
136.0
136.0
136.0
135.75
135.75
135.75
135.5
135.5
130.25
130.25
130.25
130.25
130.25
130.25
130.25
130.25
130.5
130.5
130.25
130.25
130.5
130.5
131.39285714285714
132.28571428571428
133.17857142857142
134.07142857142858
134.96428571428572
135.85714285714286
136.75
136.75
136.75
136.75
136.75
136.75
136.75
136.75
136.75
136.75
137.0
137.0
135.91666666666666
134.83333333333334
133.75
132.66666666666666
131.58333333333334
130.5
129.41666666666666
128.33333333333334
127.25
126.16666666666667
125.08333333333333
124.0
122.91666666666667
121.83333333333333
120.75
120.75
120.75
120.75
120.75
120.75
120.75
120.75
120.75
120.75
120.75
120.75
120.75
120.75
120.75
120.75
108.5
108.5
108.5
108.5
108.0
108.0
108.0
108.0
108.0
108.0
108.0
107.75
107.75
107.75
107.75
107.75
107.75
107.75
107.75
107.75
108.26470588235294
108.77941176470588
109.29411764705883
109.80882352941177
110.32352941176471
110.83823529411765
111.3529411764706
111.86764705882354
112.38235294117646
112.8970588235294
113.41176470588235
113.92647058823529
114.44117647058823
114.95588235294117
115.47058823529412
115.98529411764706
116.5
116.5
115.5
115.5
114.25
114.25
114.25
114.5
114.5
113.0
113.0
113.25
113.25
113.75
113.75
115.75
115.75
117.0
117.0
117.0
117.0
116.5
116.5
115.25
115.25
114.75
114.75
112.5
112.5
112.5
112.0
112.0
111.25
111.25
109.75
109.75
108.25
108.25
106.75
106.75
106.75
105.5
105.5
105.25
105.25
105.25
105.5
105.5
105.5
105.5
105.5
105.5
105.5
105.5
105.5
105.5
110.0
114.5
119.0
123.5
123.5
123.5
123.5
123.25
123.25
123.25
123.25
123.25
123.25
123.25
110.0
109.875
109.75
109.75
109.75
109.75
110.0
110.0
110.0
110.0
109.75
109.75
110.85
111.95
113.05
114.15
115.25
115.25
115.25
115.25
115.25
115.25
115.5
115.5
115.5
115.25
115.25
115.5
115.5
112.25
109.0
105.75
102.5
99.25
99.25
99.25
99.25
99.5
99.5
99.5
99.5
99.5
99.5
99.25
99.25
99.29545454545455
99.3409090909091
99.38636363636364
99.43181818181819
99.47727272727273
99.52272727272727
99.56818181818181
99.61363636363636
99.6590909090909
99.70454545454545
99.75
99.75
99.75
99.75
99.75
99.75
99.75
99.75
99.75
100.0
100.0
100.0
99.75
99.875
100.0
100.125
100.25
100.375
100.5
100.5
100.5
100.5
102.5
102.5
102.25
102.25
102.25
102.25
102.25
102.5
102.5
101.0
101.0
101.0
100.75
100.75
99.25
99.25
99.25
98.5
98.5
97.25
97.25
97.5
97.5
97.5
99.25
99.25
102.0
102.0
102.0
106.0
106.0
112.0
112.0
117.0
117.0
117.0
117.0
117.0
116.25
116.25
115.0
115.0
113.0
113.0
112.0
112.0
108.75
108.75
108.75
109.0
109.0
109.0
108.75
108.75
109.0
109.0
105.75
105.75
105.75
104.0
104.0
103.75
103.75
105.75
105.75
107.0
107.0
112.0
112.0
114.25
114.25
113.75
113.75
113.0
113.0
113.0
113.0
112.75
112.75
112.75
105.75
105.75
107.25
107.25
107.25
107.5
107.5
107.5
107.5
108.75
108.75
108.5
108.5
108.5
108.5
112.25
112.25
115.5
115.5
115.5
116.5
115.0
115.0
115.0
112.25
112.25
108.75
108.75
108.75
108.75
111.25
111.25
118.0
118.0
122.5
122.5
120.5
120.5
119.25
119.25
119.25
115.75
115.75
114.75
114.75
114.0
114.5
114.5
111.75
111.75
112.25
112.25
112.25
112.75
112.75
111.75
111.75
111.75
111.25
111.25
111.75
111.75
111.5
111.5
111.5
108.25
108.25
105.25
105.25
104.25
104.25
106.5
106.5
106.5
106.5
107.75
107.75
110.0
110.0
110.0
115.0
115.0
116.0
116.0
116.0
116.0
115.75
115.75
116.0
116.0
116.0
114.0
114.0
111.0
111.0
108.75
108.75
108.75
106.25
106.25
108.25
108.25
112.5
112.5
114.25
114.25
113.0
113.0
112.25
112.25
111.0
111.0
111.0
111.75
111.75
114.5
114.5
113.0
113.0
111.75
111.75
108.25
108.25
108.25
107.25
106.0
106.0
106.0
106.0
108.25
108.25
110.5
110.75
110.75
110.75
109.25
109.25
111.25
111.25
113.0
113.0
115.25
115.25
114.25
114.25
112.25
112.25
109.0
109.0
109.0
107.0
107.0
106.75
106.75
106.0
106.0
107.25
107.25
107.25
108.25
108.25
111.5
111.5
120.0
122.5
122.5
119.5
119.5
119.5
119.5
119.0
119.0
118.0
118.0
120.0
121.5
121.5
122.25
122.25
125.5
125.5
125.25
125.25
128.25
130.25
130.25
130.25
131.5
131.25
131.25
131.25
130.0
130.0
128.0
128.0
128.0
128.0
129.25
129.25
129.5
129.5
129.5
129.5
128.25
126.75
126.75
126.75
123.0
120.25
120.25
120.0
120.0
121.25
121.25
121.25
118.0
118.0
118.0
135.0
135.0
135.0
136.25
136.25
136.75
136.75
138.5
140.75
140.75
144.25
146.75
146.75
146.75
146.75
146.5
145.0
145.0
143.0
143.0
139.75
139.75
124.75
124.75
124.75
119.5
119.5
114.25
114.25
117.0
117.0
118.25
118.25
119.25
119.25
119.75
119.75
125.5
129.5
129.5
129.0
129.0
128.25
128.25
128.0
128.0
128.25
128.25
128.0
128.0
126.75
126.75
124.0
124.0
122.75
122.75
116.0
116.0
117.75
117.75
122.25
122.25
127.0
130.0
130.0
132.0
132.0
131.5
131.5
129.5
129.5
127.5
127.5
126.75
126.75
126.25
126.25
124.5
118.0
118.0
115.5
115.5
114.5
114.5
114.25
114.25
112.0
112.0
112.0
108.5
108.5
108.75
108.75
111.25
111.25
112.5
112.5
118.0
115.75
115.75
112.75
112.75
110.5
110.5
110.75
110.75
110.5
110.5
112.0
112.0
112.0
113.0
113.0
113.25
113.25
113.5
113.5
115.25
115.25
116.25
116.25
119.5
119.5
123.25
123.25
121.25
121.25
115.5
115.5
115.5
116.0
116.0
116.75
114.75
114.75
114.75
114.75
109.75
110.25
110.25
110.25
114.25
115.25
115.25
115.25
114.25
114.25
114.5
114.5
115.5
115.5
117.75
117.75
116.75
114.5
114.5
114.5
115.0
115.0
115.5
115.5
113.75
113.75
113.0
113.0
113.5
113.5
117.25
117.25
117.25
118.5
118.5
118.0
118.0
116.75
116.75
116.75
116.75
118.5
118.5
120.0
120.0
120.0
119.5
120.25
120.25
115.75
115.75
121.25
121.25
121.0
121.0
121.0
121.0
120.75
120.75
116.0
116.0
117.5
117.5
116.0
116.0
114.25
114.25
109.5
109.5
109.5
115.75
115.75
117.0
117.0
120.5
120.5
121.5
121.5
120.25
120.25
119.25
119.25
117.5
117.5
117.0
117.0
118.75
118.75
118.5
118.5
119.25
119.25
119.75
119.75
120.25
120.25
118.25
118.25
117.0
117.0
117.25
117.25
120.0
120.0
118.0
118.0
120.0
120.0
118.5
118.5
120.75
120.75
121.0
121.0
123.0
123.0
123.25
123.25
119.75
119.75
115.75
115.75
113.25
113.25
106.0
106.0
105.0
105.0
105.0
103.25
103.25
103.25
112.25
116.5
116.5
117.5
117.5
121.5
121.5
121.0
121.0
118.5
118.5
118.5
117.5
117.5
117.5
117.5
117.5
117.5
117.5
116.25
118.25
118.25
118.25
117.75
117.75
117.75
117.75
115.25
115.25
114.5
114.5
115.25
115.25
116.25
116.25
118.5
118.5
118.5
116.25
116.25
115.0
115.0
115.0
115.0
117.0
117.0
130.75
130.75
131.75
131.75
129.5
129.5
127.0
127.0
125.25
125.25
123.0
123.0
119.25
115.0
115.0
115.0
111.5
111.5
112.25
112.25
113.5
113.5
115.5
115.5
118.0
118.0
120.75
120.75
122.25
122.25
122.0
122.0
121.75
121.75
123.5
123.5
124.0
124.0
123.0
123.0
123.5
123.5
123.0
123.0
122.25
122.25
121.5
121.5
120.75
120.75
119.25
119.25
120.0
120.0
122.25
122.25
119.25
119.25
114.75
114.75
115.0
115.0
114.5
114.5
114.5
114.5
115.0
115.0
116.0
116.0
117.5
117.5
118.75
118.75
118.5
118.5
118.5
120.0
120.0
122.75
122.75
125.25
125.25
127.0
127.0
125.75
125.75
122.0
122.0
117.0
117.0
115.0
115.0
115.0
115.0
112.75
113.0
113.0
114.75
114.75
116.75
116.75
122.5
122.5
123.25
123.25
123.25
123.25
124.25
124.25
125.25
125.25
124.0
123.25
123.25
123.25
121.5
121.5
121.5
121.75
121.75
121.75
118.25
118.25
117.75
117.75
120.75
120.75
119.5
119.5
114.75
114.75
116.75
116.75
117.75
117.75
118.75
118.75
119.5
119.5
119.25
119.25
118.0
118.0
116.5
116.5
116.75
116.75
115.75
115.75
115.5
115.5
116.5
116.5
116.75
116.75
117.0
119.5
119.5
122.25
122.25
123.25
123.25
122.75
122.75
124.0
124.0
124.0
119.5
118.75
118.75
114.75
114.75
116.5
116.5
118.5
118.5
120.0
120.0
120.25
120.25
120.25
120.0
120.0
118.25
118.25
117.75
117.75
117.0
117.0
115.5
115.5
114.5
114.5
113.5
113.5
113.5
110.75
110.75
105.25
105.25
105.25
105.25
105.75
105.75
105.75
106.25
106.25
109.0
109.0
110.25
110.25
107.0
107.0
107.0
111.25
111.25
112.25
112.25
112.25
112.25
112.75
112.75
113.25
113.25
113.25
115.5
115.25
115.25
115.25
116.5
116.5
116.5
116.25
116.25
116.25
116.25
116.25
116.5
116.5
116.5
116.5
115.35
114.2
113.05
111.9
110.75
110.75
111.25
111.25
111.0
111.0
109.75
109.75
110.25
110.25
110.75
110.75
109.0
109.0
109.0
107.0
107.0
107.5
107.5
108.25
108.25
108.25
116.0
116.0
117.25
117.25
117.75
117.75
117.75
119.0
119.0
121.0
121.0
121.0
121.75
121.75
119.25
119.25
118.75
118.75
118.25
119.0
119.0
120.75
120.75
122.5
122.5
122.75
122.75
124.5
124.5
125.25
125.25
125.75
125.75
126.5
127.0
127.0
129.5
129.5
129.5
129.5
127.25
127.25
123.0
123.0
119.25
119.25
121.75
121.75
114.75
114.75
121.25
121.25
123.5
123.5
125.25
125.25
127.0
127.0
126.25
126.25
125.25
125.25
126.5
127.75
127.75
127.25
127.25
127.25
126.75
126.25
126.25
126.75
126.75
128.0
128.0
130.25
130.75
130.75
131.75
131.75
133.5
133.5
135.25
135.25
135.75
137.0
137.0
139.5
139.5
140.25
140.25
140.5
140.75
140.75
140.0
140.0
140.0
137.5
137.5
137.25
137.25
136.0
136.0
134.5
132.5
132.5
130.75
130.75
129.0
129.0
130.25
130.25
131.25
131.25
132.25
132.25
131.0
130.25
130.25
129.0
129.0
130.5
130.5
131.75
131.75
131.0
131.0
132.0
132.0
133.5
135.0
135.0
136.75
136.75
138.75
139.75
139.75
142.75
142.75
144.25
145.25
145.25
145.75
146.75
146.75
147.25
147.75
147.75
148.75
148.75
149.5
149.5
149.0
149.0
149.0
147.5
146.25
146.25
144.0
144.0
143.0
139.25
139.25
138.25
138.25
134.25
134.25
131.75
131.75
129.5
129.5
128.5
126.25
126.25
124.0
124.0
122.5
122.5
121.5
121.5
120.75
120.75
118.75
118.75
117.0
117.0
115.75
115.75
111.0
111.0
111.0
110.75
110.75
110.75
110.75
111.25
111.25
111.25
108.25
108.25
109.5
109.5
109.75
109.75
109.75
114.0
114.0
115.75
115.75
114.0
114.0
117.5
117.5
117.75
117.75
117.0
117.0
119.0
119.0
121.75
121.75
124.5
126.0
126.0
126.75
126.75
125.25
123.0
123.0
123.0
119.5
119.5
118.0
118.0
117.0
117.0
117.5
117.5
119.25
119.25
124.5
124.5
124.5
119.5
119.5
119.5
120.75
120.75
123.0
123.0
124.25
124.25
122.75
122.75
124.0
124.0
124.0
124.0
124.25
125.75
125.75
127.25
127.25
127.25
127.25
126.25
126.25
118.5
118.5
118.25
118.25
118.75
118.75
118.75
117.75
117.75
114.75
114.75
114.25
114.25
115.0
115.0
118.0
118.0
122.0
123.0
123.0
123.0
122.75
123.0
123.0
121.0
121.0
116.75
116.75
116.5
116.5
117.0
117.0
118.5
118.5
118.5
118.5
118.5
119.25
119.25
120.25
120.25
120.0
120.0
120.25
120.25
120.5
120.5
120.75
120.75
120.5
120.5
120.75
120.75
123.5
123.5
123.75
123.75
123.0
123.0
122.75
123.5
123.5
120.75
120.75
120.25
120.25
120.0
120.0
121.0
121.0
118.75
118.75
117.25
117.25
116.25
116.25
116.25
113.75
113.75
116.0
116.0
115.75
115.75
114.75
114.75
115.0
115.0
117.25
117.25
118.25
118.25
117.25
117.25
116.25
116.25
115.5
115.5
113.25
113.25
112.25
112.25
112.25
111.75
111.75
109.75
109.75
110.0
110.0
109.25
109.25
109.0
109.0
109.0
107.75
107.75
107.75
111.0
111.0
112.75
112.75
112.75
110.75
110.75
110.0
110.0
110.25
110.25
110.75
110.75
110.75
110.5
110.5
110.5
105.25
105.25
105.75
105.75
105.75
110.0
110.0
113.25
113.25
113.5
113.5
113.0
113.0
111.75
112.0
112.0
112.0
112.0
112.0
112.0
112.0
112.0
112.0
107.5
107.5
107.5
107.5
107.5
107.5
107.5
107.5
107.5
107.5
107.5
107.25
107.25
107.25
103.0
103.0
103.0
110.5
110.5
120.75
120.75
124.25
124.25
125.75
125.75
125.0
126.25
126.25
126.25
126.25
128.0
128.0
136.5
136.25
136.25
138.0
138.5
138.5
138.75
138.75
137.5
137.5
136.75
134.25
134.25
134.25
134.25
134.25
134.25
134.5
134.5
134.5
134.25
134.25
129.20833333333334
124.16666666666667
119.125
114.08333333333333
109.04166666666667
104.0
104.0
105.25
105.25
105.25
102.0
102.0
101.75
101.75
102.75
102.75
103.25
103.25
103.25
103.25
103.25
103.0
103.0
103.5
103.5
106.75
106.75
106.75
107.25
107.25
107.0
107.0
106.75
106.75
106.5
106.5
106.5
106.5
106.5
110.5
110.5
111.5
111.5
113.5
113.5
114.75
114.75
115.25
115.25
113.5
113.5
112.25
112.25
112.25
109.75
109.75
111.0
111.0
111.0
111.0
110.75
110.75
111.0
111.0
115.0
115.0
115.0
115.0
113.5
113.5
114.5
114.5
114.5
116.75
116.75
117.5
117.5
117.5
117.5
116.75
116.75
117.25
117.25
117.5
117.5
117.75
117.75
117.5
117.5
115.5
115.5
115.0
115.0
115.0
114.75
114.75
114.75
114.75
114.75
115.5
115.5
116.75
116.75
119.25
119.25
121.5
121.5
123.25
123.25
121.75
121.75
123.25
123.25
122.75
122.75
121.0
121.0
117.5
117.5
118.0
118.0
117.75
117.75
116.75
116.75
114.0
114.0
114.5
114.5
113.0
113.0
114.5
114.5
116.75
116.75
117.0
117.0
117.0
116.75
116.75
117.0
117.0
124.5
124.5
119.5
119.5
119.5
119.5
116.25
116.25
116.0
116.0
114.75
114.75
116.5
116.5
117.25
117.25
117.0
117.0
118.5
118.5
119.75
119.75
122.5
122.5
122.75
122.0
122.0
122.0
123.0
121.5
121.5
118.25
118.25
117.0
117.0
115.0
115.0
115.0
116.25
116.25
115.0
115.0
116.5
116.5
115.5
115.5
117.75
117.75
116.5
116.5
118.25
118.25
118.0
118.0
119.75
119.75
119.0
119.0
116.5
116.5
116.5
114.25
114.25
114.25
112.75
112.75
112.0
112.0
111.75
111.75
110.25
110.25
110.25
110.0
110.0
112.75
112.75
114.25
114.25
114.25
117.25
117.25
118.25
118.25
117.0
117.0
113.25
113.25
115.5
115.5
117.75
117.75
119.25
118.75
118.75
118.75
120.75
120.75
122.25
122.25
121.5
121.5
122.25
122.25
120.5
120.5
119.25
119.25
119.25
119.25
119.25
119.25
119.25
119.25
119.25
119.25
118.75
118.75
118.75
119.25
119.25
118.0
118.0
116.75
116.75
113.0
113.0
112.5
112.5
113.25
113.25
115.5
115.5
115.5
113.0
113.0
111.75
111.75
110.25
110.25
110.5
110.5
110.5
109.5
109.5
108.5
108.5
108.75
109.5
109.5
108.75
108.75
109.5
109.5
109.5
109.25
109.25
108.0
108.0
107.0
107.0
107.0
104.75
104.75
102.0
102.0
98.75
98.75
96.75
96.75
95.0
95.0
98.0
98.0
99.5
99.5
100.5
100.5
101.0
101.0
101.0
103.25
103.25
103.5
103.5
103.5
105.0
105.0
108.25
106.25
106.25
104.5
104.5
104.5
104.5
104.5
104.5
105.0
105.0
110.0
110.0
111.25
111.25
113.25
113.25
112.5
112.5
110.0
110.0
108.75
108.75
108.75
106.0
106.0
106.0
103.75
103.75
103.0
103.0
104.25
104.25
107.75
107.75
109.25
109.25
109.25
108.5
108.5
109.5
109.5
110.75
110.75
110.5
110.5
110.5
111.5
111.5
108.75
108.75
111.25
111.25
110.25
110.25
109.75
109.75
114.0
114.0
111.75
111.75
111.75
110.25
110.25
111.25
111.25
111.75
111.75
109.25
109.25
109.25
107.25
107.25
108.5
108.5
110.25
110.25
110.25
110.25
110.75
110.75
110.25
110.25
110.0
110.0
110.25
110.25
110.25
113.0
113.0
114.0
114.0
113.5
113.5
113.5
113.5
115.0
115.0
116.25
116.25
117.5
117.5
116.25
116.25
114.0
114.0
114.0
114.0
114.5
114.5
116.25
116.25
118.0
118.0
118.0
118.0
118.0
117.5
117.5
116.75
116.75
115.25
115.25
116.75
116.75
116.75
116.75
118.25
118.25
120.0
120.0
118.75
118.75
115.75
115.75
115.0
115.0
117.5
117.5
119.25
119.25
120.75
120.75
121.75
121.75
121.25
121.25
121.25
104.5
104.5
120.75
120.75
120.75
123.25
123.25
123.5
123.5
121.5
121.5
123.0
124.0
124.0
125.0
125.0
125.75
125.75
127.25
127.25
127.25
127.25
130.75
131.5
131.5
131.25
131.25
131.5
131.5
133.5
133.5
133.5
134.0
134.0
133.25
133.25
133.25
131.5
130.0
130.0
128.25
128.25
125.75
125.75
123.75
123.75
119.75
119.75
117.5
117.5
117.5
117.5
117.5
117.5
116.75
116.75
118.0
118.0
120.0
120.0
122.5
122.5
122.5
122.5
123.75
123.75
123.0
123.0
121.75
119.5
119.5
118.75
118.75
118.0
118.0
116.75
116.75
116.75
116.75
118.75
118.75
118.75
118.75
117.75
117.75
118.0
118.0
118.0
118.0
117.75
117.75
118.5
118.5
119.0
119.0
119.5
119.5
118.75
118.75
119.25
119.25
120.0
120.0
119.25
119.25
120.5
120.5
120.0
120.0
117.5
117.5
118.25
118.0
118.0
116.75
116.75
116.75
116.75
116.75
117.5
117.5
118.0
118.0
116.75
116.75
115.5
115.5
115.25
115.25
115.75
115.75
117.25
117.25
116.0
116.0
117.0
117.0
117.0
117.0
116.5
116.5
116.0
116.0
115.75
115.75
114.25
114.25
112.75
112.75
109.25
109.25
110.25
112.0
112.0
109.5
109.5
112.5
112.5
112.5
112.5
112.5
112.0
112.0
112.0
112.0
113.75
113.75
111.75
111.75
112.25
112.25
110.5
110.5
109.0
109.0
106.25
106.25
105.5
105.5
106.75
106.75
106.75
109.0
109.0
109.25
109.25
110.0
110.0
108.75
108.75
113.5
115.25
115.25
120.0
120.0
120.0
118.5
118.5
118.5
118.5
120.5
121.5
121.5
123.0
123.0
123.0
125.75
127.0
127.0
127.0
127.0
127.0
126.75
126.75
126.75
126.75
126.75
127.0
127.0
127.0
128.4375
129.875
131.3125
132.75
132.75
134.5
134.5
135.75
135.75
135.75
136.5
136.5
136.75
136.75
136.5
135.5
135.5
134.5
134.5
133.0
133.0
111.25
111.25
111.25
111.25
111.25
111.5
111.5
111.5
111.25
111.25
111.25
111.25
111.5
110.25
109.0
107.75
106.5
105.25
105.25
104.75
104.75
104.75
104.0
104.0
103.75
103.75
104.25
104.25
104.25
104.0
104.0
104.25
104.25
104.25
104.25
104.5
104.5
104.5
104.5
104.25
104.25
104.5
109.21428571428571
113.92857142857143
118.64285714285714
123.35714285714286
128.07142857142858
132.78571428571428
137.5
139.5
139.5
140.5
140.5
140.75
141.5
141.5
140.75
140.75
139.5
139.5
136.75
136.75
132.75
132.75
130.25
129.0
129.0
127.25
127.25
126.75
126.75
127.5
127.5
127.5
127.5
128.5
128.5
129.75
131.25
131.25
131.5
131.5
131.5
131.5
129.5
129.5
125.75
125.75
122.75
122.75
119.5
119.5
116.5
116.5
115.75
115.75
116.25
116.25
116.75
116.75
116.75
116.75
117.0
117.0
117.5
117.5
118.25
118.25
119.0
119.0
121.0
121.0
121.5
121.5
122.75
122.75
124.75
124.75
124.0
124.0
124.0
124.75
124.75
124.25
124.25
124.25
122.75
122.75
121.75
121.75
122.75
122.75
122.75
122.75
122.25
122.25
120.25
120.25
117.75
117.75
118.0
118.0
118.25
118.25
120.75
120.75
120.5
120.5
119.25
119.25
118.0
118.0
117.5
117.5
117.0
117.0
117.5
117.5
118.25
118.25
119.75
119.75
121.75
121.75
123.5
123.5
121.25
121.25
119.75
119.75
118.75
118.75
119.25
119.25
119.25
119.25
120.5
120.25
120.25
120.0
120.0
120.5
120.5
120.5
121.0
121.0
122.0
122.0
121.75
121.75
123.5
123.5
126.25
126.75
126.75
125.75
125.75
125.5
125.5
127.0
127.0
127.5
127.5
128.0
128.0
129.5
130.0
130.0
130.5
130.5
129.25
129.25
126.25
126.25
123.5
123.5
122.25
122.25
122.25
122.25
122.25
122.25
122.75
122.75
123.5
123.5
123.0
123.0
122.75
122.75
122.75
122.75
123.0
123.0
122.75
122.75
122.0
122.0
121.5
121.5
122.25
122.25
122.25
122.25
121.5
121.5
120.25
120.25
120.25
120.25
119.75
119.75
118.75
118.75
120.25
120.25
120.25
120.25
120.25
120.25
120.0
120.0
120.75
121.75
121.75
120.25
120.25
120.25
120.25
119.75
119.75
120.25
120.25
120.25
119.25
119.25
118.5
118.5
119.0
120.75
120.75
120.75
121.25
120.75
120.75
122.25
122.25
123.0
123.0
121.75
121.75
119.25
119.25
117.5
117.5
117.5
115.5
115.5
114.5
114.5
114.25
114.25
115.75
115.75
116.75
116.75
117.5
117.5
117.75
117.75
117.75
117.75
118.75
118.75
119.75
119.75
117.75
117.75
116.5
116.5
117.75
117.75
118.5
118.5
117.75
117.75
117.75
117.75
119.25
119.25
120.25
120.25
120.25
120.25
119.5
119.5
118.25
118.25
117.5
117.5
117.5
117.5
114.5
114.5
114.5
113.0
113.0
113.0
113.0
113.75
113.75
113.5
113.5
112.5
112.5
111.75
111.75
111.75
111.75
111.75
112.25
112.25
112.25
112.25
111.25
111.25
109.0
109.0
109.0
109.0
114.75
114.75
117.0
117.0
118.0
118.0
117.0
117.0
118.25
118.25
118.75
118.75
116.5
116.5
116.0
115.5
115.5
115.5
112.0
112.0
108.75
108.75
108.75
104.0
104.0
104.0
100.0
100.0
97.75
97.75
97.75
97.75
97.75
97.75
97.75
98.0
98.0
98.0
98.0
98.0
100.45
102.9
105.35
107.8
110.25
110.25
107.25
107.25
105.25
105.25
104.75
104.75
105.5
105.5
105.25
105.25
104.0
104.0
102.25
102.25
101.25
101.25
104.0
104.0
101.75
101.75
101.75
102.0
102.0
101.75
101.75
101.75
101.75
101.75
102.0
102.0
109.4
116.8
124.2
131.6
139.0
139.0
140.5
140.5
140.5
139.75
139.75
139.75
139.75
139.5
139.5
139.5
139.5
139.5
139.5
139.0
139.0
137.75
137.75
135.75
133.75
133.75
132.75
132.75
130.5
130.5
128.0
128.0
120.25
120.25
115.5
115.5
116.0
116.0
116.5
117.5
117.5
117.75
117.75
116.75
116.75
116.75
115.5
115.5
117.0
117.0
118.0
118.0
117.75
117.75
117.25
117.25
118.0
118.0
117.0
114.75
114.75
114.75
112.75
112.75
112.25
112.25
110.75
110.75
110.25
110.25
110.25
111.75
111.75
113.75
113.75
114.5
114.5
114.25
114.25
114.25
115.0
115.0
117.25
117.25
117.5
117.5
117.75
117.75
120.0
120.25
120.25
120.0
120.0
120.0
117.25
116.75
116.75
116.5
116.5
118.0
118.0
118.0
116.0
116.0
115.75
115.75
118.5
118.5
120.75
120.75
120.0
120.0
121.0
121.0
120.0
120.0
120.5
120.5
123.25
123.25
122.5
122.5
121.75
120.75
120.75
119.5
118.5
118.5
118.25
118.25
116.75
116.75
117.5
117.5
119.0
119.0
121.75
121.75
121.0
121.0
121.5
121.5
123.0
123.0
122.0
120.75
120.75
122.25
122.25
122.0
122.0
121.5
121.5
123.25
123.25
124.25
124.25
123.5
123.5
123.5
122.5
122.5
122.75
122.75
123.0
122.5
122.5
122.25
122.25
122.0
122.0
120.0
120.0
115.25
115.25
112.5
112.5
113.0
113.0
113.0
114.25
114.25
114.0
114.0
116.5
116.5
120.25
120.25
120.25
120.25
121.25
121.25
122.75
122.75
123.0
123.0
123.0
122.75
122.75
120.75
120.75
122.0
122.0
123.75
123.75
123.0
123.0
123.0
123.0
122.25
122.25
120.5
120.5
117.75
117.75
119.0
119.0
121.5
121.5
122.25
122.25
121.5
121.5
121.25
121.25
119.0
119.0
119.25
119.25
121.75
121.75
122.25
122.25
122.25
122.25
122.25
123.25
123.25
124.0
124.0
123.0
123.0
123.0
123.0
123.0
122.25
122.25
121.25
121.25
121.25
121.25
120.75
120.75
120.0
120.0
120.75
120.75
117.5
117.5
114.75
114.75
114.75
114.75
114.5
114.5
116.0
116.0
120.0
120.0
120.0
122.25
122.25
122.25
120.0
120.0
114.5
114.5
116.75
116.75
118.75
118.75
114.75
114.75
117.75
117.75
121.5
121.5
120.0
120.0
118.75
118.75
118.0
118.0
115.75
115.75
117.0
117.0
115.25
115.25
115.75
115.75
115.75
114.75
114.75
114.75
110.25
112.25
112.25
112.25
114.75
114.75
118.0
118.0
122.25
123.5
123.5
123.5
123.5
122.25
122.25
121.5
121.5
121.5
116.25
116.25
114.75
114.75
115.5
115.5
115.75
115.75
112.25
112.25
108.25
108.25
111.25
111.25
109.25
109.25
109.25
110.5
110.5
112.75
114.5
114.5
116.5
116.5
118.5
118.5
121.0
121.0
123.5
123.5
122.75
122.75
121.25
117.75
117.75
118.0
118.0
118.0
118.0
118.25
118.25
118.75
118.75
117.5
117.5
116.0
115.0
115.0
115.5
115.5
115.5
113.5
113.5
111.5
111.5
105.25
105.25
104.75
104.75
106.5
106.5
106.5
110.25
110.25
111.25
111.25
110.5
110.5
111.0
111.0
109.75
109.75
109.75
107.75
107.75
107.5
107.5
108.5
108.5
111.0
111.0
111.75
111.75
114.75
113.0
113.0
108.0
108.0
108.0
108.25
108.25
110.5
110.5
110.25
110.25
112.75
112.75
109.25
109.25
109.25
108.25
108.25
106.75
106.75
106.75
108.25
108.25
109.25
109.25
109.75
109.75
110.25
110.25
113.25
113.25
114.0
114.0
114.0
115.25
115.25
116.0
116.0
116.0
116.0
116.0
116.0
115.5
115.5
116.0
116.0
117.0
117.0
118.0
118.0
117.5
117.5
120.25
120.25
120.25
122.25
122.25
123.75
123.75
123.25
123.25
123.5
123.5
123.5
123.5
124.0
124.0
125.75
125.75
125.75
125.75
124.75
124.75
124.25
124.25
124.0
123.75
123.75
123.75
125.75
127.25
127.25
127.5
127.5
128.0
128.0
126.25
126.25
125.75
125.75
125.0
125.0
123.25
123.25
121.0
119.25
119.25
119.5
119.5
119.5
120.0
120.0
119.75
119.75
120.75
120.75
122.5
120.75
120.75
120.75
120.75
120.75
120.5
120.5
123.5
123.5
124.75
124.75
125.75
125.75
126.25
126.25
126.75
126.25
126.25
125.5
125.5
125.0
125.0
125.0
125.0
124.0
124.0
124.25
124.25
124.75
124.75
124.0
124.0
124.0
124.0
124.75
124.75
125.75
125.75
125.75
125.75
125.25
126.75
126.75
126.25
126.25
126.5
126.5
125.75
125.75
128.5
128.5
128.25
128.25
128.25
128.25
128.25
128.25
128.25
128.25
128.25
133.0
133.0
134.25
133.5
133.5
134.25
134.25
133.5
133.5
132.75
132.75
130.75
130.75
130.5
130.25
130.25
131.5
131.5
133.5
133.5
133.75
133.75
134.0
132.75
132.75
131.25
131.25
131.25
130.75
130.75
130.25
130.25
130.25
130.25
130.75
131.5
131.5
132.75
132.75
133.5
133.5
134.75
134.75
135.0
135.0
135.75
136.75
136.75
137.75
137.75
139.5
139.5
140.0
140.0
141.25
142.75
142.75
141.5
142.25
142.25
143.25
143.25
144.25
144.5
144.5
145.75
145.75
146.0
146.75
146.75
146.5
146.5
147.25
147.0
147.0
146.75
147.5
147.5
146.75
146.75
147.0
147.25
147.25
147.25
147.25
147.25
147.25
147.25
147.5
147.5
147.0
147.75
147.75
147.75
148.0
148.0
148.0
148.0
148.5
148.25
148.25
147.5
146.0
146.0
145.0
145.0
144.5
144.5
144.5
144.25
144.25
144.5
144.5
144.25
145.0
145.0
144.75
144.75
145.75
146.5
146.5
146.75
147.75
147.75
147.5
147.5
148.25
148.25
148.25
149.0
150.0
150.0
149.25
149.25
149.0
149.75
149.75
150.0
150.0
150.0
150.25
150.25
150.25
150.25
150.5
150.25
150.25
151.25
151.25
152.0
153.5
153.5
154.0
153.25
153.25
152.5
153.75
153.75
155.5
155.5
154.0
151.25
151.25
149.0
145.75
145.75
142.75
142.75
138.75
138.75
132.25
132.25
129.0
129.0
122.75
122.75
123.0
123.0
124.75
124.75
129.0
133.0
133.0
137.25
137.25
134.5
134.5
134.0
130.75
130.75
131.0
131.0
136.0
136.0
139.25
140.5
140.5
140.25
140.25
141.5
142.0
142.0
137.5
137.5
137.5
130.75
130.75
130.75
131.5
131.5
133.25
135.25
135.25
137.0
137.0
137.25
137.25
135.75
132.0
132.0
128.5
128.5
124.0
124.0
121.75
121.75
123.75
123.75
126.25
126.25
129.75
129.75
131.5
131.5
131.5
131.5
131.5
131.5
131.5
131.5
129.75
129.75
129.5
132.25
132.25
127.75
127.75
127.75
125.0
125.0
125.0
125.0
125.0
125.0
125.0
124.75
124.75
119.25
119.25
119.25
113.25
113.25
112.75
112.75
113.75
113.75
116.25
116.25
117.25
117.25
120.25
120.25
123.5
125.75
125.75
128.0
128.0
130.25
130.25
133.25
133.25
135.5
140.0
140.0
139.25
139.25
141.0
141.25
141.25
141.5
141.5
142.25
141.75
141.75
142.0
142.0
141.25
142.0
142.0
141.75
141.75
142.0
142.0
138.75
139.5
139.5
137.5
137.5
138.25
138.25
136.75
137.0
137.0
134.5
134.5
133.0
133.0
135.25
138.0
138.0
139.0
139.0
141.25
141.25
140.25
140.25
140.25
137.5
137.5
132.0
132.0
129.75
129.75
128.75
134.25
134.25
134.0
134.0
137.5
137.5
140.0
141.5
141.5
142.0
143.25
143.25
144.0
144.0
143.25
143.25
138.75
139.5
139.5
140.5
140.5
141.25
142.0
142.0
142.0
142.0
143.5
144.0
144.0
142.5
142.5
142.25
142.5
142.5
141.0
141.0
141.75
141.75
141.25
140.25
140.25
142.25
142.25
144.25
145.5
145.5
145.5
145.5
147.0
147.5
147.5
145.0
145.0
146.5
145.5
145.5
145.0
145.5
145.5
145.0
144.5
144.5
144.5
145.5
145.5
147.0
146.75
146.75
147.0
147.0
147.5
146.75
146.75
146.0
146.0
144.75
140.0
140.0
138.75
138.75
137.0
137.0
134.25
134.25
129.5
129.5
127.0
127.0
125.75
123.5
123.5
123.5
120.75
120.75
119.75
119.75
118.5
117.0
117.0
117.0
107.75
107.75
106.5
106.5
106.5
104.0
104.0
103.0
103.0
102.5
102.5
102.5
101.75
101.75
102.5
102.5
102.5
102.5
99.25
99.25
99.25
98.75
98.75
101.25
104.0
104.0
104.0
103.75
103.75
104.5
104.5
97.5
97.5
100.75
100.75
102.0
102.0
102.0
104.75
106.25
106.25
106.25
111.75
111.75
114.25
114.25
112.5
112.5
112.0
112.0
112.0
112.0
112.5
112.5
112.5
112.25
111.25
111.25
111.25
111.25
98.0
98.0
100.25
100.25
101.5
101.5
101.5
101.75
101.75
101.5
101.5
102.25
102.25
102.25
101.5
101.5
102.0
102.0
102.25
102.25
102.25
104.0
104.0
105.75
105.75
105.75
105.75
104.5
104.5
104.5
108.5
111.25
111.25
116.0
116.0
119.0
119.0
120.75
120.75
122.75
122.75
123.25
123.25
124.75
124.75
121.75
121.75
121.25
121.25
120.75
120.75
119.5
119.5
119.5
119.5
119.5
119.5
119.25
119.25
119.25
122.75
122.75
124.5
124.5
124.5
124.5
124.0
124.0
125.25
123.0
123.0
123.25
123.25
127.0
127.0
122.25
122.25
122.25
122.25
122.25
122.25
122.25
122.25
122.5
122.5
117.5
115.0
115.0
115.0
115.0
115.0
115.0
115.0
115.0
115.0
115.0
117.75
117.75
113.0
113.0
111.25
111.25
109.5
109.5
109.5
108.0
108.0
97.25
97.25
92.0
92.0
92.0
92.0
92.0
92.0
92.0
93.75
93.75
93.75
94.0
94.0
92.25
92.25
91.75
91.75
91.25
91.25
91.25
90.25
90.25
90.25
90.75
90.75
92.25
92.25
92.25
91.75
91.75
93.25
93.25
93.25
93.75
93.75
93.75
95.25
95.25
94.25
94.25
94.25
93.5
93.5
94.0
94.0
94.0
92.0
92.0
92.0
91.75
91.75
91.75
91.75
91.75
92.25
92.25
93.25
93.25
93.25
93.25
93.25
93.75
93.75
93.75
94.25
94.25
92.75
92.75
92.75
93.0
93.0
93.0
93.25
93.25
95.5
95.5
95.5
96.75
96.75
97.0
97.0
97.0
96.75
96.75
96.75
96.75
96.0
96.0
96.0
95.0
95.0
93.5
93.5
94.75
94.75
94.75
93.0
93.0
94.0
94.0
94.0
94.25
94.25
96.25
96.25
92.75
92.75
92.75
91.5
91.5
91.5
90.25
90.25
90.25
88.75
88.75
90.0
90.0
90.0
91.75
91.75
94.25
94.25
94.25
95.75
95.75
97.75
97.75
97.75
98.0
98.0
98.0
97.75
97.75
98.25
98.25
100.0
100.0
100.5
100.5
100.5
101.5
101.5
104.25
104.25
104.75
104.75
104.75
108.25
108.25
109.25
109.25
114.5
115.75
115.75
115.75
115.5
115.5
114.0
114.0
113.0
113.0
113.0
113.0
106.5
106.5
106.5
105.0
105.0
103.25
103.25
102.25
102.25
100.75
100.75
101.5
101.5
102.5
102.5
102.5
102.5
102.5
102.25
102.25
102.25
102.5
102.5
102.5
102.5
102.5
103.5
103.5
103.75
103.75
102.75
102.75
102.75
100.25
100.25
100.25
103.75
103.75
104.5
104.5
104.5
104.5
104.5
104.25
104.25
104.0
102.75
102.75
102.75
102.5
102.5
102.5
102.0
102.0
102.25
102.25
102.0
102.0
102.0
103.0
103.0
103.75
103.75
103.75
103.75
103.75
105.0
105.0
104.5
104.5
104.0
104.0
104.25
104.25
104.25
104.25
104.5
104.5
104.5
104.5
104.5
104.5
104.5
104.5
104.08333333333333
103.66666666666667
103.25
102.83333333333333
102.41666666666667
102.0
102.0
101.75
101.75
101.25
101.25
101.25
101.25
102.0
102.0
102.0
102.25
102.25
104.5
104.5
105.25
105.25
106.0
106.0
106.75
106.75
105.75
105.75
104.75
104.75
104.75
104.75
104.75
104.75
104.75
104.25
104.25
102.75
102.75
102.75
102.0
102.0
101.75
101.75
101.25
101.25
101.0
101.0
101.0
100.5
100.5
99.25
99.25
98.25
98.25
98.25
98.0
98.0
98.0
98.25
98.25
98.25
97.75
97.75
98.25
98.25
98.25
98.25
98.25
98.0
98.0
98.5
98.5
98.5
98.25
98.25
98.25
98.25
98.25
98.25
98.5
98.5
96.5
96.5
97.0
97.0
97.5
97.5
97.5
98.5
98.5
99.0
99.0
99.0
99.25
99.25
99.5
99.5
99.5
99.5
99.5
99.75
99.75
99.25
99.25
99.25
99.75
99.75
100.0
100.0
100.5
100.5
100.5
100.5
100.5
100.25
100.25
100.5
100.5
100.5
99.25
99.25
99.0
99.0
99.0
98.25
98.25
99.25
99.25
99.5
99.5
99.25
99.25
98.25
98.25
98.25
98.0
98.0
98.5
98.5
99.25
99.25
99.25
101.0
101.0
100.25
100.25
101.25
101.25
101.25
102.25
102.25
103.25
103.25
102.75
102.75
102.75
103.0
103.0
103.0
103.0
103.0
102.75
102.75
102.75
103.0
103.0
103.25
103.25
104.0
104.0
104.0
103.75
103.75
103.0
103.0
104.0
104.0
104.0
103.5
103.5
103.25
103.25
104.0
104.0
104.0
103.75
103.75
104.0
104.0
104.0
104.0
105.25
105.25
105.25
104.75
104.75
104.25
104.25
103.75
103.75
103.75
102.75
102.75
103.0
103.0
103.25
103.25
104.0
104.0
104.0
103.5
103.5
104.5
104.5
103.75
103.75
103.75
105.25
105.25
107.5
107.5
107.5
107.5
107.0
107.0
106.0
106.0
106.25
106.25
106.25
105.25
105.25
105.25
102.0
102.0
102.0
98.75
98.75
97.0
97.0
96.25
96.25
96.25
97.25
97.25
99.25
99.25
100.0
100.0
100.0
100.75
100.75
101.5
101.5
101.5
101.5
100.75
100.75
100.75
100.75
102.25
102.25
102.25
102.25
103.25
103.25
103.0
103.0
103.0
103.0
104.0
104.0
104.0
104.0
104.0
105.0
105.0
105.0
105.5
105.5
105.25
105.25
104.75
104.75
105.0
105.0
106.0
106.0
107.0
107.0
107.0
107.0
107.75
107.75
107.75
107.75
113.25
113.25
115.5
115.5
115.0
115.0
112.0
112.0
110.75
110.75
105.5
105.5
105.5
108.0
108.0
108.0
108.0
109.25
109.25
108.75
108.75
108.75
112.25
111.75
111.75
114.0
114.0
114.0
111.5
111.5
109.75
109.75
109.75
109.75
109.75
109.75
111.25
111.25
111.25
117.0
117.0
119.5
124.0
124.0
125.5
125.5
124.75
124.75
126.25
126.25
127.75
127.75
135.5
139.5
139.5
140.25
140.25
141.75
143.0
143.0
144.0
144.0
145.75
145.25
145.25
146.5
146.5
144.5
144.5
143.0
143.0
139.5
137.75
137.75
135.0
135.0
135.0
114.25
114.25
114.25
114.25
114.5
114.5
114.25
114.25
114.25
114.25
114.25
114.25
113.32142857142857
112.39285714285714
111.46428571428571
110.53571428571429
109.60714285714286
108.67857142857143
107.75
106.82142857142857
105.89285714285714
104.96428571428571
104.03571428571429
103.10714285714286
102.17857142857143
101.25
101.25
101.5
101.5
101.0
101.0
100.75
100.75
102.25
102.25
102.0
102.0
102.25
102.25
103.5
103.5
107.25
107.25
110.25
110.25
109.5
109.5
109.5
130.5
137.25
143.25
143.25
142.75
142.75
136.5
123.75
123.75
121.75
121.75
121.75
114.5
114.5
107.25
107.25
107.25
107.25
107.5
107.5
107.5
107.5
107.25
107.25
107.25
114.83333333333333
122.41666666666667
130.0
137.58333333333334
145.16666666666666
152.75
152.75
152.75
154.75
154.5
154.5
155.0
155.0
155.0
155.25
155.25
155.25
155.25
155.25
155.25
155.25
155.25
155.25
155.5
155.5
155.5
145.25
147.0
147.0
148.75
148.75
152.0
152.0
153.25
155.0
155.0
157.0
158.0
158.0
158.0
161.0
161.0
161.75
162.75
162.75
163.5
164.25
165.0
165.0
166.0
166.75
166.75
168.5
167.5
170.0
170.0
166.25
166.25
166.25
165.75
163.25
163.25
164.25
166.25
166.25
162.75
162.75
164.0
164.0
162.0
162.0
162.25
161.0
161.0
162.5
161.0
161.0
159.0
159.5
159.5
160.0
157.75
157.75
159.0
157.0
157.0
155.25
157.5
157.5
156.25
156.25
154.0
151.5
151.5
152.0
151.75
151.75
152.0
150.0
150.0
150.75
150.75
150.25
150.75
150.75
149.5
149.5
146.0
144.75
144.75
141.0
141.0
139.75
138.5
138.5
137.25
137.25
137.5
137.5
136.5
135.5
135.5
135.5
135.5
133.5
133.5
132.5
132.5
134.25
131.75
131.75
129.75
129.75
125.5
125.5
123.5
123.5
123.75
123.75
127.5
131.0
131.0
129.5
129.5
131.75
131.75
133.5
133.5
132.25
129.75
129.75
130.25
130.25
129.0
129.0
127.75
127.75
123.75
123.75
121.5
121.5
122.25
122.25
123.25
123.25
123.75
123.75
124.0
124.0
125.25
125.25
123.75
123.75
122.25
122.25
118.0
118.0
116.0
116.0
115.25
115.25
114.75
114.75
111.75
111.75
111.75
110.0
110.0
107.5
107.5
105.75
105.75
109.75
109.75
113.5
113.5
115.75
115.75
113.5
111.25
111.25
111.25
111.5
110.0
110.0
106.75
106.75
104.25
104.25
105.75
105.75
107.5
107.5
111.25
111.25
112.0
112.0
112.0
101.5
101.5
98.75
98.75
99.5
99.5
99.5
100.25
100.25
101.25
101.25
102.0
102.0
102.0
106.25
106.25
101.5
101.5
101.5
99.25
99.25
100.0
100.0
100.0
99.75
99.75
114.75
115.5
115.5
115.5
124.25
122.25
122.25
127.75
127.75
127.75
122.75
122.75
118.75
118.75
118.75
118.75
118.75
118.75
118.75
118.75
118.75
118.75
118.75
118.75
118.75
118.75
118.75
118.75
