122.75
122.75
127.25
129.5
129.5
129.5
130.75
128.0
128.0
128.0
126.0
126.0
126.0
124.0
124.0
124.0
123.0
123.0
124.0
124.0
124.0
124.0
124.0
124.0
123.75
123.75
123.75
123.75
123.75
123.75
123.75
123.75
123.75
123.75
124.125
124.5
124.875
125.25
125.625
126.0
126.375
126.75
127.125
127.5
127.5
128.25
128.5
128.5
129.0
129.0
128.5
128.5
129.25
129.25
129.0
129.0
129.0
129.0
129.0
129.0
128.5
128.5
128.5
123.5
123.5
125.5
125.5
125.25
125.25
126.0
126.0
127.5
127.5
124.25
124.25
126.5
129.75
129.75
131.0
131.0
130.25
130.25
128.75
128.75
127.0
127.0
128.5
129.0
129.0
129.5
129.5
128.0
128.0
126.25
126.25
126.0
126.0
125.0
125.0
122.75
122.75
121.25
120.75
120.75
121.75
121.75
124.0
124.0
127.25
127.25
126.75
126.75
123.75
123.75
121.25
121.25
119.5
119.5
120.0
120.0
121.75
122.25
122.25
122.5
122.5
123.5
123.5
124.25
124.25
122.75
122.75
121.25
121.25
121.0
121.0
120.5
120.5
120.5
120.5
118.25
118.25
118.0
118.0
117.75
117.75
118.0
118.0
117.25
117.25
117.25
116.75
116.75
116.5
116.5
116.0
116.0
115.5
115.5
115.75
115.75
115.25
115.25
115.0
115.0
114.75
114.75
114.5
114.5
114.75
114.75
115.5
115.5
114.75
114.75
115.0
115.0
115.0
115.0
115.0
114.0
114.0
112.75
112.75
112.25
112.25
111.5
111.5
110.25
110.25
110.25
110.25
110.25
112.75
112.75
115.25
115.25
117.5
117.5
119.0
119.0
119.0
119.0
119.25
119.25
118.5
118.5
116.75
116.75
114.75
114.75
114.0
114.0
113.25
113.25
111.75
111.75
111.75
110.75
110.75
111.0
111.0
111.25
111.25
110.75
110.75
111.0
111.0
112.0
112.0
112.0
112.5
112.5
113.0
113.0
112.75
112.75
113.5
113.5
112.75
112.75
111.0
111.0
112.25
112.25
112.25
110.25
110.25
111.25
111.25
112.0
112.0
113.0
113.0
114.75
114.75
117.25
117.25
118.75
118.75
119.0
119.0
118.5
118.5
118.0
118.0
117.25
117.25
116.5
116.5
115.5
115.5
115.5
114.25
114.25
113.75
113.75
113.5
113.5
113.0
113.0
113.0
113.0
112.25
112.25
112.0
112.0
112.0
112.0
112.0
111.25
111.25
111.75
111.75
113.0
113.0
115.0
115.0
114.75
114.75
113.25
113.25
112.5
112.5
112.0
112.0
112.0
111.0
111.0
111.5
111.5
109.25
109.25
110.5
110.5
115.75
115.75
118.75
118.75
118.75
118.75
117.5
117.5
115.5
115.5
115.5
114.25
114.25
115.75
115.75
116.5
116.5
117.5
117.5
115.5
115.5
114.0
114.0
113.0
113.0
113.25
113.25
113.0
113.0
113.5
113.5
114.25
114.25
114.25
114.25
114.25
114.0
114.0
113.75
113.75
114.75
114.75
117.25
117.25
119.5
119.5
120.5
120.5
120.75
120.75
119.25
119.25
117.5
117.5
117.25
117.25
117.5
117.5
116.75
116.75
116.75
116.75
116.0
116.0
115.75
115.75
116.25
116.25
118.5
118.5
120.25
120.25
123.0
123.0
123.0
123.0
122.5
122.5
120.5
120.5
121.0
121.0
121.25
121.25
123.0
123.0
124.75
124.75
125.5
125.5
125.75
125.75
123.0
123.0
121.75
121.75
120.5
120.5
119.75
119.75
119.5
119.5
119.25
119.25
119.5
119.5
118.75
118.75
117.0
117.0
116.0
116.0
116.25
116.25
117.5
117.5
117.75
117.75
117.75
117.75
117.75
117.75
117.5
117.5
118.0
118.0
117.75
117.75
118.0
118.0
119.75
119.75
121.5
121.5
123.0
123.0
123.5
123.5
124.5
124.5
125.5
125.5
125.0
125.0
125.25
125.25
125.25
125.25
125.5
125.5
126.25
126.5
126.5
127.25
127.25
127.25
127.25
126.75
126.75
125.25
125.25
124.0
124.0
122.75
122.75
121.0
121.0
119.25
119.25
117.75
117.75
117.0
117.0
117.5
117.5
118.25
118.25
120.0
120.0
121.75
121.75
121.75
121.75
120.75
120.75
120.5
120.5
120.0
120.0
119.25
119.25
119.5
119.5
120.0
120.0
119.75
119.75
119.5
119.5
118.0
118.0
119.25
119.25
121.0
121.0
121.0
121.0
120.5
120.5
120.0
120.0
120.5
120.5
122.75
122.75
124.75
124.75
128.0
128.0
128.5
127.75
127.75
126.75
126.75
126.25
126.25
125.25
125.25
125.25
125.25
126.75
126.75
128.0
128.0
127.25
127.25
125.25
125.25
123.0
123.0
122.75
122.75
123.0
123.0
123.5
123.75
123.75
123.0
123.0
122.0
122.0
122.25
122.25
121.5
121.5
120.0
120.0
119.25
119.25
120.25
120.25
121.5
121.5
121.25
121.25
120.25
120.25
120.0
120.0
121.0
121.0
121.0
121.0
122.0
122.0
121.5
121.5
120.5
120.5
121.25
121.25
123.0
123.0
124.0
124.0
125.25
125.25
126.5
126.5
128.0
128.75
128.75
128.5
128.5
129.25
129.25
129.0
129.0
127.25
127.25
125.25
125.25
125.0
125.0
123.75
123.75
123.5
123.5
123.5
123.5
124.5
124.5
124.75
124.75
124.5
125.0
125.0
125.25
125.25
125.0
125.0
123.5
123.5
123.5
123.5
124.5
124.5
124.0
124.0
126.25
126.25
127.25
127.25
128.0
129.0
129.0
128.75
128.75
128.5
128.5
128.5
128.5
128.5
128.5
128.75
128.75
129.0
129.5
129.5
130.0
130.0
129.5
129.5
131.25
131.25
129.75
129.75
129.25
129.25
127.25
126.75
126.75
127.5
127.5
125.75
125.75
125.0
125.0
125.0
125.0
124.5
124.5
124.75
124.75
125.0
125.0
124.0
124.0
125.25
125.25
124.75
124.75
124.5
124.5
125.25
125.25
123.75
123.75
122.25
122.25
120.75
120.75
120.25
120.25
121.25
122.25
122.25
123.5
123.5
123.75
123.75
126.25
126.25
127.25
127.25
126.25
126.25
125.25
125.25
125.75
125.75
125.25
125.25
124.5
124.5
124.0
124.0
123.75
124.0
124.0
125.25
125.25
126.75
126.75
128.5
128.5
129.5
129.5
130.25
130.25
130.5
130.5
130.5
131.5
131.5
131.25
131.25
131.5
131.5
131.25
131.25
130.75
130.75
130.75
131.25
131.25
130.25
130.25
130.5
130.5
130.75
130.75
131.75
132.0
132.0
130.75
130.75
130.75
130.75
131.5
131.5
130.5
130.5
129.5
129.5
128.0
127.25
127.25
126.0
126.0
126.5
126.5
127.25
127.25
126.75
126.75
124.5
124.5
123.5
123.5
124.0
124.0
123.75
123.75
124.0
124.0
124.25
124.25
124.0
124.0
123.0
123.0
123.0
125.25
125.25
125.75
125.75
124.5
124.5
125.0
125.0
127.5
127.5
128.75
128.75
129.0
129.0
129.25
129.75
129.75
128.75
128.75
127.75
127.75
128.0
128.0
127.25
127.25
129.0
129.0
128.5
128.5
128.25
128.75
128.75
129.25
129.25
130.0
130.0
130.5
130.5
130.25
130.25
130.0
130.5
130.5
131.75
131.75
131.5
131.5
131.5
131.5
132.0
132.0
132.0
132.25
132.25
133.0
133.0
133.5
133.5
133.5
133.5
132.0
131.5
131.5
129.0
129.0
128.0
128.0
127.75
127.75
128.0
128.0
128.25
128.25
127.75
127.75
128.0
128.5
128.5
128.0
128.0
127.75
127.75
127.25
127.25
127.25
127.25
126.25
126.25
125.25
125.25
124.75
124.75
124.5
124.5
125.0
126.25
126.25
126.75
126.75
128.0
128.0
128.0
128.0
128.75
128.75
130.0
130.0
129.75
130.25
130.25
131.0
131.0
131.25
131.25
130.75
130.75
130.75
130.75
130.75
130.75
130.75
132.0
132.0
131.5
131.5
131.5
131.5
132.0
132.0
132.0
131.75
131.75
132.0
132.0
131.0
131.0
130.25
130.25
129.0
129.0
128.75
128.75
128.75
128.0
128.0
126.5
126.5
125.75
125.75
126.25
126.25
127.0
127.0
128.0
128.0
128.25
128.25
128.75
129.0
129.0
128.25
128.25
127.25
127.25
126.25
126.25
125.25
125.25
124.75
124.75
124.5
124.5
123.75
123.75
123.5
123.5
125.25
125.25
127.75
129.5
129.5
130.5
130.5
130.0
130.0
130.25
130.25
130.75
130.75
131.5
132.0
132.0
131.5
131.5
130.5
130.5
131.25
131.25
132.5
132.75
132.75
133.5
133.5
132.75
132.75
133.25
133.25
132.0
132.0
131.75
131.5
131.5
131.25
131.25
131.25
131.25
130.75
130.75
129.75
129.75
130.25
129.75
129.75
129.0
129.0
128.25
128.25
127.5
127.5
126.75
126.75
126.75
126.75
126.25
126.25
126.25
126.5
126.5
126.25
126.25
125.0
125.0
125.0
125.0
125.25
125.25
125.25
125.25
125.25
125.25
125.25
125.25
125.25
125.25
125.75
125.75
125.25
125.25
125.75
125.75
125.25
126.25
126.25
126.75
126.75
127.25
127.25
127.5
127.5
127.0
127.0
127.25
127.25
127.25
127.25
128.0
128.0
128.5
129.5
129.5
130.0
130.0
129.5
129.5
130.5
130.5
132.0
132.25
132.25
132.75
132.75
132.75
132.75
132.0
132.0
132.5
132.5
132.75
133.5
133.5
133.75
133.75
133.25
133.25
133.25
133.5
133.5
133.75
133.75
134.0
134.0
134.25
134.25
134.0
132.5
132.5
131.75
131.75
131.5
131.5
130.75
130.75
129.5
129.5
128.75
128.75
128.25
128.0
128.0
126.75
126.75
125.75
125.75
125.5
125.5
125.25
125.25
124.5
124.5
124.5
124.5
124.75
124.75
125.0
125.0
125.25
125.25
125.75
125.75
125.75
127.0
127.0
128.5
128.5
128.5
128.5
129.25
129.25
129.0
129.0
127.75
127.75
129.0
130.5
130.5
131.0
131.0
131.75
131.75
132.0
132.0
132.0
132.0
132.5
132.75
132.75
133.25
133.25
133.5
133.5
132.0
132.0
132.5
133.0
133.0
133.0
133.0
132.75
132.75
132.0
132.0
131.0
131.0
131.0
129.75
129.75
129.25
129.25
128.5
128.5
127.75
127.75
126.25
126.25
126.0
125.75
125.75
124.5
124.5
124.75
124.75
123.5
123.5
123.25
123.25
122.5
122.5
122.5
122.5
122.25
122.25
121.75
121.75
120.5
120.5
120.0
120.0
121.0
121.0
120.75
120.75
121.25
121.25
121.25
121.25
121.25
121.25
122.5
123.0
123.0
123.5
122.0
122.0
122.25
122.25
122.5
122.5
123.0
123.0
124.5
124.5
123.5
123.5
123.75
123.75
123.25
123.25
122.75
122.75
124.0
124.0
125.5
126.75
126.75
127.5
127.5
128.5
128.5
129.25
129.25
129.5
129.5
129.5
130.0
130.0
129.5
129.5
130.25
130.25
130.25
130.25
129.0
129.0
129.0
129.0
128.75
128.75
128.75
129.75
129.75
130.25
130.25
130.25
130.25
130.5
130.5
130.25
130.25
130.0
130.75
130.75
130.75
130.75
130.75
130.75
131.5
131.5
130.25
130.25
129.5
129.75
129.75
129.75
129.75
130.0
130.0
130.5
130.5
130.5
130.5
131.0
131.5
131.5
132.0
132.0
131.75
131.75
131.75
131.75
131.5
131.5
130.25
130.25
129.0
130.25
130.25
129.0
129.0
128.0
128.0
127.25
127.25
127.25
127.25
127.0
127.0
126.75
126.75
127.75
128.75
128.75
128.75
128.75
129.5
129.5
129.75
129.75
129.5
129.5
128.75
128.75
127.5
127.25
127.25
127.25
127.25
126.75
126.75
126.75
126.75
127.75
127.75
129.0
129.0
129.25
129.5
129.5
128.5
128.5
128.75
128.75
129.0
129.0
129.25
129.25
128.5
128.5
128.0
128.0
128.5
128.25
128.25
128.25
128.25
128.5
128.5
129.0
129.0
129.25
129.25
129.0
129.0
129.0
128.5
128.5
129.5
129.5
130.75
130.75
131.5
131.5
131.5
131.5
131.75
132.75
132.75
133.75
133.75
131.5
131.5
132.5
132.5
134.0
133.0
133.0
133.0
133.0
133.5
133.5
133.5
133.5
134.25
134.75
134.75
135.0
135.0
135.0
135.0
133.5
133.5
133.5
133.5
133.5
134.0
134.0
134.0
134.0
134.0
134.0
132.75
133.5
133.5
133.75
133.75
132.0
132.0
131.25
131.25
129.0
129.0
129.5
128.5
128.5
128.5
128.5
129.0
129.0
129.25
129.25
130.0
130.0
130.25
130.25
130.75
129.25
129.25
130.75
130.75
130.75
130.75
131.25
131.25
132.25
132.25
133.5
132.25
132.25
131.5
131.5
131.75
131.75
132.25
132.25
131.75
132.0
132.0
132.25
132.25
134.25
134.25
134.5
134.5
134.25
134.75
134.75
135.0
135.0
135.75
135.75
136.5
137.0
137.0
137.0
137.0
137.25
137.25
136.75
137.5
137.5
138.0
138.0
138.5
138.5
138.75
138.5
138.5
138.5
138.5
138.75
138.75
138.25
138.25
138.25
136.75
136.75
136.75
136.75
136.75
136.5
136.5
135.75
135.75
134.25
134.25
133.5
133.5
133.5
132.75
132.75
132.75
132.75
133.5
133.5
132.25
132.25
132.25
131.75
131.75
131.0
131.0
130.5
130.5
130.25
130.25
128.0
128.0
127.25
127.25
127.25
128.25
128.25
130.0
130.0
130.75
130.75
131.5
131.5
131.25
131.25
132.0
132.25
132.25
132.25
132.25
132.75
132.75
133.0
133.0
133.0
133.0
133.0
133.5
133.5
132.75
132.75
132.75
132.75
132.75
132.75
132.75
132.75
132.75
132.0
132.0
131.5
131.5
132.0
132.0
132.75
133.0
133.0
134.0
134.0
134.75
134.75
135.0
135.75
135.75
136.25
136.25
135.75
135.75
135.5
135.5
135.75
136.0
136.0
136.25
136.25
136.5
136.5
136.5
136.25
136.25
136.75
136.75
136.75
136.75
137.25
138.25
138.25
138.5
138.5
137.75
137.75
137.25
136.75
136.75
135.0
135.0
132.75
132.75
132.25
132.25
132.0
131.5
131.5
130.75
130.75
130.25
130.25
130.5
130.5
130.5
130.5
131.0
131.0
131.5
130.75
130.75
130.25
130.25
129.25
129.25
128.5
128.5
128.25
128.25
126.25
126.25
126.75
128.5
128.5
129.5
129.5
130.5
130.5
131.5
131.5
132.5
132.5
132.25
132.25
132.25
132.0
132.0
132.5
132.5
133.25
133.25
133.5
133.75
133.75
134.0
134.0
134.25
134.25
134.25
134.25
133.5
133.5
133.5
133.0
133.0
132.75
132.75
132.25
132.25
131.75
131.0
131.0
131.0
131.0
130.75
130.75
131.25
131.25
131.75
131.75
132.0
132.0
131.0
130.25
130.25
130.75
130.75
130.25
130.25
129.0
129.0
128.25
128.25
128.5
128.5
129.0
129.0
129.0
129.0
129.0
130.0
130.0
129.75
129.75
130.5
130.5
130.5
130.25
130.25
130.25
130.25
130.5
130.5
130.75
130.75
130.0
130.0
130.25
130.25
130.25
130.5
130.5
130.25
130.25
129.75
129.75
130.25
130.25
130.25
130.25
130.0
129.75
129.75
129.0
129.0
128.5
128.5
129.25
129.25
129.5
129.5
130.75
132.5
132.5
133.5
133.5
133.5
133.5
134.0
134.0
135.0
135.25
135.25
135.0
135.0
135.25
135.25
134.25
134.25
132.0
129.0
129.0
126.25
126.25
125.25
125.25
125.75
125.75
128.25
128.25
128.5
128.5
127.75
127.75
128.75
128.75
128.75
128.0
128.0
127.0
127.0
126.25
126.25
126.0
126.0
126.25
126.25
125.25
125.25
124.75
124.75
125.5
125.5
127.0
127.0
128.0
129.25
129.25
130.5
130.5
130.25
130.25
130.25
130.25
131.25
131.25
131.5
131.75
131.75
132.75
132.75
132.75
132.75
132.5
132.5
133.0
132.75
132.75
132.0
132.0
131.5
131.5
129.5
129.5
129.0
129.0
128.5
128.5
128.25
127.5
127.5
126.5
126.5
125.5
125.5
125.75
125.75
126.75
126.75
127.0
127.0
126.25
126.25
125.75
125.75
126.25
126.25
125.75
125.75
126.0
125.75
125.75
127.0
127.0
128.75
128.75
129.0
129.0
129.75
129.75
131.0
131.75
131.75
131.5
131.5
132.75
132.75
132.5
132.5
132.5
132.25
132.25
132.25
132.25
132.25
132.25
132.5
132.5
132.25
132.25
131.75
131.0
131.0
131.25
131.25
131.5
131.5
131.0
131.0
130.25
130.25
130.25
131.0
131.0
131.5
131.5
131.25
131.25
129.25
129.25
128.0
128.0
127.25
127.25
126.5
126.5
125.75
125.75
124.5
124.5
124.5
125.25
125.25
126.0
126.0
126.0
126.0
125.25
125.25
125.5
125.5
126.25
126.25
127.25
127.25
127.5
127.5
127.75
128.0
128.0
128.25
128.25
128.0
128.0
129.25
129.25
130.0
130.0
129.75
129.75
129.25
130.0
130.0
130.75
130.75
131.25
131.25
131.75
131.75
132.0
131.25
131.25
130.75
130.75
131.5
131.5
131.25
131.25
129.75
129.75
128.75
128.75
127.75
127.75
128.0
128.5
128.5
126.25
126.25
127.0
127.0
127.5
127.5
128.0
128.0
127.25
127.25
127.0
127.0
126.5
126.5
126.25
125.75
125.75
125.75
125.75
125.25
125.25
125.25
125.25
125.5
125.5
127.0
127.0
127.25
127.25
127.25
127.25
127.0
127.0
126.25
126.75
126.75
126.75
126.75
127.0
127.0
126.25
126.25
126.25
126.25
126.5
126.5
127.25
127.25
128.25
128.25
128.5
128.0
128.0
128.75
128.75
128.75
128.75
129.25
129.25
129.75
129.75
130.25
130.25
130.0
130.25
130.25
130.75
130.75
131.5
131.5
130.5
130.5
129.25
129.25
128.5
128.5
127.75
128.0
128.0
127.75
127.75
127.25
127.25
127.75
127.75
127.75
127.75
128.0
128.0
128.0
128.0
128.0
127.75
127.75
127.5
127.5
127.25
127.25
127.0
127.0
127.25
127.25
126.0
126.0
125.25
125.25
125.0
125.0
125.0
125.0
125.0
126.75
126.75
128.75
128.75
130.0
130.0
130.75
130.75
131.0
131.0
131.5
131.5
131.5
130.75
130.75
130.5
130.5
130.5
130.5
130.75
130.75
131.0
131.0
130.0
129.75
129.75
128.0
128.0
127.25
127.25
126.75
126.75
127.25
127.25
128.25
128.25
128.75
128.75
129.0
129.5
129.5
129.75
129.75
130.0
130.0
130.0
130.0
128.75
128.75
127.5
127.5
126.25
126.25
125.5
126.25
126.25
126.75
126.75
127.75
127.75
128.5
128.5
128.5
128.5
130.5
130.5
130.75
130.5
130.5
130.5
130.5
131.0
131.0
132.75
132.75
133.0
132.5
132.5
133.25
133.25
133.5
133.5
133.5
133.5
133.75
133.75
134.25
134.0
134.0
134.25
134.25
134.5
134.5
135.0
135.25
135.25
134.5
134.5
135.0
135.0
134.75
134.75
133.5
132.25
132.25
131.5
131.5
130.0
130.0
129.5
129.5
129.25
129.25
129.5
129.5
130.25
130.75
130.75
130.25
130.25
129.0
129.0
128.5
128.5
128.0
128.0
127.75
127.75
127.75
127.75
128.0
127.0
127.0
127.5
127.5
128.0
128.0
129.5
129.5
129.75
129.75
130.0
130.0
130.75
131.0
131.0
131.75
131.75
132.75
132.75
132.0
132.0
132.0
133.0
133.0
133.75
133.75
135.0
135.0
134.75
135.25
135.25
136.0
136.0
135.75
135.75
136.5
136.5
136.0
135.75
135.75
135.75
135.75
135.0
135.0
133.5
133.5
132.75
132.0
132.0
132.0
132.0
131.75
131.75
131.5
131.5
131.0
131.0
130.75
130.5
130.5
130.0
130.0
130.75
130.75
132.0
132.0
132.0
130.5
130.5
129.0
129.0
128.5
128.5
128.5
128.5
129.0
129.0
128.75
128.75
130.5
132.75
132.75
133.0
133.0
134.25
134.25
135.0
135.0
135.0
135.5
135.5
135.5
135.5
135.5
135.5
135.0
135.0
135.0
135.0
135.0
135.5
135.5
135.75
136.75
136.75
136.5
136.5
137.5
137.5
137.5
137.75
137.75
138.0
138.0
138.5
138.5
138.25
138.0
138.0
137.25
137.25
138.25
138.25
137.5
137.0
137.0
136.75
136.75
137.0
137.0
137.5
137.75
137.75
137.0
137.0
136.5
136.5
135.25
135.25
134.25
132.0
132.0
130.75
130.75
131.5
131.5
131.0
131.0
130.25
130.25
130.0
130.75
130.75
131.25
131.25
132.75
132.75
132.0
132.0
131.5
131.5
131.5
131.5
131.5
132.0
132.0
131.75
131.75
131.5
131.5
130.5
129.5
129.5
132.0
132.0
133.25
133.25
134.25
134.25
136.0
137.75
137.75
137.5
137.5
136.0
136.0
134.5
134.0
134.0
133.0
133.0
133.5
133.5
133.75
133.75
134.25
134.5
134.5
134.75
134.75
134.25
134.25
133.5
133.5
133.5
133.75
133.75
132.75
132.75
132.75
132.75
133.0
133.0
133.75
134.25
134.25
135.0
135.0
135.5
135.5
134.5
134.5
135.0
134.25
134.25
135.5
135.5
136.0
136.0
135.25
135.25
134.0
134.0
134.0
133.75
133.75
133.0
133.0
132.0
132.0
131.75
132.75
132.75
132.5
132.5
132.0
132.0
130.75
130.75
130.0
130.0
129.25
129.5
129.5
129.5
129.5
128.5
128.5
128.5
128.5
127.75
127.75
127.5
127.5
128.0
128.0
129.0
128.75
128.75
128.75
128.75
128.75
128.75
127.25
127.25
128.5
128.5
129.0
129.0
129.5
129.25
129.25
131.0
131.0
131.0
131.0
131.25
131.25
131.25
131.25
130.25
130.75
130.75
131.5
131.5
132.25
132.25
132.25
132.25
132.0
133.25
133.25
134.5
134.5
134.25
134.25
134.25
134.25
135.0
134.75
134.75
133.5
133.5
132.75
132.75
131.75
131.75
130.75
130.75
130.75
131.75
131.75
132.75
132.75
132.25
132.25
130.75
130.75
129.5
129.5
129.5
128.5
128.5
127.0
127.0
127.25
127.25
127.75
127.75
128.0
128.0
129.0
129.0
130.25
131.25
131.25
131.5
131.5
131.5
131.5
132.75
132.75
133.5
134.25
134.25
135.0
135.0
134.25
134.25
134.25
134.25
134.5
133.75
133.75
133.0
133.0
133.25
133.25
134.75
134.25
134.25
135.0
135.0
135.0
135.0
134.75
134.75
133.5
133.5
133.5
133.0
133.0
132.75
132.75
131.5
131.5
130.25
130.25
130.75
131.25
131.25
131.25
131.25
131.0
131.0
129.5
129.5
130.0
130.0
128.25
128.25
127.75
127.75
127.25
127.25
127.25
128.25
128.25
129.0
129.0
130.5
130.5
131.5
131.5
131.0
132.25
132.25
133.25
133.25
133.75
133.75
134.25
134.25
135.0
135.0
135.0
133.5
133.5
133.25
133.25
134.75
135.75
135.75
135.25
135.25
135.25
135.25
135.25
135.25
136.25
137.5
137.5
134.5
134.5
128.5
128.5
125.0
125.0
122.75
122.75
121.75
121.75
121.5
121.5
123.5
123.5
124.25
124.25
126.5
129.0
129.0
130.25
130.25
130.75
130.75
130.25
130.25
131.0
131.0
132.0
131.5
131.5
132.0
132.0
131.5
131.5
131.75
131.75
132.5
132.5
132.5
132.5
132.5
131.25
131.25
134.25
134.25
133.25
133.25
133.75
133.5
133.5
133.25
133.25
132.75
132.75
133.0
133.0
133.25
133.25
133.25
132.0
132.0
130.5
130.5
128.0
128.0
125.0
125.0
121.25
121.25
121.5
121.5
121.5
121.5
121.0
121.0
121.0
121.0
121.5
121.5
122.5
122.5
122.25
122.25
121.0
121.0
122.25
122.25
123.0
123.0
124.0
124.0
123.5
124.5
124.5
125.25
125.25
125.75
125.75
124.75
124.75
126.75
126.75
128.0
128.0
128.5
128.5
128.5
129.0
129.0
129.25
129.25
128.75
128.75
126.75
126.75
127.25
127.25
127.0
127.0
127.75
127.75
127.0
127.0
126.0
125.75
125.75
126.25
126.25
125.75
125.75
126.0
126.0
126.75
126.75
126.75
126.75
126.75
126.75
126.25
126.25
126.25
126.25
125.75
125.75
125.75
125.0
125.0
126.25
126.25
129.0
129.0
129.25
129.25
129.25
129.25
128.0
128.0
128.0
128.0
128.0
127.75
127.75
128.75
128.75
128.5
128.5
129.0
129.0
130.5
131.5
131.5
130.5
130.5
131.0
131.0
130.75
130.75
130.75
130.75
130.75
129.75
129.75
129.75
130.75
130.75
130.75
130.5
130.5
130.5
130.5
130.5
130.25
130.25
131.75
131.75
131.5
131.5
132.0
132.0
131.75
132.5
132.5
132.5
132.5
132.75
132.75
132.75
132.75
132.5
132.75
132.75
132.5
132.5
132.5
132.5
132.75
132.75
133.25
132.5
132.5
132.0
132.0
131.75
131.75
129.5
129.5
129.0
129.0
128.5
128.5
128.5
129.25
129.25
129.5
129.5
129.5
129.5
130.25
130.25
130.0
130.0
129.75
129.75
129.5
129.5
129.5
129.0
129.0
129.0
129.0
129.0
129.0
127.75
127.75
129.0
129.0
129.25
129.25
130.25
130.25
130.25
129.25
129.25
129.0
129.0
129.5
129.5
128.75
128.75
128.75
129.5
129.5
130.0
130.0
130.25
130.25
130.25
130.25
130.5
130.5
128.75
128.75
130.0
130.0
130.0
130.0
130.0
130.0
130.0
130.0
130.0
129.75
129.75
129.25
129.25
128.75
130.0
130.0
130.5
130.5
130.25
130.25
129.5
129.5
130.25
131.0
131.0
131.5
131.5
131.75
131.75
132.25
132.25
132.75
132.75
132.0
128.75
128.75
124.25
124.25
124.25
124.25
124.25
125.25
125.25
123.0
123.0
123.75
123.75
124.0
124.0
126.75
126.75
127.75
127.75
129.25
130.75
130.75
129.75
129.75
129.25
129.25
129.0
129.0
128.5
128.5
128.5
129.0
129.0
129.0
129.0
129.0
129.0
129.0
128.75
128.75
129.0
129.0
129.5
129.5
129.0
129.25
129.25
129.0
129.0
129.0
129.0
129.0
129.0
129.5
129.5
129.0
129.0
128.75
128.0
128.0
128.25
128.25
128.5
128.5
129.5
129.5
129.5
129.5
129.25
129.25
128.75
128.5
128.5
128.25
128.25
127.25
127.25
127.5
127.5
127.75
127.75
127.0
127.0
127.25
127.25
127.25
127.25
127.25
127.25
127.25
128.0
128.0
128.75
128.75
129.75
129.75
129.5
129.5
129.0
129.0
129.25
127.25
127.25
126.75
126.75
127.5
127.5
125.5
125.5
126.25
126.25
126.75
126.75
126.75
126.75
127.5
127.5
128.5
128.5
128.5
129.0
129.0
127.0
127.0
129.0
129.0
130.5
130.5
130.5
129.5
129.5
129.5
130.0
130.0
130.5
130.5
131.75
131.75
131.75
131.5
131.5
131.75
131.75
131.75
132.0
132.0
132.5
132.5
132.0
132.0
132.0
132.0
132.0
132.0
132.0
131.75
131.75
131.75
131.75
131.75
131.25
131.25
131.25
131.25
130.0
130.0
128.0
128.0
127.75
127.75
128.0
128.0
128.5
128.75
128.75
128.5
128.5
129.25
129.25
126.75
126.75
125.5
125.5
126.0
126.0
126.0
126.0
125.75
125.75
125.75
125.75
126.25
127.0
127.0
127.25
127.25
127.75
127.75
127.75
127.75
128.0
128.0
128.5
128.5
128.25
128.0
128.0
128.5
128.5
128.25
128.25
128.75
128.75
129.0
129.0
129.5
129.5
130.75
131.75
131.75
132.0
132.0
131.5
131.5
131.25
131.25
130.5
130.5
129.0
129.0
129.0
129.0
129.0
129.0
129.0
128.25
128.25
129.0
129.0
130.5
130.5
132.0
132.0
132.0
132.25
132.25
132.75
132.75
133.5
133.5
133.0
132.75
132.75
132.75
132.75
133.5
133.5
131.75
131.75
132.25
130.0
130.0
131.75
131.75
131.75
131.5
131.5
131.75
131.75
133.25
133.25
133.25
133.25
133.0
133.0
134.75
134.75
134.75
134.75
134.75
134.75
134.75
134.75
134.75
134.75
135.0
135.0
135.0
134.75
135.0
135.0
133.82142857142858
132.64285714285714
131.46428571428572
130.28571428571428
129.10714285714286
127.92857142857143
126.75
125.57142857142857
124.39285714285714
123.21428571428571
122.03571428571429
120.85714285714286
119.67857142857143
118.5
118.5
118.5
114.5
114.5
115.75
115.75
115.75
115.75
114.5
114.5
115.25
115.25
115.25
113.25
113.25
109.75
109.75
109.75
102.5
102.5
109.75
109.75
97.75
97.75
97.75
94.75
94.75
92.25
92.25
90.75
90.75
93.25
93.25
92.75
92.75
92.75
92.75
92.75
92.75
92.75
92.75
92.75
92.75
92.75
92.75
92.75
95.66071428571429
98.57142857142857
101.48214285714286
104.39285714285714
107.30357142857143
110.21428571428571
113.125
116.03571428571428
118.94642857142857
121.85714285714286
124.76785714285714
127.67857142857143
130.58928571428572
133.5
133.5
133.75
133.25
133.25
133.25
133.0
133.0
133.25
132.25
132.25
132.25
132.25
132.25
132.5
132.5
132.5
132.25
132.25
132.25
126.0
119.75
113.5
107.25
101.0
94.75
94.75
95.0
95.0
93.25
93.25
87.0
87.0
85.5
85.5
85.25
85.25
85.25
85.25
85.5
85.5
85.5
85.25
85.25
85.25
85.25
85.25
88.4
91.55
94.7
97.85
101.0
104.15
107.3
110.45
113.6
116.75
119.9
123.05
126.2
129.35
132.5
132.5
133.0
133.0
132.0
132.0
131.75
131.75
132.25
132.25
132.0
132.0
132.0
132.0
132.0
132.0
132.5
131.5
131.5
131.25
131.25
131.25
131.25
130.75
130.75
130.75
130.75
130.75
130.75
130.75
130.75
130.75
130.75
130.75
130.75
130.75
130.75
130.75
130.75
130.78571428571428
130.82142857142858
130.85714285714286
130.89285714285714
130.92857142857142
130.96428571428572
131.0
131.03571428571428
131.07142857142858
131.10714285714286
131.14285714285714
131.17857142857142
131.21428571428572
131.25
131.28571428571428
131.32142857142858
131.35714285714286
131.39285714285714
131.42857142857142
131.46428571428572
131.5
131.53571428571428
131.57142857142858
131.60714285714286
131.64285714285714
131.67857142857142
131.71428571428572
131.75
131.78571428571428
131.82142857142858
131.85714285714286
131.89285714285714
131.92857142857142
131.96428571428572
132.0
132.0
132.0
132.0
132.0
131.75
131.75
131.75
132.0
132.0
132.0
131.75
131.75
132.0
132.17857142857142
132.35714285714286
132.53571428571428
132.71428571428572
132.89285714285714
133.07142857142858
133.25
133.25
130.5
130.5
130.0
130.0
128.25
127.25
127.25
127.25
125.5
125.5
125.75
125.75
125.75
126.75
126.75
124.75
124.75
125.25
125.25
125.0
125.0
100.5
100.5
98.25
98.25
98.25
96.25
96.25
96.25
96.25
96.25
96.25
96.25
96.25
96.25
96.25
96.25
96.25
100.0
103.75
107.5
111.25
115.0
118.75
122.5
126.25
126.25
126.75
126.75
126.75
127.0
127.0
127.0
126.75
126.5
126.5
126.25
126.25
125.5
125.5
124.5
124.5
122.75
122.75
122.75
122.75
121.5
121.5
121.5
122.75
124.25
124.25
124.25
126.75
127.25
127.25
125.75
125.75
125.5
127.5
127.5
127.25
127.25
127.25
127.25
126.5
126.5
104.75
104.75
107.75
107.75
112.0
112.0
112.0
112.0
89.0
89.0
91.5
91.5
96.25
96.25
96.25
96.25
102.75
102.75
106.25
106.25
104.0
104.0
104.0
104.5
104.5
104.5
104.25
104.25
104.25
104.25
104.25
104.5
104.5
104.5
104.5
106.125
107.75
109.375
111.0
112.625
114.25
115.875
117.5
119.125
120.75
122.25
122.25
120.0
120.0
123.75
123.75
126.0
126.75
126.75
127.75
127.75
127.5
127.5
127.0
127.25
127.25
127.25
127.25
127.5
127.5
128.25
128.25
128.5
128.5
128.25
128.25
128.0
128.0
127.25
128.0
128.0
128.0
128.0
127.5
127.5
126.0
126.0
125.75
125.75
124.25
124.25
123.0
123.0
122.75
122.75
122.75
122.75
123.5
123.5
123.75
123.75
123.5
123.5
122.75
122.75
122.25
122.25
123.0
123.0
122.75
122.75
123.0
123.0
123.0
123.0
123.0
124.5
124.5
126.25
126.25
127.5
127.5
126.0
126.0
126.0
126.0
126.75
126.75
126.75
126.25
126.25
126.0
126.0
125.25
125.25
125.25
122.75
122.75
123.0
124.0
124.0
125.0
125.0
125.75
125.75
127.0
127.0
128.75
129.0
129.0
129.0
129.0
129.5
129.5
130.25
130.25
130.5
130.5
131.5
131.5
130.25
130.25
130.25
131.0
131.0
132.0
132.0
132.5
132.5
132.0
132.25
132.25
131.75
131.75
131.5
131.5
130.5
130.5
130.25
130.25
125.25
125.25
126.75
126.5
126.5
126.5
126.5
126.5
126.5
126.5
126.5
126.25
126.25
126.5
126.5
122.33333333333333
118.16666666666667
114.0
109.83333333333333
105.66666666666667
101.5
101.5
103.0
103.0
100.5
100.5
100.75
100.75
101.25
101.25
101.25
96.75
96.75
97.5
97.5
97.5
97.5
97.5
99.25
99.25
99.25
96.5
96.5
96.5
105.0
107.5
107.5
107.5
107.0
107.75
107.75
107.75
108.0
107.75
107.75
107.75
103.5
102.5
102.5
100.5
100.5
98.5
98.5
96.5
96.5
96.5
96.5
96.5
96.5
96.5
96.5
96.25
96.25
96.25
96.5
96.5
96.5
96.5
96.46875
96.4375
96.40625
96.375
96.34375
96.3125
96.28125
96.25
96.25
96.25
96.25
96.25
96.25
96.5
96.25
96.25
96.25
96.5
96.5
98.75
98.75
97.75
97.75
97.75
97.25
97.25
96.25
96.25
95.0
95.0
93.0
93.0
96.75
96.75
97.0
97.0
99.0
99.0
99.25
99.25
99.25
101.5
101.5
101.75
101.75
102.0
102.0
102.0
102.0
101.75
101.75
101.75
101.75
101.75
101.75
102.0
102.0
101.66346153846153
101.32692307692308
100.99038461538461
100.65384615384616
100.3173076923077
99.98076923076923
99.64423076923077
99.3076923076923
98.97115384615384
98.63461538461539
98.29807692307692
97.96153846153847
97.625
97.28846153846153
96.95192307692308
96.61538461538461
96.27884615384616
95.9423076923077
95.60576923076923
95.26923076923077
94.9326923076923
94.59615384615384
94.25961538461539
93.92307692307692
93.58653846153847
93.25
93.25
93.0
93.0
93.0
92.0
92.0
93.25
93.25
94.5
94.5
95.25
95.25
95.25
95.5
95.5
95.25
95.25
95.25
95.5
95.5
95.25
95.25
95.25
95.5
95.5
101.85
108.2
114.55
120.9
127.25
127.25
127.75
127.75
127.25
127.25
126.5
126.5
126.25
126.25
126.25
128.5
128.5
127.0
127.0
127.75
127.75
126.75
126.75
126.0
126.0
124.0
124.0
124.75
124.75
124.0
124.0
123.5
123.5
123.25
123.25
123.0
123.0
123.25
124.0
124.0
124.0
124.0
123.5
123.5
123.5
123.5
122.75
122.75
122.75
121.0
121.0
119.5
119.5
119.5
120.75
120.75
120.75
122.25
122.25
122.75
123.5
123.5
125.25
125.25
125.75
125.75
126.75
126.75
127.25
128.0
128.0
128.5
128.5
128.75
128.75
129.0
129.0
130.25
130.25
130.25
130.25
129.5
130.5
130.5
131.0
131.0
131.0
131.0
132.25
132.25
132.0
132.0
131.25
131.5
131.5
131.5
131.5
130.5
130.5
129.75
129.75
126.0
126.0
125.25
125.75
125.75
125.75
125.5
125.5
126.0
126.0
126.25
126.25
125.75
125.75
124.75
124.75
124.5
124.5
123.25
123.25
122.75
122.75
124.0
124.0
123.0
124.25
124.25
124.0
124.0
124.0
124.0
124.25
124.25
124.0
124.0
124.0
124.0
122.75
122.75
124.5
124.5
125.25
125.25
126.25
128.0
128.0
129.0
129.0
130.25
130.25
130.5
130.5
129.5
129.5
129.0
129.0
127.25
127.25
127.25
127.75
127.75
127.25
127.25
126.5
126.5
126.25
126.25
126.0
126.0
126.25
126.25
127.25
127.25
128.0
129.5
129.5
129.25
129.25
129.25
129.25
129.5
129.5
130.25
130.25
129.5
130.25
130.25
130.5
130.5
130.5
130.5
130.5
130.25
130.25
130.25
130.75
130.25
130.25
129.75
129.75
130.25
130.25
130.75
130.75
130.25
130.25
130.0
130.0
129.5
129.5
129.0
129.25
129.25
128.25
128.25
127.0
127.0
125.25
125.25
123.75
123.75
122.0
122.0
124.0
124.0
122.75
122.75
122.25
122.25
122.75
122.75
123.75
123.75
124.75
124.75
125.25
126.75
126.75
127.0
127.0
128.0
128.0
128.5
128.5
126.75
126.75
125.75
125.75
124.75
123.75
123.75
124.0
124.0
123.25
123.25
124.0
124.0
123.25
126.25
126.25
128.0
128.0
128.5
128.5
130.0
130.0
130.0
131.25
131.5
131.5
130.75
130.75
129.25
129.25
127.25
127.25
126.25
126.25
127.25
125.25
125.25
125.75
125.75
126.25
126.25
126.25
125.75
125.75
125.75
127.5
127.25
127.25
128.5
128.5
128.5
126.25
126.25
126.25
127.5
127.5
126.5
126.5
127.25
127.25
128.0
128.0
128.0
128.0
128.0
128.0
127.75
127.75
125.75
126.75
126.75
125.75
125.75
125.75
125.75
125.25
125.25
125.0
125.0
123.5
123.5
123.0
123.0
122.75
122.75
121.5
121.5
122.25
122.25
124.75
124.75
125.5
125.5
125.75
125.75
125.5
125.5
125.5
125.5
125.5
125.5
125.5
127.5
127.5
125.25
124.0
124.0
125.25
125.25
125.25
126.75
126.5
126.5
128.5
128.5
127.5
127.5
127.5
127.5
126.5
126.5
126.5
123.5
123.5
123.5
123.5
123.75
124.75
124.75
125.75
125.75
126.75
126.75
126.75
126.75
128.25
128.25
129.0
129.0
128.0
127.75
127.75
128.0
128.0
129.25
129.25
129.5
129.5
130.0
130.5
130.5
130.25
130.25
130.0
130.0
129.0
129.0
129.0
130.25
130.25
128.5
128.5
125.5
125.5
125.5
125.5
124.25
124.25
122.75
122.75
122.75
124.0
122.5
122.5
123.25
123.25
123.75
123.75
125.0
125.0
125.0
125.0
123.5
123.5
123.5
125.0
125.0
124.5
124.5
125.0
125.0
126.25
127.75
127.75
127.75
127.25
127.25
126.25
126.25
125.0
126.75
126.75
126.75
124.25
124.25
126.25
125.5
125.5
126.0
126.0
125.25
125.25
125.25
125.5
125.5
125.5
125.5
125.5
125.5
125.5
125.5
125.5
125.25
125.95833333333333
126.66666666666667
127.375
128.08333333333334
128.79166666666666
129.5
129.5
129.5
130.25
130.25
130.75
130.75
130.75
130.0
130.0
129.5
129.5
128.0
128.0
128.75
128.0
128.0
125.5
125.5
125.0
125.0
123.5
123.5
123.5
123.5
122.75
122.75
121.0
121.0
120.75
120.75
120.5
120.5
119.25
119.25
119.5
119.5
118.0
118.0
118.0
118.0
118.0
118.0
117.75
117.75
118.5
118.5
119.25
119.25
118.5
118.5
119.0
119.0
120.5
120.5
120.0
120.0
120.75
120.75
121.75
121.75
123.0
123.0
123.25
123.25
124.0
124.0
121.5
121.5
121.0
121.0
121.25
121.25
121.75
121.75
123.5
123.5
126.25
126.25
126.75
127.25
127.25
128.5
128.5
129.5
129.5
128.5
128.5
128.5
128.5
128.0
128.0
128.0
128.0
127.75
128.0
128.0
128.0
129.25
128.25
128.25
128.75
128.75
129.0
129.0
128.5
128.5
128.5
128.75
128.75
129.0
129.0
129.0
129.0
129.5
129.5
129.5
129.5
129.5
129.5
129.0
128.75
128.75
128.25
128.25
127.0
127.0
126.75
126.75
126.75
126.75
127.25
127.25
127.0
127.0
125.25
125.25
124.25
124.25
123.5
123.5
123.0
123.0
120.75
121.0
121.0
121.75
121.75
124.0
124.0
127.0
127.0
126.75
126.75
127.0
127.0
126.5
126.5
125.75
125.75
125.5
125.5
124.75
124.75
123.5
123.5
123.0
123.0
123.0
124.75
124.75
125.75
125.75
126.75
126.75
128.0
128.0
128.75
128.75
128.75
128.75
128.0
128.5
128.5
128.0
128.0
128.25
128.25
129.0
129.0
129.5
129.5
129.5
129.5
129.25
129.25
129.5
130.0
130.0
130.25
130.25
130.25
130.25
130.75
130.75
132.25
132.0
132.0
131.75
131.75
132.0
132.0
132.75
132.75
132.75
132.75
132.75
133.5
133.5
133.5
133.5
134.0
134.0
133.75
133.25
133.25
133.0
133.0
132.75
132.75
132.0
132.0
130.5
130.5
129.25
129.25
128.25
128.25
126.75
125.75
125.75
124.5
124.5
124.5
124.5
124.5
124.5
125.0
125.0
125.25
125.25
126.5
126.5
128.0
128.0
127.5
127.5
128.0
127.25
127.25
126.5
126.5
126.5
126.5
125.5
125.5
126.25
126.25
127.25
127.25
126.25
126.25
126.25
128.0
128.0
129.0
129.0
128.5
128.5
127.75
127.75
129.25
129.25
129.0
129.0
129.75
129.75
129.5
128.75
128.75
128.75
128.75
128.75
128.5
128.5
128.5
128.5
128.5
129.0
128.5
128.5
129.25
129.25
130.5
130.5
130.75
130.75
131.75
131.75
133.5
131.5
131.5
131.75
131.75
131.75
131.75
132.75
132.75
132.0
132.0
132.0
131.75
131.75
131.5
131.5
131.5
131.5
132.0
133.5
133.5
132.0
132.0
132.5
132.5
131.5
131.5
132.0
132.0
131.5
131.5
131.25
131.25
131.25
132.0
132.0
132.0
132.0
132.0
133.25
133.25
133.25
131.75
131.75
132.25
132.25
131.0
131.0
130.0
130.0
130.0
130.0
130.75
130.75
128.0
128.0
128.5
128.5
128.0
128.0
128.5
128.5
127.75
127.5
127.5
126.75
126.75
127.25
127.25
127.75
129.0
129.0
129.0
129.0
129.25
129.25
129.0
129.0
130.75
130.75
130.0
130.25
130.25
130.25
128.5
128.5
128.25
128.25
128.25
128.25
127.5
127.75
127.75
129.5
129.5
130.75
130.75
129.5
129.25
129.25
129.0
129.0
128.0
128.0
128.0
128.0
128.5
128.5
130.75
130.75
130.25
130.25
130.5
130.5
131.5
131.75
131.75
131.5
131.5
130.75
130.75
130.75
130.75
130.75
132.0
132.0
132.75
132.75
132.5
132.75
132.75
132.25
132.25
131.5
131.5
131.5
131.5
132.25
132.25
132.5
132.5
132.0
132.0
130.75
130.75
132.25
132.25
133.75
134.0
134.0
133.75
133.75
133.75
134.0
134.0
134.0
134.0
132.8125
131.625
130.4375
129.25
129.25
126.75
126.75
126.75
126.75
127.25
127.25
126.25
126.25
126.75
126.75
126.75
126.75
127.5
127.5
127.5
127.5
127.25
127.25
126.25
126.25
126.0
126.0
125.75
125.75
126.75
126.75
127.25
127.25
127.25
126.0
126.0
127.0
127.0
126.75
126.75
126.5
126.5
126.5
127.25
127.25
126.25
126.25
125.25
125.25
102.75
102.75
102.75
102.25
102.25
102.5
102.5
102.5
102.5
102.5
102.5
102.25
102.25
102.5
103.96052631578948
105.42105263157895
106.88157894736842
108.34210526315789
109.80263157894737
111.26315789473684
112.72368421052632
114.1842105263158
115.64473684210526
117.10526315789474
118.5657894736842
120.02631578947368
121.48684210526316
122.94736842105263
124.40789473684211
125.86842105263158
127.32894736842105
128.78947368421052
130.25
131.5
131.5
131.5
132.0
132.0
132.0
131.25
131.25
131.5
131.5
130.25
130.25
128.75
128.75
128.0
128.0
128.0
128.0
129.75
129.75
129.25
129.25
129.25
128.0
126.0
126.0
126.0
125.0
125.0
124.0
124.0
124.5
124.5
123.25
123.5
123.5
123.5
123.5
125.25
125.25
125.25
125.25
126.25
126.25
125.0
125.25
125.25
126.75
126.75
127.0
127.0
126.5
126.5
126.5
126.5
126.5
126.5
126.5
126.5
126.5
126.5
126.5
126.5
123.15625
119.8125
116.46875
113.125
109.78125
106.4375
103.09375
99.75
99.75
100.25
100.25
100.5
100.5
100.25
100.25
100.25
100.25
100.25
100.25
100.25
100.25
100.25
102.5
104.75
107.0
109.25
111.5
113.75
116.0
118.25
120.5
122.75
125.0
127.25
129.5
129.5
129.0
129.0
130.25
129.0
129.0
128.5
128.5
126.25
126.25
125.25
125.25
124.0
124.0
121.5
121.5
120.25
120.25
122.5
122.5
122.5
122.25
122.25
122.25
122.25
122.25
122.25
122.25
122.25
122.25
118.6875
115.125
111.5625
108.0
108.0
110.5
110.5
110.5
124.5
122.25
122.25
122.25
122.25
121.75
121.75
121.75
121.75
120.75
120.75
120.75
121.5
121.5
121.5
121.5
121.5
121.5
121.5
121.5
121.25
121.25
121.25
121.25
121.5
121.5
121.5
121.5
122.35
123.2
124.05
124.9
125.75
125.75
125.25
125.25
129.0
129.0
128.5
128.5
128.0
128.0
128.0
128.0
129.0
129.0
128.5
128.5
126.25
126.25
126.25
126.5
126.5
126.25
126.25
126.25
126.25
126.25
126.25
126.5
126.3
126.1
125.9
125.7
125.5
125.3
125.1
124.9
124.7
124.5
124.3
124.1
123.9
123.7
123.5
123.5
123.25
123.25
122.75
122.75
123.5
123.5
124.0
124.0
123.5
123.5
125.0
125.0
125.0
125.0
125.0
125.0
125.0
125.0
125.0
125.0
125.0
125.0
125.0
124.92857142857143
124.85714285714286
124.78571428571429
124.71428571428571
124.64285714285714
124.57142857142857
124.5
124.5
123.5
123.5
124.25
124.25
124.25
124.5
124.5
124.5
124.5
124.5
124.5
124.5
124.5
124.5
120.35
116.2
112.05
107.9
103.75
103.75
104.75
104.75
105.0
105.0
104.75
104.75
105.0
105.0
105.0
104.75
104.75
105.0
107.25
109.5
111.75
114.0
116.25
118.5
120.75
123.0
125.25
127.5
127.5
126.75
126.75
124.5
124.5
124.25
124.25
124.0
124.0
123.0
123.0
122.25
122.25
122.5
122.5
121.5
121.5
119.5
120.25
120.25
120.25
120.5
120.5
121.0
121.0
120.0
120.0
119.0
119.0
117.0
117.0
117.0
118.25
118.25
119.5
119.5
121.5
120.0
120.0
117.5
117.5
115.5
115.5
123.25
123.25
127.25
127.25
127.5
127.5
122.5
122.5
122.25
122.25
125.0
125.0
127.0
127.0
127.25
127.25
125.25
125.25
125.5
125.5
123.0
123.0
123.0
124.0
124.0
124.0
105.25
105.25
108.25
108.25
108.75
108.75
115.0
115.0
116.75
116.75
117.0
117.0
117.0
117.0
116.75
116.75
123.5
123.5
125.5
125.5
126.5
126.5
126.75
126.75
125.25
125.25
123.25
123.25
122.25
122.25
120.25
120.25
118.75
118.75
117.5
117.5
117.75
117.75
117.25
117.25
118.0
118.0
120.25
120.25
122.25
122.25
122.75
122.75
122.75
122.75
122.75
122.75
122.0
122.0
120.0
120.0
119.0
119.0
116.75
116.75
115.5
115.5
115.0
115.0
116.25
116.25
119.5
119.5
124.25
124.25
125.25
125.25
126.0
126.0
126.75
126.75
128.0
128.0
128.5
128.5
128.5
128.75
128.75
128.75
128.75
127.25
127.25
128.0
128.0
128.5
128.5
128.25
128.25
128.25
129.0
129.0
129.5
129.5
129.25
129.25
129.5
129.5
129.75
129.75
129.5
129.5
129.5
129.5
129.5
129.5
129.5
129.5
129.5
130.0
130.0
129.5
129.5
128.0
128.0
127.0
126.75
126.75
128.0
128.0
128.5
128.5
128.25
128.25
128.5
128.5
127.25
127.25
128.25
128.25
128.5
128.75
128.75
129.25
129.25
129.5
129.5
129.0
129.0
127.75
127.75
127.0
127.0
127.0
127.0
126.5
126.5
126.0
126.5
126.5
126.75
126.75
126.75
126.75
126.0
126.0
126.25
126.25
126.75
126.75
126.5
126.5
125.5
125.5
125.0
125.0
124.5
124.5
123.75
123.75
123.5
123.25
123.25
124.0
124.0
123.0
123.0
123.0
123.0
123.25
123.25
123.5
123.5
123.75
123.75
124.0
124.0
124.25
124.25
124.75
124.75
126.0
126.0
127.0
128.0
128.0
128.75
128.75
129.5
129.5
130.0
130.0
129.0
129.0
128.0
128.0
126.75
126.75
126.25
126.25
125.25
125.25
123.0
123.5
123.5
121.5
121.5
122.75
122.75
122.75
122.75
122.75
122.75
122.75
99.5
99.5
98.75
98.75
101.75
101.75
100.0
100.0
100.5
100.5
100.5
100.5
100.5
100.5
99.5
99.5
99.5
102.5
102.5
100.5
100.5
100.5
100.25
100.25
100.0
100.0
100.0
100.25
100.25
99.25
99.25
100.0
100.0
97.25
97.25
97.25
99.0
99.0
96.75
96.75
96.75
96.75
93.25
93.25
91.75
91.75
93.0
93.0
92.5
92.5
92.5
98.0
98.0
98.0
98.0
98.0
98.75
98.75
98.75
98.75
98.75
97.75
97.75
97.75
97.75
94.5
94.5
94.75
94.75
95.0
95.0
95.0
93.0
93.0
92.75
92.75
94.0
94.0
94.0
94.25
94.25
95.0
95.0
95.0
94.0
94.0
96.5
96.5
96.25
96.25
96.25
96.25
96.25
96.25
96.25
96.25
96.25
96.25
101.54166666666667
106.83333333333333
112.125
117.41666666666667
122.70833333333333
128.0
128.0
128.5
128.5
127.25
127.25
126.25
126.25
125.0
125.0
124.75
124.75
125.0
125.0
125.0
125.0
125.25
126.5
126.5
128.0
128.0
128.0
128.0
127.25
127.25
126.75
126.75
127.75
127.75
126.25
126.25
121.75
121.75
119.25
119.25
118.25
118.25
117.25
117.25
118.0
118.0
121.0
121.0
122.75
122.75
122.75
122.75
124.0
124.0
123.0
123.0
122.25
122.25
123.75
124.5
124.5
125.75
125.75
126.0
126.0
126.0
126.0
126.0
126.0
125.0
125.0
124.0
124.0
123.0
123.0
122.75
122.75
121.75
121.75
120.75
120.75
120.0
120.0
120.25
120.25
120.5
120.5
121.25
121.25
122.25
122.25
122.5
122.5
122.75
123.5
123.5
124.5
124.5
124.5
124.5
123.75
123.75
121.0
121.0
120.25
120.25
121.0
121.0
121.75
121.75
121.75
121.75
121.5
121.5
121.5
121.5
121.5
121.5
121.25
121.25
121.5
121.5
128.5
128.5
127.5
127.5
128.25
128.5
128.5
128.75
128.75
127.5
127.5
126.25
126.25
125.0
125.0
123.75
123.75
122.75
122.75
122.0
122.0
121.75
121.75
121.5
121.5
121.75
121.75
120.5
120.5
120.75
120.75
120.75
120.75
120.0
120.0
121.75
121.75
123.5
123.5
122.25
122.25
122.75
122.75
123.25
123.25
124.25
125.5
125.5
126.5
126.5
127.5
127.5
128.25
128.25
127.25
127.25
127.25
127.25
127.25
127.25
127.25
127.25
126.75
126.25
126.25
125.5
125.5
125.0
125.0
124.75
124.75
125.0
125.0
126.0
126.0
126.75
126.75
126.75
126.75
125.75
125.75
124.25
124.25
123.5
123.5
122.75
122.75
122.0
122.0
122.25
122.25
122.75
122.5
122.5
122.5
122.5
123.5
123.5
123.0
123.0
123.5
123.5
125.0
125.0
125.5
125.5
126.25
126.25
126.5
126.5
126.5
126.5
126.75
127.25
127.25
127.25
127.25
127.25
127.25
127.0
127.0
127.0
127.0
127.25
127.25
126.75
126.75
125.75
125.75
123.5
123.5
122.5
122.5
122.5
122.5
122.0
122.0
122.25
122.25
122.75
122.75
122.75
122.0
122.0
121.25
121.25
120.5
120.5
121.0
121.0
121.5
121.5
121.5
121.5
121.0
121.0
120.5
120.5
120.25
120.25
120.25
120.25
120.0
120.0
120.0
120.0
120.25
120.25
121.5
121.5
122.5
122.5
122.5
122.5
122.25
122.25
121.5
121.5
121.75
121.75
122.25
122.25
123.5
123.5
124.25
124.25
123.5
123.5
123.5
123.5
124.75
124.75
125.75
125.75
126.75
127.25
127.25
127.75
127.75
128.75
128.75
128.75
128.75
128.5
128.5
128.5
128.5
127.25
127.25
125.5
125.5
123.75
123.75
122.5
122.5
122.75
123.25
123.25
124.0
124.0
124.25
124.25
124.75
124.75
125.0
125.0
124.75
124.75
124.0
124.0
123.0
123.0
122.5
122.5
122.0
122.0
121.5
121.5
121.0
121.0
120.0
120.0
118.0
118.0
118.75
118.75
120.75
120.75
122.0
122.0
123.5
123.5
123.0
123.0
122.75
122.75
124.0
124.0
123.75
123.75
124.75
126.5
126.5
127.75
127.75
129.0
129.0
129.75
129.75
129.25
129.25
129.5
130.25
130.25
130.75
130.75
130.5
130.5
130.25
130.25
130.25
130.25
130.25
130.25
128.0
128.0
128.25
128.75
128.75
129.5
129.5
124.5
124.5
124.0
124.0
119.25
119.25
116.75
116.75
117.0
117.0
116.75
116.75
117.5
117.5
119.5
119.5
120.25
120.25
119.25
119.25
117.75
117.75
117.75
117.0
117.0
115.75
115.75
115.0
115.0
115.0
115.0
115.5
115.5
116.0
116.0
115.0
115.0
116.25
116.25
116.25
120.5
120.5
120.75
120.75
124.25
126.5
126.5
126.75
126.75
127.0
126.75
126.75
127.0
127.0
126.25
126.25
127.5
127.5
131.5
131.5
131.5
131.5
131.5
131.5
131.5
131.5
131.5
131.5
131.25
131.25
128.78571428571428
126.32142857142857
123.85714285714286
121.39285714285714
118.92857142857143
116.46428571428571
114.0
111.53571428571428
109.07142857142857
106.60714285714286
104.14285714285714
101.67857142857143
99.21428571428571
96.75
96.75
96.5
96.5
96.5
94.0
94.0
90.0
90.0
89.25
89.25
89.25
89.25
89.25
86.5
86.5
86.5
86.0
86.0
86.0
86.0
86.0
85.75
85.75
85.75
86.0
86.0
86.0
86.0
86.0
85.75
88.0
90.25
92.5
94.75
97.0
99.25
99.25
99.0
99.0
99.0
97.0
97.0
101.0
101.0
97.25
97.25
100.25
100.25
99.25
99.25
98.25
98.25
99.75
99.75
99.0
99.0
99.0
98.25
98.25
98.75
98.75
98.75
94.25
94.25
94.25
94.75
94.75
95.75
95.75
94.0
94.0
93.0
93.0
92.0
92.0
91.75
91.75
91.75
91.75
91.75
92.0
92.0
92.0
99.0
99.0
100.0
100.0
100.0
100.0
98.0
98.0
98.5
98.5
98.25
98.25
98.25
99.5
99.5
97.75
97.75
97.75
97.75
96.5
96.5
95.5
95.5
95.5
95.5
95.5
95.25
95.25
95.5
95.5
95.5
95.25
95.25
95.25
95.5
95.5
95.125
94.75
94.375
94.0
93.625
93.25
92.875
92.5
92.125
91.75
91.375
91.0
90.625
90.25
90.25
90.25
86.25
86.25
86.25
86.25
81.25
81.25
81.25
81.25
81.25
81.25
81.25
81.25
81.25
81.25
81.25
81.5
89.33333333333333
97.16666666666667
105.0
112.83333333333333
120.66666666666667
128.5
128.5
128.0
128.0
128.75
128.75
128.75
128.75
128.75
128.75
128.75
129.0
129.0
129.0
128.5
128.5
127.5
128.0
128.0
128.25
128.25
128.0
128.0
128.5
128.5
127.75
127.75
127.75
126.75
126.75
127.25
127.25
126.75
126.75
127.0
127.0
126.0
126.0
125.75
125.75
126.25
126.25
125.25
125.25
124.5
124.5
125.25
125.25
125.0
125.0
123.25
123.25
123.0
123.0
122.75
121.75
121.75
121.75
120.0
118.75
118.75
118.75
119.25
119.25
119.5
119.5
120.75
120.75
121.5
121.75
121.75
122.25
122.25
122.75
122.75
123.0
123.0
123.5
123.5
123.5
122.5
122.5
121.75
121.75
121.5
121.5
121.5
121.5
121.0
121.0
121.75
121.75
122.25
122.25
122.0
122.0
121.5
121.5
121.75
121.75
122.75
122.75
123.0
123.0
123.5
123.5
124.5
125.5
125.5
126.25
126.25
126.25
126.25
126.75
126.75
125.75
125.75
125.75
125.75
125.25
125.25
124.5
124.5
122.0
122.0
120.25
120.25
120.0
120.0
120.25
120.25
119.25
119.25
117.75
117.75
118.0
118.0
119.5
119.5
120.5
120.5
122.0
122.0
123.5
123.5
124.0
124.0
123.5
123.5
122.0
122.0
120.75
120.75
120.75
120.75
121.0
121.0
122.0
122.0
122.75
122.75
123.5
123.5
123.5
125.25
125.25
125.5
125.5
126.25
126.25
126.0
126.0
126.5
126.5
126.5
126.5
125.75
125.75
125.75
125.75
124.5
124.0
124.0
121.25
121.25
119.0
119.0
121.75
121.75
120.5
120.5
122.5
122.5
122.75
122.75
122.0
122.0
121.25
121.25
120.75
120.75
120.0
120.0
119.5
119.5
118.5
118.5
117.5
117.5
119.5
119.5
120.75
120.75
121.0
121.0
121.75
121.75
122.25
122.25
122.25
122.25
122.5
122.5
122.25
122.25
121.75
121.75
121.5
121.5
121.75
121.75
121.25
121.25
121.75
121.75
120.75
120.75
121.0
121.0
120.25
120.25
122.0
122.0
124.5
124.5
125.0
125.0
125.5
125.5
124.5
124.5
122.0
122.0
119.75
119.75
119.5
119.5
119.25
119.25
120.25
120.25
122.75
122.75
123.5
123.5
123.75
123.5
123.5
123.0
123.0
122.5
122.5
122.5
124.25
124.25
122.5
122.5
122.5
122.5
123.25
123.25
123.25
123.25
123.25
123.5
123.5
123.5
123.5
124.75
124.75
124.0
124.0
123.5
123.5
122.75
122.75
122.25
122.25
121.75
121.75
120.75
120.75
119.75
119.75
119.75
119.75
119.25
119.25
118.75
118.75
118.75
118.75
118.25
118.25
117.75
117.75
117.75
117.75
118.5
118.5
120.0
120.0
121.5
121.5
122.5
122.5
122.75
122.75
122.25
122.25
121.25
121.25
121.0
121.0
120.25
120.25
120.25
120.25
121.25
121.25
122.0
124.0
124.0
123.75
123.75
122.25
122.25
121.0
121.0
119.5
119.5
118.75
118.75
118.0
118.0
118.0
116.0
116.0
114.75
114.75
115.25
115.25
117.0
117.0
117.75
117.75
118.5
118.5
119.5
119.5
118.75
118.75
117.5
117.5
115.5
115.5
114.5
114.5
113.5
113.5
114.0
114.0
114.0
115.0
115.0
116.0
116.0
117.75
117.75
116.75
116.75
116.75
116.75
117.0
117.0
116.5
116.5
116.0
116.0
114.25
114.25
113.75
113.75
113.75
113.75
114.25
114.25
114.5
114.5
114.5
115.75
115.75
117.5
117.5
119.5
119.5
120.25
120.25
118.5
118.5
118.75
118.75
119.5
119.5
119.75
119.75
118.75
118.75
117.5
117.5
117.75
117.75
117.75
117.75
116.0
116.0
115.75
115.75
114.5
114.5
116.0
116.0
118.0
118.0
118.25
118.25
119.25
119.25
120.25
120.25
120.25
120.25
119.0
119.0
117.5
117.5
115.75
115.75
115.75
114.5
114.5
113.25
113.25
113.25
113.25
114.25
114.25
116.25
116.25
119.25
119.25
121.75
121.75
122.0
122.0
121.5
121.5
121.5
121.5
119.5
119.5
117.75
117.75
118.25
118.25
116.75
116.75
115.5
115.5
114.5
114.5
115.25
115.25
115.5
115.5
115.5
115.5
116.75
116.75
117.75
117.75
118.0
118.0
118.75
118.75
119.25
119.25
119.25
119.25
120.25
120.25
120.25
120.25
120.25
117.75
117.75
117.0
117.0
114.75
114.75
115.75
115.75
116.25
116.25
115.0
115.0
114.75
114.75
115.0
115.0
117.5
117.5
122.5
122.5
125.75
125.75
124.0
124.0
122.75
122.75
122.25
122.25
121.75
121.75
120.0
120.0
120.0
120.0
120.25
120.25
119.0
119.0
118.75
118.75
118.0
118.0
117.75
117.75
118.75
118.75
118.0
118.0
117.5
117.5
117.25
117.25
116.5
116.5
116.5
116.5
116.0
116.0
116.75
116.75
116.75
118.75
118.75
120.0
120.5
120.5
120.75
120.75
121.25
121.25
121.75
121.75
122.75
122.75
124.25
124.25
125.25
125.25
125.5
125.5
126.25
126.25
125.75
125.75
125.25
125.25
124.5
124.5
123.5
123.5
121.5
121.5
121.25
121.25
121.5
121.5
122.25
123.0
123.0
123.0
123.0
122.25
122.25
120.75
120.75
118.75
118.75
118.5
118.5
118.5
117.0
117.0
116.5
116.5
117.25
117.25
121.5
121.5
122.75
122.25
122.25
121.75
121.75
120.5
120.5
120.5
118.0
116.75
116.75
115.5
115.5
115.5
114.0
114.0
116.0
116.0
118.5
118.5
122.75
122.75
125.25
125.25
126.25
126.25
125.75
125.75
125.0
123.5
123.5
122.75
122.75
121.25
121.25
121.25
119.25
119.25
118.75
119.5
119.5
120.25
120.25
121.75
121.75
121.0
121.0
121.5
121.5
122.0
122.0
122.75
122.75
122.25
122.25
121.0
121.0
121.0
121.0
121.0
121.0
120.5
120.5
119.5
119.5
120.0
120.0
121.0
121.0
121.5
121.5
122.25
122.25
123.0
123.0
125.25
125.25
126.0
126.0
125.5
125.5
124.5
124.5
122.25
122.25
120.25
120.25
120.0
120.0
118.25
118.25
114.75
114.75
115.5
115.5
121.25
121.25
122.25
122.25
122.25
122.25
122.25
122.25
120.75
120.75
115.5
115.5
110.0
110.0
107.75
107.75
107.75
107.0
107.0
106.5
106.5
107.75
107.75
111.0
111.0
112.0
112.0
112.0
112.0
119.25
119.25
119.25
119.25
123.0
123.0
125.25
125.25
125.5
125.5
125.5
125.5
125.5
125.5
119.75
119.75
119.25
119.25
117.25
117.25
115.0
115.0
113.5
113.5
113.5
113.5
113.5
114.0
114.0
116.25
116.25
118.25
118.25
119.5
119.5
117.75
117.75
116.0
116.0
114.75
114.75
114.5
114.5
114.0
114.0
113.75
113.75
114.5
114.5
114.5
114.5
115.75
115.75
116.0
116.0
116.5
116.5
116.5
116.75
116.75
116.75
116.75
118.0
118.0
120.0
120.0
120.75
120.75
118.75
118.75
121.25
121.0
121.0
121.0
120.0
120.0
120.0
120.0
120.0
121.75
121.75
119.75
119.75
119.75
117.0
117.0
116.0
116.0
115.0
115.0
114.0
114.0
112.5
112.5
113.0
113.0
116.5
116.5
117.5
117.5
117.25
117.75
117.75
117.75
117.75
117.75
117.75
117.75
117.75
117.75
118.0
118.0
117.75
117.75
118.65
119.55
120.45
121.35
122.25
122.25
121.75
121.75
122.25
122.5
122.5
121.5
121.5
120.75
120.75
120.75
119.5
119.5
120.0
120.0
119.25
119.25
119.0
119.0
119.25
119.25
118.75
118.75
117.75
118.0
118.0
118.25
118.25
118.25
120.0
120.0
122.25
122.25
122.75
122.75
123.25
123.0
123.0
122.75
122.75
122.25
122.25
121.25
121.25
120.0
120.0
120.0
120.0
120.0
120.0
121.75
121.75
121.5
121.5
122.5
122.5
122.75
122.75
122.25
122.25
121.5
121.5
121.5
121.5
121.75
121.75
122.0
122.0
124.0
124.0
126.25
126.25
127.5
127.5
128.0
128.0
127.5
127.5
127.25
127.25
127.25
125.75
125.75
123.75
123.75
122.75
122.75
122.5
122.5
121.0
121.0
120.75
120.75
121.5
121.5
121.5
121.5
121.5
121.5
121.25
121.25
121.25
121.25
122.25
122.25
122.25
122.25
121.75
121.75
120.75
120.75
119.5
119.5
118.75
118.75
118.5
118.5
117.75
117.75
117.5
117.5
118.5
118.5
120.25
120.25
122.5
122.5
124.0
124.0
125.25
125.25
124.0
124.0
121.25
121.25
121.0
121.0
119.5
119.5
117.25
117.25
115.0
115.0
114.75
114.75
116.5
116.5
118.5
118.5
119.5
119.5
120.0
120.0
120.25
120.25
120.25
120.25
120.0
120.0
121.25
121.25
123.0
123.0
123.5
123.5
124.0
124.0
125.0
125.0
124.75
124.75
124.25
124.25
124.0
124.0
125.0
125.75
125.75
126.0
126.0
125.75
125.75
125.25
125.25
125.25
125.25
125.25
125.25
125.25
125.25
125.25
125.25
125.0
125.0
124.5
124.5
124.5
124.5
123.5
123.5
123.0
123.0
121.75
121.75
119.5
119.5
118.75
118.75
118.5
118.5
118.5
118.5
120.0
120.0
122.0
122.0
122.0
122.0
120.75
120.75
120.75
120.75
120.5
120.5
120.0
120.0
118.0
118.0
117.75
117.75
117.0
117.0
117.5
117.5
119.25
119.25
120.75
120.75
122.75
122.75
123.25
123.25
122.75
122.75
120.5
120.5
120.25
120.25
119.5
119.5
120.25
120.25
120.0
120.0
118.25
118.25
117.75
117.75
118.5
118.5
120.25
120.25
123.0
123.0
125.5
125.5
126.25
126.0
126.0
125.25
125.25
124.25
124.25
123.5
123.5
121.25
121.25
119.75
119.75
119.25
119.25
119.5
119.5
120.25
120.25
121.0
121.0
121.75
121.75
121.0
121.0
120.25
120.25
119.75
119.75
119.0
119.0
118.5
118.5
120.0
120.0
121.0
121.0
122.5
122.5
122.5
122.5
121.5
121.5
120.5
120.5
119.25
119.25
117.75
117.75
116.75
116.75
117.25
117.25
119.75
119.75
122.75
122.75
124.75
124.75
125.25
125.25
124.5
124.5
124.25
124.25
125.25
125.25
124.0
124.0
122.5
122.5
123.5
123.5
124.0
124.0
124.0
123.75
123.75
123.5
123.5
122.0
122.0
118.5
118.5
118.5
114.5
114.5
113.75
113.75
112.25
112.25
112.25
112.25
113.25
113.25
114.5
114.5
116.25
116.25
116.5
116.5
115.75
115.75
115.75
115.5
115.5
115.0
115.0
115.25
115.25
114.75
114.75
116.0
116.0
118.5
118.5
119.75
119.75
121.75
121.75
123.0
123.0
124.25
124.25
122.25
122.25
121.0
121.0
123.0
123.0
121.75
121.75
117.5
116.75
116.75
111.5
111.5
108.5
108.5
107.5
107.5
107.5
108.25
108.25
109.75
109.75
112.5
112.5
114.75
114.75
116.5
116.5
115.25
115.25
114.75
114.75
114.25
114.25
116.25
116.25
117.75
117.75
118.5
118.5
118.0
118.0
117.0
117.0
118.5
118.5
117.75
117.75
117.25
117.25
118.75
118.75
118.75
120.75
120.75
120.75
120.75
119.5
119.5
118.0
118.0
118.0
115.75
115.75
113.25
113.25
111.75
111.75
110.75
110.75
112.5
112.5
113.75
113.75
114.5
114.5
115.0
115.0
115.0
114.25
114.25
113.0
113.0
112.5
112.5
112.5
112.5
113.5
113.5
115.0
115.0
118.0
118.0
120.25
120.25
120.0
120.0
119.25
119.25
119.25
119.25
119.5
119.5
119.25
119.25
118.75
118.75
117.75
117.75
117.25
117.25
117.75
117.75
117.0
117.0
117.0
116.0
116.0
115.5
115.5
114.75
114.75
115.5
115.5
118.75
118.75
122.75
122.75
125.0
125.5
125.5
125.25
125.25
124.75
124.75
123.75
123.75
123.5
123.5
123.5
123.5
123.25
123.25
122.0
122.0
121.0
121.0
120.75
120.75
121.0
121.0
122.25
122.25
123.25
123.25
123.25
123.25
122.0
122.0
120.25
120.25
120.25
120.25
118.0
118.0
117.75
117.75
116.25
116.25
116.5
116.5
116.75
116.75
116.75
116.75
116.0
116.0
116.5
116.5
116.5
116.5
116.5
117.0
117.0
117.0
117.0
117.5
117.5
116.75
116.75
116.5
116.5
117.75
117.75
120.25
120.25
123.5
123.5
124.0
124.0
124.5
124.5
124.5
124.5
121.5
121.5
121.25
121.25
119.25
119.25
119.5
119.5
118.5
118.5
118.25
118.25
118.5
118.5
120.75
120.75
121.75
121.75
121.75
121.25
121.25
121.25
127.25
128.0
128.0
128.0
128.0
128.0
128.0
126.75
126.75
123.5
123.5
122.0
122.0
122.25
122.25
123.5
123.5
123.5
123.5
124.25
123.75
123.75
123.0
123.0
122.5
122.5
123.0
123.0
123.75
123.75
125.0
125.0
125.5
125.5
125.25
125.25
125.0
125.0
125.25
125.25
125.0
125.0
125.0
125.0
125.0
125.0
124.75
124.75
123.0
123.0
122.0
122.0
121.5
121.5
121.5
121.5
120.75
121.0
121.0
121.5
121.5
122.5
122.5
124.5
124.5
125.75
125.75
128.0
128.0
129.25
129.25
129.0
129.0
128.5
128.5
128.5
127.25
127.25
126.75
126.75
126.75
126.75
125.75
125.75
124.5
124.5
123.5
123.5
124.25
124.25
124.0
124.0
124.0
124.0
124.25
124.25
124.75
124.75
124.5
124.5
124.0
124.0
123.5
123.25
123.25
123.25
123.25
121.25
121.25
119.75
119.75
119.75
118.5
118.5
118.0
118.0
118.0
118.0
117.5
117.5
117.75
117.75
119.75
119.75
122.25
123.75
123.75
120.25
120.25
122.75
122.75
127.25
127.25
128.5
128.5
128.75
128.75
128.5
128.5
126.0
126.0
120.0
120.0
119.25
119.25
115.5
115.5
115.5
115.5
115.5
115.5
115.25
115.25
115.5
115.5
115.5
115.5
115.5
115.5
125.25
125.0
125.0
124.0
124.0
121.0
121.0
118.5
118.5
116.25
116.25
115.75
115.75
116.0
116.0
115.5
115.5
116.75
116.75
118.75
118.75
120.75
120.75
121.5
121.5
122.25
122.25
122.75
122.75
124.0
124.0
124.5
124.5
125.75
125.75
125.75
125.5
126.25
126.25
127.25
127.25
128.5
128.5
128.0
128.0
128.0
128.0
127.0
127.0
125.75
125.75
125.5
125.5
124.5
124.5
122.5
122.5
120.25
120.25
118.75
118.75
117.5
117.5
117.75
117.75
118.0
118.0
117.75
117.75
119.5
119.5
121.25
121.25
121.75
121.75
121.5
121.5
120.25
120.25
119.0
119.0
118.75
118.75
118.25
118.25
118.0
118.0
118.25
118.25
119.0
119.0
120.0
120.0
119.5
119.5
120.25
120.25
119.75
119.75
120.0
120.0
122.25
122.25
125.0
125.0
126.75
126.75
129.0
128.5
128.5
127.75
127.75
128.5
128.5
127.5
127.5
127.25
127.25
128.75
128.75
129.0
127.75
127.75
126.75
126.75
126.5
126.5
125.75
125.75
124.5
124.5
123.5
123.5
123.0
123.0
124.5
124.5
126.5
126.5
126.5
126.5
125.75
125.75
125.0
125.0
123.5
123.5
122.25
122.25
121.75
121.75
121.75
121.75
121.75
121.75
122.75
124.75
124.75
125.75
125.75
127.5
127.5
128.5
128.5
129.0
129.0
128.5
128.5
128.0
128.25
128.25
127.5
127.5
125.25
125.25
122.0
122.0
123.0
123.0
122.75
122.75
123.0
123.0
122.5
122.5
122.5
122.5
122.5
122.5
122.75
122.75
123.5
123.5
124.0
124.0
125.25
125.25
126.25
126.25
126.75
128.0
128.0
129.0
129.0
128.25
128.25
128.5
128.5
127.5
127.5
125.75
125.75
124.5
124.5
123.0
123.0
123.0
123.0
122.75
122.75
122.75
122.75
123.25
123.25
123.25
123.25
123.25
122.25
122.25
120.75
120.75
120.25
120.25
121.5
121.5
120.25
120.25
119.0
119.0
119.25
119.25
118.75
118.75
118.75
118.5
118.5
117.5
117.5
116.75
116.75
117.5
117.5
119.5
119.5
121.5
124.5
124.5
125.25
125.25
124.5
124.5
124.0
124.0
124.5
124.5
124.0
124.0
124.0
124.0
123.25
123.25
122.0
122.0
121.75
121.75
121.75
121.75
121.75
121.75
122.0
122.0
122.25
122.25
123.75
123.75
124.5
125.75
125.75
126.75
126.75
126.5
126.5
127.25
124.75
124.75
127.5
127.5
130.0
130.0
129.5
129.5
131.0
131.0
131.5
131.5
130.75
129.5
129.5
129.5
129.5
129.5
129.25
129.25
128.0
128.0
129.75
129.75
129.5
129.5
130.5
130.5
132.75
132.75
132.0
132.0
132.0
131.75
131.75
131.25
131.25
131.0
130.25
130.25
129.5
129.5
127.5
127.5
127.25
127.25
124.25
124.25
124.25
123.75
123.75
125.25
125.25
127.0
127.0
127.5
127.5
128.25
128.25
129.5
130.75
130.75
131.5
131.5
130.75
130.75
129.25
129.25
128.0
128.0
127.0
127.0
126.75
126.75
126.75
126.75
126.75
127.0
127.0
127.25
127.25
128.25
128.25
128.5
128.5
128.25
128.25
128.0
128.0
126.75
126.75
126.25
127.25
127.25
125.75
125.75
124.75
124.75
125.0
125.0
126.25
126.25
128.0
128.0
128.25
128.25
127.75
127.75
127.5
127.5
127.25
127.25
127.25
127.25
127.25
127.5
127.5
126.5
126.5
125.25
125.25
125.0
125.0
123.75
123.75
123.0
123.0
122.5
122.5
122.5
122.5
122.25
122.25
121.5
121.5
120.5
120.5
119.5
119.5
120.25
120.25
122.5
122.5
124.25
124.25
123.25
123.25
122.75
123.5
123.5
123.5
123.5
122.75
122.75
122.25
122.25
121.0
121.0
121.0
121.0
118.75
118.75
118.75
118.75
118.5
118.5
118.5
118.5
118.5
118.5
118.5
118.75
118.75
119.25
119.25
119.75
121.0
121.0
122.25
122.25
122.75
122.75
122.25
122.25
121.5
121.5
120.25
120.25
118.75
118.75
120.0
120.0
120.5
120.5
120.25
120.25
120.25
120.25
120.25
120.25
119.25
119.25
121.0
121.0
122.5
122.5
122.0
122.0
122.25
122.25
122.0
122.0
121.0
121.0
119.5
119.5
119.25
119.25
120.0
120.0
120.25
120.25
118.25
118.25
117.75
117.75
118.25
118.25
117.75
117.75
117.75
118.25
118.25
118.5
118.5
118.5
118.5
119.25
119.25
120.0
120.0
119.75
119.75
120.25
120.25
120.5
120.5
119.25
119.25
118.75
118.75
117.75
117.75
117.75
117.75
117.75
117.75
117.75
117.75
119.0
119.0
121.0
121.0
122.25
122.25
123.25
123.25
123.5
123.5
123.5
123.25
123.25
124.0
124.0
125.0
125.0
126.25
126.25
127.25
127.25
128.0
128.0
128.5
128.5
129.5
130.25
130.25
130.75
130.75
131.0
131.0
130.75
130.75
130.75
130.75
129.0
128.0
128.0
126.5
126.5
125.5
125.5
126.0
126.0
126.25
126.25
126.5
126.5
127.25
127.25
127.25
127.25
126.0
126.0
125.75
125.75
125.75
125.75
126.0
125.75
125.75
125.75
125.75
126.25
126.25
127.0
127.0
127.25
127.25
126.25
126.25
126.0
126.0
122.75
122.75
122.75
122.75
122.0
122.0
121.75
121.75
121.75
121.75
120.75
120.75
120.0
120.0
121.5
121.5
123.25
126.25
126.25
128.5
128.5
130.25
130.25
129.75
129.75
130.0
130.0
131.5
131.5
131.5
131.75
131.75
132.0
132.0
130.75
130.75
129.75
129.75
129.5
129.5
129.0
128.5
128.5
128.5
128.5
128.25
128.25
128.5
128.5
128.5
128.5
128.25
128.25
128.0
128.0
127.75
127.5
127.5
127.25
127.25
127.25
127.25
127.75
127.75
127.5
127.5
126.75
126.75
129.25
129.25
130.0
130.75
130.75
128.5
128.5
127.75
127.75
126.0
126.0
124.5
124.5
122.25
122.25
121.5
121.5
121.5
121.5
122.25
122.25
123.75
123.75
125.5
125.5
127.0
127.0
128.25
129.25
129.25
129.5
129.5
129.5
129.5
129.25
129.25
129.5
129.5
129.5
128.25
128.25
128.5
128.5
128.5
128.5
128.0
128.0
128.0
128.0
128.0
128.0
128.0
128.0
126.75
126.75
128.0
128.0
128.0
127.25
127.25
127.5
127.5
128.0
128.0
128.5
128.5
128.25
128.25
128.25
128.75
128.75
129.75
129.75
129.0
129.0
129.5
129.5
130.25
130.25
130.25
130.25
130.25
130.25
130.25
128.75
128.75
127.75
127.75
128.0
128.0
128.75
128.75
128.25
128.25
127.75
127.75
126.75
126.75
126.5
126.25
126.25
124.5
124.5
125.0
125.0
125.0
125.0
126.0
126.0
126.25
126.25
126.75
126.75
126.75
126.75
127.0
127.0
127.0
126.5
126.5
127.25
127.25
126.0
126.0
125.0
125.0
125.0
125.0
125.25
125.25
125.5
125.5
125.25
125.25
125.75
125.75
125.5
125.5
125.5
125.5
125.25
126.25
126.25
126.0
126.0
126.25
126.25
127.75
127.75
127.25
127.25
128.5
128.5
128.25
128.25
127.5
128.25
128.25
127.5
127.5
128.5
128.5
129.5
129.5
128.0
128.0
128.0
128.0
128.0
128.0
128.0
126.5
126.5
127.0
127.0
127.25
127.25
127.25
127.25
127.0
127.0
126.25
126.25
126.0
126.0
126.5
126.5
127.25
128.5
128.5
129.25
129.25
128.5
128.5
127.25
127.25
127.25
127.25
129.0
129.0
129.5
129.5
129.0
129.0
129.0
129.0
129.0
127.0
127.0
126.75
126.75
126.25
126.25
126.0
126.0
126.0
126.0
126.5
126.5
127.25
127.25
128.0
128.0
128.0
127.25
127.25
126.25
126.25
125.25
125.25
121.75
121.75
122.25
122.25
121.5
121.5
119.25
119.25
121.75
121.75
125.0
125.0
126.0
126.0
127.75
127.75
129.0
130.0
130.0
130.75
130.75
132.0
132.0
132.25
132.25
129.25
129.25
120.5
120.5
113.25
113.25
112.0
112.0
110.75
110.75
112.75
112.75
120.0
120.0
123.0
123.0
122.5
122.5
121.5
121.5
121.5
121.5
120.75
120.75
120.0
120.0
120.25
120.25
121.0
121.0
122.5
122.5
124.0
124.0
124.5
124.5
125.5
125.5
126.25
126.25
126.5
126.5
126.25
127.25
127.25
127.5
127.5
127.25
127.25
126.5
126.5
124.25
124.25
124.75
124.75
123.75
123.75
123.25
123.25
123.0
123.0
123.75
123.75
123.5
123.5
123.75
123.75
124.5
124.0
124.0
123.25
123.25
121.5
121.5
121.5
120.5
120.5
119.25
119.25
118.5
118.5
115.0
115.0
114.0
114.0
114.5
114.5
116.0
116.0
116.5
116.5
117.25
117.25
118.5
118.5
119.0
119.0
118.5
118.5
118.25
118.25
120.75
120.75
123.5
123.5
126.0
126.0
127.5
127.5
128.25
128.75
128.75
129.5
129.5
128.25
128.25
128.25
127.75
127.75
129.75
129.75
126.5
126.5
127.0
127.0
126.25
126.25
126.25
126.5
126.5
125.25
125.25
126.25
126.25
125.75
125.75
125.75
125.75
125.0
125.0
125.0
125.0
125.25
125.25
126.0
126.0
126.25
126.25
125.75
125.75
126.25
125.75
125.75
125.75
125.25
125.25
126.5
126.5
127.0
127.0
128.0
128.0
127.75
128.0
128.0
126.25
126.25
125.25
125.25
124.25
124.25
124.5
124.5
125.25
125.25
125.75
125.75
127.25
127.25
128.25
128.25
127.75
128.5
128.5
128.5
128.5
131.0
131.0
132.0
132.0
130.25
130.25
129.5
129.0
129.0
128.5
128.5
129.0
129.0
128.5
128.5
128.5
128.5
127.25
127.25
126.0
126.0
126.5
126.5
125.0
125.0
125.0
125.0
125.0
125.0
125.75
125.75
125.75
127.25
127.25
128.75
128.75
130.25
130.25
130.5
131.0
131.0
132.75
132.75
134.25
134.25
134.25
134.25
134.25
133.5
133.5
132.75
132.75
132.25
132.25
130.25
130.25
129.0
129.0
128.5
128.0
128.0
127.75
127.75
129.5
129.5
130.25
130.25
131.25
131.25
130.75
129.75
129.75
128.0
128.0
123.0
123.0
118.0
118.0
118.0
117.0
117.0
116.5
116.5
115.75
115.75
118.5
118.5
120.25
120.25
121.5
124.25
124.25
126.75
126.75
126.75
126.75
126.5
126.5
128.5
128.5
131.25
131.25
132.0
130.75
130.75
130.75
130.75
130.5
130.5
130.5
130.5
130.25
130.25
129.25
128.0
128.0
126.25
126.25
125.75
125.75
127.25
127.25
127.25
127.25
126.75
126.75
126.25
126.25
125.25
125.25
124.5
124.5
123.25
123.25
122.5
122.5
121.5
121.5
121.0
121.0
121.5
121.5
121.75
121.75
121.75
121.75
122.25
122.25
123.0
122.75
122.75
122.75
122.75
122.5
122.5
122.5
122.0
122.5
122.5
121.5
121.5
121.5
121.5
121.25
121.25
121.25
121.75
122.25
122.25
124.0
124.0
126.5
126.5
128.0
128.0
128.5
128.25
128.25
128.25
128.5
128.75
128.75
129.0
129.0
129.5
129.5
129.5
129.5
128.5
128.5
128.0
128.0
128.0
129.75
129.75
128.0
128.0
126.75
126.75
129.0
129.0
130.5
130.25
130.25
130.0
130.0
129.75
129.75
130.25
130.25
128.25
128.25
127.25
127.25
126.25
126.25
126.25
126.25
125.75
125.75
125.25
125.5
125.5
125.25
125.25
126.25
126.25
129.0
129.0
127.0
127.0
127.25
127.25
125.5
125.5
128.0
127.25
127.25
127.25
128.75
128.75
128.75
129.0
129.0
129.0
129.0
127.75
127.75
127.5
127.5
125.75
125.75
125.25
125.25
124.25
124.25
124.25
125.75
125.75
126.75
126.75
127.25
127.25
125.75
125.75
124.5
124.5
125.0
125.0
124.5
124.5
123.25
123.25
124.0
124.0
124.5
124.5
124.0
124.5
124.5
125.75
125.75
125.75
125.75
126.25
126.25
126.25
126.25
126.0
126.0
125.25
125.25
126.25
126.25
126.25
126.25
126.75
127.25
127.25
127.5
127.5
128.0
128.0
129.0
129.0
129.5
129.5
129.75
129.75
130.25
130.5
130.5
130.75
130.75
130.75
130.75
130.75
130.75
130.5
130.5
130.25
