188.0
186.75
184.75
184.75
188.75
188.75
192.0
192.0
190.75
191.5
191.5
188.5
187.75
187.75
187.75
187.75
187.75
187.75
188.0
187.75
187.75
188.0
188.0
188.0
188.0
186.8409090909091
185.6818181818182
184.52272727272728
183.36363636363637
182.20454545454547
181.04545454545453
179.88636363636363
178.72727272727272
177.5681818181818
176.4090909090909
175.25
174.0909090909091
172.9318181818182
171.77272727272728
170.61363636363637
169.45454545454544
168.29545454545453
167.13636363636363
165.97727272727272
164.8181818181818
163.6590909090909
162.5
166.75
166.75
166.75
166.75
166.75
167.0
167.0
166.75
167.0
167.0
164.2
161.4
158.6
155.8
153.0
153.0
152.5
152.75
152.75
153.0
153.0
153.5
166.5
166.5
166.5
166.5
166.5
166.5
166.25
166.5
166.5
166.5
166.25
166.25
166.25
166.2941176470588
166.33823529411765
166.38235294117646
166.4264705882353
166.47058823529412
166.51470588235293
166.55882352941177
166.60294117647058
166.64705882352942
166.69117647058823
166.73529411764707
166.77941176470588
166.8235294117647
166.86764705882354
166.91176470588235
166.9558823529412
167.0
167.0
167.0
167.0
167.0
167.0
167.0
167.0
166.75
167.9
169.05
170.2
171.35
172.5
172.5
175.5
177.0
177.0
177.75
179.0
179.0
179.0
179.0
176.0
176.0
169.5
162.75
162.75
163.25
164.25
165.0
165.0
166.5
169.0
169.0
172.0
173.5
175.0
175.0
175.75
174.0
174.75
174.75
178.25
179.0
180.0
180.0
180.0
181.0
182.0
182.5
182.5
184.25
185.25
184.5
184.5
184.25
183.0
183.75
183.75
183.5
183.75
183.75
183.75
183.75
184.25
183.0
183.5
183.5
184.25
182.75
182.75
182.75
182.5
182.0
181.25
181.25
179.75
179.25
177.0
177.0
175.0
175.0
172.25
171.0
171.0
170.5
169.25
170.0
170.0
171.25
171.25
173.5
173.5
173.5
173.25
171.5
171.5
172.75
173.5
172.75
172.75
172.75
171.0
171.0
171.0
171.25
171.25
171.25
172.75
174.0
173.5
173.5
174.5
175.75
175.75
175.0
175.0
174.75
174.75
174.5
174.0
174.0
173.5
173.5
171.25
171.25
170.0
166.75
166.75
164.5
163.75
163.75
161.5
159.5
159.5
160.25
160.25
161.75
162.75
162.75
163.25
162.5
162.5
161.75
162.25
162.25
161.5
160.5
160.5
158.5
155.25
155.25
155.75
153.75
153.75
154.5
154.5
157.25
158.5
159.5
159.5
158.75
161.5
162.5
162.5
162.75
162.75
164.0
162.5
162.5
162.0
162.75
162.75
162.25
162.5
162.5
163.75
165.0
166.75
166.75
167.75
166.75
166.75
168.25
169.25
169.25
169.25
169.75
172.25
172.25
174.0
174.75
176.0
176.0
177.25
178.25
178.25
178.25
178.25
178.25
178.25
178.25
178.25
178.25
178.25
178.25
175.9
173.55
171.2
168.85
166.5
166.5
169.25
170.0
172.5
172.5
170.5
168.25
168.25
166.75
166.75
169.25
171.25
169.5
169.5
171.0
172.0
172.5
172.5
173.5
174.0
174.0
176.75
177.0
177.0
178.0
178.0
179.25
180.75
181.25
181.25
182.0
182.0
182.0
182.0
179.75
177.0
177.0
177.0
177.0
177.0
177.0
177.0
177.0
179.0
179.75
179.75
179.75
179.75
179.75
179.75
179.75
180.0
175.5
175.5
175.0
169.25
169.25
168.5
168.5
168.5
171.25
173.75
175.0
175.0
176.25
177.75
179.25
179.25
179.0
180.25
180.0
180.0
180.0
180.0
179.25
179.25
179.25
178.25
177.75
177.75
177.75
177.0
177.25
177.25
177.25
177.75
177.75
177.75
177.75
177.75
177.75
177.75
177.75
177.75
178.0
178.0
177.05357142857142
176.10714285714286
175.16071428571428
174.21428571428572
173.26785714285714
172.32142857142858
171.375
170.42857142857142
169.48214285714286
168.53571428571428
167.58928571428572
166.64285714285714
165.69642857142858
164.75
164.75
162.5
161.0
161.0
161.0
161.0
161.0
161.0
161.0
161.0
161.0
161.0
161.0
161.0
161.0
160.75
164.0
167.25
170.5
173.75
177.0
177.0
177.75
177.25
177.0
177.0
176.0
175.75
175.75
175.0
175.0
176.0
173.5
172.5
172.5
173.75
174.75
174.75
174.5
172.75
170.5
170.5
167.75
167.75
167.75
167.75
167.75
168.0
168.0
168.0
168.0
168.0
168.0
168.0
175.5
175.5
180.0
182.0
183.75
183.75
186.25
186.75
187.0
187.0
187.0
188.0
189.25
189.5
189.5
189.5
189.5
189.5
189.5
189.25
189.25
187.0
185.25
185.25
185.25
185.25
185.25
185.25
185.25
185.5
185.5
185.25
183.2
181.15
179.1
177.05
175.0
176.75
176.75
176.75
179.25
178.0
178.0
178.0
178.0
178.0
178.0
178.0
178.0
177.75
177.75
177.0
175.0
175.75
175.75
172.5
171.0
171.0
171.0
170.0
171.25
171.25
172.5
172.5
172.5
176.0
179.0
180.25
180.0
180.0
181.0
185.5
185.5
187.75
188.0
187.75
187.75
187.75
187.75
181.75
181.75
179.75
179.75
177.0
174.0
174.0
171.5
171.5
171.5
171.5
171.25
171.5
171.5
171.5
171.5
163.65
155.8
147.95
140.1
132.25
132.25
131.0
131.0
131.5
131.5
131.5
131.5
131.5
131.5
131.5
131.25
131.5
131.5
131.5
133.66666666666666
135.83333333333334
138.0
140.16666666666666
142.33333333333334
144.5
144.5
143.25
141.5
141.5
141.5
140.75
140.75
141.0
141.0
140.0
140.0
139.5
139.5
138.75
137.0
137.0
135.25
135.25
134.25
134.25
133.5
133.5
133.5
134.25
134.25
136.25
136.25
136.25
136.25
136.25
135.75
135.75
137.5
138.5
138.5
139.0
139.0
139.75
143.0
143.0
143.0
143.0
143.0
142.75
142.75
143.0
143.0
142.75
142.6875
142.625
142.5625
142.5
142.4375
142.375
142.3125
142.25
142.25
143.75
143.25
143.25
141.5
141.5
140.75
140.75
140.75
140.25
140.25
139.25
136.25
136.25
135.75
134.25
134.25
138.0
138.0
142.0
142.0
150.0
150.75
150.75
147.25
147.25
145.0
145.0
142.5
142.5
143.25
143.25
143.25
143.25
143.25
143.5
143.5
143.5
143.5
143.5
142.825
142.15
141.475
140.8
140.125
139.45
138.775
138.1
137.425
136.75
136.75
136.75
136.75
136.75
136.75
136.75
137.0
137.0
136.75
137.0
137.0
136.75
136.75
136.75
136.75
137.95833333333334
139.16666666666666
140.375
141.58333333333334
142.79166666666666
144.0
145.20833333333334
146.41666666666666
147.625
148.83333333333334
150.04166666666666
151.25
152.45833333333334
153.66666666666666
154.875
156.08333333333334
157.29166666666666
158.5
159.70833333333334
160.91666666666666
162.125
163.33333333333334
164.54166666666666
165.75
167.0
167.0
166.5
164.5
164.5
164.5
164.5
164.5
164.5
164.25
164.25
164.5
158.03571428571428
151.57142857142858
145.10714285714286
138.64285714285714
132.17857142857142
125.71428571428571
119.25
119.25
119.25
119.25
119.25
119.25
119.25
119.5
119.25
119.25
119.25
130.85
142.45
154.05
165.65
177.25
178.25
178.25
179.25
181.25
180.0
180.0
180.0
180.0
180.0
180.0
180.0
180.0
180.0
179.75
180.0
180.0
180.0
180.0
180.0
179.46875
178.9375
178.40625
177.875
177.34375
176.8125
176.28125
175.75
175.21875
174.6875
174.15625
173.625
173.09375
172.5625
172.03125
171.5
169.5
169.75
169.75
166.25
166.25
163.25
163.75
164.25
164.25
164.0
164.0
164.0
162.25
162.25
160.5
157.75
157.75
156.75
158.0
160.25
160.25
162.25
166.5
166.5
168.0
170.75
170.75
174.5
174.5
174.5
177.0
178.25
178.25
178.75
181.0
181.0
182.5
182.5
182.5
180.25
180.25
180.75
180.75
180.0
180.0
180.0
180.0
180.0
180.0
180.0
180.0
180.0
179.75
179.75
167.875
156.0
144.125
132.25
132.25
134.0
134.0
136.75
136.75
138.0
136.75
136.75
135.5
135.5
134.0
134.0
132.0
132.0
131.5
131.5
130.25
130.0
130.0
130.75
130.75
130.75
130.75
130.25
130.25
130.25
130.25
129.0
129.0
125.25
125.25
123.25
123.25
119.5
119.5
118.25
118.25
116.5
116.5
116.0
116.0
113.5
113.5
113.5
114.25
114.25
118.5
118.5
115.0
115.0
129.0
129.0
135.25
127.25
127.25
134.5
134.5
134.75
134.75
135.5
133.5
133.5
132.0
132.0
129.75
129.75
126.75
126.75
126.25
126.25
126.5
126.5
126.5
126.5
126.75
127.75
127.75
127.25
127.25
129.0
129.0
129.75
129.75
131.0
131.0
125.5
125.5
120.0
120.0
119.0
119.0
118.75
118.75
118.75
118.75
117.5
117.5
118.0
118.0
117.5
117.5
118.75
118.75
120.25
120.25
123.0
123.0
122.25
122.25
121.5
121.5
122.75
122.75
121.25
121.25
119.25
119.25
118.75
118.75
119.75
119.75
119.75
128.0
128.0
143.25
142.0
142.0
137.25
137.25
127.25
127.25
127.25
126.0
126.0
126.25
127.25
127.25
129.5
129.5
129.0
129.0
128.25
128.25
127.25
127.25
126.5
127.75
127.75
128.0
128.0
126.75
126.75
126.75
127.0
127.0
127.0
127.0
127.0
126.75
127.0
127.0
139.0
139.0
136.25
136.25
137.0
135.75
135.75
134.25
134.25
132.0
132.0
128.5
128.5
126.75
126.75
126.75
126.75
127.0
126.75
126.75
128.5
128.5
128.75
128.75
129.0
129.0
130.5
130.5
130.75
135.0
135.0
137.75
137.75
141.0
152.5
152.5
153.0
149.0
149.0
140.75
140.75
134.75
134.75
132.0
132.0
131.0
129.75
129.75
129.0
129.0
130.75
130.75
131.75
131.75
133.25
133.25
133.75
133.75
133.5
133.5
133.5
132.0
132.0
133.5
133.5
128.5
128.5
127.5
126.25
126.25
126.25
124.5
124.5
124.5
124.25
124.25
125.0
125.0
126.75
126.75
126.75
126.75
127.0
127.0
126.75
127.0
126.75
126.75
126.95
127.15
127.35
127.55
127.75
127.75
126.75
126.75
126.75
126.75
127.0
127.0
127.0
127.0
126.75
126.75
126.25
126.25
126.25
127.25
127.25
127.25
127.25
126.5
126.5
126.75
126.75
126.25
125.75
125.75
125.0
125.0
124.0
124.0
124.5
124.5
122.75
122.75
121.25
121.25
126.5
126.5
131.0
131.0
128.0
125.25
125.25
117.5
117.5
121.0
121.0
122.0
122.0
123.75
123.75
123.25
123.25
122.75
122.75
123.25
123.25
124.0
124.0
126.0
126.0
124.0
123.0
123.0
123.5
123.5
123.5
125.25
125.25
126.75
126.75
127.0
128.0
128.0
127.5
127.5
127.5
127.5
127.5
127.5
127.5
127.25
127.25
127.25
127.25
127.25
127.25
127.25
126.25
125.25
124.25
123.25
122.25
122.25
121.75
121.75
120.0
120.0
120.25
120.25
121.5
121.5
121.75
121.75
123.75
123.75
124.0
124.0
123.5
128.75
128.75
129.0
129.0
129.0
128.75
128.75
129.0
129.0
134.25
134.25
134.25
134.25
132.5
132.5
132.25
132.25
132.25
132.25
132.5
132.5
118.5
118.5
120.0
120.0
118.75
118.75
120.5
120.5
121.75
121.75
123.5
123.5
126.25
126.25
126.25
126.25
126.25
126.25
126.25
126.25
126.5
126.5
126.5
126.5
126.5
126.29166666666667
126.08333333333333
125.875
125.66666666666667
125.45833333333333
125.25
125.25
123.5
123.5
122.25
122.25
123.5
123.5
123.5
123.5
124.25
124.25
124.5
124.5
124.75
124.75
126.25
126.25
126.75
126.75
128.0
130.25
130.25
133.75
133.75
134.25
134.25
134.5
133.5
133.5
133.75
133.75
133.5
133.5
132.75
132.75
132.5
132.5
130.25
130.25
128.0
128.0
127.25
127.25
125.25
125.25
125.25
128.25
128.25
127.25
127.25
126.25
126.25
127.25
127.25
125.75
125.75
127.25
129.0
129.0
130.5
130.5
128.5
128.5
127.75
127.75
121.0
121.0
119.5
119.5
121.75
121.75
121.0
121.0
121.0
121.0
121.0
121.0
121.0
121.0
121.0
121.0
120.75
120.75
119.5
118.25
117.0
115.75
114.5
113.25
113.25
115.5
115.5
116.75
116.75
116.75
117.0
117.0
117.0
117.0
116.75
116.75
123.5
123.5
122.75
122.75
123.5
123.5
124.0
124.0
125.75
125.75
128.0
128.0
128.5
128.5
125.75
125.75
125.0
125.0
127.5
128.75
128.75
128.75
126.75
126.75
124.75
124.75
125.75
125.75
125.0
125.0
124.5
124.25
124.25
124.5
124.5
125.75
125.75
129.0
129.0
130.75
135.0
135.0
133.25
133.25
136.75
136.75
136.75
136.75
136.75
137.0
137.0
137.0
137.0
137.0
137.0
137.0
137.0
132.34375
127.6875
123.03125
118.375
113.71875
109.0625
104.40625
99.75
99.75
99.75
102.0
102.0
102.5
102.5
102.5
101.5
101.5
102.0
102.0
102.25
102.25
102.0
102.0
103.5
103.5
104.75
104.75
104.75
105.0
105.0
104.75
104.75
104.75
104.75
104.75
104.75
104.75
107.85
110.95
114.05
117.15
120.25
120.25
118.75
118.75
118.75
120.0
120.0
120.25
120.25
122.5
122.5
123.5
123.5
124.0
124.0
123.5
124.5
124.5
124.5
124.5
124.5
124.5
124.0
124.0
124.5
124.5
123.25
123.25
122.5
122.5
120.0
120.0
118.75
118.75
118.5
118.5
118.0
118.0
117.0
117.0
117.0
117.0
116.25
116.25
117.0
117.0
115.75
115.75
115.75
115.75
115.0
115.0
115.75
115.75
117.75
117.75
120.0
120.0
121.5
121.5
122.0
122.0
123.5
123.5
122.25
122.25
121.75
121.75
121.0
121.0
120.75
120.75
122.25
122.25
123.0
123.0
123.5
123.5
122.75
122.75
123.25
121.25
121.25
120.75
120.75
121.0
121.0
122.0
122.0
121.0
121.0
119.75
119.75
119.0
119.0
117.0
117.0
114.75
114.75
110.0
110.0
111.25
111.25
111.25
106.75
106.75
107.5
107.5
110.75
110.75
110.75
110.75
110.75
110.75
110.75
111.0
110.75
110.75
110.75
110.75
110.75
114.20833333333333
117.66666666666667
121.125
124.58333333333333
128.04166666666666
131.5
130.75
130.75
129.5
129.5
129.75
129.75
129.5
129.5
129.75
129.75
129.75
129.5
129.5
129.5
127.25
127.25
125.75
125.75
123.0
123.0
120.5
120.5
118.0
118.0
117.0
117.0
117.0
117.0
117.5
117.5
115.0
115.0
114.0
114.0
114.0
113.5
113.5
113.25
113.25
111.75
111.75
110.0
110.0
109.0
109.0
109.0
109.0
109.0
112.75
112.75
117.5
117.5
120.25
123.0
123.0
124.0
124.0
120.5
120.5
119.25
119.25
119.25
117.0
117.0
115.0
115.0
114.75
114.75
114.25
114.25
114.0
114.0
113.0
113.0
114.25
114.25
115.0
115.0
117.0
117.0
120.75
120.75
121.75
121.75
121.25
121.25
119.0
119.0
118.5
118.5
119.25
119.25
119.75
119.75
120.0
120.0
117.75
117.75
115.5
115.5
115.5
115.0
115.0
114.5
114.5
114.5
114.5
114.0
114.0
114.0
114.0
113.5
113.5
114.25
114.25
118.0
118.0
119.5
119.5
121.75
121.75
122.5
122.5
124.0
124.0
122.0
122.0
122.5
122.5
121.5
121.5
122.25
122.25
123.0
123.0
127.25
127.25
130.75
130.75
130.25
130.25
129.75
130.25
130.25
129.75
129.75
130.75
132.0
132.0
133.25
133.25
133.5
133.5
132.25
132.25
131.5
131.0
131.0
129.5
129.5
126.5
126.5
127.5
127.5
126.0
126.0
124.0
124.0
122.0
122.0
120.75
120.75
120.0
120.0
120.0
120.0
120.75
120.75
123.5
123.5
125.75
125.75
121.5
121.5
117.0
117.0
109.5
109.5
107.5
107.5
107.5
107.0
107.0
106.25
106.25
108.25
108.25
106.25
106.25
106.25
105.5
105.5
102.0
102.0
103.25
103.25
103.25
102.0
102.0
103.0
103.0
103.5
103.5
103.5
106.5
106.5
106.5
94.25
94.25
102.5
102.5
109.0
109.0
104.75
104.75
104.75
105.0
105.0
104.75
104.75
105.0
104.75
105.0
105.0
113.125
121.25
129.375
137.5
145.625
153.75
152.25
152.25
151.5
151.25
151.25
152.5
153.75
153.75
155.0
155.0
153.75
152.0
151.75
151.75
151.75
151.75
151.75
151.75
151.75
151.75
152.0
152.0
151.75
151.75
152.0
144.28125
136.5625
128.84375
121.125
113.40625
105.6875
97.96875
90.25
90.25
90.25
103.25
103.25
105.0
105.0
106.75
106.75
104.75
104.75
102.75
102.75
101.25
101.25
97.75
97.75
97.75
98.25
98.25
99.5
99.5
100.25
100.25
100.25
100.5
100.5
101.25
101.25
101.75
101.75
102.0
102.0
102.5
102.5
104.0
104.0
104.75
104.75
104.75
105.0
105.0
105.0
105.0
105.0
105.0
105.0
104.75
104.75
107.5
107.5
110.0
107.75
107.75
107.75
107.0
107.0
107.0
108.25
110.0
110.0
110.0
113.75
113.75
115.0
115.0
115.75
115.75
117.5
117.5
116.0
116.0
119.25
119.25
119.5
119.5
118.75
118.75
118.0
118.0
117.75
117.75
120.0
120.0
120.75
120.75
121.75
121.75
123.25
123.25
123.5
123.5
123.5
123.0
123.0
124.5
124.5
124.5
145.75
145.75
144.25
139.0
139.0
135.75
135.75
132.75
132.75
130.25
130.25
128.75
128.75
128.25
128.25
127.25
129.25
129.25
130.75
130.75
134.75
137.0
137.0
137.25
137.25
136.75
136.75
134.25
134.25
131.5
131.5
128.0
128.0
126.75
126.75
127.0
127.0
126.0
126.0
125.75
125.75
123.5
123.5
123.5
123.5
124.75
124.75
126.25
126.25
127.25
127.25
126.25
126.25
124.75
124.75
122.75
122.75
122.5
124.5
124.5
126.0
126.0
125.0
125.0
124.75
124.75
123.5
123.5
123.0
123.0
123.0
123.0
122.75
122.75
125.5
125.5
126.75
126.75
126.5
126.5
128.0
128.0
126.75
126.75
126.5
125.25
125.25
124.0
124.0
121.75
121.75
120.25
120.25
119.5
119.5
119.5
119.5
119.75
119.75
117.75
117.75
117.0
117.0
116.25
116.25
115.25
115.25
114.0
114.0
114.75
114.75
115.75
115.75
117.75
117.75
118.75
118.75
119.25
119.25
119.25
119.25
118.0
118.0
116.75
116.75
119.25
119.25
119.0
119.0
119.0
116.25
116.25
114.5
114.5
114.5
114.5
112.25
112.25
111.5
111.5
111.0
111.0
111.0
111.75
111.75
113.25
113.25
114.25
114.25
112.5
112.5
110.75
110.75
110.5
110.5
110.75
110.75
110.75
110.75
110.75
110.5
110.5
110.75
110.75
109.75
109.75
110.5
110.5
112.0
112.0
112.25
112.25
112.25
113.25
113.25
113.25
113.25
113.25
113.25
113.75
113.75
115.25
115.25
117.0
117.0
116.75
116.75
116.75
116.5
116.5
119.0
121.75
121.75
122.25
122.25
120.75
120.75
123.0
123.0
122.25
122.25
120.0
120.0
119.25
119.25
121.0
121.0
121.5
121.5
122.5
122.5
124.5
124.5
122.5
122.5
121.75
121.75
120.75
120.75
123.0
123.0
122.25
122.25
125.0
125.0
128.5
128.5
132.25
132.5
132.5
132.5
132.5
129.0
129.0
126.0
126.0
122.75
122.75
123.25
123.25
121.5
121.5
121.0
121.0
121.75
121.75
122.25
122.25
124.0
124.0
128.0
128.0
128.0
127.0
127.0
126.5
126.5
126.25
126.25
125.0
125.0
125.5
125.5
125.0
125.0
126.25
126.25
125.75
125.75
125.75
125.75
125.0
126.25
126.25
126.5
126.5
129.5
129.5
131.75
131.75
134.75
134.75
135.25
135.5
135.5
136.75
136.75
141.5
147.0
147.0
147.0
146.0
146.0
146.0
136.75
133.25
133.25
130.25
130.25
128.0
128.0
126.5
126.5
126.75
126.75
126.25
126.25
125.25
125.25
125.5
125.5
128.25
128.75
128.75
125.5
125.5
125.0
125.0
123.5
123.5
124.0
124.0
124.0
124.0
124.0
124.0
124.0
128.0
128.0
131.75
131.75
133.5
133.5
133.0
133.0
127.75
127.75
126.25
126.25
125.5
125.5
125.25
125.0
125.0
124.5
124.5
124.0
124.0
122.75
122.75
123.25
123.25
123.0
123.0
123.75
123.75
123.0
123.0
124.0
124.0
124.5
124.5
125.5
125.5
124.5
124.75
124.75
125.25
125.25
126.0
126.0
127.75
127.75
128.5
128.5
127.5
127.5
130.0
131.5
131.5
131.0
131.0
128.5
128.5
127.5
127.5
125.5
125.5
125.0
125.0
125.25
125.25
125.0
125.0
125.0
124.75
124.75
125.0
125.0
125.0
124.75
124.75
125.0
124.75
124.75
125.0
125.0
125.75
125.75
126.25
126.25
128.0
128.0
129.5
130.25
130.25
131.25
131.25
131.75
131.75
131.25
131.25
130.25
130.25
129.75
130.75
130.75
131.0
131.0
130.25
130.25
130.5
130.5
130.75
131.0
131.0
131.0
129.75
129.75
127.75
127.25
127.25
126.75
126.75
126.25
126.25
128.0
128.0
128.25
128.25
127.0
129.5
129.5
129.5
130.75
130.75
130.75
131.5
131.5
129.5
129.5
130.25
129.0
129.0
127.25
127.25
125.75
125.75
126.25
126.25
127.0
127.0
126.0
126.0
125.75
125.75
128.5
135.0
135.0
138.0
138.0
135.5
135.5
128.25
128.25
125.75
125.75
125.75
125.75
125.25
125.25
120.75
120.75
118.0
118.0
116.0
116.0
115.75
115.75
117.75
117.75
121.75
121.75
126.25
126.25
127.75
131.5
131.5
134.75
134.75
135.0
135.0
134.0
133.5
133.5
130.75
130.75
130.75
130.75
130.75
127.0
126.25
126.25
127.25
127.25
127.75
127.75
127.0
127.0
127.25
126.25
126.25
125.75
125.75
127.75
127.75
126.0
126.0
126.5
126.5
126.5
127.25
127.25
127.25
127.25
127.25
127.25
127.25
127.25
127.5
127.5
128.75
128.75
128.0
128.0
127.25
127.25
127.25
127.25
127.25
127.25
127.25
127.5
127.5
127.25
127.25
126.75
126.75
128.0
128.0
126.25
126.25
128.0
128.0
127.5
129.0
129.0
129.0
128.75
128.75
128.5
128.5
131.0
131.0
131.0
131.0
131.0
131.0
131.0
130.75
130.75
135.25
133.5
133.5
132.0
131.5
131.5
130.75
130.75
130.75
128.75
128.75
125.0
125.0
124.5
124.5
124.5
124.75
124.75
125.5
125.5
125.5
126.5
126.5
126.25
126.25
126.25
126.5
126.5
126.25
126.25
126.25
130.08333333333334
133.91666666666666
137.75
141.58333333333334
145.41666666666666
149.25
148.5
148.5
146.25
146.25
147.0
149.25
149.25
150.0
151.0
151.0
152.25
154.0
154.0
155.5
156.25
156.25
156.0
156.5
156.5
156.25
156.25
155.5
154.25
154.25
154.0
152.75
152.75
140.25
140.25
117.5
117.5
110.25
110.25
112.75
112.75
112.75
112.75
112.75
112.75
113.0
113.0
112.75
112.75
112.75
122.45
132.15
141.85
151.55
161.25
161.25
160.5
160.5
160.5
160.75
160.75
160.75
161.0
161.0
160.25
160.25
159.5
157.75
156.5
156.5
150.75
150.75
143.5
143.5
143.5
143.5
143.25
143.25
143.25
143.25
143.25
143.5
143.5
143.25
136.3
129.35
122.4
115.45
108.5
108.5
108.5
116.5
116.5
117.0
117.0
117.0
117.0
117.0
117.0
117.0
116.75
116.75
116.75
116.75
115.94642857142857
115.14285714285714
114.33928571428571
113.53571428571429
112.73214285714286
111.92857142857143
111.125
110.32142857142857
109.51785714285714
108.71428571428571
107.91071428571429
107.10714285714286
106.30357142857143
105.5
105.5
105.75
105.75
105.75
106.5
106.5
109.75
109.75
111.0
111.0
114.5
114.5
116.0
116.0
117.75
120.0
120.0
121.75
121.75
122.75
122.75
123.5
123.5
124.5
124.5
124.25
124.25
126.5
127.5
127.5
128.0
128.0
128.0
147.75
147.75
147.75
144.0
144.0
133.0
133.0
128.0
128.0
126.25
126.25
123.75
123.75
122.75
122.75
124.0
124.0
125.5
127.5
127.5
128.5
128.5
130.25
130.25
130.75
130.75
130.0
130.0
128.75
128.75
128.0
128.0
127.25
127.25
127.5
127.5
128.0
128.0
128.5
128.5
128.5
128.5
128.25
128.5
128.5
128.25
128.5
128.5
130.07142857142858
131.64285714285714
133.21428571428572
134.78571428571428
136.35714285714286
137.92857142857142
139.5
139.0
139.0
138.0
138.0
136.0
136.0
136.25
137.25
137.25
138.5
142.0
142.0
147.25
147.25
151.0
151.0
152.5
153.5
153.5
153.5
152.75
152.75
149.75
149.75
147.25
144.0
144.0
139.5
139.5
133.5
133.5
126.75
126.75
125.0
125.0
123.75
123.75
122.0
122.0
121.5
121.5
122.25
122.25
122.5
122.5
122.5
122.5
122.25
122.25
122.25
122.25
123.5
123.5
121.75
121.75
123.0
123.0
124.0
126.0
126.0
125.75
125.75
125.0
125.0
125.0
125.0
125.0
125.0
124.75
124.75
125.0
125.0
125.5
125.5
126.0
125.5
125.5
125.0
125.0
124.5
124.5
123.0
123.0
124.5
124.5
124.0
124.0
126.75
126.75
129.5
129.5
129.25
129.25
130.0
130.0
127.25
128.0
128.0
128.5
128.5
129.0
129.0
127.75
127.75
129.0
129.0
126.75
126.75
129.0
128.0
128.0
126.25
126.25
125.75
125.75
129.25
129.25
133.0
133.0
132.75
132.75
131.5
130.5
130.5
129.75
129.75
129.5
129.5
128.75
128.75
129.75
129.75
132.0
133.75
133.75
133.75
133.75
134.0
134.0
133.25
133.25
131.25
132.75
132.75
133.5
133.5
133.5
133.5
134.25
134.25
132.0
132.0
132.75
133.5
133.5
134.0
134.0
133.5
133.5
135.75
138.75
138.75
141.5
141.5
143.25
142.0
142.0
138.75
138.75
137.5
137.5
137.0
136.75
136.75
135.75
135.75
135.0
135.0
136.0
134.5
134.5
135.75
135.75
137.75
137.75
137.5
139.25
139.25
140.75
140.75
141.0
141.0
141.25
140.75
140.75
139.0
139.0
137.5
137.5
135.75
135.75
135.75
135.25
135.25
134.25
134.25
136.0
137.25
137.25
137.75
137.75
139.5
139.5
139.5
137.75
137.75
137.0
137.0
136.5
136.5
135.0
132.0
132.0
130.25
130.25
131.0
131.0
132.0
132.0
132.75
139.5
139.5
139.0
139.0
136.75
136.75
135.5
135.75
135.75
136.0
136.0
135.5
135.5
133.0
133.0
131.25
130.75
130.75
130.25
130.25
130.75
130.75
130.5
130.5
131.5
132.25
132.25
124.0
124.0
124.0
123.75
123.75
124.0
124.0
124.0
124.0
123.5625
123.125
122.6875
122.25
121.8125
121.375
120.9375
120.5
120.0625
119.625
119.1875
118.75
118.75
119.75
119.75
118.75
118.75
123.75
123.75
127.75
127.5
127.5
130.5
130.5
133.5
133.5
137.25
138.5
138.5
139.5
139.5
141.5
142.75
142.75
142.75
142.75
142.5
142.75
142.75
142.5
142.5
147.75
147.75
147.75
147.75
147.75
147.75
147.75
147.75
148.0
148.0
148.0
