129.5
130.0
130.0
130.25
130.25
130.75
130.0
130.0
130.5
130.5
131.25
131.25
130.25
130.25
130.25
130.25
132.0
133.25
133.25
133.5
133.5
134.0
134.0
132.25
132.75
132.75
133.5
133.5
136.0
136.0
137.0
137.0
134.5
133.5
133.5
132.5
132.5
134.0
134.0
132.75
132.75
132.0
132.5
132.5
130.5
130.5
130.25
130.25
132.75
132.75
134.5
134.5
134.5
135.0
135.0
136.25
136.25
136.5
139.0
139.0
140.75
140.75
142.0
139.5
139.5
139.0
139.0
139.0
139.0
136.25
136.75
136.75
137.25
137.25
136.75
136.75
137.5
137.5
137.75
135.75
135.75
134.25
134.25
133.0
133.0
133.0
133.0
132.75
134.75
134.75
134.25
134.25
133.5
133.5
134.0
134.0
133.5
131.5
131.5
126.0
126.0
125.0
125.0
124.5
124.5
127.0
128.5
128.5
129.5
129.5
130.25
130.25
129.0
129.0
131.25
131.25
129.75
130.75
130.75
131.25
131.25
131.25
131.25
130.25
130.25
130.25
130.25
130.25
130.25
130.25
130.75
130.75
130.75
130.75
130.75
130.25
130.25
130.25
130.25
130.0
130.0
129.75
130.25
130.25
130.0
130.0
129.0
129.0
130.75
130.75
127.75
127.75
127.5
127.5
128.5
128.5
129.25
130.0
130.0
131.5
131.5
131.25
131.25
131.5
131.5
132.25
132.5
132.5
134.0
134.0
134.25
134.25
134.5
134.5
132.25
132.25
134.25
135.75
135.75
134.25
134.25
134.75
133.25
133.25
133.25
133.25
132.75
132.75
135.75
135.75
135.75
135.75
135.75
135.75
137.75
138.0
138.0
138.75
139.5
139.5
139.5
139.5
139.5
139.5
139.5
139.5
139.5
139.25
148.25
148.25
145.0
144.0
144.0
144.0
144.0
144.0
144.0
144.0
144.0
144.0
136.75
136.875
137.0
137.0
136.75
136.75
137.0
137.0
136.75
136.47058823529412
136.19117647058823
135.91176470588235
135.63235294117646
135.35294117647058
135.0735294117647
134.7941176470588
134.51470588235293
134.23529411764707
133.9558823529412
133.6764705882353
133.39705882352942
133.11764705882354
132.83823529411765
132.55882352941177
132.27941176470588
132.0
132.0
128.5
128.5
133.25
133.25
133.25
133.25
133.25
133.25
133.25
133.25
133.25
133.25
133.25
132.7625
132.275
131.7875
131.3
130.8125
130.325
129.8375
129.35
128.8625
128.375
127.8875
127.4
126.9125
126.425
125.9375
125.45
124.9625
124.475
123.9875
123.5
123.5
125.0
125.0
126.0
126.0
127.25
127.25
127.75
130.25
130.25
127.5
127.5
130.0
130.0
128.5
128.5
130.25
130.25
131.25
131.25
130.25
130.25
130.25
130.75
130.75
129.5
129.5
131.5
131.5
132.5
132.75
132.75
132.0
132.0
131.5
131.5
131.5
131.5
131.5
131.5
131.5
131.5
131.5
131.25
131.25
131.5
131.5
128.0
128.0
128.0
128.5
127.75
127.75
128.5
128.5
128.25
128.25
128.0
128.5
128.5
128.5
128.75
128.75
127.5
127.5
132.25
132.25
133.5
133.5
134.25
132.75
132.75
132.75
132.75
132.75
132.75
132.75
132.75
132.75
132.75
132.75
132.75
132.75
132.75
132.75
132.75
132.41666666666666
132.08333333333334
131.75
131.41666666666666
131.08333333333334
130.75
130.75
132.5
132.5
132.25
132.25
132.75
132.75
128.75
128.75
127.25
125.75
125.75
125.75
123.5
123.5
123.5
123.5
123.5
123.25
123.25
123.25
123.25
123.5
123.5
123.5
123.85
124.2
124.55
124.9
125.25
125.25
125.0
125.0
125.25
125.25
125.75
125.75
126.75
126.75
126.75
127.75
127.75
128.0
128.0
129.75
129.75
132.0
132.0
132.0
132.0
132.0
132.0
132.0
132.75
132.75
133.5
133.5
133.5
133.5
133.75
133.75
133.75
132.25
132.25
131.0
131.0
128.0
128.0
126.0
126.0
125.0
125.0
124.75
124.75
125.25
125.5
125.5
128.0
128.0
128.75
128.75
129.5
129.5
131.25
131.25
130.25
132.75
132.75
134.25
134.25
134.25
134.25
133.5
133.5
133.5
133.75
133.75
133.5
133.5
132.75
132.75
134.5
134.25
134.25
133.25
133.25
134.5
134.5
133.0
133.0
133.0
131.25
131.25
131.25
131.25
130.25
130.25
129.0
129.0
128.5
128.5
128.75
128.75
129.5
130.25
130.25
131.75
131.75
131.5
131.5
131.5
134.25
134.25
133.0
133.0
132.75
132.0
132.0
132.0
132.0
130.5
130.5
130.75
131.25
131.25
131.25
133.5
132.0
132.0
133.25
133.25
134.0
134.0
135.0
135.0
135.5
135.5
135.0
135.0
132.75
132.75
132.75
132.5
132.5
132.0
132.0
133.5
133.5
128.0
128.0
129.0
130.25
130.25
129.75
129.75
130.75
131.5
131.5
132.0
132.0
134.5
134.5
134.5
134.5
135.25
135.25
135.5
135.5
135.0
135.75
135.75
134.25
134.25
136.25
136.25
135.75
136.75
136.75
136.5
136.5
138.0
138.0
138.0
138.5
138.5
138.5
140.25
140.0
140.0
140.25
140.25
139.5
139.5
140.75
140.5
140.5
139.25
139.25
140.5
140.5
140.25
141.25
141.25
141.5
140.75
140.75
142.0
142.0
142.0
142.0
142.0
142.0
142.0
142.0
142.75
147.5
147.5
147.5
149.75
146.25
147.5
147.5
147.5
147.5
146.75
146.75
146.75
146.25
146.25
144.5
144.5
143.75
143.75
145.0
145.0
146.5
147.5
147.5
147.5
147.5
147.5
154.5
154.5
149.0
149.0
150.75
150.0
150.0
150.0
147.25
147.25
150.75
150.75
163.5
150.0
150.0
148.0
148.0
145.5
145.5
148.25
146.0
146.0
143.0
141.25
141.25
139.0
139.0
132.75
129.5
129.5
129.5
120.25
120.25
121.75
121.75
122.75
122.75
123.75
123.75
132.5
135.75
135.75
135.0
135.0
135.0
135.0
133.0
133.0
132.0
132.0
122.25
122.25
119.0
119.0
121.75
121.75
121.5
121.5
122.25
121.75
121.75
122.25
122.25
122.25
122.25
120.75
120.75
121.25
121.25
122.5
122.5
122.25
122.25
123.25
123.25
123.25
123.25
123.5
123.5
125.75
125.75
129.0
129.0
129.75
130.75
130.75
132.5
132.5
132.0
132.0
131.25
129.75
129.75
130.75
130.75
132.0
130.25
130.25
130.25
131.0
132.0
132.0
132.0
132.75
131.25
131.25
130.25
130.25
130.25
132.75
134.75
134.75
127.25
131.25
131.25
131.25
131.25
130.75
130.75
130.5
130.5
130.75
130.75
130.75
130.75
129.75
129.75
129.5
130.75
130.75
130.25
130.25
129.0
129.0
130.5
130.5
131.0
131.0
132.0
132.0
132.0
132.25
132.25
132.5
132.5
133.75
133.75
133.5
133.5
132.75
132.75
134.25
134.25
134.5
133.5
133.5
135.0
135.0
135.0
133.5
132.0
132.0
132.0
132.0
131.5
131.5
131.0
131.0
131.0
131.25
131.25
124.5
124.5
123.25
126.5
126.5
127.75
127.75
131.25
131.25
131.25
131.25
131.25
131.25
131.5
131.5
131.25
131.25
131.25
133.5
132.5
132.5
133.75
133.75
134.5
134.5
134.0
135.0
135.0
135.0
135.0
135.0
134.75
135.5
135.5
136.75
136.75
136.5
136.5
136.5
137.0
137.0
137.25
137.25
137.5
137.5
136.75
136.75
139.0
139.0
135.75
135.75
135.75
135.75
135.75
136.0
136.0
136.0
136.0
135.75
135.75
135.75
135.75
135.75
138.25
138.25
139.75
137.5
137.5
138.5
138.5
137.75
137.75
138.25
137.5
137.5
136.5
136.5
136.5
138.5
138.5
139.75
137.25
137.25
139.75
139.75
139.75
138.75
138.75
138.75
138.75
138.75
138.75
138.75
138.75
138.75
138.75
138.75
138.75
137.625
136.5
135.375
134.25
133.125
132.0
130.875
129.75
129.75
129.75
133.75
133.75
135.0
135.25
135.25
137.25
137.25
137.0
137.0
137.5
137.5
137.0
137.0
137.0
137.25
137.25
135.25
135.25
135.25
135.25
135.25
135.25
135.5
135.5
135.5
135.25
135.25
135.25
135.6
135.95
136.3
136.65
137.0
137.35
137.7
138.05
138.4
138.75
136.0
136.0
141.25
141.25
137.25
137.25
137.0
137.0
136.75
136.75
136.75
136.5
136.5
136.75
134.25
134.25
134.5
134.5
133.75
133.75
135.5
135.5
136.5
136.25
136.25
136.25
136.25
135.75
135.75
137.25
135.75
135.75
137.5
137.5
137.75
137.75
136.75
136.75
134.25
134.25
135.25
135.25
133.5
133.5
132.75
132.75
134.25
134.25
133.5
133.5
132.75
132.75
132.75
135.0
133.75
133.75
132.25
134.25
134.25
133.0
132.25
132.25
133.0
133.0
135.0
134.5
134.5
134.25
134.25
134.0
134.0
132.75
132.75
131.5
131.5
131.5
126.75
126.75
126.75
126.75
126.75
126.75
126.75
126.75
126.75
127.0
127.0
140.0
140.0
138.25
138.25
138.25
137.25
137.25
135.75
135.75
135.75
135.75
135.75
135.75
135.75
135.75
136.0
136.0
136.16666666666666
136.33333333333334
136.5
136.66666666666666
136.83333333333334
137.0
137.0
137.0
137.0
136.0
135.0
135.0
134.25
134.25
132.0
132.0
130.0
130.0
130.75
130.75
132.25
132.25
132.25
132.5
132.75
132.75
135.5
135.5
134.75
134.75
136.0
136.0
136.5
136.5
134.5
135.5
135.5
135.25
135.25
134.75
134.75
136.25
136.25
138.25
139.25
139.25
138.25
138.25
139.0
139.5
139.5
139.5
139.5
137.25
137.25
137.25
137.25
137.25
137.25
137.5
137.25
137.25
137.25
137.5
137.5
137.75
138.0
138.25
138.5
138.75
139.0
139.25
139.5
139.75
140.0
140.25
140.5
140.75
140.75
136.0
136.0
138.5
138.5
138.5
138.5
138.5
138.5
138.25
138.25
138.25
138.25
138.5
138.75
139.0
139.25
139.5
139.5
139.0
139.0
137.25
137.25
138.5
138.5
139.25
139.25
139.0
139.0
139.0
139.0
139.0
138.75
138.75
138.75
139.0
139.0
139.3125
139.625
139.9375
140.25
140.5625
140.875
141.1875
141.5
141.8125
142.125
142.4375
142.75
142.0
142.0
140.5
140.5
140.25
140.25
144.5
144.5
144.25
144.25
144.25
144.25
144.25
144.25
144.25
144.5
144.5
144.5
143.5
145.25
145.25
144.5
144.5
144.5
144.5
144.5
144.5
144.25
144.25
146.75
147.25
147.25
148.0
148.0
148.5
148.25
148.25
148.25
149.0
149.0
147.75
147.75
147.25
148.5
148.5
148.25
148.25
148.25
148.25
148.25
149.25
149.25
149.75
149.75
148.5
148.5
150.0
149.25
149.25
150.25
150.25
150.0
150.0
148.5
146.0
146.0
144.75
144.75
144.0
144.0
144.0
142.0
142.0
144.0
157.5
150.0
150.0
144.5
144.5
144.25
144.25
144.25
144.75
144.75
143.25
141.25
141.25
141.25
141.25
141.25
141.25
141.25
141.25
141.25
141.25
141.25
141.25
141.25
145.0
143.5
143.5
143.5
143.5
143.5
143.5
143.25
143.5
143.5
143.5
143.5
140.75
140.75
140.75
140.5
141.0
141.0
139.25
139.25
140.0
140.0
139.25
139.25
139.25
137.25
139.5
139.5
138.5
138.5
138.5
138.75
138.75
137.5
137.5
134.75
134.75
137.5
137.5
137.5
137.5
137.5
137.5
137.5
137.5
137.5
137.5
137.5
137.5
140.75
140.75
140.75
140.75
140.75
140.75
140.75
140.75
140.75
140.75
140.75
141.0
141.0
140.75
140.5
140.25
140.0
139.75
139.5
139.25
139.25
139.25
139.5
139.5
138.25
136.5
136.5
136.5
136.5
134.75
134.75
133.25
132.75
132.75
133.25
133.25
133.5
133.5
134.0
134.0
133.5
133.5
135.0
135.0
135.0
135.0
131.5
131.5
131.5
131.5
131.5
131.5
130.75
130.75
135.75
135.75
135.75
135.75
135.75
136.0
136.0
135.75
136.5
136.5
136.5
138.5
138.5
138.0
138.0
137.5
137.5
137.5
137.5
138.5
138.5
137.5
137.5
135.0
136.75
136.75
137.25
137.25
136.75
136.75
136.75
136.75
138.0
139.0
139.0
138.75
137.5
137.5
138.0
138.0
138.5
138.5
139.5
138.5
138.5
141.25
141.25
141.25
141.25
141.25
141.25
141.25
141.25
141.25
140.5
140.25
140.25
140.25
141.0
143.0
143.0
142.5
142.5
142.75
142.75
145.25
145.25
146.5
146.5
146.5
146.5
146.5
146.5
146.5
146.25
150.0
150.0
151.5
150.75
150.75
150.75
148.5
147.75
147.75
146.5
146.5
143.5
140.75
140.75
138.5
139.5
139.5
139.5
140.25
140.5
140.5
141.25
141.25
142.0
142.0
142.0
141.25
140.5
140.5
140.5
138.0
138.0
136.75
136.75
138.25
138.0
138.0
139.5
139.5
139.0
139.0
140.75
140.75
141.75
142.0
142.0
143.25
144.5
144.5
145.25
145.25
145.75
145.5
145.5
143.25
143.25
139.0
139.0
121.5
121.5
121.5
121.5
117.0
117.0
121.5
121.5
124.5
124.5
129.5
129.5
131.25
131.25
133.5
134.75
134.75
135.5
135.5
136.25
136.25
136.5
136.25
136.25
135.5
135.5
135.25
135.25
135.75
136.75
136.75
137.75
137.75
138.75
138.75
139.0
139.75
139.75
140.0
140.0
140.25
140.5
140.5
140.5
139.5
139.5
143.5
143.5
140.0
140.0
140.0
140.0
140.0
140.0
140.0
139.75
139.75
139.75
142.25
142.25
143.25
143.25
142.5
142.0
142.0
142.25
142.25
142.0
142.0
141.25
141.75
141.75
141.5
141.5
141.5
142.0
142.0
142.0
142.0
141.0
141.0
140.0
140.5
140.5
141.0
141.0
142.0
140.75
140.75
141.25
141.25
142.0
142.5
142.5
141.75
141.75
141.75
141.25
141.25
142.0
142.0
141.5
141.5
140.0
138.5
138.5
137.5
137.5
132.0
132.0
131.5
131.5
132.75
132.75
137.25
137.25
137.25
137.25
137.25
137.25
137.25
137.25
137.25
137.25
136.5
136.5
137.25
137.25
137.75
137.75
137.75
138.25
138.25
138.5
138.5
138.5
139.0
139.0
140.75
140.75
140.75
140.5
140.5
140.0
140.0
140.75
141.25
141.25
142.0
142.0
143.0
143.5
143.5
143.5
142.5
142.5
142.75
142.75
142.5
142.5
142.25
142.25
141.75
141.5
141.5
141.5
141.5
141.25
140.75
140.75
139.5
139.5
138.75
138.75
139.5
139.25
139.25
139.5
138.5
138.5
139.25
139.25
135.75
135.75
135.25
133.75
133.75
132.75
132.75
131.25
131.25
130.0
130.0
129.25
129.25
130.25
130.25
130.5
130.25
130.25
129.25
129.25
130.25
130.25
129.5
129.5
129.25
129.25
127.75
127.75
126.5
126.5
125.75
125.75
125.75
126.5
126.5
127.5
127.5
128.25
128.25
129.5
129.5
130.0
130.0
130.5
132.0
132.0
133.0
133.0
134.0
134.0
135.0
135.75
135.75
135.75
135.75
135.75
135.75
135.25
135.0
135.0
135.0
135.5
135.75
135.75
136.25
136.25
137.75
137.75
140.0
140.0
138.5
138.5
138.5
139.25
137.75
137.75
140.25
140.25
139.75
139.75
139.0
140.75
140.75
141.5
141.5
140.75
138.5
138.5
131.0
131.0
133.75
133.75
133.25
133.25
134.25
135.75
135.75
137.0
137.0
138.25
138.25
139.0
139.0
139.0
139.25
140.25
140.25
141.0
141.0
141.0
141.0
141.5
142.25
142.25
142.75
143.25
143.25
144.5
144.5
145.0
145.5
145.5
146.0
146.0
147.0
148.0
148.0
148.0
149.0
149.0
149.0
147.75
147.75
148.0
148.0
148.5
148.5
148.5
148.25
148.25
147.0
146.75
146.75
148.25
149.75
149.75
148.25
147.0
147.0
147.0
147.0
147.0
147.0
147.0
147.25
147.75
147.75
148.75
148.75
150.0
149.25
149.25
150.0
150.0
150.0
151.25
151.25
151.5
151.5
151.5
151.5
151.5
151.5
151.5
151.25
151.25
151.25
149.75
149.75
153.0
149.5
149.5
151.25
151.25
151.25
151.25
151.25
151.5
151.5
151.5
151.5
146.75
144.75
144.75
142.0
142.0
139.5
139.0
139.0
138.0
138.0
136.75
136.75
135.75
135.75
135.75
138.25
138.25
137.5
137.5
137.75
137.75
138.5
138.5
140.25
137.5
137.5
140.0
140.0
138.5
138.5
135.5
135.5
132.0
132.0
127.25
127.25
123.5
123.5
124.0
124.0
125.75
125.75
127.25
127.25
128.0
130.25
130.25
132.5
132.5
132.5
137.5
138.25
138.25
138.25
139.25
139.25
140.25
140.5
140.5
142.25
143.0
143.0
143.5
143.5
145.0
146.25
146.25
145.75
145.75
145.0
145.0
146.25
146.25
146.25
146.25
146.25
144.75
145.75
145.75
143.75
143.75
143.75
150.0
152.5
152.5
150.75
152.25
152.25
151.75
151.25
151.25
150.25
150.25
147.0
144.5
144.5
143.75
146.75
140.0
140.0
140.0
135.75
133.5
133.5
133.25
133.25
130.75
130.75
129.75
129.75
129.0
129.0
131.0
131.5
131.5
132.75
132.75
132.75
135.0
134.25
134.25
136.75
136.75
136.75
136.75
137.25
137.25
137.5
137.0
137.0
138.25
138.25
138.5
138.5
139.25
140.75
140.75
140.75
140.75
142.0
141.75
141.75
141.25
141.25
144.0
145.5
145.5
147.25
146.75
146.75
146.5
146.5
145.5
145.25
145.25
144.5
144.5
144.75
142.25
142.25
140.75
140.75
140.75
140.75
140.75
141.0
141.0
139.75
139.75
139.5
139.5
139.75
139.75
136.75
136.75
134.25
134.25
131.5
131.5
129.0
132.5
132.5
131.25
131.25
132.0
131.75
131.75
132.75
132.75
134.25
134.25
134.75
134.75
134.75
136.5
136.5
136.75
136.75
136.75
136.75
137.5
137.5
137.25
137.25
137.75
137.5
137.5
135.75
135.75
135.0
135.0
134.25
133.5
133.5
133.5
133.5
133.5
135.75
137.5
137.5
138.5
138.5
136.75
136.75
137.5
136.5
136.5
139.0
139.0
138.75
139.5
139.5
139.5
139.0
137.25
137.25
137.5
137.5
139.5
139.5
139.5
139.5
139.75
139.75
140.5
140.75
140.75
141.0
141.0
142.75
142.75
142.75
143.5
143.5
144.5
144.75
144.75
143.75
143.75
143.75
145.5
145.5
144.75
145.5
145.5
144.75
144.75
144.5
144.75
144.75
144.75
144.75
146.25
144.0
144.0
145.25
145.25
144.5
144.0
144.0
142.0
142.0
142.0
142.0
137.75
134.75
134.75
133.5
133.5
129.5
129.5
130.75
131.5
131.5
135.0
135.0
135.75
135.0
135.0
136.5
136.75
136.75
136.75
136.75
137.5
137.5
137.25
137.25
137.5
137.5
138.25
138.75
138.75
138.5
138.5
138.5
136.0
136.0
136.0
136.0
136.0
136.0
136.0
136.0
135.75
135.75
129.0
129.0
129.0
131.75
131.75
130.5
130.5
130.75
130.75
131.25
132.0
132.0
133.0
133.75
133.75
136.0
136.0
136.25
137.0
137.0
137.5
137.5
138.5
138.75
138.75
137.0
137.0
137.0
135.75
135.75
135.75
135.75
135.75
135.25
135.5
135.5
134.75
134.75
135.0
135.0
134.75
134.75
135.75
135.25
135.25
135.25
135.25
135.25
135.25
135.25
135.25
135.25
135.5
135.5
135.5
135.5
138.0
137.5
137.5
137.5
137.5
138.0
137.75
137.75
137.75
137.75
138.25
138.5
138.5
138.5
138.5
138.25
138.5
138.5
139.0
139.0
140.5
140.5
139.75
140.5
140.5
142.0
142.0
142.0
140.5
140.5
140.5
140.5
140.0
140.0
139.25
138.5
138.5
138.5
138.5
138.5
137.25
137.25
137.25
136.25
136.0
136.0
136.75
136.75
135.75
135.75
135.75
136.75
136.75
136.75
136.75
136.25
136.25
136.75
136.75
137.25
137.25
137.75
137.75
137.75
135.25
135.25
136.25
136.25
136.0
136.0
134.5
134.5
134.25
134.25
134.25
134.5
134.5
134.5
134.5
134.5
136.25
136.25
136.5
128.5
128.5
132.0
132.0
135.0
135.0
134.75
134.75
134.75
135.0
135.0
135.0
135.0
135.0
135.0
132.0
132.0
130.75
130.75
130.75
130.75
130.75
130.25
130.25
131.75
131.75
131.75
131.75
133.0
133.0
133.0
135.0
135.75
135.75
135.75
135.75
135.75
135.75
135.75
137.75
137.75
136.75
136.75
138.25
137.5
137.5
138.25
138.25
140.75
140.75
139.5
141.0
141.0
138.5
138.5
139.5
141.25
141.25
141.5
141.5
141.5
141.5
141.5
141.25
141.25
142.25
142.25
140.75
140.75
138.5
138.5
138.5
136.75
136.75
136.75
132.0
132.0
132.0
132.75
132.75
130.25
130.0
130.0
130.5
129.0
129.0
129.0
128.5
128.5
129.5
129.5
129.5
129.5
129.0
129.0
129.75
129.75
130.5
131.5
131.5
134.25
134.25
134.25
134.0
134.0
134.25
137.5
137.5
135.75
135.75
137.75
137.75
139.75
140.25
140.25
141.5
140.75
140.75
140.75
140.75
140.75
141.0
140.0
140.0
139.25
139.25
139.5
139.5
138.5
138.5
138.5
138.5
138.5
139.0
139.0
139.0
138.5
138.5
139.0
139.0
138.75
139.5
139.5
139.75
139.75
141.0
141.0
139.75
140.75
140.75
138.75
138.75
139.5
139.0
139.0
140.75
140.75
139.5
139.5
139.5
139.5
139.5
139.5
139.25
139.25
139.5
139.5
125.25
125.25
125.25
125.25
125.25
125.25
125.5
125.5
125.5
125.5
125.25
125.25
125.25
126.225
127.2
128.175
129.15
130.125
131.1
132.075
133.05
134.025
135.0
135.0
137.5
137.5
137.5
135.75
135.75
135.75
137.25
137.25
137.25
138.5
138.5
138.5
138.5
135.0
136.25
136.25
138.5
138.5
137.75
137.75
137.25
137.25
138.25
138.25
137.25
138.5
138.5
138.5
138.5
138.5
138.5
138.25
138.25
138.25
139.5
139.5
138.5
138.5
136.25
136.25
133.5
133.5
134.25
135.0
135.0
134.25
134.25
136.75
136.75
137.25
137.25
137.25
137.25
137.25
137.5
137.5
137.5
141.5
141.5
141.5
141.5
141.5
141.5
141.5
141.5
141.25
141.25
141.25
141.25
141.83333333333334
142.41666666666666
143.0
143.58333333333334
144.16666666666666
144.75
143.25
143.25
145.25
145.25
143.75
145.25
145.25
145.25
144.75
142.5
142.5
139.5
139.5
140.0
134.75
134.75
134.75
134.75
123.75
123.75
123.75
123.75
123.75
123.75
123.75
124.0
124.0
123.75
123.75
125.75
125.75
132.75
132.75
136.25
136.25
136.25
136.25
136.25
136.25
136.5
136.5
137.5
137.5
138.75
141.5
141.5
141.5
141.5
141.5
141.5
141.5
141.5
135.0
135.0
140.5
140.5
139.0
139.0
136.0
138.5
138.5
136.75
136.75
133.25
133.25
130.5
130.5
132.75
132.75
133.25
133.25
134.0
134.0
134.5
134.5
137.5
137.5
137.5
135.5
135.75
135.75
136.25
136.25
137.25
137.25
137.5
137.5
140.25
140.25
140.25
140.25
140.25
140.25
140.25
140.25
140.25
140.25
140.25
140.25
140.25
140.25
140.25
140.25
140.77272727272728
141.29545454545453
141.8181818181818
142.3409090909091
142.86363636363637
143.38636363636363
143.9090909090909
144.4318181818182
144.95454545454547
145.47727272727272
146.0
146.0
146.0
146.0
144.0
146.25
146.25
150.75
150.75
150.75
150.75
150.75
150.75
151.0
151.0
151.0
150.75
150.75
150.75
151.0
150.5
150.0
149.5
149.0
148.5
148.0
147.5
147.0
146.5
146.0
145.5
145.0
144.5
144.0
143.5
143.0
142.5
142.0
141.5
141.0
140.5
140.0
139.5
139.5
139.5
140.25
140.5
140.5
141.5
141.5
141.5
144.0
144.0
143.25
144.25
146.25
146.25
147.75
147.75
147.75
153.5
153.5
152.0
151.75
151.75
150.25
149.0
149.0
148.0
148.0
148.0
148.0
148.0
148.0
148.0
148.0
148.0
151.25
151.25
149.25
151.5
152.75
152.75
152.25
153.0
153.0
152.75
152.75
152.75
154.0
154.0
152.0
152.0
153.75
153.25
153.25
155.0
154.5
154.5
153.5
154.5
154.5
158.25
155.5
155.5
155.5
155.0
156.5
156.5
154.25
153.25
153.25
152.0
152.0
150.25
148.75
148.75
147.25
147.25
145.75
145.75
143.5
143.5
141.5
141.5
141.25
141.25
143.75
143.75
142.0
142.0
142.5
141.75
141.75
143.5
143.5
143.5
139.5
146.5
146.5
135.25
135.25
139.5
139.5
139.25
135.5
135.5
135.5
135.5
135.5
135.5
135.5
135.5
135.5
135.5
135.5
135.5
135.5
135.5
135.5
135.5
142.5
142.5
143.0
143.0
141.25
141.25
141.25
141.25
141.5
140.75
140.75
142.0
142.0
142.0
140.75
140.75
142.0
142.0
143.0
143.0
142.25
142.25
141.25
142.0
142.0
142.25
142.25
142.75
142.5
142.5
141.0
141.0
140.5
140.5
139.75
140.5
140.5
140.5
140.5
140.75
142.0
142.0
140.75
140.75
140.0
140.0
140.25
138.25
138.25
138.25
138.25
139.25
139.25
139.75
138.75
138.75
138.25
138.25
138.5
138.5
140.25
139.5
139.5
140.25
140.25
140.25
141.0
141.0
138.5
138.5
138.5
138.5
138.5
138.5
140.75
140.75
139.0
139.0
139.0
139.5
139.5
140.75
140.75
140.5
140.5
142.0
140.75
140.75
140.75
142.0
142.0
142.25
142.25
143.25
143.0
143.0
143.25
143.25
142.75
142.75
142.75
143.75
143.75
142.25
142.25
142.0
143.5
143.5
143.25
143.25
143.25
143.25
143.25
143.25
145.0
145.0
145.5
145.5
146.25
147.25
147.25
148.25
148.25
149.25
149.25
149.25
150.0
150.75
150.75
151.75
151.75
152.5
152.75
152.75
154.0
154.5
156.25
156.25
156.5
155.75
155.75
156.5
156.5
154.25
153.5
153.5
152.25
152.25
154.0
152.75
152.75
151.5
149.25
149.25
148.25
148.0
148.0
147.0
147.0
144.5
140.75
140.75
132.0
132.0
132.0
128.0
125.75
125.75
126.0
126.0
125.75
125.75
126.0
126.0
128.5
128.5
126.25
126.25
124.25
124.25
124.25
124.25
124.25
124.25
124.5
124.25
124.5
124.5
120.58333333333333
116.66666666666667
112.75
108.83333333333333
104.91666666666667
101.0
101.0
101.5
101.5
101.5
101.5
101.25
101.25
101.5
101.5
101.5
101.5
101.5
101.5
103.26666666666667
105.03333333333333
106.8
108.56666666666666
110.33333333333333
112.1
113.86666666666666
115.63333333333333
117.4
119.16666666666667
120.93333333333334
122.7
124.46666666666667
126.23333333333333
128.0
128.0
127.25
127.25
131.75
131.75
135.0
135.0
139.5
139.5
140.75
142.5
142.5
143.0
144.5
144.5
146.75
149.0
149.0
150.0
150.0
150.0
153.75
155.75
155.75
154.5
154.5
155.5
154.5
154.5
154.0
153.0
153.0
150.5
150.5
151.0
151.0
148.5
149.5
149.5
149.0
149.75
149.75
150.25
151.25
151.25
151.0
151.5
151.5
152.75
152.25
152.25
152.25
152.25
151.75
152.75
152.75
151.5
151.0
151.0
151.0
151.0
150.75
150.25
150.25
149.0
147.75
147.75
147.0
147.0
146.75
144.75
144.75
144.0
144.0
145.0
145.0
145.0
143.5
143.5
143.25
143.25
143.25
144.75
144.75
146.0
146.75
146.75
147.0
147.0
147.75
148.75
148.75
150.0
150.0
150.0
149.25
149.25
148.5
148.25
148.25
147.0
147.0
146.25
144.5
144.5
143.5
144.0
144.0
143.5
143.5
143.75
143.75
142.75
143.75
143.75
145.0
143.25
143.25
143.0
143.0
143.75
143.75
143.5
144.75
144.75
144.5
144.5
145.75
146.5
146.5
146.75
147.0
147.0
147.75
147.75
145.5
145.75
145.75
145.5
145.5
145.0
144.5
144.5
142.75
142.75
143.25
143.0
143.0
143.25
143.25
142.25
142.0
142.0
142.0
142.0
141.75
141.75
141.25
141.0
141.0
140.0
140.0
137.5
137.5
138.5
141.75
141.75
143.0
143.0
143.5
143.5
143.0
143.0
142.0
142.0
140.5
140.5
138.25
138.25
137.75
137.75
136.25
135.5
135.5
133.75
133.75
131.75
131.75
132.25
132.25
130.5
130.5
129.5
129.5
128.75
128.5
128.5
129.0
129.0
129.25
129.25
131.5
131.5
128.75
128.75
126.75
129.0
129.0
128.0
128.0
127.5
127.5
127.5
127.5
128.5
128.5
128.5
128.5
127.25
127.25
124.0
124.0
123.75
123.75
125.0
125.0
126.25
126.0
126.0
124.5
124.5
123.5
123.5
122.5
122.5
119.25
119.25
119.75
119.75
120.0
120.0
120.0
122.5
122.5
122.5
123.25
123.25
123.5
123.5
122.75
122.75
123.75
123.75
124.0
124.0
125.75
124.5
124.5
124.5
124.75
124.5
124.5
124.75
124.75
124.75
126.0
126.0
126.75
127.75
127.75
125.75
125.75
126.0
126.0
125.25
125.25
128.0
128.0
126.25
126.25
126.75
124.0
124.0
125.5
125.5
124.25
124.25
122.5
122.5
121.75
121.75
122.0
122.0
123.0
123.0
122.75
122.75
121.75
121.75
125.5
125.5
126.25
126.25
127.0
127.0
125.75
125.75
126.25
126.25
125.0
125.0
125.75
125.75
126.25
126.25
125.0
125.0
124.5
124.75
124.75
125.75
125.75
125.75
125.75
125.25
125.25
125.75
125.75
124.75
124.75
126.25
126.25
126.75
126.75
126.25
126.25
126.75
127.0
127.0
127.0
127.0
127.25
127.25
126.25
126.25
125.25
125.25
123.0
123.0
123.5
123.5
123.75
123.75
125.0
125.0
126.25
126.25
128.0
128.0
128.0
127.5
127.5
127.25
127.25
127.25
127.25
126.5
126.5
127.25
127.25
128.0
128.0
128.25
128.75
128.75
129.5
129.5
129.5
129.5
128.25
128.25
127.25
127.25
126.25
126.25
126.25
126.25
125.75
125.75
125.75
128.0
128.0
130.25
130.25
130.0
130.0
132.0
132.0
130.75
130.75
130.0
130.75
130.75
131.75
131.75
132.0
132.0
133.25
133.25
133.0
134.25
134.25
134.0
134.0
133.5
133.5
133.5
133.5
133.5
134.5
134.5
135.0
135.0
135.0
135.0
135.0
133.75
133.75
132.5
132.5
132.5
132.5
132.75
132.75
132.0
132.0
131.5
131.5
132.25
132.25
132.25
132.25
132.25
132.25
132.25
131.75
133.0
133.0
133.75
133.75
134.0
134.0
134.25
134.25
133.75
134.25
134.25
135.25
135.25
135.75
135.75
133.75
132.75
132.75
131.0
131.0
129.25
129.25
129.75
129.75
131.75
131.75
133.5
133.5
132.5
132.25
132.25
131.5
131.5
130.75
130.75
130.25
130.25
129.5
128.75
128.75
128.75
128.25
128.0
128.0
127.75
127.75
127.0
127.0
126.0
126.0
126.75
126.75
124.5
124.5
125.0
125.0
125.25
125.25
125.0
125.0
125.75
125.75
125.75
128.5
127.25
127.25
127.25
128.0
128.0
128.75
128.75
129.75
129.75
130.5
130.5
133.75
133.75
134.25
134.5
134.5
134.25
134.25
134.0
134.0
134.0
132.0
132.0
126.75
126.75
125.75
125.75
124.75
124.75
123.75
124.5
124.5
126.0
126.0
126.5
126.5
126.5
126.5
126.25
126.25
130.25
130.25
134.0
134.0
135.0
135.5
135.5
140.5
140.5
140.25
140.25
141.75
141.75
139.5
139.5
136.5
136.5
137.75
138.25
138.25
138.25
138.25
138.25
138.5
138.75
138.75
138.75
139.5
137.25
137.25
135.0
135.0
132.0
132.0
129.0
129.0
127.25
127.25
125.0
125.0
123.75
123.75
120.75
120.75
120.5
120.5
120.0
120.0
118.25
118.25
118.25
118.25
118.25
118.25
119.5
119.5
120.75
120.75
121.25
121.25
121.5
121.5
124.5
124.5
126.5
126.5
126.5
126.75
126.75
126.75
126.75
126.0
126.0
125.5
125.5
124.5
124.5
124.5
124.5
123.5
123.5
123.5
124.75
124.75
125.25
125.25
125.75
125.75
126.5
126.5
125.0
125.0
126.25
126.25
126.25
126.25
126.25
126.25
126.5
126.5
126.5
126.5
126.5
126.5
130.5
130.5
131.0
131.5
131.5
131.5
131.5
131.5
131.5
132.5
133.5
133.5
133.0
133.0
133.25
133.25
133.5
133.5
134.25
135.0
135.0
136.75
136.75
137.5
137.5
137.75
137.75
137.5
137.5
137.25
137.5
137.5
137.0
137.0
137.25
137.25
136.75
135.75
135.75
135.25
135.25
134.5
134.5
133.75
133.75
134.25
133.5
133.5
133.25
133.25
134.0
134.0
134.25
134.25
134.0
132.0
132.0
131.75
131.75
132.5
132.5
132.5
129.5
129.5
127.25
127.25
126.25
126.25
123.5
123.5
121.0
121.0
120.75
120.75
119.25
118.75
118.75
120.5
120.5
120.75
120.75
123.0
123.0
123.25
123.25
123.0
123.0
122.75
122.75
123.5
123.5
123.5
123.5
123.5
123.5
123.25
123.25
122.75
122.75
123.5
123.5
124.0
124.0
123.5
123.5
124.0
124.0
124.0
124.0
125.25
125.25
125.75
125.75
125.75
125.75
125.5
125.5
125.5
125.5
125.5
125.5
125.5
125.25
125.25
125.5
125.5
127.25
126.5
126.5
126.25
126.25
126.25
126.25
126.0
126.0
128.25
128.25
128.75
128.75
130.75
130.75
128.5
128.5
128.0
128.0
128.0
128.5
128.5
126.25
126.25
126.25
122.75
122.75
121.75
121.75
122.0
123.5
123.5
124.75
124.75
126.0
126.0
127.25
127.25
126.5
126.5
127.25
127.25
126.75
126.75
127.0
128.25
128.25
129.0
129.0
129.5
129.5
129.5
129.5
129.5
129.5
128.5
128.75
128.75
130.5
130.5
131.25
131.25
129.25
129.25
129.75
129.75
130.75
131.0
131.0
129.0
129.0
129.5
129.5
128.5
128.5
129.5
130.25
130.25
129.5
129.5
130.25
130.25
129.25
129.75
129.75
128.5
127.25
127.25
129.5
129.5
128.5
128.5
128.5
128.5
128.5
129.5
129.5
129.5
129.5
130.75
130.75
130.25
130.25
130.25
130.25
130.25
129.0
129.0
128.0
128.0
128.0
125.75
125.75
124.75
124.75
122.75
122.75
121.5
121.5
120.75
120.75
121.75
121.75
121.75
121.75
121.75
123.0
123.0
125.75
125.75
126.25
126.25
126.25
128.0
128.0
129.5
129.5
130.25
130.25
129.75
129.75
129.0
129.0
129.0
129.0
129.0
129.0
129.0
129.0
129.0
126.5
126.5
125.75
125.75
126.25
126.25
127.5
127.5
128.25
128.25
129.5
129.5
129.5
130.25
130.25
132.0
132.0
132.5
132.5
131.5
130.25
130.25
129.75
129.75
129.0
129.0
127.75
127.75
126.0
126.0
124.5
124.5
124.25
124.25
122.75
122.75
123.25
123.25
122.5
122.5
124.0
124.0
124.0
125.25
125.25
126.25
126.25
124.25
124.25
124.75
124.75
125.75
125.75
125.75
125.75
127.5
127.5
128.0
128.0
127.25
127.25
127.5
127.0
127.0
125.75
125.75
124.75
124.75
123.0
123.0
123.0
123.0
120.75
120.75
121.0
121.0
121.5
121.5
122.0
122.0
121.75
121.75
122.25
122.25
123.0
123.0
124.0
124.0
123.75
123.75
124.5
128.5
128.5
127.25
127.25
127.0
127.0
126.75
126.75
128.5
128.5
129.0
129.0
129.5
130.75
130.75
129.5
129.5
129.0
129.0
129.0
130.5
130.5
131.5
130.75
130.75
130.25
130.25
134.5
134.5
136.0
136.0
136.75
135.75
135.75
139.5
139.5
139.5
137.75
137.75
139.75
139.75
141.75
143.0
143.0
142.5
142.5
143.25
137.0
137.0
135.75
135.75
139.75
139.75
139.75
142.5
143.25
143.25
142.25
142.25
142.75
144.0
144.0
144.0
144.0
144.5
144.5
143.25
143.25
142.25
141.5
141.5
140.25
140.25
136.0
136.0
134.5
134.5
132.0
131.5
131.5
129.75
129.75
128.0
128.0
128.0
128.0
128.0
128.0
128.0
128.5
128.5
128.5
128.5
128.5
131.75
131.75
135.0
135.0
136.0
136.0
136.0
138.5
138.5
139.75
139.75
141.5
141.5
141.5
132.5
132.5
134.25
134.25
128.5
128.5
131.0
131.0
131.0
130.25
130.25
130.75
130.75
132.0
132.0
134.75
134.75
134.75
134.25
133.0
133.0
130.5
130.5
129.25
129.25
125.25
125.25
127.0
127.0
126.75
126.75
128.0
128.0
129.0
129.0
133.25
132.25
132.25
134.0
134.0
134.25
134.25
134.25
134.25
133.25
133.25
132.75
132.75
132.25
130.75
130.75
128.0
128.0
128.0
127.0
127.0
127.0
128.5
128.0
128.0
128.75
128.75
130.0
129.0
129.0
128.5
128.5
128.0
128.0
128.5
128.5
129.25
129.25
128.5
128.5
125.75
125.75
125.75
125.75
125.75
125.75
125.0
124.5
124.5
124.25
124.25
125.5
125.5
125.0
125.0
124.25
124.25
123.75
123.75
122.75
122.75
123.75
123.75
124.5
124.5
123.75
123.75
124.0
124.0
123.75
123.75
122.25
122.25
123.0
125.0
125.0
125.25
125.25
125.25
125.25
125.75
125.75
125.25
125.25
125.25
125.25
125.75
125.75
125.5
125.5
126.0
126.0
126.5
126.5
127.0
127.75
127.75
128.5
128.5
127.75
127.75
127.25
127.25
127.25
127.25
127.75
127.75
127.25
127.25
127.25
126.75
126.75
127.75
127.75
127.75
127.25
127.25
127.5
127.5
127.0
127.0
127.5
127.5
126.75
126.75
131.25
131.25
130.25
130.25
130.75
130.75
130.25
130.25
130.5
131.25
131.25
131.25
131.25
129.25
129.5
129.5
127.75
127.75
124.5
124.5
121.0
121.0
118.5
118.5
117.75
117.75
116.75
116.75
117.25
117.25
121.0
121.0
119.25
119.25
120.75
120.75
120.75
122.5
122.5
122.5
126.25
126.25
122.5
122.5
121.5
121.5
122.0
122.0
122.25
122.25
124.25
124.25
125.0
125.25
125.25
126.75
126.75
128.5
128.5
128.75
128.75
127.75
127.75
126.75
126.75
128.75
128.75
128.75
128.75
128.75
128.75
127.75
127.75
127.25
127.5
127.5
128.5
128.5
129.75
129.75
130.25
130.25
126.0
128.25
128.25
130.75
130.75
131.25
131.25
130.5
130.5
132.25
132.25
130.5
131.75
131.75
132.5
132.5
130.25
130.25
132.0
132.0
131.25
132.75
132.75
130.25
130.25
131.25
131.25
130.25
130.25
131.25
131.25
132.0
133.0
133.0
132.5
132.5
131.75
131.75
131.0
131.0
132.0
132.25
132.25
134.25
134.25
134.0
134.0
133.75
133.75
134.25
134.5
134.5
134.25
134.25
133.75
133.75
133.25
133.25
132.25
132.0
132.0
131.0
131.0
129.0
129.0
127.25
127.25
125.25
125.25
125.75
125.75
125.5
125.5
125.5
125.5
124.0
124.0
123.75
123.75
124.25
124.5
124.5
125.25
125.25
124.0
124.0
125.0
125.0
125.0
125.0
125.25
125.25
125.0
125.0
125.0
125.0
125.25
125.25
126.5
126.5
126.75
126.75
126.75
126.75
126.75
127.75
127.75
128.5
128.5
129.0
129.0
129.5
129.5
130.75
129.75
129.75
128.75
128.75
127.25
127.25
125.75
125.75
122.25
122.25
119.25
119.25
118.0
118.0
117.0
117.0
116.75
116.75
117.75
117.75
118.75
118.75
119.5
119.5
120.25
120.25
121.0
121.0
122.25
122.25
122.25
122.25
123.5
123.5
123.5
123.5
124.5
124.5
125.5
125.5
124.0
124.0
124.5
124.5
125.75
126.5
126.5
127.25
127.25
128.0
128.0
126.25
126.25
126.75
126.75
127.0
127.0
128.0
128.0
129.0
130.5
130.5
131.5
131.5
132.25
132.25
131.5
131.5
132.5
134.25
134.25
135.75
135.75
136.75
137.0
137.0
137.0
137.0
137.0
136.75
136.75
135.75
136.0
136.0
136.75
136.75
137.5
136.0
136.0
136.0
136.0
136.0
135.75
135.75
135.75
135.75
135.75
136.0
142.75
142.75
142.75
143.0
143.0
143.0
145.25
145.0
145.0
145.0
145.0
147.5
146.0
146.0
146.75
148.5
148.5
148.75
148.75
148.0
148.0
148.0
149.5
149.5
150.25
150.0
150.0
149.5
149.5
149.5
149.5
149.5
149.5
149.5
149.25
149.25
149.25
149.5
142.75
142.75
143.25
142.5
142.5
144.5
144.5
144.5
146.25
146.25
146.0
146.0
146.75
146.75
147.0
146.5
146.5
147.75
148.75
148.75
147.75
149.25
149.25
149.75
149.75
151.0
150.5
150.5
153.0
152.5
152.5
152.25
151.5
151.5
152.0
152.0
150.25
147.5
147.5
145.25
145.25
144.5
143.75
143.75
139.5
139.5
141.75
141.75
132.75
132.75
129.5
129.5
125.25
125.25
121.75
121.75
121.25
118.75
118.75
117.75
117.75
117.25
117.25
116.0
116.0
116.0
116.0
116.25
116.25
115.5
115.5
116.75
116.75
118.0
118.0
118.0
118.0
119.5
119.5
120.25
120.25
120.25
120.25
120.25
120.25
120.5
120.5
120.5
120.5
117.25
117.25
117.25
117.25
117.25
117.25
117.5
117.5
117.5
117.5
117.25
117.25
117.25
117.38888888888889
117.52777777777777
117.66666666666667
117.80555555555556
117.94444444444444
118.08333333333333
118.22222222222223
118.36111111111111
118.5
118.5
118.5
118.5
118.75
118.75
118.75
118.75
118.75
118.75
118.75
118.75
119.0
119.0
119.0
119.0
119.33333333333333
119.66666666666667
120.0
120.33333333333333
120.66666666666667
121.0
121.0
120.75
120.75
121.75
121.75
121.75
121.75
121.75
121.75
122.5
122.5
122.75
122.75
122.75
122.75
122.5
122.5
122.25
122.25
121.25
121.25
122.0
123.25
123.25
125.0
125.0
125.0
125.0
128.0
128.0
130.25
130.25
131.5
132.0
132.0
132.0
130.25
129.5
129.5
129.5
127.0
127.0
126.25
126.25
125.0
125.0
124.0
124.0
124.0
124.0
123.25
123.25
123.0
124.5
124.5
124.5
124.5
124.5
125.25
125.25
126.75
128.0
128.0
127.75
127.75
128.5
128.5
127.75
127.75
128.0
127.75
127.75
127.75
128.0
129.0
129.0
129.25
129.25
129.5
129.5
129.5
129.5
129.5
129.0
128.75
128.75
128.5
128.5
128.0
128.0
128.0
128.0
127.5
127.5
127.0
127.0
127.25
127.25
128.5
128.5
128.5
128.5
129.0
129.0
128.75
128.75
128.75
129.0
129.0
128.75
128.75
128.75
128.75
128.75
128.75
128.75
128.75
128.75
129.0
129.29166666666666
129.58333333333334
129.875
130.16666666666666
130.45833333333334
130.75
130.75
129.5
129.5
129.0
128.5
128.5
128.5
128.75
126.75
126.75
123.75
123.75
126.25
126.25
126.25
126.25
126.25
123.75
123.75
123.25
124.0
124.0
123.75
123.75
125.25
125.25
126.0
126.0
126.5
126.5
126.75
126.75
126.25
126.25
125.75
125.75
127.5
127.5
129.0
129.5
129.5
130.0
130.0
128.5
128.5
124.5
120.25
120.25
118.0
118.0
116.5
116.5
113.0
113.0
114.0
114.0
114.0
111.75
111.75
112.5
112.5
112.5
118.5
118.5
122.0
122.0
122.75
122.75
124.0
124.0
125.0
125.0
125.75
125.75
125.0
125.0
124.25
125.0
125.0
124.0
124.0
124.75
124.75
125.5
125.5
126.25
126.25
124.75
124.75
124.25
124.25
124.5
124.5
124.5
125.0
125.0
126.25
126.25
128.25
128.25
128.5
128.5
126.0
126.0
127.75
127.75
125.75
123.25
123.25
123.25
124.0
124.0
126.0
126.0
125.75
127.75
127.75
127.0
127.0
127.0
128.5
128.5
128.75
128.75
129.25
129.25
129.5
129.5
130.0
129.75
129.75
130.25
130.25
129.5
129.5
129.25
129.25
130.25
130.25
130.75
130.75
130.25
130.25
130.25
126.75
126.75
126.25
125.0
125.0
125.0
125.0
125.25
125.25
125.25
125.25
125.5
125.5
125.5
125.5
126.75
126.25
126.25
126.75
126.75
127.75
127.75
128.25
128.25
127.75
127.75
128.0
128.0
126.75
129.0
129.0
129.0
127.75
130.25
130.25
129.0
129.0
129.5
129.5
128.75
128.75
128.75
128.75
128.75
128.75
128.75
128.75
128.75
128.75
128.75
128.75
128.45
128.15
127.85
127.55
127.25
127.25
128.0
128.0
128.0
128.0
128.0
128.0
128.0
127.75
127.75
127.75
127.75
127.75
127.75
127.20833333333333
126.66666666666667
126.125
125.58333333333333
125.04166666666667
124.5
124.5
124.0
124.0
123.75
123.75
124.5
124.5
124.0
124.0
124.0
124.0
124.0
124.0
124.0
124.0
125.0
125.0
125.0
125.0
125.5
125.5
125.75
125.75
125.75
125.75
124.25
125.0
125.0
124.75
124.75
122.5
122.5
123.25
123.25
124.5
126.75
126.75
128.0
128.0
130.0
130.0
130.25
130.25
130.75
130.75
130.75
130.75
131.0
131.0
131.0
131.0
131.0
131.0
131.0
130.75
130.75
131.0
131.0
131.0
142.5
144.5
144.5
143.25
143.25
143.25
143.25
143.5
143.5
144.0
144.0
143.25
143.25
144.0
144.0
144.25
144.25
144.25
144.25
144.25
144.25
144.25
144.5
144.5
144.5
141.5
141.5
142.0
142.0
142.0
142.25
142.25
141.5
142.0
142.0
141.25
141.25
129.5
127.75
127.75
127.75
128.5
129.25
129.25
129.0
129.0
129.0
129.0
129.75
129.75
130.75
130.75
131.75
131.75
136.5
136.5
136.0
135.25
135.25
134.25
134.25
133.5
133.5
129.75
129.75
125.0
125.0
121.5
122.25
122.25
120.5
120.5
120.5
115.0
115.0
116.0
116.0
116.75
116.75
115.75
115.75
117.25
117.25
114.5
114.5
114.5
114.25
114.25
114.0
114.0
113.5
113.5
114.75
114.75
114.75
114.75
116.75
116.75
116.5
116.5
118.25
118.25
116.25
116.25
115.75
115.75
117.25
117.25
118.0
118.0
119.5
119.5
118.0
118.0
118.75
118.75
120.75
120.75
123.5
123.5
125.0
125.0
125.0
125.0
125.5
125.5
125.75
126.75
126.75
129.5
129.5
129.25
129.25
129.5
129.5
129.0
129.0
132.0
132.0
132.0
130.25
130.25
130.25
130.25
129.0
129.0
127.75
127.75
127.5
130.0
130.0
129.0
129.0
130.0
130.0
128.5
128.5
129.25
129.25
130.75
130.75
128.75
128.75
128.0
127.5
127.5
127.25
127.25
126.75
126.75
126.5
126.5
127.0
127.0
124.5
124.5
124.25
124.25
124.0
124.0
124.5
124.5
125.75
125.75
126.5
126.75
126.75
126.0
126.0
128.0
128.0
130.25
130.25
126.5
126.5
125.25
125.25
124.5
124.5
125.5
125.5
125.75
125.75
125.75
125.75
126.75
126.75
127.0
127.0
128.0
128.0
129.5
129.5
130.25
130.25
130.25
130.5
130.5
130.5
130.75
130.75
130.0
130.0
132.0
132.0
130.75
130.75
130.25
130.25
129.5
130.0
130.0
130.75
130.75
132.0
132.0
131.5
131.5
130.25
130.75
130.75
131.0
131.0
131.75
131.75
131.0
131.0
130.0
130.0
129.5
129.0
129.0
129.75
129.75
129.5
129.5
129.5
129.5
129.5
129.5
132.75
132.0
132.0
132.25
132.25
134.0
134.0
133.75
135.0
135.0
134.75
134.75
135.0
135.0
133.5
133.5
132.5
132.5
128.0
128.0
125.25
124.5
124.5
122.25
122.25
121.5
121.5
118.5
118.5
118.5
118.25
118.75
118.75
119.5
119.5
120.75
120.75
122.75
122.75
122.5
122.5
123.75
123.75
124.75
124.75
125.25
125.25
124.5
124.5
124.25
124.25
125.0
125.0
125.75
125.75
125.25
125.25
126.75
127.5
127.5
128.0
128.0
129.25
129.25
130.75
130.75
131.25
131.25
130.75
131.5
131.5
129.75
129.75
130.5
130.5
132.75
132.75
131.0
131.0
131.25
131.25
131.75
130.75
130.75
130.25
130.25
130.5
130.5
130.25
130.25
126.75
126.75
125.0
125.0
124.75
124.75
123.5
123.5
123.5
125.5
125.5
123.0
123.0
123.0
123.0
123.25
123.25
123.5
123.5
123.75
123.75
124.0
124.0
124.5
124.5
124.5
124.5
124.75
124.75
125.25
125.25
125.0
125.0
125.0
125.5
125.5
124.75
124.75
124.0
125.0
125.0
126.25
126.25
126.75
126.75
127.25
127.25
127.75
127.75
127.5
127.5
127.0
126.0
126.0
125.75
125.75
126.0
126.0
126.25
126.25
126.75
126.75
126.75
126.75
126.75
125.0
125.0
125.75
125.75
126.25
127.25
127.25
128.25
128.25
129.25
129.25
129.0
129.0
129.25
129.25
129.5
129.5
128.25
128.5
128.5
128.0
128.0
127.25
127.25
127.5
127.5
129.25
129.25
129.5
129.5
129.5
129.5
129.75
130.75
130.75
130.5
130.5
130.25
130.25
130.25
131.25
131.25
129.75
129.5
129.5
130.75
130.75
131.5
131.5
130.75
130.75
130.5
130.5
129.75
127.0
127.0
127.75
127.75
128.0
128.0
128.25
128.25
129.0
129.0
129.0
129.0
129.5
129.5
129.5
130.0
130.0
130.25
130.25
129.5
129.5
128.0
128.0
127.25
127.25
127.0
127.0
126.5
127.75
127.75
127.25
127.25
127.25
127.25
127.5
127.5
128.0
128.0
127.0
127.0
127.0
127.0
126.75
126.75
126.25
126.25
126.75
126.25
126.25
125.75
125.75
125.25
125.25
125.75
125.75
126.25
126.25
126.75
126.75
127.25
127.25
128.0
128.0
128.0
128.5
128.5
129.5
129.5
130.75
130.75
132.75
132.75
132.25
131.5
131.5
132.25
132.25
131.5
131.5
134.5
135.75
135.75
135.75
135.75
135.25
135.25
136.0
136.0
136.75
132.75
132.75
133.0
133.0
133.0
134.75
134.75
135.0
135.0
134.25
134.25
132.5
131.0
131.0
129.75
129.75
128.5
126.75
126.75
126.75
123.0
123.0
121.75
121.75
123.5
123.5
126.25
126.25
123.5
123.5
122.25
122.25
121.0
121.0
120.0
120.0
120.25
120.0
120.0
120.0
120.75
120.75
120.25
120.25
121.0
121.0
122.5
122.5
124.0
124.0
126.25
128.0
128.0
129.5
129.5
127.25
127.25
131.5
131.5
132.0
133.5
133.5
135.25
135.25
136.0
136.0
136.25
139.5
139.5
140.25
140.25
141.25
142.5
142.5
143.0
143.75
143.75
145.25
145.25
145.0
145.0
146.75
146.75
147.25
148.5
148.5
148.0
148.0
148.75
149.75
149.75
150.0
151.0
151.0
151.5
150.5
150.5
149.0
149.0
145.5
145.5
149.25
149.25
147.75
147.75
140.75
140.75
140.75
132.75
132.75
132.75
132.75
133.0
133.0
133.0
133.0
132.75
132.75
133.0
133.0
134.08333333333334
135.16666666666666
136.25
137.33333333333334
138.41666666666666
139.5
135.0
135.0
135.0
137.5
141.75
141.75
143.25
143.25
144.5
144.75
144.75
145.25
145.25
145.75
145.5
145.5
146.0
146.0
146.25
145.5
145.5
145.0
145.0
145.0
145.0
145.0
144.0
144.0
142.5
142.0
142.0
141.5
141.5
142.0
142.0
142.0
142.25
142.25
142.0
142.0
142.0
142.0
142.0
144.0
144.0
145.0
145.0
145.0
145.0
144.75
144.75
143.25
143.25
142.75
142.75
140.25
137.0
137.0
137.0
132.0
132.25
132.25
131.5
131.5
131.5
132.0
132.0
131.5
131.5
132.0
132.0
132.0
132.0
130.5
130.5
130.5
120.75
120.25
120.25
120.0
120.0
119.75
119.75
118.5
118.5
118.5
119.25
119.25
121.5
121.5
128.0
128.0
129.5
129.5
130.0
130.0
125.0
125.0
125.0
125.0
124.75
124.75
125.0
125.0
124.75
124.75
124.75
124.75
125.0
123.6
122.2
120.8
119.4
118.0
116.6
115.2
113.8
112.4
111.0
111.0
109.0
109.0
108.25
108.25
108.5
108.5
108.5
109.0
109.0
108.25
108.25
108.0
108.0
107.75
107.75
107.75
107.5
107.5
107.75
107.75
109.5
109.5
111.0
111.0
112.5
112.5
114.5
114.5
116.0
116.0
117.0
117.0
118.0
118.0
118.0
121.75
121.75
120.75
120.75
120.75
120.75
120.75
120.75
119.5
119.5
120.0
120.0
121.0
121.0
122.75
122.75
122.75
122.75
120.5
120.5
126.5
126.5
127.25
127.25
124.25
122.25
122.25
121.75
121.75
121.0
121.0
121.0
121.0
121.0
121.0
119.0
119.0
118.0
118.0
118.75
118.75
117.0
117.0
117.0
117.0
116.75
116.75
116.25
116.25
116.25
116.75
116.75
117.0
117.0
117.25
116.5
116.5
114.5
114.5
114.0
114.0
114.5
114.5
113.5
113.5
112.75
112.75
114.0
114.0
114.75
114.75
116.5
116.5
119.25
119.25
122.5
122.5
125.0
125.0
125.5
125.5
127.5
128.75
128.75
130.0
130.0
130.25
130.25
129.75
129.75
129.25
129.25
128.25
128.25
126.5
125.75
125.75
126.0
126.0
124.0
124.0
122.75
122.75
123.5
123.5
123.5
123.5
122.75
122.75
122.75
122.75
123.0
123.0
124.75
124.75
122.75
122.75
120.5
120.5
120.0
120.0
120.0
120.0
119.0
119.0
118.5
118.5
117.75
117.75
117.25
117.25
116.75
116.75
117.75
117.75
117.5
117.5
118.5
118.5
116.5
116.5
116.75
116.75
116.75
116.75
116.75
117.0
117.0
118.75
118.75
118.25
118.25
117.75
117.75
118.0
118.0
117.25
117.25
118.75
118.75
118.5
118.5
118.75
118.75
116.75
116.75
117.25
117.25
119.75
119.75
119.75
119.75
119.75
119.75
120.0
120.0
121.0
121.0
121.75
121.75
123.0
123.0
124.75
125.25
125.25
125.5
125.5
126.0
126.0
126.75
126.75
126.25
126.25
127.25
127.25
126.25
127.25
127.25
125.25
125.25
130.0
130.0
129.0
129.0
129.0
129.0
129.0
129.0
129.0
129.0
129.0
129.0
128.75
128.75
129.0
136.25
136.25
135.0
135.0
133.0
129.5
129.5
125.0
125.0
119.5
119.5
119.25
119.25
118.0
118.0
117.75
117.75
119.25
119.25
116.5
116.5
118.75
118.75
122.25
120.5
120.5
123.5
123.5
125.0
125.0
126.25
128.5
128.5
129.25
129.25
130.25
130.25
132.0
132.0
130.25
130.25
130.25
130.25
132.0
130.5
130.5
130.25
130.25
129.0
129.0
129.0
129.0
128.75
128.75
128.75
128.75
128.75
128.75
128.75
129.0
129.0
129.0
129.0
129.0
129.0
128.0
128.0
131.5
130.75
130.75
131.0
131.0
131.25
131.25
131.5
131.5
130.5
132.75
132.75
132.75
132.75
132.25
132.25
137.5
134.25
134.25
135.0
135.75
135.75
135.75
135.75
135.75
135.75
135.75
135.75
135.75
135.75
136.0
136.0
136.0
136.0
136.0
139.734375
143.46875
147.203125
150.9375
154.671875
158.40625
162.140625
165.875
169.609375
173.34375
177.078125
180.8125
184.546875
188.28125
192.015625
195.75
193.625
191.5
191.5
182.0
182.0
181.25
181.25
181.25
181.25
181.25
181.25
181.25
181.25
181.25
181.25
181.5
181.5
179.68333333333334
177.86666666666667
176.05
174.23333333333332
172.41666666666666
170.6
168.78333333333333
166.96666666666667
165.15
163.33333333333334
161.51666666666668
159.7
157.88333333333333
156.06666666666666
154.25
152.43333333333334
150.61666666666667
148.8
146.98333333333332
145.16666666666666
143.35
141.53333333333333
139.71666666666667
137.9
136.08333333333334
134.26666666666668
132.45
130.63333333333333
128.81666666666666
127.0
127.0
120.0
120.0
116.0
116.0
116.0
116.0
115.75
115.75
116.0
116.0
116.0
116.0
115.75
115.75
117.91666666666667
120.08333333333333
122.25
124.41666666666667
126.58333333333333
128.75
128.75
129.0
129.0
130.0
130.0
131.0
131.0
135.5
134.5
134.5
134.5
135.25
135.75
135.75
136.25
136.25
136.25
136.25
136.5
136.5
136.5
131.75
131.75
130.75
130.75
129.25
129.25
130.75
129.5
129.5
130.25
129.5
129.5
128.25
128.25
127.25
127.25
127.25
128.25
128.25
127.25
127.25
127.5
127.5
129.0
128.0
128.0
127.75
127.75
128.5
128.5
127.5
127.5
130.25
127.25
127.25
125.25
125.25
125.25
125.25
128.75
128.75
130.5
130.5
132.25
132.75
132.75
133.75
133.75
135.5
134.75
134.75
134.5
134.5
134.5
135.5
135.5
134.75
134.0
134.0
134.25
131.5
131.5
131.5
131.5
132.0
132.0
132.0
134.25
134.25
134.25
134.25
134.25
133.0
133.0
132.5
132.5
131.5
131.5
130.0
130.0
129.75
130.0
130.0
130.25
130.25
129.5
129.5
129.5
126.0
126.0
129.75
129.75
129.0
128.5
128.5
129.0
129.0
129.5
129.5
130.0
130.0
129.5
129.5
129.25
129.25
128.0
126.75
126.75
126.5
126.5
126.5
122.75
122.75
117.75
117.75
117.75
117.75
117.75
117.75
117.75
117.75
117.75
117.75
117.75
117.75
117.75
117.75
117.75
117.75
119.45833333333333
121.16666666666667
122.875
124.58333333333333
126.29166666666667
128.0
128.0
127.25
127.25
126.25
122.25
122.25
122.5
122.5
122.25
122.25
122.25
122.25
122.5
123.5
124.5
125.5
126.5
127.5
128.5
129.5
130.5
130.5
131.75
133.25
133.25
132.0
132.0
131.5
131.5
132.5
132.5
132.0
130.75
130.75
132.0
132.0
132.75
132.75
132.75
132.75
132.0
132.0
130.25
130.25
127.25
127.25
127.25
127.25
127.0
128.0
128.0
129.25
129.25
129.75
129.75
130.25
130.25
130.25
130.25
129.0
129.75
129.75
130.25
130.25
129.75
129.75
129.75
129.75
130.25
129.25
129.25
129.25
129.5
129.5
129.5
129.0
129.0
129.75
129.75
130.5
130.5
131.0
130.0
130.0
130.0
130.0
130.0
130.0
130.0
130.0
130.0
133.25
133.25
134.25
134.25
134.5
134.5
135.75
135.75
134.25
134.25
134.25
135.0
135.0
136.75
136.75
134.5
134.5
137.0
136.25
136.25
135.75
135.75
137.0
137.5
137.5
137.0
137.0
138.0
138.25
138.25
138.75
138.75
139.75
139.75
138.75
138.75
139.5
140.25
140.25
139.75
139.75
139.25
139.25
139.25
138.5
138.5
139.0
137.5
137.5
135.75
135.75
136.5
136.5
132.0
132.0
131.25
130.0
130.0
130.0
127.75
127.75
129.25
129.25
129.5
130.25
130.25
131.25
131.25
131.0
131.0
131.5
130.0
130.0
130.0
130.0
130.0
130.0
129.75
129.75
129.75
129.75
129.75
130.7
131.65
132.6
133.55
134.5
134.5
133.5
133.5
133.25
133.0
133.0
133.0
133.0
133.0
133.0
133.0
133.0
133.0
133.0
133.0
133.0
133.125
133.25
133.375
133.5
133.625
133.75
133.75
133.75
132.75
132.75
132.75
132.0
132.0
132.0
132.0
132.0
132.0
131.75
131.75
131.75
131.75
131.75
131.9375
132.125
132.3125
132.5
132.6875
132.875
133.0625
133.25
133.25
134.75
134.75
135.0
135.0
134.75
134.75
134.75
135.0
135.0
135.0
135.0
134.86111111111111
134.72222222222223
134.58333333333334
134.44444444444446
134.30555555555554
134.16666666666666
134.02777777777777
133.88888888888889
133.75
134.25
134.25
132.75
132.75
132.75
133.25
133.25
131.25
131.25
133.0
132.25
132.25
131.25
131.25
131.0
131.0
131.25
130.5
130.5
131.5
131.5
129.5
129.5
129.75
129.75
130.25
130.25
129.25
129.25
128.5
128.5
126.5
126.5
126.75
126.0
126.0
126.0
126.0
126.25
126.25
126.5
126.5
127.25
127.25
127.25
127.25
126.25
126.25
125.75
125.75
125.75
125.75
128.25
128.25
127.25
127.25
128.0
128.75
128.75
129.5
129.5
130.5
130.5
131.25
131.25
133.25
133.25
132.5
132.0
132.0
132.75
132.75
132.75
132.75
132.0
133.0
133.0
133.0
133.0
136.0
136.0
134.75
134.75
133.5
133.5
139.25
139.25
138.5
138.5
137.0
138.0
138.0
138.75
138.75
139.5
139.75
139.75
140.0
140.0
140.5
140.5
141.75
141.75
145.25
145.0
145.0
145.25
145.25
145.5
145.5
145.5
143.25
143.25
138.75
138.75
132.75
132.0
132.0
128.5
128.5
128.5
118.0
118.0
108.0
107.25
107.25
107.25
104.75
104.75
102.25
102.25
102.25
102.75
102.75
103.75
103.75
103.75
105.0
105.0
109.0
111.25
111.25
111.75
111.75
114.5
114.5
114.5
117.75
117.75
118.75
118.75
120.75
120.75
122.25
122.25
122.75
122.75
122.75
122.75
122.75
122.75
122.75
122.75
123.0
123.0
124.75
125.0
125.0
124.5
124.5
125.75
125.75
125.75
125.75
126.25
126.25
125.0
125.0
125.25
125.25
126.0
126.0
126.25
126.25
125.75
125.75
125.75
125.75
127.25
127.75
127.75
127.5
127.5
127.25
127.25
127.75
127.75
128.25
128.25
129.0
129.0
129.25
128.75
128.75
128.0
128.0
128.0
128.0
129.5
129.5
130.75
130.75
131.0
131.25
131.25
131.25
131.25
131.0
131.0
131.5
133.5
133.5
135.5
135.5
135.5
135.5
135.25
135.25
135.25
135.25
135.25
136.0
136.0
135.75
135.75
135.0
136.25
136.25
138.0
138.0
138.5
138.5
138.75
138.75
136.75
136.75
132.5
132.5
125.25
125.25
124.25
124.25
124.25
122.25
122.25
117.5
117.5
118.5
118.5
117.0
117.0
121.75
121.75
122.25
122.25
125.75
125.75
129.0
130.0
130.0
131.5
131.5
132.75
132.75
133.75
133.75
135.5
137.25
137.25
138.0
138.0
139.25
138.0
138.0
137.25
137.25
135.0
135.0
135.0
130.25
130.25
132.0
132.0
129.75
128.5
128.5
127.5
127.5
128.5
128.5
126.25
126.25
129.0
129.0
126.25
126.25
127.25
127.25
124.75
124.75
124.75
124.75
125.75
125.75
125.75
129.5
129.5
128.25
128.25
127.25
127.5
127.5
129.0
129.0
129.5
129.5
129.0
129.0
129.0
129.0
129.0
129.0
128.0
128.75
128.75
128.0
128.0
127.75
127.75
127.25
127.25
128.0
130.0
130.0
129.0
129.0
129.0
129.0
128.0
128.0
130.25
130.75
130.75
130.75
129.0
129.0
129.0
129.0
130.25
130.25
129.5
128.75
128.75
128.0
128.0
128.25
127.25
127.25
126.75
126.75
125.75
125.75
126.25
126.25
126.0
126.0
126.25
126.25
126.25
126.25
126.0
126.0
126.25
126.25
126.25
127.5
127.5
127.5
127.5
127.5
127.5
127.5
128.0
128.0
127.75
127.75
127.25
127.25
128.0
128.0
128.0
128.5
128.0
128.0
128.0
128.0
128.0
128.5
128.5
131.5
131.5
126.25
126.25
128.5
128.75
128.75
128.5
128.5
128.5
128.5
127.5
127.5
125.75
126.25
126.25
127.5
127.5
128.5
128.5
128.5
128.5
129.25
129.25
128.75
128.75
127.5
127.5
128.0
128.0
128.0
128.0
128.75
128.5
128.5
127.75
127.75
126.75
126.75
126.75
126.75
126.75
126.75
127.25
127.25
128.25
128.25
127.5
127.5
127.25
127.25
127.25
126.25
126.25
125.75
125.75
127.25
127.25
125.5
125.5
126.5
126.5
127.25
125.25
125.25
124.5
124.5
125.5
125.5
125.75
125.75
126.25
126.25
126.75
126.75
124.5
124.5
123.5
123.75
123.75
125.0
125.0
125.0
127.25
127.25
125.0
125.0
124.75
124.75
126.0
127.75
127.75
127.25
127.25
124.0
124.0
126.5
126.5
125.25
125.25
123.0
123.0
123.0
123.0
124.0
124.0
123.0
123.0
122.25
122.25
123.0
123.0
123.75
123.75
123.5
123.5
123.75
123.75
123.5
123.5
126.0
126.0
127.75
127.75
129.0
129.0
129.5
129.5
130.75
131.5
131.5
132.0
132.0
131.5
131.5
131.5
131.5
129.75
129.75
130.0
129.0
129.0
127.5
127.5
126.0
125.5
125.5
126.75
126.75
127.75
127.75
126.25
126.25
126.25
126.25
125.75
125.75
126.25
126.25
126.75
127.0
127.0
126.25
126.25
126.75
126.75
124.75
124.75
125.0
125.0
125.75
125.75
126.0
126.0
126.25
126.25
126.75
126.75
126.25
126.75
126.75
126.5
126.5
126.25
126.25
126.5
126.5
125.75
125.75
125.25
125.25
125.75
125.75
124.25
124.25
125.0
125.0
122.0
122.0
120.75
120.75
122.0
122.0
122.0
122.0
122.0
121.5
121.0
121.0
121.0
121.75
122.75
122.75
122.75
122.25
122.25
123.0
123.0
123.0
123.25
123.25
123.5
123.5
123.25
123.25
124.75
124.75
123.5
123.5
123.5
123.5
124.25
124.25
122.75
122.75
121.75
121.75
121.75
121.75
122.25
122.25
122.75
122.75
123.25
124.25
124.25
123.5
123.5
122.75
122.75
122.75
123.25
123.25
122.75
123.5
123.5
124.5
124.5
124.0
124.0
123.25
123.25
123.25
123.5
123.5
123.5
126.25
127.0
127.0
127.0
127.0
127.75
127.75
128.0
128.0
129.0
129.0
129.0
129.0
129.25
129.25
129.0
129.0
129.0
128.0
128.0
128.0
127.25
127.25
127.5
127.5
126.75
126.75
125.5
125.5
125.25
125.25
124.5
124.5
123.5
123.5
123.5
123.5
123.5
123.5
123.0
123.0
124.0
124.0
124.0
124.0
125.25
125.25
125.75
125.75
124.5
124.5
123.5
123.5
123.75
123.75
124.0
124.0
124.5
124.5
125.0
125.0
126.25
127.0
127.0
128.0
128.0
129.0
129.0
129.75
129.75
130.5
131.25
131.25
129.5
129.5
129.5
127.0
127.0
127.0
127.0
126.0
126.0
125.5
125.5
125.0
125.0
124.75
124.5
124.5
124.5
124.5
124.5
124.5
125.0
125.0
125.0
125.0
125.0
125.0
125.25
125.25
126.0
126.0
126.0
126.0
125.75
125.75
125.5
127.5
127.5
127.75
127.75
128.0
128.25
128.25
128.5
128.5
128.5
128.5
129.0
129.0
131.25
131.25
130.75
130.75
128.75
128.75
127.5
129.0
129.0
129.25
129.25
127.25
127.25
127.25
127.25
126.25
126.25
127.0
127.0
127.0
127.0
127.25
127.25
127.5
126.25
126.25
125.0
125.0
126.75
126.75
126.75
126.75
127.0
127.0
127.25
127.25
127.5
127.5
126.75
126.75
126.75
126.75
125.25
126.0
126.0
126.5
126.5
127.25
127.25
126.0
126.0
125.75
125.75
126.0
126.0
126.25
126.25
125.75
125.75
125.25
125.25
125.75
125.75
124.0
124.75
124.75
127.0
127.0
126.75
126.75
128.75
128.75
129.0
129.0
128.25
128.25
129.5
130.0
130.0
130.75
130.75
130.75
130.75
131.0
131.0
130.5
130.5
129.5
129.5
129.5
129.0
129.0
127.25
127.25
126.75
126.75
127.25
127.25
126.75
126.75
126.75
126.75
125.75
125.75
125.5
125.5
124.75
124.75
123.75
123.75
124.75
124.0
124.0
123.75
123.75
124.0
124.0
124.0
124.0
123.5
123.5
123.5
123.75
123.75
124.5
124.5
124.0
124.5
124.5
124.0
124.0
124.25
124.25
124.25
124.5
124.5
126.25
126.25
127.0
127.0
128.5
128.5
128.25
128.25
128.5
128.5
130.75
132.5
132.5
132.75
132.75
133.0
133.0
133.0
131.5
131.5
129.5
129.5
127.5
126.0
126.0
125.0
125.0
123.75
123.75
123.25
123.25
122.75
122.75
122.5
122.5
122.25
122.25
122.75
122.75
123.5
123.5
123.75
123.75
123.75
123.75
124.0
124.75
124.75
126.0
126.0
126.25
126.25
126.25
128.0
126.25
126.25
126.25
126.25
126.25
126.25
126.25
126.25
125.75
125.75
126.5
125.75
125.75
128.0
128.0
129.0
129.0
128.5
128.5
129.25
129.25
128.5
128.5
126.75
126.75
128.5
128.5
129.5
129.5
129.25
129.25
129.75
128.25
128.25
129.0
129.0
129.5
129.5
129.75
129.75
130.5
130.5
130.25
130.25
129.5
130.0
130.0
130.0
130.0
130.0
130.0
129.5
128.5
128.5
128.0
128.0
127.25
127.25
127.0
127.0
126.75
126.75
127.0
127.0
126.75
126.75
126.25
126.25
127.5
128.0
128.0
129.0
129.0
129.5
129.5
130.75
130.75
132.5
132.5
133.25
133.25
133.75
135.0
135.0
136.0
136.0
136.25
136.25
135.25
135.25
134.0
132.5
132.0
132.0
131.75
131.75
131.5
131.5
130.5
130.5
129.75
129.0
129.0
129.0
129.0
128.5
128.5
128.5
129.0
129.0
128.0
127.75
127.75
127.25
127.25
126.75
126.75
126.5
126.5
126.5
126.5
126.25
126.25
126.75
126.75
127.25
127.25
127.25
127.25
128.5
128.5
127.75
127.75
127.25
128.5
128.5
128.25
128.25
128.25
128.25
127.75
127.75
128.5
128.5
128.0
128.0
129.0
129.0
128.5
127.0
127.0
127.5
127.5
128.0
128.0
128.25
128.25
128.5
128.5
128.5
128.25
128.25
129.0
129.0
129.5
129.5
129.75
129.75
131.0
131.5
131.5
131.25
131.25
132.75
132.75
132.5
132.5
132.0
131.75
131.75
131.5
131.5
131.5
131.5
130.75
130.75
131.5
131.5
131.75
130.75
130.75
131.75
131.75
131.5
131.5
130.5
130.5
129.75
129.75
130.25
131.5
131.5
129.5
129.5
129.0
129.0
128.5
128.5
128.5
128.5
128.0
128.0
128.0
128.0
128.0
128.0
128.0
128.0
128.0
128.0
127.75
128.0
128.0
129.25
129.25
129.5
129.5
129.5
129.5
129.5
129.5
129.5
129.5
129.5
129.5
129.5
129.75
129.75
129.5
129.5
129.5
129.5
129.25
129.25
131.0
130.5
130.5
129.5
129.5
129.5
129.5
130.25
131.75
131.75
131.75
129.75
129.75
131.5
132.25
132.25
132.75
132.75
132.25
132.25
132.75
132.75
132.5
132.5
132.5
132.0
132.0
132.0
132.0
131.5
131.5
131.5
131.5
131.5
132.0
132.0
131.75
131.75
131.25
131.25
131.5
131.5
131.25
131.25
131.25
130.75
130.75
131.25
131.25
130.75
130.75
129.5
129.5
129.5
129.0
129.0
129.5
129.5
129.0
129.0
129.0
129.0
129.0
129.0
129.0
129.0
129.5
129.25
129.25
130.25
130.25
129.0
129.0
128.25
128.25
129.5
129.5
130.25
130.75
130.75
130.75
130.75
130.5
130.5
130.25
130.25
130.25
130.25
129.5
129.5
130.25
131.0
131.0
131.5
131.5
131.5
131.5
130.25
130.25
130.25
130.5
130.5
131.5
131.5
131.0
131.0
130.5
130.5
129.75
129.75
130.0
130.0
130.0
131.0
131.0
130.75
130.75
129.5
129.5
129.25
129.25
129.5
129.5
129.75
129.5
129.5
129.5
129.5
128.75
128.75
129.5
129.5
130.75
130.75
130.5
130.5
130.0
130.25
130.25
130.25
130.25
130.75
130.75
130.5
130.5
130.75
130.75
131.25
130.5
130.5
130.25
130.25
130.25
130.25
130.25
130.25
130.25
130.25
130.25
130.25
130.25
130.0
130.0
130.25
130.25
131.0
130.75
130.75
130.75
130.75
130.75
130.75
130.5
130.5
128.5
128.5
131.0
131.0
129.0
129.0
128.5
128.5
129.0
129.0
128.5
129.5
129.5
129.75
129.75
129.75
129.75
130.0
130.0
130.25
130.25
131.0
131.25
131.25
131.0
131.0
131.0
131.0
130.5
130.5
130.5
130.5
130.5
130.25
130.25
130.5
130.5
131.75
131.75
131.75
131.75
131.5
131.5
132.0
131.5
131.5
129.75
129.75
128.0
128.0
129.75
129.75
131.75
132.25
132.25
133.5
133.5
134.25
134.25
135.0
135.0
135.5
136.25
136.25
138.0
138.0
136.5
136.5
135.75
135.0
135.0
134.25
134.25
133.75
133.75
133.5
133.5
132.75
132.75
132.75
132.5
132.5
132.25
132.25
132.0
132.0
131.0
131.5
131.5
132.0
132.0
132.0
132.0
131.25
131.5
131.5
130.75
130.75
130.75
127.25
127.25
132.5
132.5
132.5
132.0
132.0
131.75
131.75
132.0
132.0
132.0
130.75
130.75
130.75
130.75
130.75
130.75
131.5
131.5
131.5
131.5
131.5
131.5
131.5
130.5
130.5
130.75
130.75
130.5
130.5
130.75
130.75
130.75
131.25
131.25
130.75
130.75
131.0
131.0
131.75
131.75
131.75
131.25
131.25
132.0
132.0
134.0
134.0
131.5
131.5
132.0
132.0
132.0
132.25
132.25
132.75
132.75
132.75
132.75
133.25
131.5
131.5
132.5
132.5
129.75
129.75
132.0
132.0
131.75
132.0
132.0
132.0
132.0
132.5
132.5
133.25
133.25
132.5
132.5
131.25
131.5
131.5
132.25
132.25
133.0
133.0
133.75
133.75
133.5
132.75
132.75
132.0
132.0
127.0
127.0
131.0
131.0
130.25
130.25
130.5
130.5
131.0
129.5
129.5
127.75
127.75
129.75
129.75
128.25
128.25
128.0
128.0
128.0
128.0
127.75
127.75
127.5
127.25
127.25
126.75
126.75
127.75
127.75
128.0
128.0
127.75
127.75
127.75
127.75
130.0
127.25
127.25
128.0
128.0
130.25
130.25
129.0
129.0
128.75
128.75
129.75
129.75
129.75
129.5
129.5
129.5
129.5
128.0
128.0
131.0
131.0
128.5
128.5
129.0
129.0
128.5
128.5
129.0
129.5
129.5
129.25
129.25
129.75
129.75
129.75
129.75
129.5
129.5
130.25
131.0
131.0
129.75
129.75
129.75
129.75
129.75
129.75
130.75
130.75
130.0
130.25
130.25
130.75
130.75
129.5
129.5
129.5
129.5
130.75
130.75
130.75
130.75
130.75
131.5
131.5
131.0
131.0
131.5
131.5
131.5
131.5
131.75
133.25
133.25
132.25
132.25
133.5
133.5
133.75
133.75
136.0
135.0
135.0
135.5
135.5
135.25
135.25
134.0
133.0
133.0
131.5
131.5
132.0
132.0
133.5
133.5
132.5
132.75
132.75
131.5
131.5
131.25
131.25
130.25
130.25
130.0
130.0
130.25
131.5
131.5
130.5
130.5
131.5
131.5
130.5
130.5
130.25
130.25
130.5
130.5
132.75
131.0
131.0
133.0
133.0
131.75
131.75
132.25
132.25
131.25
132.0
132.0
131.75
131.75
130.75
130.25
130.25
129.5
129.5
129.5
129.25
129.0
129.0
129.25
129.25
128.75
128.75
129.25
129.25
129.25
129.25
128.75
128.75
128.75
128.5
128.5
129.0
129.0
129.75
129.75
130.25
130.25
130.25
130.25
129.75
129.75
129.5
129.0
129.0
131.0
131.0
131.25
131.25
131.5
131.5
130.75
130.75
131.5
131.25
131.25
131.5
131.5
132.25
132.25
132.5
132.5
132.0
132.0
132.0
132.0
132.0
132.0
132.0
132.75
132.75
131.75
134.25
134.25
135.0
135.0
136.5
136.5
135.25
135.75
135.75
133.75
133.75
134.25
134.25
133.75
133.75
133.75
133.75
132.0
132.0
132.25
132.25
132.0
132.0
131.75
131.75
132.0
131.25
131.25
131.25
131.25
131.5
131.5
131.5
130.25
130.25
132.25
131.5
131.5
131.25
131.25
132.0
132.0
131.0
131.0
133.25
133.25
132.25
134.25
134.25
134.75
134.75
135.5
135.5
137.5
137.5
137.5
138.75
138.75
139.75
139.75
140.25
140.75
140.75
140.25
140.25
139.25
138.25
138.25
135.5
135.5
132.75
132.75
130.75
129.75
129.75
129.25
129.25
128.0
128.0
128.0
128.0
127.0
127.0
128.75
128.75
129.25
129.25
129.0
129.0
129.0
128.5
128.5
129.25
129.25
129.0
129.0
129.25
129.25
129.0
128.5
128.5
127.5
127.5
127.5
126.0
126.0
126.25
126.75
126.75
127.25
127.25
127.75
127.75
128.5
128.5
127.25
127.25
127.25
127.25
128.5
128.5
127.5
126.25
126.25
128.5
128.5
129.0
129.0
129.0
129.0
129.5
129.5
129.5
129.5
130.0
130.0
130.0
130.75
130.75
129.0
129.0
128.75
128.75
127.25
127.25
126.75
126.75
125.75
126.5
126.5
126.25
126.25
126.25
126.25
129.0
129.0
127.5
127.5
128.25
128.25
129.0
129.0
127.75
127.75
127.75
129.0
129.0
128.5
128.5
128.25
128.25
129.0
129.0
128.5
128.5
129.0
129.75
129.75
130.25
130.25
130.25
130.25
130.25
130.25
130.5
130.5
130.75
130.75
130.75
130.75
130.75
130.5
130.5
129.75
129.75
129.5
129.5
130.25
130.25
130.75
129.75
129.75
130.0
130.0
130.25
130.25
130.0
130.0
129.25
129.25
128.5
128.5
128.5
128.5
128.5
128.5
128.5
129.0
129.0
129.5
129.5
130.25
130.25
128.25
128.25
130.5
128.0
128.0
128.5
128.5
129.0
129.0
128.0
128.0
130.25
130.25
129.25
129.25
129.5
129.25
129.25
128.5
128.5
129.5
129.5
125.25
125.25
126.25
126.25
125.25
125.25
124.5
124.5
125.0
125.0
124.5
123.5
123.5
124.0
124.0
124.0
124.25
124.25
125.5
125.5
126.25
126.25
128.0
128.0
128.0
128.0
129.5
130.25
130.25
131.5
131.5
131.75
131.75
133.25
133.25
132.5
131.5
131.5
129.5
129.5
128.5
128.5
128.5
126.0
126.0
126.0
126.0
124.25
122.5
122.5
121.5
121.5
120.25
119.75
119.75
119.5
119.5
120.0
120.0
120.25
120.25
120.0
120.0
120.75
120.75
120.75
120.75
120.75
120.75
120.75
121.0
120.75
120.75
120.8
120.85
120.9
120.95
121.0
121.0
121.75
121.75
122.5
122.5
122.75
122.75
122.75
123.0
123.0
123.5
123.5
123.0
123.0
123.0
123.0
122.75
122.75
123.0
123.25
123.25
124.0
124.0
124.0
124.0
122.5
122.5
124.0
124.0
124.5
124.5
123.75
123.75
124.5
124.5
125.75
127.0
127.0
127.75
127.75
127.25
127.25
128.75
128.75
130.75
130.75
131.0
131.0
130.25
130.25
130.75
130.75
130.75
130.75
126.75
126.75
125.25
125.25
125.25
125.25
125.5
125.5
124.5
124.5
125.0
124.5
124.5
125.75
125.75
124.5
124.5
124.25
124.25
124.75
124.75
124.5
124.5
125.25
125.25
125.75
125.75
126.25
126.25
126.25
126.25
127.25
127.25
126.5
126.5
126.25
126.25
125.25
125.5
125.5
125.5
125.0
125.0
124.5
124.5
123.5
123.5
123.5
123.5
122.75
122.75
124.25
124.25
122.75
122.75
122.75
123.25
123.25
123.0
123.0
123.5
123.5
124.0
124.0
124.75
124.75
125.0
125.0
125.25
125.25
123.75
123.75
123.25
123.25
124.25
124.25
122.75
122.75
122.75
122.75
121.75
121.75
121.5
121.5
121.5
121.5
121.75
121.75
121.75
121.75
121.5
121.5
121.5
121.5
121.25
121.25
121.75
121.75
121.75
121.75
122.5
122.5
122.25
122.25
123.5
123.5
124.0
124.0
124.25
125.75
125.75
127.25
127.25
128.25
128.25
128.25
128.25
129.0
129.0
127.5
127.5
124.0
124.0
122.0
122.0
121.0
121.0
120.25
120.25
119.75
119.75
120.0
120.0
120.0
120.0
120.0
120.0
120.0
120.0
120.0
120.0
120.25
120.25
121.0
121.0
121.5
121.5
121.75
121.75
122.0
122.0
122.0
122.0
121.5
121.5
121.25
121.25
121.25
120.5
120.5
120.75
120.75
121.25
121.25
121.0
121.0
120.0
120.0
120.75
120.75
121.0
121.0
119.25
119.25
117.75
117.75
117.75
118.75
118.75
118.75
118.75
118.5
118.5
119.0
119.0
121.0
121.0
120.75
120.5
120.5
119.5
119.5
119.5
118.25
118.25
112.5
112.5
111.0
111.0
113.0
113.0
112.75
112.75
114.25
114.25
116.25
116.25
123.25
123.25
126.25
126.25
125.25
125.25
124.5
124.5
123.5
123.5
121.25
121.25
118.75
118.75
116.75
116.75
113.5
113.5
110.5
110.5
111.5
111.5
111.5
113.5
113.5
115.25
115.25
117.5
117.5
119.25
119.25
120.0
121.25
121.25
123.0
123.0
124.25
124.25
125.25
125.25
126.5
126.5
127.25
127.25
128.25
128.25
128.5
128.5
128.75
129.5
129.5
130.25
130.25
131.0
131.0
132.25
132.25
132.25
132.0
132.0
133.5
133.5
134.25
134.25
135.25
135.75
135.75
135.75
135.75
136.75
136.75
137.25
137.25
137.25
136.25
136.25
135.75
135.75
134.75
134.75
134.0
134.25
134.25
133.5
133.5
132.0
132.0
131.75
131.75
132.0
132.0
131.0
131.5
131.5
132.0
132.0
131.25
131.25
131.0
131.0
130.75
130.75
129.25
131.5
131.5
130.0
130.0
128.25
128.25
130.25
130.25
130.25
131.0
131.0
129.0
129.0
129.25
129.25
129.0
129.0
128.0
128.0
128.0
128.0
128.5
128.5
128.5
129.5
129.5
130.5
130.5
131.5
131.5
134.0
134.0
133.75
134.0
134.0
135.0
135.0
135.5
135.5
135.75
135.75
135.0
134.25
134.25
134.0
134.0
129.0
129.0
127.25
127.25
129.5
129.5
128.75
131.0
131.0
129.5
129.5
128.25
128.25
128.25
128.25
128.25
128.25
128.5
128.5
135.0
135.0
129.75
130.25
130.25
129.5
129.5
129.0
129.0
129.0
129.0
130.75
130.75
131.25
130.5
130.5
130.75
130.75
131.5
131.5
132.0
132.0
132.0
132.0
132.25
133.0
133.0
133.5
133.5
134.25
134.25
135.0
135.25
135.25
135.0
135.0
134.5
134.5
134.25
134.25
133.0
133.0
132.0
131.75
131.75
131.5
131.5
131.0
131.0
130.75
130.75
130.75
130.75
130.75
130.5
130.5
130.75
130.75
132.25
132.25
132.0
132.0
131.5
131.5
132.25
131.25
131.25
132.25
132.25
132.5
132.5
131.5
131.5
132.5
130.25
130.25
129.75
129.75
130.0
130.0
130.25
130.25
129.5
129.5
129.0
129.0
130.0
131.25
131.25
132.0
132.0
132.75
132.75
133.0
133.0
133.5
133.25
133.25
132.75
132.75
128.75
128.75
124.0
124.0
124.0
120.0
118.5
118.5
117.75
117.75
118.0
118.0
119.5
119.5
120.0
120.0
124.0
124.0
124.0
124.0
124.0
124.5
124.5
126.75
126.75
127.0
127.0
128.0
128.5
128.5
129.0
129.0
128.25
128.25
128.5
128.5
129.0
129.0
130.25
130.25
130.75
132.75
132.75
133.5
133.5
133.5
134.75
135.25
135.25
135.5
135.5
136.0
136.0
136.0
136.5
135.0
135.0
136.0
136.0
135.75
135.75
134.25
132.75
132.75
132.0
132.0
132.5
132.5
132.0
132.25
132.25
133.25
133.5
133.5
131.75
131.75
131.0
131.0
132.0
132.0
131.25
131.25
132.0
132.0
132.0
132.0
132.0
132.0
132.0
132.0
132.0
132.0
131.75
131.75
132.75
132.75
132.25
132.25
132.75
132.75
132.75
132.75
133.25
133.5
133.5
133.5
133.5
132.5
132.5
133.5
133.5
134.5
136.25
136.25
135.75
135.75
135.75
135.75
136.0
136.75
136.75
136.75
136.75
138.0
138.0
137.5
138.25
138.25
138.25
138.25
137.5
137.5
137.0
135.75
135.75
134.0
134.0
135.5
135.5
135.0
135.0
133.5
132.25
132.25
133.0
133.0
134.5
134.5
133.25
133.25
134.25
133.5
133.5
132.0
132.0
131.25
131.25
131.5
131.5
131.25
131.0
131.0
132.0
132.0
131.5
131.5
131.25
131.25
132.0
132.0
131.75
132.0
132.0
132.25
132.25
132.25
132.25
133.25
133.25
134.25
133.5
133.5
133.75
133.75
133.25
133.25
133.5
133.5
133.5
133.0
133.0
132.75
132.75
132.5
132.5
133.0
133.0
133.25
132.75
132.75
132.5
132.5
132.75
132.75
133.75
133.75
134.0
135.0
135.0
134.25
134.25
135.25
135.25
135.0
135.0
135.0
132.75
132.75
135.0
135.0
129.5
129.5
132.0
132.0
130.25
130.25
131.75
131.75
129.0
128.75
128.75
128.75
128.75
128.75
129.0
129.0
129.0
129.25
129.25
130.0
130.0
130.5
130.5
130.25
130.25
130.75
130.75
131.5
131.5
133.25
133.5
133.5
134.25
134.25
135.0
135.0
136.0
136.75
136.75
137.0
137.0
137.5
137.5
137.5
137.5
137.5
138.0
138.0
136.0
136.0
135.0
135.0
133.25
132.75
132.75
130.5
130.5
130.25
130.25
129.0
129.0
130.0
130.0
129.0
129.0
129.0
129.0
128.75
128.75
129.0
129.75
129.75
130.75
130.75
130.25
130.25
129.75
129.75
130.25
130.25
131.25
131.25
131.25
130.75
130.75
130.75
130.75
130.25
130.25
130.75
130.75
130.75
130.75
130.25
130.25
131.25
130.75
130.75
130.25
130.25
130.0
130.0
130.5
130.5
130.75
130.75
131.25
132.0
132.0
131.75
131.75
132.0
132.0
132.75
132.5
132.5
132.25
132.25
132.75
132.75
132.75
132.75
132.0
132.0
132.75
132.25
132.25
131.25
131.25
131.25
131.25
131.5
131.5
132.0
132.25
132.25
132.5
132.5
132.25
132.25
132.0
132.0
132.75
133.5
133.5
133.75
133.75
133.75
133.75
134.5
134.5
135.0
134.25
134.25
135.0
135.0
134.75
134.75
134.5
134.25
134.25
134.75
134.75
134.25
134.25
134.5
134.5
135.0
135.0
135.25
135.0
135.0
135.25
135.25
134.75
135.0
135.0
134.25
134.25
134.25
134.25
132.75
132.75
132.5
132.5
129.75
129.75
132.5
132.5
133.5
131.75
131.75
133.25
133.25
133.0
132.75
132.75
132.0
132.0
132.0
132.0
132.25
132.25
130.0
130.0
130.25
130.25
128.5
128.5
128.0
128.0
128.25
128.25
129.0
129.0
129.0
129.5
129.5
130.5
130.5
131.25
131.75
131.75
133.25
133.25
134.0
135.5
135.5
135.75
135.75
136.25
136.25
135.5
135.5
135.75
135.5
135.5
135.5
135.75
135.75
133.5
133.5
133.75
133.75
133.25
133.25
133.0
133.0
132.75
132.75
132.0
132.0
132.25
132.25
131.5
130.5
130.5
130.5
132.25
132.0
132.0
131.75
131.75
131.25
131.25
132.0
132.0
131.75
131.75
132.75
133.0
133.0
132.75
132.75
133.0
133.0
133.25
133.0
133.0
133.5
133.5
133.75
133.75
133.75
133.75
132.75
132.75
132.75
133.5
133.5
133.5
133.5
134.0
134.0
133.75
134.0
134.0
134.0
134.0
132.75
132.75
134.25
134.25
132.75
133.5
133.5
133.5
133.5
133.25
133.25
133.5
133.5
133.5
133.75
133.75
135.0
135.0
135.75
135.75
136.0
135.75
135.75
135.0
135.0
135.25
135.25
135.25
135.75
135.75
134.75
134.75
133.0
133.0
132.25
131.5
131.5
131.75
131.75
132.0
132.0
131.75
131.75
132.5
132.5
132.5
131.5
131.5
130.75
131.75
131.75
131.75
132.75
132.75
132.0
132.0
132.0
132.0
132.75
132.75
132.0
134.0
134.0
134.25
134.25
134.0
135.0
135.0
136.0
136.0
137.0
137.0
135.0
137.0
137.0
135.25
135.25
134.0
134.0
132.75
132.0
132.0
130.75
130.75
130.25
130.25
128.25
128.25
126.75
126.75
126.5
126.5
127.25
127.25
126.75
126.75
128.25
128.25
129.0
129.0
130.25
131.75
131.75
132.25
132.25
133.25
133.25
134.25
134.25
134.25
135.5
136.5
136.5
137.0
137.0
138.0
138.0
138.75
138.5
138.5
138.5
138.5
139.5
139.5
139.0
138.75
138.75
139.0
139.0
138.75
139.25
139.25
139.25
139.0
137.5
137.5
138.25
137.5
137.5
136.5
136.5
135.5
135.5
135.75
135.75
135.75
135.75
135.75
136.75
136.75
135.75
135.75
135.5
135.0
135.0
134.75
134.75
135.0
135.0
134.0
134.25
134.25
134.25
134.25
133.5
132.75
132.75
132.0
132.0
132.0
131.75
132.0
132.0
132.75
132.75
133.0
133.0
133.25
133.75
133.75
133.5
133.5
134.0
134.75
134.75
134.75
134.75
134.75
134.75
134.0
134.0
133.5
133.5
133.0
133.5
133.5
134.0
134.0
134.25
134.25
134.75
134.25
134.25
133.5
133.5
134.0
134.0
134.25
134.25
135.0
135.0
135.75
135.0
135.0
134.0
134.0
134.5
134.5
135.0
135.0
135.0
135.5
135.5
134.5
134.5
135.0
132.75
132.75
134.0
134.0
134.5
134.75
134.75
135.75
135.75
135.75
135.75
137.5
137.5
138.5
140.0
140.0
139.5
139.5
140.5
140.5
140.5
143.25
142.25
143.75
143.75
143.0
143.0
143.25
143.25
143.25
143.25
143.25
143.25
144.25
144.25
145.0
145.0
146.0
145.0
145.0
143.75
143.75
141.75
140.25
140.25
140.25
137.5
137.5
135.75
135.75
130.75
130.75
128.5
128.5
126.0
124.25
124.25
124.25
123.5
123.5
122.75
122.75
123.0
123.0
123.0
124.0
124.0
126.25
126.25
128.5
128.5
130.25
130.25
129.75
129.75
128.75
128.75
129.75
130.0
130.0
131.5
131.5
133.0
133.0
131.25
131.25
131.25
131.75
131.75
132.25
132.25
131.75
131.75
131.25
131.25
130.25
130.25
130.25
130.25
131.25
129.0
129.0
128.5
128.5
130.25
130.25
130.75
130.75
129.5
132.25
132.25
131.25
131.25
131.75
131.75
132.5
132.5
132.5
132.5
132.5
132.0
132.0
132.0
134.5
134.5
135.0
135.5
135.5
135.0
135.0
135.0
135.0
135.0
135.0
134.25
132.5
132.5
130.25
130.25
129.0
129.0
128.75
128.75
128.75
128.75
128.0
128.0
128.5
128.5
131.25
130.5
130.5
132.0
132.0
132.0
131.5
131.5
130.75
130.75
131.0
131.0
129.25
127.25
127.25
125.25
125.25
124.75
124.75
123.0
123.0
121.5
121.5
123.0
123.0
124.75
124.75
126.75
126.75
129.0
129.0
127.25
127.25
126.75
128.5
128.5
130.25
130.25
131.25
131.25
132.5
132.5
132.75
132.75
129.5
129.75
129.75
126.5
126.5
127.25
127.25
128.5
128.5
126.5
126.5
127.5
127.5
126.75
126.75
126.75
127.0
127.0
127.0
126.25
126.25
126.25
126.25
124.75
124.75
122.75
124.75
124.75
125.25
125.25
124.0
124.0
124.75
124.75
124.75
124.75
124.5
124.5
124.0
124.0
125.0
125.5
125.5
125.5
126.0
126.0
125.5
125.5
125.75
125.75
125.25
125.0
125.0
124.0
124.0
123.0
123.0
123.75
123.75
123.5
123.5
124.0
124.0
125.0
125.0
126.0
126.0
127.25
127.25
128.75
128.75
127.25
127.75
127.75
127.75
127.75
128.0
128.0
128.0
128.0
127.75
127.75
120.5
120.5
123.25
123.25
124.5
124.5
125.25
124.0
124.0
123.5
123.5
123.5
125.75
125.25
125.25
126.25
126.25
125.25
125.25
126.25
126.25
127.25
127.25
128.25
128.25
125.0
125.0
125.25
125.25
125.25
128.25
128.25
129.0
129.0
129.5
129.5
130.75
130.75
130.75
132.5
131.5
131.5
131.5
130.75
130.75
130.0
130.0
129.75
129.75
129.5
129.75
129.75
129.25
129.25
128.5
128.5
128.5
128.5
128.25
128.25
128.5
128.5
131.75
131.5
131.5
131.5
131.25
131.25
131.25
131.5
131.5
131.25
124.75
124.75
124.0
124.0
124.0
123.75
123.75
124.0
124.0
124.0
124.0
124.0
127.5
127.5
128.75
128.75
128.25
128.25
128.0
128.0
128.0
128.0
128.0
127.25
127.25
127.25
127.25
127.5
127.5
127.5
127.25
127.25
127.25
127.25
130.25
130.25
130.0
130.0
131.0
131.0
131.5
131.5
132.25
132.25
132.0
132.0
132.0
132.25
132.25
131.5
131.5
131.25
129.0
129.0
129.5
129.5
126.5
126.5
125.75
125.75
125.25
125.25
125.25
125.25
125.0
125.0
125.5
125.5
125.25
126.0
126.0
126.75
126.75
127.25
127.25
128.0
128.0
128.25
128.25
128.75
128.75
128.75
128.75
129.75
130.75
130.75
131.0
131.0
132.75
132.75
132.0
132.0
129.75
129.75
130.5
131.5
131.5
130.75
130.75
128.75
128.75
130.25
130.25
131.5
130.0
130.0
131.25
131.25
131.0
131.0
129.5
129.5
129.0
129.0
127.25
127.25
129.75
129.75
128.0
128.75
128.75
128.5
128.5
128.25
128.25
126.75
126.75
128.75
128.75
127.0
127.0
129.25
130.5
130.5
129.0
129.0
130.25
130.25
131.25
131.25
129.5
129.5
130.5
131.5
131.5
128.5
128.5
128.5
128.5
130.5
130.5
127.25
127.25
130.25
130.25
128.75
128.75
127.25
127.25
126.75
127.5
127.5
127.75
127.75
128.0
128.0
130.75
130.75
130.0
130.0
132.0
131.5
131.5
127.5
127.5
122.0
122.0
124.25
124.25
121.25
121.25
118.25
118.25
118.25
123.0
120.25
120.25
122.0
122.0
124.5
124.5
124.5
124.5
125.25
125.25
125.25
123.0
124.25
124.25
126.0
126.0
126.5
126.5
127.5
128.75
128.75
130.0
130.0
130.0
130.75
131.25
131.25
131.5
130.75
130.75
132.5
132.5
132.25
132.25
130.75
130.75
132.25
132.25
131.5
132.25
132.25
133.25
133.25
135.0
135.0
135.25
135.75
135.75
133.75
133.75
130.0
130.0
126.5
126.5
116.5
116.5
116.5
115.0
115.0
114.5
114.5
117.0
120.0
120.0
124.75
124.75
124.75
128.0
128.0
130.0
130.0
130.75
130.75
132.0
133.0
133.0
134.5
134.5
135.0
135.0
136.75
135.25
135.25
135.25
135.25
135.5
135.5
136.5
136.5
136.5
135.75
135.75
134.0
134.0
133.0
133.5
133.5
134.75
134.75
134.5
134.5
133.5
133.5
133.5
133.75
133.75
133.25
133.25
132.75
132.75
132.75
132.5
132.5
133.0
133.0
133.5
133.5
133.5
133.5
133.5
133.5
133.5
134.0
133.5
133.5
133.75
133.75
133.75
133.75
132.0
132.0
132.25
131.5
131.5
132.0
132.0
132.75
132.75
133.0
133.25
133.25
133.0
132.75
132.75
132.75
132.75
132.25
132.25
131.5
131.5
130.75
130.75
130.25
131.5
131.5
129.5
129.5
130.0
130.0
129.25
129.25
129.0
129.0
129.25
129.25
129.5
128.5
128.5
129.5
129.5
128.5
128.5
129.0
129.0
129.25
129.25
129.0
129.0
129.25
129.25
129.25
129.5
129.5
129.5
129.5
129.75
129.75
129.5
129.5
129.5
129.5
130.25
129.75
129.75
131.5
131.5
129.75
129.75
130.75
130.75
131.5
131.5
131.5
131.5
131.5
132.0
132.0
131.5
131.5
131.5
131.5
131.5
131.75
131.75
131.5
131.5
132.75
132.75
132.25
132.25
132.75
133.25
133.25
133.25
133.25
132.75
132.75
134.25
134.25
134.25
131.5
132.0
132.0
132.75
132.75
133.0
133.0
133.0
133.5
131.75
131.75
132.0
132.0
130.25
130.25
131.5
131.5
132.75
132.75
133.0
133.0
132.0
132.75
132.75
132.75
132.75
132.75
132.75
133.0
133.25
133.25
133.0
133.0
133.0
133.0
132.75
132.75
132.0
132.0
132.0
132.0
132.0
133.5
133.5
132.75
132.75
132.75
133.0
133.0
133.25
133.25
132.75
132.75
133.25
133.25
132.75
133.75
133.75
133.5
133.5
133.0
133.0
132.75
132.75
132.5
132.5
132.0
132.25
132.25
131.5
131.5
131.5
133.5
133.5
134.5
135.75
135.75
135.5
135.5
135.75
135.75
136.0
136.0
136.75
136.75
136.25
136.25
135.0
135.0
134.25
134.25
133.5
134.5
134.5
133.5
133.5
132.75
132.75
132.0
132.0
130.25
130.75
130.75
130.75
127.25
126.75
126.75
126.25
126.25
125.5
125.5
126.75
126.75
125.25
125.25
126.0
126.0
126.25
126.75
126.75
127.5
127.5
128.5
128.5
129.5
129.5
129.25
129.25
129.0
129.0
129.5
130.0
130.0
130.75
130.75
130.25
130.25
129.0
129.0
129.5
129.5
130.25
130.25
130.75
130.75
128.75
128.75
128.0
128.0
128.5
128.5
129.0
129.0
129.0
130.5
129.75
129.75
129.25
129.25
130.0
130.0
131.75
131.75
130.75
130.75
130.75
130.25
130.25
131.5
131.5
131.5
130.75
130.75
130.75
130.75
131.25
131.25
130.25
128.0
128.0
127.25
127.25
126.75
126.75
128.0
128.0
129.0
129.0
130.0
130.0
129.0
129.75
129.75
130.75
130.75
130.75
130.75
131.75
131.75
133.25
133.25
133.25
133.0
133.0
133.5
133.5
134.0
134.0
134.75
134.75
134.5
134.5
134.0
134.5
134.5
133.5
133.5
132.0
132.0
128.5
128.5
124.75
118.0
118.0
112.75
112.75
111.0
111.0
109.5
109.5
109.25
109.25
111.75
111.75
114.0
114.0
118.75
118.75
121.75
121.75
124.75
124.75
125.75
125.75
126.75
126.75
127.0
127.0
127.75
126.25
126.25
128.0
128.0
129.0
129.0
130.0
130.0
131.75
131.75
130.75
131.25
131.25
130.75
130.75
131.0
131.0
129.25
130.25
130.25
130.25
130.25
131.75
131.75
129.75
130.25
130.25
130.25
130.75
129.75
129.75
128.5
128.5
128.5
128.5
129.75
128.0
128.0
129.0
129.0
129.75
129.75
129.25
129.25
130.5
130.5
130.75
131.25
131.25
131.25
131.25
130.75
130.75
132.0
132.0
130.75
130.25
130.25
130.0
130.0
129.5
129.5
129.5
129.5
130.0
130.0
130.75
130.75
130.75
131.5
131.5
132.25
132.25
131.5
131.5
130.0
130.0
123.5
123.5
118.5
118.5
118.0
118.0
117.25
117.25
114.5
114.5
117.25
117.0
117.0
118.25
118.25
120.75
120.75
124.5
124.5
126.75
126.75
127.5
127.5
127.5
128.5
128.5
129.25
128.5
128.5
129.75
129.75
130.25
130.25
129.25
129.25
128.5
128.5
128.5
129.5
129.5
129.5
129.5
129.0
129.0
130.0
130.0
130.25
130.25
132.0
132.75
132.75
133.5
133.5
133.75
133.75
139.25
134.75
134.75
135.75
137.25
137.25
137.25
137.25
137.25
137.25
137.25
137.5
137.5
137.5
143.25
143.25
140.75
142.5
142.5
142.75
142.75
143.5
144.25
144.25
143.5
143.5
143.5
144.25
144.25
144.25
145.5
145.5
146.75
146.75
145.5
143.0
143.0
139.5
139.5
137.75
137.75
136.5
136.5
135.5
135.5
133.5
133.5
133.5
133.5
134.5
134.5
134.25
134.25
133.5
133.5
128.0
128.0
123.75
123.75
123.25
123.25
123.0
123.0
122.5
122.5
123.0
123.0
122.5
122.5
122.5
122.5
123.75
123.75
123.75
123.75
124.0
124.0
123.75
123.75
124.5
124.5
124.5
125.0
125.0
125.0
126.75
126.0
126.0
126.0
126.75
127.25
127.25
127.25
128.0
128.0
128.0
128.5
128.5
128.5
129.5
129.5
129.75
127.25
127.25
127.5
127.5
126.25
126.25
125.25
125.25
123.75
123.75
122.0
122.0
122.25
122.25
122.75
122.75
123.5
123.5
125.0
125.0
126.25
126.25
127.0
127.5
127.5
128.75
128.75
128.0
128.0
126.5
126.5
126.5
126.5
128.0
128.0
129.0
129.0
128.5
128.25
128.25
128.75
128.75
128.0
128.0
128.25
128.25
129.0
129.25
129.25
129.5
129.5
129.5
129.5
129.0
129.0
130.25
130.25
129.5
129.5
130.0
130.0
131.25
131.25
131.25
131.25
131.25
131.25
131.25
130.75
130.75
130.75
130.75
130.75
131.5
131.5
131.0
131.0
131.5
131.5
129.0
130.5
130.5
129.5
129.5
129.0
129.0
128.75
128.75
127.25
127.25
127.5
127.5
129.0
129.0
128.25
128.25
128.75
128.75
127.25
127.25
128.5
128.25
128.25
128.5
128.5
129.0
129.0
131.0
131.0
129.5
129.5
130.25
131.25
131.25
131.0
131.0
130.0
130.0
130.75
130.75
131.25
128.25
128.25
130.5
130.5
130.0
130.0
130.5
130.5
131.25
131.25
129.75
129.75
130.0
129.25
129.25
129.75
129.75
130.75
130.75
130.25
130.5
130.5
130.5
129.25
129.25
129.0
128.5
128.5
128.75
128.75
129.0
129.0
130.75
130.75
130.75
130.75
132.0
131.5
131.5
132.5
132.5
132.25
132.25
133.5
133.5
132.0
132.5
132.5
132.75
132.75
132.5
132.5
132.25
132.25
132.25
132.25
130.75
131.5
131.5
130.75
130.75
131.5
131.5
130.5
130.5
130.5
130.75
130.75
131.25
131.25
131.5
131.5
132.5
132.5
132.75
132.0
132.0
131.5
131.5
130.5
130.75
130.75
132.0
132.0
132.75
132.0
132.0
132.0
132.0
132.0
132.0
132.0
132.0
132.0
132.0
133.5
134.25
134.25
135.5
135.5
135.25
135.25
136.0
137.0
137.0
138.0
138.0
137.75
137.75
138.5
139.5
139.5
140.0
140.0
140.0
139.5
139.5
139.5
139.5
138.25
138.25
137.5
137.0
137.0
137.0
135.0
135.0
135.25
135.25
135.25
135.25
135.25
135.25
135.25
135.25
135.25
132.75
134.75
134.75
133.5
133.5
133.25
133.25
133.5
133.5
132.75
132.75
132.25
132.25
132.0
131.25
131.25
130.25
130.25
130.5
130.5
131.5
131.5
132.0
132.0
133.25
133.25
133.25
134.0
134.0
134.25
134.25
136.25
138.5
138.5
138.5
138.5
138.25
138.5
138.5
139.0
139.0
138.5
138.5
139.75
138.75
138.75
138.75
138.75
139.75
139.75
140.0
139.0
139.0
137.5
137.5
137.0
137.0
136.5
133.75
133.75
132.0
132.0
131.5
131.5
129.5
129.5
129.0
129.0
126.75
126.75
126.75
127.75
127.75
128.5
128.5
129.5
129.5
129.5
129.5
130.25
130.25
130.25
130.25
128.75
126.75
126.75
126.0
126.0
124.25
124.25
124.5
124.5
124.75
124.75
125.75
125.75
126.75
126.75
127.75
127.75
125.5
125.5
125.0
125.5
125.5
125.75
125.75
126.25
126.25
128.0
128.0
128.5
128.5
130.75
130.75
130.0
130.0
131.5
131.5
131.5
132.0
132.0
131.5
131.5
132.25
132.25
132.25
132.75
132.75
134.25
134.25
134.25
136.5
137.0
137.0
135.0
135.0
135.5
135.5
134.75
135.0
135.0
134.0
134.0
135.0
135.0
134.75
134.5
134.5
133.5
133.5
135.0
135.0
133.5
133.5
130.75
130.75
126.75
126.75
120.25
120.25
113.25
113.25
112.0
112.0
109.5
109.5
109.5
107.75
107.75
108.75
113.25
113.25
113.25
123.5
123.5
125.0
125.0
125.25
125.25
126.5
126.5
127.25
128.5
128.5
130.25
130.25
131.5
131.5
131.5
131.5
131.5
131.5
131.5
131.5
131.5
131.5
133.5
133.5
133.5
134.25
134.25
134.5
134.5
134.0
134.25
134.25
135.0
135.0
135.75
134.75
134.75
134.5
135.25
135.25
135.0
135.0
135.0
135.0
135.75
136.75
136.75
137.5
137.5
137.25
137.25
133.75
133.75
133.75
121.75
113.5
113.5
107.5
107.5
107.5
102.5
102.5
101.25
101.25
100.0
100.0
100.0
100.75
100.75
104.25
104.25
111.5
111.5
116.75
116.75
119.0
119.0
120.75
120.75
123.0
123.0
124.0
124.0
124.25
126.5
126.5
127.25
127.25
128.5
128.5
128.75
128.75
127.75
127.75
128.0
128.0
129.0
129.0
129.0
128.5
128.5
128.0
128.0
127.25
127.25
127.75
127.75
125.75
125.75
124.75
124.75
124.25
124.25
124.0
124.0
124.5
124.5
124.0
124.25
124.25
124.25
125.25
125.0
125.0
125.75
125.75
125.75
125.75
126.25
126.25
126.75
126.75
127.25
127.25
127.75
127.75
127.5
128.5
128.5
129.25
129.25
129.25
130.75
128.5
128.5
127.75
127.75
129.0
129.5
129.5
129.5
131.0
131.0
131.0
131.0
131.0
131.0
130.0
130.0
131.5
131.5
131.5
132.0
132.0
133.75
133.75
134.25
135.75
135.75
135.75
135.75
136.75
135.5
135.5
135.75
135.75
135.75
132.5
132.5
128.75
128.75
126.75
126.75
126.5
127.0
127.0
127.25
127.25
127.25
126.75
126.5
126.5
127.5
127.5
128.5
128.5
129.5
130.75
130.75
131.5
131.5
131.75
131.75
131.75
131.75
132.0
132.0
132.0
131.0
131.0
131.0
131.0
132.0
132.0
132.0
132.25
132.25
133.0
133.0
134.25
134.5
134.5
135.25
135.25
133.5
133.5
133.5
133.5
132.0
130.0
130.0
130.5
130.5
130.5
131.5
131.5
129.5
129.5
131.75
132.25
132.25
132.25
132.75
132.75
132.75
133.5
133.5
134.25
135.5
135.5
136.25
136.25
136.75
136.75
136.0
136.0
135.75
135.75
138.0
139.5
139.5
138.5
138.5
138.5
138.0
138.0
138.0
138.0
138.5
138.5
139.25
140.0
140.0
141.75
141.75
142.5
142.5
144.0
144.0
144.0
145.25
145.25
143.5
143.5
142.0
138.75
138.75
137.25
137.25
135.75
135.75
134.25
133.5
133.5
131.75
131.75
129.75
129.75
129.25
129.25
131.0
131.0
133.25
133.25
134.25
134.25
135.0
136.0
136.0
133.75
133.75
132.0
132.0
132.0
131.25
131.25
133.0
133.0
132.0
132.0
134.5
134.5
135.75
135.25
135.25
135.75
135.75
137.5
138.5
138.5
139.25
139.25
139.5
139.5
140.25
139.75
139.75
139.5
139.5
138.75
137.0
137.0
134.75
134.75
133.5
133.5
130.5
130.5
129.75
129.75
130.25
131.5
131.5
132.0
132.0
132.75
132.75
134.5
135.25
135.25
138.0
138.0
139.25
139.25
141.75
142.0
142.0
142.5
142.5
146.0
147.0
147.0
148.75
150.0
150.0
150.25
150.25
151.25
151.75
151.75
150.0
150.75
150.75
151.25
152.5
152.5
151.25
151.25
151.75
153.0
153.0
151.5
152.0
152.0
150.5
150.5
150.25
149.75
149.75
148.5
148.5
147.0
143.75
143.75
140.75
140.75
137.75
137.75
134.25
129.5
129.5
124.5
124.5
122.75
122.75
115.75
115.75
112.75
112.75
113.5
113.5
116.75
116.75
121.0
121.0
123.5
123.5
126.5
126.5
127.5
127.5
128.25
128.25
129.5
130.5
130.5
131.75
131.75
133.25
133.25
135.25
135.25
137.0
139.5
139.5
140.75
140.75
141.5
141.5
141.5
140.75
140.75
139.75
138.5
138.5
137.5
137.5
136.75
136.75
137.0
137.0
137.0
139.25
139.25
139.75
139.75
139.5
139.0
139.0
139.75
139.75
140.75
141.0
141.0
140.75
140.75
142.25
142.25
142.0
142.0
142.0
141.25
141.25
140.25
140.25
142.0
142.5
142.5
142.0
142.0
142.25
143.0
143.0
143.25
143.25
143.5
143.25
143.25
143.25
143.25
143.0
141.5
141.5
140.0
140.0
138.75
138.75
138.25
135.75
135.75
135.0
135.0
133.75
133.75
132.25
130.75
130.75
133.0
133.0
132.75
132.75
131.75
131.75
132.25
132.25
132.25
132.25
132.0
133.25
133.25
132.75
132.75
134.5
134.5
133.5
133.5
130.25
130.25
127.25
127.25
126.0
126.0
121.25
121.25
117.5
117.5
116.5
116.5
114.0
114.0
114.0
116.0
117.75
117.75
117.75
118.75
118.75
116.25
116.25
117.0
117.0
119.25
120.75
120.75
123.0
123.0
123.25
123.25
123.25
124.25
124.25
122.75
122.75
124.0
124.0
124.0
119.75
119.75
121.25
121.25
123.75
123.75
125.5
125.5
126.5
126.5
126.0
126.0
124.5
124.5
124.5
124.5
124.5
124.5
124.25
124.25
124.5
124.5
114.75
114.75
114.0
114.0
112.25
111.25
111.25
110.75
110.75
110.5
110.5
110.5
111.0
110.75
110.75
110.75
112.0
112.0
110.5
110.5
110.5
110.5
111.0
111.0
112.75
112.75
115.5
115.5
115.5
115.5
115.5
115.5
115.25
115.25
115.5
124.5
124.5
124.0
124.0
127.25
127.25
128.5
128.5
127.25
127.25
126.75
126.75
126.25
126.25
126.25
125.25
125.25
124.25
124.25
118.75
118.75
118.5
118.5
116.5
116.5
116.5
116.5
117.25
117.25
117.5
117.5
116.5
116.5
116.75
116.75
115.25
115.25
116.0
116.0
118.0
118.0
117.5
117.5
118.5
118.5
118.0
118.0
116.25
116.25
115.75
115.75
115.75
116.0
116.0
116.25
116.25
116.0
116.0
116.0
116.0
116.25
116.25
116.75
116.75
119.0
119.0
120.5
120.5
120.0
120.0
120.0
120.0
122.75
122.75
123.0
123.0
122.25
122.25
123.0
121.5
121.5
120.25
120.25
116.0
116.0
111.5
111.5
110.75
110.75
110.75
111.75
111.75
113.5
113.5
113.5
113.5
117.75
117.75
118.0
118.0
119.75
119.75
120.5
120.5
120.25
120.25
120.0
120.0
119.5
119.5
118.75
118.75
118.5
118.5
118.75
118.75
118.25
118.25
117.0
117.0
115.5
115.5
115.5
115.5
116.25
116.25
116.75
116.75
116.5
116.5
116.5
116.5
117.75
117.75
117.5
117.5
117.5
116.5
116.5
115.75
115.75
114.25
114.25
114.0
114.0
116.0
116.0
118.25
118.25
120.75
120.75
123.0
123.0
123.0
123.0
121.75
121.75
121.0
121.0
119.25
119.25
117.0
117.0
113.25
113.25
112.0
112.0
111.0
111.0
111.0
109.0
109.0
107.75
107.75
106.5
106.5
106.25
106.25
106.25
109.5
109.5
113.5
116.0
116.0
116.0
116.0
115.0
115.0
112.75
112.75
112.75
112.75
112.75
113.25
113.25
113.5
113.5
113.75
113.75
111.5
111.5
110.25
110.25
110.25
110.25
111.0
111.0
114.25
114.25
114.25
114.75
114.75
116.5
116.5
116.5
116.5
116.5
116.5
115.5
115.25
115.25
113.75
113.75
113.75
113.0
113.0
113.0
113.0
113.0
112.75
112.75
113.0
113.0
113.0
113.0
113.0
116.5
116.5
116.5
116.75
116.75
115.75
114.0
114.0
114.0
109.5
109.5
111.0
111.0
110.75
110.75
111.75
111.75
111.75
115.75
115.75
117.25
117.25
118.75
118.75
118.0
118.0
115.5
115.5
114.5
114.5
114.25
114.25
114.25
114.25
114.75
114.75
116.5
116.5
116.5
116.75
116.75
116.75
116.75
116.5
116.5
117.0
117.0
116.5
116.5
118.0
118.0
121.25
121.25
122.25
124.5
124.5
126.25
126.25
126.25
125.0
125.0
124.5
124.5
126.5
126.5
129.0
129.0
129.25
128.5
128.5
125.0
125.0
117.5
117.5
117.5
117.5
117.5
117.5
117.5
117.5
117.5
117.5
117.5
117.5
117.5
117.5
117.69444444444444
117.88888888888889
118.08333333333333
118.27777777777777
118.47222222222223
118.66666666666667
118.86111111111111
119.05555555555556
119.25
119.25
119.25
119.25
117.5
117.5
117.5
120.75
120.75
122.75
123.5
123.5
123.5
123.5
123.5
123.5
123.5
123.5
123.25
123.25
129.0
129.0
130.25
130.25
130.75
130.75
120.75
120.75
121.0
121.0
121.5
121.5
122.25
123.5
123.5
122.75
122.75
122.75
122.75
122.25
122.25
122.25
122.25
122.25
122.25
122.25
122.5
122.5
122.5
122.25
122.25
122.5
122.5
122.5
119.625
116.75
113.875
111.0
111.0
108.75
108.75
108.75
108.75
108.75
108.75
108.75
108.75
109.0
109.0
109.0
109.0
109.0
126.45
143.9
161.35
178.8
196.25
197.75
197.75
197.75
197.75
197.75
198.0
197.75
197.75
197.75
197.75
189.125
180.5
171.875
163.25
154.625
146.0
137.375
128.75
128.75
129.5
129.5
129.5
128.0
128.0
125.25
125.25
127.25
127.25
129.25
129.25
129.5
129.5
128.5
128.5
127.25
127.25
126.75
125.5
125.5
124.75
124.75
122.75
122.75
122.25
121.5
121.5
124.0
124.0
125.25
125.25
127.25
127.25
131.0
131.0
132.75
133.5
133.5
135.0
135.0
135.5
135.5
135.0
135.0
135.0
135.0
135.0
135.0
133.25
133.25
133.25
130.75
130.75
130.0
130.0
128.0
128.0
126.25
126.25
124.75
124.75
124.0
124.0
123.0
123.0
123.5
123.5
124.25
124.25
125.5
126.25
126.25
127.5
127.5
128.0
128.0
126.25
126.25
125.75
125.75
125.25
125.25
125.0
125.75
125.75
126.25
126.25
125.5
125.5
124.5
124.5
125.0
126.75
126.75
128.0
128.0
130.5
130.75
130.75
131.0
131.0
128.5
128.5
127.25
127.25
125.0
125.0
124.5
124.5
125.0
125.0
125.0
125.0
124.75
124.75
124.75
124.75
124.5
124.5
124.0
124.0
122.25
122.0
122.0
120.5
120.5
120.5
118.0
118.5
118.5
118.5
119.25
119.25
117.75
117.75
116.75
116.75
119.5
119.5
119.5
119.5
118.0
118.0
117.5
117.5
115.5
115.5
116.5
116.5
116.5
115.25
115.25
116.5
116.5
115.75
115.75
115.75
115.75
115.75
115.75
116.0
116.0
115.75
115.75
119.5
119.5
119.5
119.5
121.0
121.0
123.0
123.0
125.0
125.0
123.25
123.25
121.75
121.75
119.25
119.25
114.5
114.5
114.5
111.75
111.0
111.0
111.0
108.75
108.75
109.0
109.0
111.5
111.5
115.5
115.5
116.75
116.75
116.5
116.0
116.0
114.75
114.75
112.75
112.75
111.25
111.25
111.25
104.25
104.25
98.0
98.0
96.5
96.5
93.5
93.5
93.5
93.25
93.25
97.25
97.25
100.75
100.75
100.75
101.5
101.5
101.5
109.0
109.0
109.75
109.75
109.75
110.0
110.0
109.75
109.75
110.75
110.75
111.75
111.75
113.0
113.0
113.5
113.5
114.5
114.5
115.25
115.25
116.0
116.0
115.25
115.25
114.25
114.25
114.25
113.25
113.25
116.5
116.5
114.75
114.75
109.25
109.25
109.25
101.5
101.5
104.0
104.0
105.0
105.0
104.75
104.75
104.75
106.0
106.0
106.75
106.75
107.5
107.5
109.25
109.25
110.75
110.75
110.75
112.0
112.0
113.75
113.75
114.0
114.75
114.75
118.75
118.75
118.75
119.5
119.5
119.75
119.75
121.0
121.0
120.0
120.0
120.5
120.5
119.25
119.25
117.75
118.75
118.75
120.0
120.0
120.0
119.25
119.25
119.5
119.5
119.5
119.5
119.5
119.5
119.5
114.5
114.5
112.25
112.25
112.25
110.25
110.25
109.25
109.25
106.75
106.75
106.0
106.0
106.0
89.75
89.75
89.75
78.5
78.5
78.5
69.25
69.25
69.25
70.0
70.0
70.0
67.75
67.75
67.75
69.0
69.0
71.5
71.5
71.5
74.25
74.25
74.25
75.75
75.75
75.75
76.0
76.0
76.0
79.5
79.5
79.5
80.75
80.75
80.75
80.5
80.5
80.0
80.0
80.0
80.0
80.5
80.5
84.5
84.5
86.25
86.25
88.75
88.75
88.75
87.75
87.75
87.75
88.0
88.0
89.5
89.5
90.5
90.5
93.0
93.0
93.0
92.25
92.25
92.25
89.5
89.5
88.75
88.75
88.75
87.5
87.5
88.25
88.25
88.25
89.5
89.5
89.5
90.25
90.25
91.5
91.5
91.5
91.75
91.75
93.25
93.25
93.25
93.25
93.25
93.25
93.25
95.0
95.0
96.25
96.25
96.25
101.75
101.75
114.25
114.25
114.5
114.5
116.0
116.0
119.0
119.0
121.0
121.0
120.25
120.25
118.5
118.5
119.0
119.0
119.0
118.75
118.75
119.0
119.0
118.75
118.75
119.0
119.0
119.0
115.09375
111.1875
107.28125
103.375
99.46875
95.5625
91.65625
87.75
87.75
86.25
86.25
85.25
85.25
85.25
80.25
80.25
80.25
77.0
77.0
77.0
77.0
73.25
73.25
73.25
72.25
72.25
72.25
77.5
77.5
77.5
77.0
77.0
77.0
76.5
76.5
76.5
78.25
78.25
78.25
81.25
81.25
81.25
81.5
81.5
81.5
81.25
81.25
81.25
83.0
83.0
83.0
82.75
82.75
82.75
82.75
82.75
82.75
82.75
82.75
82.75
82.75
82.82608695652173
82.90217391304348
82.97826086956522
83.05434782608695
83.1304347826087
83.20652173913044
83.28260869565217
83.3586956521739
83.43478260869566
83.51086956521739
83.58695652173913
83.66304347826087
83.73913043478261
83.81521739130434
83.8913043478261
83.96739130434783
84.04347826086956
84.1195652173913
84.19565217391305
84.27173913043478
84.34782608695652
84.42391304347827
84.5
84.5
86.75
86.75
86.75
87.0
87.0
86.75
86.75
86.75
86.75
86.75
86.75
86.75
96.29166666666667
105.83333333333333
115.375
124.91666666666666
134.45833333333334
144.0
144.0
143.25
142.75
142.75
142.25
142.25
142.5
142.5
142.5
142.5
142.5
142.5
142.5
142.25
142.25
142.25
140.65972222222223
139.06944444444446
137.47916666666666
135.88888888888889
134.29861111111111
132.70833333333334
131.11805555555554
129.52777777777777
127.9375
126.34722222222223
124.75694444444444
123.16666666666667
121.57638888888889
119.98611111111111
118.39583333333333
116.80555555555556
115.21527777777779
113.625
112.03472222222223
110.44444444444444
108.85416666666667
107.26388888888889
105.67361111111111
104.08333333333334
102.49305555555556
100.90277777777779
99.3125
97.72222222222223
96.13194444444444
94.54166666666667
92.95138888888889
91.36111111111111
89.77083333333334
88.18055555555556
86.59027777777779
85.0
85.0
85.0
85.25
85.25
85.25
86.25
86.25
86.25
86.5
86.5
86.5
86.25
86.25
86.25
86.25
86.25
86.25
86.5
86.75641025641026
87.01282051282051
87.26923076923077
87.52564102564102
87.78205128205128
88.03846153846153
88.2948717948718
88.55128205128204
88.8076923076923
89.06410256410257
89.32051282051282
89.57692307692308
89.83333333333333
90.08974358974359
90.34615384615384
90.6025641025641
90.85897435897436
91.11538461538461
91.37179487179488
91.62820512820512
91.88461538461539
92.14102564102564
92.3974358974359
92.65384615384616
92.91025641025641
93.16666666666667
93.42307692307692
93.67948717948718
93.93589743589743
94.1923076923077
94.44871794871794
94.7051282051282
94.96153846153847
95.21794871794872
95.47435897435898
95.73076923076923
95.98717948717949
96.24358974358974
96.5
96.5
94.25
94.25
94.25
94.25
94.25
94.5
94.5
94.5
94.5
94.5
94.5
94.5
94.25
93.6875
93.125
92.5625
92.0
91.4375
90.875
90.3125
89.75
89.75
89.0
89.0
89.0
91.25
91.25
91.25
91.5
91.5
91.5
91.5
91.5
91.25
91.25
91.25
91.25
