131.75
131.75
132.0
132.0
132.0
132.0
131.5
131.75
131.75
130.75
130.75
131.25
131.75
131.75
131.5
131.5
131.5
132.25
132.5
132.5
132.5
132.5
133.0
133.0
133.0
133.0
133.0
133.0
133.0
133.0
133.0
133.0
135.75
135.75
136.0
136.0
136.0
136.0
136.0
136.0
136.0
136.0
135.75
135.75
135.75
135.75
140.75
140.75
140.75
141.5
141.5
141.5
141.5
140.0
140.0
139.0
139.0
139.5
139.25
139.25
138.25
138.25
138.5
138.5
136.75
134.25
134.25
134.25
134.5
134.5
134.5
134.5
134.5
134.25
134.25
134.25
134.5
134.13636363636363
133.77272727272728
133.4090909090909
133.04545454545453
132.6818181818182
132.3181818181818
131.95454545454547
131.5909090909091
131.22727272727272
130.86363636363637
130.5
130.5
132.0
132.25
132.25
132.25
135.5
135.5
134.25
133.5
133.5
133.5
134.0
134.0
134.75
134.75
135.75
135.75
136.5
136.5
136.25
136.25
136.25
135.5
135.5
135.5
135.5
135.0
135.75
135.75
136.75
137.0
137.0
137.75
137.75
138.0
138.0
137.75
137.25
137.25
137.5
137.5
135.75
134.75
134.75
133.5
132.75
132.75
132.75
132.75
130.25
130.25
131.25
131.25
131.25
131.25
131.25
131.25
131.25
131.5
131.5
131.5
131.5
131.25
131.45
131.65
131.85
132.05
132.25
132.25
132.0
132.0
132.0
132.0
131.5
131.5
131.5
131.5
131.5
131.25
131.25
131.5
131.5
131.25
131.25
131.25
131.54166666666666
131.83333333333334
132.125
132.41666666666666
132.70833333333334
133.0
133.29166666666666
133.58333333333334
133.875
134.16666666666666
134.45833333333334
134.75
135.04166666666666
135.33333333333334
135.625
135.91666666666666
136.20833333333334
136.5
136.5
134.25
134.25
133.5
133.5
133.25
133.25
131.75
131.75
130.25
130.25
130.25
129.0
129.0
129.0
129.0
129.5
129.5
129.75
129.75
130.25
130.25
132.0
131.25
131.25
132.75
133.25
133.25
134.25
134.25
134.75
134.75
135.75
137.0
137.0
137.5
137.5
138.5
138.5
138.5
138.5
138.5
138.5
138.5
138.0
137.5
137.5
138.0
138.0
137.5
137.5
137.5
137.5
137.5
137.5
137.5
137.5
137.5
137.5
137.5
139.5
139.5
140.25
140.25
140.25
141.0
141.0
141.0
140.75
139.25
139.25
137.25
137.25
135.0
135.0
131.25
131.25
131.75
131.75
131.75
131.75
131.5
131.0
131.0
132.25
132.25
132.25
132.75
132.75
133.0
133.0
133.5
134.0
134.0
133.5
133.5
134.0
134.0
134.0
134.0
135.0
135.0
135.0
134.5
134.5
135.0
134.75
134.75
134.5
135.0
135.0
134.25
134.25
134.25
133.5
133.5
134.0
134.0
134.0
134.25
134.25
134.75
134.75
135.0
135.0
136.0
136.0
135.75
135.75
136.5
135.75
135.75
135.75
135.75
135.25
135.25
136.0
136.0
136.75
136.5
136.5
135.0
135.0
135.5
135.0
135.0
135.0
135.0
135.0
135.0
134.75
134.75
134.75
134.75
134.75
134.75
134.75
134.75
134.75
135.75
135.75
135.75
137.25
137.25
136.0
135.75
135.75
136.5
136.5
136.75
136.75
136.0
136.0
135.75
135.75
135.75
136.0
136.0
136.75
136.75
137.0
137.0
138.0
138.75
138.75
139.5
139.5
139.25
139.25
139.5
139.75
139.75
139.25
139.25
139.5
139.75
139.75
140.0
140.5
140.5
140.5
140.5
140.25
140.25
139.5
139.25
139.25
138.25
138.25
139.5
139.5
139.5
139.5
139.5
139.5
139.5
139.5
140.75
141.25
141.25
140.25
140.25
140.75
140.75
140.75
139.75
139.75
138.75
138.75
139.25
137.5
137.5
137.75
137.75
139.0
139.0
138.0
138.75
138.75
139.5
139.5
139.25
139.25
139.75
140.25
140.25
140.75
140.75
139.5
138.25
138.25
138.5
138.5
137.5
137.5
137.0
137.0
136.25
136.5
136.5
136.5
136.25
136.25
135.75
135.75
135.5
135.5
135.75
135.75
135.75
136.25
136.25
136.25
136.25
136.25
136.25
136.25
136.5
136.5
137.25
137.25
137.75
137.75
138.5
138.5
138.5
140.0
140.0
140.5
140.5
140.75
141.25
141.25
140.75
141.75
141.75
142.5
142.5
145.0
145.0
143.0
142.75
142.75
144.5
144.5
143.5
145.0
145.0
146.75
146.75
146.0
145.5
145.5
143.75
143.75
143.5
143.25
143.25
141.5
141.5
142.5
142.0
142.0
141.25
141.25
141.0
139.75
139.75
139.5
139.5
138.0
138.0
138.0
135.75
135.75
135.75
135.25
135.25
135.5
135.5
134.25
134.25
135.0
135.0
135.75
135.5
135.5
135.75
136.5
136.5
136.75
136.75
136.75
136.75
136.75
136.75
137.0
137.0
137.0
137.5
137.5
137.0
137.5
137.5
137.0
137.0
138.0
138.0
138.75
138.75
139.25
138.5
138.5
138.0
138.0
137.5
137.5
137.5
137.5
137.5
137.0
137.0
137.25
137.25
137.0
136.0
136.0
136.5
136.5
137.25
137.25
137.5
138.0
138.0
137.75
137.75
138.25
138.25
138.5
138.5
138.5
138.5
139.5
140.5
140.5
140.5
140.5
139.5
139.5
138.75
138.75
138.75
139.0
139.0
140.25
140.25
139.25
139.25
139.5
139.5
139.5
139.25
139.25
139.25
139.5
139.5
139.25
139.25
138.5
138.5
138.5
138.5
138.5
138.5
138.5
138.5
138.5
138.5
138.5
138.5
138.5
138.5
138.5
136.6153846153846
134.73076923076923
132.84615384615384
130.96153846153845
129.07692307692307
127.1923076923077
125.3076923076923
123.42307692307692
121.53846153846153
119.65384615384616
117.76923076923077
115.88461538461539
114.0
114.0
114.25
114.25
114.25
114.25
114.5
114.25
114.25
114.25
114.25
114.5
114.5
117.20833333333333
119.91666666666667
122.625
125.33333333333333
128.04166666666666
130.75
131.25
131.25
131.25
131.25
131.5
131.5
131.75
131.75
132.25
132.25
132.0
132.0
131.75
132.0
132.0
132.5
132.5
131.5
131.5
131.5
131.5
131.5
131.5
131.5
131.5
131.5
131.5
131.5
131.0
131.0
131.5
131.5
131.5
132.75
132.75
133.5
133.5
133.5
133.5
134.25
134.75
134.75
135.25
135.25
135.5
135.5
133.5
132.0
132.0
131.5
131.5
132.0
132.0
132.0
132.0
132.0
131.75
131.75
134.0
134.0
134.25
134.25
135.0
135.0
135.0
135.0
135.0
134.5
134.5
134.25
134.25
135.0
135.0
135.0
133.5
133.5
132.0
132.0
130.75
130.75
130.75
129.0
128.0
128.0
126.75
126.75
128.0
128.0
128.75
128.75
130.25
130.25
130.25
130.25
130.75
131.5
131.5
132.0
132.0
132.75
132.75
133.25
132.5
132.5
131.25
131.25
131.25
131.25
130.75
130.75
130.75
130.75
130.75
130.75
131.5
132.0
132.0
132.75
133.25
133.25
133.25
133.25
133.5
133.5
134.25
135.25
135.25
135.75
135.75
135.0
135.0
135.0
135.25
135.25
135.5
135.5
135.5
135.5
135.75
135.75
135.25
135.5
135.5
135.75
135.75
135.75
135.75
136.0
135.25
135.25
135.75
135.75
136.0
136.0
136.75
136.75
136.75
137.5
137.5
138.25
138.25
138.0
138.25
138.25
138.5
138.5
139.0
138.75
138.75
138.5
138.5
137.5
137.5
136.75
136.75
135.5
135.75
135.75
135.75
135.75
137.75
137.75
137.75
137.75
137.75
138.0
138.0
137.75
137.75
137.75
134.25
134.25
134.25
134.25
134.25
134.25
134.25
133.0
133.0
132.25
132.25
131.75
131.75
131.5
131.5
131.5
131.5
132.0
132.75
132.75
133.25
133.25
133.25
133.25
133.5
133.5
133.5
133.5
134.0
134.0
135.25
132.75
132.75
130.25
130.25
121.75
121.75
121.75
121.25
121.25
129.5
129.5
130.25
130.25
131.5
131.5
132.0
132.0
132.25
133.25
133.25
133.25
133.25
133.0
133.0
133.0
133.0
132.5
132.5
132.5
132.0
132.0
132.5
132.5
132.25
132.25
132.0
132.25
132.25
132.75
132.75
132.75
132.75
133.5
133.5
133.5
133.0
133.0
133.5
133.5
133.5
134.0
134.0
134.25
134.25
134.5
134.5
135.0
135.0
134.75
134.75
134.5
134.5
134.25
134.25
134.25
134.5
134.5
135.0
135.0
135.75
136.5
136.5
137.5
137.5
137.75
137.75
138.0
138.0
138.0
138.25
138.25
138.5
138.5
138.25
137.75
137.75
137.5
137.5
137.75
137.75
137.75
137.5
137.5
137.5
137.5
137.5
137.5
137.0
136.5
136.5
136.75
136.75
137.0
137.0
136.0
135.75
135.75
135.75
135.75
135.75
135.75
135.75
135.75
135.5
135.5
135.0
135.0
135.0
135.0
135.0
135.0
134.5
135.0
135.0
135.5
135.5
135.5
135.0
135.0
135.0
135.0
135.0
135.0
134.75
135.0
135.0
140.25
140.25
140.75
140.75
138.75
138.75
138.0
138.0
137.75
137.75
136.75
136.75
136.0
136.0
135.25
135.25
133.75
133.75
133.5
133.5
133.5
133.25
133.25
134.0
134.0
134.25
134.25
134.25
134.5
134.5
136.0
136.0
136.5
136.5
136.0
136.0
136.5
136.25
136.25
136.5
136.5
136.5
136.0
136.0
135.5
135.5
136.0
136.0
136.75
136.75
136.75
136.75
136.75
137.25
137.25
136.75
136.75
136.5
135.5
135.5
135.25
135.25
135.5
135.5
135.75
135.5
135.5
136.25
136.25
137.0
137.0
136.75
136.75
136.75
136.75
135.75
135.75
136.0
136.5
136.5
136.75
136.75
136.75
136.25
136.25
136.25
136.25
135.75
135.0
135.0
135.0
135.0
135.0
135.0
135.0
135.0
135.0
135.0
135.0
135.0
135.25
135.75
135.75
135.0
135.75
135.75
137.0
137.0
137.5
137.5
137.5
137.5
137.5
137.5
138.0
138.0
135.0
135.0
139.5
139.5
140.75
142.25
142.25
142.25
142.25
141.75
142.25
142.25
141.25
141.25
141.75
141.75
141.75
141.75
141.0
141.0
142.25
142.0
142.0
142.5
142.5
142.5
142.5
142.5
142.5
142.25
142.25
142.25
140.75
140.75
139.5
139.5
137.75
137.75
137.5
136.5
136.5
136.25
136.25
135.75
135.75
135.0
134.75
134.75
134.25
134.25
133.75
133.75
132.75
132.75
132.0
132.0
131.5
131.5
130.25
129.0
129.0
128.75
128.75
128.75
129.25
128.5
128.5
129.5
129.5
130.5
130.5
131.5
132.0
132.0
133.25
133.25
134.25
134.25
136.0
136.75
136.75
138.25
138.25
138.25
138.5
138.5
139.25
139.25
139.5
139.5
138.75
139.0
139.0
138.5
138.5
138.75
138.75
138.5
139.0
139.0
138.5
138.5
137.75
137.75
137.5
136.0
136.0
135.0
135.0
134.25
134.25
134.25
134.25
134.25
134.25
134.25
134.5
134.5
135.0
134.75
134.75
137.5
137.5
139.0
139.0
137.75
137.75
138.5
137.75
137.75
138.5
138.5
137.5
136.75
136.75
137.5
137.5
136.75
136.75
136.75
136.75
136.75
137.5
137.5
137.75
137.75
134.5
134.5
131.5
131.5
132.5
132.5
133.0
132.0
132.0
134.25
134.25
135.5
135.75
135.75
136.75
136.75
136.75
138.5
138.5
138.75
138.75
139.5
140.75
140.75
142.0
142.0
142.75
142.75
141.75
142.5
142.5
143.0
144.75
144.75
144.75
145.0
145.0
145.0
144.75
144.75
144.25
144.25
144.25
143.25
143.25
142.75
142.75
140.75
140.75
139.25
139.25
138.5
138.5
138.5
138.5
138.5
138.5
138.5
138.25
138.25
133.0
133.0
134.25
133.5
133.5
131.5
131.5
130.25
130.25
127.25
127.25
125.5
125.5
125.5
125.0
126.5
126.5
126.75
126.75
128.5
128.5
132.25
132.25
137.0
137.0
138.0
138.0
138.0
136.5
136.5
136.75
136.75
136.0
134.25
134.25
133.5
133.5
132.5
132.5
131.25
131.25
130.0
130.0
129.5
129.5
129.75
129.75
129.0
129.0
129.0
131.0
131.0
133.25
133.25
134.0
134.25
134.25
134.75
134.75
135.25
135.25
134.25
134.25
127.75
127.75
125.5
125.5
124.25
124.0
124.0
123.25
123.25
123.25
121.75
121.0
121.0
120.0
120.0
120.0
118.5
118.5
119.25
121.5
121.5
123.5
123.5
125.5
125.5
126.5
126.5
128.0
128.0
129.5
130.75
130.75
132.75
132.75
132.75
132.75
133.5
133.5
134.5
134.5
133.0
135.0
135.0
135.0
132.5
132.5
132.5
131.5
131.5
130.75
130.75
128.25
128.25
126.75
125.5
125.5
125.25
125.25
125.0
125.0
125.5
125.5
126.75
126.75
127.25
127.25
128.5
129.25
129.25
129.5
129.5
127.75
127.75
124.75
124.75
116.5
116.5
116.5
112.25
112.25
106.0
106.0
107.0
107.0
107.75
107.75
107.75
107.5
107.5
107.25
107.25
107.0
107.0
105.25
105.25
104.25
104.25
104.5
104.5
104.5
103.0
103.0
101.75
101.75
101.75
102.75
102.75
103.25
103.25
104.25
104.25
104.5
104.5
104.5
104.5
104.25
104.25
104.25
104.25
104.25
104.25
104.25
105.92857142857143
107.60714285714286
109.28571428571429
110.96428571428571
112.64285714285714
114.32142857142857
116.0
116.25
116.25
117.75
117.75
117.75
121.0
122.25
122.25
123.25
123.25
123.25
123.25
123.25
123.25
123.25
123.25
123.25
123.25
123.25
123.25
123.25
123.25
123.25
123.5
127.75
127.75
126.75
126.75
126.75
126.75
126.75
126.75
126.75
126.75
126.75
126.75
127.0
127.0
122.79166666666667
118.58333333333333
114.375
110.16666666666667
105.95833333333333
101.75
101.75
101.75
102.0
102.0
101.75
101.75
101.75
101.75
115.5
112.5
112.5
112.5
110.5
110.5
108.75
108.75
109.0
109.0
110.5
110.5
113.5
113.5
120.0
120.0
119.25
119.25
118.5
118.5
119.25
119.25
120.75
120.75
123.5
123.5
125.25
125.25
126.5
126.5
128.0
128.25
128.25
128.25
127.0
127.0
125.75
126.75
126.75
128.25
128.25
131.25
131.25
135.0
137.0
137.0
138.0
138.0
138.0
136.5
136.5
133.0
133.0
131.5
131.5
129.5
129.5
130.25
130.25
130.25
131.5
131.5
133.75
137.5
137.5
139.0
139.0
139.75
142.25
142.25
143.25
143.5
143.5
144.5
144.5
143.75
143.75
143.5
143.5
143.5
143.25
143.25
143.25
143.25
143.25
143.25
143.25
143.5
143.25
141.83333333333334
140.41666666666666
139.0
137.58333333333334
136.16666666666666
134.75
134.75
134.25
134.25
134.0
134.0
134.25
134.25
134.25
134.25
135.0
135.0
140.25
141.25
141.25
141.25
143.0
143.25
143.25
144.0
144.0
141.25
140.0
140.0
140.0
140.0
140.0
140.0
140.0
140.0
140.0
140.0
140.0
125.5
125.5
124.0
124.0
124.0
121.0
121.0
120.75
120.75
118.5
118.5
118.5
118.5
118.5
131.25
131.25
131.25
132.75
132.75
132.75
132.75
132.75
132.75
133.5
134.25
134.25
136.0
136.0
137.5
137.5
139.25
139.25
139.5
139.5
139.75
139.75
138.0
138.0
137.75
137.75
135.75
135.75
133.25
133.25
133.25
133.5
133.5
133.25
133.25
131.75
131.75
131.75
131.75
130.25
130.25
129.5
129.5
128.5
128.5
127.25
127.25
128.0
128.0
127.5
127.5
126.25
126.75
126.75
126.75
121.75
122.5
122.5
122.25
122.25
122.25
122.25
125.5
125.5
127.5
127.5
130.5
130.5
128.5
128.5
130.25
130.25
130.75
130.75
132.25
134.5
134.5
134.5
135.0
135.0
135.0
133.25
133.25
132.75
132.75
131.5
131.5
130.75
130.75
130.5
131.0
131.0
132.0
132.0
132.0
133.5
133.0
133.0
134.0
134.0
134.0
134.0
134.0
134.0
134.0
134.0
132.0
132.0
133.25
133.25
135.75
135.75
136.75
137.5
137.5
138.0
138.0
138.0
137.5
137.5
137.75
137.75
138.5
139.25
139.25
137.5
137.5
134.5
134.5
133.75
133.75
135.0
135.75
135.75
135.5
135.5
135.0
135.0
135.0
137.0
137.0
141.0
141.0
142.75
142.5
142.5
142.25
142.25
140.75
139.75
139.75
135.0
135.0
131.0
131.0
131.0
131.0
131.0
131.0
131.0
131.0
131.0
131.0
131.0
131.0
130.41666666666666
129.83333333333334
129.25
128.66666666666666
128.08333333333334
127.5
126.91666666666667
126.33333333333333
125.75
125.75
122.25
122.25
121.75
121.75
121.5
121.5
121.5
121.5
121.5
121.5
121.25
121.25
121.25
121.25
109.75
109.75
111.75
111.75
114.25
114.25
116.0
116.0
119.5
123.25
123.25
126.5
126.5
130.25
133.25
133.25
136.0
136.0
138.0
138.0
138.0
138.0
138.0
138.0
138.0
138.0
138.0
142.0
141.25
141.25
141.25
140.75
140.75
141.5
141.5
143.0
143.0
144.5
145.0
145.0
144.75
144.75
145.25
145.5
145.5
145.5
145.5
143.5
142.25
142.25
137.5
136.0
136.0
131.5
131.5
131.5
130.75
130.75
129.5
130.5
130.5
132.5
132.5
133.75
133.75
135.0
135.0
134.25
133.5
133.5
133.5
133.5
134.25
134.25
135.5
134.5
134.5
135.25
135.25
135.75
136.75
136.75
136.75
136.75
141.75
141.75
141.75
141.75
141.75
142.0
142.0
141.75
141.75
141.75
141.75
142.0
142.0
135.875
129.75
123.625
117.5
111.375
105.25
105.25
108.0
108.0
114.0
114.0
117.0
116.0
116.0
116.0
116.0
115.75
115.75
116.0
116.0
116.0
116.0
115.75
115.75
118.45
121.15
123.85
126.55
129.25
129.25
129.0
129.0
129.0
129.0
134.0
135.5
135.5
136.25
136.25
136.75
138.5
138.5
140.5
140.5
142.75
144.0
144.0
143.5
143.5
144.25
145.75
145.75
147.0
148.0
148.0
149.25
149.25
149.75
147.75
147.75
147.75
147.75
147.75
148.0
148.0
148.0
148.0
147.75
147.75
134.25
134.25
133.0
133.0
133.25
134.25
134.25
134.25
133.75
133.75
134.0
134.0
134.0
134.0
135.75
135.75
138.5
138.5
140.75
142.25
142.25
143.25
144.5
144.5
145.0
145.0
144.0
143.5
143.5
143.5
143.0
143.0
143.0
143.0
142.75
142.75
142.0
142.0
142.0
142.75
142.75
143.0
143.0
143.0
143.25
143.25
144.0
144.0
145.25
146.25
146.25
147.75
147.75
147.75
145.0
145.0
141.25
138.25
138.25
134.25
134.25
133.75
133.75
135.0
135.0
136.25
137.5
137.5
139.25
139.25
140.5
140.5
139.5
138.5
138.5
137.75
137.75
136.75
136.75
136.75
136.75
136.75
136.75
136.75
137.25
137.25
136.25
135.5
135.5
135.0
135.0
134.75
134.75
134.0
134.0
134.0
134.0
134.0
134.25
134.25
135.0
135.0
136.75
137.0
137.0
134.25
134.25
131.5
131.5
129.0
129.0
127.0
127.0
124.25
124.25
122.25
122.25
122.25
122.25
123.0
123.0
124.0
124.0
125.0
125.0
125.0
125.0
125.0
127.75
130.0
130.0
132.75
132.75
139.0
139.0
141.0
142.0
142.0
143.75
143.75
145.0
146.25
146.25
149.25
150.5
150.5
150.75
151.5
151.5
150.75
149.5
149.5
149.5
137.5
114.5
114.5
117.5
117.5
117.5
130.75
135.25
135.25
142.0
142.0
140.0
142.25
142.25
142.25
148.0
148.0
150.0
149.75
149.75
151.0
151.25
151.25
152.25
152.25
153.0
152.0
152.0
153.0
151.75
151.75
153.0
157.25
157.25
158.25
158.25
158.25
157.0
156.5
156.5
156.25
157.25
157.25
156.75
156.75
156.25
153.5
153.5
155.5
156.0
156.0
157.25
158.5
158.5
159.25
157.75
157.75
157.0
157.0
157.0
156.5
156.75
156.75
156.0
157.25
157.25
164.0
162.0
162.0
163.25
161.5
163.5
163.5
166.25
165.5
165.5
166.0
166.75
166.75
164.75
165.5
165.5
165.0
166.25
166.25
164.5
166.0
166.5
166.5
164.0
163.5
163.5
165.0
163.75
163.75
166.75
165.5
165.5
163.5
161.25
161.25
157.0
149.0
149.0
149.5
149.5
151.0
152.0
152.0
151.75
151.5
151.5
153.0
152.75
152.75
153.75
153.75
153.0
154.0
154.0
155.5
156.75
156.75
157.25
158.25
158.25
158.25
156.0
156.0
156.0
156.0
156.0
156.0
156.0
156.0
155.75
155.75
147.5
147.5
146.5
146.5
147.0
147.5
147.5
147.75
142.5
142.5
138.5
138.5
138.5
138.5
138.75
138.75
139.75
139.5
139.5
139.75
139.75
137.25
137.25
137.25
138.25
138.5
138.5
140.5
140.5
142.75
142.75
141.25
141.25
139.25
139.25
137.5
137.5
133.25
133.25
134.0
135.75
135.75
137.25
137.25
134.0
134.0
135.75
135.75
135.75
135.75
135.75
135.75
136.0
136.0
136.0
135.75
135.75
136.0
131.2
126.4
121.6
116.8
112.0
112.0
117.75
117.75
118.0
118.0
118.0
118.0
118.0
117.75
117.75
118.0
123.08333333333333
128.16666666666666
133.25
138.33333333333334
143.41666666666666
148.5
148.5
144.25
139.5
139.5
134.0
134.0
134.25
134.25
134.5
134.5
134.25
135.25
135.25
136.0
136.0
136.0
135.0
132.75
132.75
128.5
128.5
123.0
123.0
130.0
130.0
133.5
134.0
134.0
134.0
135.25
135.25
135.25
129.0
129.0
124.75
128.5
128.5
133.0
133.0
134.25
134.25
133.75
133.75
133.5
134.0
134.0
134.5
134.5
135.75
135.75
135.75
135.75
135.5
135.75
135.75
134.5
136.75
136.75
136.75
136.75
136.5
136.5
137.5
137.5
142.0
142.0
143.0
143.0
143.75
142.75
142.75
140.75
140.75
138.25
138.25
136.5
135.25
135.25
133.5
133.5
130.25
130.5
130.5
130.5
132.0
132.0
133.0
133.0
133.75
133.75
134.5
135.25
135.25
135.25
135.25
134.25
134.25
134.25
133.5
133.5
134.25
134.25
136.5
138.0
138.0
140.75
143.75
143.75
142.75
142.75
139.0
139.0
129.25
129.25
128.75
128.75
126.25
126.25
124.25
124.25
124.0
124.0
125.5
127.25
127.25
127.25
126.0
126.0
126.0
126.0
150.0
150.0
151.0
151.5
151.5
152.75
152.75
153.5
153.5
153.5
152.5
152.5
149.25
149.25
147.0
147.0
145.25
142.0
142.0
142.0
139.5
141.0
141.0
143.0
143.0
145.0
146.0
146.0
144.75
143.5
143.5
140.75
140.75
135.5
135.5
132.25
132.25
131.75
131.75
130.25
131.0
131.0
132.0
132.0
134.25
134.25
138.5
138.5
139.5
139.5
138.5
136.75
136.75
135.5
135.5
134.75
134.75
134.75
135.5
135.5
136.25
136.25
139.0
139.0
140.75
144.75
144.75
147.75
150.0
150.0
152.25
152.25
152.25
150.25
150.25
145.25
143.25
143.25
142.0
142.0
139.75
139.75
139.0
135.75
135.75
135.5
135.5
134.5
134.5
133.75
133.75
133.25
134.25
134.25
132.75
132.75
133.5
133.5
134.25
135.75
135.75
139.75
140.0
140.0
142.0
142.0
144.0
144.0
147.0
148.75
148.75
149.75
151.5
151.5
151.5
150.0
150.0
150.0
147.75
145.0
145.0
143.25
141.5
141.5
139.75
135.75
135.75
136.75
136.75
137.5
140.0
140.0
141.0
141.0
144.25
145.5
145.5
145.0
145.5
145.5
145.0
145.0
145.0
145.0
145.0
145.0
152.5
151.5
152.0
152.0
150.5
150.5
151.25
151.25
151.25
151.25
151.25
151.25
151.25
151.5
151.5
151.5
151.5
147.375
143.25
139.125
135.0
130.875
126.75
126.75
125.5
125.5
124.5
124.5
124.0
124.0
124.0
126.75
126.75
131.75
134.5
134.5
139.0
139.0
140.0
140.5
140.5
140.25
140.25
139.5
139.5
139.0
137.5
137.5
137.5
137.5
137.0
137.0
136.5
138.0
138.0
138.5
138.5
137.0
137.0
135.75
135.75
135.75
136.5
136.5
135.5
135.5
135.0
135.0
134.0
133.5
133.5
133.5
133.5
133.0
133.0
133.25
133.25
131.5
131.0
131.0
133.25
133.25
134.5
134.5
135.75
137.0
137.0
140.75
140.75
144.0
144.5
144.5
144.75
144.75
143.5
143.5
140.5
140.25
140.25
140.25
140.25
138.75
139.0
139.0
136.5
136.5
136.5
136.5
139.75
141.5
141.5
143.25
143.25
144.25
145.5
145.5
148.0
149.75
149.75
152.75
152.5
152.5
155.25
155.25
153.5
155.0
151.75
151.75
152.25
152.25
150.5
150.5
150.5
149.0
149.0
147.0
147.75
147.75
147.75
147.75
147.75
147.75
147.75
148.0
151.75
151.75
150.75
150.75
153.5
153.5
155.0
155.0
156.5
156.5
154.5
154.75
154.75
156.0
156.0
154.75
151.75
151.75
147.5
140.75
140.75
140.75
139.5
142.0
142.0
143.25
143.25
146.0
145.5
145.5
147.0
147.0
147.0
147.0
147.0
146.5
146.25
146.25
150.0
150.0
152.5
152.5
154.25
153.25
153.25
152.75
152.75
151.5
151.5
151.5
151.5
151.5
151.5
151.5
151.5
138.5
139.5
139.5
140.0
140.0
149.0
150.25
150.25
149.75
149.25
149.25
149.0
149.0
147.5
147.5
147.5
147.5
147.5
147.5
147.5
147.5
147.5
147.5
156.75
152.75
152.75
157.0
157.0
157.25
157.25
157.5
157.5
159.25
159.5
159.5
160.5
158.25
158.25
154.5
154.5
154.5
154.5
154.5
154.5
154.5
154.5
154.75
154.75
154.5
154.5
154.5
154.5
154.5
154.5
154.5
154.5
154.5
154.5
154.5
154.5
154.5
154.5
154.25
152.57142857142858
150.89285714285714
149.21428571428572
147.53571428571428
145.85714285714286
144.17857142857142
142.5
142.5
142.5
142.5
142.5
142.25
142.25
142.5
142.5
142.25
143.0
143.75
144.5
145.25
146.0
146.75
146.75
147.0
147.25
147.25
149.5
150.0
150.0
149.25
149.5
149.5
148.0
148.0
147.0
147.0
145.75
147.5
147.5
146.25
148.75
148.75
148.75
150.25
150.25
150.25
150.25
150.25
150.25
150.5
162.0
162.0
164.0
164.0
162.0
162.75
163.25
163.25
161.25
158.75
158.75
154.5
154.5
150.75
150.0
150.0
150.0
150.0
150.0
150.0
149.75
149.75
150.0
150.0
155.75
151.5
151.5
153.25
143.25
143.25
140.75
140.75
138.5
138.5
138.25
141.25
141.25
141.25
142.25
139.75
139.75
135.75
135.75
135.75
135.75
135.75
135.75
136.0
136.0
136.0
135.75
135.75
141.1
146.45
151.8
157.15
162.5
165.75
165.75
166.25
166.25
166.25
166.75
166.75
166.25
166.5
169.0
169.0
168.5
166.25
166.25
164.25
164.25
162.75
161.0
161.0
166.0
166.0
169.0
167.5
168.0
168.0
168.25
168.25
168.25
169.0
166.25
167.0
167.0
167.0
166.5
166.5
165.75
166.0
166.0
169.5
171.0
171.0
169.5
169.0
169.0
169.25
169.0
169.0
170.75
171.5
173.75
173.75
169.25
169.0
169.25
169.0
169.0
169.25
169.5
169.5
169.0
166.5
166.5
166.25
166.25
165.5
165.5
165.5
165.75
165.75
165.5
163.5
163.5
162.0
157.0
157.0
156.75
156.75
155.25
154.5
160.75
160.75
158.0
158.0
163.75
166.5
166.5
166.5
166.25
165.5
165.5
161.75
161.75
156.5
151.0
151.0
149.0
149.0
149.0
149.0
148.75
148.75
149.0
149.0
149.0
149.0
148.75
148.75
149.90625
151.0625
152.21875
153.375
154.53125
155.6875
156.84375
158.0
158.0
159.25
159.25
161.0
161.0
161.0
161.0
161.0
160.75
160.75
161.0
166.25
166.0
166.0
165.5
165.5
165.5
164.75
164.75
164.75
165.75
164.5
164.5
162.25
161.0
161.0
160.75
157.75
157.75
156.5
156.5
153.75
153.75
151.25
148.75
148.75
148.75
148.75
149.0
148.75
148.75
149.0
149.0
148.75
148.75
146.33333333333334
143.91666666666666
141.5
139.08333333333334
136.66666666666666
134.25
134.25
137.5
140.5
140.5
142.0
153.25
153.25
153.25
148.5
149.75
149.75
149.0
149.0
149.0
149.0
148.75
148.75
149.0
149.0
148.75
148.75
162.75
164.75
164.75
162.0
162.0
162.0
162.25
161.75
161.75
160.5
160.5
160.5
160.25
160.25
160.5
160.5
160.5
160.5
160.5
160.5
148.75
137.0
125.25
113.5
101.75
101.75
108.5
108.5
111.0
111.5
111.5
111.5
112.75
112.75
112.0
112.0
113.5
113.5
119.75
119.75
122.25
122.25
125.75
125.75
126.0
126.0
126.0
126.0
126.0
126.0
126.0
126.0
128.14583333333334
130.29166666666666
132.4375
134.58333333333334
136.72916666666666
138.875
141.02083333333334
143.16666666666666
145.3125
147.45833333333334
149.60416666666666
151.75
151.75
149.25
149.25
149.25
149.25
149.25
149.5
149.5
149.5
149.5
149.5
149.5
149.91666666666666
150.33333333333334
150.75
151.16666666666666
151.58333333333334
152.0
152.41666666666666
152.83333333333334
153.25
153.75
153.75
153.75
153.75
154.0
153.75
153.75
154.0
154.0
154.0
154.0
153.75
153.75
152.90625
152.0625
151.21875
150.375
149.53125
148.6875
147.84375
147.0
147.0
147.0
147.0
147.0
145.5
145.5
147.75
149.5
149.5
152.5
147.5
147.5
144.0
142.0
142.0
139.0
139.0
137.75
137.75
144.75
144.75
155.0
160.75
160.75
164.5
167.75
168.0
168.0
169.5
164.5
164.5
168.0
165.0
165.0
163.75
162.0
162.0
162.0
162.0
161.75
161.75
162.0
162.0
162.0
162.0
162.0
160.2155172413793
158.43103448275863
156.64655172413794
154.86206896551724
153.07758620689654
151.29310344827587
149.50862068965517
147.72413793103448
145.93965517241378
144.1551724137931
142.3706896551724
140.58620689655172
138.80172413793105
137.01724137931035
135.23275862068965
133.44827586206895
131.66379310344828
129.8793103448276
128.0948275862069
126.3103448275862
124.52586206896551
122.74137931034483
120.95689655172414
119.17241379310344
117.38793103448276
115.60344827586206
113.81896551724138
112.03448275862068
110.25
110.25
110.25
114.5
114.5
113.5
113.5
113.5
109.75
109.5
109.5
106.25
106.25
106.25
106.25
106.5
106.5
106.5
106.5
106.5
106.5
106.5
106.5
103.6
100.7
97.8
94.9
92.0
92.0
92.0
91.75
91.75
91.75
91.75
91.75
91.75
91.75
91.75
91.75
91.5
91.5
93.0
93.0
93.0
92.75
92.75
93.25
93.25
93.25
93.25
93.25
94.25
94.25
94.25
95.0
95.0
96.75
96.75
97.25
97.25
97.25
97.5
97.5
97.25
97.25
97.5
97.5
102.0
102.0
102.5
102.5
103.0
103.0
103.0
103.0
103.0
103.0
102.5
102.5
102.5
101.25
101.25
102.25
102.25
103.0
103.0
104.0
104.0
104.0
105.5
105.5
106.0
106.0
106.0
106.0
105.25
105.25
104.5
104.5
104.5
103.25
103.25
100.0
100.0
98.25
98.25
98.5
98.5
98.5
97.75
97.75
97.0
97.0
97.0
95.25
95.25
95.25
95.5
95.5
94.5
94.5
94.5
96.0
96.0
98.0
98.0
98.0
99.0
99.0
98.75
98.75
98.0
98.0
97.75
97.75
97.25
97.25
97.25
96.25
96.25
96.25
96.25
96.0
96.0
96.0
95.75
95.75
95.75
95.25
95.25
95.5
95.5
95.5
96.25
96.25
96.75
96.75
98.25
98.25
98.25
97.5
97.5
98.5
98.5
98.5
98.5
99.75
99.75
99.5
99.5
98.75
98.75
98.75
99.25
99.25
99.25
99.25
99.25
98.0
98.0
98.0
98.25
98.25
96.5
96.5
96.5
94.75
94.75
94.0
94.0
94.0
94.0
94.0
94.0
94.0
94.0
94.5
94.5
94.5
92.0
92.0
93.5
93.5
93.5
93.5
93.5
93.0
93.0
93.0
92.75
92.75
93.25
93.25
93.25
95.25
95.25
94.25
94.25
93.5
93.5
93.25
93.25
93.25
93.5
93.5
93.75
93.75
104.5
104.5
105.25
105.25
105.25
83.25
83.25
93.25
93.25
93.25
94.0
94.0
95.5
95.5
95.5
95.0
95.0
95.0
95.0
95.5
95.5
95.5
98.75
98.75
100.0
100.0
100.0
99.75
99.75
100.25
100.25
100.25
99.25
99.25
99.5
99.5
99.5
99.75
99.75
100.0
100.0
100.0
99.25
99.25
99.25
99.25
99.5
99.5
99.75
99.75
99.75
99.75
99.75
99.75
101.25
101.0
101.0
100.25
100.25
100.25
100.25
101.25
101.25
101.25
101.25
101.75
101.75
100.75
100.75
102.0
102.0
102.0
103.5
103.5
103.25
103.25
103.25
103.25
103.25
103.25
103.25
103.25
103.25
103.25
103.25
103.25
103.25
103.5
103.57954545454545
103.6590909090909
103.73863636363636
103.81818181818181
103.89772727272727
103.97727272727273
104.05681818181819
104.13636363636364
104.2159090909091
104.29545454545455
104.375
104.45454545454545
104.5340909090909
104.61363636363636
104.69318181818181
104.77272727272727
104.85227272727273
104.93181818181819
105.01136363636364
105.0909090909091
105.17045454545455
105.25
105.25
105.25
105.25
105.25
105.0
105.0
104.5
104.5
104.5
104.5
104.5
104.5
104.0
104.0
104.0
104.25
104.25
104.0
104.0
104.0
103.5
103.5
103.5
103.5
103.5
102.25
102.25
103.75
103.75
103.75
103.75
103.75
103.25
103.25
103.0
103.0
103.5
103.5
103.5
104.25
104.25
104.0
104.0
104.5
104.5
105.0
105.0
104.0
104.0
104.0
103.0
103.0
103.25
103.25
104.0
104.0
103.5
103.5
104.25
104.25
104.25
125.5
128.0
128.0
132.75
132.75
134.5
134.25
134.25
132.25
132.25
132.25
132.25
125.0
125.0
124.75
124.75
125.0
125.0
125.0
125.0
125.0
125.0
112.75
112.75
116.5
116.5
118.0
118.0
116.75
116.75
119.5
119.5
115.25
115.25
110.0
110.0
111.75
111.75
111.75
116.75
116.75
120.5
123.25
123.25
124.5
124.5
124.0
124.0
124.0
120.75
120.75
120.25
120.25
121.0
122.25
122.25
123.5
123.5
123.5
123.5
122.75
122.75
122.75
122.75
122.25
122.25
121.5
121.5
122.25
122.25
123.5
123.5
123.25
123.25
123.0
123.0
123.0
123.0
125.0
131.5
131.5
133.5
133.5
133.5
134.0
134.0
135.5
136.75
136.75
138.25
138.25
135.75
135.75
128.5
128.5
122.75
121.5
121.5
121.25
121.25
119.75
119.75
115.75
115.75
115.5
115.5
119.5
119.5
126.25
126.25
131.75
135.5
135.5
136.75
134.75
134.75
132.0
132.0
126.75
126.75
123.0
123.0
111.5
111.5
111.25
111.25
113.75
113.75
117.0
121.5
121.5
124.75
124.75
125.75
125.75
126.0
126.0
125.0
122.75
122.75
118.0
118.0
111.0
111.0
111.0
111.0
110.75
110.75
111.0
111.0
116.25
116.25
120.25
120.25
124.5
124.5
125.25
125.25
125.5
124.75
124.75
119.5
119.5
119.5
115.75
115.75
115.5
115.5
116.5
116.5
118.5
118.5
121.5
121.5
125.0
129.75
129.75
130.0
130.0
131.5
131.5
134.25
134.25
134.25
131.25
131.25
123.0
123.0
123.0
113.5
113.5
118.0
118.0
123.0
123.0
126.5
126.5
126.75
125.75
125.75
121.0
121.0
117.5
117.5
117.5
119.5
119.5
120.75
120.75
121.0
121.0
121.5
121.5
123.0
122.0
122.0
119.25
119.25
116.0
116.0
114.5
114.5
114.5
114.5
115.25
115.25
115.0
115.0
115.0
113.0
114.5
114.5
117.0
117.0
117.0
123.5
125.5
125.5
128.0
128.0
129.25
129.25
129.75
129.75
131.25
132.5
132.5
130.25
130.25
128.75
128.75
122.75
122.75
118.5
118.5
118.5
118.5
118.5
118.5
118.5
118.5
118.25
118.25
113.0
113.0
112.75
112.75
112.5
112.5
114.0
114.0
115.0
115.0
115.75
115.75
115.75
116.75
116.75
116.75
116.75
117.5
117.5
117.0
116.75
116.75
115.75
115.75
116.25
116.25
116.5
116.5
115.75
115.75
115.5
115.5
115.5
117.5
117.5
117.0
118.75
118.75
118.75
115.75
115.75
116.0
116.0
121.5
122.0
122.0
122.0
120.75
120.75
120.0
120.0
118.75
118.75
120.0
120.75
120.75
123.75
123.75
121.5
121.5
121.5
121.0
121.0
117.25
117.25
115.75
115.75
115.75
115.75
116.0
116.0
116.75
116.75
117.25
117.25
118.5
118.5
118.0
118.0
115.75
115.75
114.75
114.0
114.0
114.5
114.5
114.75
114.75
114.75
116.5
116.5
118.5
118.5
120.75
120.75
121.5
119.25
119.25
116.75
116.75
116.75
117.0
117.0
116.5
116.5
116.5
116.0
116.0
116.0
116.0
117.0
117.0
119.25
119.25
121.5
121.5
121.5
121.5
118.75
117.25
117.25
115.25
115.25
114.5
114.5
115.25
115.25
118.0
118.0
118.5
118.5
118.0
118.0
118.75
118.75
121.75
121.75
125.25
125.25
125.75
125.75
125.25
125.25
124.5
124.5
123.5
123.5
122.75
122.75
121.5
121.5
121.5
118.5
118.5
116.25
116.25
117.25
117.25
117.5
117.5
120.25
120.25
120.75
120.75
118.75
118.75
117.5
117.5
116.0
116.0
115.0
115.0
115.0
115.0
115.0
113.5
113.5
113.5
113.5
113.5
113.5
114.25
114.25
114.0
114.0
115.0
115.0
116.5
116.5
118.0
118.0
119.25
119.25
121.0
121.0
122.75
122.75
122.75
122.75
122.25
122.25
120.0
120.0
117.75
117.75
116.0
116.0
116.25
116.25
117.5
117.5
123.0
123.0
125.0
125.0
126.25
127.75
127.75
128.0
128.0
128.0
126.75
126.75
126.75
126.75
126.75
126.75
126.75
126.75
126.75
126.75
126.75
126.75
126.75
126.75
126.75
120.75
120.75
120.75
120.75
120.75
121.0
120.75
120.75
121.0
121.0
121.0
121.0
125.66666666666667
130.33333333333334
135.0
139.66666666666666
144.33333333333334
149.0
149.25
149.25
147.75
147.25
147.25
147.25
147.5
147.5
147.5
147.5
147.25
147.25
147.25
147.25
147.25
139.45
131.65
123.85
116.05
108.25
108.25
108.25
108.5
108.5
110.25
111.75
111.75
115.0
115.0
118.75
118.75
120.25
120.25
125.75
125.75
125.75
130.75
130.75
132.5
136.5
136.5
136.5
136.5
138.5
138.5
140.0
140.0
143.0
145.25
145.25
146.25
146.25
146.75
148.25
148.25
149.0
148.75
148.75
150.0
150.0
150.0
151.75
151.75
151.75
151.25
152.5
152.5
151.5
151.5
151.5
151.5
151.5
151.5
151.5
151.5
151.5
151.5
144.9
138.3
131.7
125.1
118.5
118.5
119.25
119.25
119.25
119.25
122.25
122.25
126.75
130.25
130.25
133.75
133.75
135.75
135.75
135.75
134.75
134.75
131.25
131.25
121.0
121.0
119.75
119.75
122.75
122.75
122.75
127.0
128.25
128.25
149.0
149.0
147.0
147.25
147.25
144.0
144.0
139.75
138.25
138.25
138.0
138.0
137.5
137.5
135.25
131.5
131.5
122.25
122.25
128.5
128.5
138.25
138.25
142.5
145.5
145.5
146.25
146.0
146.0
148.0
148.25
148.25
147.75
147.75
147.75
147.75
147.75
149.5
149.5
143.25
145.5
145.5
143.25
143.25
142.75
141.0
141.0
139.5
139.5
138.5
138.5
138.5
136.5
136.5
135.75
136.25
136.25
133.5
133.5
132.25
132.25
133.5
133.5
131.25
130.0
130.0
130.0
130.0
130.0
130.0
129.75
129.75
130.0
130.0
130.0
130.0
129.75
125.9
122.05
118.2
114.35
110.5
112.75
112.75
113.0
113.0
112.75
112.75
112.75
112.75
113.0
112.75
112.75
117.0
121.25
125.5
129.75
134.0
134.0
132.5
132.5
133.25
133.25
135.75
136.0
136.0
136.75
136.75
132.75
132.75
136.25
136.25
136.25
136.25
136.25
136.5
136.5
136.25
136.25
136.25
136.25
133.70833333333334
131.16666666666666
128.625
126.08333333333333
123.54166666666667
121.0
121.0
121.5
121.5
121.5
121.5
121.5
121.5
121.5
121.5
121.5
121.5
121.5
121.5
122.39285714285714
123.28571428571429
124.17857142857143
125.07142857142857
125.96428571428571
126.85714285714286
127.75
127.75
127.75
129.5
127.0
127.0
126.5
126.5
126.5
120.0
120.0
118.5
117.5
117.5
116.25
116.25
118.0
118.0
118.5
118.5
120.25
120.25
124.25
124.25
125.5
126.25
126.25
130.75
130.75
138.75
138.75
138.75
138.75
138.75
138.75
138.75
138.75
139.0
128.0
128.0
125.75
125.75
125.75
123.75
123.75
124.0
124.0
124.5
124.5
124.25
124.25
124.25
124.25
124.25
124.25
124.25
124.25
124.25
124.5
124.5
124.5
124.25
124.25
122.75
121.25
119.75
118.25
116.75
115.25
115.25
114.25
114.25
117.5
117.5
120.0
120.0
119.75
119.75
119.75
119.75
118.75
118.75
119.0
119.0
122.5
122.5
123.75
123.75
122.75
122.75
119.25
119.25
116.5
116.5
114.75
114.75
115.5
115.5
115.25
115.25
116.0
116.0
116.0
117.75
117.75
120.5
120.5
122.25
122.25
123.5
123.5
141.0
141.0
136.5
136.5
116.25
116.25
111.0
111.0
112.25
112.25
112.25
119.5
119.5
122.0
122.0
123.75
123.75
119.75
119.75
122.5
122.5
124.0
123.5
123.5
125.5
125.5
127.0
127.0
126.25
126.25
126.75
126.75
131.75
135.5
135.5
136.25
136.25
138.5
143.25
143.25
142.75
142.75
140.75
140.75
134.25
131.25
131.25
129.0
129.0
125.0
125.0
120.5
120.5
120.0
120.0
120.0
118.0
118.0
117.75
117.75
115.0
115.0
115.0
115.0
113.25
113.25
110.75
110.75
112.25
112.25
112.5
112.5
112.5
112.25
112.25
113.25
113.25
114.0
114.0
112.75
112.75
115.25
115.25
118.75
118.75
122.75
122.75
128.0
131.5
131.5
131.75
131.75
132.5
132.5
132.5
133.25
133.25
137.75
137.75
140.5
140.5
133.5
137.5
137.5
134.25
134.25
128.25
128.25
125.75
125.75
124.5
124.5
124.0
124.0
124.0
124.0
122.75
122.75
124.75
124.75
124.5
124.5
124.25
126.75
126.75
129.5
129.5
127.0
127.0
127.0
127.0
127.0
127.0
126.75
126.75
126.75
126.75
126.75
126.75
124.28571428571429
121.82142857142857
119.35714285714286
116.89285714285714
114.42857142857143
111.96428571428571
109.5
109.5
110.75
110.75
112.75
112.75
112.75
113.0
113.0
111.25
111.25
111.25
111.25
110.0
110.0
110.0
110.0
110.0
110.0
110.0
110.0
110.0
109.75
109.75
116.08333333333333
122.41666666666667
128.75
135.08333333333334
141.41666666666666
147.75
147.75
147.75
148.0
148.0
148.0
148.0
147.75
147.75
148.0
147.75
147.75
143.375
139.0
134.625
130.25
125.875
121.5
121.5
122.25
122.25
121.25
121.25
121.5
121.5
121.75
123.75
123.75
125.0
125.0
128.0
128.0
129.25
129.25
130.75
130.75
130.25
130.5
130.5
129.25
129.25
126.75
126.75
125.75
125.75
124.75
124.75
124.5
124.5
125.75
125.75
127.0
127.0
127.0
127.0
126.25
126.0
126.0
125.0
125.0
125.0
123.25
123.75
123.75
124.5
124.5
122.75
122.75
121.75
121.75
124.0
124.0
124.25
124.25
125.0
125.0
125.0
124.0
124.0
124.0
124.0
124.0
124.0
124.0
123.75
123.75
123.75
123.75
123.75
123.75
124.0
124.0
124.0
141.25
141.25
142.25
142.5
142.5
142.25
142.25
142.5
142.5
142.5
142.5
142.5
142.5
142.5
142.5
142.5
142.5
142.5
142.5
144.52777777777777
146.55555555555554
148.58333333333334
150.61111111111111
152.63888888888889
154.66666666666666
156.69444444444446
158.72222222222223
160.75
162.75
162.75
164.5
161.0
161.0
161.0
161.0
161.0
161.0
161.0
161.0
161.0
161.0
161.0
161.0
160.75
160.5390625
160.328125
160.1171875
159.90625
159.6953125
159.484375
159.2734375
159.0625
158.8515625
158.640625
158.4296875
158.21875
158.0078125
157.796875
157.5859375
157.375
157.1640625
156.953125
156.7421875
156.53125
156.3203125
156.109375
155.8984375
155.6875
155.4765625
155.265625
155.0546875
154.84375
154.6328125
154.421875
154.2109375
154.0
154.0
149.5
149.5
150.25
150.25
150.25
150.25
150.25
150.25
150.25
150.25
150.25
150.25
150.25
150.25
150.25
150.25
150.25
150.5
150.43
150.36
150.29
150.22
150.15
150.08
150.01
149.94
149.87
149.8
149.73
149.66
149.59
149.52
149.45
149.38
149.31
149.24
149.17
149.1
149.03
148.96
148.89
148.82
148.75
148.75
152.5
155.75
155.75
155.75
155.75
155.75
155.75
155.75
156.0
156.0
156.0
156.0
156.0
156.0
155.75
154.5
153.25
152.0
150.75
149.5
148.25
147.0
145.75
144.5
143.25
142.0
140.75
139.5
138.25
137.0
135.75
134.5
133.25
132.0
132.0
133.5
133.5
133.5
133.5
133.5
134.75
134.75
134.75
133.0
133.5
133.5
135.0
135.0
134.5
133.5
133.5
134.0
134.0
134.75
134.75
134.5
134.5
134.75
134.75
133.5
134.25
134.25
133.0
132.0
132.0
132.75
132.75
132.5
132.5
132.5
132.5
132.5
132.5
132.25
132.25
132.25
132.25
132.25
132.25
133.5
133.5
133.0
133.0
133.0
133.0
133.0
134.25
133.0
133.0
133.75
133.75
132.5
132.5
131.0
131.0
130.25
130.25
130.0
130.0
130.25
131.5
131.5
132.5
132.5
132.5
132.5
132.5
132.5
132.25
132.5
132.5
132.5
132.25
131.5
131.5
131.5
131.5
130.75
130.75
129.0
129.0
129.0
128.5
128.5
128.25
128.25
129.0
129.0
129.0
125.0
124.75
124.75
124.75
124.75
124.75
124.75
125.0
125.0
124.75
125.0
125.0
124.5
124.5
125.5
125.5
125.25
125.25
125.25
125.25
125.75
125.75
125.75
127.75
127.75
128.0
128.0
127.75
127.75
127.75
127.75
127.75
127.75
127.75
126.25
126.25
127.0
127.0
127.25
127.25
128.5
128.5
130.25
130.25
130.5
130.5
129.75
131.5
131.5
130.75
132.0
132.0
127.75
127.75
127.75
127.75
130.75
131.0
131.0
131.0
130.25
130.25
131.75
131.75
129.75
129.75
131.25
131.25
129.75
129.75
128.75
128.75
127.25
126.5
126.5
128.5
128.5
128.0
128.0
129.5
129.5
130.25
130.0
130.0
131.25
131.25
131.25
131.25
132.5
132.5
128.5
128.5
129.0
128.25
128.25
126.75
126.75
129.0
129.0
128.5
128.5
129.25
129.25
129.5
129.5
130.5
130.5
132.0
133.25
133.25
135.5
135.5
135.5
135.5
134.25
134.25
134.25
134.25
134.25
134.25
134.25
134.25
134.25
134.25
134.25
134.25
134.5
134.5
129.75
129.75
129.0
129.0
127.0
127.0
130.0
130.0
130.0
130.0
128.5
128.5
128.5
129.0
129.0
128.25
128.25
132.5
132.5
132.75
132.75
131.5
131.5
132.0
132.0
132.0
131.5
131.5
132.5
130.75
130.75
131.5
131.5
131.5
131.5
132.75
132.75
132.25
134.25
134.25
134.25
134.25
134.75
134.75
134.25
134.25
135.75
136.0
136.0
135.5
135.5
135.75
135.75
135.0
135.0
135.0
134.0
134.0
136.25
136.25
136.25
136.25
136.75
138.75
138.75
138.75
139.25
139.25
138.5
138.5
139.5
139.5
139.5
139.5
139.5
139.5
139.0
137.5
137.5
137.25
137.25
137.25
137.25
131.0
131.0
131.0
129.75
129.75
129.75
129.75
129.75
129.75
132.0
131.25
131.25
132.0
132.0
133.0
133.0
132.75
132.75
131.75
132.0
132.0
132.5
132.5
131.5
131.5
132.75
133.5
133.5
131.25
131.25
134.25
134.25
133.0
133.75
133.75
133.75
134.25
134.25
134.25
133.25
133.25
132.0
133.25
133.25
132.25
132.25
132.25
132.25
132.25
132.25
132.25
132.25
132.25
132.5
132.5
132.5
132.5
132.33333333333334
132.16666666666666
132.0
131.83333333333334
131.66666666666666
131.5
131.33333333333334
131.16666666666666
131.0
130.83333333333334
130.66666666666666
130.5
130.33333333333334
130.16666666666666
130.0
129.83333333333334
129.66666666666666
129.5
129.33333333333334
129.16666666666666
129.0
128.83333333333334
128.66666666666666
128.5
128.33333333333334
128.16666666666666
128.0
128.0
130.25
130.25
130.0
130.0
131.25
131.75
131.75
131.75
135.5
135.5
136.0
136.0
136.75
137.5
137.5
139.5
139.25
139.25
139.25
139.25
139.25
139.25
139.25
139.25
139.25
139.25
139.25
139.25
139.25
139.25
139.25
139.25
139.625
140.0
140.375
140.75
141.125
141.5
141.875
142.25
142.625
143.0
143.375
143.75
144.75
144.75
144.25
144.25
144.0
147.25
147.25
148.5
147.25
147.25
147.25
147.25
147.25
147.25
147.25
147.5
147.5
149.0
149.0
147.0
147.75
147.75
148.0
148.0
145.75
144.0
144.0
144.75
144.75
143.5
143.5
142.25
141.75
141.75
142.0
142.0
142.0
142.0
140.75
140.75
139.25
139.25
139.0
139.0
137.25
137.25
136.75
136.75
136.25
136.25
136.25
134.25
134.25
134.25
134.25
134.25
134.25
134.25
134.25
134.25
134.25
134.25
134.25
130.5
130.25
130.25
130.0
130.0
130.5
130.5
128.75
128.75
129.0
129.0
128.5
128.5
128.5
128.5
131.5
131.5
132.75
132.75
132.75
132.75
132.75
133.0
133.0
133.0
137.75
137.75
139.75
139.75
138.0
138.0
138.5
138.5
138.75
138.75
138.25
138.25
138.25
139.5
139.5
139.5
140.75
140.75
140.75
140.75
140.75
140.75
140.75
140.75
140.75
140.75
140.75
135.75
135.75
136.0
136.0
135.75
135.25
135.25
135.25
134.0
135.0
135.0
135.0
135.0
135.0
135.0
134.75
134.75
135.0
135.0
135.0
135.0
135.0
135.0
135.0
134.28571428571428
133.57142857142858
132.85714285714286
132.14285714285714
131.42857142857142
130.71428571428572
130.0
130.0
128.0
128.0
129.5
129.5
128.25
128.25
128.0
128.5
128.5
129.5
129.5
128.75
128.75
128.75
128.5
128.5
129.25
129.25
130.5
130.5
130.75
131.5
131.5
131.75
131.75
132.0
132.0
132.0
132.0
132.75
132.75
132.5
132.5
133.25
133.25
132.75
132.75
133.25
133.25
134.75
135.0
135.0
135.0
135.0
136.5
136.5
137.0
136.75
136.75
135.75
135.75
135.0
135.0
135.75
136.5
136.5
135.25
135.25
133.75
133.75
132.25
132.25
132.25
130.5
130.5
130.0
130.0
129.75
129.75
130.75
130.25
130.25
131.5
131.5
132.0
132.0
133.0
133.0
134.25
134.25
135.5
135.5
137.25
138.0
138.0
138.0
138.0
138.0
138.0
138.0
137.75
137.75
138.0
138.0
135.75
135.75
136.0
136.0
135.0
135.0
136.0
136.0
136.5
136.5
135.75
135.75
137.25
137.25
136.75
136.75
136.75
136.75
137.0
137.0
137.0
136.75
136.75
137.0
137.0
137.5
137.25
137.25
138.75
138.75
138.75
140.0
140.0
139.25
139.25
140.0
142.75
142.75
143.25
144.0
144.0
144.0
144.0
143.75
143.75
142.25
142.5
142.5
142.75
142.75
141.5
141.5
140.75
141.0
141.0
139.5
139.5
140.0
140.0
138.5
138.5
138.5
137.25
137.25
135.75
135.5
135.5
133.0
133.0
132.25
132.25
130.75
130.75
130.25
130.25
129.0
129.0
129.0
129.0
129.0
129.0
131.0
132.0
132.0
134.5
134.5
136.5
137.5
137.5
138.25
138.25
139.75
139.75
140.0
141.0
141.0
140.75
140.75
142.5
142.25
142.25
143.25
143.25
143.75
144.5
144.5
146.25
146.25
145.75
145.25
145.25
144.5
145.75
145.75
143.75
143.75
145.0
145.0
143.25
143.0
143.0
141.75
141.75
141.0
142.25
142.25
141.75
141.75
140.0
135.25
135.25
134.75
134.75
133.75
133.75
132.75
132.75
133.5
133.5
134.0
131.25
131.25
134.25
134.25
129.5
129.5
124.5
124.5
127.25
127.25
125.75
125.75
125.25
125.25
123.5
123.5
117.5
117.5
112.25
112.25
110.75
110.75
112.75
112.75
113.0
113.0
112.5
112.5
111.0
111.0
111.0
112.5
112.5
114.0
114.0
113.5
113.5
117.75
117.75
119.75
119.75
119.75
119.5
119.5
118.25
118.25
115.25
115.25
115.25
114.0
114.0
115.0
115.0
115.0
117.5
117.5
120.0
120.0
121.0
121.0
124.0
124.0
124.0
133.25
135.0
135.0
135.75
135.75
135.0
135.0
134.75
133.0
133.0
132.75
132.75
131.5
131.5
129.5
129.5
128.5
128.5
129.25
129.0
129.0
129.0
129.0
130.0
131.5
131.5
131.5
132.0
132.0
132.0
132.0
130.25
130.25
127.25
124.0
124.0
124.0
124.0
124.0
124.0
124.0
124.0
123.75
123.75
115.75
115.75
115.75
115.75
115.75
109.5
109.5
105.25
105.25
105.25
105.25
105.25
105.25
105.25
105.5
105.5
105.5
105.5
105.5
105.5
105.5
104.54166666666667
103.58333333333333
102.625
101.66666666666667
100.70833333333333
99.75
99.75
99.75
99.75
99.75
99.25
96.75
96.75
95.25
95.25
93.25
93.25
92.0
92.0
92.0
93.75
93.75
98.25
98.25
98.25
95.0
95.0
95.0
95.0
95.0
95.0
94.75
94.75
94.75
94.75
95.0
95.0
101.875
108.75
115.625
122.5
129.375
136.25
132.0
132.0
128.0
128.0
128.5
128.5
129.0
129.0
129.75
129.75
132.0
132.0
132.25
132.25
131.25
131.25
131.75
131.75
131.75
131.0
131.0
130.0
130.0
128.5
128.5
128.5
128.5
128.5
128.25
128.25
128.25
128.25
128.5
127.58333333333333
126.66666666666667
125.75
124.83333333333333
123.91666666666667
123.0
122.08333333333333
121.16666666666667
120.25
119.33333333333333
118.41666666666667
117.5
117.5
117.0
117.0
116.25
116.25
116.25
116.25
116.25
116.25
116.25
116.5
116.5
116.5
116.5
116.25
116.75
117.25
117.75
118.25
118.75
119.25
119.25
118.25
118.25
119.75
121.0
121.0
122.0
122.0
123.0
123.0
123.75
123.75
124.5
124.5
128.0
128.0
128.75
128.75
128.5
128.0
128.0
128.0
128.0
129.0
129.0
128.0
128.0
139.5
139.5
140.75
140.75
140.25
140.25
140.75
140.0
140.0
140.75
140.75
140.5
143.25
143.25
138.75
138.75
138.25
138.25
138.5
138.0
138.0
139.5
139.5
138.25
138.25
136.0
136.0
134.75
134.25
134.25
130.5
130.5
128.75
125.75
125.75
125.0
125.0
128.5
131.25
131.25
133.5
133.5
134.25
135.25
135.25
135.75
135.75
136.75
136.75
135.75
134.75
134.75
132.25
132.25
115.25
115.25
114.0
111.75
111.75
110.5
110.5
110.5
112.0
112.0
113.0
113.0
114.5
114.5
118.75
118.75
122.0
125.25
125.25
125.25
131.0
131.0
131.0
135.25
136.0
136.0
135.25
135.25
135.25
135.25
132.75
132.75
132.75
121.0
121.0
125.25
125.25
128.5
128.5
128.5
128.5
128.5
128.5
130.0
130.0
135.75
135.75
135.5
135.5
132.75
132.75
133.75
133.75
136.5
135.5
135.5
135.5
135.5
135.5
135.5
135.25
135.25
135.25
135.25
131.5
131.5
128.0
128.0
128.0
124.0
124.0
123.0
124.5
124.5
124.5
124.5
124.5
124.5
124.5
124.5
125.25
125.25
125.25
132.5
132.5
140.5
137.0
137.0
137.0
137.0
137.0
137.0
137.0
137.0
136.75
138.25
138.25
138.0
138.0
135.5
135.5
134.25
133.0
133.0
129.75
129.75
127.75
127.75
126.75
126.75
124.5
124.5
122.75
120.75
120.75
120.75
124.75
124.75
125.75
125.75
125.75
125.75
125.75
125.75
126.0
126.0
126.0
126.0
126.0
126.0
126.0
126.0
126.0
126.0
125.59375
125.1875
124.78125
124.375
123.96875
123.5625
123.15625
122.75
122.34375
121.9375
121.53125
121.125
120.71875
120.3125
119.90625
119.5
119.5
121.0
121.0
121.5
121.5
122.25
122.25
123.75
123.75
126.5
127.75
127.75
129.0
129.0
129.75
129.75
127.75
127.75
124.5
124.5
124.0
124.0
123.25
123.25
121.75
121.75
121.5
121.0
121.0
120.75
120.75
117.0
117.0
115.75
115.75
115.25
115.25
116.0
116.0
116.75
116.75
116.5
116.5
118.5
118.5
118.5
120.25
121.25
121.25
122.5
122.5
122.5
131.0
131.5
131.5
131.5
135.75
135.75
137.0
137.0
138.5
137.5
137.5
136.5
136.5
136.5
136.5
136.5
136.5
136.25
136.25
136.25
136.25
132.65
129.05
125.45
121.85
118.25
118.25
118.5
118.5
118.5
118.5
118.5
118.5
118.5
118.5
118.5
118.25
119.65
121.05
122.45
123.85
125.25
125.25
124.25
124.25
122.75
122.75
120.75
120.75
120.75
120.75
120.75
120.75
121.0
121.0
121.5
122.75
122.75
127.25
127.25
127.5
127.5
128.75
128.75
128.5
129.0
129.0
127.75
127.75
127.25
127.25
132.5
132.5
132.75
132.75
130.75
130.75
130.75
130.75
131.5
131.5
130.25
129.0
129.0
130.0
130.0
132.0
132.0
132.75
132.75
131.75
133.0
133.0
133.0
133.0
131.0
131.0
131.0
131.75
131.75
132.75
132.75
133.0
133.0
131.5
131.5
130.25
130.25
130.25
130.25
130.25
130.75
130.75
130.75
130.75
130.75
130.75
131.25
131.25
131.5
131.5
131.5
130.75
130.75
131.5
131.25
131.25
131.5
131.5
130.25
130.25
130.75
130.75
132.0
132.0
134.25
133.5
133.5
134.25
134.25
134.5
134.5
135.0
135.0
135.75
135.75
136.0
136.5
136.5
137.5
137.5
137.0
137.0
137.75
137.75
137.0
137.0
135.75
135.75
135.75
135.75
135.5
134.0
134.0
134.75
134.75
134.75
134.75
135.25
134.75
134.75
134.25
134.25
133.5
133.5
132.5
132.5
130.75
130.75
130.75
130.75
130.75
133.5
134.25
134.25
136.25
136.75
136.75
136.75
136.75
135.25
135.25
132.75
132.75
127.75
127.75
124.0
124.0
124.0
124.0
125.75
125.75
127.0
129.0
129.0
130.0
131.5
131.5
131.5
131.5
130.5
129.25
129.25
129.25
128.5
127.25
127.25
127.0
127.0
127.25
127.25
128.5
128.5
130.25
132.75
132.75
134.75
134.75
135.5
135.5
134.25
134.25
133.25
133.25
132.0
132.0
132.0
132.0
134.25
133.5
133.5
133.75
133.75
133.75
134.25
134.75
134.75
135.0
135.0
134.5
134.5
136.5
136.75
136.75
137.5
137.5
137.5
137.5
137.5
137.5
137.5
135.75
135.5
135.5
133.75
133.75
133.25
132.75
132.75
133.0
133.0
133.0
133.0
132.0
132.0
132.0
131.75
131.75
129.75
129.75
130.0
130.0
129.0
129.0
129.0
128.0
127.5
127.5
126.25
126.25
126.25
128.25
128.25
129.75
129.75
132.25
132.25
132.75
132.75
133.25
133.0
133.0
132.75
132.75
132.25
132.25
132.0
132.0
133.0
134.5
134.5
134.25
134.25
135.0
135.0
134.25
134.25
134.25
134.25
135.25
135.0
135.0
135.0
135.0
134.75
134.75
133.5
133.5
132.75
132.75
132.75
132.75
133.5
133.5
133.5
134.25
134.25
135.75
136.5
136.5
137.25
137.25
137.5
138.25
138.25
137.5
137.5
137.5
137.5
136.75
136.75
136.0
136.0
135.0
135.0
133.0
135.25
135.25
134.75
134.75
132.75
132.75
131.5
133.75
133.75
133.5
133.5
132.5
132.5
134.25
134.25
134.25
135.0
135.0
132.75
132.75
134.25
134.25
138.25
139.5
139.5
139.25
139.5
139.5
139.25
139.25
138.75
138.75
138.25
138.25
138.0
138.0
137.25
136.5
136.5
136.75
136.75
135.25
135.25
134.25
134.25
133.0
130.75
130.75
131.0
131.0
131.5
131.5
131.5
131.5
131.75
131.75
133.0
134.5
134.5
136.5
136.5
137.25
135.75
135.75
135.75
135.75
135.25
135.25
135.25
135.75
135.75
135.75
135.75
135.5
135.5
135.25
134.25
134.25
134.25
134.25
134.0
134.0
133.75
133.75
133.75
134.0
134.25
134.25
134.25
134.75
134.75
134.5
134.25
134.25
135.0
135.0
135.75
135.75
135.25
135.0
135.0
135.0
135.0
135.0
135.25
135.25
135.5
135.5
135.75
135.75
136.75
136.75
136.5
136.0
136.0
135.25
135.25
135.0
135.0
134.5
134.25
134.25
133.5
133.5
134.25
134.25
135.0
135.0
135.25
135.25
135.75
135.75
136.75
137.75
137.75
139.0
139.0
139.5
138.75
138.75
139.75
139.75
139.5
139.5
138.5
138.75
138.75
138.5
138.5
138.75
138.75
138.0
139.0
139.0
139.0
139.0
139.5
140.25
140.25
139.5
139.5
138.5
138.5
137.25
137.25
137.75
137.25
137.25
137.0
137.0
138.0
137.0
137.0
137.5
137.5
137.25
137.0
137.0
138.25
138.25
139.5
139.5
139.25
139.25
140.5
141.75
141.75
142.0
142.0
141.5
142.0
142.0
140.25
140.25
140.75
141.25
141.25
140.0
140.0
138.0
138.0
139.25
139.25
139.25
139.0
139.0
138.25
138.25
136.75
135.25
135.25
135.5
135.5
137.25
137.25
137.5
136.5
136.5
136.5
136.5
135.75
135.75
135.75
135.0
135.0
133.5
133.5
133.0
133.0
130.75
130.75
131.0
131.0
131.0
131.5
131.5
131.5
131.5
132.75
132.75
132.75
133.5
133.5
134.75
134.75
135.0
135.0
135.5
135.25
135.25
135.5
135.5
135.0
135.0
135.0
135.0
136.0
136.0
135.75
135.75
136.0
136.0
136.0
136.0
136.0
136.25
137.5
137.5
136.0
136.0
137.25
138.5
138.5
137.75
137.75
137.75
137.5
137.5
139.0
139.0
137.5
137.5
136.5
136.5
136.0
136.0
136.0
134.75
134.75
133.5
133.5
131.5
131.5
132.5
135.0
135.0
134.25
134.25
137.0
137.5
137.5
137.75
137.75
138.25
138.25
138.5
138.25
138.25
137.5
137.5
138.25
138.25
139.25
139.0
139.0
138.5
138.5
140.75
140.75
142.0
142.0
142.0
141.5
142.75
142.75
143.5
143.5
144.75
146.0
146.0
147.0
147.0
145.25
145.5
145.5
143.5
143.5
142.75
143.5
143.5
143.25
143.0
143.0
143.25
143.25
144.0
144.0
143.75
144.0
144.0
144.25
145.75
145.75
145.0
145.0
144.5
143.75
143.75
144.0
144.0
143.25
143.75
143.75
144.0
144.0
143.75
143.0
143.0
141.25
141.25
143.25
143.25
138.5
137.5
137.5
140.25
140.25
136.75
136.75
138.75
142.0
142.0
138.5
138.5
138.5
138.75
138.75
137.75
137.75
140.25
139.75
139.75
140.75
140.75
139.5
139.5
138.5
138.5
139.25
138.25
138.25
137.75
137.75
138.5
139.0
139.0
140.0
140.0
140.75
140.75
137.75
140.0
140.0
139.25
139.5
139.5
141.25
141.25
140.75
141.25
141.25
141.75
141.75
141.5
141.0
141.0
140.75
140.75
139.0
139.0
138.25
138.25
137.25
137.25
137.25
137.5
137.5
139.5
138.75
138.75
139.75
139.75
139.5
139.5
140.0
140.0
141.25
141.5
141.5
141.5
141.5
141.25
141.25
142.5
142.5
142.5
143.25
143.75
143.75
143.5
143.5
143.25
142.75
142.75
141.75
141.75
141.75
141.75
140.75
140.75
140.75
140.0
140.0
138.75
138.75
138.75
138.0
138.0
137.0
137.25
137.25
137.5
137.5
137.0
137.0
134.0
134.0
134.25
134.25
135.0
135.25
135.25
135.0
135.0
136.5
135.5
135.5
134.0
134.0
135.25
135.25
134.75
137.25
137.25
137.5
137.5
137.25
137.25
137.25
137.25
137.25
137.25
137.25
137.25
137.25
137.25
137.25
137.25
138.75
138.75
139.25
140.25
140.25
139.5
139.5
139.5
139.75
139.75
138.75
138.75
137.5
137.5
137.5
137.5
137.5
137.5
137.5
137.25
137.25
137.25
134.0
134.0
135.75
135.5
135.5
135.5
135.5
135.0
135.0
138.75
138.25
138.25
137.0
137.0
135.75
135.75
135.25
135.25
135.25
135.25
135.25
135.25
135.5
135.5
135.25
135.25
135.5
136.08333333333334
136.66666666666666
137.25
137.83333333333334
138.41666666666666
139.0
139.0
139.75
139.75
140.75
141.25
141.25
142.25
142.25
142.75
143.25
143.25
143.25
143.25
143.5
143.25
143.25
143.0
143.0
143.0
143.25
143.25
143.25
142.75
142.75
142.5
142.5
143.25
143.25
142.5
142.75
142.75
140.25
140.25
140.25
142.25
142.25
140.25
140.25
141.25
139.75
139.75
139.5
139.0
139.0
139.0
139.0
137.25
137.25
136.5
135.75
135.75
137.75
137.75
137.5
135.0
135.0
135.0
136.75
136.75
135.75
135.75
136.0
136.0
139.5
138.25
138.25
139.75
139.75
141.25
141.25
141.25
141.25
141.25
141.5
141.5
141.5
135.75
135.75
135.25
135.25
137.5
137.5
135.0
135.0
133.25
133.5
133.5
134.0
134.0
133.25
133.25
132.75
134.0
134.0
133.5
133.5
132.5
132.5
133.5
133.5
132.75
132.75
132.25
132.25
132.25
133.0
133.0
131.75
131.75
132.5
132.75
132.75
132.75
131.5
131.5
131.5
131.5
131.5
132.0
132.0
133.0
134.25
134.25
135.0
135.0
133.75
133.75
134.75
136.25
136.25
134.0
134.0
135.0
135.0
137.0
138.0
138.0
137.5
137.5
137.5
137.5
138.25
138.5
138.5
139.25
139.25
139.25
139.75
139.75
139.75
139.75
140.75
140.75
140.0
139.75
139.75
139.75
139.75
139.0
139.0
139.5
137.5
137.5
137.0
137.0
136.25
135.5
135.5
135.25
135.25
134.5
134.5
135.0
135.0
134.75
135.0
135.0
134.25
134.25
134.25
134.25
133.5
134.25
134.25
134.75
134.75
134.75
135.5
135.5
137.0
137.0
137.0
137.0
137.5
137.5
138.5
138.5
139.75
142.0
142.0
142.75
142.75
143.0
143.25
143.25
144.5
144.5
144.0
143.0
143.0
141.0
141.0
140.0
139.5
139.5
139.25
139.25
137.25
137.25
137.25
137.25
136.25
134.75
134.75
134.25
134.25
134.25
133.75
133.75
133.0
133.0
132.5
132.5
132.25
132.25
132.0
132.0
133.0
133.25
133.25
132.0
132.0
131.5
131.5
131.75
131.75
131.75
131.75
132.0
132.0
131.5
132.5
132.5
133.25
133.25
133.0
133.0
133.5
133.75
133.75
133.5
133.75
133.75
133.75
133.75
133.0
133.0
133.0
133.0
132.75
132.75
133.5
133.5
133.5
133.5
133.5
134.0
134.0
134.75
134.75
134.75
134.75
135.0
134.25
134.25
135.0
135.0
134.5
134.5
134.25
133.75
133.75
133.5
133.5
135.0
135.0
134.5
134.5
134.5
135.75
135.75
134.75
134.75
133.25
133.25
133.5
133.5
135.0
135.75
135.75
136.0
136.0
136.25
136.25
137.75
137.75
135.75
135.75
136.75
138.0
138.0
136.0
136.0
137.0
135.75
135.75
135.75
135.75
136.0
136.0
135.75
135.75
135.75
135.75
135.25
135.25
134.5
135.75
133.5
133.5
134.5
134.5
135.5
135.5
133.0
133.0
134.75
134.75
136.0
136.0
134.25
135.25
135.25
135.25
135.25
133.75
133.75
132.5
131.0
131.0
132.75
133.25
133.25
133.25
131.25
130.75
130.75
130.5
130.5
131.5
131.5
133.25
133.25
133.25
133.25
133.25
133.25
133.5
133.5
133.5
136.5
136.5
137.75
138.5
138.5
138.5
138.5
137.5
137.5
136.5
135.0
135.0
134.25
134.25
133.75
133.75
133.25
132.0
132.0
131.75
131.75
129.5
129.5
129.5
129.5
130.0
130.0
129.75
130.0
130.0
130.25
130.25
133.75
133.75
133.75
133.75
137.5
137.5
137.5
136.5
136.5
136.5
135.75
134.75
134.75
134.75
133.5
131.5
131.5
130.0
130.0
129.0
129.0
129.0
128.75
128.75
128.75
129.0
129.0
129.0
128.25
130.0
130.0
132.75
132.75
134.5
135.75
135.75
135.75
135.75
135.75
135.75
136.0
136.0
135.75
136.0
136.0
135.72916666666666
135.45833333333334
135.1875
134.91666666666666
134.64583333333334
134.375
134.10416666666666
133.83333333333334
133.5625
133.29166666666666
133.02083333333334
132.75
132.75
133.5
133.5
132.75
132.75
133.0
133.0
134.25
134.75
134.75
134.25
134.25
131.75
131.75
128.5
128.5
126.5
126.5
126.5
126.5
126.5
125.0
125.0
122.25
122.25
119.25
119.25
119.25
119.25
118.25
118.25
118.5
118.5
118.25
118.5
118.5
118.25
118.25
116.29166666666667
114.33333333333333
112.375
110.41666666666667
108.45833333333333
106.5
106.5
114.0
114.0
116.0
116.0
116.25
116.25
118.0
118.0
118.0
118.0
118.0
118.0
118.0
118.0
118.0
117.75
117.75
117.75
