107.75
107.75
107.75
108.25
108.25
108.25
108.25
107.75
107.75
108.0
108.0
108.75
108.75
110.0
110.0
112.5
112.5
112.75
112.75
113.5
113.5
115.5
115.5
118.0
118.0
117.0
117.0
116.5
116.5
116.75
116.75
116.75
116.75
116.75
118.25
118.5
118.5
118.5
118.0
118.0
117.0
117.0
117.0
117.0
118.0
118.0
119.5
119.5
120.25
120.25
120.25
121.25
121.25
121.5
121.5
121.5
121.5
120.75
120.75
122.25
122.25
121.0
121.0
121.25
121.25
120.0
120.0
119.5
119.5
120.0
120.75
120.75
120.75
122.25
122.25
124.5
125.75
125.75
125.75
125.75
124.5
124.0
124.0
122.75
122.75
121.25
121.25
121.5
121.5
121.75
121.75
121.0
121.0
122.5
122.5
123.25
123.25
123.5
123.5
125.0
125.25
125.25
127.25
127.25
127.5
127.5
126.75
126.75
124.5
124.5
121.0
121.0
120.75
120.75
121.5
121.5
123.5
123.5
125.75
125.75
126.75
126.75
128.0
127.5
127.5
128.5
128.5
128.5
128.5
128.5
128.5
128.5
128.25
128.25
128.25
123.5
123.5
123.5
123.5
123.5
125.75
125.75
126.5
126.5
128.5
129.0
129.0
129.0
129.5
129.5
129.25
129.25
129.0
129.0
128.25
128.5
128.5
128.5
128.5
128.5
128.25
128.25
128.25
128.25
128.5
128.5
131.5
131.5
131.5
129.5
129.5
128.0
128.0
126.5
126.5
124.5
124.5
124.5
124.5
125.75
125.75
126.0
126.75
126.75
128.0
128.0
129.5
130.25
130.25
130.75
130.75
131.25
131.25
132.5
132.5
133.5
134.25
134.25
134.0
134.0
133.25
133.25
132.75
132.75
132.0
131.25
131.25
130.0
130.0
128.5
128.5
127.25
127.25
127.0
127.0
128.0
128.0
128.25
128.25
128.75
129.75
129.75
131.5
131.5
132.0
132.0
131.5
131.5
130.5
130.5
128.5
127.25
127.25
127.0
127.0
126.25
126.25
125.25
125.25
125.25
128.5
128.5
128.0
128.0
129.25
129.25
129.0
129.0
130.25
130.75
130.75
129.5
129.5
129.75
129.75
129.25
129.25
129.0
129.0
129.0
129.0
129.5
129.5
129.5
131.0
131.0
131.5
132.0
132.0
132.25
132.25
132.75
132.75
133.5
133.5
133.5
133.5
133.5
132.75
132.75
132.5
132.5
133.5
133.5
133.5
133.5
133.5
133.5
133.5
133.5
133.25
133.25
132.75
132.75
131.75
131.75
130.25
130.25
129.5
128.75
128.75
127.5
127.5
128.0
128.0
128.75
128.75
129.25
129.25
129.0
129.0
129.0
129.0
128.5
128.5
128.5
128.5
128.5
128.0
128.0
128.0
128.0
128.75
128.75
128.5
126.25
126.25
126.75
126.75
125.75
125.75
125.0
125.0
125.75
125.75
125.75
125.75
125.75
125.75
125.75
125.75
125.75
125.75
125.75
125.75
126.0
126.0
126.0
126.0
126.94444444444444
127.88888888888889
128.83333333333334
129.77777777777777
130.72222222222223
131.66666666666666
132.61111111111111
133.55555555555554
134.5
135.44444444444446
136.38888888888889
137.33333333333334
138.27777777777777
139.22222222222223
140.16666666666666
141.11111111111111
142.05555555555554
143.0
143.0
143.0
143.25
146.0
146.0
146.0
146.0
146.0
146.0
146.0
145.75
148.0
147.875
147.75
147.75
147.75
147.75
147.75
147.75
148.0
148.0
148.0
147.75
147.45833333333334
147.16666666666666
146.875
146.58333333333334
146.29166666666666
146.0
145.70833333333334
145.41666666666666
145.125
144.83333333333334
144.54166666666666
144.25
143.95833333333334
143.66666666666666
143.375
143.08333333333334
142.79166666666666
142.5
142.20833333333334
141.91666666666666
141.625
141.33333333333334
141.04166666666666
140.75
140.45833333333334
140.16666666666666
139.875
139.58333333333334
139.29166666666666
139.0
139.0
139.5
136.0
136.0
139.0
139.0
138.75
139.5
139.5
139.0
139.0
140.75
139.75
139.75
139.75
139.75
138.25
138.25
138.25
138.25
138.25
138.25
138.25
138.5
138.5
138.25
148.0
148.0
151.75
151.75
151.75
151.75
151.75
151.75
151.75
151.75
151.75
151.75
152.0
146.6
141.2
135.8
130.4
125.0
125.0
124.5
124.5
122.25
122.25
122.25
122.25
119.5
119.5
119.25
119.25
119.25
119.25
119.0
119.0
119.5
119.5
118.75
118.75
118.75
118.5
118.5
118.0
118.0
117.0
117.0
115.5
115.5
115.75
115.75
117.75
117.75
118.25
118.25
119.5
119.5
122.25
122.25
122.0
122.0
122.75
123.5
123.5
124.5
124.5
125.25
125.25
125.0
125.0
123.0
123.0
121.5
121.5
119.5
119.5
119.5
116.75
116.75
119.0
119.0
121.75
121.75
122.5
122.5
123.25
123.25
123.75
123.5
123.5
124.5
124.5
123.5
123.5
123.5
123.5
123.5
123.5
123.5
123.5
123.5
123.5
125.0
125.0
126.0
126.0
126.75
126.75
126.75
126.75
126.75
126.75
127.0
126.75
126.75
129.0
129.0
130.25
130.25
129.75
129.75
128.25
126.25
126.25
124.0
124.0
124.0
124.0
123.25
123.25
123.25
123.25
123.0
123.0
123.0
123.0
123.0
123.0
123.0
123.0
123.0
123.0
122.75
122.75
123.0
123.0
123.0
128.0
128.0
129.0
129.0
127.75
127.75
128.0
128.0
128.0
128.0
125.75
125.75
128.0
128.0
129.75
129.75
130.25
130.25
129.25
129.25
131.0
131.0
131.5
131.5
133.0
133.0
133.25
133.25
133.0
133.0
133.25
133.0
133.0
133.5
133.5
132.5
132.5
132.75
132.75
132.5
132.0
132.0
131.5
131.5
129.5
129.5
129.75
129.75
132.0
132.0
132.0
132.0
132.0
132.0
132.0
132.0
132.0
132.0
131.75
131.75
132.0
132.0
130.0
130.0
128.75
126.0
126.0
126.0
118.5
118.5
120.75
120.75
124.5
124.5
124.5
124.5
125.25
125.25
125.25
125.25
126.25
126.25
126.25
126.25
126.25
126.25
126.25
126.5
126.5
134.5
134.5
134.25
134.25
134.5
134.0
134.0
134.25
133.5
133.5
133.0
133.0
132.75
132.75
131.75
131.25
131.25
131.25
131.25
130.5
130.5
130.75
130.75
130.75
130.75
130.5
130.0
130.0
130.25
130.25
130.75
130.75
131.5
131.5
131.5
131.5
131.5
132.0
132.0
132.25
132.25
133.5
133.5
134.0
134.5
134.5
134.5
134.5
134.75
134.75
135.0
135.75
135.75
136.25
136.25
137.5
137.5
140.75
142.75
142.75
142.5
142.5
143.25
146.0
146.0
145.25
145.25
145.0
143.75
143.75
144.25
144.25
143.75
145.25
145.25
147.0
147.0
147.0
147.0
147.0
147.0
147.0
146.75
146.75
146.75
146.75
146.75
146.75
146.75
146.75
154.75
154.75
154.75
154.75
154.75
154.75
148.75
147.0
147.0
146.75
146.75
146.75
146.75
146.25
147.5
147.5
147.25
147.25
145.0
145.0
140.75
134.25
134.25
131.5
131.5
125.0
125.0
120.75
120.75
120.75
120.75
118.25
118.25
118.75
118.75
119.75
119.75
120.0
122.25
122.25
125.25
125.25
126.75
126.75
129.0
130.75
130.75
132.0
132.0
133.0
133.0
134.25
135.5
135.5
135.75
135.75
136.75
136.75
136.75
138.0
138.0
138.0
138.0
139.0
139.0
138.25
138.5
138.5
138.5
138.5
137.5
137.5
135.5
135.75
135.75
135.75
135.75
134.0
134.0
134.25
134.25
133.5
133.5
132.25
132.25
132.5
133.0
133.0
133.75
133.75
134.75
134.75
134.75
134.75
134.75
134.75
135.0
135.0
134.75
134.75
134.5
134.25
134.25
133.75
133.25
133.25
133.25
133.25
132.75
132.75
132.25
132.25
133.0
133.0
131.0
131.0
131.0
131.0
130.75
130.75
134.25
134.25
136.75
136.75
136.75
138.5
138.5
136.5
136.5
135.75
135.75
135.0
135.0
135.0
135.0
134.5
134.5
134.25
134.25
131.5
130.25
130.25
131.5
131.5
131.5
131.5
132.0
132.0
132.0
132.0
132.0
132.0
132.0
132.0
132.0
132.0
132.0
132.0
132.0
131.75
132.0
132.61904761904762
133.23809523809524
133.85714285714286
134.47619047619048
135.0952380952381
135.71428571428572
136.33333333333334
136.95238095238096
137.57142857142858
138.1904761904762
138.8095238095238
139.42857142857142
140.04761904761904
140.66666666666666
141.28571428571428
141.9047619047619
142.52380952380952
143.14285714285714
143.76190476190476
144.38095238095238
145.0
151.5
151.5
149.5
151.0
151.0
152.25
157.5
157.5
150.75
150.75
156.0
151.25
151.25
154.25
156.75
156.75
156.25
154.75
154.75
158.75
158.0
160.75
160.75
160.25
157.75
157.75
160.5
160.5
158.5
158.5
160.5
162.25
162.25
162.25
162.25
162.25
162.5
162.5
162.5
162.5
162.5
162.5
162.5
162.5
161.5
160.5
159.5
158.5
157.5
156.5
156.5
161.25
161.25
155.0
153.75
153.75
153.75
159.25
156.5
152.5
152.5
153.75
153.75
151.75
150.75
150.75
155.25
155.5
155.5
155.25
152.25
152.25
152.25
152.25
152.25
152.25
152.5
152.5
152.5
152.5
152.5
152.5
152.5
152.5
152.5
152.5
153.75
155.0
156.25
157.5
158.75
160.0
160.0
160.0
160.0
160.0
160.0
160.0
159.75
159.75
159.75
159.75
159.75
160.125
160.5
160.875
161.25
161.625
162.0
161.25
161.25
163.5
162.0
162.0
160.25
161.0
161.0
161.0
159.0
159.0
160.25
160.25
160.25
160.25
160.25
160.25
160.25
160.5
160.5
160.25
160.25
160.25
162.25
164.0
164.0
153.75
157.0
157.0
159.5
159.5
159.5
148.75
148.75
148.75
145.75
145.75
145.75
145.75
145.75
145.75
145.75
145.75
146.0
146.0
146.0
146.0
138.5
140.0
140.0
139.5
139.5
143.25
144.25
144.25
147.0
147.0
147.5
148.75
148.75
149.25
152.25
152.25
153.5
155.5
155.5
156.25
155.0
155.0
158.0
160.75
160.75
160.25
160.25
160.25
160.25
160.25
160.5
160.25
160.25
160.75
159.0
159.0
159.0
159.0
159.0
159.0
159.0
159.0
159.0
159.0
159.0
159.0
159.0
159.0
159.0
159.0
158.32291666666666
157.64583333333334
156.96875
156.29166666666666
155.61458333333334
154.9375
154.26041666666666
153.58333333333334
152.90625
152.22916666666666
151.55208333333334
150.875
150.19791666666666
149.52083333333334
148.84375
148.16666666666666
147.48958333333334
146.8125
146.13541666666666
145.45833333333334
144.78125
144.10416666666666
143.42708333333334
142.75
137.5
137.5
133.5
133.5
132.0
132.0
132.0
129.5
129.5
130.25
128.75
128.75
129.5
129.5
129.5
129.5
129.5
129.5
129.25
129.25
129.25
129.5
129.25
126.02777777777777
122.80555555555556
119.58333333333333
116.36111111111111
113.13888888888889
109.91666666666667
106.69444444444444
103.47222222222223
100.25
100.25
100.5
100.5
100.5
101.25
101.25
101.25
102.0
102.0
103.0
103.0
103.5
103.5
103.5
104.0
104.0
105.75
105.75
108.0
108.0
108.0
108.0
107.75
107.75
107.75
107.25
107.25
106.25
106.25
106.75
106.75
107.75
107.75
109.75
109.75
117.25
117.25
117.25
117.25
115.75
115.75
116.0
116.0
115.75
115.75
115.75
116.0
116.0
116.0
116.0
116.0
115.75
114.76388888888889
113.77777777777777
112.79166666666667
111.80555555555556
110.81944444444444
109.83333333333333
108.84722222222223
107.86111111111111
106.875
105.88888888888889
104.90277777777777
103.91666666666667
102.93055555555556
101.94444444444444
100.95833333333333
99.97222222222223
98.98611111111111
98.0
98.0
98.75
98.75
99.25
99.25
99.25
99.0
99.0
99.0
99.0
99.0
99.75
99.75
99.25
99.25
99.5
99.25
99.25
99.25
98.75
98.75
98.75
98.75
98.75
99.0
99.0
98.5
98.5
99.25
99.25
99.25
99.0
99.0
99.5
99.5
99.5
100.0
100.0
100.0
100.0
100.0
100.0
100.0
100.0
99.75
100.0
100.0
99.75
99.75
99.75
99.75
99.75
99.75
99.75
99.75
99.75
99.75
99.75
99.75
99.75
99.75
99.75
99.75
100.5
100.5
100.5
100.5
101.25
101.25
101.25
99.75
99.75
99.5
99.5
99.0
99.0
99.0
100.0
100.0
100.5
100.5
100.75
100.75
100.75
100.75
100.75
100.5
100.5
101.25
101.25
100.0
100.0
100.0
100.75
100.75
100.5
100.5
100.5
101.75
101.75
101.75
101.25
101.25
101.75
101.75
101.75
101.75
101.75
101.75
101.75
101.25
101.25
102.25
102.25
102.25
102.25
102.25
102.25
102.25
102.5
102.5
102.5
102.5
102.5
104.0
104.0
101.75
101.75
101.75
104.0
104.0
107.0
107.0
108.0
108.0
109.25
109.25
109.25
109.25
109.25
109.75
109.75
109.75
85.0
85.0
85.0
85.0
85.0
85.0
85.0
85.0
85.0
85.0
85.0
85.0
88.225
91.45
94.675
97.9
101.125
104.35
107.575
110.8
114.025
117.25
117.25
115.75
115.75
114.5
114.5
113.5
113.5
113.25
113.25
113.5
113.5
113.5
113.25
113.25
112.75
112.75
112.0
110.0
110.0
110.0
110.0
110.0
110.0
110.0
110.0
109.75
109.75
109.75
110.0
110.0
100.5
100.5
103.0
103.0
104.5
104.5
104.5
114.0
109.0
109.0
109.5
109.5
110.5
110.5
110.5
110.5
110.5
110.5
110.5
110.5
93.75
93.75
92.5
92.5
91.25
91.25
97.0
97.5
97.5
97.5
98.5
98.5
99.25
99.25
99.25
99.25
99.25
99.5
99.5
100.0
100.0
113.5
115.0
115.0
115.75
115.75
115.75
115.75
115.75
114.5
114.5
111.75
111.75
108.5
108.5
107.75
107.75
107.75
107.5
107.5
106.5
106.5
105.5
105.5
104.0
104.0
104.0
104.0
104.0
104.0
104.0
103.75
103.75
98.75
98.75
99.0
99.0
99.25
99.5
99.5
99.5
100.5
100.5
99.5
99.5
101.75
101.75
101.75
101.75
101.75
101.75
120.5
124.5
124.5
124.5
124.5
115.0
115.0
115.0
115.0
115.0
115.0
115.0
115.0
115.0
114.75
114.75
114.75
114.75
115.0
115.0
115.0
115.0
116.625
118.25
119.875
121.5
123.125
124.75
126.375
128.0
128.0
126.25
126.25
124.0
124.0
124.0
111.0
111.0
111.0
104.5
104.5
104.0
104.0
104.5
104.5
102.75
102.75
102.75
102.75
102.75
102.75
102.75
102.75
102.75
102.75
102.75
102.75
114.0
114.0
114.0
113.0
113.0
113.5
113.5
115.0
115.0
115.0
117.5
117.5
117.5
117.5
117.25
117.25
117.25
117.5
117.5
117.75
117.75
118.5
118.5
118.5
118.25
118.5
118.5
118.5
118.5
118.5
118.5
118.5
118.5
122.6
126.7
130.8
134.9
139.0
143.1
147.2
151.3
155.4
159.5
159.5
158.25
161.0
161.0
157.25
159.25
159.25
159.25
156.5
156.5
162.75
163.5
163.5
163.5
163.5
163.5
163.5
163.5
163.5
163.5
163.5
163.5
163.5
163.5
163.5
163.5
163.5
163.4453125
163.390625
163.3359375
163.28125
163.2265625
163.171875
163.1171875
163.0625
163.0078125
162.953125
162.8984375
162.84375
162.7890625
162.734375
162.6796875
162.625
162.5703125
162.515625
162.4609375
162.40625
162.3515625
162.296875
162.2421875
162.1875
162.1328125
162.078125
162.0234375
161.96875
161.9140625
161.859375
161.8046875
161.75
161.75
162.75
164.25
164.25
165.0
162.5
166.5
166.5
166.25
164.75
164.75
167.5
167.5
167.5
167.5
167.5
167.5
167.5
167.5
167.5
167.5
167.5
167.5
167.26785714285714
167.03571428571428
166.80357142857142
166.57142857142858
166.33928571428572
166.10714285714286
165.875
165.64285714285714
165.41071428571428
165.17857142857142
164.94642857142858
164.71428571428572
164.48214285714286
164.25
164.01785714285714
163.78571428571428
163.55357142857142
163.32142857142858
163.08928571428572
162.85714285714286
162.625
162.39285714285714
162.16071428571428
161.92857142857142
161.69642857142858
161.46428571428572
161.23214285714286
161.0
161.0
162.0
162.75
162.75
160.75
160.75
160.75
160.75
160.75
160.75
161.0
161.0
161.0
161.0
161.0
161.0
160.75
161.26612903225808
161.78225806451613
162.2983870967742
162.81451612903226
163.33064516129033
163.84677419354838
164.36290322580646
164.8790322580645
165.3951612903226
165.91129032258064
166.42741935483872
166.94354838709677
167.45967741935485
167.9758064516129
168.49193548387098
169.00806451612902
169.5241935483871
170.04032258064515
170.55645161290323
171.07258064516128
171.58870967741936
172.1048387096774
172.6209677419355
173.13709677419354
173.65322580645162
174.16935483870967
174.68548387096774
175.2016129032258
175.71774193548387
176.23387096774192
176.75
178.25
178.25
178.25
180.25
180.25
179.75
181.75
180.75
180.75
180.25
180.25
180.25
179.25
179.25
179.25
179.25
179.25
179.25
179.25
179.25
179.25
179.25
179.25
178.25
178.25
179.25
179.25
179.25
179.5
179.25
179.25
179.5
179.25
179.25
179.5
175.75
172.0
168.25
164.5
160.75
157.0
153.25
153.5
153.5
153.5
156.0
156.0
157.25
156.5
156.5
158.5
157.75
157.75
152.5
152.5
152.5
152.5
152.5
152.5
152.25
152.25
152.5
152.5
152.5
152.5
149.9659090909091
147.4318181818182
144.89772727272728
142.36363636363637
139.82954545454547
137.29545454545453
134.76136363636363
132.22727272727272
129.6931818181818
127.1590909090909
124.625
122.0909090909091
119.55681818181819
117.02272727272727
114.48863636363636
111.95454545454545
109.42045454545455
106.88636363636364
104.35227272727272
101.81818181818181
99.2840909090909
96.75
96.75
96.75
99.5
99.5
99.5
99.5
99.5
99.5
99.5
99.5
99.25
99.25
99.25
99.5
99.5
99.25
110.8
122.35
133.9
145.45
157.0
157.0
152.75
145.0
145.0
145.0
145.0
145.0
145.0
144.75
144.75
144.75
145.0
145.0
145.0
138.33333333333334
131.66666666666666
125.0
118.33333333333333
111.66666666666667
105.0
105.0
104.25
104.25
104.0
104.0
104.0
100.0
100.0
98.25
98.25
99.5
99.5
92.75
92.75
92.25
92.25
92.25
92.25
90.5
90.5
92.25
92.25
94.75
94.75
94.5
94.5
95.0
95.0
95.0
95.0
95.0
94.75
94.75
94.75
94.25
94.25
94.75
94.75
94.75
95.0
95.0
95.0
95.0
95.75
95.75
95.75
95.0
95.0
96.0
96.0
96.0
96.25
96.25
96.5
96.5
97.0
97.0
97.0
97.0
97.25
97.25
98.25
98.25
98.5
98.5
98.5
97.75
97.75
98.25
98.25
98.75
98.75
97.5
97.5
97.75
97.75
97.5
97.5
97.5
97.75
97.75
97.75
98.5
98.5
98.5
98.5
98.5
98.5
98.5
98.5
98.5
98.5
98.5
98.5
98.84615384615384
99.1923076923077
99.53846153846153
99.88461538461539
100.23076923076923
100.57692307692308
100.92307692307692
101.26923076923077
101.61538461538461
101.96153846153847
102.3076923076923
102.65384615384616
103.0
103.0
103.0
103.0
103.0
103.0
103.0
103.0
103.0
103.0
103.0
103.0
103.0
103.0
103.0
103.0
103.0
103.0
103.0
103.0
103.0
