142.75
142.75
142.75
144.25
144.25
142.75
143.5
143.5
142.75
142.75
143.5
144.25
144.25
144.25
144.25
145.0
145.0
145.0
142.75
142.75
144.25
143.5
143.5
143.5
143.5
143.5
143.5
142.75
142.75
142.75
142.25
142.25
140.75
140.25
140.25
140.25
140.25
141.5
140.25
140.25
139.0
139.0
137.0
137.0
135.25
135.75
135.75
137.0
137.0
134.5
134.5
137.0
139.5
139.5
140.25
140.25
140.25
140.25
140.75
140.25
140.25
140.75
140.75
142.25
142.25
142.75
141.5
141.5
142.75
142.25
142.25
143.5
143.5
143.5
143.5
143.5
142.75
142.75
142.75
142.25
142.25
140.75
140.75
140.25
140.25
140.25
142.25
142.25
141.5
141.5
142.25
143.5
143.5
143.5
143.5
145.0
145.0
145.0
146.25
146.25
147.0
147.0
147.0
147.0
147.0
145.75
142.25
142.25
141.5
141.5
144.25
142.25
142.25
137.5
137.5
134.5
134.5
136.25
134.5
134.5
136.25
136.25
135.25
135.25
135.25
134.0
134.0
135.25
135.25
135.75
135.75
136.25
136.25
136.25
135.75
135.75
135.25
135.25
132.75
132.75
135.75
135.75
135.75
135.75
135.75
134.5
134.5
132.75
132.75
134.5
131.5
131.5
134.5
134.5
133.25
133.25
132.25
132.25
130.5
132.75
132.75
134.5
134.5
135.75
135.75
137.5
139.0
139.0
139.0
139.0
140.25
140.25
140.75
142.25
142.25
142.25
142.25
140.75
142.25
142.25
140.75
140.75
141.5
139.5
139.5
139.5
139.5
140.25
140.25
140.75
139.5
139.5
139.5
139.5
139.0
139.5
139.5
138.25
138.25
138.25
138.25
137.5
138.25
138.25
139.5
139.5
139.0
139.0
140.25
141.5
141.5
141.5
141.5
143.5
143.5
143.5
145.0
145.0
144.25
146.25
146.25
145.0
145.0
144.25
144.25
144.25
143.5
143.5
144.25
144.25
144.25
144.25
144.25
145.0
145.75
145.75
145.75
145.75
146.25
147.0
147.0
147.75
147.0
147.0
146.25
146.25
144.25
142.75
142.75
143.5
143.5
142.25
144.25
144.25
140.75
140.75
143.5
143.5
143.5
144.25
144.25
144.25
144.25
144.25
145.0
145.0
145.0
145.0
145.0
143.5
143.5
142.75
144.25
144.25
143.5
143.5
145.0
144.25
144.25
146.25
146.25
146.25
145.75
145.75
146.25
146.25
145.75
146.25
146.25
144.25
144.25
142.75
143.5
143.5
141.5
141.5
140.75
140.25
140.25
141.5
141.5
142.25
142.25
142.25
140.25
140.25
140.25
140.25
142.25
142.25
142.25
142.75
142.75
142.75
142.75
142.75
142.75
142.75
142.75
139.5
139.5
136.25
136.25
138.25
138.25
139.0
140.25
140.25
138.25
138.25
140.25
140.25
139.5
139.5
139.5
131.0
131.0
132.25
132.25
133.25
135.25
135.25
135.25
135.25
136.25
136.25
135.25
135.25
131.5
128.75
128.75
129.25
129.25
132.75
132.75
135.75
135.75
138.25
139.5
139.5
139.5
141.5
142.25
144.25
144.25
145.0
145.0
147.0
147.75
147.75
147.75
147.75
149.25
150.0
150.0
150.0
148.5
148.5
146.25
146.25
147.75
147.0
147.0
141.5
141.5
142.75
144.25
144.25
143.5
143.5
145.0
144.25
144.25
144.25
144.25
144.25
145.0
145.0
145.0
145.0
145.0
145.0
145.0
143.5
143.5
145.75
145.75
145.75
145.75
145.75
145.0
145.75
145.75
146.25
146.25
146.25
146.25
146.25
145.75
144.25
144.25
145.75
145.75
145.0
145.0
145.0
146.25
146.25
146.25
145.0
145.75
145.75
145.75
145.0
145.75
145.75
145.75
145.75
146.25
146.25
146.25
147.0
149.25
149.25
148.5
148.5
150.0
149.25
149.25
150.75
148.5
148.5
147.75
147.75
147.75
146.25
146.25
147.0
147.0
146.25
146.25
146.25
145.75
145.75
146.25
145.75
145.75
145.75
145.75
145.75
146.25
146.25
145.75
145.0
145.0
145.0
145.0
145.0
145.75
145.75
145.75
145.75
146.25
146.25
146.25
147.0
147.0
145.75
145.75
145.75
145.75
145.75
145.0
145.75
145.75
145.75
145.75
145.75
146.25
146.25
145.75
146.25
146.25
146.25
146.25
145.0
144.25
144.25
145.0
145.0
142.75
144.25
144.25
144.25
144.25
140.75
137.5
137.5
138.25
138.25
139.5
139.5
140.75
141.5
141.5
142.25
142.25
142.75
144.25
144.25
145.0
145.0
146.25
147.0
147.0
147.75
147.75
149.25
148.5
148.5
149.25
149.25
149.25
150.0
150.0
150.0
150.75
150.75
150.0
149.25
149.25
145.0
145.0
140.25
140.25
140.25
141.5
141.5
140.75
140.75
142.75
142.75
142.75
142.75
142.75
140.25
142.75
142.75
144.25
144.25
144.25
142.75
142.75
142.25
142.25
141.5
142.25
142.25
143.5
143.5
144.25
144.25
144.25
145.75
145.75
145.0
145.75
145.75
147.0
147.0
146.25
145.75
145.75
146.25
146.25
145.0
145.75
145.75
145.75
146.25
146.25
146.25
146.25
146.25
143.5
143.5
145.75
145.75
145.75
145.75
145.75
145.75
145.75
144.25
144.25
144.25
144.25
144.25
142.75
142.25
142.25
142.75
142.75
142.75
144.25
144.25
145.75
145.75
145.75
147.0
147.0
147.75
147.75
149.25
150.0
150.0
150.0
149.25
149.25
150.0
150.0
147.75
147.75
147.75
145.75
145.75
144.25
145.0
145.0
146.25
146.25
146.25
147.0
147.0
145.75
146.25
146.25
147.0
147.0
147.0
147.0
147.0
146.25
146.25
145.75
147.0
147.0
142.25
142.25
144.25
141.5
141.5
142.75
142.75
142.25
140.75
140.75
141.5
141.5
142.25
142.25
142.25
142.25
142.25
142.25
142.25
142.25
142.25
142.25
142.75
142.75
142.25
143.5
143.5
143.5
143.5
143.5
142.75
142.75
140.75
140.75
143.5
142.75
142.75
143.5
143.5
144.25
144.25
144.25
145.75
145.75
145.75
146.25
146.25
146.25
147.75
147.75
147.0
147.0
147.0
147.0
147.0
145.75
145.75
146.25
145.0
145.0
145.75
145.75
144.25
144.25
144.25
142.75
142.75
143.5
142.75
142.75
140.25
140.25
142.25
142.75
142.75
142.25
142.25
143.5
145.0
145.0
145.0
145.0
144.25
145.75
145.75
145.75
145.75
147.0
145.75
145.75
145.75
145.75
145.75
145.75
145.75
144.25
144.25
145.75
145.75
145.75
146.25
146.25
145.0
146.25
146.25
146.25
146.25
146.25
145.0
145.0
145.75
142.75
142.75
144.25
144.25
144.25
143.5
143.5
144.25
144.25
143.5
144.25
144.25
143.5
143.5
145.0
145.75
145.75
145.0
145.0
145.0
145.0
145.0
145.75
145.75
145.75
146.25
146.25
146.25
146.25
147.0
147.0
147.0
147.0
145.0
145.0
144.25
144.25
144.25
144.25
144.25
144.25
144.25
144.25
143.5
143.5
143.5
143.5
144.25
144.25
144.25
143.5
143.5
145.0
143.5
143.5
143.5
143.5
144.25
145.0
145.0
145.0
145.0
145.0
145.0
145.0
145.75
145.75
145.0
145.75
145.75
144.25
144.25
145.0
145.0
145.0
145.0
145.0
144.25
145.0
145.0
145.75
145.75
145.75
146.25
146.25
147.0
147.0
147.75
147.75
147.75
148.5
148.5
148.5
148.5
148.5
148.5
147.0
147.0
145.75
145.75
145.75
145.0
145.0
145.0
145.0
145.0
145.0
145.0
145.0
143.5
143.5
145.0
145.0
142.75
142.75
142.75
142.75
142.75
144.25
144.25
142.75
144.25
144.25
144.25
144.25
145.0
145.0
145.0
146.25
146.25
146.25
147.0
147.0
147.75
147.75
148.5
149.25
149.25
149.25
148.5
149.25
147.75
147.75
149.25
149.25
149.25
149.25
148.5
148.5
146.25
147.0
147.0
147.75
147.75
146.25
147.0
147.0
147.0
147.0
146.25
146.25
146.25
146.25
147.0
146.25
145.0
145.0
145.75
145.75
145.0
145.0
145.75
145.75
146.25
146.25
147.0
147.0
147.0
147.75
147.75
145.75
145.75
147.0
147.75
147.75
147.0
147.0
145.75
146.25
146.25
147.0
146.25
146.25
146.25
146.25
145.75
147.0
147.0
147.0
147.0
146.25
147.0
147.0
147.75
147.75
147.75
146.25
146.25
145.75
146.25
146.25
145.75
145.75
145.75
145.75
145.75
145.0
145.0
146.25
145.0
145.0
145.0
145.0
145.0
145.75
145.75
143.5
143.5
145.0
144.25
144.25
145.0
145.0
145.0
145.0
145.0
145.75
145.75
145.75
146.25
146.25
146.25
146.25
146.25
145.75
145.75
147.0
146.25
146.25
146.25
146.25
146.25
147.0
147.0
147.0
147.0
147.0
147.75
147.75
147.75
148.5
148.5
148.5
148.5
149.25
149.25
149.25
150.0
149.25
149.25
148.5
148.5
149.25
148.5
148.5
147.0
147.0
147.75
147.75
147.0
147.0
146.25
146.25
145.75
145.75
144.25
145.0
145.0
145.0
145.0
145.75
145.0
145.0
145.75
145.75
145.0
145.75
145.75
145.75
145.75
147.0
146.25
146.25
146.25
146.25
147.0
147.0
147.0
147.0
146.25
146.25
147.0
147.0
147.0
145.0
145.0
144.25
144.25
145.0
144.25
144.25
142.75
142.75
144.25
143.5
143.5
142.75
142.75
144.25
145.0
145.0
145.0
145.0
145.75
146.25
146.25
146.25
146.25
147.0
145.0
145.0
146.25
146.25
146.25
146.25
146.25
146.25
145.75
145.75
146.25
146.25
147.0
146.25
146.25
147.75
147.75
147.0
147.0
147.0
146.25
146.25
145.75
145.75
145.75
144.25
144.25
144.25
144.25
144.25
144.25
144.25
142.25
142.25
142.25
142.25
142.25
140.75
135.75
135.75
140.75
140.75
141.5
142.25
142.25
142.75
142.75
142.75
144.25
145.75
146.25
146.25
147.0
147.0
147.0
147.75
147.75
147.0
147.0
147.0
147.0
147.0
147.75
147.0
147.0
148.5
148.5
148.5
149.25
149.25
150.0
150.75
150.75
151.5
152.25
152.25
153.0
153.0
153.0
153.75
153.75
154.75
156.25
156.25
156.25
157.0
157.0
157.0
157.0
158.75
158.0
159.5
159.5
159.5
159.5
159.5
159.5
160.5
160.5
158.75
160.5
160.5
159.5
160.5
160.5
160.5
160.5
160.5
160.5
159.5
159.5
160.5
159.5
159.5
158.75
157.0
157.0
158.0
153.0
153.0
153.75
153.75
153.0
153.0
151.5
151.5
151.5
151.5
150.75
150.75
150.75
150.75
150.75
150.75
150.0
150.0
148.5
146.25
146.25
144.25
144.25
145.0
146.25
146.25
146.25
146.25
145.75
145.75
145.75
147.0
147.0
146.25
145.0
145.0
145.75
145.75
144.25
145.75
145.75
145.0
145.0
145.0
143.5
143.5
142.25
142.25
144.25
144.25
143.5
143.5
143.5
143.5
145.0
145.0
145.75
145.75
146.25
147.75
147.75
147.75
149.25
149.25
147.75
147.75
149.25
148.5
148.5
147.75
147.75
147.75
147.75
147.75
146.25
146.25
146.25
146.25
146.25
145.75
145.0
145.0
146.25
146.25
145.0
145.75
145.75
146.25
146.25
145.75
145.75
145.75
145.75
145.75
145.75
145.75
145.75
145.75
146.25
146.25
146.25
146.25
145.75
145.75
145.75
145.0
145.0
146.25
147.0
147.0
146.25
146.25
147.75
147.0
147.0
147.0
147.0
147.0
147.75
147.75
148.5
148.5
148.5
148.5
148.5
148.5
148.5
148.5
147.75
148.5
148.5
147.75
147.75
147.75
147.75
147.75
147.75
147.75
148.5
148.5
148.5
147.75
147.75
147.75
147.75
147.75
148.5
147.0
147.0
147.75
147.75
147.0
147.75
147.75
147.75
148.5
148.5
148.5
148.5
146.25
145.0
145.0
142.25
142.25
141.5
142.25
142.25
139.5
139.5
138.25
138.25
138.25
139.0
139.0
140.25
140.25
139.5
141.5
141.5
141.5
141.5
142.75
142.75
140.25
142.75
142.75
143.5
143.5
142.75
142.75
142.75
142.75
142.75
141.5
142.75
142.75
143.5
143.5
143.5
144.25
144.25
145.0
145.0
145.0
145.75
145.75
145.0
145.0
143.5
145.0
145.0
143.5
143.5
142.75
144.25
144.25
142.75
142.75
142.25
141.5
141.5
139.5
139.5
134.5
134.5
133.25
137.0
137.0
139.0
139.0
135.75
135.75
137.5
137.5
137.5
137.5
137.5
138.25
138.25
135.25
137.0
137.0
137.5
137.5
137.0
137.0
137.5
139.0
139.0
137.5
137.5
137.5
137.5
139.0
140.25
140.25
140.25
140.25
140.25
141.5
141.5
140.25
140.25
139.5
139.5
137.5
138.25
138.25
136.25
136.25
139.0
139.0
139.5
137.5
137.5
138.25
138.25
137.5
139.5
139.5
140.25
140.25
140.75
140.75
142.25
143.5
143.5
144.25
144.25
145.0
143.5
143.5
143.5
143.5
143.5
143.5
143.5
142.75
142.75
143.5
145.0
145.0
144.25
144.25
145.75
145.75
145.75
145.75
145.75
141.5
140.25
140.25
137.5
137.5
137.5
137.5
137.5
134.5
134.5
134.5
134.5
134.5
134.5
135.25
135.75
135.75
135.25
135.25
137.0
137.0
139.0
140.25
140.25
140.25
140.25
140.75
141.5
141.5
140.25
140.25
142.25
142.25
142.25
142.25
142.25
142.25
142.25
140.25
142.25
142.25
141.5
141.5
140.75
141.5
141.5
141.5
141.5
141.5
141.5
140.75
141.5
141.5
141.5
141.5
139.5
139.5
139.5
138.25
138.25
139.0
139.0
138.25
139.5
139.5
140.75
140.75
141.5
140.75
140.75
140.25
140.25
139.0
139.0
140.25
140.75
140.75
140.25
140.25
140.75
140.75
140.75
140.75
140.75
141.5
141.5
141.5
140.75
140.75
140.25
140.25
140.75
139.5
139.5
139.5
139.5
140.25
139.5
139.5
140.25
140.25
139.5
139.5
140.25
139.5
139.5
139.5
139.5
140.25
140.75
140.75
141.5
141.5
142.25
142.25
141.5
142.75
142.75
142.25
142.25
142.75
139.0
139.0
140.25
140.25
140.25
140.25
140.25
140.75
140.75
140.75
140.75
137.0
138.25
138.25
137.5
137.5
137.0
137.0
138.25
138.25
138.25
139.0
139.0
139.0
139.5
139.5
139.5
139.5
139.0
139.0
140.75
140.75
140.75
140.25
140.25
140.75
141.5
141.5
142.75
142.75
141.5
141.5
142.25
143.5
143.5
143.5
143.5
142.25
141.5
141.5
141.5
141.5
139.5
139.5
139.5
140.25
140.25
139.0
139.0
139.0
140.25
140.25
140.75
140.75
139.0
140.75
140.75
142.25
142.25
140.25
140.25
140.75
140.25
140.25
142.25
142.25
141.5
141.5
141.5
142.25
142.25
140.75
141.5
141.5
140.25
140.25
139.5
139.5
139.5
139.0
139.0
139.0
139.0
140.75
141.5
141.5
141.5
141.5
142.25
141.5
141.5
141.5
141.5
142.25
142.25
142.25
143.5
143.5
142.75
142.75
140.25
137.0
137.0
136.25
136.25
132.75
132.75
132.75
132.75
134.5
135.75
135.75
135.75
135.75
138.25
138.25
140.25
141.5
141.5
142.75
142.75
143.5
144.25
144.25
143.5
143.5
143.5
145.0
145.0
145.0
145.0
145.0
143.5
143.5
143.5
143.5
144.25
144.25
145.0
144.25
144.25
145.0
145.75
145.75
144.25
145.0
145.0
142.75
142.75
142.25
142.25
142.75
141.5
141.5
142.25
142.25
142.25
141.5
141.5
143.5
143.5
143.5
143.5
143.5
145.0
145.0
145.0
145.75
145.75
145.75
145.75
146.25
146.25
146.25
147.0
147.75
147.75
147.75
147.0
147.0
145.75
145.75
147.75
147.75
145.0
147.0
147.0
145.75
145.75
146.25
144.25
144.25
145.0
145.0
145.0
145.0
145.0
145.75
145.75
145.0
144.25
144.25
145.0
145.0
145.0
145.75
145.75
144.25
142.75
142.75
143.5
143.5
143.5
143.5
143.5
142.75
142.75
143.5
143.5
142.75
144.25
144.25
144.25
144.25
145.0
145.0
145.0
145.75
145.75
145.75
145.0
145.0
145.75
145.75
145.75
145.0
145.0
144.25
144.25
144.25
144.25
144.25
143.5
145.0
145.0
145.0
145.0
145.75
146.25
146.25
147.0
147.0
147.0
147.75
147.75
148.5
148.5
148.5
148.5
148.5
148.5
148.5
148.5
147.0
147.0
147.75
147.0
147.0
145.75
145.75
145.75
146.25
146.25
145.75
147.0
147.0
147.0
147.0
147.0
148.5
148.5
147.75
147.75
149.25
149.25
149.25
148.5
150.0
150.0
150.0
150.0
147.75
146.25
146.25
145.75
145.75
145.75
145.0
145.0
143.5
143.5
143.5
143.5
143.5
143.5
143.5
144.25
145.0
145.0
145.75
147.0
147.0
147.75
147.75
148.5
148.5
148.5
149.25
149.25
149.25
147.75
147.75
148.5
149.25
149.25
148.5
148.5
145.75
147.0
147.0
147.75
147.75
147.0
146.25
146.25
147.75
147.75
147.75
147.0
147.0
145.0
145.0
143.5
143.5
143.5
143.5
144.25
144.25
145.0
145.0
144.25
144.25
144.25
146.25
146.25
146.25
147.0
147.0
148.5
149.25
149.25
150.0
150.0
150.75
151.5
151.5
152.25
153.0
153.0
151.5
151.5
150.75
150.75
150.75
150.0
151.5
151.5
150.0
150.0
151.5
150.75
150.75
151.5
150.75
150.75
151.5
150.0
150.0
150.0
150.0
147.75
146.25
146.25
147.75
147.75
147.0
147.0
147.0
147.0
147.0
147.0
144.25
144.25
143.5
143.5
142.75
143.5
143.5
143.5
143.5
140.75
142.75
142.75
141.5
141.5
140.75
141.5
141.5
139.5
139.5
139.5
141.5
141.5
138.25
138.25
140.75
140.75
141.5
142.25
142.25
143.5
143.5
142.75
142.75
142.75
141.5
141.5
139.5
140.25
140.25
140.75
140.75
140.75
140.75
139.5
140.75
140.75
140.75
140.75
140.25
140.25
140.25
141.5
141.5
142.25
142.75
142.75
143.5
143.5
144.25
144.25
143.5
143.5
143.5
144.25
144.25
142.25
144.25
144.25
141.5
141.5
142.75
142.25
142.25
140.75
140.75
140.75
140.75
140.75
140.25
140.25
140.75
140.75
139.5
140.75
140.75
139.5
139.5
140.25
139.5
139.5
139.0
139.0
139.5
139.5
137.5
137.5
137.5
139.0
139.0
140.25
140.75
140.75
142.25
142.25
142.25
143.5
143.5
142.75
142.75
142.25
142.25
141.5
140.75
140.75
142.25
142.25
141.5
140.75
140.75
140.75
140.75
140.25
139.5
139.5
140.25
140.25
140.75
140.75
142.25
142.75
142.75
142.75
142.75
143.5
145.0
145.0
145.75
145.75
146.25
146.25
146.25
146.25
147.0
147.0
147.0
147.0
147.0
147.0
147.0
145.0
145.0
146.25
145.75
145.75
145.75
145.75
145.0
143.5
143.5
143.5
143.5
144.25
143.5
143.5
145.0
145.0
145.75
145.75
145.75
146.25
146.25
147.0
145.75
145.75
144.25
144.25
143.5
143.5
142.25
141.5
141.5
139.5
140.25
140.25
140.25
140.25
140.75
140.75
140.75
141.5
141.5
142.25
142.25
141.5
142.25
142.25
142.25
142.25
140.25
142.25
142.25
143.5
143.5
143.5
143.5
143.5
144.25
144.25
145.0
145.0
145.0
145.0
145.0
145.0
145.0
145.0
143.5
143.5
142.75
142.25
142.25
144.25
144.25
145.0
145.0
145.0
145.75
145.75
146.25
146.25
146.25
146.25
146.25
146.25
146.25
146.25
147.0
147.0
147.0
147.75
147.75
147.0
146.25
146.25
147.75
147.75
147.75
147.0
147.0
147.75
147.0
147.0
145.0
145.0
146.25
145.75
145.75
145.75
145.75
145.0
144.25
144.25
144.25
144.25
144.25
144.25
144.25
144.25
144.25
143.5
143.5
143.5
144.25
144.25
143.5
145.0
145.0
145.0
145.0
145.75
145.0
145.0
144.25
144.25
142.75
143.5
143.5
144.25
144.25
146.25
146.25
146.25
147.75
149.25
149.25
150.0
150.0
150.75
147.75
147.75
147.0
147.0
146.25
147.0
147.0
147.0
146.25
146.25
146.25
146.25
145.75
146.25
146.25
146.25
146.25
145.75
147.0
147.0
146.25
146.25
147.0
147.0
147.0
145.0
145.0
145.75
146.25
146.25
145.0
145.75
145.75
145.0
145.0
147.0
146.25
146.25
146.25
147.0
146.25
147.0
147.0
148.5
148.5
147.0
147.0
147.0
147.75
148.5
148.5
149.25
149.25
149.25
149.25
149.25
149.25
149.25
149.25
150.0
150.0
149.25
149.25
150.0
148.5
150.0
150.0
149.25
149.25
150.0
150.0
150.0
149.25
149.25
149.25
148.5
148.5
148.5
147.0
147.0
147.0
147.0
146.25
146.25
146.25
146.25
146.25
145.75
145.75
145.75
146.25
146.25
144.25
145.0
145.0
145.0
145.0
145.0
144.25
144.25
143.5
144.25
144.25
144.25
144.25
146.25
145.75
145.75
146.25
146.25
145.75
145.75
145.75
145.75
145.75
144.25
145.75
145.75
145.0
145.0
145.0
145.75
145.75
146.25
146.25
146.25
146.25
146.25
145.0
145.0
146.25
147.0
147.0
145.75
145.75
145.75
145.0
145.0
145.75
143.5
143.5
145.75
145.75
144.25
145.0
145.0
145.0
145.0
145.0
143.5
143.5
143.5
143.5
144.25
143.5
143.5
142.25
142.25
139.5
141.5
141.5
140.75
140.75
142.25
142.25
142.25
142.25
142.25
142.75
142.75
142.75
143.5
143.5
145.0
145.0
143.5
143.5
143.5
144.25
144.25
144.25
144.25
144.25
142.75
142.75
143.5
143.5
143.5
143.5
143.5
143.5
142.25
142.25
142.75
142.75
142.25
143.5
143.5
143.5
143.5
142.25
143.5
143.5
142.75
142.75
142.75
142.75
142.75
142.75
142.75
142.75
142.75
142.75
142.25
142.25
141.5
141.5
142.25
142.25
142.25
143.5
143.5
143.5
144.25
144.25
142.75
142.75
142.75
143.5
143.5
143.5
143.5
145.0
145.0
145.0
144.25
144.25
145.0
145.75
145.75
145.0
145.0
145.0
145.0
145.0
145.75
145.75
145.75
145.0
145.0
145.0
146.25
146.25
145.75
145.75
146.25
145.0
145.0
145.75
145.75
145.75
145.75
145.75
145.0
145.0
146.25
145.0
145.0
145.75
145.75
145.75
145.75
145.75
145.0
145.0
145.0
145.75
145.75
145.75
145.75
145.75
146.25
146.25
146.25
146.25
146.25
146.25
146.25
147.0
145.75
145.75
146.25
146.25
146.25
147.75
147.75
147.75
147.0
147.0
147.0
147.0
147.0
147.75
147.75
147.0
147.0
146.25
146.25
146.25
147.0
147.0
146.25
147.0
147.0
146.25
146.25
146.25
145.75
145.75
145.75
145.0
145.0
145.0
145.0
144.25
144.25
144.25
143.5
143.5
143.5
142.75
142.75
142.75
142.75
144.25
145.0
145.0
144.25
144.25
144.25
145.0
145.0
145.0
145.0
146.25
146.25
146.25
147.0
147.0
147.75
147.75
147.75
148.5
147.75
147.75
147.0
147.0
147.0
147.0
147.0
145.75
145.75
145.75
146.25
146.25
145.0
145.0
145.75
142.25
142.25
140.25
140.25
142.25
143.5
143.5
142.25
142.25
143.5
143.5
143.5
144.25
144.25
144.25
144.25
144.25
143.5
143.5
144.25
145.0
145.0
145.75
145.75
146.25
147.0
147.0
147.0
147.0
148.5
148.5
148.5
148.5
148.5
148.5
142.25
142.25
142.25
142.25
142.25
142.25
142.25
142.75
142.75
142.75
143.5
143.5
143.5
143.5
143.5
143.5
143.5
144.25
144.25
145.75
145.75
145.75
145.75
145.0
145.0
145.75
145.75
143.5
144.25
144.25
144.25
144.25
144.25
145.0
145.0
143.5
143.5
145.0
144.25
144.25
145.75
145.75
145.75
147.0
147.0
147.75
147.75
148.5
155.5
155.5
155.5
153.75
152.25
152.25
152.25
153.75
153.75
154.75
154.75
157.0
158.0
159.5
159.5
161.25
160.5
160.5
161.25
162.25
162.25
162.25
163.0
163.0
163.0
162.25
162.25
159.5
158.0
158.0
158.0
158.0
154.75
154.75
154.75
155.5
155.5
155.5
153.75
155.5
155.5
156.25
155.5
155.5
154.75
154.75
154.75
154.75
153.75
153.75
154.75
154.75
154.75
155.5
155.5
156.25
156.25
156.25
157.0
156.25
156.25
155.5
156.25
156.25
155.5
155.5
155.5
154.75
154.75
153.75
153.75
154.75
154.75
155.5
155.5
155.5
155.5
155.5
155.5
155.5
155.5
156.25
157.0
157.0
157.0
158.75
158.75
158.75
158.75
158.75
159.5
161.25
161.25
159.5
159.5
159.5
158.75
161.25
161.25
161.25
161.25
161.25
162.25
163.0
163.0
165.75
165.75
164.75
166.75
165.75
165.75
168.5
167.5
168.5
168.5
169.5
170.5
170.5
170.5
170.5
170.5
169.5
169.5
169.5
169.5
169.5
166.75
166.75
164.75
162.25
162.25
158.75
158.0
158.0
158.75
158.75
158.75
158.0
158.75
158.75
158.0
159.5
159.5
158.75
158.75
158.75
159.5
159.5
159.5
158.75
158.0
158.0
157.0
158.75
158.75
158.75
158.75
158.75
158.75
159.5
160.5
161.25
162.25
162.25
162.25
162.25
162.25
163.0
164.0
164.0
162.25
158.75
158.75
158.0
158.0
158.75
157.0
154.75
154.75
153.75
154.75
154.75
154.75
154.75
154.75
154.75
154.75
157.0
156.25
156.25
158.75
156.25
156.25
158.0
159.5
159.5
160.5
160.5
160.5
162.25
163.0
163.0
164.0
164.75
164.75
164.0
163.0
163.0
162.25
161.25
161.25
161.25
159.5
159.5
157.0
158.0
158.0
158.75
158.75
158.75
158.0
158.75
158.75
158.75
157.0
157.0
158.0
158.0
158.0
157.0
156.25
156.25
157.0
157.0
157.0
157.0
158.0
158.0
158.0
158.75
158.75
159.5
159.5
159.5
160.5
160.5
160.5
160.5
161.25
161.25
161.25
162.25
162.25
161.25
162.25
162.25
161.25
162.25
162.25
160.5
160.5
160.5
159.5
160.5
160.5
159.5
158.75
158.75
160.5
160.5
160.5
160.5
159.5
159.5
160.5
161.25
161.25
162.25
161.25
161.25
162.25
162.25
162.25
163.0
161.25
161.25
160.5
162.25
162.25
162.25
160.5
160.5
161.25
160.5
160.5
161.25
158.75
158.75
155.5
157.0
157.0
158.0
158.75
158.75
158.0
157.0
157.0
158.0
158.75
158.75
159.5
159.5
159.5
161.25
162.25
162.25
164.0
165.75
165.75
165.75
166.75
167.5
167.5
168.5
168.5
168.5
169.5
169.5
169.5
170.5
170.5
171.5
171.5
173.5
172.5
172.5
173.5
173.5
173.5
173.5
174.5
175.5
175.5
175.5
174.5
176.5
176.5
174.5
173.5
171.5
171.5
169.5
167.5
167.5
162.25
159.5
159.5
158.75
158.75
158.75
158.0
156.25
156.25
156.25
155.5
155.5
154.75
154.75
154.75
154.75
154.75
153.75
153.0
153.0
153.0
151.5
151.5
152.25
153.0
153.0
153.0
153.0
153.0
152.25
152.25
152.25
151.5
151.5
151.5
150.75
150.75
151.5
151.5
151.5
153.0
153.0
153.75
154.75
154.75
152.25
153.0
153.0
153.0
153.0
147.75
147.0
147.0
147.75
147.75
148.5
148.5
148.5
149.25
150.0
150.0
152.25
152.25
152.25
153.0
153.0
154.75
154.75
154.75
155.5
155.5
155.5
155.5
157.0
157.0
156.25
156.25
156.25
155.5
155.5
155.5
154.75
154.75
153.75
154.75
154.75
153.0
153.0
153.0
152.25
153.0
153.0
152.25
152.25
151.5
150.75
150.75
151.5
151.5
151.5
150.75
150.75
150.0
150.75
150.75
150.0
151.5
151.5
150.75
150.75
149.25
149.25
149.25
149.25
152.25
152.25
151.5
153.0
153.0
155.5
155.5
156.25
157.0
157.0
158.0
156.25
156.25
157.0
155.5
155.5
154.75
151.5
151.5
151.5
151.5
147.0
145.0
145.0
150.0
150.75
150.75
150.75
150.75
152.25
154.75
154.75
154.75
156.25
156.25
155.5
156.25
156.25
155.5
155.5
155.5
154.75
153.0
153.0
153.0
153.0
152.25
153.0
153.0
151.5
151.5
151.5
152.25
152.25
151.5
151.5
151.5
151.5
150.0
150.0
151.5
151.5
151.5
150.75
150.75
151.5
152.25
152.25
153.0
151.5
151.5
150.75
150.75
151.5
150.75
150.75
150.0
149.25
149.25
151.5
151.5
150.0
151.5
151.5
150.75
152.25
152.25
149.25
151.5
151.5
152.25
152.25
155.5
153.75
153.75
152.25
150.0
150.0
150.0
150.0
147.75
149.25
149.25
150.0
148.5
148.5
149.25
149.25
148.5
148.5
148.5
148.5
147.75
147.75
147.0
147.0
148.5
147.75
147.75
147.0
147.0
147.0
147.0
147.0
147.0
147.75
147.75
148.5
148.5
148.5
148.5
148.5
150.0
150.0
150.75
150.75
150.75
151.5
152.25
152.25
152.25
153.75
153.75
153.75
153.75
153.0
154.75
154.75
154.75
154.75
154.75
153.75
155.5
155.5
154.75
155.5
155.5
154.75
154.75
154.75
154.75
154.75
153.0
153.0
153.0
152.25
153.75
153.75
153.75
152.25
152.25
153.75
153.75
151.5
151.5
151.5
151.5
151.5
151.5
153.0
151.5
151.5
150.75
150.75
150.75
149.25
149.25
150.0
150.75
150.75
151.5
151.5
151.5
152.25
152.25
153.0
153.75
153.75
155.5
155.5
155.5
157.0
158.0
158.0
157.0
157.0
157.0
156.25
156.25
156.25
155.5
155.5
153.75
153.0
153.0
151.5
151.5
151.5
150.0
150.0
148.5
146.25
146.25
147.75
147.75
149.25
149.25
149.25
150.0
152.25
152.25
151.5
153.75
153.75
153.0
153.0
154.75
154.75
154.75
153.75
155.5
155.5
155.5
156.25
156.25
154.75
155.5
155.5
154.75
154.75
153.0
152.25
152.25
153.0
153.75
153.75
154.75
154.75
154.75
155.5
155.5
155.5
155.5
155.5
154.75
154.75
154.75
155.5
154.75
154.75
153.75
153.75
153.75
153.75
154.75
154.75
154.75
154.75
155.5
154.75
154.75
153.75
153.0
153.0
153.0
153.0
153.0
153.0
153.75
153.75
152.25
152.25
153.0
152.25
152.25
153.75
153.75
153.75
153.75
153.75
153.75
155.5
155.5
154.75
154.75
154.75
154.75
155.5
155.5
154.75
154.75
154.75
154.75
155.5
155.5
154.75
153.75
153.75
153.75
153.75
153.75
154.75
154.75
154.75
155.5
155.5
153.75
153.75
153.75
153.75
156.25
156.25
155.5
155.5
155.5
155.5
155.5
155.5
154.75
154.75
153.75
154.75
154.75
155.5
155.5
155.5
157.0
154.75
154.75
154.75
154.75
154.75
155.5
155.5
155.5
156.25
156.25
156.25
155.5
155.5
155.5
155.5
155.5
155.5
156.25
156.25
155.5
155.5
156.25
155.5
155.5
156.25
154.75
154.75
153.75
155.5
155.5
153.75
155.5
155.5
155.5
156.25
156.25
158.0
158.0
158.0
158.75
158.75
158.0
158.0
158.0
159.5
158.75
158.75
157.0
156.25
156.25
157.0
156.25
156.25
154.75
153.0
153.0
153.0
153.0
153.0
150.75
150.75
150.75
152.25
152.25
152.25
154.75
154.75
153.75
153.75
153.75
155.5
155.5
155.5
155.5
155.5
156.25
156.25
156.25
155.5
154.75
154.75
154.75
156.25
156.25
156.25
156.25
156.25
156.25
156.25
156.25
155.5
155.5
155.5
155.5
155.5
155.5
156.25
156.25
156.25
156.25
156.25
156.25
156.25
156.25
154.75
155.5
155.5
154.75
154.75
153.75
154.75
154.75
154.75
154.75
154.75
155.5
154.75
154.75
155.5
155.5
155.5
155.5
156.25
156.25
156.25
156.25
156.25
156.25
156.25
157.0
156.25
156.25
156.25
157.0
157.0
156.25
155.5
155.5
156.25
155.5
155.5
157.0
155.5
155.5
155.5
155.5
155.5
154.75
154.75
156.25
155.5
155.5
153.0
152.25
152.25
152.25
153.75
153.75
154.75
154.75
154.75
154.75
154.75
154.75
156.25
156.25
154.75
155.5
155.5
156.25
157.0
157.0
156.25
156.25
156.25
156.25
157.0
157.0
157.0
157.0
157.0
156.25
156.25
155.5
156.25
156.25
156.25
156.25
156.25
155.5
154.75
154.75
155.5
156.25
156.25
155.5
156.25
156.25
155.5
155.5
156.25
156.25
156.25
157.0
156.25
156.25
156.25
156.25
156.25
157.0
158.0
158.0
158.0
157.0
157.0
158.0
157.0
157.0
158.0
158.0
158.0
157.0
156.25
156.25
158.0
158.0
156.25
156.25
156.25
155.5
157.0
157.0
156.25
156.25
156.25
156.25
156.25
156.25
157.0
157.0
157.0
157.0
157.0
157.0
157.0
156.25
156.25
158.0
158.0
156.25
158.0
158.0
158.0
158.0
158.0
157.0
156.25
156.25
156.25
156.25
156.25
156.25
157.0
157.0
156.25
157.0
157.0
157.0
158.0
158.0
158.0
158.0
158.0
158.75
158.0
158.0
158.0
158.0
158.0
158.0
158.0
158.0
157.0
157.0
158.0
156.25
156.25
156.25
156.25
156.25
156.25
156.25
156.25
156.25
158.0
158.0
157.0
158.0
158.0
158.0
158.75
158.75
159.5
158.75
158.75
159.5
156.25
156.25
156.25
156.25
157.0
156.25
156.25
154.75
153.75
153.75
154.75
154.75
154.75
153.0
152.25
152.25
152.25
152.25
153.75
153.0
153.0
153.75
155.5
155.5
155.5
157.0
157.0
158.0
158.75
158.75
159.5
159.5
159.5
158.75
158.75
158.75
158.75
158.75
158.75
157.0
158.0
158.0
156.25
156.25
156.25
157.0
157.0
156.25
156.25
156.25
156.25
157.0
157.0
157.0
158.0
158.0
157.0
158.0
158.0
158.0
158.0
158.0
158.75
158.75
158.75
158.0
158.0
158.0
158.0
157.0
157.0
156.25
157.0
157.0
158.0
158.0
158.0
156.25
156.25
157.0
158.0
158.0
158.0
158.75
158.75
159.5
158.75
158.75
159.5
158.75
158.75
158.75
159.5
159.5
159.5
159.5
159.5
159.5
159.5
159.5
160.5
160.5
160.5
158.75
159.5
159.5
160.5
159.5
159.5
158.75
159.5
159.5
160.5
159.5
159.5
159.5
159.5
159.5
159.5
158.75
158.75
158.0
158.0
158.0
158.75
158.0
158.0
158.75
158.0
158.0
158.0
158.75
158.75
158.75
158.0
158.0
158.75
159.5
159.5
158.0
154.75
154.75
156.25
156.25
156.25
157.0
157.0
156.25
157.0
157.0
157.0
157.0
157.0
157.0
158.0
158.0
157.0
157.0
157.0
158.0
158.75
158.75
158.75
158.75
158.75
158.75
160.5
160.5
158.75
159.5
159.5
158.75
159.5
159.5
158.75
158.0
158.0
158.75
157.0
157.0
158.0
158.0
158.0
158.0
158.0
158.0
158.75
158.75
158.75
158.0
158.0
158.75
157.0
157.0
158.75
158.75
158.75
158.0
158.75
158.75
158.75
159.5
159.5
158.75
158.75
158.75
159.5
159.5
159.5
158.75
159.5
159.5
160.5
160.5
160.5
159.5
160.5
160.5
160.5
159.5
159.5
159.5
159.5
159.5
158.75
158.75
158.75
159.5
158.75
158.75
158.75
158.75
158.75
158.75
158.75
158.75
158.75
158.75
158.75
157.0
158.75
158.75
156.25
156.25
152.25
149.25
149.25
151.5
153.75
153.75
152.25
153.0
153.0
152.25
152.25
153.0
152.25
152.25
152.25
153.75
153.75
153.75
156.25
156.25
156.25
156.25
156.25
157.0
157.0
158.0
158.75
158.75
158.75
159.5
159.5
160.5
160.5
160.5
160.5
161.25
161.25
161.25
161.25
161.25
161.25
159.5
161.25
161.25
160.5
160.5
160.5
160.5
161.25
161.25
159.5
160.5
160.5
160.5
160.5
160.5
161.25
160.5
160.5
160.5
159.5
159.5
160.5
160.5
160.5
159.5
159.5
159.5
158.0
157.0
157.0
157.0
157.0
157.0
157.0
157.0
158.0
158.75
158.75
158.75
160.5
160.5
160.5
162.25
162.25
162.25
163.0
163.0
161.25
159.5
159.5
159.5
158.75
158.75
158.75
157.0
157.0
157.0
154.75
154.75
155.5
155.5
155.5
155.5
156.25
156.25
157.0
157.0
157.0
158.75
158.75
158.75
155.5
155.5
155.5
155.5
155.5
155.5
155.5
155.5
154.75
154.75
154.75
154.75
153.0
153.0
154.75
153.0
153.0
154.75
154.75
154.75
153.75
153.75
154.75
153.75
153.75
154.75
155.5
155.5
154.75
155.5
155.5
155.5
155.5
156.25
157.0
157.0
158.0
158.0
158.0
158.0
158.75
158.75
158.75
158.0
158.0
157.0
156.25
156.25
156.25
155.5
155.5
157.0
156.25
156.25
156.25
155.5
155.5
155.5
155.5
154.75
155.5
155.5
156.25
152.25
152.25
153.0
153.0
153.0
154.75
154.75
154.75
155.5
155.5
155.5
157.0
157.0
157.0
158.0
158.0
158.0
158.0
158.0
158.0
158.75
158.75
158.0
157.0
157.0
157.0
157.0
157.0
157.0
156.25
156.25
156.25
157.0
157.0
156.25
157.0
157.0
157.0
158.0
158.0
158.0
158.0
158.75
158.75
158.75
160.5
159.5
159.5
159.5
160.5
160.5
160.5
159.5
159.5
160.5
158.75
158.75
158.75
158.0
158.0
157.0
158.75
158.75
156.25
157.0
157.0
157.0
157.0
157.0
157.0
156.25
156.25
156.25
157.0
157.0
157.0
157.0
157.0
157.0
157.0
157.0
158.0
158.0
158.0
158.75
158.75
158.75
157.0
157.0
158.0
156.25
156.25
155.5
154.75
154.75
154.75
154.75
154.75
153.75
151.5
151.5
153.0
153.0
153.75
154.75
154.75
153.75
155.5
155.5
155.5
156.25
156.25
156.25
157.0
157.0
157.0
158.0
158.0
158.0
158.0
156.25
158.0
158.0
158.0
157.0
157.0
157.0
158.0
158.0
158.0
158.0
158.0
158.75
158.0
158.0
158.75
158.75
158.75
155.5
155.5
155.5
153.75
155.5
155.5
154.75
154.75
153.75
151.5
151.5
150.75
152.25
152.25
153.75
153.75
153.75
153.0
153.0
153.0
153.0
153.0
153.75
153.75
153.75
154.75
154.75
154.75
155.5
156.25
156.25
157.0
158.0
158.0
158.0
159.5
159.5
158.75
159.5
159.5
158.75
158.75
159.5
157.0
157.0
156.25
157.0
157.0
157.0
157.0
157.0
158.0
156.25
156.25
157.0
155.5
155.5
157.0
154.75
154.75
156.25
156.25
156.25
157.0
157.0
157.0
157.0
157.0
157.0
158.0
158.0
158.0
158.75
158.75
158.0
157.0
157.0
157.0
155.5
155.5
153.75
153.0
153.0
150.75
150.75
150.0
150.75
150.75
150.0
151.5
151.5
153.75
153.75
153.75
155.5
155.5
156.25
157.0
157.0
158.75
158.75
158.75
159.5
158.75
158.75
158.75
158.75
158.75
158.75
158.0
158.0
158.0
155.5
155.5
154.75
154.75
154.75
155.5
154.75
154.75
156.25
155.5
155.5
156.25
156.25
156.25
155.5
155.5
156.25
155.5
155.5
156.25
156.25
156.25
153.0
155.5
155.5
155.5
155.5
155.5
155.5
155.5
156.25
155.5
155.5
155.5
156.25
156.25
155.5
154.75
154.75
153.75
154.75
154.75
154.75
155.5
155.5
155.5
155.5
155.5
156.25
156.25
157.0
157.0
157.0
158.0
158.75
158.75
159.5
160.5
160.5
159.5
159.5
159.5
159.5
157.0
157.0
154.75
153.0
153.0
153.75
153.75
153.75
153.0
153.0
154.75
153.0
153.0
152.25
153.0
153.0
152.25
147.75
147.75
147.0
147.0
150.0
150.75
150.75
151.5
153.0
153.0
153.75
153.75
154.75
155.5
155.5
154.75
155.5
155.5
153.75
152.25
152.25
150.75
150.75
152.25
152.25
152.25
153.0
151.5
151.5
152.25
152.25
152.25
153.0
153.0
153.0
153.0
153.0
153.75
154.75
154.75
154.75
152.25
152.25
153.0
152.25
152.25
150.75
150.75
153.0
152.25
152.25
153.75
154.75
154.75
154.75
156.25
156.25
157.0
157.0
157.0
158.75
158.75
158.75
158.0
158.0
156.25
157.0
157.0
155.5
154.75
154.75
155.5
153.75
153.75
153.0
153.0
153.0
151.5
151.5
150.0
151.5
151.5
150.75
150.75
150.75
150.75
150.75
152.25
152.25
152.25
153.0
153.0
153.0
153.75
154.75
154.75
155.5
155.5
155.5
157.0
157.0
157.0
157.0
157.0
157.0
158.0
158.0
158.0
157.0
157.0
158.0
157.0
157.0
156.25
155.5
155.5
154.75
154.75
154.75
153.75
154.75
154.75
154.75
154.75
153.75
154.75
154.75
153.75
153.75
153.75
154.75
155.5
155.5
155.5
155.5
155.5
156.25
156.25
154.75
155.5
155.5
155.5
154.75
154.75
153.75
153.75
153.75
152.25
152.25
152.25
151.5
151.5
153.0
152.25
152.25
153.0
154.75
154.75
154.75
155.5
155.5
156.25
156.25
156.25
157.0
157.0
158.0
156.25
156.25
157.0
157.0
157.0
157.0
157.0
157.0
156.25
156.25
156.25
154.75
154.75
154.75
153.75
153.75
153.75
153.0
153.0
153.75
153.75
153.75
153.75
154.75
154.75
156.25
156.25
156.25
157.0
158.75
158.75
158.75
159.5
159.5
158.75
155.5
155.5
149.25
149.25
146.25
145.0
145.0
143.5
143.5
142.75
140.75
140.75
140.75
140.75
140.75
143.5
143.5
145.0
145.0
145.75
147.75
147.75
149.25
149.25
149.25
150.75
150.75
152.25
152.25
152.25
153.0
153.0
152.25
152.25
152.25
153.0
153.75
153.75
153.75
154.75
154.75
154.75
155.5
155.5
156.25
155.5
155.5
156.25
156.25
155.5
153.75
153.75
153.75
152.25
152.25
153.75
152.25
152.25
152.25
152.25
151.5
152.25
152.25
152.25
153.0
153.0
152.25
153.75
153.75
153.75
153.75
153.75
153.75
153.75
154.75
155.5
155.5
155.5
155.5
155.5
157.0
157.0
157.0
158.0
158.75
158.75
158.75
160.5
160.5
159.5
160.5
160.5
159.5
158.0
158.0
155.5
155.5
153.0
153.0
153.0
151.5
149.25
149.25
150.75
150.75
150.75
150.75
150.75
150.0
150.0
150.0
148.5
148.5
148.5
149.25
149.25
148.5
148.5
148.5
148.5
148.5
148.5
148.5
148.5
149.25
150.0
150.0
149.25
149.25
150.0
150.75
150.75
148.5
148.5
148.5
147.75
147.75
147.75
146.25
146.25
147.0
147.0
144.25
146.25
146.25
146.25
146.25
147.75
148.5
148.5
149.25
150.75
150.75
148.5
148.5
150.0
150.0
150.0
149.25
148.5
148.5
148.5
148.5
146.25
147.0
147.0
148.5
148.5
148.5
148.5
148.5
148.5
148.5
148.5
149.25
149.25
149.25
150.0
150.0
148.5
148.5
148.5
150.0
150.0
149.25
150.0
150.0
151.5
150.75
150.75
151.5
151.5
151.5
151.5
151.5
152.25
152.25
152.25
152.25
150.75
150.75
151.5
151.5
150.0
150.75
150.75
150.75
151.5
151.5
150.0
150.0
150.75
151.5
151.5
150.75
152.25
152.25
150.75
150.75
151.5
151.5
151.5
150.75
150.75
150.75
151.5
150.0
150.0
151.5
151.5
151.5
151.5
151.5
150.0
151.5
151.5
151.5
151.5
153.0
153.0
153.0
153.75
153.75
153.75
154.75
154.75
154.75
155.5
154.75
154.75
154.75
154.75
153.0
153.75
153.75
153.75
153.0
153.0
153.0
152.25
152.25
151.5
151.5
152.25
152.25
152.25
151.5
151.5
151.5
152.25
151.5
151.5
152.25
152.25
151.5
151.5
151.5
151.5
152.25
152.25
152.25
152.25
151.5
153.0
153.0
152.25
151.5
151.5
151.5
150.75
150.75
152.25
152.25
151.5
151.5
151.5
152.25
153.0
153.0
153.75
153.75
153.75
155.5
155.5
156.25
156.25
156.25
156.25
157.0
157.0
156.25
155.5
155.5
155.5
154.75
154.75
153.75
153.75
153.75
153.0
153.0
153.0
153.75
153.75
153.0
150.0
150.0
153.0
153.0
153.0
153.75
153.75
153.75
154.75
154.75
153.75
154.75
154.75
154.75
153.75
153.75
154.75
154.75
154.75
154.75
154.75
154.75
155.5
155.5
156.25
156.25
154.75
156.25
154.75
154.75
155.5
155.5
155.5
155.5
155.5
156.25
154.75
154.75
154.75
154.75
154.75
154.75
154.75
154.75
154.75
154.75
154.75
155.5
155.5
155.5
155.5
156.25
156.25
156.25
156.25
156.25
156.25
156.25
156.25
155.5
155.5
157.0
156.25
156.25
155.5
157.0
157.0
157.0
157.0
157.0
156.25
155.5
155.5
155.5
153.75
153.75
153.75
153.75
154.75
155.5
155.5
155.5
156.25
156.25
157.0
157.0
157.0
157.0
158.0
158.0
158.75
158.75
158.75
158.0
159.5
159.5
158.0
158.0
158.0
158.75
158.0
158.0
158.0
158.0
158.0
157.0
157.0
156.25
156.25
156.25
156.25
156.25
156.25
156.25
156.25
156.25
157.0
156.25
156.25
156.25
156.25
156.25
155.5
156.25
156.25
155.5
155.5
155.5
155.5
155.5
155.5
156.25
156.25
155.5
155.5
155.5
153.75
154.75
154.75
153.75
153.75
153.75
153.75
153.75
153.75
153.75
153.75
154.75
153.75
153.75
153.75
153.75
153.75
154.75
154.75
154.75
154.75
154.75
153.0
153.0
153.0
153.75
153.75
153.75
153.0
153.75
153.75
154.75
154.75
153.75
155.5
155.5
154.75
156.25
156.25
157.0
156.25
156.25
155.5
157.0
157.0
158.0
158.0
158.0
157.0
157.0
157.0
156.25
156.25
156.25
156.25
156.25
156.25
156.25
156.25
157.0
157.0
157.0
158.0
155.5
155.5
155.5
156.25
157.0
156.25
157.0
157.0
157.0
157.0
157.0
157.0
157.0
157.0
157.0
157.0
157.0
157.0
157.0
157.0
156.25
156.25
157.0
157.0
157.0
156.25
156.25
156.25
155.5
154.75
154.75
155.5
154.75
154.75
155.5
155.5
155.5
154.75
154.75
154.75
153.75
153.75
153.75
153.75
153.75
153.75
153.75
153.75
153.75
153.75
154.75
153.75
153.75
153.75
154.75
154.75
151.5
153.0
153.0
152.25
152.25
152.25
153.0
153.0
152.25
151.5
151.5
153.0
153.0
153.0
154.75
153.75
153.75
153.75
153.75
154.75
154.75
154.75
154.75
154.75
154.75
155.5
154.75
154.75
154.75
156.25
156.25
156.25
156.25
156.25
158.0
158.0
157.0
157.0
157.0
155.5
155.5
155.5
153.75
153.0
153.0
153.0
154.75
154.75
153.0
153.0
153.75
154.75
154.75
154.75
154.75
154.75
156.25
155.5
155.5
155.5
155.5
155.5
154.75
153.75
153.75
155.5
155.5
154.75
155.5
155.5
154.75
155.5
155.5
154.75
155.5
155.5
155.5
155.5
155.5
156.25
154.75
154.75
155.5
155.5
154.75
156.25
156.25
155.5
155.5
155.5
155.5
156.25
156.25
155.5
155.5
155.5
156.25
156.25
156.25
155.5
155.5
155.5
154.75
154.75
154.75
154.75
154.75
155.5
154.75
154.75
155.5
155.5
155.5
154.75
154.75
154.75
153.75
153.75
153.75
154.75
154.75
154.75
156.25
156.25
155.5
156.25
156.25
157.0
157.0
157.0
157.0
157.0
156.25
156.25
156.25
155.5
156.25
156.25
154.75
154.75
154.75
155.5
155.5
155.5
154.75
155.5
155.5
154.75
153.75
153.75
153.0
153.0
151.5
150.75
150.75
151.5
150.75
150.75
151.5
151.5
150.75
150.75
150.75
150.75
150.75
150.75
150.75
152.25
152.25
153.0
153.0
153.75
153.75
153.75
153.75
154.75
156.25
156.25
156.25
156.25
157.0
156.25
156.25
155.5
155.5
155.5
155.5
155.5
153.0
153.75
153.75
153.0
152.25
152.25
152.25
153.0
153.0
153.0
153.0
151.5
151.5
151.5
151.5
151.5
151.5
151.5
151.5
152.25
153.0
153.0
152.25
152.25
152.25
153.75
152.25
152.25
152.25
152.25
151.5
150.0
150.0
150.0
149.25
149.25
149.25
149.25
149.25
147.75
148.5
148.5
148.5
148.5
149.25
149.25
150.0
150.75
150.75
150.75
150.75
150.75
150.75
150.75
151.5
150.75
150.75
151.5
151.5
151.5
152.25
151.5
151.5
152.25
152.25
152.25
153.0
153.0
153.75
154.75
154.75
154.75
155.5
155.5
156.25
157.0
157.0
157.0
157.0
157.0
155.5
155.5
156.25
155.5
155.5
154.75
153.0
153.0
153.0
151.5
151.5
150.0
150.0
151.5
152.25
152.25
152.25
153.0
153.0
153.75
153.75
153.75
153.75
153.75
155.5
153.75
153.75
154.75
154.75
154.75
153.75
153.75
153.75
154.75
154.75
154.75
153.75
153.75
154.75
155.5
155.5
155.5
155.5
155.5
157.0
156.25
156.25
158.0
158.0
158.0
157.0
157.0
157.0
155.5
155.5
155.5
155.5
155.5
155.5
153.75
153.75
153.75
153.75
153.75
155.5
153.75
153.75
154.75
154.75
154.75
153.75
153.75
154.75
155.5
155.5
154.75
154.75
154.75
153.75
153.75
153.75
153.0
153.0
153.75
153.0
153.0
153.75
153.0
153.0
153.75
153.75
153.75
154.75
154.75
154.75
154.75
154.75
154.75
155.5
155.5
154.75
155.5
155.5
154.75
154.75
154.75
153.0
153.0
153.0
152.25
151.5
151.5
151.5
151.5
151.5
152.25
152.25
153.0
153.75
153.75
154.75
156.25
156.25
156.25
156.25
157.0
157.0
158.0
158.0
157.0
157.0
155.5
155.5
155.5
154.75
154.75
154.75
152.25
152.25
152.25
151.5
151.5
150.75
152.25
152.25
150.0
150.0
150.0
150.0
150.0
150.0
151.5
151.5
152.25
151.5
151.5
151.5
150.75
150.75
150.75
150.75
149.25
147.75
147.75
147.75
147.75
148.5
148.5
148.5
150.0
150.75
150.75
151.5
151.5
153.0
153.75
153.75
153.75
154.75
154.75
154.75
155.5
155.5
154.75
155.5
155.5
155.5
155.5
155.5
153.75
153.75
153.75
153.0
153.0
153.75
152.25
152.25
153.0
152.25
152.25
153.0
153.0
153.0
153.0
153.0
153.75
152.25
152.25
152.25
151.5
151.5
150.0
150.0
150.75
150.0
150.0
149.25
147.75
147.75
148.5
148.5
148.5
147.75
147.75
146.25
146.25
147.0
146.25
146.25
147.75
149.25
149.25
148.5
148.5
149.25
149.25
149.25
147.75
147.75
148.5
149.25
149.25
148.5
150.0
150.0
150.75
150.75
150.0
150.0
150.0
149.25
149.25
149.25
148.5
148.5
148.5
149.25
149.25
150.75
150.75
150.75
152.25
152.25
153.0
154.75
154.75
154.75
156.25
156.25
156.25
157.0
157.0
158.0
158.0
158.0
158.75
159.5
159.5
158.75
157.0
157.0
158.0
157.0
157.0
156.25
157.0
157.0
157.0
157.0
157.0
157.0
157.0
158.0
156.25
156.25
158.0
157.0
157.0
157.0
155.5
155.5
157.0
156.25
156.25
155.5
151.5
151.5
149.25
149.25
148.5
147.0
147.0
147.75
147.75
147.75
147.0
145.0
145.0
145.75
145.75
145.75
145.75
147.75
146.25
146.25
146.25
146.25
148.5
148.5
148.5
150.0
151.5
151.5
152.25
152.25
153.75
154.75
154.75
155.5
156.25
156.25
157.0
157.0
157.0
157.0
157.0
157.0
154.75
155.5
155.5
154.75
154.75
154.75
153.0
153.0
152.25
153.0
153.0
153.0
153.75
153.75
153.0
153.0
154.75
155.5
155.5
156.25
158.0
158.0
158.75
159.5
159.5
161.25
162.25
162.25
162.25
164.0
164.0
164.0
164.0
164.75
164.75
164.75
165.75
165.75
167.5
165.75
165.75
167.5
167.5
168.5
168.5
168.5
169.5
169.5
169.5
169.5
169.5
169.5
168.5
170.5
170.5
169.5
169.5
169.5
169.5
169.5
169.5
169.5
168.5
168.5
168.5
167.5
167.5
167.5
167.5
166.75
165.75
165.75
165.75
164.75
164.75
164.0
162.25
162.25
162.25
159.5
159.5
159.5
157.0
157.0
157.0
153.75
153.75
154.75
154.75
154.9934210526316
155.23684210526315
155.48026315789474
155.72368421052633
155.9671052631579
156.21052631578948
156.45394736842104
156.69736842105263
156.94078947368422
157.18421052631578
157.42763157894737
157.67105263157896
157.91447368421052
158.1578947368421
158.40131578947367
158.64473684210526
158.88815789473685
159.1315789473684
159.375
159.6184210526316
159.86184210526315
160.10526315789474
160.34868421052633
160.5921052631579
160.83552631578948
161.07894736842104
161.32236842105263
161.56578947368422
161.80921052631578
162.05263157894737
162.29605263157896
162.53947368421052
162.7828947368421
163.02631578947367
163.26973684210526
163.51315789473685
163.7565789473684
164.0
164.0
164.0
164.0
164.0
162.25
161.25
161.25
161.25
161.25
161.25
162.25
160.5
160.5
158.75
158.0
158.0
156.25
158.0
158.0
158.0
158.75
158.75
156.25
157.0
157.0
158.39285714285714
159.78571428571428
161.17857142857142
162.57142857142858
163.96428571428572
165.35714285714286
166.75
166.75
151.5
149.25
149.25
148.5
148.5
149.25
150.75
150.75
149.25
150.0
150.0
150.75
150.75
149.25
149.25
149.25
148.5
148.5
148.5
146.25
146.25
146.25
145.75
145.75
144.25
144.25
143.5
143.5
143.5
142.25
142.25
142.75
142.75
142.75
142.25
142.25
142.25
142.25
142.25
142.25
142.25
142.75
142.75
143.5
145.0
145.0
145.0
145.0
146.25
146.25
146.25
146.25
146.25
146.25
147.75
147.75
147.0
146.25
146.25
146.25
146.25
146.25
147.0
147.0
146.25
146.25
146.25
145.75
145.75
146.25
145.0
145.0
144.25
144.25
142.25
142.75
142.75
144.25
144.25
146.25
146.25
146.25
146.25
146.25
147.0
145.75
145.75
145.0
145.0
146.25
145.75
145.75
145.75
145.75
144.25
143.5
143.5
142.25
142.25
142.25
143.5
143.5
144.25
144.25
142.75
140.75
140.75
140.25
140.25
139.0
139.0
138.25
137.0
137.0
136.25
136.25
137.5
137.5
137.0
137.0
136.25
135.75
135.75
134.5
134.5
136.25
135.75
135.75
134.5
134.5
135.75
135.75
137.0
136.25
136.25
134.0
134.0
131.0
131.0
130.5
130.5
127.75
127.75
127.75
124.0
123.0
123.0
118.5
118.5
115.75
115.75
115.75
118.5
120.5
120.5
125.5
125.5
125.5
127.0
127.0
127.0
127.0
125.0
125.0
125.0
125.0
124.0
124.0
123.0
123.0
117.25
117.25
117.75
117.75
118.0
118.0
121.5
121.5
122.0
122.0
121.0
121.0
127.0
127.0
134.0
134.0
117.25
117.25
128.25
128.25
129.75
136.25
136.25
139.0
139.0
141.5
142.75
142.75
140.25
140.25
140.25
134.546875
128.84375
123.140625
117.4375
119.375
121.3125
123.25
125.1875
127.125
129.0625
131.0
131.0
137.0
139.5
139.5
138.25
138.25
139.5
139.5
137.0
135.75
135.75
129.75
129.75
129.25
129.25
127.75
127.75
124.5
124.5
125.5
125.5
127.0
127.0
121.0
128.75
128.75
129.25
129.25
132.25
132.25
132.25
132.25
129.25
129.25
129.75
129.75
129.75
122.0
122.0
122.0
122.0
119.0
119.0
119.0
112.0
112.0
117.75
117.75
111.5
111.5
112.0
112.0
110.25
110.25
105.0
105.0
105.0
104.25
104.25
104.25
101.75
101.75
96.5
96.5
92.25
92.25
92.25
88.0
88.0
91.25
91.25
91.25
96.75
96.75
98.0
98.0
98.0
100.25
100.25
101.0
101.0
101.0
100.75
100.75
101.25
101.25
100.75
100.75
100.75
101.25
101.25
101.75
101.75
100.25
100.25
100.25
101.75
101.75
100.75
100.75
100.75
101.0
101.0
100.75
100.75
100.75
100.75
100.75
100.75
100.75
101.75
101.75
99.0
99.0
99.0
99.75
99.75
98.0
98.0
98.0
99.0
99.0
99.0
99.0
99.0
99.75
99.75
99.75
99.75
99.25
99.25
99.25
97.75
97.75
99.0
99.0
99.0
99.0
99.0
98.25
98.25
98.25
98.0
98.0
98.0
98.0
102.75
102.75
102.75
105.0
105.0
105.0
103.75
108.25
108.25
112.0
112.0
124.5
124.5
138.25
138.25
139.5
140.25
140.25
139.0
139.0
139.0
139.0
134.875
130.75
126.625
122.5
119.0
119.0
126.5
126.5
123.0
123.0
123.0
120.5625
118.125
115.6875
113.25
113.75
113.75
107.5
107.5
106.0
106.0
106.0
106.75
106.75
106.0
106.0
106.5
106.5
106.5
106.75
106.75
100.25
100.25
103.25
106.25
109.25
112.25
110.75
110.75
106.75
106.75
106.75
103.0
103.0
109.0
109.0
111.5
111.5
115.75
115.75
109.5
109.5
109.5
103.5
103.5
101.75
101.75
102.75
102.75
102.75
103.75
103.75
103.0
103.0
100.75
100.75
100.75
99.25
99.25
96.75
96.75
96.75
95.5
95.5
96.5
96.5
96.5
96.5
96.5
95.25
95.25
95.25
94.25
94.25
97.75
97.75
97.75
100.75
100.75
101.75
101.75
112.0
112.0
109.0
109.0
109.0
108.75
108.75
108.25
108.25
108.25
87.75
87.75
101.25
101.25
101.25
101.25
101.25
102.0
102.0
103.0
103.0
102.0
102.0
102.0
102.0
102.0
101.25
101.25
100.0
100.0
100.0
100.75
100.75
100.0
100.0
100.0
100.0
100.25
99.0
99.0
96.75
96.75
96.75
95.5
95.5
95.5
95.0
95.0
93.0
93.0
93.0
91.0
91.0
91.0
85.5
85.5
82.5
82.5
82.5
82.5
76.25
76.25
76.25
78.0
78.0
78.0
77.0
77.0
77.0
80.0
80.0
80.0
82.75
82.75
82.75
80.75
80.75
80.75
75.75
75.75
75.75
74.75
74.75
74.75
71.5
71.5
71.5
71.5
70.75
70.75
70.75
68.5
68.5
68.5
68.5
69.25
69.25
69.25
69.5
69.5
69.5
69.5
70.75
70.75
70.75
70.75
70.75
70.75
72.0
72.0
72.0
72.0
72.75
72.75
72.75
75.25
75.25
75.25
77.75
77.75
77.75
77.75
77.75
77.75
79.5
79.5
79.5
81.25
81.25
81.25
83.5
83.5
83.5
82.75
82.75
82.75
85.25
85.25
86.25
86.25
86.25
87.5
87.5
87.5
87.5
89.25
89.25
86.75
86.75
86.75
78.5
78.5
78.5
78.0
78.0
78.0
76.25
76.25
76.25
76.75
76.75
76.75
74.5
74.5
74.5
73.75
73.75
73.75
73.75
74.0
74.0
74.0
74.0
75.0
75.0
72.5
72.5
72.5
72.5
71.0
71.0
71.0
71.0
71.0
71.0
72.25
72.25
72.25
72.25
72.75
72.75
72.75
72.25
72.25
72.25
71.25
71.25
71.25
71.25
72.75
72.75
72.75
73.0
73.0
73.0
72.0
72.0
72.0
72.0
72.0
72.0
72.0
70.75
70.75
70.75
69.5
69.5
69.5
69.5
69.0
69.0
69.0
72.75
72.75
72.75
71.5
71.5
71.5
71.5
69.5
69.5
69.5
69.0
69.0
69.0
69.0
69.0
69.0
69.0
67.5
67.5
67.5
67.5
68.0
68.0
68.0
67.75
67.75
67.75
67.75
66.75
66.75
66.75
66.75
67.25
67.25
67.25
67.5
67.5
67.5
67.5
66.5
66.5
66.5
67.0
67.0
67.0
67.0
68.25
68.25
68.25
67.75
67.75
67.75
67.75
66.25
66.25
66.25
66.25
67.0
67.0
67.0
67.25
67.25
67.25
67.25
67.75
67.75
67.75
67.0
67.0
67.0
67.0
66.75
66.75
66.75
66.75
66.75
66.75
66.75
66.0
66.0
66.0
66.0
65.5
65.5
65.5
66.25
66.25
66.25
66.25
65.0
65.0
65.0
65.0
64.5
64.5
64.5
64.5
64.5
64.5
64.5
64.0
64.0
64.0
64.0
65.0
65.0
65.0
65.0
64.75
64.75
64.75
64.5
64.5
64.5
64.5
64.5
64.5
64.5
64.5
64.75
64.75
64.75
64.75
65.0
65.0
65.0
63.75
63.75
63.75
63.75
64.5
64.5
64.5
64.5
64.0
64.0
64.0
64.0
64.0
64.0
64.0
63.75
63.75
63.75
63.75
62.25
62.25
62.25
62.25
62.25
62.25
62.25
62.25
61.25
61.25
61.25
61.25
61.75
61.75
61.75
61.75
62.75
62.75
62.75
63.5
63.5
63.5
63.5
63.5
63.5
63.5
63.5
63.5
63.5
63.5
63.5
63.5
63.5
63.5
63.5
64.25
64.25
64.25
64.75
64.75
64.75
64.75
63.75
63.75
63.75
63.75
64.25
64.25
64.25
64.5
64.5
64.5
64.5
64.75
64.75
64.75
64.75
64.75
64.75
64.75
64.75
65.25
65.25
65.25
64.75
64.75
64.75
64.75
65.75
65.75
65.75
65.75
65.75
65.75
65.75
65.5
65.5
65.5
65.5
65.0
65.0
65.0
65.0
66.0
66.0
66.0
65.75
65.75
65.75
65.75
65.5
65.5
65.5
65.5
66.0
66.0
66.0
66.25
66.25
66.25
66.25
66.25
66.25
66.25
66.25
63.5
63.5
63.5
63.5
63.5
63.5
63.5
64.5
64.5
64.5
64.5
65.25
65.25
65.25
65.75
65.75
65.75
65.75
65.5
65.5
65.5
65.5
65.25
65.25
65.25
65.5
65.5
65.5
65.5
65.25
65.25
65.25
65.25
65.25
65.25
65.25
65.75
65.75
65.75
65.75
65.75
65.75
65.75
65.75
66.25
66.25
66.25
66.75
66.75
66.75
66.75
67.0
67.0
67.0
67.25
67.25
67.25
67.25
67.0
67.0
67.0
67.0
67.0
67.0
67.0
67.5
67.5
67.5
67.5
67.5
67.5
67.5
67.5
67.0
67.0
67.0
67.25
67.25
67.25
66.75
66.75
66.75
66.75
67.5
67.5
67.5
67.5
66.75
66.75
66.75
66.75
66.75
66.75
66.75
66.5
66.5
66.5
67.0
67.0
67.0
67.0
67.25
67.25
67.25
67.25
66.75
66.75
66.75
66.75
66.75
66.75
66.75
66.75
66.75
66.75
67.0
67.0
67.0
67.0
67.0
67.0
67.0
66.25
66.25
66.25
66.25
66.5
66.5
66.5
66.5
66.0
66.0
66.0
66.5
66.5
66.5
66.5
66.0
66.0
66.0
66.0
66.5
66.5
66.5
66.75
66.75
66.75
66.75
66.75
66.75
66.75
67.0
67.0
67.0
67.0
67.5
67.5
67.5
67.5
67.5
67.5
67.5
67.75
67.75
67.75
67.75
68.25
68.25
68.25
67.75
67.75
67.75
67.75
68.25
68.25
68.25
68.75
68.75
68.75
68.75
69.0
69.0
69.0
69.25
69.25
69.25
69.5
69.5
69.5
69.5
69.75
69.75
69.75
69.75
69.75
69.75
69.75
69.0
69.0
69.0
69.75
69.75
69.75
69.75
69.75
69.75
69.75
69.75
69.75
69.75
69.75
69.5
69.5
69.5
69.75
69.75
69.75
69.75
68.25
68.25
68.25
68.25
68.25
68.25
68.25
67.75
67.73214285714286
67.71428571428571
67.69642857142857
67.67857142857143
67.66071428571429
67.64285714285714
67.625
67.60714285714286
67.58928571428571
67.57142857142857
67.55357142857143
67.53571428571429
67.51785714285714
67.5
67.5
67.5
68.0
68.0
68.0
68.0
68.25
68.25
68.25
68.25
67.75
67.75
67.75
68.5
68.5
68.5
68.5
68.5
68.5
68.5
68.5
68.25
68.25
68.25
69.25
69.25
69.25
66.5
66.5
66.5
66.5
67.0
67.0
67.0
66.25
66.25
66.25
66.25
66.5
66.5
66.5
67.5
67.5
67.5
67.5
67.5
67.5
67.5
67.5
66.75
66.75
66.75
66.0
66.0
66.0
66.0
66.25
66.25
66.25
66.25
66.0
66.0
66.0
66.75
66.75
66.75
66.75
66.5
66.5
66.5
66.25
66.25
66.25
66.25
67.5
67.5
67.5
69.25
69.25
69.25
69.25
68.25
68.25
68.25
67.0
67.0
67.0
67.0
67.5
67.5
67.5
67.5
67.25
67.25
67.25
67.5
67.5
67.5
67.5
67.5
67.5
67.5
67.0
67.0
67.0
67.0
67.0
67.0
67.0
67.5
67.5
67.5
67.5
67.5
67.5
67.5
69.5
69.5
69.5
69.5
66.75
66.75
66.75
72.0
72.0
72.0
97.0
