117.0
118.0
118.0
118.0
118.0
119.0
119.0
119.0
119.0
119.0
119.0
118.0
118.0
120.0
120.0
120.0
120.0
119.0
119.0
120.0
120.0
118.0
118.0
118.0
118.0
118.0
118.0
118.0
118.0
118.0
118.0
119.0
119.0
118.0
118.0
120.0
120.0
120.0
120.0
119.0
119.0
119.0
119.0
119.0
119.0
119.0
119.0
120.0
120.0
120.0
120.0
120.0
120.0
120.0
120.0
120.0
120.0
121.0
121.0
121.0
121.0
120.0
120.0
119.0
119.0
120.0
120.0
120.0
120.0
119.0
119.0
119.0
119.0
120.0
120.0
119.0
119.0
120.0
120.0
119.0
119.0
120.0
120.0
120.0
120.0
121.0
121.0
121.0
121.0
120.0
120.0
121.0
121.0
121.0
121.0
120.0
120.0
121.0
121.0
120.0
120.0
121.0
121.0
120.0
120.0
121.0
121.0
121.0
121.0
122.0
122.0
121.0
121.0
122.0
122.0
122.0
122.0
121.0
121.0
122.0
122.0
121.0
121.0
120.0
120.0
121.0
121.0
122.0
122.0
120.0
120.0
121.0
121.0
121.0
121.0
121.0
121.0
122.0
122.0
121.0
121.0
122.0
122.0
122.0
122.0
121.0
121.0
121.0
122.0
122.0
121.0
121.0
122.0
122.0
122.0
122.0
122.0
122.0
123.0
123.0
123.0
123.0
123.0
123.0
123.0
123.0
123.0
123.0
122.0
122.0
122.0
122.0
122.0
122.0
122.0
122.0
123.0
123.0
122.0
122.0
122.0
122.0
122.0
122.0
122.0
122.0
121.0
122.0
122.0
122.0
122.0
121.0
121.0
122.0
122.0
121.0
121.0
121.0
121.0
121.0
121.0
122.0
122.0
122.0
122.0
121.0
121.0
122.0
122.0
122.0
122.0
122.0
122.0
122.0
122.0
122.0
122.0
122.0
122.0
122.0
122.0
123.0
123.0
122.0
122.0
123.0
123.0
123.0
123.0
123.0
124.0
124.0
123.0
123.0
123.0
123.0
122.0
122.0
123.0
123.0
123.0
123.0
122.0
122.0
123.0
123.0
123.0
123.0
123.0
123.0
124.0
124.0
124.0
124.0
125.0
125.0
125.0
125.0
124.0
124.0
124.0
123.0
123.0
122.0
122.0
122.0
122.0
122.0
122.0
122.0
122.0
121.0
121.0
122.0
122.0
122.0
122.0
123.0
123.0
123.0
123.0
123.0
123.0
123.0
123.0
123.0
123.0
123.0
123.0
123.0
123.0
122.0
122.0
123.0
123.0
123.0
123.0
123.0
123.0
123.0
123.0
123.0
123.0
123.0
124.0
124.0
123.0
123.0
123.0
123.0
123.0
123.0
123.0
123.0
123.0
123.0
123.0
123.0
122.0
122.0
123.0
123.0
123.0
123.0
125.0
125.0
125.0
125.0
125.0
124.0
124.0
125.0
125.0
125.0
125.0
125.0
125.0
125.0
125.0
124.0
124.0
124.0
124.0
123.0
123.0
123.0
123.0
123.0
123.0
123.0
123.0
123.0
123.0
122.0
122.0
123.0
123.0
123.0
122.0
122.0
123.0
123.0
123.0
123.0
125.0
125.0
125.0
125.0
125.0
125.0
125.0
125.0
124.0
124.0
124.0
124.0
123.0
123.0
123.0
123.0
123.0
123.0
123.0
123.0
123.0
123.0
123.0
123.0
123.0
124.0
124.0
126.0
126.0
126.0
126.0
127.0
127.0
128.0
128.0
129.0
129.0
130.0
130.0
130.0
132.0
132.0
132.0
132.0
133.0
133.0
134.0
135.0
135.0
136.0
136.0
138.0
138.0
138.0
138.0
138.0
138.0
138.0
136.0
136.0
134.0
131.0
131.0
126.0
126.0
125.0
125.0
122.0
122.0
118.0
118.0
115.0
115.0
113.0
113.0
113.0
111.0
111.0
108.0
108.0
102.0
102.0
102.0
97.0
97.0
95.0
95.0
95.0
84.0
84.0
84.0
84.0
64.0
64.0
64.0
67.0
67.0
67.0
67.0
67.0
67.0
67.0
69.0
69.0
69.0
69.0
72.0
72.0
72.0
67.0
67.0
67.0
67.0
66.0
66.0
66.0
66.0
60.0
60.0
60.0
60.0
60.0
60.0
60.0
60.0
56.0
56.0
56.0
56.0
60.0
60.0
60.0
60.0
60.0
60.0
60.0
60.0
60.0
60.0
60.0
60.0
59.0
59.0
59.0
59.0
55.0
55.0
55.0
55.0
55.0
55.0
55.0
55.0
55.0
55.0
55.0
55.0
55.0
59.0
59.0
59.0
59.0
52.0
52.0
52.0
52.0
52.0
56.0
56.0
56.0
56.0
55.0
55.0
55.0
55.0
55.0
55.0
54.0
53.0
52.0
51.0
50.0
50.0
50.0
50.0
58.0
58.0
58.0
58.0
64.0
64.0
64.0
72.0
72.0
72.0
72.0
75.0
75.0
87.0
87.0
87.0
101.0
101.0
101.0
101.0
103.0
103.0
103.0
103.0
103.0
105.0
105.0
103.0
103.0
103.0
104.0
104.0
104.0
104.0
110.0
110.0
112.0
112.0
116.0
116.0
118.0
118.0
121.0
121.0
122.0
122.0
124.0
124.0
126.0
126.0
127.0
127.0
128.0
128.0
129.0
129.0
128.0
128.0
128.0
127.0
127.0
126.0
126.0
123.0
123.0
125.0
125.0
124.0
124.0
122.0
122.0
122.0
122.0
121.0
121.0
120.0
120.0
120.0
120.0
120.0
120.0
119.0
119.0
121.0
121.0
121.0
121.0
122.0
122.0
121.0
121.0
120.0
120.0
120.0
120.0
119.0
119.0
119.0
119.0
119.0
119.0
118.0
118.0
119.0
119.0
119.0
119.0
118.0
118.0
117.0
117.0
118.0
118.0
118.0
118.0
117.0
117.0
118.0
118.0
117.0
117.0
116.0
116.0
117.0
117.0
117.0
117.0
117.0
117.0
118.0
118.0
118.0
118.0
119.0
119.0
119.0
119.0
119.0
119.0
118.0
118.0
119.0
119.0
120.0
120.0
120.0
120.0
118.0
118.0
119.0
119.0
118.0
118.0
118.0
118.0
118.0
118.0
118.0
120.0
120.0
120.0
120.0
119.0
119.0
120.0
120.0
120.0
120.0
120.0
120.0
119.0
119.0
119.0
119.0
119.0
119.0
118.0
118.0
119.0
119.0
118.0
118.0
118.0
118.0
119.0
119.0
119.0
119.0
120.0
120.0
120.0
120.0
120.0
120.0
120.0
120.0
119.0
119.0
119.0
119.0
118.0
118.0
118.0
118.0
117.0
117.0
119.0
119.0
120.0
120.0
121.0
121.0
120.0
120.0
121.0
121.0
122.0
122.0
120.0
120.0
121.0
121.0
120.0
120.0
121.0
121.0
121.0
121.0
121.0
122.0
122.0
120.0
120.0
120.0
120.0
120.0
120.0
121.0
121.0
120.0
120.0
121.0
121.0
122.0
122.0
122.0
122.0
122.0
122.0
121.0
121.0
121.0
121.0
122.0
122.0
121.0
121.0
121.0
121.0
124.0
124.0
125.0
125.0
125.0
125.0
125.0
125.0
123.0
123.0
123.0
123.0
122.0
122.0
121.0
121.0
120.0
120.0
120.0
120.0
120.0
120.0
120.0
120.0
122.0
121.0
121.0
123.0
123.0
122.0
122.0
122.0
122.0
121.0
121.0
121.0
121.0
120.0
120.0
120.0
122.0
122.0
122.0
121.0
121.0
122.0
122.0
122.0
122.0
123.0
123.0
123.0
123.0
123.0
123.0
123.0
123.0
124.0
124.0
123.0
123.0
123.0
123.0
122.0
122.0
123.0
123.0
123.0
124.0
124.0
123.0
123.0
123.0
123.0
124.0
124.0
126.0
126.0
126.0
126.0
126.0
126.0
127.0
127.0
128.0
128.0
128.0
130.0
130.0
131.0
131.0
132.0
132.0
133.0
133.0
135.0
136.0
136.0
137.0
137.0
136.0
136.0
136.0
134.0
134.0
132.86666666666667
131.73333333333332
130.6
129.46666666666667
128.33333333333334
127.2
126.06666666666666
124.93333333333334
123.8
122.66666666666667
121.53333333333333
120.4
119.26666666666667
118.13333333333334
117.0
117.0
122.0
122.0
123.0
123.0
121.0
121.0
120.0
120.0
112.0
112.0
102.0
102.0
102.0
100.0
100.0
99.20689655172414
98.41379310344827
97.62068965517241
96.82758620689656
96.03448275862068
95.24137931034483
94.44827586206897
93.65517241379311
92.86206896551724
92.06896551724138
91.27586206896552
90.48275862068965
89.6896551724138
88.89655172413794
88.10344827586206
87.3103448275862
86.51724137931035
85.72413793103448
84.93103448275862
84.13793103448276
83.34482758620689
82.55172413793103
81.75862068965517
80.9655172413793
80.17241379310344
79.37931034482759
78.58620689655173
77.79310344827586
77.0
77.0
77.0
77.0
65.0
65.0
65.0
67.0
67.0
67.0
67.0
68.0
68.0
68.0
68.0
68.0
68.0
68.0
69.0
69.0
69.0
70.0
70.0
70.0
70.0
66.0
66.0
66.0
66.0
65.0
65.0
65.0
62.0
62.0
62.0
62.0
61.0
61.0
61.0
61.0
60.0
60.0
60.0
60.0
62.0
62.0
62.0
62.0
66.0
66.0
66.0
70.0
70.0
70.0
75.0
75.0
75.0
80.0
80.0
80.0
84.0
84.0
84.0
96.0
96.0
109.0
109.0
111.0
111.0
114.0
114.0
112.0
112.0
114.0
114.0
112.0
112.0
112.0
115.0
115.0
113.0
113.0
113.0
113.0
114.0
114.0
115.0
115.0
118.0
118.0
120.0
120.0
120.0
120.0
120.0
120.0
122.0
122.0
123.0
123.0
124.0
124.0
126.0
126.0
126.0
127.0
127.0
127.0
127.0
127.0
127.0
127.0
127.0
126.0
126.0
127.0
127.0
127.0
127.0
124.0
124.0
123.0
123.0
122.0
122.0
122.0
122.0
121.0
121.0
121.0
122.0
122.0
120.0
120.0
120.0
120.0
121.0
121.0
120.0
120.0
120.0
120.0
120.0
120.0
120.0
120.0
120.0
120.0
121.0
121.0
122.0
122.0
122.0
122.0
122.0
122.0
123.0
123.0
122.0
122.0
122.0
122.0
121.0
121.0
121.0
121.0
121.0
121.0
121.0
121.0
120.0
120.0
120.0
120.0
120.0
120.0
120.0
120.0
119.0
119.0
119.0
119.0
118.0
118.0
120.0
120.0
119.0
119.0
119.0
119.0
120.0
120.0
120.0
120.0
121.0
121.0
121.0
121.0
121.0
121.0
122.0
122.0
123.0
123.0
123.0
123.0
123.0
123.0
123.0
123.0
123.0
123.0
121.0
121.0
121.0
121.0
120.0
120.0
120.0
120.0
119.0
120.0
120.0
121.0
121.0
121.0
121.0
120.0
120.0
120.0
120.0
120.0
120.0
119.0
119.0
119.0
119.0
118.0
118.0
118.0
118.0
118.0
118.0
118.0
119.0
119.0
120.0
121.0
121.0
121.0
121.0
122.0
122.0
122.0
122.0
123.0
123.0
122.0
122.0
123.0
123.0
124.0
124.0
125.0
125.0
126.0
126.0
124.0
124.0
125.0
125.0
124.0
124.0
123.0
123.0
122.0
122.0
122.0
122.0
120.0
120.0
120.0
120.0
120.0
120.0
121.0
121.0
120.0
120.0
120.0
121.0
121.0
120.0
120.0
120.0
120.0
120.0
120.0
120.0
120.0
120.0
120.0
121.0
121.0
122.0
122.0
122.0
122.0
122.0
122.0
122.0
122.0
121.0
121.0
122.0
122.0
122.0
122.0
121.0
121.0
121.0
121.0
121.0
121.0
121.0
121.0
120.0
120.0
120.0
120.0
122.0
122.0
122.0
122.0
122.0
122.0
121.0
121.0
121.0
121.0
120.0
120.0
121.0
121.0
120.0
120.0
119.0
119.0
119.0
119.0
119.0
119.0
120.0
120.0
120.0
120.0
120.0
120.0
121.0
121.0
121.0
121.0
120.0
120.0
120.0
120.0
121.0
121.0
120.0
120.0
122.0
122.0
122.0
122.0
121.0
121.0
121.0
122.0
122.0
123.0
123.0
122.0
122.0
122.0
122.0
121.0
121.0
121.0
121.0
120.0
120.0
121.0
121.0
121.0
121.0
121.0
121.0
120.0
120.0
121.0
121.0
121.0
121.0
122.0
122.0
122.0
122.0
121.0
121.0
122.0
122.0
122.0
122.0
121.0
121.0
121.0
121.0
120.0
120.0
120.0
120.0
120.0
120.0
120.0
120.0
120.0
120.0
120.0
120.0
122.0
122.0
122.0
122.0
122.0
122.0
121.0
121.0
121.0
121.0
122.0
121.0
121.0
121.0
121.0
121.0
121.0
121.0
121.0
121.0
121.0
121.0
121.0
121.0
121.0
121.0
121.0
121.0
121.0
121.0
121.0
120.0
120.0
120.0
120.0
122.0
122.0
121.0
121.0
121.0
121.0
122.0
122.0
121.0
121.0
120.0
120.0
120.0
120.0
120.0
120.0
120.0
120.0
121.0
121.0
120.0
120.0
121.0
121.0
121.0
121.0
121.0
121.0
121.0
121.0
121.0
121.0
120.0
120.0
120.0
120.0
120.0
120.0
120.0
120.0
120.0
120.0
120.0
120.0
120.0
120.0
120.0
120.0
120.0
120.0
120.0
120.0
120.0
120.0
120.0
120.0
120.0
120.0
121.0
121.0
121.0
121.0
122.0
122.0
122.0
122.0
122.0
123.0
123.0
123.0
123.0
124.0
124.0
123.0
123.0
123.0
123.0
123.0
123.0
123.0
123.0
123.0
123.0
124.0
124.0
123.0
123.0
124.0
124.0
124.0
124.0
125.0
125.0
124.0
124.0
123.0
124.0
124.0
125.0
125.0
125.0
125.0
126.0
126.0
126.0
126.0
126.0
126.0
123.0
123.0
121.0
121.0
116.0
116.0
110.0
110.0
103.0
103.0
103.0
100.0
100.0
96.0
96.0
96.0
99.0
99.0
97.0
97.0
97.0
95.0
95.0
92.0
92.0
92.0
81.0
81.0
81.0
81.0
64.0
64.0
64.0
72.0
72.0
72.0
77.0
77.0
77.0
78.0
78.0
78.0
78.0
60.0
60.0
60.0
60.0
63.0
63.0
63.0
63.0
66.0
66.0
66.0
66.0
64.0
64.0
64.0
61.0
61.0
61.0
61.0
61.0
61.0
61.0
61.0
62.0
62.0
62.0
62.0
61.0
61.0
61.0
61.0
63.0
63.0
63.0
63.0
62.0
62.0
62.0
65.0
65.0
65.0
65.0
62.0
62.0
62.0
62.0
66.0
66.0
66.0
72.0
72.0
72.0
74.0
74.0
74.0
77.0
77.0
77.0
77.0
76.0
76.0
76.0
75.0
75.0
75.0
74.0
74.0
74.0
71.0
71.0
71.0
71.0
71.0
71.0
71.0
73.0
73.0
73.0
76.0
76.0
76.0
75.0
75.0
75.0
77.0
77.0
77.0
84.0
84.0
84.0
88.0
88.0
88.0
90.0
90.0
104.0
104.0
106.0
106.0
107.0
107.0
107.0
108.0
108.0
109.0
109.0
109.0
109.0
110.0
110.0
111.0
111.0
114.0
114.0
113.0
113.0
113.0
115.0
115.0
115.0
115.0
117.0
117.0
119.0
119.0
121.0
121.0
122.0
122.0
123.0
124.0
124.0
124.0
124.0
125.0
125.0
124.0
124.0
123.0
123.0
122.0
122.0
122.0
122.0
124.0
124.0
121.0
121.0
121.0
121.0
121.0
121.0
121.0
121.0
122.0
122.0
122.0
122.0
121.0
121.0
121.0
121.0
120.0
120.0
119.0
119.0
119.0
119.0
120.0
120.0
120.0
120.0
121.0
121.0
120.0
120.0
119.0
119.0
119.0
119.0
120.0
120.0
120.0
120.0
120.0
120.0
120.0
120.0
120.0
120.0
120.0
120.0
120.0
120.0
121.0
121.0
120.0
120.0
120.0
120.0
121.0
121.0
120.0
120.0
120.0
120.0
118.0
118.0
119.0
119.0
119.0
119.0
120.0
120.0
118.0
118.0
119.0
119.0
119.0
119.0
119.0
119.0
119.0
119.0
119.0
119.0
119.0
119.0
120.0
120.0
120.0
120.0
120.0
120.0
119.0
119.0
119.0
119.0
118.0
118.0
118.0
118.0
117.0
117.0
119.0
119.0
119.0
119.0
119.0
119.0
120.0
120.0
120.0
120.0
120.0
120.0
120.0
120.0
120.0
120.0
120.0
120.0
120.0
120.0
119.0
119.0
120.0
120.0
119.0
119.0
118.0
118.0
118.0
118.0
119.0
119.0
119.0
119.0
120.0
120.0
120.0
120.0
119.0
119.0
119.0
119.0
120.0
120.0
120.0
120.0
120.0
120.0
119.0
119.0
118.0
118.0
118.0
118.0
119.0
119.0
120.0
120.0
120.0
120.0
119.0
119.0
119.0
119.0
120.0
120.0
121.0
121.0
121.0
121.0
118.0
118.0
121.0
121.0
122.0
122.0
124.0
124.0
124.0
124.0
121.0
121.0
123.0
123.0
124.0
124.0
123.0
122.0
122.0
120.0
120.0
120.0
120.0
119.0
119.0
119.0
119.0
119.0
119.0
119.0
119.0
120.0
120.0
120.0
118.0
121.0
121.0
122.0
122.0
123.0
123.0
123.0
123.0
121.0
121.0
123.0
123.0
125.0
125.0
127.0
127.0
126.0
126.0
126.0
126.0
126.0
126.0
124.0
124.0
123.0
123.0
122.0
122.0
121.0
121.0
121.0
121.0
121.0
120.0
120.0
120.0
120.0
120.0
120.0
121.0
121.0
120.0
120.0
121.0
121.0
122.0
122.0
122.0
122.0
121.0
121.0
122.0
122.0
122.0
122.0
122.0
122.0
122.0
122.0
123.0
123.0
121.0
121.0
122.0
122.0
122.0
122.0
122.0
122.0
123.0
123.0
122.0
122.0
123.0
123.0
124.0
124.0
124.0
126.0
126.0
125.0
125.0
126.0
126.0
127.0
127.0
126.0
126.0
127.0
127.0
129.0
129.0
129.0
129.6
130.2
130.8
131.4
132.0
132.6
133.2
133.8
134.4
135.0
135.0
135.0
135.0
135.0
135.0
135.0
135.0
135.0
134.0
134.0
133.0
133.0
133.0
133.0
133.0
133.0
133.0
134.0
134.0
133.0
133.0
133.0
133.0
132.0
132.0
129.0
128.0
128.0
127.0
127.0
126.0
126.0
126.0
126.0
125.0
125.0
124.0
124.0
123.0
123.0
123.0
123.0
122.0
122.0
120.0
120.0
115.0
115.0
112.0
112.0
104.0
104.0
104.0
101.0
101.0
98.0
98.0
98.0
98.0
98.0
99.0
99.0
98.0
98.0
98.0
99.0
99.0
98.0
98.0
98.0
98.0
98.0
98.0
98.91666666666667
99.83333333333333
100.75
101.66666666666667
102.58333333333333
103.5
104.41666666666667
105.33333333333333
106.25
107.16666666666667
108.08333333333333
109.0
109.0
112.0
112.0
112.0
112.0
114.0
114.0
112.0
112.0
113.0
113.0
114.0
114.0
114.0
113.0
113.0
114.0
114.0
117.0
117.0
119.0
119.0
120.0
120.0
121.0
121.0
122.0
122.0
125.0
125.0
125.0
127.0
127.0
127.0
127.0
127.0
127.0
127.0
127.0
126.0
126.0
126.0
126.0
126.0
126.0
126.0
126.0
125.0
125.0
125.0
124.0
124.0
122.0
122.0
123.0
123.0
123.0
123.0
122.0
122.0
123.0
123.0
123.0
123.0
122.0
122.0
123.0
123.0
123.0
123.0
123.0
123.0
123.0
123.0
125.0
125.0
126.0
126.0
126.0
127.0
127.0
126.0
126.0
125.0
125.0
123.0
123.0
123.0
123.0
123.0
123.0
123.0
123.0
123.0
123.0
124.0
124.0
124.0
124.0
123.0
123.0
124.0
124.0
124.0
124.0
124.0
123.0
123.0
121.0
121.0
121.0
121.0
121.0
121.0
120.0
120.0
119.0
119.0
118.0
118.0
118.0
118.0
117.0
117.0
119.0
119.0
119.0
119.0
119.0
119.0
120.0
120.0
120.0
120.0
119.0
119.0
119.0
119.0
118.0
118.0
118.0
118.0
118.0
119.0
119.0
118.0
118.0
118.0
118.0
118.0
118.0
118.0
118.0
119.0
119.0
119.0
119.0
119.0
119.0
119.0
119.0
119.0
119.0
119.0
119.0
120.0
120.0
120.0
120.0
120.0
120.0
120.0
120.0
120.0
120.0
120.0
120.0
121.0
121.0
122.0
122.0
121.0
121.0
121.0
120.0
120.0
121.0
121.0
121.0
121.0
120.0
120.0
121.0
121.0
121.0
121.0
120.0
120.0
121.0
121.0
121.0
121.0
120.0
120.0
121.0
121.0
121.0
121.0
121.0
121.0
121.0
121.0
121.0
121.0
121.0
121.0
122.0
122.0
122.0
122.0
122.0
122.0
122.0
122.0
123.0
123.0
122.0
122.0
123.0
123.0
124.0
124.0
125.0
125.0
125.0
125.0
125.0
125.0
125.0
125.0
125.0
123.0
123.0
122.0
122.0
122.0
122.0
120.0
120.0
120.0
120.0
120.0
120.0
120.0
120.0
120.0
120.0
121.0
121.0
121.0
121.0
122.0
122.0
121.0
121.0
121.0
121.0
122.0
122.0
121.0
121.0
122.0
122.0
121.0
121.0
121.0
121.0
121.0
121.0
121.0
121.0
121.0
121.0
121.0
121.0
121.0
121.0
121.0
122.0
122.0
122.0
122.0
121.0
121.0
121.0
121.0
121.0
121.0
122.0
122.0
121.0
121.0
121.0
121.0
121.0
121.0
122.0
122.0
121.0
121.0
121.0
121.0
120.0
120.0
122.0
122.0
121.0
121.0
122.0
122.0
122.0
122.0
122.0
122.0
122.0
122.0
122.0
122.0
121.0
121.0
121.0
121.0
121.0
121.0
121.0
121.0
122.0
122.0
122.0
122.0
122.0
122.0
122.0
122.0
122.0
122.0
122.0
121.0
121.0
122.0
122.0
121.0
121.0
121.0
121.0
121.0
121.0
122.0
122.0
121.0
121.0
122.0
122.0
121.0
121.0
121.0
121.0
122.0
122.0
122.0
122.0
121.0
121.0
122.0
122.0
121.0
121.0
120.0
120.0
120.0
120.0
121.0
121.0
120.0
120.0
121.0
121.0
121.0
121.0
121.0
121.0
121.0
121.0
121.0
121.0
121.0
121.0
121.0
121.0
121.0
121.0
121.0
121.0
122.0
122.0
121.0
121.0
121.0
121.0
121.0
120.0
120.0
120.0
120.0
121.0
121.0
121.0
121.0
120.0
120.0
121.0
121.0
121.0
121.0
121.0
121.0
121.0
121.0
122.0
122.0
121.0
121.0
120.0
120.0
120.0
120.0
120.0
120.0
120.0
120.0
120.0
120.0
121.0
121.0
121.0
121.0
120.0
120.0
121.0
121.0
121.0
121.0
120.0
120.0
120.0
120.0
120.0
120.0
121.0
121.0
121.0
121.0
121.0
121.0
121.0
121.0
121.0
121.0
121.0
121.0
122.0
122.0
122.0
122.0
122.0
122.0
123.0
123.0
122.0
122.0
123.0
123.0
123.0
123.0
123.0
123.0
123.0
124.0
124.0
123.0
123.0
124.0
124.0
125.0
125.0
125.0
125.0
126.0
126.0
127.0
127.0
127.0
127.0
128.0
128.0
128.0
129.0
129.0
129.0
129.0
131.0
131.0
131.0
131.0
132.0
133.0
133.0
133.0
133.0
133.0
133.0
133.0
133.0
134.0
134.0
134.0
134.0
134.0
133.0
133.0
133.0
131.0
131.0
131.0
131.0
128.0
128.0
128.0
128.0
127.0
127.0
125.0
125.0
124.0
124.0
120.0
120.0
118.0
118.0
112.0
112.0
106.0
106.0
106.0
98.0
98.0
93.0
93.0
93.0
93.0
93.0
89.0
89.0
89.0
88.0
88.0
88.0
89.0
89.0
89.0
87.0
87.0
82.0
82.0
82.0
84.0
84.0
84.0
85.0
85.0
85.0
82.0
82.0
82.0
77.0
77.0
77.0
77.0
70.0
70.0
70.0
65.0
65.0
65.0
65.0
68.0
68.0
68.0
67.0
67.0
67.0
67.0
60.0
60.0
60.0
60.0
65.0
65.0
65.0
74.0
74.0
74.0
78.0
78.0
78.0
80.0
80.0
80.0
81.0
81.0
81.0
80.0
80.0
80.0
77.0
77.0
77.0
76.0
76.0
76.0
81.0
81.0
81.0
83.0
83.0
83.0
84.0
84.0
84.0
86.0
86.0
86.0
86.0
86.0
86.0
86.0
86.0
88.0
88.0
88.0
92.0
92.0
104.0
104.0
112.0
112.0
115.0
115.0
116.0
116.0
117.0
117.0
119.0
119.0
119.0
119.0
120.0
120.0
119.0
119.0
120.0
120.0
120.0
120.0
120.0
120.0
121.0
121.0
121.0
121.0
122.0
122.0
124.0
124.0
125.0
125.0
125.0
125.0
125.0
125.0
126.0
126.0
126.0
126.0
126.0
126.0
126.0
126.0
126.0
125.0
125.0
125.0
125.0
122.0
122.0
124.0
124.0
122.0
122.0
123.0
123.0
123.0
123.0
125.0
125.0
124.0
124.0
124.0
124.0
125.0
124.0
124.0
123.0
123.0
122.0
122.0
122.0
122.0
120.0
120.0
120.0
120.0
119.0
119.0
118.0
118.0
118.0
118.0
117.0
117.0
118.0
118.0
118.0
118.0
119.0
119.0
119.0
119.0
120.0
120.0
119.0
119.0
119.0
119.0
119.0
118.0
118.0
117.0
117.0
116.0
116.0
116.0
116.0
115.0
115.0
114.0
114.0
115.0
115.0
115.0
115.0
115.0
115.0
115.0
115.0
115.0
115.0
116.0
116.0
116.0
116.0
116.0
116.0
116.0
116.0
116.0
117.0
117.0
116.0
116.0
116.0
116.0
115.0
115.0
116.0
116.0
115.0
115.0
116.0
116.0
116.0
116.0
116.0
116.0
116.0
116.0
116.0
116.0
116.0
116.0
116.0
116.0
115.0
115.0
115.0
115.0
115.0
115.0
115.0
116.0
116.0
116.0
116.0
118.0
118.0
118.0
118.0
118.0
118.0
119.0
119.0
117.0
117.0
117.0
117.0
117.0
117.0
116.0
116.0
115.0
115.0
115.075
115.15
115.225
115.3
115.375
115.45
115.525
115.6
115.675
115.75
115.825
115.9
115.975
116.05
116.125
116.2
116.275
116.35
116.425
116.5
116.575
116.65
116.725
116.8
116.875
116.95
117.025
117.1
117.175
117.25
117.325
117.4
117.475
117.55
117.625
117.7
117.775
117.85
117.925
118.0
118.0
118.0
118.0
118.0
118.0
120.0
120.0
120.0
120.0
120.0
120.0
121.0
121.0
121.0
121.0
123.0
123.0
123.0
123.0
122.0
123.0
123.0
123.0
123.0
123.0
123.0
123.0
123.0
121.0
121.0
120.0
120.0
119.0
119.0
123.0
123.0
123.0
123.0
123.0
123.0
122.0
122.0
123.0
123.0
122.0
122.0
123.0
123.0
121.0
121.0
121.0
122.0
123.0
123.0
123.0
123.0
122.0
122.0
122.0
122.0
123.0
123.0
123.0
123.0
123.0
122.0
122.0
122.0
122.0
122.0
122.0
120.0
120.0
120.0
120.0
120.0
120.0
120.0
120.0
121.0
121.0
121.0
121.0
121.0
121.0
120.0
120.0
120.0
120.0
120.0
120.0
120.0
120.0
120.0
120.0
119.0
119.0
121.0
121.0
120.0
120.0
120.0
120.0
120.0
120.0
119.0
119.0
117.0
117.0
118.0
118.0
116.0
116.0
115.0
115.0
115.0
115.0
114.0
114.0
114.0
113.0
113.0
113.0
113.0
114.0
114.0
112.0
112.0
114.0
114.0
114.0
114.0
114.0
114.0
114.0
114.0
115.0
115.0
114.0
114.0
114.0
114.0
114.0
114.0
114.0
113.0
113.0
113.16666666666667
113.33333333333333
113.5
113.66666666666667
113.83333333333333
114.0
114.16666666666667
114.33333333333333
114.5
114.66666666666667
114.83333333333333
115.0
115.16666666666667
115.33333333333333
115.5
115.66666666666667
115.83333333333333
116.0
116.16666666666667
116.33333333333333
116.5
116.66666666666667
116.83333333333333
117.0
117.16666666666667
117.33333333333333
117.5
117.66666666666667
117.83333333333333
118.0
118.16666666666667
118.33333333333333
118.5
118.66666666666667
118.83333333333333
119.0
119.0
119.0
119.0
118.0
118.0
117.0
117.0
118.0
118.0
117.0
117.0
117.0
117.0
117.0
117.0
117.0
116.0
117.0
117.0
117.0
117.0
117.0
117.0
118.0
118.0
118.0
118.0
119.0
119.0
118.0
118.0
118.0
118.0
118.0
118.0
118.0
119.0
119.0
119.0
119.0
118.0
118.0
118.0
118.0
118.0
118.0
119.0
119.0
120.0
120.0
121.0
121.0
123.0
124.0
124.0
125.0
125.0
126.0
126.0
127.0
127.0
129.0
129.0
131.0
131.0
132.0
132.0
132.0
135.0
135.0
135.0
135.0
136.0
138.0
138.0
138.0
138.0
139.0
139.0
140.0
140.0
140.0
141.0
141.0
141.0
141.0
141.42857142857142
141.85714285714286
142.28571428571428
142.71428571428572
143.14285714285714
143.57142857142858
144.0
144.0
144.0
144.0
144.0
145.0
145.0
145.0
146.0
146.0
147.0
147.0
147.0
147.0
147.0
147.22222222222223
147.44444444444446
147.66666666666666
147.88888888888889
148.11111111111111
148.33333333333334
148.55555555555554
148.77777777777777
149.0
149.0
147.0
140.0
140.0
117.0
117.0
112.0
112.0
112.0
111.0
111.0
107.0
107.0
106.0
106.0
106.0
100.0
100.0
97.0
97.0
97.0
91.0
91.0
89.0
89.0
89.0
86.0
86.0
86.0
86.0
86.0
86.0
81.0
81.0
81.0
83.0
83.0
85.0
85.0
85.0
84.0
84.0
84.0
79.0
79.0
79.0
79.0
69.0
69.0
69.0
68.0
68.0
68.0
68.0
72.0
72.0
72.0
73.0
73.0
73.0
69.0
69.0
69.0
69.0
70.0
70.0
70.0
71.0
71.0
71.0
80.0
80.0
80.0
84.0
84.0
84.0
86.0
86.0
88.0
88.0
88.0
90.0
90.0
97.0
97.0
97.0
108.0
108.0
110.0
110.0
113.0
113.0
114.0
114.0
116.0
116.0
118.0
118.0
119.0
119.0
120.0
120.0
122.0
122.0
122.0
122.0
122.0
122.0
124.0
124.0
125.0
125.0
126.0
126.0
126.0
128.0
128.0
128.0
128.0
129.0
129.0
128.0
128.0
128.0
129.0
128.0
128.0
127.0
127.0
127.0
125.0
125.0
125.0
125.0
125.0
125.0
124.0
124.0
122.0
122.0
122.0
122.0
123.0
123.0
122.0
122.0
122.0
122.0
123.0
123.0
122.0
122.0
124.0
124.0
122.0
122.0
122.0
122.0
122.0
122.0
120.0
120.0
121.0
121.0
122.0
122.0
122.0
126.0
126.0
126.0
126.0
126.55555555555556
127.11111111111111
127.66666666666667
128.22222222222223
128.77777777777777
129.33333333333334
129.88888888888889
130.44444444444446
131.0
128.0
128.0
123.0
123.0
120.0
120.0
119.0
119.0
120.0
120.0
122.0
122.0
122.0
122.0
121.0
121.0
120.0
120.0
120.0
120.0
122.0
122.0
123.0
123.0
121.0
121.0
124.0
124.0
128.0
128.0
129.0
129.0
131.0
132.0
132.0
133.0
133.0
134.0
134.0
135.0
135.0
135.0
136.0
136.0
136.0
136.0
138.0
138.0
136.0
135.625
135.25
134.875
134.5
134.125
133.75
133.375
133.0
133.0
132.0
132.0
130.0
130.0
128.0
128.0
124.0
124.0
117.65
111.3
104.94999999999999
98.6
99.4
100.2
101.0
101.8
102.6
103.4
104.2
105.0
105.8
106.6
107.4
108.2
109.0
109.8
110.6
111.4
112.2
113.0
113.8
114.6
115.4
116.2
117.0
117.8
118.6
119.4
120.2
121.0
121.0
121.0
121.0
119.0
119.0
119.0
119.0
118.0
118.0
117.0
117.0
101.0
101.0
102.08333333333333
103.16666666666667
104.25
105.33333333333333
106.41666666666667
107.5
108.58333333333333
109.66666666666667
110.75
111.83333333333333
112.91666666666667
114.0
115.08333333333333
116.16666666666667
117.25
118.33333333333333
119.41666666666667
120.5
121.58333333333333
122.66666666666667
123.75
124.83333333333333
125.91666666666667
127.0
127.0
125.0
125.0
124.0
124.0
121.0
121.0
121.0
121.0
120.0
120.0
120.0
120.0
120.0
120.0
120.0
120.0
121.0
121.0
122.0
122.0
121.0
121.0
121.0
121.0
119.0
119.0
116.0
116.0
115.0
115.0
116.0
116.0
116.0
116.0
114.0
114.0
116.0
116.0
117.0
117.0
117.0
117.0
116.0
116.0
117.0
117.0
116.0
116.0
116.0
119.0
119.0
118.0
118.0
120.0
120.0
120.0
120.0
120.0
121.0
121.0
123.0
123.0
121.0
121.0
122.0
122.0
122.0
122.0
120.0
120.0
118.0
118.0
119.0
119.0
119.0
119.0
118.0
118.0
119.0
119.0
117.0
117.0
119.0
119.0
119.0
119.0
118.0
118.0
120.0
120.0
119.0
119.0
120.0
120.0
119.0
119.0
120.0
120.0
119.0
119.0
120.0
120.0
119.0
119.0
119.0
119.0
120.0
120.0
120.0
120.0
120.0
120.0
120.0
120.0
121.0
121.0
120.0
120.0
118.0
118.0
120.0
120.0
120.0
120.0
118.0
118.0
119.0
119.0
119.0
118.0
118.0
120.0
120.0
120.0
120.0
120.0
120.0
116.0
116.0
116.0
116.0
117.0
117.0
119.0
119.0
119.0
119.0
119.0
119.0
120.0
120.0
120.0
120.0
120.0
120.0
120.0
120.0
120.0
120.0
121.0
121.0
121.0
121.0
121.0
121.0
121.0
121.0
121.0
121.0
119.0
119.0
118.0
118.0
120.0
120.0
119.0
119.0
120.0
120.0
117.0
117.0
116.0
116.0
120.0
120.0
120.0
120.0
120.0
120.0
119.0
119.0
119.0
119.0
118.0
118.0
119.0
119.0
120.0
120.0
119.0
119.0
121.0
121.0
120.0
120.0
119.0
119.0
119.0
119.0
120.0
120.0
119.0
119.0
121.0
121.0
122.0
122.0
122.0
122.0
121.0
121.0
120.0
120.0
121.0
121.0
120.0
120.0
120.0
120.0
120.0
120.0
119.0
119.0
120.0
120.0
120.0
120.0
121.0
121.0
120.0
120.0
120.0
121.0
121.0
122.0
122.0
123.0
123.0
121.0
121.0
123.0
123.0
123.0
123.0
120.0
120.0
122.0
122.0
120.0
120.0
121.0
121.0
120.0
120.0
120.0
120.0
120.0
120.0
120.0
120.0
121.0
121.0
121.0
121.0
122.0
122.0
121.0
121.0
121.0
121.0
123.0
123.0
120.0
120.0
122.0
122.0
123.0
123.0
121.0
121.0
122.0
122.0
123.0
123.0
121.0
121.0
120.0
120.0
121.0
121.0
120.0
120.0
120.0
120.0
120.0
120.0
121.0
123.0
123.0
125.0
125.0
125.0
125.0
125.0
125.0
125.0
125.0
125.0
125.0
123.0
123.0
124.0
124.0
125.0
125.0
124.0
124.0
124.0
124.0
123.0
123.0
122.0
122.0
121.0
121.0
121.0
123.0
123.0
121.0
121.0
121.0
121.0
121.0
121.0
120.0
120.0
120.0
120.0
119.0
119.0
120.0
120.0
119.0
119.0
120.0
120.0
121.0
121.0
121.0
121.0
121.0
121.0
122.0
122.0
122.0
122.0
122.0
122.0
123.0
123.0
125.0
125.0
126.0
126.0
126.0
126.0
126.0
126.0
127.0
127.0
127.0
126.0
126.0
125.0
125.0
122.0
122.0
122.0
122.0
125.0
125.0
126.0
126.0
126.0
126.0
127.0
127.0
128.0
128.0
129.0
129.0
129.0
131.0
131.0
132.0
132.0
133.0
133.0
135.0
135.0
135.0
135.3846153846154
135.76923076923077
136.15384615384616
136.53846153846155
136.92307692307693
137.30769230769232
137.69230769230768
138.07692307692307
138.46153846153845
138.84615384615384
139.23076923076923
139.6153846153846
140.0
140.0
140.0
140.0
140.0
139.0
139.0
138.0
138.0
136.0
136.0
135.0
135.0
135.0
135.0
135.0
135.0
135.0
135.0
135.0
135.0
135.0
135.0
135.0
135.0
136.0
137.0
137.0
138.0
138.0
138.0
138.0
138.0
139.0
139.0
138.0
138.0
138.0
138.0
137.0
136.0
136.0
136.0
136.0
136.0
136.0
136.0
137.0
137.0
138.0
138.0
136.0
136.0
136.0
135.0
135.0
130.0
130.0
118.0
118.0
111.0
111.0
111.0
108.0
108.0
101.0
101.0
104.0
104.0
104.0
101.0
101.0
97.0
97.0
97.0
99.0
99.0
97.0
97.0
97.0
93.0
93.0
88.0
88.0
88.0
90.0
90.0
90.0
89.0
89.0
89.0
89.0
89.0
86.0
86.0
86.0
85.0
85.0
85.0
86.0
86.0
84.0
84.0
84.0
87.0
87.0
87.0
89.0
89.0
89.0
87.0
87.0
87.0
91.0
91.0
92.0
92.0
94.0
94.0
94.0
94.0
95.0
100.0
100.0
100.0
105.0
105.0
108.0
108.0
111.0
111.0
112.0
112.0
114.0
114.0
115.0
115.0
118.0
118.0
120.0
120.0
122.0
122.0
126.0
126.0
128.0
128.0
128.0
128.0
129.0
129.0
129.0
129.0
130.0
131.0
131.0
131.0
131.0
130.0
130.0
130.0
130.0
131.0
131.0
131.0
131.0
131.0
131.0
131.0
130.0
130.0
129.0
129.0
128.0
129.0
129.0
128.0
128.0
127.0
127.0
127.0
127.0
127.0
127.0
128.0
128.0
127.0
127.0
127.0
127.0
127.0
127.0
127.0
127.0
127.0
127.0
127.0
127.0
127.0
128.0
128.0
130.0
130.0
131.0
132.0
132.0
131.0
131.0
131.0
131.0
130.0
130.0
128.0
128.0
127.0
127.0
126.0
126.0
126.0
125.0
125.0
123.0
123.0
124.0
124.0
124.0
124.0
124.0
124.0
125.0
125.0
123.0
123.0
124.0
124.0
124.0
124.0
123.0
123.0
123.0
123.0
122.0
122.0
122.0
122.0
122.0
121.0
121.0
121.0
121.0
121.0
121.0
121.0
121.0
122.0
122.0
123.0
123.0
122.0
122.0
121.0
121.0
121.0
121.0
121.0
121.0
120.0
120.0
122.0
122.0
124.0
124.0
124.0
124.0
124.0
124.0
123.0
123.0
121.0
121.0
120.0
120.0
119.0
119.0
119.0
119.0
119.0
119.0
118.0
118.0
119.0
119.0
120.0
120.0
120.0
120.0
121.0
121.0
122.0
122.0
121.0
121.0
123.0
123.0
124.0
124.0
122.0
122.0
125.0
126.0
126.0
126.0
126.0
125.0
125.0
122.0
122.0
121.0
121.0
117.0
117.0
116.0
116.0
113.0
113.0
114.0
114.0
114.0
114.0
114.0
113.0
113.0
113.0
113.0
114.0
114.0
113.0
113.0
114.0
114.0
115.0
115.0
115.0
115.0
116.0
116.0
115.0
115.0
117.0
117.0
117.0
117.0
117.0
117.0
117.0
119.0
119.0
120.0
120.0
120.0
120.0
120.0
120.0
120.0
120.0
117.0
117.0
115.0
115.0
114.0
114.0
113.0
113.0
114.0
114.0
112.0
112.0
114.0
114.0
116.0
116.0
117.0
117.0
118.0
118.0
119.0
119.0
120.0
120.0
119.0
119.0
119.0
119.0
119.0
119.0
119.0
119.0
119.0
119.0
119.0
119.0
120.0
120.0
120.0
120.0
119.0
119.0
120.0
120.0
120.0
120.0
120.0
120.0
120.0
120.0
120.0
120.0
120.0
120.0
120.0
120.0
121.0
121.0
121.0
121.0
121.0
121.0
122.0
122.0
122.0
122.0
121.0
121.0
121.0
121.0
121.0
121.0
121.0
121.0
120.0
120.0
120.0
120.0
120.0
120.0
120.0
120.0
120.0
120.0
120.0
120.0
120.0
120.0
120.0
120.0
120.0
120.0
120.0
120.0
120.0
120.0
121.0
121.0
121.0
121.0
121.0
121.0
121.0
121.0
120.0
120.0
122.0
122.0
122.0
122.0
121.0
121.0
121.0
121.0
119.0
119.0
120.0
120.0
120.0
120.0
121.0
121.0
121.0
121.0
120.0
120.0
121.0
121.0
120.0
120.0
121.0
121.0
121.0
121.0
122.0
123.0
123.0
123.0
123.0
123.0
123.0
123.0
123.0
123.0
123.0
123.0
123.0
122.0
122.0
121.0
121.0
120.0
120.0
120.0
120.0
120.0
120.0
120.0
120.0
120.0
120.0
120.0
120.0
120.0
120.0
120.0
120.0
120.0
120.0
121.0
121.0
120.0
120.0
120.0
120.0
120.0
120.0
121.0
121.0
121.0
121.0
121.0
121.0
121.0
121.0
121.0
121.0
122.0
122.0
122.0
122.0
122.0
122.0
122.0
122.0
123.0
123.0
122.0
124.0
124.0
122.0
122.0
122.0
122.0
121.0
121.0
122.0
122.0
122.0
122.0
123.0
123.0
123.0
123.0
122.0
122.0
123.0
123.0
122.0
122.0
121.0
121.0
122.0
122.0
121.0
121.0
120.0
120.0
121.0
121.0
122.0
122.0
123.0
123.0
123.0
123.0
122.0
122.0
122.0
122.0
123.0
122.0
122.0
123.0
123.0
121.0
121.0
122.0
122.0
121.0
121.0
121.0
121.0
122.0
122.0
122.0
122.0
122.0
122.0
122.0
122.0
122.0
122.0
122.0
122.0
122.0
122.0
122.0
122.0
123.0
123.0
123.0
123.0
121.0
121.0
122.0
122.0
124.0
124.0
125.0
124.0
124.0
126.0
126.0
125.0
125.0
123.0
123.0
122.0
122.0
121.0
121.0
115.0
115.0
113.0
113.0
115.0
115.0
118.0
118.0
117.0
117.0
117.0
118.0
118.0
120.0
121.0
121.0
121.0
121.0
123.0
123.0
125.0
125.0
126.0
126.0
126.0
126.0
127.0
127.0
128.0
128.0
127.0
127.0
125.0
125.0
122.0
122.0
119.0
119.0
120.0
120.0
120.0
120.0
119.0
119.0
117.0
117.0
119.0
119.0
121.0
121.0
124.0
125.0
125.0
125.0
125.0
126.0
126.0
126.0
126.0
127.0
127.0
125.0
125.0
126.0
126.0
126.0
126.0
123.0
123.0
124.0
124.0
123.0
123.0
123.0
123.0
122.0
123.0
123.0
123.0
123.0
123.0
123.0
124.0
124.0
123.0
123.0
123.0
123.0
125.0
125.0
124.0
124.0
125.0
125.0
126.0
126.0
126.0
126.0
126.0
126.0
125.0
126.0
126.0
125.0
125.0
122.0
122.0
123.0
123.0
125.0
125.0
126.0
126.0
125.0
125.0
124.0
124.0
126.0
126.0
126.0
126.0
126.0
126.0
125.0
125.0
125.0
125.0
125.0
123.0
123.0
125.0
125.0
123.0
123.0
124.0
124.0
125.0
125.0
124.0
124.0
123.0
123.0
124.0
124.0
123.0
123.0
124.0
124.0
124.0
124.0
124.0
123.0
123.0
123.0
123.0
123.0
123.0
122.0
122.0
123.0
123.0
123.0
123.0
123.0
123.0
124.0
124.0
123.0
123.0
123.0
123.0
124.0
124.0
124.0
124.0
124.0
124.0
123.0
123.0
123.0
123.0
123.0
122.0
122.0
122.0
122.0
121.0
121.0
122.0
122.0
122.0
122.0
122.0
122.0
123.0
123.0
122.0
122.0
123.0
123.0
124.0
124.0
123.0
123.0
123.0
123.0
124.0
124.0
125.0
125.0
126.0
126.0
125.0
125.0
125.0
126.0
126.0
126.0
126.0
126.0
126.0
126.0
126.0
125.0
125.0
126.0
126.0
127.0
127.0
127.0
127.0
127.0
128.0
128.0
127.0
127.0
129.0
129.0
129.0
129.0
129.0
129.0
129.0
129.0
131.0
131.0
131.0
132.0
132.0
132.0
132.0
133.0
133.0
133.0
133.0
133.0
132.0
132.0
133.0
133.0
133.0
133.0
133.0
133.0
133.0
132.0
132.0
132.0
132.0
135.0
135.0
132.0
132.0
132.0
133.0
133.0
133.0
133.0
135.0
135.0
136.0
136.0
136.0
135.0
135.0
134.0
134.0
129.0
129.0
120.0
120.0
112.0
112.0
103.0
103.0
102.0
102.0
102.0
100.0
100.0
98.0
98.0
98.0
96.0
96.0
96.0
96.0
96.0
97.0
97.0
98.0
98.0
98.0
100.0
100.0
99.0
99.0
99.0
99.0
99.0
100.0
100.0
101.0
101.0
101.0
100.0
100.0
101.0
101.0
102.0
102.0
102.0
102.0
102.0
102.0
102.0
104.0
104.0
106.0
106.0
106.0
107.0
107.0
108.0
108.0
110.0
110.0
110.0
110.0
111.0
111.0
111.0
111.0
111.0
112.0
112.0
112.0
112.0
113.0
113.0
114.0
114.0
115.0
115.0
116.0
116.0
118.0
118.0
118.0
118.0
119.0
119.0
119.0
119.0
118.0
118.0
118.0
118.0
117.0
117.0
117.0
117.0
117.0
117.0
117.0
117.0
117.0
118.0
118.0
118.0
118.0
118.0
118.0
120.0
120.0
120.0
120.0
120.0
120.0
121.0
122.0
122.0
124.0
124.0
124.0
124.0
125.0
125.0
125.0
125.0
126.0
126.0
127.0
127.0
128.0
128.0
128.0
128.0
129.0
129.0
129.0
129.0
129.0
129.0
129.0
129.0
129.0
129.0
129.0
128.0
128.0
129.0
127.0
127.0
128.0
128.0
127.0
127.0
127.0
127.0
128.0
128.0
128.0
128.0
127.0
127.0
126.0
126.0
126.0
125.0
125.0
125.0
125.0
125.0
125.0
125.0
125.0
126.0
126.0
126.0
126.14285714285714
126.28571428571429
126.42857142857143
126.57142857142857
126.71428571428571
126.85714285714286
127.0
127.0
129.0
129.0
129.0
129.0
128.0
128.0
128.0
128.0
129.0
129.0
128.0
129.0
129.0
127.0
127.0
129.0
129.0
129.0
129.0
129.0
129.0
128.0
128.0
129.0
129.0
128.0
128.0
128.0
128.0
128.0
127.0
127.0
127.0
127.0
127.0
127.0
124.0
124.0
125.0
125.0
125.0
125.0
123.0
123.0
125.0
126.0
126.0
126.0
126.0
126.0
126.0
127.0
127.0
127.0
127.0
127.0
127.0
128.0
128.0
127.0
127.0
127.0
127.0
127.0
126.0
126.0
126.0
126.0
126.0
126.0
125.0
125.0
126.0
126.0
126.0
126.0
126.0
126.0
126.0
126.0
126.0
126.0
126.0
127.0
127.0
127.0
127.0
127.0
127.0
128.0
128.0
128.0
128.0
127.0
127.0
126.0
127.0
127.0
123.0
123.0
122.0
122.0
123.0
123.0
121.0
121.0
118.0
118.0
120.0
120.0
119.0
119.0
117.0
117.0
118.0
118.0
119.0
119.0
120.0
120.0
121.0
121.0
123.0
123.0
125.0
125.0
123.0
123.0
122.0
122.0
124.0
124.0
125.0
125.0
125.0
125.0
125.0
125.0
125.0
125.0
126.0
125.0
125.0
125.0
125.0
126.0
126.0
126.0
126.0
126.0
126.0
126.0
126.0
127.0
127.0
127.0
127.0
127.0
127.0
128.0
128.0
128.0
128.0
128.0
128.0
128.0
128.0
128.0
128.0
128.0
128.0
128.0
128.0
128.0
127.0
128.0
128.0
128.0
128.0
127.0
127.0
127.0
127.0
126.0
126.0
123.0
123.0
124.0
124.0
125.0
125.0
126.0
127.0
127.0
127.0
127.0
127.0
127.0
128.0
128.0
131.0
131.0
129.0
129.0
131.0
129.0
129.0
128.0
128.0
128.0
128.0
125.0
125.0
125.0
125.0
125.0
125.0
124.0
124.0
125.0
125.0
125.0
125.0
125.0
125.0
124.0
125.0
125.0
126.0
126.0
126.0
126.0
126.0
126.0
127.0
127.0
126.0
126.0
128.0
128.0
126.0
126.0
127.0
128.0
128.0
128.0
128.0
128.0
128.0
129.0
129.0
129.0
129.0
129.0
129.0
129.0
130.0
130.0
130.0
130.0
131.0
131.0
131.0
131.0
131.0
131.0
131.0
129.0
129.0
129.0
129.0
129.0
129.0
127.0
127.0
127.0
127.0
125.0
125.0
126.0
126.0
125.0
125.0
125.0
126.0
126.0
124.0
124.0
125.0
125.0
123.0
123.0
123.0
123.0
124.0
124.0
125.0
125.0
125.0
125.0
125.0
125.0
126.0
126.0
127.0
127.0
128.0
128.0
128.0
130.0
130.0
131.0
131.0
131.0
131.0
132.0
132.0
132.0
132.0
132.0
133.0
133.0
133.0
133.0
132.0
132.0
132.0
131.0
131.0
131.0
131.0
129.0
129.0
127.0
127.0
127.0
127.0
125.0
125.0
125.0
125.0
125.0
126.0
126.0
126.0
126.0
126.0
126.0
126.0
126.0
127.0
127.0
127.0
127.0
129.0
129.0
129.0
130.0
130.0
131.0
131.0
130.0
130.11111111111111
130.22222222222223
130.33333333333334
130.44444444444446
130.55555555555554
130.66666666666666
130.77777777777777
130.88888888888889
131.0
131.0
129.0
129.0
131.0
131.0
130.0
130.0
131.0
130.0
130.0
130.0
130.0
131.0
131.0
130.0
130.0
126.0
126.0
133.0
133.0
130.0
129.0
129.0
130.0
130.0
129.0
129.0
129.0
129.0
131.0
131.0
131.0
130.0
130.0
131.0
131.0
130.0
130.0
131.0
131.0
131.0
131.0
130.0
130.0
130.0
131.0
131.0
129.0
129.0
129.0
129.0
129.0
129.0
128.0
128.0
129.0
129.0
129.0
131.0
131.0
129.0
129.0
131.0
131.0
130.0
130.0
130.0
129.0
129.0
129.0
129.0
128.0
128.0
127.0
127.0
127.0
127.0
126.0
126.0
126.0
126.0
126.0
126.0
126.0
125.0
125.0
125.0
125.0
126.0
126.0
127.0
127.0
127.0
127.0
128.0
128.0
127.0
127.0
127.0
127.0
127.0
127.0
127.0
128.0
128.0
128.0
128.0
128.0
128.0
130.0
130.0
129.0
131.0
131.0
131.0
131.0
132.0
132.0
130.0
130.0
130.0
130.0
129.0
129.0
126.0
125.0
125.0
123.0
123.0
122.0
122.0
120.0
120.0
120.0
120.0
120.0
120.0
120.0
120.0
120.0
120.0
121.0
121.0
121.0
121.0
122.0
122.0
124.0
124.0
125.0
125.0
126.0
126.0
126.0
126.0
127.0
127.0
128.0
127.0
127.0
128.0
128.0
127.0
127.0
127.0
127.0
127.0
127.0
126.0
126.0
125.0
125.0
123.0
123.0
123.0
123.0
122.0
122.0
121.0
121.0
122.0
122.0
122.0
122.0
122.0
122.0
122.0
125.0
125.0
125.0
125.0
125.0
125.0
125.0
125.0
126.0
126.0
127.0
127.0
127.0
127.0
127.0
127.0
129.0
129.0
129.0
129.0
129.0
131.0
131.0
130.0
130.0
131.0
131.0
130.0
131.0
131.0
129.0
129.0
129.0
129.0
128.0
128.0
127.0
127.0
126.0
126.0
126.0
126.0
125.0
125.0
125.0
125.0
125.0
125.0
125.0
125.0
125.0
125.0
125.0
126.0
126.0
126.0
126.0
127.0
127.0
128.0
128.0
130.0
131.0
131.0
136.0
136.0
132.0
132.0
134.0
134.0
135.0
136.0
136.0
136.0
136.0
136.0
136.0
136.0
136.0
136.0
135.0
135.0
134.0
134.0
133.0
133.0
130.0
127.0
127.0
123.0
123.0
118.0
118.0
118.0
111.0
111.0
108.0
108.0
108.0
108.0
109.0
109.0
109.0
109.0
109.0
108.0
108.0
109.0
109.0
110.0
110.0
111.0
111.0
112.0
112.0
113.0
113.0
115.0
115.0
116.0
116.0
117.0
117.0
118.0
118.0
118.0
117.0
117.0
118.0
118.0
118.0
118.0
118.0
118.0
121.0
121.0
123.0
123.0
123.0
123.0
123.0
123.0
123.0
122.0
122.0
122.0
122.0
122.0
122.0
121.0
121.0
121.0
121.0
121.0
121.0
122.0
122.0
122.0
122.0
123.0
123.0
123.0
123.0
124.0
124.0
125.0
125.0
125.0
125.0
125.0
125.0
126.0
125.0
125.0
123.0
123.0
122.0
122.0
122.0
122.0
123.0
123.0
123.0
123.0
122.0
122.0
122.0
122.0
123.0
123.0
123.0
123.0
123.0
123.0
122.0
122.0
123.0
123.0
123.0
123.0
124.0
124.0
126.0
126.0
126.0
126.0
126.0
126.0
126.0
126.0
126.0
126.0
126.0
126.0
126.0
126.0
126.0
125.0
125.0
126.0
126.0
126.0
125.0
125.0
125.0
125.0
125.0
125.0
125.0
125.0
125.0
125.0
125.0
125.0
124.0
124.0
125.0
125.0
125.0
125.0
125.0
125.0
126.0
126.0
126.0
127.0
127.0
128.0
128.0
128.0
128.0
129.0
129.0
129.0
129.0
129.0
129.0
129.0
128.0
128.0
127.0
127.0
126.0
126.0
125.0
125.0
125.0
125.0
125.0
125.0
123.0
123.0
123.0
123.0
124.0
124.0
125.0
125.0
126.0
126.0
126.0
126.0
126.0
125.0
125.0
125.0
125.0
125.0
125.0
123.0
123.0
122.0
122.0
124.0
124.0
124.0
124.0
127.0
127.0
127.25
127.5
127.75
128.0
128.25
128.5
128.75
129.0
129.0
130.0
130.0
129.0
129.0
130.0
130.0
129.0
130.0
130.0
129.0
129.0
128.0
128.0
128.0
128.0
127.0
127.0
127.0
127.0
125.0
125.0
125.0
124.0
124.0
124.0
124.0
124.0
124.0
123.0
123.0
126.0
126.0
125.88235294117646
125.76470588235294
125.6470588235294
125.52941176470588
125.41176470588235
125.29411764705883
125.17647058823529
125.05882352941177
124.94117647058823
124.82352941176471
124.70588235294117
124.58823529411765
124.47058823529412
124.3529411764706
124.23529411764706
124.11764705882354
124.0
124.0
125.0
126.0
126.0
127.0
127.0
128.0
128.0
128.0
128.0
129.0
129.0
130.0
130.0
129.0
128.0
128.0
126.0
126.0
125.0
125.0
123.0
123.0
122.0
122.0
120.0
120.0
120.0
120.0
120.0
120.0
121.0
121.0
121.0
121.0
122.0
122.0
123.0
123.0
122.0
122.0
123.0
123.0
125.0
125.0
126.0
126.0
127.0
127.0
127.0
126.0
125.625
125.25
124.875
124.5
124.125
123.75
123.375
123.0
123.0
122.0
122.0
121.0
121.0
121.0
121.0
121.0
121.0
122.0
122.0
121.0
121.0
120.0
120.0
120.0
120.0
120.0
120.0
120.0
120.0
120.0
120.0
120.0
120.0
121.0
121.0
121.0
121.0
121.0
121.0
122.0
122.0
123.0
123.0
123.0
124.0
124.0
123.0
123.0
122.0
122.0
122.0
122.0
121.0
121.0
120.0
120.0
120.0
120.0
120.0
120.0
120.0
120.0
121.0
121.0
121.0
121.0
121.0
121.0
122.0
122.0
123.0
123.0
123.0
123.0
123.0
123.0
123.0
123.0
123.0
123.0
123.0
123.0
123.0
123.0
125.0
125.0
125.0
126.0
126.0
126.0
126.0
127.0
127.0
128.0
128.0
129.0
129.0
129.0
129.0
128.0
128.0
128.0
128.0
128.0
127.0
127.0
127.0
127.0
126.0
126.0
125.0
125.0
125.0
125.0
122.0
122.0
123.0
123.0
123.0
123.0
123.0
123.0
122.0
122.0
122.0
122.0
122.0
121.0
121.0
120.0
120.0
121.0
121.0
121.0
121.0
121.0
121.0
120.0
120.0
120.0
120.0
121.0
121.0
122.0
122.0
122.0
122.0
123.0
123.0
123.0
123.0
125.0
125.0
125.0
125.0
125.0
125.0
124.0
124.0
123.0
123.0
123.0
123.0
121.0
121.0
120.0
120.0
121.0
121.0
123.0
125.0
125.0
125.0
125.0
125.0
125.0
126.0
126.0
124.0
124.0
123.0
123.0
123.0
123.0
123.0
123.0
123.0
123.0
123.0
123.0
124.0
124.0
124.0
124.0
125.0
125.0
123.0
125.0
125.0
125.0
125.0
126.0
126.0
126.0
126.0
126.0
126.0
126.0
126.0
127.0
127.0
126.0
126.0
126.0
126.0
126.0
126.0
126.0
126.0
126.0
126.0
126.0
127.0
127.0
127.0
127.0
128.0
128.0
128.0
128.0
129.0
130.0
130.0
131.0
131.0
131.0
131.0
131.0
131.0
131.0
131.0
131.0
131.0
131.0
131.0
131.0
131.0
131.0
130.0
130.0
129.0
129.0
128.0
128.0
128.0
127.0
127.0
127.0
127.0
127.0
127.0
127.0
127.0
127.0
127.0
127.0
127.0
128.0
128.0
127.0
128.0
128.0
129.0
129.0
129.0
129.0
130.0
130.0
131.0
131.0
132.0
132.0
132.0
132.0
132.0
132.0
132.0
131.0
131.0
131.0
131.0
128.0
128.0
127.625
127.25
126.875
126.5
126.125
125.75
125.375
125.0
125.0
125.0
125.0
124.0
124.0
124.0
124.0
124.0
124.0
125.0
125.0
125.0
127.0
127.0
126.0
126.0
127.0
127.0
128.0
128.0
128.0
128.0
128.0
128.0
129.0
129.0
129.0
129.0
129.0
128.0
128.0
129.0
129.0
128.0
128.0
128.0
128.0
128.0
128.0
127.0
128.0
128.0
127.0
127.0
128.0
128.0
127.0
127.0
128.0
128.0
127.0
127.0
127.0
127.0
127.0
129.0
129.0
129.0
129.0
128.0
128.0
131.0
131.0
129.0
129.0
132.0
132.0
130.0
132.0
132.0
132.0
132.0
132.08333333333334
132.16666666666666
132.25
132.33333333333334
132.41666666666666
132.5
132.58333333333334
132.66666666666666
132.75
132.83333333333334
132.91666666666666
133.0
133.08333333333334
133.16666666666666
133.25
133.33333333333334
133.41666666666666
133.5
133.58333333333334
133.66666666666666
133.75
133.83333333333334
133.91666666666666
134.0
134.0
135.0
135.0
134.0
134.0
135.0
135.0
135.0
135.0
135.0
135.0
135.0
137.0
132.0
132.0
131.0
131.0
122.0
122.0
122.0
122.0
124.0
124.0
123.0
123.0
122.0
122.0
122.0
122.0
121.0
121.0
121.0
121.0
121.0
121.0
121.0
121.0
121.0
121.0
122.0
122.0
121.0
121.0
120.0
120.0
115.0
115.0
113.0
113.0
111.0
111.0
109.0
109.0
108.0
108.0
108.0
107.0
107.0
107.0
107.0
107.0
107.0
106.0
106.0
106.0
105.0
105.0
106.0
106.0
103.0
103.0
103.0
103.0
103.0
103.0
103.0
102.0
102.0
102.0
101.0
101.0
102.0
102.0
103.0
103.0
103.0
104.0
104.0
107.0
107.0
109.0
109.0
109.0
109.0
109.0
109.0
109.0
109.0
109.0
109.0
109.0
109.0
109.0
109.0
109.0
110.0
110.0
109.0
109.0
109.0
111.0
111.0
111.0
111.0
113.0
113.0
115.0
115.0
115.0
115.0
117.0
117.0
116.0
116.0
118.0
118.0
117.0
117.0
119.0
119.0
119.0
119.0
118.0
118.0
119.0
119.0
119.0
119.0
119.0
119.0
120.0
120.0
122.0
122.0
121.0
121.0
122.0
122.0
123.0
123.0
124.0
124.0
125.0
125.0
126.0
126.0
127.0
127.0
128.0
128.0
128.0
128.0
128.0
129.0
129.0
128.0
128.0
129.0
129.0
128.0
128.0
127.0
127.0
126.0
126.0
125.0
127.0
127.0
126.0
126.0
125.0
125.0
126.0
126.0
126.0
125.625
125.25
124.875
124.5
124.125
123.75
123.375
123.0
123.0
125.0
125.0
125.0
124.0
124.0
124.0
107.0
108.57142857142857
110.14285714285714
111.71428571428571
113.28571428571429
114.85714285714286
116.42857142857143
118.0
119.57142857142857
121.14285714285714
122.71428571428571
124.28571428571429
125.85714285714286
127.42857142857143
129.0
129.0
129.0
129.0
127.0
127.0
123.0
123.0
121.0
121.0
121.0
121.0
122.0
122.0
122.0
123.0
122.0
122.0
121.0
121.0
122.0
122.0
122.0
122.0
125.0
124.0
124.0
124.0
124.0
123.0
123.0
123.0
123.0
123.0
123.0
123.0
123.0
123.0
123.0
124.0
124.0
125.0
125.0
125.0
125.0
126.0
126.0
125.0
125.0
127.0
128.0
128.0
128.0
128.0
128.0
128.0
127.0
127.0
127.0
127.0
126.0
126.0
125.0
125.0
124.0
124.0
124.0
124.0
122.0
123.0
123.0
122.0
122.0
123.0
123.0
123.0
123.0
125.0
125.0
125.0
125.0
126.0
126.0
126.0
126.0
126.0
126.0
127.0
127.0
128.0
128.0
128.0
128.0
128.0
128.0
128.0
128.0
128.0
129.0
129.0
129.0
129.0
129.0
130.0
130.0
128.0
128.0
130.0
130.0
130.0
130.0
129.0
129.0
129.0
129.0
129.0
129.0
129.0
128.0
128.0
127.0
127.0
126.0
126.0
124.0
124.0
124.0
124.0
123.0
123.0
123.0
123.0
124.0
124.0
124.0
124.0
125.0
125.0
125.0
126.0
126.0
126.0
126.0
127.0
127.0
128.0
128.0
127.0
127.0
128.0
128.0
127.0
127.0
127.0
127.0
127.0
128.0
128.0
127.0
127.0
128.0
128.0
127.0
127.0
127.0
127.0
127.0
127.0
127.0
127.0
127.0
127.0
127.0
127.0
127.0
127.0
127.0
126.0
126.0
126.0
126.0
125.0
125.0
126.0
126.0
126.0
126.0
126.0
126.0
126.0
127.0
127.0
127.0
127.0
127.0
127.0
127.0
127.0
128.0
128.0
128.0
128.0
129.0
129.0
129.0
128.0
128.0
129.0
129.0
130.0
130.0
128.0
128.0
129.0
129.0
130.0
131.0
131.0
131.0
131.0
130.0
130.0
131.0
131.0
129.0
129.0
128.0
127.0
127.0
126.0
126.0
125.0
125.0
126.0
126.0
123.0
123.0
125.0
125.0
125.0
125.0
125.0
125.0
126.0
126.0
126.0
126.0
125.0
125.0
125.0
126.0
126.0
125.0
125.0
125.0
125.0
126.0
126.0
126.0
126.0
126.0
126.0
126.0
126.0
125.0
125.0
126.0
126.0
126.0
126.0
126.0
125.0
125.0
123.0
123.0
125.0
125.0
123.0
123.0
121.0
121.0
121.0
121.0
121.0
121.0
121.0
121.0
121.0
121.0
122.0
122.0
123.0
123.0
123.0
123.0
126.0
126.0
125.0
125.0
126.0
127.0
127.0
128.0
128.0
129.0
129.0
129.0
129.0
130.0
130.0
131.0
131.0
131.0
130.0
130.0
131.0
131.0
131.0
131.0
132.0
132.0
131.0
132.0
132.0
131.9375
131.875
131.8125
131.75
131.6875
131.625
131.5625
131.5
131.4375
131.375
131.3125
131.25
131.1875
131.125
131.0625
131.0
131.0
128.0
126.0
126.0
125.0
125.0
125.0
125.0
123.0
123.0
123.0
123.0
123.0
123.0
122.0
122.0
125.0
125.0
126.0
126.0
124.0
124.0
125.0
125.0
126.0
126.0
127.0
128.0
128.0
126.0
126.0
127.0
127.0
126.0
126.0
127.0
127.0
126.0
126.0
126.0
126.0
124.0
124.0
123.0
123.0
122.0
122.0
122.0
122.0
122.0
122.0
122.0
123.0
123.0
123.0
123.0
122.0
122.0
123.0
123.0
123.0
123.0
126.0
126.0
125.0
125.0
126.0
126.0
126.0
126.0
125.0
125.0
125.0
125.0
125.0
125.0
125.0
125.0
125.0
125.0
125.0
125.0
125.0
124.0
124.0
126.0
126.0
125.0
125.0
126.0
126.0
126.0
126.0
127.0
127.0
128.0
128.0
128.0
128.0
128.0
128.0
128.0
128.0
128.0
128.0
128.0
128.0
128.0
128.0
128.0
127.0
128.0
128.0
127.0
127.0
128.0
128.0
128.0
128.0
129.0
129.0
129.0
129.0
130.0
131.0
131.0
131.0
131.0
132.0
132.0
131.0
131.0
131.0
131.0
129.0
127.0
127.0
127.0
127.0
127.0
127.0
128.0
128.0
127.0
127.0
127.0
127.0
128.0
128.0
128.0
128.0
128.3846153846154
128.76923076923077
129.15384615384616
129.53846153846155
129.92307692307693
130.30769230769232
130.69230769230768
131.07692307692307
131.46153846153845
131.84615384615384
132.23076923076923
132.6153846153846
133.0
133.0
133.0
133.0
134.0
134.0
133.0
133.0
133.0
132.0
132.0
129.0
129.0
127.0
127.0
127.0
127.0
128.0
128.0
128.21428571428572
128.42857142857142
128.64285714285714
128.85714285714286
129.07142857142858
129.28571428571428
129.5
129.71428571428572
129.92857142857142
130.14285714285714
130.35714285714286
130.57142857142858
130.78571428571428
131.0
131.0
131.0
128.0
128.0
125.0
125.0
125.0
119.0
114.0
114.0
112.0
112.0
112.0
111.0
111.0
110.0
110.0
109.0
109.0
107.0
107.0
109.0
109.0
109.0
109.0
109.0
109.0
109.0
109.0
109.0
108.0
108.0
106.0
106.0
106.0
105.0
105.0
104.0
104.0
106.0
106.0
106.0
104.0
104.0
104.0
104.0
105.0
105.0
106.0
106.0
106.0
106.0
106.0
109.0
109.0
110.0
110.0
111.0
111.0
113.0
113.0
112.0
112.0
112.0
112.0
112.0
111.0
111.0
111.0
111.0
110.0
110.0
110.0
110.0
111.0
111.0
113.0
113.0
113.0
114.0
114.0
114.0
114.0
116.0
116.0
117.0
117.0
117.0
117.0
115.0
115.0
115.0
115.0
117.0
117.0
115.0
115.0
116.0
116.0
116.0
116.0
115.0
115.0
116.0
116.0
117.0
117.0
118.0
118.0
119.0
119.0
118.0
118.0
120.0
120.0
121.0
121.0
122.0
122.0
122.0
122.0
122.0
122.0
123.0
123.0
123.0
123.0
121.0
121.0
122.0
122.0
121.0
121.0
122.0
122.0
121.0
121.0
122.0
122.0
121.0
121.0
120.0
120.0
120.0
120.0
120.0
120.0
122.0
122.0
123.0
123.0
125.0
125.0
125.0
126.0
126.0
126.0
126.0
125.0
125.0
125.0
125.0
125.0
125.0
123.0
123.0
123.0
123.0
123.0
123.0
124.0
124.0
125.0
125.0
123.0
123.0
123.0
123.0
123.0
123.0
124.0
124.0
120.0
120.0
119.0
119.0
121.0
122.0
122.0
122.0
122.0
121.0
121.0
119.0
119.0
120.0
120.0
118.0
118.0
119.0
119.0
118.0
118.0
118.0
118.0
118.0
118.0
118.0
118.0
118.0
118.0
118.0
121.0
121.0
120.0
120.0
122.0
122.0
122.0
123.0
123.0
124.0
124.0
124.0
124.0
125.0
125.0
125.0
125.0
126.0
126.0
126.0
126.0
126.0
126.0
127.0
127.0
127.0
127.0
127.0
128.0
128.0
127.0
127.0
127.0
127.0
126.0
126.0
126.0
126.0
127.0
127.0
127.0
127.0
126.0
127.0
127.0
128.0
128.0
129.0
129.0
129.0
129.0
131.0
131.0
131.0
131.0
131.0
130.0
130.0
129.0
129.0
129.0
129.0
128.0
128.0
128.0
128.0
128.0
128.0
127.0
127.0
127.0
127.0
127.0
129.0
129.0
129.0
129.0
130.0
130.0
130.0
132.0
132.2
132.4
132.6
132.8
133.0
133.2
133.4
133.6
133.8
134.0
135.0
135.0
135.0
135.0
135.0
135.0
136.0
136.0
136.0
136.0
136.0
135.0
135.0
133.0
133.0
133.0
132.0
132.0
132.0
132.0
129.0
129.0
129.0
129.0
126.0
126.0
126.0
126.0
126.0
125.0
125.0
125.0
125.0
125.0
125.0
126.0
126.0
127.0
127.0
127.0
127.0
128.0
128.0
128.0
129.0
129.0
128.0
128.0
128.0
128.0
128.0
128.0
127.0
127.0
126.0
126.0
127.0
127.0
125.0
125.0
125.0
125.0
125.0
125.0
125.0
125.0
125.0
126.0
126.0
126.0
126.0
126.0
126.0
125.0
125.0
125.0
125.0
126.0
126.0
126.0
126.0
126.0
126.0
126.0
123.0
123.0
125.0
125.0
125.0
125.0
126.0
126.0
127.0
127.0
127.0
127.0
127.0
127.0
128.0
129.0
129.0
131.0
131.0
131.0
131.0
132.0
132.0
132.0
132.0
132.0
133.0
133.0
132.0
132.0
131.0
131.0
131.0
131.0
129.0
129.0
130.0
129.0
129.0
130.0
130.0
128.0
128.0
129.0
129.0
129.0
129.0
128.0
128.0
128.0
127.0
127.0
127.0
127.0
128.0
128.0
127.0
127.0
127.0
127.0
126.0
126.0
126.0
126.0
122.0
122.0
120.0
120.0
119.0
119.0
118.0
118.0
119.0
119.0
119.0
119.0
121.0
121.0
121.0
121.0
122.0
122.0
123.0
123.0
122.0
123.0
123.0
123.0
123.0
125.0
125.0
125.0
125.0
126.0
126.0
126.0
126.0
125.0
125.0
125.0
125.0
127.0
127.0
127.0
127.0
127.0
127.0
127.0
127.0
127.0
128.0
128.0
128.0
128.0
129.0
129.0
128.0
128.0
128.0
128.0
128.0
128.0
128.0
128.0
128.0
128.0
128.0
128.0
128.0
129.0
129.0
129.0
129.0
128.0
129.0
129.0
128.0
128.0
127.0
127.0
126.0
126.0
126.0
126.0
127.0
127.0
126.0
126.0
128.0
127.0
127.0
128.0
128.0
129.0
129.0
129.0
129.0
129.0
129.0
128.0
128.0
127.0
127.0
124.0
123.0
123.0
121.0
121.0
122.0
122.0
123.0
123.0
124.0
124.0
125.0
125.0
126.0
126.0
125.0
125.0
126.0
126.0
127.0
127.0
126.0
126.0
128.0
128.0
128.0
128.0
128.0
128.0
128.0
127.0
127.0
128.0
128.0
128.0
128.0
129.0
129.0
129.0
129.0
129.0
130.0
130.0
131.0
131.0
131.0
131.0
132.0
133.0
133.0
132.5
132.0
131.5
131.0
130.5
130.0
129.5
129.0
128.5
128.0
127.5
127.0
126.5
126.0
125.5
125.0
125.0
126.0
126.0
126.0
126.0
125.0
125.0
126.0
126.0
126.0
126.0
126.0
126.0
126.0
125.0
125.0
125.0
125.0
123.0
123.0
123.0
123.0
122.0
122.0
122.0
122.0
122.0
123.0
124.0
124.0
125.0
125.0
125.0
125.0
126.0
126.0
127.0
127.0
124.0
125.0
125.0
126.0
126.0
125.0
125.0
126.0
126.0
126.0
126.0
125.0
125.0
126.0
126.0
127.0
127.0
126.0
126.0
127.0
128.0
128.0
129.0
129.0
127.0
127.0
126.0
126.0
126.0
126.0
126.0
126.0
126.0
126.0
125.0
125.0
124.0
124.0
122.0
122.0
122.0
123.0
123.0
125.0
125.0
122.0
122.0
119.0
119.0
119.0
119.0
120.0
120.0
121.0
121.0
121.0
121.0
122.0
122.0
123.0
123.0
125.0
125.0
122.0
122.0
121.0
121.0
123.0
123.0
121.0
121.0
122.0
122.0
121.0
121.0
122.0
122.0
122.0
122.0
122.0
122.0
121.0
121.0
122.0
122.0
123.0
134.0
134.0
134.0
113.0
125.0
125.0
123.0
123.0
126.0
126.0
124.0
124.0
123.0
123.0
123.0
123.0
123.0
123.0
124.0
124.0
121.0
121.0
120.0
120.0
121.0
121.0
121.0
121.0
118.0
118.0
119.0
119.0
120.0
120.0
120.0
120.0
121.0
121.0
120.0
120.0
120.0
120.0
121.0
121.0
123.0
123.0
120.0
120.0
121.0
121.0
123.0
123.0
125.0
125.0
123.0
124.0
124.0
127.0
127.0
126.0
126.0
127.0
127.0
127.0
127.0
130.0
130.0
127.0
127.0
128.0
130.0
130.0
131.0
131.0
131.0
131.0
132.0
132.0
132.0
133.0
133.0
134.0
134.0
135.0
135.0
135.0
135.0
136.0
135.0
135.0
136.0
136.0
136.0
136.0
136.0
136.0
136.0
137.0
137.0
136.0
136.0
137.0
138.0
138.0
138.0
138.0
138.0
138.0
138.0
139.0
139.0
140.0
140.0
140.0
140.0
140.0
140.0
140.0
142.0
142.0
142.0
142.0
142.0
142.0
142.0
141.0
142.0
142.0
142.0
142.0
143.0
143.0
143.0
144.0
144.0
144.0
144.0
144.0
144.0
144.0
143.0
142.0
142.0
141.0
141.0
140.0
140.0
140.0
138.0
138.0
138.0
138.0
138.0
137.0
137.0
138.0
138.0
139.0
139.0
139.0
141.0
141.0
142.0
142.0
142.0
142.0
142.0
143.0
143.0
142.0
142.0
142.0
141.0
141.0
140.0
140.0
140.0
138.0
138.0
138.0
138.0
137.0
136.0
136.0
136.0
136.0
136.0
136.0
136.0
135.0
135.0
136.0
136.0
135.0
135.0
137.0
137.0
137.0
138.0
138.0
139.0
139.0
139.0
139.0
139.0
140.0
140.0
140.0
140.0
140.0
139.0
139.0
139.0
139.0
140.0
141.0
141.0
140.0
140.0
140.0
140.0
140.0
140.0
140.0
140.0
140.0
139.0
138.0
138.0
138.0
138.0
138.0
138.0
138.0
138.0
138.0
138.0
138.0
138.0
139.0
139.0
139.0
139.0
138.0
138.0
139.0
138.0
138.0
139.0
139.0
138.0
138.0
138.0
137.0
137.0
137.0
137.0
138.0
138.0
138.0
138.0
138.0
136.0
136.0
137.0
138.0
138.0
138.0
138.0
137.0
137.0
138.0
136.0
136.0
136.0
136.0
135.0
135.0
133.0
133.0
132.0
133.0
133.0
131.0
131.0
131.0
131.0
131.0
131.0
131.0
129.0
129.0
131.0
131.0
131.0
131.0
131.0
131.0
131.0
131.0
132.0
132.0
132.0
133.0
133.0
133.0
133.0
133.0
133.0
133.0
132.0
132.0
131.0
131.0
131.0
131.0
131.0
131.0
131.0
131.0
132.0
131.0
131.0
132.0
132.0
132.0
132.0
132.0
132.0
133.0
132.0
132.0
132.0
132.0
133.0
133.0
133.0
133.0
132.0
133.0
133.0
132.0
132.0
132.0
132.0
132.0
132.0
131.0
131.0
129.0
129.0
129.0
129.0
129.0
126.0
126.0
126.0
126.0
128.0
128.0
125.0
125.0
126.0
126.0
129.0
129.0
129.0
130.0
130.0
131.0
131.0
131.0
131.0
132.0
132.0
132.0
131.0
131.0
132.0
132.0
133.0
133.0
132.0
132.0
133.0
133.0
133.0
133.0
133.0
133.0
133.0
133.0
133.0
133.0
133.0
133.0
133.0
133.0
133.0
133.0
133.0
133.0
133.0
133.0
133.0
133.0
133.0
132.0
132.0
132.0
132.0
132.0
132.0
132.0
132.0
132.0
131.0
131.0
132.0
132.0
132.0
132.0
132.0
132.0
132.0
133.0
133.0
135.0
135.0
135.0
135.0
135.0
135.0
135.0
135.0
135.0
136.0
134.0
134.0
134.0
134.0
133.0
133.0
134.0
134.0
133.0
133.0
133.0
133.0
133.0
133.0
133.0
132.0
132.0
133.0
133.0
133.0
133.0
133.0
132.0
132.0
131.0
131.0
130.0
130.0
129.0
128.0
128.0
128.0
128.0
127.0
127.0
129.0
129.0
129.0
129.0
129.0
129.0
129.0
129.0
129.0
129.0
129.0
131.0
131.0
131.0
131.0
131.0
131.0
130.0
131.0
131.0
131.0
131.0
131.0
131.0
130.0
130.0
130.0
130.0
130.0
129.0
129.0
131.0
131.0
130.0
130.0
129.0
129.0
131.0
131.0
130.0
130.0
129.0
130.0
130.0
131.0
131.0
132.0
132.0
132.0
132.0
132.0
133.0
133.0
133.0
133.0
133.0
133.0
133.0
133.0
133.0
132.0
132.0
132.0
132.0
131.0
131.0
130.0
130.0
129.0
129.0
128.0
128.0
127.0
126.0
126.0
125.0
125.0
123.0
123.0
122.0
122.0
125.0
125.0
125.0
125.0
127.0
127.0
128.0
128.0
129.0
129.0
129.0
129.0
129.0
130.0
130.0
129.0
129.0
128.0
128.0
128.0
128.0
129.0
128.0
128.0
129.0
129.0
130.0
130.0
130.0
130.0
129.0
129.0
131.0
131.0
131.0
130.0
130.0
130.0
130.0
128.0
128.0
128.0
128.0
127.0
127.0
126.0
126.0
127.0
128.0
128.0
128.0
128.0
128.0
128.0
128.0
128.0
128.0
128.0
127.0
127.0
127.0
127.0
127.0
128.0
128.0
126.0
126.0
127.0
127.0
126.0
126.0
125.0
125.0
126.0
126.0
127.0
127.0
127.0
127.0
127.0
129.0
129.0
129.0
129.0
132.0
132.0
132.0
132.0
131.0
131.0
131.0
131.0
131.0
133.0
133.0
135.0
135.0
135.0
135.0
135.0
135.0
135.0
133.0
133.0
132.0
132.0
131.0
131.0
128.0
128.0
128.0
128.0
128.0
128.0
128.0
128.0
128.0
128.0
128.0
128.0
128.0
129.0
129.0
129.0
129.0
129.0
130.0
130.0
128.0
128.0
129.0
129.0
129.0
129.0
128.0
128.0
129.0
129.0
129.0
129.0
129.0
128.0
128.0
129.0
129.0
130.0
130.0
129.0
130.0
130.0
130.0
130.0
131.0
131.0
131.0
131.0
131.0
131.0
128.0
128.0
128.0
126.0
126.0
123.0
123.0
125.0
125.0
127.0
127.0
127.0
127.0
128.0
128.0
127.0
127.0
126.0
126.0
127.0
127.0
126.0
127.0
127.0
126.0
126.0
126.0
126.0
126.0
126.0
127.0
127.0
126.0
126.0
128.0
128.0
128.0
128.0
127.0
128.0
128.0
129.0
129.0
130.0
130.0
129.0
129.0
131.0
131.0
131.0
132.0
132.0
131.0
131.0
132.0
132.0
133.0
133.0
132.0
133.0
133.0
134.0
134.0
133.0
133.0
135.0
135.0
135.0
134.0
134.0
133.0
133.0
134.0
134.0
133.0
133.0
131.0
132.0
132.0
132.0
132.0
131.0
131.0
132.0
132.0
132.0
132.0
132.0
131.0
131.0
129.0
129.0
129.0
129.0
129.0
129.0
128.0
128.0
128.0
128.0
128.0
128.0
128.0
128.0
128.0
126.0
126.0
127.0
127.0
128.0
128.0
124.0
124.0
126.0
126.0
126.0
126.0
126.0
127.0
127.0
127.0
127.0
127.0
127.0
128.0
128.0
127.0
127.0
128.0
128.0
129.0
129.0
129.0
129.0
129.0
131.0
131.0
131.0
131.0
132.0
132.0
132.0
133.0
133.0
133.0
133.0
134.0
134.0
135.0
135.0
135.0
135.0
135.0
136.0
136.0
136.0
136.0
136.0
136.0
136.0
136.0
136.0
136.0
136.0
136.0
135.0
135.0
133.0
133.0
131.0
131.0
129.0
129.0
130.0
130.0
130.0
129.0
129.0
129.0
129.0
129.0
129.0
128.0
128.0
127.0
127.0
128.0
128.0
128.0
127.0
127.0
127.0
127.0
128.0
128.0
128.0
128.0
129.0
129.0
130.0
130.0
132.0
132.0
132.0
133.0
133.0
134.0
134.0
134.0
135.0
135.0
135.0
135.0
134.0
134.0
134.0
134.0
133.0
133.0
133.0
131.0
131.0
131.0
131.0
131.0
131.0
131.0
131.0
131.0
131.0
131.0
130.0
130.0
129.0
129.0
128.0
128.0
128.0
128.0
129.0
129.0
128.0
126.0
126.0
127.0
127.0
127.0
127.0
128.0
128.0
129.0
129.0
129.0
129.0
131.0
132.0
132.0
132.0
132.0
133.0
133.0
133.0
133.0
134.0
133.0
133.0
133.0
133.0
133.0
133.0
132.0
132.0
131.0
131.0
131.0
129.0
129.0
127.0
127.0
129.0
129.0
127.0
127.0
127.0
127.0
127.0
127.0
125.0
127.0
127.0
127.0
127.0
128.0
128.0
129.0
129.0
128.0
128.0
129.0
129.0
129.0
129.0
129.0
129.0
129.0
129.0
129.0
130.0
130.0
129.0
129.0
129.0
129.0
131.0
131.0
131.0
132.0
132.0
131.0
131.0
131.0
131.0
132.0
132.0
131.0
133.0
133.0
133.0
133.0
133.0
133.0
133.0
133.0
131.0
132.0
132.0
129.0
129.0
128.0
128.0
127.0
127.0
126.0
126.0
126.0
126.0
126.0
126.0
127.0
126.0
126.0
127.0
127.0
128.0
128.0
127.0
127.0
128.0
128.0
129.0
129.0
128.0
128.0
128.0
129.0
129.0
129.0
129.0
128.0
128.0
129.0
129.0
128.0
128.0
128.0
128.0
129.0
128.0
128.0
129.0
129.0
130.0
130.0
130.0
130.0
129.0
129.0
129.0
129.0
129.0
128.0
128.0
127.0
127.0
128.0
128.0
126.0
126.0
127.0
127.0
127.0
127.0
125.0
125.0
127.0
126.0
126.0
126.0
126.0
128.0
128.0
128.0
128.0
127.0
127.0
129.0
129.0
129.0
129.0
129.0
131.0
131.0
131.0
131.0
131.0
131.0
132.0
132.0
132.0
134.0
134.0
133.0
133.0
135.0
135.0
135.0
135.0
136.0
136.0
136.0
137.0
137.0
138.0
138.0
138.0
140.0
140.0
140.0
140.0
139.0
139.0
139.0
139.0
139.0
140.0
140.0
138.0
139.0
139.0
138.0
138.0
138.0
138.0
138.0
138.0
138.0
138.0
138.0
138.0
138.0
138.0
138.0
138.0
140.0
140.0
140.0
140.0
140.0
140.0
140.0
141.0
140.0
140.0
140.0
140.0
140.0
140.0
140.0
139.0
139.0
138.0
138.0
138.0
138.0
138.0
137.0
137.0
138.0
138.0
137.0
138.0
138.0
138.0
138.0
138.0
138.0
138.0
138.0
138.0
138.0
138.0
138.0
138.0
138.0
138.0
138.0
138.0
138.0
136.0
135.0
135.0
135.0
135.0
135.0
135.0
134.0
134.0
133.0
133.0
133.0
133.0
133.0
134.0
134.0
131.0
131.0
131.0
130.0
130.0
131.0
131.0
128.0
128.0
129.0
129.0
127.0
127.0
127.0
127.0
128.0
128.0
128.0
128.0
128.0
128.0
128.0
128.0
128.0
129.0
129.0
129.0
129.0
130.0
130.0
129.0
129.0
129.0
129.0
129.0
128.0
128.0
127.0
127.0
128.0
128.0
127.625
127.25
126.875
126.5
126.125
125.75
125.375
125.0
125.0
125.0
125.0
122.0
122.0
121.0
121.0
119.0
119.0
120.0
120.0
122.0
122.0
123.0
123.0
123.0
123.0
125.0
125.0
125.0
125.0
126.0
126.0
126.0
126.0
124.0
124.0
120.0
120.0
114.0
114.0
112.0
112.0
111.0
111.0
111.0
111.0
107.0
107.0
108.0
108.0
108.0
106.0
106.0
106.0
106.0
106.0
106.0
106.0
106.0
106.0
105.0
105.0
106.0
106.0
105.0
105.0
105.0
104.0
104.0
104.0
104.0
105.0
105.0
104.0
104.0
104.0
104.0
104.0
103.0
103.0
102.0
102.0
102.0
103.0
103.0
103.0
103.0
104.0
104.0
104.0
105.0
105.0
104.0
104.0
103.0
103.0
103.0
101.0
101.0
100.0
100.0
102.0
102.0
102.0
104.0
104.0
106.0
106.0
107.0
107.0
111.0
111.0
112.0
112.0
112.0
114.0
114.0
115.0
115.0
115.0
115.0
117.0
117.0
119.0
119.0
120.0
120.0
121.0
121.0
122.0
122.0
123.0
123.0
124.0
123.0
123.0
125.0
125.0
124.0
124.0
124.0
124.0
124.0
124.0
123.0
123.0
125.0
125.0
124.0
124.0
125.0
125.0
125.0
125.0
125.0
125.0
126.0
126.0
126.0
126.0
126.0
126.0
126.0
126.0
126.0
127.0
127.0
126.0
126.0
127.0
127.0
127.0
127.0
127.0
128.0
128.0
129.0
129.0
130.0
130.0
130.0
130.0
131.0
131.0
132.0
132.0
132.0
133.0
133.0
134.0
134.0
134.0
134.0
133.0
133.0
133.0
132.0
132.0
131.0
131.0
128.0
128.0
126.0
126.0
121.0
121.0
120.0
120.0
120.0
120.0
120.0
120.0
121.0
121.0
122.0
122.0
122.0
122.0
123.0
123.0
123.0
124.0
124.0
125.0
125.0
125.0
125.0
125.0
125.0
125.0
125.0
125.0
125.0
125.0
125.0
126.0
126.0
126.0
126.0
126.0
126.0
126.0
126.0
126.0
126.0
126.0
126.0
126.0
126.0
126.0
126.0
126.0
127.0
127.0
126.0
126.0
126.0
126.0
125.0
125.0
126.0
125.0
125.0
125.0
125.0
125.0
125.0
125.0
125.0
127.0
127.0
128.0
128.0
128.0
128.0
129.0
129.0
129.0
128.0
128.0
128.0
128.0
127.0
127.0
126.0
126.0
124.0
124.0
125.0
125.0
126.0
126.0
126.0
126.0
126.0
126.0
126.0
127.0
127.0
127.0
127.0
126.0
126.0
126.0
126.0
126.0
126.0
127.0
127.0
128.0
128.0
127.0
128.0
128.0
129.0
129.0
129.0
129.0
131.0
131.0
132.0
132.0
132.0
132.0
132.0
133.0
133.0
133.0
133.0
132.0
132.0
133.0
132.0
132.0
132.0
132.0
130.0
130.0
129.0
129.0
130.0
130.0
131.0
129.0
129.0
129.0
129.0
129.0
129.0
128.0
128.0
130.0
130.0
128.0
128.0
129.0
129.0
129.0
129.0
129.0
129.0
129.0
130.0
130.0
131.0
131.0
130.0
130.0
130.0
130.0
130.0
130.0
130.0
129.0
129.0
129.0
129.0
129.0
129.0
129.0
129.0
129.0
128.0
128.0
130.0
130.0
129.0
129.0
131.0
131.0
131.0
131.0
131.0
131.0
131.0
132.0
132.0
133.0
133.0
133.0
133.0
133.0
133.0
133.0
131.0
131.0
132.0
132.0
131.0
131.0
131.0
129.0
129.0
128.0
128.0
129.0
129.0
129.0
129.0
128.0
128.0
128.0
128.0
129.0
129.0
128.0
129.0
129.0
128.0
128.0
128.0
128.0
127.0
127.0
128.0
128.0
128.0
128.0
128.0
128.0
128.0
128.0
128.0
128.0
128.0
128.0
128.0
128.0
128.0
128.0
128.0
128.0
128.0
127.0
128.0
128.0
128.0
128.0
128.0
128.0
128.0
128.0
127.0
127.0
128.0
128.0
128.0
128.0
128.0
128.0
128.0
129.0
129.0
128.0
128.0
128.0
128.0
127.0
127.0
128.0
128.0
128.0
128.0
128.0
128.0
128.0
128.0
128.0
129.0
129.0
128.0
128.0
129.0
129.0
128.0
128.0
128.0
126.0
126.0
127.0
127.0
126.0
126.0
127.0
127.0
127.0
127.0
127.0
127.0
127.0
127.0
126.0
127.0
127.0
127.0
127.0
126.0
126.0
126.0
126.0
127.0
127.0
125.0
125.0
127.0
127.0
126.0
126.0
127.0
128.0
128.0
129.0
129.0
129.0
129.0
129.0
129.0
130.0
130.0
129.0
129.0
129.0
129.0
129.0
129.0
129.0
128.0
128.0
128.0
128.0
128.0
128.0
127.0
127.0
128.0
128.0
128.0
127.0
127.0
127.0
127.0
127.0
127.0
127.0
127.0
127.0
127.0
127.0
127.0
127.0
127.0
125.0
125.0
126.0
125.0
125.0
127.0
127.0
127.0
127.0
126.0
126.0
127.0
127.0
127.0
127.0
127.0
127.0
127.0
127.0
128.0
127.0
127.0
127.0
127.0
127.0
127.0
128.0
128.0
127.0
127.0
128.0
128.0
127.0
127.0
128.0
128.0
128.0
128.0
128.0
129.0
129.0
129.0
129.0
130.0
130.0
129.0
130.0
130.0
129.0
129.0
129.0
129.0
129.0
129.0
129.0
129.0
129.0
129.0
129.0
129.0
129.0
128.0
128.0
128.0
128.0
127.0
127.0
126.0
126.0
127.0
127.0
126.0
126.0
125.0
125.0
125.0
126.0
126.0
126.0
126.0
126.0
126.0
127.0
127.0
127.0
127.0
127.0
127.0
128.0
128.0
127.0
127.0
127.0
128.0
128.0
127.0
127.0
128.0
128.0
127.0
127.0
127.0
127.0
128.0
128.0
128.0
128.0
127.0
127.0
127.0
127.0
127.0
126.0
126.0
126.0
126.0
125.0
125.0
126.0
126.0
125.0
125.0
127.0
127.0
128.0
128.0
127.0
129.0
129.0
129.0
129.0
130.0
130.0
131.0
131.0
131.0
131.0
132.0
132.0
132.0
132.0
132.0
131.0
131.0
129.0
129.0
130.0
130.0
129.0
128.0
128.0
128.0
128.0
128.0
128.0
127.0
127.0
127.0
127.0
127.0
127.0
128.0
128.0
128.0
128.0
128.0
129.0
129.0
128.0
128.0
129.0
129.0
128.0
128.0
128.0
128.0
128.0
127.0
127.0
128.0
128.0
128.0
128.0
127.0
127.0
128.0
128.0
127.0
127.0
128.0
128.0
128.0
128.0
128.0
128.0
128.0
129.0
129.0
129.0
129.0
130.0
130.0
130.0
130.0
131.0
130.0
130.0
130.0
130.0
130.0
130.0
130.0
130.0
129.0
129.0
128.0
129.0
129.0
129.0
129.0
127.0
127.0
127.0
127.0
127.0
127.0
127.0
127.0
127.0
127.0
127.0
127.0
127.0
128.0
128.0
128.0
128.0
128.0
128.0
127.0
127.0
129.0
129.0
128.0
128.0
128.0
128.0
128.0
129.0
129.0
128.0
128.0
127.0
127.0
127.0
127.0
128.0
128.0
128.0
128.0
129.0
128.0
128.0
129.0
129.0
129.0
129.0
128.0
128.0
126.0
126.0
125.0
125.0
123.0
123.0
123.0
123.0
122.0
122.0
122.0
122.0
120.0
120.0
120.0
120.0
121.0
121.0
121.0
121.0
121.0
122.0
122.0
123.0
123.0
125.0
125.0
125.0
125.0
125.0
125.0
123.0
123.0
124.0
124.0
125.0
125.0
125.0
125.0
125.0
125.0
126.0
126.0
126.0
125.0
125.0
125.0
125.0
126.0
126.0
125.93333333333334
125.86666666666666
125.8
125.73333333333333
125.66666666666667
125.6
125.53333333333333
125.46666666666667
125.4
125.33333333333333
125.26666666666667
125.2
125.13333333333334
125.06666666666666
125.0
125.0
126.0
126.0
126.0
128.0
128.0
131.0
131.0
130.0
130.0
129.0
129.0
133.0
133.0
132.0
134.0
134.0
135.0
135.0
135.0
135.0
133.0
133.0
125.0
125.0
109.0
109.0
117.0
117.0
117.0
117.0
114.0
114.0
113.0
113.0
114.0
114.0
113.0
113.0
117.0
117.0
138.0
138.0
133.75
129.5
125.25
121.0
120.0
120.0
117.0
117.0
117.0
102.0
102.0
90.0
90.0
90.0
104.0
104.0
89.0
89.0
89.0
88.0
88.0
88.0
92.0
92.0
92.0
92.0
92.0
85.0
85.0
85.0
83.0
83.0
83.0
83.0
83.0
83.0
81.0
81.0
81.0
81.0
81.0
81.0
73.0
73.0
73.0
82.0
82.0
82.0
90.0
90.0
93.0
93.0
93.0
92.0
92.0
94.0
94.0
94.0
95.0
95.0
95.0
95.0
95.0
96.0
96.0
99.0
99.0
99.0
105.0
105.0
107.0
107.0
110.0
110.0
109.0
109.0
112.0
112.0
113.0
113.0
113.0
114.0
115.0
116.0
117.0
118.0
119.0
120.0
121.0
121.0
121.0
121.0
120.0
120.0
117.0
117.0
118.0
118.0
118.0
118.0
118.0
119.0
119.0
117.0
117.0
119.0
119.0
120.0
120.0
120.0
120.0
120.0
120.0
120.0
121.0
121.0
121.0
121.0
122.0
122.0
123.0
123.0
123.0
123.0
123.0
123.0
125.0
125.0
124.0
124.0
125.0
125.0
125.0
125.0
124.0
124.0
124.0
124.0
122.0
122.0
121.0
121.0
120.0
120.0
119.0
119.0
120.0
120.0
121.0
121.0
120.0
120.0
120.0
120.0
118.0
118.0
118.0
118.0
119.0
119.0
117.0
117.0
115.0
115.0
113.0
113.0
111.0
111.0
113.0
113.0
115.0
115.0
115.0
115.0
117.0
117.0
116.0
116.0
116.0
115.0
115.0
115.0
115.0
115.0
115.0
113.0
113.0
112.0
112.0
112.0
112.0
111.0
111.0
112.0
112.0
112.0
112.0
112.0
115.0
115.0
115.0
115.0
116.0
116.0
117.0
117.0
117.0
117.0
119.0
119.0
119.0
119.0
119.0
119.0
120.0
120.0
120.3125
120.625
120.9375
121.25
121.5625
121.875
122.1875
122.5
122.8125
123.125
123.4375
123.75
124.0625
124.375
124.6875
125.0
125.0
125.0
125.0
125.0
125.0
123.0
123.0
125.0
125.0
125.0
125.0
124.0
124.0
126.0
126.0
125.0
125.0
125.0
126.0
126.0
127.0
127.0
127.0
127.0
128.0
128.0
128.0
128.0
128.0
128.0
128.0
128.0
128.0
128.0
128.0
128.0
128.0
128.0
128.0
127.0
127.0
126.0
126.0
126.0
126.0
126.0
126.0
127.0
127.0
127.0
127.0
127.0
127.0
127.0
128.0
128.0
128.0
128.0
128.0
128.0
128.0
128.0
128.0
129.0
129.0
128.0
128.0
129.0
129.0
129.0
129.0
129.0
129.0
128.0
128.0
128.0
128.0
127.0
127.0
127.0
127.0
127.0
127.0
127.0
128.0
128.0
127.0
127.0
127.0
127.0
126.0
126.0
126.0
126.0
127.0
127.0
127.0
126.0
126.0
126.0
126.0
126.0
126.0
126.0
126.0
126.0
126.0
126.0
126.0
126.0
126.0
126.0
126.0
126.0
126.0
126.0
127.0
127.0
126.0
126.0
128.0
128.0
128.0
128.0
127.0
127.0
127.0
127.0
127.0
127.0
127.0
126.0
126.0
125.0
125.0
125.0
125.0
125.0
125.0
125.0
125.0
125.0
125.0
125.0
125.0
125.0
125.0
123.0
123.0
123.0
123.0
126.0
126.0
126.0
126.0
126.0
128.0
128.0
126.0
126.0
127.0
127.0
126.0
126.0
125.0
125.0
123.0
123.0
122.0
122.0
121.0
121.0
120.0
120.0
122.0
122.0
121.0
121.0
122.0
122.0
122.0
122.0
122.0
123.0
123.0
124.0
124.0
125.0
125.0
125.0
125.0
125.0
125.0
125.0
125.0
125.0
125.0
126.0
126.0
126.0
126.0
126.0
126.0
126.0
127.0
127.0
126.0
126.0
126.0
126.0
126.0
126.0
123.0
123.0
124.0
124.0
123.0
123.0
124.0
124.0
123.0
123.0
123.0
123.0
123.0
123.0
124.0
124.0
124.0
125.0
125.0
126.0
126.0
125.0
125.0
127.0
127.0
127.0
127.0
128.0
128.0
127.0
127.0
128.0
127.0
127.0
127.0
127.0
126.0
126.0
126.0
126.0
126.0
126.0
126.0
126.0
126.0
126.0
125.0
125.0
126.0
126.0
125.0
125.0
125.0
125.0
125.0
125.0
125.0
125.0
125.0
125.0
125.0
124.0
124.0
126.0
126.0
125.0
125.0
126.0
126.0
126.0
126.0
125.0
125.0
125.0
123.0
123.0
125.0
125.0
125.0
125.0
123.0
123.0
122.0
122.0
124.0
124.0
123.0
123.0
122.0
122.0
122.0
122.0
122.0
122.0
122.0
122.0
122.0
122.0
120.0
120.0
121.0
121.0
120.0
120.0
121.0
121.0
121.0
121.0
121.0
121.0
121.0
121.0
122.0
122.0
122.0
122.0
122.0
122.0
121.0
122.0
122.0
122.0
140.0
138.0
138.0
137.0
137.0
136.0
136.0
136.0
136.0
136.0
136.0
136.0
136.0
136.0
136.0
137.0
137.0
136.0
136.0
137.0
137.0
137.0
137.0
137.0
133.0
133.0
131.33333333333334
129.66666666666666
128.0
126.33333333333333
124.66666666666667
123.0
121.33333333333333
119.66666666666667
118.0
118.0
111.0
111.0
107.0
107.0
107.0
107.0
107.0
109.0
109.0
108.0
108.0
108.0
108.0
108.0
108.0
108.0
107.0
107.0
110.0
110.0
109.77142857142857
109.54285714285714
109.31428571428572
109.08571428571429
108.85714285714286
108.62857142857143
108.4
108.17142857142858
107.94285714285714
107.71428571428571
107.48571428571428
107.25714285714285
107.02857142857142
106.8
106.57142857142857
106.34285714285714
106.11428571428571
105.88571428571429
105.65714285714286
105.42857142857143
105.2
104.97142857142858
104.74285714285715
104.51428571428572
104.28571428571429
104.05714285714286
103.82857142857142
103.6
103.37142857142857
103.14285714285714
102.91428571428571
102.68571428571428
102.45714285714286
102.22857142857143
102.0
102.0
95.0
95.0
95.0
86.0
86.0
86.0
72.0
72.0
72.0
78.0
78.0
78.0
78.0
73.0
73.0
73.0
64.0
64.0
64.0
64.0
69.0
69.0
69.0
68.0
68.0
68.0
68.0
71.0
71.0
71.0
70.0
70.0
70.0
70.0
61.0
61.0
61.0
61.0
65.0
65.0
65.0
67.0
67.0
67.0
67.0
68.0
68.0
68.0
68.0
68.0
68.0
68.0
67.0
67.0
67.0
69.0
69.0
69.0
69.0
70.0
70.0
70.0
69.0
69.0
69.0
72.0
72.0
72.0
72.0
74.0
74.0
74.0
80.0
80.0
80.0
78.0
78.0
78.0
80.0
80.0
80.0
81.0
81.0
81.0
82.0
82.0
82.0
82.0
82.0
81.0
81.0
81.0
82.0
82.0
82.0
83.0
83.0
83.0
82.0
82.0
82.0
84.0
84.0
84.0
84.0
84.0
84.0
83.0
83.0
87.0
87.0
87.0
88.0
88.0
88.0
87.0
87.0
87.0
91.0
91.0
94.0
94.0
94.0
93.0
93.0
94.0
94.0
94.0
92.0
92.0
92.0
92.0
92.0
87.0
87.0
87.0
93.0
93.0
93.0
75.0
75.0
75.0
78.0
78.0
78.0
84.0
84.0
93.0
93.0
93.0
92.0
92.0
94.0
94.0
94.0
96.0
96.0
100.0
100.0
100.0
106.0
106.0
107.0
107.0
102.0
102.0
102.0
87.0
87.0
87.0
79.0
79.0
79.0
76.0
76.0
76.0
80.0
80.0
80.0
86.0
86.0
93.0
93.0
93.0
96.0
96.0
98.0
98.0
98.0
99.0
99.0
99.0
99.0
101.0
101.0
101.0
102.0
102.0
112.0
112.0
115.0
115.0
115.0
115.0
119.0
119.0
113.0
113.0
123.0
123.0
115.0
115.0
115.0
124.0
111.0
111.0
121.0
121.0
121.0
104.0
104.0
114.0
114.0
105.0
105.0
109.0
109.0
106.0
106.0
106.0
107.0
107.0
106.0
106.0
105.0
105.0
105.0
105.0
105.0
103.0
103.0
107.0
107.0
107.0
107.0
109.0
109.0
109.0
109.0
110.0
119.0
128.0
128.0
124.0
124.0
124.0
102.0
102.0
102.0
93.75
85.5
77.25
69.0
69.0
69.0
69.0
69.0
69.0
69.0
70.0
70.0
70.0
70.0
71.0
71.0
71.0
72.0
72.0
72.0
76.0
76.0
76.0
82.0
82.0
82.0
86.0
86.0
89.0
89.0
89.0
90.0
90.0
90.0
92.0
92.0
92.0
92.0
92.0
98.0
98.0
106.0
106.0
102.0
102.0
102.0
107.0
107.0
107.0
107.0
102.0
102.0
102.0
100.0
100.0
99.0
99.0
97.0
97.0
97.0
94.0
94.0
94.0
92.0
92.0
87.0
87.0
87.0
87.0
71.0
71.0
71.0
73.0
73.0
73.0
75.0
75.0
76.38888888888889
77.77777777777777
79.16666666666667
80.55555555555556
81.94444444444444
83.33333333333333
84.72222222222223
86.11111111111111
87.5
88.88888888888889
90.27777777777777
91.66666666666667
93.05555555555556
94.44444444444444
95.83333333333333
97.22222222222223
98.61111111111111
100.0
100.0
112.0
112.0
121.0
121.0
126.0
126.0
128.0
128.0
121.0
122.22222222222223
123.44444444444444
124.66666666666667
125.88888888888889
127.11111111111111
128.33333333333334
129.55555555555554
130.77777777777777
132.0
132.0
124.0
124.0
117.0
117.0
99.0
99.0
99.0
101.4
103.8
106.2
108.6
111.0
113.4
115.8
118.2
120.6
123.0
123.0
124.0
124.0
125.0
125.0
115.0
115.0
100.0
100.0
100.0
100.0
100.0
102.0
102.0
102.0
102.0
102.0
104.0
104.0
106.0
106.0
104.0
104.0
104.0
103.0
103.0
117.0
117.0
120.0
120.0
125.0
125.0
120.0
120.0
120.0
120.0
128.0
125.0
125.0
127.0
127.0
128.0
128.0
132.0
132.0
133.0
133.0
135.0
132.0
132.0
132.0
125.5
119.0
112.5
106.0
96.0
96.0
96.0
94.0
94.0
98.0
98.0
98.0
102.0
102.0
104.0
104.0
110.0
110.0
113.0
113.0
118.0
118.0
125.0
125.0
122.0
122.0
123.0
123.0
121.0
121.0
118.0
118.0
114.0
114.0
114.0
114.0
114.0
114.0
114.0
114.0
114.0
114.0
114.0
115.0
115.0
117.0
117.0
117.0
117.0
121.0
121.0
120.0
120.0
124.0
124.0
122.0
122.0
122.0
122.0
118.0
118.0
120.0
120.0
116.0
116.0
118.0
118.0
124.0
124.0
128.0
127.0
127.0
126.0
126.0
126.0
118.0
122.0
122.0
113.0
113.0
117.0
117.0
117.0
109.0
109.0
112.0
112.0
109.0
109.0
108.0
108.0
107.0
107.0
107.0
104.0
104.0
105.0
105.0
103.0
103.0
103.0
103.0
103.0
102.0
102.0
102.0
102.0
102.0
103.0
103.0
105.0
105.0
116.0
116.0
112.0
112.0
114.0
114.0
114.0
113.0
115.0
115.0
115.0
111.0
111.0
111.0
111.0
114.0
114.0
110.0
110.0
113.0
113.0
112.0
112.0
113.0
113.0
117.0
117.0
117.0
111.0
111.0
113.0
113.0
112.0
112.0
111.0
111.0
110.0
110.0
112.0
112.0
110.0
110.0
110.0
109.0
109.0
109.0
109.0
109.0
109.0
107.0
107.0
108.0
108.0
108.0
107.0
107.0
108.0
108.0
107.0
107.0
108.0
108.0
108.0
109.0
109.0
112.0
112.0
118.0
118.0
118.0
118.0
118.0
118.0
117.0
117.0
116.0
116.0
118.0
118.0
116.0
116.0
116.0
116.0
112.0
112.0
114.0
114.0
110.0
110.0
110.0
111.0
111.0
113.0
113.0
114.0
114.0
116.0
116.0
116.0
116.0
116.0
116.0
117.0
117.0
118.0
118.0
120.0
120.0
120.0
120.0
121.0
121.0
117.0
117.0
118.0
118.0
117.0
117.0
109.0
109.0
120.0
120.0
111.0
111.0
116.0
116.0
116.0
117.0
117.0
118.0
118.0
118.0
118.0
117.0
117.0
117.0
117.0
120.0
120.0
119.0
119.0
120.0
120.0
120.0
120.0
119.0
119.0
119.0
119.0
120.0
120.0
120.0
120.0
120.0
120.0
121.0
121.0
120.0
120.0
120.0
120.0
121.0
121.0
119.0
119.0
118.0
118.0
117.0
117.0
115.0
115.0
119.0
119.0
119.0
119.0
120.0
120.0
123.0
123.0
123.0
123.0
123.0
123.0
125.0
126.0
126.0
126.0
126.0
122.0
122.0
122.0
122.0
121.0
121.0
120.0
120.0
118.0
118.0
116.0
116.0
118.0
118.0
116.0
116.0
117.0
117.0
117.0
117.0
117.0
116.0
116.0
116.0
116.0
119.0
119.0
120.0
120.0
119.0
119.0
120.0
120.0
119.0
119.0
119.0
119.0
116.0
116.0
120.0
120.0
120.0
120.0
120.0
120.0
120.0
120.0
120.0
120.0
120.0
120.0
121.0
121.0
123.0
123.0
123.0
122.0
122.0
120.0
120.0
121.0
121.0
121.0
121.0
123.0
123.0
123.0
123.0
125.0
125.0
122.0
122.0
120.0
120.0
115.0
115.0
108.0
108.0
108.0
109.0
109.0
108.0
108.0
109.0
109.0
110.0
110.0
113.0
113.0
114.0
114.0
113.0
113.0
113.0
108.0
108.0
105.0
102.0
99.0
96.0
93.0
90.0
87.0
84.0
81.0
78.0
75.0
72.0
72.0
72.0
73.0
73.0
73.0
77.0
77.0
77.0
77.0
75.0
75.0
75.0
74.0
74.0
74.0
82.0
82.0
103.0
103.0
104.0
104.0
104.0
105.0
105.0
104.0
104.0
100.0
100.0
100.0
101.0
101.0
101.0
100.5
100.0
99.5
99.0
98.5
98.0
97.5
97.0
96.5
96.0
96.0
96.0
95.0
95.0
96.0
96.0
96.0
94.0
94.0
94.0
94.0
94.0
95.0
95.0
96.0
96.0
96.0
95.0
95.0
96.0
96.0
96.0
93.0
93.0
93.0
94.0
94.0
92.0
92.0
92.0
92.0
92.0
91.0
91.0
91.0
91.0
91.0
91.0
94.0
94.0
96.0
96.0
98.0
98.0
98.0
99.0
99.0
99.0
99.0
99.0
99.0
99.0
101.0
101.0
101.0
101.0
101.0
101.0
101.0
100.0
100.0
100.0
98.0
98.0
94.0
94.0
94.0
83.0
83.0
83.0
74.0
74.0
74.0
74.0
71.0
71.0
71.0
72.0
72.0
72.0
75.0
75.0
75.0
76.0
76.0
76.0
81.0
81.0
81.0
87.0
87.0
87.0
90.0
90.0
92.0
92.0
92.0
95.0
95.0
111.0
111.0
113.0
113.0
109.5
106.0
102.5
99.0
95.5
92.0
88.5
85.0
85.0
85.0
86.0
86.0
86.0
92.0
92.0
94.0
94.0
94.0
94.0
94.0
97.0
97.0
97.0
93.0
93.0
91.0
91.0
91.0
87.0
87.0
87.0
84.0
84.0
84.0
82.0
82.0
82.0
77.0
77.0
77.0
80.0
80.0
80.0
75.0
75.0
75.0
77.0
77.0
77.0
84.0
84.0
84.0
92.0
92.0
94.0
94.0
94.0
95.0
95.0
97.0
97.0
97.0
99.0
99.0
100.0
100.0
101.0
101.0
101.0
101.0
103.0
102.0
102.0
103.0
103.0
103.0
102.0
102.0
103.0
103.0
101.0
101.0
101.0
100.0
100.0
99.0
99.0
99.0
97.0
97.0
96.0
96.0
99.0
99.0
99.0
94.0
94.0
97.0
97.0
97.0
91.0
91.0
91.0
95.0
95.0
95.0
91.0
91.0
84.0
84.0
84.0
94.0
94.0
100.0
100.0
103.0
103.0
103.0
106.0
106.0
105.0
105.0
106.0
106.0
106.0
106.0
106.0
106.0
106.0
103.0
103.0
103.0
103.0
103.0
102.0
102.0
102.0
102.0
102.0
102.0
102.0
102.0
102.0
103.0
103.0
103.0
103.0
103.0
105.0
105.0
105.0
105.0
106.0
106.0
106.0
106.0
106.0
107.0
107.0
110.0
110.0
108.0
108.0
107.0
107.0
108.0
108.0
108.0
108.0
108.0
110.0
110.0
114.0
114.0
116.0
116.0
118.0
118.0
116.0
116.0
114.0
114.0
110.0
110.0
110.0
103.0
103.0
106.0
106.0
107.0
107.0
107.0
107.0
107.0
108.0
108.0
107.0
107.0
108.0
108.0
109.0
109.0
110.0
110.0
115.0
115.0
121.0
121.0
122.0
122.0
122.0
122.0
122.0
122.0
120.0
120.0
115.0
115.0
115.0
115.0
115.0
114.0
114.0
114.0
114.0
113.0
113.0
114.0
114.0
117.0
117.0
119.0
119.0
117.0
117.0
118.0
118.0
116.0
116.0
117.0
117.0
117.0
117.0
114.0
114.0
109.0
109.0
109.0
111.0
111.0
110.0
110.0
109.0
109.0
110.0
110.0
110.0
110.0
110.0
110.0
110.0
110.0
110.0
111.0
111.0
112.0
112.0
116.0
116.0
119.0
119.0
120.0
120.0
122.0
122.0
125.0
125.0
126.0
126.0
124.0
124.0
125.0
125.0
123.0
123.0
121.0
121.0
120.0
120.0
120.0
140.0
140.0
140.0
135.0
130.0
125.0
120.0
120.0
120.0
120.0
120.0
120.0
120.0
120.0
121.0
121.0
123.0
123.0
122.0
122.0
122.0
122.0
122.0
122.0
122.0
122.0
126.0
126.0
126.0
126.0
128.0
128.0
127.0
127.0
124.0
124.0
123.0
123.0
122.0
122.0
121.0
121.0
119.0
119.0
120.0
120.0
119.0
119.0
119.0
119.0
120.0
120.0
120.0
120.0
120.0
120.0
120.0
120.0
121.0
121.0
121.0
122.0
122.0
122.0
122.0
122.0
122.0
123.0
123.0
119.0
119.0
120.0
120.0
120.0
120.0
120.0
120.0
120.0
120.0
118.0
118.0
116.0
116.0
116.0
115.0
115.0
114.0
114.0
113.0
113.0
111.0
111.0
110.0
110.0
109.0
109.0
107.0
107.0
107.0
107.0
107.0
103.0
103.0
102.0
102.0
102.0
103.0
103.0
103.0
103.0
106.0
106.0
107.0
107.0
107.0
107.0
108.55555555555556
110.11111111111111
111.66666666666667
113.22222222222223
114.77777777777777
116.33333333333333
117.88888888888889
119.44444444444444
121.0
120.0
120.0
118.0
118.0
115.0
115.0
118.0
118.0
120.0
120.0
122.0
122.0
123.0
123.0
126.0
126.0
129.0
132.0
132.0
135.0
135.0
136.0
136.0
135.0
136.0
136.0
132.0
132.0
129.0
129.0
131.0
131.0
131.0
131.0
126.0
126.0
115.0
115.0
107.0
107.0
107.0
100.75
94.5
88.25
82.0
82.0
82.0
83.0
83.0
83.78571428571429
84.57142857142857
85.35714285714286
86.14285714285714
86.92857142857143
87.71428571428571
88.5
89.28571428571429
90.07142857142857
90.85714285714286
91.64285714285714
92.42857142857143
93.21428571428571
94.0
94.0
91.0
91.0
91.0
85.0
85.0
85.0
73.0
73.0
73.0
77.0
77.0
77.0
82.0
82.0
82.0
91.0
91.0
94.0
94.0
94.0
94.0
94.0
94.0
95.0
95.0
95.0
95.0
95.0
95.0
95.0
95.0
95.0
95.0
97.0
97.0
98.0
98.0
100.0
100.0
100.0
101.0
101.0
103.0
103.0
105.0
105.0
105.0
108.0
108.0
111.0
111.0
114.0
114.0
113.0
113.0
112.0
112.0
111.0
111.0
107.0
107.0
107.0
111.0
111.0
109.0
109.0
109.0
109.0
109.0
109.0
110.0
110.0
109.0
109.0
109.0
109.0
109.0
107.0
107.0
106.0
106.0
103.0
103.0
103.0
101.0
101.0
97.0
97.0
97.0
88.0
88.0
88.0
86.0
86.0
86.0
78.0
78.0
78.0
80.0
80.0
80.0
81.0
81.0
81.0
75.0
75.0
75.0
76.0
76.0
76.0
74.0
74.0
74.0
79.0
79.0
79.0
85.0
85.0
85.0
82.0
82.0
82.0
82.0
82.0
82.0
85.0
85.0
91.0
91.0
91.0
101.0
101.0
107.0
107.0
103.0
103.0
103.0
89.0
89.0
95.0
95.0
95.0
95.0
100.0
109.0
109.0
115.0
115.0
118.0
118.0
121.0
121.0
123.0
123.0
122.0
122.0
117.0
117.0
117.0
109.0
101.0
93.0
85.0
85.0
87.0
87.0
87.0
90.0
90.0
90.0
92.0
92.0
92.0
92.0
92.0
94.0
94.0
96.0
96.0
96.0
98.0
98.0
102.0
102.0
103.0
103.0
103.0
105.0
105.0
107.0
107.0
108.0
108.0
111.0
111.0
112.0
112.0
111.0
111.0
111.0
107.0
107.0
111.0
111.0
110.0
110.0
111.0
111.0
116.0
116.0
114.0
114.0
118.0
118.0
119.0
119.0
122.0
122.0
123.0
123.0
122.0
122.0
122.0
122.0
120.0
120.0
120.0
120.0
119.0
119.0
115.0
115.0
114.0
114.0
114.0
110.0
110.0
111.25
112.5
113.75
115.0
116.25
117.5
118.75
120.0
121.25
122.5
123.75
125.0
126.25
127.5
128.75
130.0
131.25
132.5
133.75
135.0
135.0
128.5
122.0
115.5
109.0
109.0
109.0
109.0
109.0
109.0
109.0
109.0
110.0
110.0
111.0
111.0
111.0
114.0
114.0
119.0
119.0
119.0
119.0
120.0
120.0
120.0
120.0
121.0
123.0
123.0
125.0
125.0
126.0
126.0
125.0
125.0
123.0
123.0
120.0
120.0
122.0
122.0
121.0
121.0
122.0
122.0
121.0
121.0
121.0
121.0
120.0
120.0
120.0
120.0
120.0
120.0
122.0
122.0
123.0
123.0
123.0
123.0
125.0
125.0
122.0
122.0
122.0
123.0
123.0
122.0
122.0
122.0
122.0
122.0
122.0
124.0
124.0
123.0
123.0
122.0
122.0
123.0
123.0
121.0
121.0
123.0
123.0
123.0
123.0
123.0
123.0
123.0
123.0
125.0
125.0
125.0
125.0
126.0
126.0
126.0
125.0
125.0
125.0
125.0
122.0
122.0
120.0
120.0
120.0
120.0
118.0
118.0
117.0
117.0
118.0
118.0
118.0
118.0
117.0
117.0
117.0
117.0
117.0
117.0
117.0
117.0
117.0
117.0
117.0
118.0
118.0
119.0
119.0
118.0
118.0
118.0
118.0
117.0
117.0
117.0
117.0
116.0
116.0
116.0
116.0
116.0
116.0
120.0
120.0
122.0
122.0
123.0
123.0
121.0
121.0
120.0
120.0
119.0
119.0
115.0
115.0
114.0
114.0
113.0
113.0
113.0
113.0
113.0
113.0
112.0
112.0
112.0
111.0
111.0
111.0
111.0
110.0
110.0
109.0
109.0
111.0
111.0
113.0
113.0
113.0
114.0
114.0
118.0
123.0
123.0
119.0
119.0
120.0
120.0
118.0
118.0
118.0
115.0
115.0
115.0
115.0
120.0
120.0
126.0
128.0
128.0
129.0
129.0
128.0
128.0
126.0
126.0
115.0
115.0
110.0
110.0
110.0
104.0
104.0
104.0
104.0
104.0
104.0
104.0
104.0
104.0
104.0
104.0
104.0
104.0
98.0
98.0
98.0
98.0
91.5
85.0
78.5
72.0
72.0
72.0
73.0
73.0
73.0
72.0
72.0
72.0
72.0
76.0
76.0
84.0
84.0
84.0
88.0
88.0
88.0
96.0
96.0
85.0
85.0
85.0
90.0
90.0
90.0
93.0
93.0
94.0
94.0
94.0
95.0
95.0
96.0
96.0
96.0
98.0
98.0
98.0
98.0
99.0
99.0
99.0
101.0
101.0
103.0
103.0
105.0
105.0
105.0
106.0
106.0
107.0
107.0
106.0
106.0
108.0
108.0
108.0
108.0
108.0
107.0
107.0
106.0
106.0
104.0
104.0
104.0
106.0
106.0
103.0
103.0
104.0
104.0
104.0
105.0
105.0
105.0
105.0
105.0
105.0
104.0
104.0
104.0
103.0
103.0
102.0
102.0
100.0
100.0
100.0
99.0
99.0
97.0
97.0
97.0
98.0
98.0
95.0
95.0
95.0
93.0
93.0
93.0
73.0
73.0
73.0
73.0
73.0
73.0
78.0
78.0
78.0
78.0
80.5625
83.125
85.6875
88.25
90.8125
93.375
95.9375
98.5
101.0625
103.625
106.1875
108.75
111.3125
113.875
116.4375
119.0
119.0
120.0
120.0
115.0
115.0
115.0
110.0
110.0
109.0
109.0
104.0
104.0
104.0
96.0
96.0
99.0
99.0
98.0
98.0
98.0
97.0
97.0
97.0
97.0
97.0
99.0
99.0
100.0
100.0
102.0
102.0
102.0
102.0
102.0
104.0
104.0
104.0
104.0
104.0
107.0
107.0
112.0
112.0
111.0
111.0
112.0
112.0
112.0
112.11111111111111
112.22222222222223
112.33333333333333
112.44444444444444
112.55555555555556
112.66666666666667
112.77777777777777
112.88888888888889
113.0
113.11111111111111
113.22222222222223
113.33333333333333
113.44444444444444
113.55555555555556
113.66666666666667
113.77777777777777
113.88888888888889
114.0
114.11111111111111
114.22222222222223
114.33333333333333
114.44444444444444
114.55555555555556
114.66666666666667
114.77777777777777
114.88888888888889
115.0
115.0
117.0
117.0
114.0
114.0
115.0
115.0
116.0
116.0
117.0
117.0
119.0
119.0
119.0
119.0
119.0
120.0
120.0
119.0
119.0
120.0
121.0
121.0
123.0
123.0
123.0
123.0
123.0
125.0
125.0
125.0
125.0
126.0
126.0
126.0
127.0
127.0
127.0
127.0
127.0
127.0
127.0
127.0
127.0
129.0
129.0
128.0
128.0
129.0
129.0
129.0
129.0
128.0
128.0
128.0
127.0
127.0
128.0
128.0
127.0
127.0
127.0
127.0
125.0
125.0
125.0
125.0
124.0
124.0
123.0
123.0
122.0
122.0
123.0
123.0
122.0
122.0
123.0
123.0
125.0
123.0
123.0
123.0
123.0
123.0
123.0
123.0
123.0
122.0
122.0
126.0
126.0
126.0
126.0
128.0
128.0
129.0
129.0
128.0
128.0
126.0
122.0
122.0
122.0
117.0
117.0
117.0
117.0
117.0
117.0
