157.0
157.0
157.0
164.75
164.5
164.5
162.25
162.25
159.0
159.0
158.5
158.5
159.0
159.0
158.75
158.75
158.75
158.75
158.75
158.75
158.75
158.75
158.75
158.75
158.1985294117647
157.64705882352942
157.09558823529412
156.5441176470588
155.99264705882354
155.44117647058823
154.88970588235293
154.33823529411765
153.78676470588235
153.23529411764707
152.68382352941177
152.13235294117646
151.5808823529412
151.02941176470588
150.47794117647058
149.9264705882353
149.375
148.8235294117647
148.27205882352942
147.72058823529412
147.1691176470588
146.61764705882354
146.06617647058823
145.51470588235293
144.96323529411765
144.41176470588235
143.86029411764704
143.30882352941177
142.75735294117646
142.2058823529412
141.65441176470588
141.10294117647058
140.5514705882353
140.0
140.0
138.75
138.75
137.75
137.75
136.75
136.75
138.0
136.0
136.0
138.5
138.5
138.5
137.75
137.75
137.5
137.5
140.0
139.5
139.5
140.5
140.5
142.5
142.0
142.0
142.5
142.5
142.0
143.0
143.0
143.5
141.5
141.5
140.5
140.5
138.25
138.25
137.5
134.25
134.25
134.5
134.5
134.5
134.5
132.5
132.5
135.5
135.75
135.75
136.75
136.75
139.0
139.0
140.5
140.5
140.75
140.75
140.75
140.5
140.25
140.25
141.5
141.5
139.5
139.5
140.75
140.75
137.75
136.75
136.75
138.5
138.5
137.75
137.75
138.5
137.25
137.25
138.25
138.25
137.75
138.0
138.0
140.75
140.75
140.75
140.25
140.75
140.75
143.0
143.0
141.75
143.5
143.5
144.25
144.25
143.25
143.25
143.25
143.25
142.0
142.0
142.25
142.25
142.5
143.25
143.25
145.5
145.5
144.25
144.25
147.0
145.75
145.75
143.0
143.0
142.75
144.0
144.0
144.0
144.0
141.25
140.5
140.5
143.0
143.0
141.0
141.0
141.0
142.5
142.5
142.5
139.0
139.0
141.0
141.0
141.0
141.0
140.0
140.0
141.5
141.0
141.0
141.0
141.0
139.75
139.75
141.5
142.25
142.25
144.0
144.0
144.75
144.75
146.75
146.75
142.5
142.0
142.0
138.5
138.5
140.75
140.75
139.75
139.75
138.5
139.75
139.75
141.25
141.25
139.75
139.5
139.5
140.0
138.5
138.5
139.5
139.5
141.25
141.25
141.25
140.75
140.75
140.75
140.75
141.5
141.0
141.0
141.0
139.75
139.75
137.5
137.75
137.75
138.75
139.0
139.0
140.5
140.5
141.5
141.5
144.25
144.25
145.0
145.0
145.25
145.25
145.25
145.25
145.25
145.5
145.5
145.25
145.25
146.0
145.75
145.75
145.75
145.75
145.75
144.25
140.75
140.75
139.75
139.75
140.5
140.5
139.25
139.0
139.0
138.0
138.0
138.25
139.5
139.5
141.0
141.0
142.75
142.75
142.75
142.75
142.75
144.5
141.5
141.5
141.5
141.5
154.25
150.0
150.0
147.0
148.25
148.25
149.25
149.25
148.75
148.25
148.25
148.75
148.75
148.75
147.5
147.5
147.0
147.0
146.75
146.25
146.25
146.0
146.5
146.5
146.0
146.0
145.0
145.0
145.0
145.0
145.0
146.25
146.25
146.0
146.0
146.0
146.25
146.25
145.25
145.5
145.5
145.5
145.5
145.5
145.5
145.5
145.25
145.0
145.0
146.25
146.25
145.25
145.5
145.5
145.5
145.5
145.5
145.5
145.5
145.5
145.5
145.5
145.5
145.5
145.5
145.5
145.0
143.25
143.25
143.75
143.75
143.25
143.25
143.25
143.5
143.5
144.5
143.25
143.25
143.5
142.5
142.5
143.5
143.5
142.25
142.25
140.75
140.75
141.25
139.75
139.75
140.0
140.0
137.75
137.0
137.0
137.0
132.5
125.5
125.5
124.5
127.25
127.25
128.5
128.5
130.25
130.25
133.0
134.0
134.0
134.5
134.5
138.0
138.0
139.75
139.75
139.25
139.25
139.25
140.75
140.75
143.25
143.25
143.25
145.5
145.5
144.75
144.75
143.75
144.25
144.25
144.0
144.0
145.0
142.0
142.0
144.0
144.0
144.75
144.0
144.0
142.0
142.0
139.75
139.5
139.5
139.5
138.0
138.0
142.0
142.0
143.25
143.25
142.5
142.5
143.75
140.25
140.25
140.75
142.25
142.25
143.25
143.25
143.25
143.25
143.75
142.5
142.5
140.75
140.75
141.0
139.75
139.75
140.5
140.5
139.5
139.5
139.0
139.0
140.0
140.0
137.25
137.25
137.25
137.25
137.25
137.25
137.25
137.25
137.25
137.25
144.75
143.0
143.0
143.0
143.0
143.0
143.0
143.0
143.0
143.0
143.0
142.75
143.0
143.0
143.0
142.46428571428572
141.92857142857142
141.39285714285714
140.85714285714286
140.32142857142858
139.78571428571428
139.25
139.25
142.25
144.25
144.25
145.25
145.25
145.5
145.75
145.75
145.75
145.75
146.5
146.0
146.0
145.5
145.75
145.75
145.5
145.5
146.0
146.25
146.25
146.75
146.75
146.75
147.75
147.75
146.5
146.75
146.75
146.75
146.75
144.5
144.5
145.5
146.25
146.25
143.5
143.5
142.0
144.0
144.0
142.25
141.5
141.5
141.5
141.5
140.75
140.75
141.25
141.75
141.75
141.25
141.25
141.5
141.5
142.75
141.5
141.5
141.5
141.5
141.0
140.5
140.5
140.5
140.25
140.25
140.25
139.5
139.5
140.25
140.25
140.25
140.75
140.75
140.25
140.25
141.0
140.75
140.75
141.5
141.5
140.75
140.75
141.25
141.25
141.25
141.5
141.5
141.5
141.5
143.75
143.25
143.25
142.5
141.25
141.25
142.0
142.0
140.5
140.5
140.5
142.5
142.5
143.75
143.75
143.25
141.25
141.25
137.25
137.25
137.25
140.75
137.5
137.5
137.5
141.5
141.5
141.75
142.25
142.25
142.25
145.5
145.5
144.75
144.75
145.25
140.5
140.5
135.5
135.5
136.75
136.75
135.5
135.5
135.75
138.0
138.0
136.75
136.75
136.75
136.75
136.75
136.75
136.75
137.0
137.0
137.0
140.25
140.25
141.0
141.0
143.5
143.5
142.25
142.25
142.25
142.25
142.0
142.0
142.5
142.5
140.25
140.25
140.5
139.25
139.25
142.0
140.75
140.75
141.5
141.5
142.5
142.5
142.5
143.0
139.25
139.25
141.75
141.75
141.75
141.75
141.75
142.0
142.0
142.75
142.75
142.75
141.25
141.25
145.0
145.0
153.0
145.5
145.5
143.0
143.0
142.0
144.25
144.25
144.75
144.75
144.0
144.0
144.0
146.0
146.0
145.0
144.75
144.75
144.75
144.75
146.25
144.5
144.5
145.0
145.0
145.0
145.75
145.75
146.75
146.75
146.25
146.0
146.0
145.0
144.5
144.5
143.75
143.25
143.25
142.0
142.0
142.5
142.5
142.5
142.5
141.0
138.5
138.5
135.75
135.75
136.75
136.75
137.25
138.75
138.75
140.25
140.25
138.0
138.0
132.5
132.5
131.0
131.5
131.5
133.75
133.75
133.5
133.5
134.25
135.0
135.0
136.25
136.25
137.25
137.25
137.25
137.5
137.5
136.75
136.75
136.5
136.5
136.0
136.0
135.25
135.25
134.75
134.75
134.25
135.75
135.75
135.0
135.0
135.75
135.75
137.5
137.25
137.25
137.5
137.5
137.25
137.25
137.75
138.5
138.5
139.0
139.0
140.0
140.5
140.5
140.75
140.75
141.5
141.5
141.5
141.75
141.75
140.75
142.0
142.0
142.0
142.0
140.5
140.5
139.75
140.0
140.0
142.0
142.0
140.0
140.0
142.25
142.25
140.0
140.0
141.75
141.75
140.75
142.0
142.0
140.75
140.75
140.25
140.75
140.75
140.0
140.0
139.25
139.25
137.5
137.5
138.0
136.0
136.0
139.0
139.0
139.25
139.5
139.5
139.5
139.5
139.25
139.5
139.5
141.5
141.5
139.0
139.0
141.25
141.5
141.5
141.0
141.0
140.0
139.25
139.25
138.5
138.5
139.0
139.0
140.5
139.0
139.0
140.75
140.75
139.5
140.75
140.75
140.25
140.25
140.25
140.25
140.0
141.75
141.75
143.25
143.25
141.25
142.75
142.75
142.5
142.5
142.5
142.25
142.25
142.25
142.25
142.0
140.0
140.0
140.0
140.0
140.75
140.75
140.5
141.75
141.75
142.0
142.0
140.0
139.25
139.25
137.5
137.5
137.5
137.5
137.75
138.5
138.5
137.75
137.75
138.5
138.5
138.5
139.5
139.5
140.75
140.75
141.0
141.25
141.25
145.0
145.0
142.0
142.5
142.5
143.5
143.5
143.0
143.0
141.5
140.5
140.5
140.5
140.5
139.75
140.5
140.5
140.25
140.25
140.75
140.75
140.75
140.0
140.0
141.25
141.5
141.5
142.0
142.0
140.75
140.75
141.5
140.75
140.75
141.5
141.5
140.75
141.0
141.0
142.25
142.25
140.25
139.5
139.5
136.75
136.75
135.75
135.75
135.75
135.75
136.0
136.0
136.0
135.75
135.75
135.5
135.5
135.5
135.5
135.5
135.5
135.5
135.25
135.25
139.0
139.5
139.5
142.0
142.0
142.75
143.25
143.25
143.5
143.5
143.0
143.0
143.0
144.25
144.25
142.75
140.25
140.25
141.5
141.5
139.5
139.5
140.5
140.5
140.5
139.5
139.5
138.5
138.5
137.5
138.25
138.25
137.25
137.25
137.25
137.25
136.75
138.25
138.25
135.25
135.25
133.25
133.25
133.5
134.25
134.25
134.25
134.25
135.5
137.75
137.75
137.5
137.5
134.5
134.5
136.75
136.75
135.5
135.75
135.75
136.25
136.25
135.25
135.25
136.75
136.75
136.25
134.25
134.25
135.0
135.0
135.0
135.5
135.5
135.5
136.5
136.5
135.5
135.75
135.75
134.75
134.75
136.5
136.5
136.0
136.0
136.75
136.75
136.75
136.75
135.5
135.5
133.25
133.25
133.5
134.25
134.25
134.75
134.75
134.25
134.25
135.25
135.25
136.0
136.0
136.75
136.75
136.75
138.5
138.5
140.5
138.0
138.0
138.0
138.0
137.75
137.75
137.75
137.75
133.75
133.75
135.0
135.0
133.5
133.5
135.0
135.25
135.25
133.25
133.25
136.75
136.75
136.75
136.0
136.0
136.0
136.0
136.75
136.75
135.25
137.5
137.5
138.5
138.5
137.5
137.5
137.5
137.5
137.5
137.5
137.25
137.25
137.5
137.5
134.25
135.5
135.5
134.5
133.5
133.5
133.5
134.25
134.25
134.5
134.75
134.75
133.75
133.75
134.5
134.5
135.0
135.0
135.0
134.0
134.0
136.75
136.75
135.75
135.5
135.5
135.5
135.0
135.0
135.0
134.5
134.5
134.5
137.0
137.0
137.5
137.5
138.25
138.75
138.5
138.5
138.5
140.5
139.5
139.5
137.5
137.5
137.5
137.5
136.25
139.0
139.0
138.5
138.5
141.0
141.0
141.0
140.75
140.75
141.25
142.5
142.5
142.5
142.5
142.5
143.25
143.25
142.0
142.0
144.5
144.25
144.25
143.5
143.5
145.0
145.5
145.5
145.0
145.0
144.75
145.0
145.0
144.5
144.5
145.5
145.25
145.25
145.0
145.0
144.5
144.0
144.0
144.5
144.5
144.75
145.0
145.0
144.25
144.25
145.0
145.25
145.25
145.25
145.0
145.0
144.75
144.75
145.0
142.5
142.5
144.5
144.5
145.0
145.0
145.0
145.5
145.5
145.5
145.25
145.25
145.75
145.75
146.5
146.75
146.75
146.5
147.0
147.0
147.0
147.0
146.25
145.75
145.75
145.5
145.5
145.0
145.0
145.0
144.0
145.75
145.75
145.0
145.0
145.0
145.0
145.0
145.0
145.0
145.0
145.0
145.0
138.5
138.5
139.5
139.5
139.0
139.0
138.75
138.75
140.75
140.75
140.75
140.5
141.75
141.75
142.25
141.0
141.0
141.0
142.0
141.25
141.25
140.0
140.0
140.75
140.75
139.5
140.5
140.5
140.75
140.75
141.5
141.0
141.0
141.0
139.0
139.0
137.75
137.75
137.25
137.25
136.5
136.5
136.5
137.5
137.5
138.25
138.25
139.0
139.0
139.5
139.75
139.75
141.75
141.75
142.25
144.75
144.75
141.75
143.0
143.0
143.0
143.0
143.0
143.0
140.75
140.75
139.0
139.0
135.5
135.5
135.25
135.25
135.25
135.25
135.5
135.5
135.25
135.25
124.0
124.0
125.5
125.5
127.25
130.75
130.75
130.25
130.25
130.5
130.5
130.75
130.75
130.75
131.5
131.5
131.75
131.75
132.25
132.25
132.5
132.5
133.25
135.5
135.5
134.0
134.0
135.0
138.5
138.5
138.25
138.25
135.25
135.25
137.0
137.0
137.25
137.25
136.5
136.25
136.25
134.75
134.25
134.25
135.75
135.75
135.75
135.75
135.25
135.25
136.5
132.75
132.75
132.0
132.0
133.25
133.25
134.5
134.5
134.5
126.5
129.75
129.75
128.25
128.25
128.25
126.75
126.75
126.0
126.0
129.0
129.0
130.75
130.75
133.25
133.25
133.25
134.25
134.25
135.0
135.0
135.0
135.0
138.5
135.75
135.75
133.0
133.0
135.25
136.0
136.0
136.0
140.75
140.75
142.0
142.0
141.25
140.5
140.5
137.75
137.75
132.75
134.25
134.25
136.5
136.5
137.5
137.5
137.75
140.75
140.75
136.5
136.5
136.5
136.5
136.5
136.25
136.25
136.5
136.5
136.5
136.5
136.5
136.625
136.75
136.875
137.0
137.125
137.25
137.25
138.25
139.0
139.0
138.75
138.75
140.0
140.75
140.75
139.25
139.25
139.75
139.75
140.75
142.25
142.25
140.0
140.0
140.75
140.75
139.5
139.5
139.5
139.0
139.0
138.25
138.25
137.5
137.0
137.0
137.0
137.0
135.0
135.25
135.25
135.25
135.25
134.5
134.5
135.75
135.75
136.75
136.75
136.75
137.5
137.5
136.75
136.75
132.5
132.75
132.75
132.75
148.25
148.25
136.75
141.0
141.0
136.0
136.0
138.5
136.75
136.75
138.25
138.25
138.5
138.5
139.0
137.5
137.5
135.75
135.75
137.0
137.0
131.75
135.75
135.75
135.25
135.25
134.75
134.75
135.0
135.0
136.25
134.75
134.75
135.0
135.0
133.25
133.25
136.75
136.75
136.5
136.5
136.5
136.75
136.75
139.0
137.5
137.5
138.0
138.0
138.0
138.0
138.0
135.5
136.75
136.75
136.75
136.75
137.75
137.75
134.5
134.5
135.75
139.0
139.0
139.0
139.0
139.0
138.75
138.75
138.75
138.75
143.25
142.0
142.0
143.25
143.25
143.25
143.25
143.25
142.25
142.25
142.75
142.0
142.0
143.0
143.0
142.0
142.5
142.5
142.5
142.5
142.25
142.25
141.5
142.25
142.25
143.75
144.25
144.25
143.5
143.5
141.75
141.75
143.5
142.75
142.75
144.5
144.5
143.75
144.25
144.25
145.0
145.0
145.0
146.25
146.25
143.75
143.75
143.25
145.5
145.5
144.25
144.25
141.25
145.25
145.25
144.75
144.75
144.5
145.0
145.0
143.5
143.5
141.25
140.0
140.0
140.75
140.75
140.75
139.0
139.0
137.75
137.75
137.5
137.5
137.75
137.75
137.5
139.5
139.5
138.75
138.75
137.5
137.5
139.0
141.25
141.25
140.25
140.25
140.0
142.25
142.25
141.5
141.5
142.0
142.0
139.75
139.5
139.5
137.0
137.0
132.0
132.0
128.75
128.75
130.75
130.75
131.5
134.25
134.25
136.25
136.25
136.25
136.75
136.75
138.75
138.75
138.25
138.25
139.25
140.0
140.0
140.25
140.25
140.75
141.75
141.75
142.0
142.0
140.25
142.25
142.25
142.5
142.5
143.0
143.0
143.0
143.25
143.25
141.5
141.5
141.25
141.5
141.5
142.0
142.0
142.0
141.75
141.75
141.75
141.75
142.0
141.25
141.25
142.0
142.0
141.0
141.0
141.0
141.0
141.0
141.5
141.5
141.25
142.5
142.5
141.75
141.75
141.25
142.0
142.0
142.0
142.0
142.25
141.25
141.25
142.5
142.5
142.0
141.5
141.5
142.0
142.0
144.0
144.0
143.0
142.5
142.5
143.0
143.0
142.75
142.5
142.5
144.5
144.5
143.75
145.0
145.0
145.75
145.5
145.5
146.0
146.0
145.0
144.0
144.0
144.25
144.25
144.5
144.5
144.5
144.75
144.75
144.5
144.0
144.0
143.75
143.75
143.25
143.0
143.0
143.0
143.0
144.0
144.0
144.0
144.5
144.5
143.5
143.25
143.25
143.25
143.25
140.75
140.75
142.0
143.0
143.0
142.5
142.5
142.5
142.5
142.25
142.25
142.25
141.5
141.25
141.25
140.75
140.75
141.5
141.25
141.25
141.25
141.25
141.0
140.0
140.0
141.25
141.25
142.5
140.75
140.75
142.0
142.0
141.75
141.75
140.75
140.5
140.5
140.75
140.75
140.75
140.75
140.75
141.0
141.0
141.5
141.5
141.0
141.5
141.5
141.0
142.5
142.5
142.5
142.5
143.0
143.0
142.25
142.0
142.0
142.75
142.75
142.25
142.75
142.75
143.75
143.75
143.0
143.0
141.75
140.75
140.75
140.0
140.25
140.25
139.25
139.25
139.25
139.25
139.75
139.75
140.25
140.75
140.75
141.75
140.25
140.25
138.5
138.5
139.0
139.0
135.0
135.0
135.0
133.75
133.75
134.0
134.0
134.75
136.25
136.25
136.0
136.0
136.75
137.5
137.5
137.5
137.5
137.5
137.5
136.0
135.5
135.5
135.75
135.75
136.5
136.5
136.25
137.75
137.75
137.75
136.5
138.25
138.25
138.5
138.5
139.5
139.5
139.5
139.25
139.25
139.25
139.25
139.5
139.5
139.5
140.25
140.25
140.25
140.25
139.5
139.75
139.75
139.5
139.5
140.75
140.75
141.5
141.0
141.0
142.0
141.5
141.5
142.0
142.0
142.0
143.75
143.75
143.5
143.5
143.75
144.25
144.25
145.0
145.0
144.0
143.5
143.5
143.75
143.75
144.25
143.25
143.25
142.75
142.75
142.0
142.0
142.0
141.5
141.5
141.25
141.25
142.0
142.0
142.0
141.25
141.25
143.25
142.25
142.25
142.0
142.0
142.0
142.0
142.0
141.0
141.0
142.0
143.25
143.25
144.0
144.0
142.25
143.0
143.0
143.25
143.25
143.25
143.25
143.25
141.0
141.0
140.75
140.75
139.5
139.5
137.25
139.0
139.0
136.25
136.25
137.5
137.5
136.75
136.25
136.25
135.25
135.25
134.25
134.25
134.0
134.25
134.25
133.5
133.5
133.5
133.5
133.5
138.0
138.0
138.0
138.0
138.0
137.0
135.75
135.75
135.75
135.75
135.75
135.75
134.5
137.25
137.25
134.5
134.5
137.25
137.25
135.25
137.25
137.25
137.5
137.5
136.25
136.25
137.5
139.0
139.0
137.75
137.75
137.75
126.75
126.75
135.5
137.0
137.0
137.25
137.25
134.0
134.0
135.0
135.0
137.0
136.75
136.75
136.75
136.75
137.5
137.5
135.75
135.75
136.25
136.25
134.5
134.5
135.25
135.25
133.75
133.75
133.75
134.25
134.25
134.0
134.0
134.25
133.75
133.75
134.0
134.0
133.5
133.5
136.25
136.75
136.75
135.25
135.25
137.75
137.75
135.0
135.0
136.75
136.0
136.0
136.25
136.25
137.25
137.25
139.5
139.75
139.75
140.5
140.5
139.25
139.25
137.0
138.75
138.75
140.75
140.75
140.75
150.0
150.0
150.0
150.0
150.0
149.75
149.75
150.0
150.0
149.75
147.46428571428572
145.17857142857142
142.89285714285714
140.60714285714286
138.32142857142858
136.03571428571428
133.75
135.0
135.0
134.0
134.0
131.5
131.5
132.5
132.5
131.5
131.5
133.25
133.75
133.75
133.75
133.75
134.25
134.25
134.75
134.75
133.5
133.5
133.5
134.25
134.25
134.25
134.5
134.5
136.75
136.75
139.75
139.75
139.75
139.5
139.5
138.0
138.0
138.0
138.25
138.25
133.5
134.25
134.25
133.5
133.5
130.75
135.0
135.0
135.25
135.25
136.25
136.25
135.75
135.75
134.75
134.75
135.5
137.0
137.0
135.0
135.0
138.5
138.5
137.0
137.25
137.25
137.0
137.0
138.0
139.25
139.25
138.25
138.25
138.75
138.75
138.75
138.75
138.75
138.5
139.75
139.75
139.5
139.5
139.5
141.25
141.25
142.0
142.0
141.25
143.25
143.25
143.25
143.25
143.25
141.75
141.75
143.5
143.5
143.5
144.0
144.0
144.25
144.25
144.25
145.0
145.0
145.0
145.0
144.0
144.75
144.75
144.75
144.5
144.5
144.75
144.75
144.75
144.75
147.0
144.75
144.75
147.0
147.0
147.0
145.75
145.75
147.0
147.0
147.0
145.75
145.75
146.5
145.75
145.75
145.5
146.75
146.75
146.25
146.0
146.0
146.75
146.75
145.75
146.75
146.75
146.5
146.5
147.5
147.5
146.0
145.75
145.75
146.0
146.0
145.75
145.75
145.75
147.0
147.0
144.0
144.75
144.75
143.0
143.0
143.5
143.25
143.25
142.0
141.0
141.0
140.5
140.5
143.25
143.25
139.5
139.5
143.5
142.0
142.0
142.0
142.0
143.5
139.5
139.5
142.0
142.75
142.75
141.25
141.25
142.0
142.0
143.75
144.75
144.75
144.5
144.5
144.5
145.5
145.5
146.0
147.0
147.0
147.0
147.0
146.25
145.25
145.25
144.0
144.0
142.75
136.25
136.25
134.25
134.25
134.25
134.25
135.0
135.0
133.0
133.0
130.25
130.25
126.0
126.0
120.25
120.25
121.0
121.0
124.5
124.5
128.0
128.0
130.0
129.75
129.75
129.75
129.75
128.5
128.5
129.75
129.75
130.25
130.25
129.5
129.5
129.5
129.0
129.0
129.0
131.5
131.5
131.5
129.0
129.0
132.0
132.0
128.5
128.5
130.75
129.75
129.75
130.25
130.25
131.25
131.25
130.25
130.25
131.25
131.25
129.25
129.25
127.75
127.75
128.0
128.0
129.75
130.0
130.0
131.75
131.75
131.75
131.75
132.25
132.25
132.25
132.75
132.75
128.5
128.5
131.75
131.75
126.75
126.75
129.0
129.0
129.5
129.5
127.25
129.75
129.75
128.25
128.25
132.0
132.0
132.0
132.0
132.75
132.75
136.5
133.5
133.5
135.75
135.75
135.75
135.75
134.25
136.75
136.75
135.75
135.75
134.25
134.25
138.0
136.0
136.0
137.75
137.75
139.5
139.5
139.25
141.5
141.5
136.75
136.75
139.5
141.5
141.5
140.75
140.75
140.0
139.75
139.75
140.75
140.75
140.5
140.5
141.5
142.75
142.75
141.75
141.75
140.5
139.5
139.5
135.0
135.0
138.75
138.75
141.5
141.5
141.5
141.5
141.5
141.25
141.25
141.25
141.25
140.5
139.0
139.0
139.25
139.25
141.75
136.0
136.0
138.75
138.75
139.75
137.5
137.5
140.25
140.25
138.75
138.75
138.5
141.75
141.75
140.25
140.25
141.75
141.75
139.25
139.75
139.75
136.75
136.75
141.5
141.5
133.0
142.0
142.0
140.5
137.75
137.75
136.25
136.25
138.5
138.5
138.5
138.5
136.75
138.75
138.75
138.5
138.5
135.75
135.75
135.0
135.0
136.0
134.75
134.75
137.25
137.25
138.5
138.5
138.5
137.0
137.0
137.75
137.75
137.75
137.75
137.75
138.0
138.0
137.75
137.75
137.75
138.75
138.75
138.0
138.0
138.25
137.5
137.5
137.5
137.5
137.75
137.75
137.75
139.5
139.5
138.75
138.75
139.25
139.25
140.25
140.75
140.75
141.5
141.5
142.0
143.0
143.0
142.75
142.75
141.25
140.75
140.75
140.75
140.75
140.75
140.75
141.25
144.75
144.75
142.75
142.75
140.25
140.75
140.75
143.25
143.25
143.0
143.0
142.5
142.0
142.0
142.25
142.25
142.0
143.75
143.75
143.75
143.75
144.5
142.0
142.0
141.0
141.0
139.5
141.5
141.5
139.5
139.5
140.25
139.75
139.75
138.5
138.5
137.5
137.5
136.75
137.5
137.5
138.5
138.5
138.75
138.75
139.25
141.0
141.0
140.75
140.75
142.5
142.0
142.0
142.0
142.0
142.0
142.0
142.0
142.0
142.0
142.5
142.75
142.75
143.75
143.75
144.0
144.5
144.5
144.0
144.0
143.5
143.25
143.25
143.25
143.25
143.25
142.0
142.25
142.25
142.75
142.75
141.5
143.5
143.5
138.25
138.25
138.75
138.75
137.0
137.0
137.75
138.0
138.0
138.75
138.75
137.0
137.75
137.75
137.5
137.5
137.5
137.5
140.0
140.0
140.0
140.0
140.0
142.0
142.0
142.0
142.25
142.25
143.25
142.5
142.5
141.75
141.75
142.25
142.25
142.0
142.25
142.25
143.0
143.0
143.0
145.0
145.0
143.25
143.0
143.0
142.0
142.0
140.25
140.25
136.5
136.5
134.75
134.75
133.25
133.25
133.25
133.75
134.25
134.25
134.25
134.25
134.25
134.25
133.75
133.75
133.5
133.5
133.25
133.25
133.5
133.5
133.5
131.5
131.5
133.75
133.75
131.5
131.25
131.25
130.75
130.75
131.0
131.0
130.75
128.5
128.5
130.0
130.0
132.5
134.75
134.75
134.75
134.75
135.25
135.25
135.25
135.75
135.75
135.25
135.25
135.25
137.5
138.75
138.75
144.75
143.75
143.75
145.0
145.0
147.0
146.25
146.25
146.5
146.5
147.75
147.5
147.5
147.5
147.5
146.75
146.5
146.5
147.0
147.0
147.0
148.5
148.0
148.0
147.25
147.25
149.25
149.0
149.0
148.5
148.5
149.0
150.25
150.25
150.0
150.5
150.5
151.0
151.0
151.0
152.0
152.0
151.25
152.0
152.0
152.75
152.5
152.5
154.0
154.0
152.5
152.75
152.75
152.0
151.75
151.75
151.5
151.25
151.25
151.0
151.0
152.0
150.0
150.0
150.25
150.25
150.0
150.0
150.0
150.0
150.5
150.5
150.0
150.0
150.0
150.0
150.0
150.0
149.0
149.0
147.25
147.25
146.25
146.0
146.0
145.25
145.25
146.0
145.0
145.0
143.5
143.5
142.5
143.0
143.0
141.75
141.75
139.5
139.5
135.5
132.5
132.5
131.75
131.75
132.0
132.0
134.0
134.0
135.0
136.0
136.0
137.25
137.25
137.5
137.5
138.0
139.5
139.5
139.0
139.0
136.25
136.25
135.5
135.25
135.25
135.5
135.5
134.75
134.75
135.5
136.25
136.25
136.5
136.5
137.0
136.75
136.75
137.25
137.25
138.25
137.5
137.5
139.25
139.25
140.75
140.75
141.25
141.25
141.25
141.25
141.25
143.5
143.5
142.0
142.25
142.25
143.0
143.0
142.5
141.75
141.75
142.0
142.0
143.0
141.5
141.5
142.25
142.25
143.25
143.75
143.75
144.5
144.5
143.25
143.25
143.25
143.25
143.25
142.5
144.25
144.25
142.0
142.0
144.75
144.25
144.25
144.5
144.5
145.0
143.25
143.25
146.0
145.25
145.25
145.75
145.75
146.25
146.25
146.0
145.75
145.75
145.0
145.0
146.0
145.5
145.5
145.0
145.5
145.5
145.5
145.5
145.75
145.75
145.75
145.5
145.5
145.0
146.0
146.0
147.5
147.5
145.0
145.5
145.5
140.25
138.5
138.5
137.5
137.5
137.5
137.5
137.5
137.5
137.5
138.5
138.5
138.25
138.25
138.25
139.25
139.25
140.0
140.0
141.25
141.25
140.75
140.75
140.75
141.0
141.0
142.0
142.0
141.75
143.25
143.25
143.5
142.0
142.0
142.0
142.0
143.0
143.75
143.75
143.25
143.25
142.75
143.25
143.25
143.75
143.75
144.0
143.75
143.75
143.25
143.25
144.25
143.5
143.5
143.75
143.75
143.5
143.5
143.5
144.0
144.0
144.25
144.25
144.5
144.5
144.5
144.5
144.0
144.0
143.75
143.75
143.0
143.0
143.0
143.0
143.0
143.0
143.0
143.0
142.0
142.0
142.75
142.75
142.25
143.5
143.5
142.0
142.0
142.25
142.25
142.25
143.0
143.0
142.5
143.0
143.0
142.0
142.0
142.5
142.5
141.5
142.5
142.5
142.5
143.0
143.0
142.75
142.75
143.25
143.25
142.5
142.25
142.25
141.75
141.75
142.5
140.75
140.75
142.5
142.5
142.0
142.0
141.25
141.75
141.75
142.0
142.0
142.75
141.75
141.75
142.0
142.0
143.25
142.0
142.0
141.75
141.75
142.0
141.0
141.0
141.25
141.25
142.0
141.75
141.75
141.75
141.75
141.0
141.0
140.75
141.0
141.0
140.5
140.5
139.75
139.75
139.5
140.5
140.5
139.75
141.25
141.25
142.5
142.5
141.0
141.0
141.0
142.0
142.0
141.0
141.0
141.75
142.0
142.0
141.75
141.75
141.25
142.0
142.0
142.0
142.0
142.0
142.0
141.0
141.5
141.5
141.5
141.5
142.0
141.5
141.5
142.5
142.5
142.25
143.0
143.0
142.25
142.25
142.0
141.5
141.5
143.25
143.25
141.5
141.5
140.75
140.75
140.75
142.0
142.0
140.5
140.5
140.5
141.5
141.5
140.5
141.5
141.5
142.0
142.0
139.75
139.75
142.25
141.5
141.5
141.25
141.25
141.0
140.75
140.75
141.25
141.25
141.5
141.5
140.5
141.0
141.0
140.75
140.75
141.25
140.5
140.5
140.5
140.5
140.25
140.75
140.75
139.75
139.75
140.75
142.0
142.0
140.75
140.75
140.75
140.75
142.0
141.5
141.5
141.5
141.5
141.0
142.25
142.25
141.25
141.25
140.25
141.0
141.0
139.5
139.5
140.25
140.25
140.25
140.25
140.25
140.25
140.25
141.0
139.5
139.5
139.0
139.0
140.5
140.5
140.75
141.0
141.0
140.75
140.75
140.5
140.0
140.0
141.75
141.75
141.75
141.5
141.5
140.5
140.5
141.75
140.5
140.5
140.5
140.5
140.75
140.75
141.5
141.5
141.5
142.0
142.0
141.75
143.25
143.25
142.0
142.0
141.5
142.5
142.5
141.75
141.75
141.75
141.75
141.5
142.0
142.0
141.5
141.5
142.0
141.75
141.75
141.75
141.75
142.0
142.25
142.25
142.0
142.0
142.0
140.75
140.75
141.0
141.0
140.75
140.75
140.75
140.5
140.5
141.25
141.25
140.25
140.75
140.75
142.0
142.0
141.25
141.0
141.0
140.75
140.75
141.75
142.0
142.0
143.0
143.0
142.75
143.0
143.0
142.0
142.0
142.0
142.5
142.5
141.5
141.5
142.0
142.0
140.5
142.75
142.75
141.75
141.75
140.75
141.75
141.75
140.75
140.75
140.25
140.25
142.5
142.5
142.5
142.0
142.0
142.5
142.0
142.0
141.75
141.75
140.5
140.5
140.5
141.25
141.25
140.5
142.25
142.25
143.25
143.25
142.5
141.5
141.5
142.0
142.0
141.25
141.25
142.0
142.0
142.0
139.75
139.75
142.0
141.25
141.25
143.25
143.25
142.0
141.0
141.0
142.5
142.5
140.75
143.25
143.25
142.25
142.25
143.0
142.0
142.0
141.25
141.25
140.75
140.75
140.75
141.5
141.5
140.75
140.75
141.0
141.75
141.75
140.75
140.75
140.75
141.75
141.75
142.25
142.25
141.0
143.0
143.0
143.75
143.75
142.75
143.0
143.0
143.25
143.25
143.0
143.0
142.5
140.75
140.75
139.0
139.0
138.5
139.5
139.5
139.75
139.75
139.25
139.25
139.25
138.5
138.5
139.25
139.25
140.25
140.25
140.75
141.75
141.75
142.25
140.75
140.75
141.75
141.75
142.0
142.0
142.0
142.5
142.5
140.75
140.75
141.75
141.75
141.75
141.25
141.25
141.25
141.5
141.5
142.25
142.25
141.75
141.25
141.25
141.25
141.25
141.25
141.5
141.5
142.0
142.0
140.75
140.75
141.25
140.75
140.75
141.25
141.25
142.25
142.25
142.0
141.5
141.5
142.0
141.25
141.25
141.25
141.25
142.75
142.75
142.75
144.25
144.25
143.25
143.25
147.0
147.0
147.0
145.25
146.0
146.0
145.75
145.75
148.5
148.0
148.0
150.0
150.0
150.0
150.0
150.0
149.75
149.75
149.75
150.5
151.0
151.0
152.25
151.75
151.75
152.5
152.5
152.5
152.75
152.75
153.0
152.25
152.25
154.25
154.75
154.75
154.25
154.5
154.5
154.5
154.5
154.5
154.25
154.25
153.75
154.0
154.0
154.25
154.25
153.0
153.0
152.25
151.5
151.5
149.75
148.25
148.25
148.25
148.75
148.75
148.0
148.0
147.25
147.25
147.0
147.25
147.25
148.0
148.0
148.0
148.0
148.75
147.75
147.75
148.0
148.0
147.75
149.0
149.0
147.75
147.75
142.75
142.75
143.25
142.25
142.25
142.0
142.0
142.0
142.0
139.5
137.5
137.5
135.0
135.0
131.5
131.5
131.75
131.75
133.25
135.25
135.25
136.75
136.75
137.5
138.75
138.75
138.5
138.5
135.5
135.5
134.0
134.0
133.5
132.75
132.75
132.75
132.75
133.5
133.5
134.5
134.5
135.0
134.5
134.5
134.5
134.5
133.5
133.5
133.75
134.25
134.25
135.75
135.75
137.0
137.0
136.5
136.25
136.25
136.25
133.5
120.25
120.25
119.5
119.5
119.5
122.25
127.25
127.25
132.25
132.25
134.25
134.5
134.5
133.5
133.5
132.0
132.0
131.75
131.75
132.0
131.75
131.75
133.5
133.5
134.75
135.75
135.75
135.0
131.75
131.75
130.25
130.25
129.0
129.0
130.25
130.25
132.5
132.5
132.5
133.5
133.5
133.25
133.25
133.5
133.5
135.5
135.5
135.5
135.0
135.0
134.5
134.5
135.5
135.5
135.75
135.0
135.0
135.75
135.75
136.25
136.25
136.25
135.75
135.75
136.0
136.0
136.0
136.0
135.0
135.0
135.0
136.75
136.75
136.75
136.75
137.5
137.75
137.75
137.5
137.5
137.0
137.0
137.5
137.5
137.5
137.75
137.75
139.5
139.5
139.0
140.25
140.25
140.5
140.5
140.0
140.75
140.75
141.0
141.0
141.0
141.0
140.25
141.0
141.0
140.75
140.75
140.0
140.75
140.75
142.0
142.0
142.0
141.5
141.5
142.0
142.0
140.75
140.75
140.5
140.5
140.5
140.75
140.75
139.75
140.75
140.75
140.75
140.75
140.5
140.5
140.25
140.75
140.75
139.75
139.75
140.25
139.0
139.0
139.5
139.5
139.5
139.5
138.75
140.75
140.75
141.25
141.25
139.5
140.0
140.0
140.75
140.75
142.75
140.5
140.5
140.75
140.75
140.25
140.25
141.0
142.25
142.25
142.25
142.25
141.5
140.75
140.75
140.75
140.75
140.25
140.0
140.0
139.5
139.5
140.25
140.25
140.75
140.25
140.25
141.25
141.25
142.0
142.0
142.0
140.75
140.75
141.5
141.5
139.5
141.25
141.25
140.25
140.25
139.75
139.25
139.25
139.25
139.25
139.25
139.25
138.75
138.5
138.5
139.75
139.75
137.5
138.5
138.5
137.75
137.75
138.0
138.0
138.5
137.0
137.0
136.75
136.75
138.25
138.25
138.0
138.0
138.0
138.5
138.5
138.0
138.0
138.0
137.75
137.75
138.0
138.0
138.0
137.25
137.25
138.0
138.0
138.0
138.0
137.5
137.5
137.5
137.75
137.75
137.5
137.5
137.5
138.75
138.75
139.0
139.0
138.5
138.5
138.5
138.0
138.0
137.75
137.75
137.5
137.5
136.75
135.5
135.5
136.25
136.25
136.25
136.25
136.75
136.0
136.0
137.0
137.0
137.5
139.0
139.0
138.5
138.5
138.25
138.25
138.5
138.5
138.5
138.5
138.5
138.5
138.5
137.75
139.5
139.5
138.75
138.75
138.25
138.25
137.25
137.75
137.75
137.5
137.5
136.75
136.75
137.25
136.75
136.75
136.0
136.0
137.0
137.0
136.75
135.75
135.75
135.5
135.5
136.75
136.75
137.5
138.25
138.25
138.5
138.5
138.75
138.75
138.5
138.75
138.75
139.0
139.0
138.5
139.25
139.25
139.75
139.75
138.75
138.75
138.75
139.0
139.0
139.5
139.5
139.5
139.75
139.75
140.5
140.5
139.75
139.75
140.0
139.5
139.5
139.0
139.0
138.5
139.5
139.5
140.25
140.25
140.25
140.25
139.75
140.75
140.75
140.5
140.5
141.25
140.75
140.75
140.5
140.5
141.0
141.5
141.5
141.0
141.0
141.0
141.0
141.0
141.5
141.5
141.25
141.25
141.25
141.0
141.0
141.0
141.0
140.5
139.5
139.5
140.0
140.0
139.0
139.0
138.75
138.25
138.25
139.0
139.0
139.0
139.25
139.25
139.5
139.5
140.5
140.5
140.75
141.75
141.75
141.25
141.25
141.0
140.75
140.75
141.0
141.0
142.25
141.0
141.0
140.5
140.5
140.25
140.25
140.25
141.0
141.0
139.5
139.5
137.5
137.5
137.75
139.0
139.0
138.75
138.75
138.5
139.5
139.5
139.5
139.5
137.5
137.5
138.5
138.5
136.0
134.5
134.5
135.0
135.0
135.0
135.0
136.5
136.75
136.75
136.75
136.75
136.25
136.25
136.75
137.75
137.75
138.0
138.0
137.75
138.5
138.5
138.25
138.25
138.5
138.5
138.75
138.5
138.5
137.75
137.75
138.5
138.5
138.0
138.5
138.5
138.75
138.75
138.75
138.75
138.5
136.75
136.75
134.25
134.25
134.0
134.0
134.25
135.0
135.0
134.25
134.25
135.25
135.25
135.75
135.75
136.75
137.25
137.25
138.0
138.0
138.0
137.5
137.5
137.5
137.5
138.25
138.25
139.75
139.5
139.5
139.5
139.5
138.5
138.75
138.75
139.0
139.0
139.25
139.25
138.5
138.25
138.25
138.5
138.5
137.5
137.5
137.5
137.5
137.5
137.75
137.75
137.75
135.75
135.0
135.0
135.0
135.0
135.0
135.0
135.75
135.5
135.5
135.75
135.75
135.75
135.0
132.25
132.25
133.0
133.0
131.25
131.25
129.0
127.75
127.75
129.75
129.75
128.25
130.75
130.75
131.5
131.5
132.0
133.5
133.5
132.5
132.5
132.25
132.25
132.75
132.75
133.5
134.25
134.25
135.0
135.0
135.75
135.75
135.5
135.5
135.5
134.75
134.75
135.0
135.0
135.5
135.5
134.5
134.25
134.25
135.0
135.0
135.75
135.75
136.5
137.5
137.5
137.5
137.5
137.5
137.5
138.5
137.5
137.5
137.25
137.25
137.0
137.0
136.75
136.0
136.0
136.25
136.25
135.75
135.75
136.75
136.75
137.75
138.5
138.5
138.75
138.25
138.25
138.5
138.5
138.25
138.25
137.5
138.0
138.0
137.5
137.5
137.25
137.25
139.5
138.25
138.25
137.0
137.0
136.25
136.25
137.0
137.75
137.75
137.5
137.5
137.5
137.5
137.5
138.0
138.0
137.0
137.0
136.75
136.75
137.5
137.5
137.5
137.25
137.25
136.5
136.5
137.75
137.75
137.75
137.5
137.5
137.5
137.5
137.75
137.5
137.5
136.0
136.0
135.75
135.75
136.0
136.0
136.0
135.75
135.75
136.0
136.0
135.75
135.75
136.0
136.0
136.0
136.25
136.25
136.0
136.25
136.25
135.75
135.75
135.25
135.25
135.5
135.5
136.0
136.75
136.75
136.5
136.5
137.5
137.5
137.5
137.5
137.5
137.75
137.75
138.0
138.0
137.5
137.5
137.25
137.25
137.5
137.5
137.75
137.75
136.0
137.0
137.0
137.25
137.25
138.5
137.0
137.0
136.5
136.5
138.75
138.75
137.0
137.0
138.5
138.5
137.5
137.5
136.75
137.0
137.0
136.75
136.75
137.0
137.0
137.25
136.75
136.75
137.25
137.25
137.5
137.5
137.5
137.5
135.25
136.5
136.5
136.0
136.0
136.5
136.5
135.75
135.75
136.75
136.75
136.25
136.25
136.5
136.5
136.75
137.25
137.25
137.0
137.0
138.0
138.0
137.0
137.0
138.0
138.0
137.75
138.5
138.5
138.5
138.5
138.25
138.25
137.5
137.75
137.75
138.25
138.25
136.5
136.5
136.0
136.25
136.25
136.75
136.75
136.5
136.5
137.25
137.0
137.0
138.0
138.0
138.0
138.0
137.5
137.5
137.5
138.25
138.25
138.25
139.5
139.5
139.0
139.0
139.0
139.0
138.5
137.5
137.5
137.25
137.25
138.5
138.5
137.5
137.5
137.5
137.0
137.0
138.0
138.0
138.25
137.75
137.75
138.0
138.0
138.0
139.5
139.5
139.0
139.0
138.75
138.75
139.5
139.5
139.5
139.5
139.5
138.5
138.5
138.5
138.25
138.25
137.5
137.5
137.0
137.0
138.5
138.0
138.0
138.0
138.0
137.75
137.0
137.0
137.5
137.5
137.5
137.5
137.5
137.5
137.5
137.5
137.5
138.5
138.5
138.25
137.25
137.25
137.5
137.5
137.5
137.5
137.75
137.25
137.25
136.5
136.5
136.75
136.75
138.0
138.5
138.5
138.0
138.0
137.75
137.75
138.25
137.75
137.75
138.0
138.0
138.75
138.75
138.5
138.5
138.5
138.75
138.5
138.5
138.5
138.5
138.5
138.25
138.25
139.25
139.25
139.5
138.75
138.75
140.5
140.5
138.5
139.0
139.0
138.25
138.25
137.5
137.5
138.75
138.75
136.75
136.75
137.75
137.75
137.75
138.75
138.75
138.5
138.5
138.75
138.75
138.75
139.25
139.25
138.5
138.5
138.5
138.5
138.5
138.5
138.5
139.0
139.0
139.5
139.5
139.5
139.25
139.25
139.5
139.5
139.75
140.0
140.0
140.25
140.25
140.25
140.75
140.75
140.0
140.0
139.5
139.5
139.5
138.5
138.5
138.75
139.5
139.5
138.25
138.25
138.0
138.75
138.75
138.5
138.5
138.75
138.5
138.5
139.5
139.5
139.25
139.25
140.25
138.5
138.5
139.0
139.0
140.25
140.25
139.0
139.25
139.25
139.5
139.5
140.0
140.0
139.5
139.5
139.5
139.5
139.5
139.5
139.5
139.5
138.5
138.5
139.75
139.75
139.5
139.75
139.75
140.25
139.5
139.5
140.25
140.25
139.0
139.0
139.75
139.75
139.75
140.25
140.25
140.5
140.5
140.75
140.75
140.75
140.5
140.5
138.5
138.75
138.75
137.25
137.25
138.25
139.25
139.25
139.0
139.0
139.75
139.75
140.75
140.0
140.0
138.25
138.25
140.75
140.75
139.75
141.0
141.0
140.25
140.25
141.75
141.5
141.5
141.75
141.75
141.75
141.75
143.25
142.0
142.0
143.5
143.5
143.25
143.25
143.25
143.25
143.25
143.25
144.5
144.5
144.0
144.0
144.75
144.75
144.75
145.5
145.5
145.0
145.0
145.0
145.25
145.0
145.0
145.25
145.25
145.25
145.75
145.75
145.75
146.5
147.0
147.0
147.25
147.25
147.25
148.0
148.0
148.0
148.5
148.5
148.25
148.0
148.0
148.25
148.25
147.75
147.75
149.75
149.75
150.0
150.0
149.25
149.25
149.25
150.0
150.75
150.75
150.5
150.5
150.5
150.75
150.75
149.75
150.0
150.0
150.0
150.25
150.25
149.75
149.75
150.25
150.25
150.25
150.0
150.0
150.0
150.0
150.0
150.25
150.0
150.0
150.75
150.75
150.75
150.25
150.25
150.5
151.0
151.0
151.5
150.25
150.25
150.0
150.0
151.0
151.0
151.0
152.0
151.0
151.0
151.5
151.75
151.75
152.5
152.5
150.0
150.0
150.0
149.5
150.0
150.0
150.0
150.0
150.0
150.25
150.25
150.25
151.5
151.5
150.75
150.75
151.0
150.5
150.5
150.0
149.0
149.0
147.25
147.25
148.0
148.75
148.75
149.0
149.0
148.0
147.5
147.5
147.0
147.75
147.75
147.0
147.0
145.75
145.25
145.25
144.0
144.0
144.0
143.75
143.75
142.0
142.0
141.0
141.0
138.5
139.25
139.25
139.5
139.5
140.75
140.75
140.75
142.0
142.0
140.75
140.75
140.25
140.0
140.0
141.0
141.0
141.0
141.0
141.0
141.25
141.25
141.75
141.75
141.5
141.5
140.75
140.0
140.0
139.25
139.75
139.75
140.0
140.0
140.5
140.5
140.25
140.75
140.75
140.75
140.75
140.5
140.5
141.0
141.0
140.75
139.5
139.5
138.75
138.5
138.5
138.5
139.0
139.0
139.5
139.5
139.5
139.75
139.75
141.25
141.25
140.5
140.5
141.75
141.75
141.25
141.5
141.5
141.75
141.75
140.5
140.5
140.5
140.25
140.25
140.75
141.5
141.5
142.25
142.25
142.0
142.0
141.25
140.0
140.0
137.75
137.75
137.0
137.0
134.25
133.75
133.75
133.75
133.75
133.25
133.25
134.25
134.25
133.5
133.5
135.0
135.0
136.75
136.5
136.5
135.75
135.75
136.25
136.25
135.75
135.75
135.75
135.25
135.25
134.75
134.75
133.5
133.5
130.75
130.75
130.25
130.25
130.25
130.0
130.0
130.0
128.5
129.25
129.25
128.25
128.25
124.25
124.25
124.25
124.25
124.25
124.25
124.25
124.25
124.25
124.25
131.75
131.75
132.5
132.5
133.5
134.25
134.25
135.0
135.0
135.75
135.75
134.25
134.25
136.0
134.5
134.5
134.25
134.25
135.5
135.75
135.75
136.5
136.5
136.25
136.25
137.25
137.25
137.0
138.5
138.5
137.5
137.5
138.25
138.25
138.5
137.75
137.75
140.75
140.75
138.5
139.25
139.25
140.5
140.5
140.25
140.75
140.75
139.75
139.75
141.25
141.25
140.75
140.75
140.75
141.75
138.0
138.0
138.0
140.0
140.0
139.75
140.0
140.0
140.0
140.0
139.75
139.75
141.25
141.25
141.25
141.0
141.0
142.0
139.5
139.5
140.75
140.75
140.5
140.5
139.5
141.25
141.25
141.25
140.5
140.5
139.5
140.75
140.75
142.0
142.0
142.75
141.75
141.75
141.75
141.75
140.75
140.75
142.0
141.25
141.25
142.75
142.75
138.5
139.75
139.75
140.25
140.25
140.5
140.5
140.5
141.25
141.25
140.75
140.25
140.25
140.75
140.75
140.75
140.75
139.75
141.75
141.75
140.5
140.5
141.25
140.75
140.75
141.25
141.25
142.0
142.0
139.75
140.5
140.5
139.25
139.25
140.25
141.25
141.25
142.25
142.25
142.0
141.25
141.25
142.5
142.5
140.75
141.25
141.25
139.75
139.75
140.75
140.75
138.5
139.5
139.5
137.5
137.5
137.75
137.75
138.5
139.25
139.25
140.0
140.0
139.25
139.5
139.5
138.75
138.75
139.75
138.75
138.75
138.5
138.5
140.0
140.0
140.5
140.5
139.75
138.25
138.25
139.25
139.25
138.75
140.5
140.5
139.75
139.75
139.75
139.75
140.25
140.75
140.75
139.5
139.5
140.75
139.0
139.0
140.0
140.0
140.25
140.0
140.0
139.75
139.75
139.5
139.5
140.75
139.0
139.0
140.5
140.5
138.5
138.5
139.5
141.0
141.0
138.5
138.5
139.0
139.5
139.5
141.5
141.5
139.75
139.75
140.0
141.0
141.0
141.0
141.0
141.0
141.75
141.75
141.75
141.75
141.5
142.25
142.25
140.0
140.0
141.0
138.5
138.5
141.5
141.5
140.25
140.25
140.25
140.25
140.25
140.75
140.75
142.25
141.0
141.0
142.0
142.0
141.5
140.75
140.75
141.25
141.25
138.75
138.75
139.5
139.5
139.5
138.75
138.75
139.5
139.5
139.0
139.5
139.5
140.5
140.5
139.5
139.5
139.5
139.25
139.25
139.5
139.5
141.25
138.75
138.75
139.5
139.5
139.0
140.5
140.5
140.75
140.75
140.5
140.5
138.75
139.25
139.25
137.75
137.75
138.75
139.5
139.5
139.75
139.75
138.25
138.25
139.25
138.75
138.75
139.75
139.75
139.75
139.75
139.75
139.0
139.0
138.5
138.5
138.5
138.5
138.5
137.5
137.5
137.25
137.25
138.0
139.5
139.5
139.5
139.5
138.25
138.25
139.5
140.25
140.25
139.75
139.75
140.0
140.0
140.0
140.0
140.0
140.25
140.25
141.25
139.5
139.5
139.5
139.5
138.5
139.0
139.0
139.75
139.75
140.0
140.0
139.5
140.5
140.5
138.5
138.5
139.75
139.75
139.5
140.0
140.0
139.75
139.75
139.75
139.0
139.0
140.0
140.0
140.75
140.75
141.25
140.25
140.25
141.0
141.0
140.5
140.5
140.5
139.5
139.5
140.75
140.75
140.25
139.25
139.25
139.5
139.5
139.0
138.0
138.0
138.5
138.5
139.25
139.25
139.25
141.75
141.75
139.75
139.75
141.0
139.0
139.0
140.75
140.75
139.5
140.25
140.25
138.75
138.75
139.0
139.0
140.25
140.0
140.0
140.75
140.75
139.75
141.5
141.5
139.5
139.5
142.0
142.0
140.75
138.75
138.75
141.0
141.0
140.5
141.25
141.25
140.0
140.0
139.5
139.5
140.0
140.75
140.75
140.25
140.25
140.5
139.0
139.0
140.25
140.25
140.25
140.5
140.5
140.75
140.75
143.0
143.0
140.75
140.5
140.5
140.75
140.75
140.75
139.75
139.75
141.0
141.0
140.25
140.25
140.75
141.0
141.0
142.0
142.0
143.25
143.25
143.25
142.0
142.0
141.75
142.0
142.0
142.0
142.0
142.75
143.75
143.75
146.0
145.75
145.75
146.25
146.25
147.25
148.5
148.5
150.0
150.0
150.0
151.0
151.0
150.0
153.0
153.0
151.75
151.25
151.25
153.25
154.5
154.5
155.0
155.0
154.75
154.25
154.25
154.25
154.25
154.25
154.0
154.5
154.5
154.0
153.25
153.25
153.5
153.5
151.25
150.25
150.25
150.75
150.75
151.0
150.0
150.0
147.5
147.5
146.5
146.5
146.25
146.25
146.25
146.5
146.5
146.25
146.25
146.25
146.25
141.5625
136.875
132.1875
127.5
122.8125
118.125
113.4375
108.75
104.0625
99.375
94.6875
90.0
90.0
90.75
90.75
89.0
89.0
89.0
89.75
89.75
89.75
89.75
89.5
89.5
89.5
89.5
89.5
89.5
89.5
89.5
89.5
89.5
89.5
89.5
89.25
92.08333333333333
94.91666666666667
97.75
100.58333333333333
103.41666666666667
106.25
109.08333333333333
111.91666666666667
114.75
117.58333333333333
120.41666666666667
123.25
123.25
122.25
122.25
122.25
124.5
126.5
126.5
126.5
137.75
137.75
141.0
141.5
141.5
143.5
144.25
144.25
146.5
146.5
148.25
147.75
147.75
148.75
149.5
149.5
149.0
149.0
147.25
146.25
146.25
145.0
145.0
145.0
145.0
145.0
146.5
148.5
148.5
150.75
151.75
151.75
153.75
153.75
150.0
150.25
150.25
149.25
149.25
147.0
145.0
145.0
141.75
141.75
138.0
132.5
132.5
131.5
131.5
130.75
130.75
130.75
130.75
132.75
134.25
134.25
137.5
137.5
140.25
140.25
142.75
144.5
144.5
146.75
146.75
149.0
150.0
150.0
152.5
154.5
154.5
154.5
156.25
156.75
156.75
157.5
158.25
158.25
158.25
158.25
158.75
159.25
159.25
159.25
161.0
161.0
159.5
159.0
159.0
157.5
157.25
157.25
158.5
158.5
156.25
156.0
156.0
156.5
155.25
155.25
155.5
155.0
155.0
154.75
154.75
154.75
155.0
154.75
154.75
155.25
155.25
155.5
155.25
155.25
154.25
152.75
152.75
153.5
155.0
155.0
155.25
155.25
155.25
153.0
153.0
148.5
148.0
148.0
149.25
150.0
150.0
150.0
150.0
151.0
151.75
151.75
151.25
151.75
151.75
151.75
152.5
152.5
152.75
152.75
152.5
152.0
152.0
152.5
153.25
153.25
153.75
153.75
153.75
153.5
153.5
153.75
153.0
153.0
155.25
153.25
153.25
154.5
154.0
154.0
154.25
153.25
153.25
153.5
153.5
153.75
153.5
153.5
153.5
152.75
152.75
152.75
153.0
153.0
153.25
153.25
153.25
152.5
152.5
151.75
152.25
152.25
151.25
152.0
152.0
151.75
151.75
152.0
152.0
152.0
149.25
149.25
150.5
151.0
151.0
151.25
150.5
150.5
149.25
149.75
149.75
150.0
150.0
148.5
148.5
150.75
151.75
151.75
150.25
146.0
146.0
144.75
144.75
143.5
144.0
144.0
144.75
144.75
143.0
143.25
143.25
144.0
144.0
144.25
144.0
144.0
144.75
145.0
145.0
145.0
145.0
146.0
146.25
146.25
147.25
147.25
147.25
147.75
147.75
148.5
148.5
148.5
148.75
148.75
147.75
148.75
148.75
149.25
149.25
149.0
148.75
148.75
149.0
148.0
148.0
148.75
148.75
148.25
149.0
149.0
147.5
147.25
147.25
145.25
145.25
147.0
147.5
147.5
145.0
145.0
147.0
143.5
143.5
145.75
145.75
145.75
145.25
145.25
144.75
144.75
145.0
145.0
145.0
145.0
145.0
145.25
145.0
145.0
145.25
145.25
144.0
144.75
144.75
144.5
144.5
144.25
144.25
144.25
145.0
145.0
145.0
143.75
143.75
143.25
142.75
142.75
142.0
142.0
143.0
142.75
142.75
143.25
143.25
142.25
142.25
143.75
144.25
144.25
143.0
144.25
144.25
144.5
144.5
145.0
146.0
146.0
146.75
146.75
148.75
149.0
149.0
148.5
150.0
150.0
150.25
150.25
150.25
149.5
149.5
150.25
149.5
149.5
150.5
149.75
149.75
151.0
151.0
150.75
151.25
151.25
150.75
150.25
150.25
150.5
150.5
150.75
148.5
148.5
149.75
148.0
148.0
148.5
148.5
147.25
147.5
147.5
147.0
147.0
146.75
145.75
145.75
147.0
147.0
147.25
147.25
147.25
147.5
148.75
148.75
149.5
149.5
148.0
147.0
147.0
145.25
145.25
145.5
144.0
144.0
144.0
144.0
143.25
144.25
144.25
144.25
144.25
145.75
146.25
146.25
146.5
147.0
147.0
148.25
148.25
148.5
147.0
147.0
147.0
147.5
147.5
148.0
148.0
147.0
146.0
146.0
146.25
146.25
146.25
146.75
146.75
147.25
148.0
148.0
148.5
148.5
148.75
148.25
148.25
148.25
148.0
148.0
148.0
148.0
147.5
147.5
147.5
146.75
146.75
146.25
146.5
146.5
147.0
147.0
146.5
147.25
147.25
148.25
147.5
147.5
148.75
148.75
148.25
148.0
148.0
147.5
148.75
148.75
147.5
147.5
149.25
148.0
148.0
147.5
147.5
147.75
148.75
148.75
147.75
149.0
149.0
148.25
148.25
149.5
148.75
148.75
149.25
149.25
149.25
150.0
150.0
150.0
149.25
149.25
150.25
150.25
147.75
148.25
148.25
148.75
148.0
148.0
147.25
148.5
148.5
148.75
148.75
148.0
148.5
148.5
148.25
149.25
149.25
149.25
149.25
149.25
149.5
149.5
147.75
147.75
146.5
146.5
146.5
145.25
145.25
145.0
145.25
145.25
144.75
144.75
145.25
146.0
146.0
146.5
146.5
146.5
146.25
146.25
147.0
145.75
145.75
147.25
147.25
148.75
147.25
147.25
145.0
145.0
147.0
148.5
148.5
147.5
148.75
148.75
148.0
148.0
149.0
147.75
147.75
147.5
147.0
147.0
146.25
146.25
146.25
145.0
145.0
144.25
144.25
144.5
146.25
146.25
144.5
144.5
145.0
145.5
145.5
145.75
145.75
146.0
146.5
146.5
146.0
146.0
145.75
146.25
146.25
145.25
145.25
145.5
145.0
145.0
144.75
144.75
145.0
145.25
145.25
145.5
145.25
145.25
146.5
146.5
147.0
147.0
147.0
147.0
147.0
146.5
146.25
146.25
146.0
147.0
147.0
146.25
147.0
147.0
146.75
146.75
146.0
146.0
146.25
147.5
147.5
147.25
147.25
147.25
147.25
147.25
147.25
147.0
147.0
146.0
146.0
146.5
146.5
146.5
146.25
146.25
147.5
147.0
147.0
145.25
145.0
145.0
142.75
142.75
141.5
141.5
141.0
138.5
138.5
136.75
136.75
135.5
135.5
134.5
133.5
133.5
135.0
135.0
134.25
135.25
135.25
137.5
138.0
138.0
139.0
139.0
138.5
140.0
140.0
140.0
140.0
139.75
139.5
139.5
140.75
140.75
140.25
140.25
138.75
136.75
136.75
135.25
135.25
134.5
134.5
134.25
134.25
135.5
135.75
135.75
135.0
135.0
134.25
134.25
134.25
135.0
135.0
134.25
134.25
134.25
134.25
132.0
132.0
126.75
126.75
128.75
128.75
128.75
128.75
131.5
132.0
132.0
133.75
133.75
134.75
135.5
135.5
136.0
136.0
137.0
137.0
136.0
134.25
134.25
134.25
131.75
132.25
132.25
132.0
132.0
131.5
131.5
131.5
131.5
131.5
131.5
131.25
131.25
129.75
129.75
132.0
130.75
130.75
130.5
130.5
130.5
130.75
133.25
133.25
135.25
135.25
136.25
136.25
138.5
138.5
138.5
138.0
138.0
136.5
136.5
136.5
136.5
134.5
133.5
133.5
133.5
133.5
131.75
131.75
131.5
131.25
131.25
132.0
132.0
132.75
132.75
132.5
131.0
131.0
127.25
124.5
124.5
122.75
122.75
122.75
123.0
123.0
126.0
126.0
126.0
126.0
126.75
126.75
127.75
127.75
129.25
129.25
130.25
130.25
131.75
131.5
131.5
132.0
132.0
131.25
131.25
129.75
129.75
129.0
129.0
128.0
128.0
127.25
127.25
127.25
127.25
127.25
127.25
127.25
127.25
127.25
134.25
136.75
136.75
132.0
133.0
133.0
132.5
132.5
132.5
124.0
124.0
120.5
120.5
125.0
125.0
124.0
124.0
124.0
123.75
124.0
124.0
123.75
123.75
123.75
123.75
123.75
124.0
143.25
143.25
145.0
147.0
147.0
147.0
148.5
148.5
144.0
144.0
135.75
135.75
135.75
141.25
141.25
145.25
142.0
142.0
150.75
153.5
153.5
154.75
154.75
158.5
160.0
159.5
159.5
159.25
159.25
159.5
160.0
159.0
159.0
157.75
157.75
157.25
157.0
157.0
157.0
158.0
158.0
158.5
157.5
157.5
159.25
159.25
159.25
159.25
159.25
159.25
159.25
159.25
159.25
159.25
159.25
159.5
159.5
159.5
161.0
161.0
160.75
161.25
161.25
161.25
163.25
163.25
161.5
161.5
161.5
161.5
161.5
161.25
161.25
161.5
161.5
161.5
161.5
161.46428571428572
161.42857142857142
161.39285714285714
161.35714285714286
161.32142857142858
161.28571428571428
161.25
161.25
161.25
161.25
161.25
161.25
161.25
161.25
161.5
161.5
161.5
161.5
161.5
161.5
161.5
162.4
163.3
164.2
165.1
166.0
166.0
166.25
166.75
166.75
166.0
167.75
167.0
167.0
165.0
168.25
168.25
169.0
166.75
166.75
165.5
163.75
163.75
166.75
166.75
165.0
165.75
165.5
165.5
165.0
165.0
164.75
164.75
165.0
164.75
164.75
162.75
165.75
164.5
164.5
164.0
163.5
163.5
163.5
163.75
163.75
163.75
164.0
164.0
164.0
165.0
165.0
166.25
165.0
164.0
164.0
165.5
166.25
166.25
164.75
164.25
164.25
165.75
165.5
165.5
164.5
163.25
163.25
164.75
165.5
165.5
164.25
162.25
161.0
161.0
161.75
163.5
163.5
163.75
162.5
162.5
162.5
163.75
163.75
162.75
164.25
164.25
165.0
163.75
163.75
165.0
164.5
166.0
166.0
166.5
166.75
165.0
165.0
164.75
164.75
164.25
166.25
166.25
166.0
166.25
166.0
166.0
165.5
166.0
166.0
167.75
167.0
167.0
166.75
166.5
166.5
166.0
165.0
165.0
165.0
164.25
164.0
164.0
164.5
164.75
164.75
164.0
163.75
163.75
164.25
163.75
163.75
162.75
162.0
162.0
160.5
160.5
160.5
159.0
158.75
158.75
158.25
158.25
158.25
158.0
158.75
158.75
158.75
158.25
158.25
160.25
161.0
161.0
160.25
159.5
159.5
160.0
160.0
160.0
158.5
158.25
158.25
156.75
156.5
156.5
157.0
156.25
156.25
155.75
156.5
156.5
157.25
157.25
156.5
155.0
155.0
156.5
156.0
156.0
155.25
155.5
155.5
152.75
152.75
150.0
147.5
147.5
145.0
145.0
149.0
150.5
150.5
153.0
155.75
155.75
156.25
158.75
158.75
158.75
159.5
159.5
160.0
159.0
159.0
158.5
159.25
159.25
159.25
159.5
159.5
159.0
160.5
160.5
162.5
162.5
162.5
164.75
164.5
164.5
164.5
165.0
165.0
165.0
166.0
163.5
163.5
168.0
164.25
164.25
165.5
164.75
165.75
165.75
165.75
166.5
166.5
166.5
166.75
166.75
164.25
164.25
164.25
164.0
162.25
162.25
160.25
159.5
159.5
159.5
157.5
157.5
157.25
156.75
156.75
157.5
156.5
156.5
155.5
156.5
156.5
155.75
155.75
153.5
152.25
152.25
152.25
153.0
153.0
153.75
153.25
153.25
152.75
152.75
154.5
155.25
155.25
155.75
156.25
156.25
156.75
157.5
157.5
157.5
157.75
157.75
157.75
158.5
158.5
157.25
157.75
157.75
157.5
156.25
156.25
156.25
157.5
157.5
156.75
156.5
156.5
155.0
155.0
154.75
154.0
154.0
154.5
154.5
154.5
154.0
154.0
154.0
155.25
155.5
155.5
154.75
154.75
154.75
154.75
154.75
153.5
155.0
155.0
153.75
153.75
152.25
151.75
151.75
152.5
153.5
153.5
152.75
152.75
151.25
151.25
151.25
151.25
151.25
154.25
154.25
153.75
153.75
155.75
155.25
155.25
155.75
156.25
156.25
156.0
157.0
157.0
156.5
156.5
156.5
156.5
157.25
157.25
157.25
157.25
157.25
157.5
157.5
157.5
155.75
155.75
155.25
154.0
154.0
152.25
151.25
151.25
148.75
148.75
148.25
148.25
147.5
148.0
148.0
148.25
148.0
148.0
149.25
149.25
149.25
150.0
150.0
150.75
152.0
152.0
153.5
154.75
154.75
155.25
155.25
155.25
155.5
156.0
156.0
155.75
156.0
156.0
156.0
156.0
156.5
155.75
155.75
155.25
155.75
155.75
155.0
156.0
156.0
156.0
155.75
155.75
155.5
155.5
155.5
156.5
156.25
156.25
154.5
154.5
155.25
156.25
156.25
156.75
155.25
155.25
155.0
154.25
154.25
153.75
152.25
152.25
151.75
151.75
152.25
152.75
152.75
152.75
153.0
153.0
152.75
154.0
154.0
155.5
155.0
155.0
156.0
154.75
154.75
155.0
155.0
155.0
155.0
155.0
153.5
154.75
154.75
153.75
155.0
155.0
155.25
155.0
155.0
154.75
154.75
155.0
154.5
154.5
153.75
153.5
153.5
154.25
154.25
154.25
154.25
153.75
153.75
154.0
154.0
155.5
155.5
154.75
154.75
154.75
156.75
158.75
158.0
158.0
157.25
157.25
157.5
157.5
157.75
157.5
156.75
156.75
156.0
156.0
156.0
155.75
155.75
156.0
156.5
156.5
154.5
154.5
155.0
153.0
153.0
153.0
152.75
152.75
154.0
154.75
154.75
153.75
154.0
154.0
154.0
152.75
152.75
152.5
152.5
153.75
153.0
153.0
152.5
152.75
152.75
153.0
153.75
153.75
153.5
153.5
153.5
153.0
153.0
152.75
152.75
152.75
152.75
152.75
152.25
153.25
153.25
152.5
152.5
152.5
152.0
153.5
153.5
152.75
152.75
152.75
153.25
153.25
152.0
154.25
154.25
153.75
153.0
153.0
155.0
155.75
155.75
155.25
155.75
155.75
155.75
156.25
156.25
156.25
156.5
156.5
156.75
156.75
157.0
158.25
158.25
158.25
157.75
157.75
157.75
157.5
157.5
158.0
158.25
158.25
157.75
157.25
157.25
157.25
156.5
156.5
156.25
155.0
155.0
155.0
155.0
153.75
154.75
154.75
154.75
151.25
148.75
148.75
147.25
147.25
145.75
145.0
145.0
142.5
142.5
142.5
119.25
119.25
132.75
134.25
134.25
121.5
121.5
100.5
100.5
117.25
117.25
128.5
128.5
130.75
131.25
131.25
132.75
132.75
136.75
141.5
141.5
148.25
148.25
149.75
148.25
148.25
150.0
150.0
155.5
152.0
153.75
153.75
153.25
153.25
153.25
153.25
153.25
153.25
153.25
153.5
153.5
152.1851851851852
150.87037037037038
149.55555555555554
148.24074074074073
146.92592592592592
145.61111111111111
144.2962962962963
142.98148148148147
141.66666666666666
140.35185185185185
139.03703703703704
137.72222222222223
136.40740740740742
135.09259259259258
133.77777777777777
132.46296296296296
131.14814814814815
129.83333333333334
128.5185185185185
127.2037037037037
125.88888888888889
124.57407407407408
123.25925925925925
121.94444444444444
120.62962962962963
119.31481481481481
118.0
118.0
115.75
115.75
114.75
114.75
117.5
117.5
117.5
128.25
128.25
128.0
128.0
127.5
127.5
132.75
132.75
132.75
132.75
134.25
134.25
135.0
135.0
135.0
135.0
135.0
135.0
134.75
134.75
134.75
134.75
135.0
135.0
135.0
126.75
126.75
126.25
126.25
123.75
123.75
120.25
120.25
120.25
120.25
120.25
120.25
120.25
120.25
120.25
120.25
120.25
120.5
120.5
120.04166666666667
119.58333333333333
119.125
118.66666666666667
118.20833333333333
117.75
117.29166666666667
116.83333333333333
116.375
115.91666666666667
115.45833333333333
115.0
114.54166666666667
114.08333333333333
113.625
113.16666666666667
112.70833333333333
112.25
111.79166666666667
111.33333333333333
110.875
110.41666666666667
109.95833333333333
109.5
109.5
109.0
109.0
109.5
109.5
108.5
108.5
108.5
108.0
108.0
109.5
109.5
108.5
108.5
108.75
108.75
105.75
105.75
105.75
105.75
105.75
106.0
106.0
106.0
106.0
106.0
106.0
105.75
105.75
98.4375
91.125
83.8125
76.5
76.5
77.5
77.5
77.5
78.0
78.0
78.25
78.25
78.25
78.75
78.75
78.75
79.75
79.75
79.75
81.0
81.0
81.0
81.75
81.75
84.25
84.25
84.25
86.0
86.0
86.0
89.25
89.25
94.25
94.25
94.25
96.25
96.25
98.25
98.25
100.25
100.25
104.75
104.75
104.75
107.5
107.5
111.75
132.0
132.0
145.25
145.25
148.0
148.0
144.0
144.0
139.5
139.5
137.5
142.5
142.5
150.0
154.0
154.0
156.5
157.75
157.75
157.25
157.5
157.5
158.75
158.5
158.25
158.25
158.25
158.25
159.25
159.25
159.25
160.75
161.75
161.75
160.5
161.0
161.0
160.75
162.0
162.0
162.25
163.5
162.0
162.0
163.5
164.0
164.0
165.75
165.75
166.5
165.5
165.0
165.0
164.5
164.0
164.5
164.5
164.75
164.5
164.5
163.5
162.5
162.5
162.25
162.75
162.75
164.25
164.25
164.25
164.25
165.0
165.0
165.75
165.0
165.75
165.75
165.75
165.0
165.0
165.0
165.5
165.5
167.0
166.0
166.0
166.5
166.5
166.5
166.25
165.0
165.0
164.5
164.25
164.25
162.25
160.25
160.25
160.5
159.5
159.5
160.25
161.0
161.0
160.75
161.75
161.75
163.5
163.75
164.0
164.0
164.5
164.75
164.75
166.5
166.5
167.5
167.5
167.5
168.0
168.0
168.25
168.5
168.5
169.0
169.0
168.5
169.5
169.25
169.25
169.5
169.75
169.75
169.75
169.5
169.5
168.5
168.5
168.5
169.0
169.75
169.75
168.5
168.0
168.0
167.75
168.5
168.5
165.0
165.0
166.25
166.0
166.0
165.75
165.75
165.75
165.75
165.75
165.75
165.75
166.0
166.0
162.0
162.0
161.5
160.5
160.5
160.0
159.0
159.0
157.5
156.0
156.0
155.75
154.25
154.25
153.5
153.5
152.0
150.25
150.25
149.25
149.25
148.25
148.0
148.0
148.5
149.25
149.25
150.0
150.0
151.75
152.25
152.25
154.0
155.75
155.75
156.5
157.25
157.25
160.25
159.0
159.0
161.0
162.0
162.0
161.75
161.75
164.0
164.0
163.5
164.0
164.0
164.0
164.0
164.0
164.0
164.0
164.0
164.0
167.0
166.0
166.0
166.0
165.5
165.5
166.5
169.25
168.5
168.5
168.0
168.25
168.25
170.0
170.0
170.0
170.0
169.75
169.75
169.75
168.5
168.0
168.0
166.5
166.5
166.5
166.25
166.25
166.0
166.0
167.5
165.5
165.5
166.25
168.0
168.0
168.25
168.0
168.0
167.5
167.75
167.0
167.0
168.0
166.0
166.0
166.0
166.5
166.5
165.5
165.5
165.5
162.0
159.5
159.5
159.5
159.5
159.5
159.5
159.5
159.5
159.5
159.5
164.25
164.25
163.5
163.25
163.25
163.25
163.75
163.75
162.0
161.25
161.25
160.5
159.25
159.25
156.75
156.25
156.25
155.75
157.5
157.5
158.0
158.0
157.5
160.0
160.0
158.25
158.75
158.75
160.5
158.25
158.25
161.25
160.0
160.0
161.5
162.75
162.25
162.25
163.25
163.5
163.5
163.75
162.75
162.75
164.0
163.25
163.25
162.75
163.5
163.5
163.25
164.25
165.5
165.5
164.75
162.5
162.5
164.75
165.0
165.0
163.75
162.75
162.75
158.75
160.25
160.25
157.75
157.5
157.5
158.0
157.25
157.25
156.25
157.0
157.0
158.25
157.5
157.5
157.75
157.75
158.75
159.25
159.25
159.5
159.0
159.0
160.5
160.5
160.75
160.75
160.25
160.5
160.5
161.5
162.5
162.5
161.75
162.25
162.25
161.25
164.25
164.25
162.25
164.25
164.25
162.0
163.25
163.25
164.25
162.5
162.5
162.0
162.25
162.25
162.5
163.75
164.25
164.25
161.5
161.5
161.5
161.5
156.75
156.75
153.0
153.0
148.75
145.5
145.5
144.75
144.75
145.0
145.0
145.0
147.5
147.5
148.0
150.0
150.0
153.5
154.75
154.75
156.25
156.75
156.75
157.75
158.0
158.0
157.75
159.25
159.25
160.0
160.0
160.0
159.0
158.25
158.25
158.5
159.25
159.25
159.0
158.5
158.5
158.25
157.5
157.5
158.0
158.0
158.25
156.5
156.5
155.5
157.25
157.25
155.0
156.0
159.0
159.0
158.25
158.25
156.5
156.5
155.75
156.25
156.25
156.25
155.5
155.0
155.0
154.75
155.0
155.0
154.5
154.5
154.5
154.5
154.5
154.5
155.0
155.0
153.75
153.5
153.5
153.75
153.25
153.25
154.5
154.5
154.75
155.0
155.0
156.0
155.0
155.0
156.0
155.75
155.75
154.25
155.5
155.5
156.75
157.25
157.25
155.25
155.25
153.75
151.25
151.25
152.0
152.0
152.0
149.5
149.5
150.75
150.0
150.0
148.75
149.25
149.25
149.75
149.75
149.75
149.75
149.75
148.75
149.25
149.25
151.75
151.75
151.0
152.25
152.25
152.5
152.0
152.0
153.75
153.75
153.75
154.25
154.5
154.5
154.0
154.0
154.5
154.25
154.25
154.5
154.5
154.5
153.5
153.75
153.75
153.75
153.5
153.5
153.5
153.5
153.75
155.0
155.0
153.25
151.0
151.0
153.0
153.25
153.25
152.25
152.25
147.0
143.5
143.5
144.0
144.0
145.25
146.25
146.25
146.25
146.25
148.75
148.75
148.75
149.0
149.0
150.5
150.5
150.0
150.5
150.5
150.5
150.75
151.75
151.75
151.25
154.25
154.25
152.25
152.25
152.25
152.25
152.25
152.5
152.5
152.5
152.5
152.5
152.5
152.5
152.5
148.41666666666666
144.33333333333334
140.25
136.16666666666666
132.08333333333334
128.0
128.0
136.25
136.25
127.75
127.75
127.75
127.75
127.75
127.75
127.75
127.75
128.0
128.0
128.0
128.0
133.20833333333334
138.41666666666666
143.625
148.83333333333334
154.04166666666666
159.25
157.75
157.75
154.75
153.75
153.75
152.0
152.0
149.5
149.5
149.5
149.5
149.25
149.25
149.25
136.5
136.5
136.75
136.75
137.75
139.5
139.5
141.25
141.25
143.25
143.25
143.25
145.75
144.25
144.25
146.0
146.0
147.75
146.0
146.0
148.75
146.5
146.5
147.5
147.5
146.0
146.75
146.75
145.5
145.5
146.25
146.0
146.0
146.25
146.25
148.25
147.75
147.75
147.25
146.5
146.5
145.75
145.75
145.5
145.5
145.5
146.0
146.0
145.75
145.75
146.75
146.5
146.5
147.25
147.25
148.25
148.5
147.75
147.75
147.5
147.5
147.0
147.0
147.0
146.25
146.25
145.0
144.25
144.25
143.25
143.25
142.0
141.25
141.25
142.75
142.75
143.25
143.25
144.0
144.5
144.5
144.5
146.5
146.5
147.25
147.0
147.0
145.75
145.75
144.5
144.5
140.75
139.5
139.5
139.5
139.5
140.75
143.0
143.0
143.5
143.5
143.25
143.25
143.25
143.75
143.75
143.25
145.0
145.0
144.0
144.0
145.25
145.25
144.75
144.75
143.75
144.75
144.75
144.0
143.75
143.75
145.25
148.25
148.25
151.0
149.0
149.0
149.75
149.75
149.75
149.75
150.75
150.75
152.5
152.5
154.75
153.25
153.25
154.0
155.75
155.75
157.25
155.5
155.5
151.5
151.5
140.0
142.25
142.25
146.5
146.5
145.25
144.5
144.5
143.5
143.5
143.5
141.75
141.75
141.0
141.0
142.0
142.0
142.75
144.0
144.0
146.5
147.75
147.75
150.0
153.25
153.25
152.75
154.25
154.25
155.0
155.0
155.75
155.75
155.75
156.25
155.25
155.25
156.5
154.5
154.5
155.0
155.0
155.0
156.0
155.25
155.25
154.75
155.0
155.0
154.0
154.0
154.5
154.25
154.25
154.0
154.75
154.75
156.25
157.75
157.75
157.25
157.75
157.75
158.75
158.5
158.5
158.75
158.25
158.25
160.25
158.75
158.75
160.0
160.5
160.5
161.0
159.25
159.25
160.75
161.0
161.0
162.5
160.25
160.25
160.75
161.5
161.5
159.25
159.25
159.25
160.5
158.0
158.0
158.75
158.25
158.25
158.25
157.25
157.25
157.0
157.25
157.25
157.0
157.5
157.5
157.25
157.25
156.75
156.75
156.75
156.0
156.0
156.0
156.25
155.75
155.75
157.0
157.25
157.25
156.75
156.25
156.25
156.25
157.5
157.5
157.5
156.75
156.75
156.25
155.5
155.5
154.5
154.5
156.0
154.0
154.0
154.5
154.25
154.25
154.5
154.0
154.0
155.25
155.25
153.25
154.5
154.5
153.25
154.0
154.0
154.25
152.75
152.75
152.25
152.75
152.75
152.75
152.75
153.0
152.5
152.5
152.0
151.75
151.75
152.75
153.0
153.0
153.5
153.5
153.5
154.25
155.5
155.5
153.75
153.75
155.5
149.75
149.75
150.0
150.0
148.5
150.25
150.25
150.0
150.25
150.25
150.75
150.75
150.5
150.5
151.0
151.0
151.0
150.25
150.25
150.0
149.5
149.5
148.0
148.0
148.0
149.0
149.0
148.25
146.75
146.75
147.0
147.0
148.0
147.75
147.75
147.0
147.75
147.75
147.75
147.75
148.25
148.25
148.5
148.5
148.25
148.25
147.5
148.5
148.5
147.25
147.0
147.0
149.25
149.25
148.75
149.0
149.5
149.5
148.75
149.5
149.5
148.25
148.25
148.75
146.5
146.5
144.5
143.5
143.5
143.5
143.5
144.25
144.25
142.75
142.25
142.25
141.75
141.75
142.5
143.0
143.0
143.0
143.25
143.25
143.25
143.25
143.25
143.75
143.75
143.0
143.0
143.75
143.75
143.75
145.0
145.0
146.0
146.0
148.0
147.5
147.5
147.0
147.0
147.0
145.75
145.75
145.5
145.25
145.25
145.5
145.5
143.75
143.5
143.5
142.25
142.25
142.25
142.25
141.5
141.0
141.0
140.75
140.75
141.25
141.25
142.0
142.0
142.0
141.5
142.0
142.0
142.0
142.0
143.5
143.25
143.25
141.75
141.75
141.25
141.0
141.0
141.75
141.75
141.5
141.5
141.0
141.0
141.0
139.5
139.5
139.5
140.25
140.25
141.5
141.5
140.75
140.75
140.5
142.75
142.75
143.25
143.25
143.25
141.75
141.75
141.0
141.0
139.75
139.75
140.75
141.0
141.0
142.5
142.5
142.5
142.5
142.75
142.75
142.25
142.25
142.25
139.75
139.75
139.5
139.5
139.25
140.75
140.75
140.75
140.75
140.75
141.75
141.75
141.25
141.25
142.5
142.5
142.5
142.25
142.25
142.0
141.75
141.75
142.25
142.25
142.75
142.75
140.5
140.5
140.0
138.5
138.5
138.5
139.75
139.75
140.0
140.0
139.5
139.5
139.0
139.0
139.5
139.5
139.75
139.75
139.25
139.5
139.5
141.0
141.0
139.5
139.25
139.25
139.5
139.5
139.75
139.75
140.75
140.0
140.0
140.0
140.0
139.75
139.75
140.0
140.0
140.75
140.75
141.25
140.0
140.0
139.5
139.5
139.0
139.0
138.5
138.25
138.25
138.5
138.5
139.5
139.25
139.25
139.5
139.5
139.25
139.25
140.5
140.5
140.75
141.25
141.25
139.5
139.5
139.5
143.5
143.5
143.0
142.75
142.75
142.25
143.25
143.25
144.75
144.75
145.0
145.0
143.0
141.75
141.75
139.5
139.5
139.5
139.5
137.75
138.5
138.5
139.5
139.5
140.0
139.0
139.0
139.5
139.5
140.25
141.25
141.25
141.0
141.0
142.75
142.75
142.75
141.75
141.75
140.75
140.75
140.5
138.5
138.5
139.0
139.0
140.75
141.25
141.25
142.0
142.0
141.25
141.25
141.25
141.75
141.75
142.25
142.25
141.75
141.25
141.25
141.25
141.25
141.0
141.0
141.0
139.25
139.25
138.5
138.5
139.0
140.0
140.0
140.75
140.75
140.75
141.5
141.5
141.75
141.75
141.5
141.5
141.5
142.25
142.25
144.5
142.0
142.0
144.75
144.75
143.25
143.75
143.75
144.5
144.5
142.0
142.0
142.75
142.75
144.25
144.25
144.25
145.0
145.0
144.5
146.5
146.5
146.25
145.75
145.75
145.75
146.75
146.75
146.5
146.5
148.5
148.5
149.25
149.5
149.5
148.25
148.25
147.0
147.75
147.75
147.0
145.75
145.75
145.75
145.75
143.25
142.25
142.25
142.25
142.25
135.0
132.0
132.0
128.5
128.5
137.0
137.0
139.0
139.0
139.0
139.0
139.0
139.0
139.5
139.5
139.5
139.5
139.5
139.5
139.25
139.25
139.25
139.25
142.5
142.5
143.5
141.0
141.0
141.0
137.25
137.25
137.25
137.5
137.5
137.25
137.25
137.5
137.5
137.25
137.25
137.25
140.86764705882354
144.48529411764707
148.10294117647058
151.72058823529412
155.33823529411765
158.9558823529412
162.5735294117647
166.19117647058823
169.80882352941177
173.4264705882353
177.0441176470588
180.66176470588235
184.27941176470588
187.89705882352942
191.51470588235293
195.13235294117646
198.75
195.65625
192.5625
189.46875
186.375
183.28125
180.1875
177.09375
174.0
170.90625
167.8125
164.71875
161.625
158.53125
155.4375
152.34375
149.25
146.15625
143.0625
139.96875
136.875
133.78125
130.6875
127.59375
124.5
124.5
124.5
125.5
125.5
122.75
122.75
122.75
122.75
122.75
122.75
123.0
123.0
123.0
123.0
123.0
122.75
123.0
116.85
110.7
104.55
98.4
92.25
92.25
99.0
99.0
100.25
100.25
100.25
100.0
100.5
100.5
100.5
101.75
101.75
104.25
104.25
110.25
110.25
115.75
115.75
119.75
119.75
124.75
130.5
130.5
135.0
135.0
137.5
137.5
140.0
144.75
144.75
149.0
152.5
152.5
153.25
153.75
153.75
155.25
157.0
157.0
158.25
159.0
159.0
159.0
159.5
159.5
162.75
162.5
163.25
163.25
162.5
163.75
163.75
164.25
164.25
164.25
164.75
164.75
164.75
165.75
165.0
165.0
166.5
166.5
166.0
167.0
167.0
167.0
167.0
167.0
167.0
166.75
166.25
166.25
166.0
166.75
166.5
166.5
165.75
165.0
165.0
164.25
164.75
164.75
164.5
164.75
164.75
163.75
163.75
163.75
163.75
163.75
163.75
164.25
164.0
164.0
162.75
163.75
162.25
162.25
161.75
161.75
161.25
161.0
160.5
160.5
159.5
159.5
158.5
158.5
159.25
159.25
160.75
158.5
158.5
157.25
157.25
158.0
157.75
157.75
157.25
156.5
156.5
155.25
155.0
155.0
155.25
156.0
156.0
156.0
156.5
156.5
156.25
157.5
158.5
158.5
159.25
159.5
159.5
158.0
159.25
159.25
160.25
160.25
160.25
159.25
158.75
158.75
160.5
160.0
160.0
158.5
158.25
158.25
157.75
157.75
157.75
158.25
158.25
156.5
156.5
156.5
156.25
155.0
155.0
156.5
157.0
157.0
157.5
159.25
159.25
157.0
158.75
158.75
160.25
158.5
158.5
158.25
157.25
157.25
155.5
154.75
154.75
154.25
154.25
153.0
152.75
152.75
153.25
154.0
154.0
153.0
153.0
154.5
154.5
155.5
156.25
156.25
157.5
157.25
157.25
158.0
158.75
158.75
159.5
159.5
159.5
159.5
159.5
159.5
159.5
159.25
159.25
158.75
158.75
160.75
160.75
158.0
159.0
159.0
157.5
157.5
157.25
155.75
155.75
154.5
153.75
153.75
153.25
153.25
153.25
153.25
153.5
153.5
153.5
153.5
153.25
153.25
153.25
153.25
154.25
154.25
154.0
154.0
155.75
156.0
155.75
155.75
156.5
156.5
157.0
157.25
157.25
157.25
156.5
156.5
156.0
155.25
155.25
155.0
154.5
154.5
153.5
154.0
154.0
154.0
153.5
153.5
154.75
154.75
154.0
153.75
153.75
154.25
154.5
154.5
155.5
154.75
154.75
155.0
153.75
153.75
155.5
155.5
155.5
155.25
155.25
154.75
155.5
155.5
154.75
155.25
155.25
155.0
155.25
155.25
155.0
155.0
154.0
153.0
153.0
152.0
153.25
153.25
153.25
151.0
151.0
149.75
149.75
147.75
146.0
146.0
140.75
140.75
137.75
129.25
129.25
128.75
128.75
133.25
133.25
136.0
140.75
140.75
143.25
143.25
144.0
145.75
145.75
146.25
148.0
148.0
147.25
147.25
150.0
149.25
149.25
152.25
151.5
151.5
152.25
153.0
153.0
153.25
154.25
154.25
153.0
153.0
153.5
153.5
153.0
152.75
152.75
152.5
151.5
151.5
151.0
151.0
151.25
151.25
151.25
151.75
151.25
151.25
151.75
151.0
151.0
150.25
150.25
150.5
150.25
150.25
150.5
150.5
150.75
150.75
150.75
151.25
150.75
150.75
151.75
151.25
151.25
151.5
151.5
150.5
150.0
150.0
150.75
150.0
150.0
149.75
150.0
150.0
149.75
149.75
150.0
150.5
151.75
151.75
151.5
151.5
153.75
153.75
154.75
155.25
155.25
155.75
155.75
155.75
154.75
156.25
156.25
155.5
157.25
157.25
155.0
155.5
155.5
155.0
156.0
156.0
155.75
155.75
154.25
153.75
153.75
154.75
155.25
155.25
155.0
155.0
154.5
154.5
154.25
154.25
155.0
155.0
155.0
155.5
155.5
155.0
155.0
155.0
154.5
153.75
153.75
153.5
154.5
154.5
154.75
154.75
154.75
153.25
153.25
155.25
155.25
155.25
155.25
155.5
155.5
154.5
154.5
155.5
155.5
154.0
154.25
154.25
154.5
154.5
154.25
153.25
153.25
152.5
152.25
152.25
152.0
152.0
150.75
150.75
150.75
150.75
152.0
152.0
151.5
152.25
152.25
153.0
152.25
152.25
152.75
152.75
153.75
154.75
154.75
155.0
154.25
154.25
155.75
155.5
155.5
155.25
155.25
155.25
155.25
154.0
154.75
154.75
156.0
154.5
154.5
155.5
156.75
156.75
155.75
156.25
156.25
155.5
156.0
156.0
155.5
155.5
155.0
155.75
155.75
155.5
154.75
154.75
155.75
154.5
154.5
153.5
153.5
153.0
152.5
152.5
152.75
151.75
151.75
152.0
152.0
152.0
151.5
151.5
151.5
150.75
150.25
150.25
150.0
150.0
149.5
149.5
149.5
149.5
149.5
149.25
149.25
149.25
149.0
149.5
149.5
150.0
150.0
148.5
148.25
148.25
147.0
147.0
147.25
146.25
146.25
145.75
145.0
145.0
143.25
143.25
141.75
141.75
142.25
143.25
143.25
143.5
143.5
143.5
144.5
144.5
145.0
145.5
145.5
146.5
146.5
146.25
145.75
145.75
145.75
145.75
145.75
146.5
146.5
146.75
146.75
147.0
147.25
147.25
147.25
147.0
147.0
146.25
146.25
145.75
145.75
145.75
145.75
145.75
146.0
145.25
145.25
143.75
143.75
143.75
143.5
143.5
143.25
143.25
144.0
144.0
144.0
144.75
144.75
145.0
146.25
146.25
146.75
146.75
146.25
146.0
146.0
145.75
145.75
145.5
144.25
144.25
143.25
143.25
142.25
141.25
141.25
140.75
140.75
141.5
141.75
141.75
141.75
141.75
142.0
141.5
141.5
142.0
142.0
143.0
143.5
143.5
143.75
143.75
144.25
144.25
143.75
144.75
144.75
144.75
145.0
145.0
143.5
143.5
143.75
143.75
142.75
142.0
142.0
141.5
141.5
141.75
141.0
141.0
141.0
141.0
141.5
142.5
142.5
142.75
142.75
143.75
144.25
144.25
145.0
145.0
145.25
146.0
146.0
146.0
146.0
146.0
146.0
146.0
145.25
145.25
145.0
144.25
144.25
142.75
142.75
142.25
141.75
141.75
141.25
141.25
141.25
141.75
141.75
141.5
141.5
141.75
142.25
142.25
143.25
143.25
142.5
142.5
142.5
142.75
142.75
143.25
144.25
144.25
144.25
144.25
143.75
143.75
143.75
144.0
144.0
143.75
144.5
144.5
144.5
144.5
143.5
143.5
143.25
143.25
143.25
143.25
143.25
143.25
143.0
143.0
143.25
143.25
143.25
142.75
142.75
142.75
142.75
143.25
144.0
144.0
143.5
143.5
143.75
145.0
145.0
146.0
146.25
146.25
146.25
146.25
145.75
146.25
146.25
146.5
146.5
146.75
146.5
146.5
147.25
147.25
147.5
147.0
147.0
146.5
146.0
146.0
145.5
145.5
145.5
145.5
145.5
145.25
145.25
145.5
145.0
145.0
144.75
144.75
144.75
145.0
145.0
145.5
145.5
145.5
145.25
145.25
146.0
146.0
146.5
145.75
145.75
145.0
145.0
145.0
145.0
145.0
145.25
145.25
144.25
145.0
145.0
144.25
144.25
145.25
144.75
144.75
144.25
144.25
144.0
145.25
145.25
144.0
144.0
146.75
147.75
147.75
147.75
147.5
147.5
147.0
147.5
147.5
148.25
148.25
147.75
147.25
147.25
147.5
147.5
147.5
147.5
147.5
147.5
147.5
147.25
147.25
147.25
147.5
147.91666666666666
148.33333333333334
148.75
149.16666666666666
149.58333333333334
150.0
150.0
148.75
147.5
147.5
147.0
147.0
146.25
145.25
145.25
144.75
144.75
143.5
143.25
143.25
143.25
143.25
144.0
144.25
144.25
145.0
145.0
145.5
145.5
145.5
145.25
145.25
145.25
145.25
145.25
146.0
146.0
145.5
145.0
145.0
145.0
145.0
145.0
145.25
145.25
143.75
144.25
144.25
144.25
144.25
144.25
144.25
144.25
144.75
144.75
145.0
145.0
145.25
145.25
145.25
146.25
146.25
146.25
147.5
147.5
147.75
147.0
147.0
147.25
147.25
147.0
145.25
145.25
146.75
147.0
147.0
147.0
147.0
147.5
147.5
148.25
148.25
149.5
149.5
151.0
151.5
151.5
152.25
152.0
152.0
153.25
153.5
153.5
154.75
155.25
155.25
155.75
156.25
156.25
157.0
156.5
156.5
157.25
157.25
155.0
156.0
156.0
155.5
155.25
155.25
155.75
155.75
153.0
153.0
153.25
153.25
152.5
154.75
154.75
154.5
154.5
153.0
152.75
152.75
150.25
148.75
148.75
147.5
147.5
146.75
146.5
146.5
146.0
146.0
145.75
146.75
146.75
147.75
147.75
150.0
150.0
149.75
148.75
148.75
147.0
147.0
146.25
147.0
147.0
147.0
148.5
148.5
149.75
149.75
151.25
153.0
153.0
155.0
156.75
156.75
158.0
159.25
159.25
160.25
161.5
161.5
161.75
161.75
161.75
161.75
161.75
162.0
162.0
161.75
162.0
160.89705882352942
159.7941176470588
158.69117647058823
157.58823529411765
156.48529411764707
155.38235294117646
154.27941176470588
153.1764705882353
152.0735294117647
150.97058823529412
149.86764705882354
148.76470588235293
147.66176470588235
146.55882352941177
145.4558823529412
144.35294117647058
143.25
143.25
143.25
143.25
143.25
143.5
143.5
143.25
143.25
143.25
146.8
150.35
153.9
157.45
161.0
161.0
162.0
162.0
162.0
161.75
163.75
163.75
163.75
163.75
163.75
166.0
166.0
167.0
167.75
167.75
167.75
167.75
166.75
166.75
162.5
162.5
162.25
162.25
162.5
162.5
162.25
162.25
162.5
162.5
162.25
162.25
158.375
154.5
150.625
146.75
142.875
139.0
139.0
139.0
139.0
139.5
138.5
138.5
136.25
136.25
133.5
133.5
132.0
132.0
130.75
130.75
132.5
135.0
135.0
136.75
136.75
137.5
137.5
137.5
137.5
137.5
140.75
140.5
140.5
143.75
143.75
144.5
145.0
145.0
145.5
145.5
145.75
145.75
146.25
146.25
146.5
146.25
146.25
146.25
146.5
146.25
146.25
146.21428571428572
146.17857142857142
146.14285714285714
146.10714285714286
146.07142857142858
146.03571428571428
146.0
146.0
145.25
144.5
144.5
143.0
143.0
142.0
142.0
142.0
142.0
141.5
141.25
141.25
141.75
141.75
143.5
145.75
145.75
144.0
144.0
142.5
142.5
141.25
142.25
142.25
141.75
142.0
142.0
141.5
141.5
142.75
142.75
143.25
143.25
142.75
143.25
143.25
143.75
143.75
144.75
144.75
144.75
144.5
144.5
144.0
143.75
143.75
142.25
142.25
140.5
140.5
140.75
141.25
141.25
140.5
140.5
141.0
143.5
143.5
143.25
143.25
143.5
143.5
143.25
143.5
143.5
141.0
141.0
141.0
140.75
140.75
141.0
141.0
140.75
140.5
140.5
140.25
140.25
140.75
141.0
141.0
142.0
142.0
142.5
143.25
143.25
143.5
143.5
143.5
143.5
143.5
142.0
142.0
142.0
142.0
141.75
141.5
141.5
140.25
140.25
140.25
140.25
140.25
139.5
139.5
139.5
139.5
140.25
139.5
139.5
139.5
139.5
138.75
139.25
139.25
139.25
137.75
138.5
138.5
140.25
140.25
139.5
141.25
141.25
142.0
142.0
143.5
145.0
145.0
145.0
145.0
145.0
145.75
145.75
146.75
146.5
146.5
147.5
148.5
148.5
149.25
149.25
149.75
149.75
148.0
145.0
145.0
143.25
143.25
142.25
141.75
141.75
141.25
141.25
140.75
140.5
140.5
140.5
140.5
140.25
140.25
139.75
139.75
139.75
140.75
140.75
142.0
142.25
142.25
144.25
144.25
144.75
146.0
146.0
146.0
147.75
147.75
147.75
147.75
148.25
147.75
147.75
148.25
149.25
149.25
148.25
148.25
148.0
147.0
147.0
146.75
146.75
146.75
146.25
146.25
146.0
146.0
147.25
147.25
147.25
147.25
147.25
147.5
147.5
147.25
147.0
147.0
145.75
145.75
144.75
144.75
143.75
142.25
142.25
141.75
141.75
141.5
142.5
142.5
142.75
142.75
144.0
145.5
145.5
147.0
147.0
149.75
149.75
150.5
151.5
151.5
150.5
150.25
150.25
150.5
150.5
150.5
151.0
151.0
150.75
149.75
149.75
150.0
150.0
149.5
151.25
151.25
151.25
151.25
151.25
150.75
150.75
150.75
150.75
150.75
150.75
150.5
150.0
150.0
148.75
148.0
148.0
148.5
148.5
148.0
147.0
147.0
146.0
146.0
146.5
146.5
147.75
147.75
147.5
147.5
148.25
148.25
148.0
148.0
148.25
149.5
149.5
149.25
149.5
149.5
150.5
150.5
150.25
150.5
150.5
151.75
151.0
151.0
152.0
152.0
152.0
153.0
153.0
154.0
151.5
151.5
152.0
152.0
152.0
151.0
151.0
150.75
150.25
150.25
151.0
151.75
151.75
151.5
151.5
152.75
153.75
153.75
154.25
153.75
153.75
152.5
150.5
150.5
155.0
155.0
154.5
152.25
152.25
150.0
150.5
150.5
151.0
150.0
150.0
149.75
149.75
150.0
150.0
150.0
149.25
151.25
151.25
152.25
152.25
151.25
150.75
150.75
151.5
151.5
150.0
149.5
149.5
149.5
150.5
150.5
150.0
150.0
150.0
150.25
150.25
150.0
151.25
151.25
152.25
151.5
151.5
152.75
151.75
151.75
150.5
150.5
151.0
151.75
151.75
151.5
151.25
151.25
147.75
147.75
147.5
149.75
149.75
149.5
149.75
149.75
148.25
148.25
151.0
152.25
152.25
153.0
151.25
151.25
152.75
152.75
150.5
148.75
148.75
146.5
147.5
147.5
148.5
148.5
149.75
150.0
150.0
149.25
150.5
150.5
150.5
150.5
150.5
150.0
150.0
150.0
148.75
148.75
149.0
149.0
149.0
147.0
147.0
147.5
149.75
149.75
150.5
151.75
151.75
151.75
151.75
153.0
153.5
153.5
154.5
156.25
156.25
154.0
154.0
154.25
154.75
154.75
153.75
153.75
151.25
151.75
151.75
151.75
154.0
152.5
152.5
152.5
152.75
153.25
153.25
152.25
153.0
153.0
152.5
152.5
154.5
152.75
152.75
152.75
152.75
152.75
152.75
152.75
152.75
152.75
152.75
152.75
152.75
152.75
153.25
153.25
154.5
155.0
155.0
156.5
156.5
157.5
157.75
157.75
157.75
157.75
157.75
158.0
158.0
158.0
164.75
164.75
166.0
166.0
166.75
164.5
164.5
161.75
161.75
154.0
145.25
145.25
145.25
146.5
142.25
142.25
142.25
142.25
142.25
142.25
142.25
142.25
142.25
142.25
142.25
142.25
142.5
142.5
142.5
142.21428571428572
141.92857142857142
141.64285714285714
141.35714285714286
141.07142857142858
140.78571428571428
140.5
140.21428571428572
139.92857142857142
139.64285714285714
139.35714285714286
139.07142857142858
138.78571428571428
138.5
138.21428571428572
137.92857142857142
137.64285714285714
137.35714285714286
137.07142857142858
136.78571428571428
136.5
136.5
143.75
143.75
144.0
146.75
146.75
149.5
151.25
151.25
153.5
153.5
155.5
156.0
156.0
155.25
155.0
155.0
155.0
153.25
152.0
152.0
153.0
153.0
153.0
152.25
152.25
153.5
153.5
153.25
153.75
153.75
140.0
141.0
141.0
139.0
139.0
135.75
135.75
131.5
131.5
129.5
129.0
129.0
129.5
129.5
128.0
128.0
127.5
127.5
125.75
125.75
126.0
126.0
125.75
125.75
127.25
127.25
127.25
135.5
141.75
141.75
146.25
146.25
147.5
148.75
148.75
149.25
149.25
151.75
153.75
153.75
154.0
156.0
156.0
156.5
157.5
157.5
158.75
159.0
159.0
160.0
160.75
160.75
160.75
161.5
162.0
162.0
162.5
161.75
161.75
162.25
161.25
161.25
160.75
158.5
158.5
155.0
155.0
154.0
151.5
151.5
150.0
149.75
149.75
148.5
148.5
148.25
149.0
149.0
148.75
148.0
148.0
149.25
149.5
149.5
150.25
150.25
147.0
147.75
147.75
146.25
146.25
147.0
149.0
149.0
150.0
150.0
150.0
151.5
152.0
152.0
152.25
152.25
152.25
152.5
152.5
150.5
150.0
150.0
150.0
151.25
151.25
150.0
150.0
148.5
147.5
147.5
146.75
146.75
147.0
147.25
147.25
148.25
149.0
149.0
149.25
150.25
150.25
152.0
152.0
151.75
153.0
153.0
152.0
153.25
153.25
154.0
154.25
154.25
153.0
153.0
152.75
152.75
152.0
150.75
150.75
151.5
151.5
150.0
150.0
150.0
150.0
150.75
150.75
149.75
149.75
150.0
150.0
150.0
150.5
150.75
150.75
150.75
150.75
149.75
149.25
149.25
150.25
150.25
150.0
149.75
149.75
149.5
148.75
148.75
149.5
148.75
148.75
148.75
148.75
148.0
147.0
147.0
143.0
143.0
140.75
140.75
139.5
139.5
138.75
138.75
140.75
140.75
138.5
138.5
138.5
138.5
138.5
138.5
138.5
138.5
138.5
138.5
154.25
154.25
155.25
156.75
156.75
158.0
158.5
158.5
159.0
159.5
159.5
159.5
160.0
160.0
159.5
158.25
158.25
157.0
155.75
155.75
154.5
154.5
153.75
155.75
155.75
155.0
154.75
154.75
155.0
155.0
155.0
155.0
155.0
155.0
155.0
155.0
155.0
154.5
154.25
154.25
155.5
153.75
153.75
154.25
154.0
154.0
152.0
152.0
151.5
152.75
152.75
153.25
153.0
153.0
153.5
153.75
153.75
155.25
156.25
156.25
156.5
159.0
159.0
157.5
158.0
158.0
157.75
157.5
157.5
157.0
157.25
157.25
156.25
156.25
156.75
157.0
157.0
156.75
156.5
156.5
155.75
155.75
155.75
156.0
154.25
154.25
153.5
153.5
153.5
153.75
153.0
153.0
152.5
152.5
153.5
153.5
153.5
153.0
153.0
153.75
153.75
154.75
154.25
154.25
153.75
153.75
153.75
154.0
154.0
154.0
154.0
153.75
153.75
153.25
153.5
153.5
153.0
152.75
152.75
153.75
155.5
155.5
152.5
153.5
153.5
151.5
151.5
152.75
152.25
152.25
151.5
150.5
150.0
150.0
150.0
151.25
151.25
151.25
151.25
151.25
151.25
151.25
151.25
151.25
151.25
151.5
155.75
155.75
155.75
152.5
151.25
151.25
151.5
151.0
151.0
152.75
152.75
152.75
152.75
152.75
152.75
152.75
152.75
152.75
152.75
152.75
152.75
153.0
153.0
152.75
150.875
149.0
147.125
145.25
143.375
141.5
141.25
141.25
141.5
141.5
143.75
143.75
144.25
143.25
143.25
141.75
141.75
141.75
141.0
141.25
141.25
142.0
142.0
143.75
142.25
142.25
143.25
143.25
144.25
144.25
144.5
144.5
144.5
143.5
143.5
142.0
142.0
138.75
138.75
140.75
140.75
130.5
130.5
130.25
130.25
130.25
130.5
130.5
130.5
130.5
130.5
130.5
