123.0
123.0
123.25
124.25
124.25
125.0
125.0
125.5
125.5
126.0
126.0
126.25
126.25
127.25
127.25
128.0
128.0
128.0
129.5
129.5
130.25
130.25
130.25
130.25
130.25
130.25
131.0
131.5
131.5
130.5
130.5
129.0
129.0
129.0
129.0
126.25
126.25
127.25
127.25
127.25
127.25
127.0
127.0
127.5
127.5
128.0
128.0
128.75
128.75
128.75
128.75
128.75
128.75
128.75
129.0
129.0
129.25
129.0
129.0
128.0
128.0
127.5
127.5
127.5
127.5
126.75
126.75
126.25
126.25
126.5
126.5
127.25
127.25
128.25
128.25
127.75
127.75
126.5
126.5
126.5
125.5
125.5
126.0
126.0
126.25
126.25
126.25
126.25
126.0
126.0
126.0
125.75
125.75
125.0
125.0
125.25
125.25
125.75
125.75
126.25
126.25
127.0
127.0
127.25
127.25
128.5
128.5
128.5
128.5
127.0
127.0
127.0
124.0
124.5
124.5
124.5
124.5
125.25
125.25
125.0
125.0
125.75
125.75
125.25
125.25
126.75
126.75
127.25
127.25
128.0
126.75
126.75
127.0
127.0
126.75
126.75
125.25
125.25
126.75
126.75
127.25
127.25
126.25
126.25
127.5
127.5
128.5
128.75
128.75
128.75
128.75
130.0
130.0
128.75
128.75
129.5
129.5
128.0
128.0
127.5
127.75
127.75
127.75
127.75
128.5
128.5
128.5
128.5
129.25
129.25
128.5
128.5
128.5
129.0
129.0
128.5
128.5
128.75
128.75
128.25
128.25
128.5
128.5
129.0
129.0
129.5
129.5
130.5
130.5
128.25
128.25
128.25
128.25
128.5
128.5
128.25
128.25
128.75
128.75
128.5
129.0
129.0
129.25
129.25
128.5
128.5
129.25
129.25
129.75
129.5
129.5
128.75
128.75
128.0
127.25
127.25
127.5
127.5
129.25
129.25
129.25
128.25
128.25
127.75
127.75
128.0
128.0
127.75
127.75
128.0
126.25
126.25
127.5
127.5
128.25
128.25
129.75
129.75
129.0
129.0
129.75
129.75
129.75
129.5
129.5
129.5
130.25
130.25
130.25
128.5
128.5
128.5
130.75
130.75
130.75
130.75
131.25
131.25
130.25
130.25
129.0
129.0
129.5
130.0
130.0
130.0
130.0
130.5
130.5
129.25
129.25
129.25
128.25
128.25
129.0
129.0
129.0
128.0
127.75
127.75
127.75
127.75
127.75
127.75
127.75
128.0
128.0
128.0
130.0
130.0
130.0
130.0
129.0
129.0
129.0
129.0
129.0
129.0
129.0
129.0
129.0
129.0
129.0
129.0
129.48958333333334
129.97916666666666
130.46875
130.95833333333334
131.44791666666666
131.9375
132.42708333333334
132.91666666666666
133.40625
133.89583333333334
134.38541666666666
134.875
135.36458333333334
135.85416666666666
136.34375
136.83333333333334
137.32291666666666
137.8125
138.30208333333334
138.79166666666666
139.28125
139.77083333333334
140.26041666666666
140.75
140.75
140.25
140.25
139.25
139.25
139.25
139.25
139.25
139.25
139.25
139.5
139.5
139.25
139.5
139.5
138.61904761904762
137.73809523809524
136.85714285714286
135.97619047619048
135.0952380952381
134.21428571428572
133.33333333333334
132.45238095238096
131.57142857142858
130.6904761904762
129.8095238095238
128.92857142857142
128.04761904761904
127.16666666666667
126.28571428571429
125.4047619047619
124.52380952380952
123.64285714285714
122.76190476190476
121.88095238095238
121.0
121.0
121.25
121.25
122.25
122.25
123.75
123.75
123.25
123.25
124.0
124.0
125.0
126.25
126.25
126.75
126.75
128.0
128.0
127.5
127.5
126.75
126.75
126.25
126.25
125.75
125.75
126.0
126.0
125.75
126.0
126.0
125.75
125.75
125.75
125.75
125.25
125.25
126.25
126.25
125.75
125.75
126.75
126.75
127.5
127.5
127.25
127.25
127.25
126.5
126.75
126.75
126.0
126.0
124.5
124.5
125.25
125.25
125.75
125.75
126.0
126.0
127.0
127.0
126.75
126.75
126.75
127.25
127.25
127.25
127.25
128.0
128.0
128.0
128.0
129.0
129.0
129.5
130.0
130.0
131.5
131.5
131.25
131.25
130.75
130.75
130.75
130.75
132.0
132.5
132.5
132.25
132.25
132.25
132.25
132.75
133.5
133.5
134.0
134.0
134.0
134.0
133.0
132.25
132.25
132.25
132.0
132.0
132.0
131.5
131.5
130.25
130.25
128.75
128.75
122.0
122.75
122.75
123.25
123.25
123.0
123.0
121.75
121.75
121.75
121.75
121.75
121.75
121.75
121.75
122.0
122.0
122.0
122.0
121.75
121.75
121.75
121.75
119.4
117.05
114.7
112.35
110.0
110.0
112.25
112.25
114.25
114.25
118.75
118.75
123.5
124.75
124.75
125.75
125.75
128.0
128.0
130.0
130.0
130.5
132.0
132.0
132.0
132.0
132.75
132.75
132.0
132.0
132.25
132.25
132.0
132.0
130.25
130.25
130.5
131.5
131.5
131.5
130.25
130.25
128.75
128.75
128.75
128.75
128.75
128.75
129.0
129.0
129.0
129.0
123.25
123.25
123.0
120.25
120.25
119.5
119.5
118.75
118.75
120.25
120.25
121.0
121.25
121.25
122.0
122.0
122.0
122.0
122.0
122.75
122.0
122.0
122.0
124.0
123.75
123.75
124.75
124.75
125.75
125.75
126.5
126.5
126.75
126.75
127.75
127.75
129.5
130.5
130.5
130.5
130.5
130.25
130.25
131.25
131.5
131.5
132.0
132.0
133.5
133.5
133.5
133.5
132.75
132.75
132.75
133.5
133.5
133.5
133.5
133.5
132.75
132.75
132.75
133.5
133.5
132.75
132.75
132.75
133.0
133.0
133.25
133.25
133.0
133.25
133.25
133.5
133.5
134.25
134.25
134.25
135.0
135.0
135.0
135.0
135.0
135.0
135.0
135.0
135.75
136.75
136.75
137.25
137.25
137.5
137.5
138.0
137.75
137.75
137.75
137.75
137.75
137.75
137.75
137.0
137.0
136.75
136.75
135.75
135.75
135.0
135.0
135.0
135.25
135.25
135.25
135.25
135.0
135.0
134.75
133.5
133.5
133.5
133.5
133.5
133.5
134.0
134.0
133.75
133.25
133.25
133.0
133.0
133.25
133.25
132.75
132.75
132.75
132.75
132.75
132.0
132.0
132.0
132.0
132.5
133.0
133.0
133.0
132.75
133.5
133.5
133.5
133.5
133.75
133.75
133.25
132.5
132.5
132.25
132.25
131.25
131.25
129.75
129.75
128.5
128.5
126.25
126.25
125.75
125.75
125.75
125.75
125.75
125.75
126.5
127.0
127.0
127.75
127.75
126.75
126.75
126.0
126.0
125.75
125.75
125.0
125.0
124.75
124.75
123.0
123.0
123.0
123.0
123.25
123.25
125.25
125.25
126.25
127.25
127.25
127.25
127.25
127.75
128.25
128.25
128.25
128.5
129.0
129.0
129.5
129.5
128.5
128.5
127.25
127.25
126.25
126.25
125.75
125.75
125.75
125.75
125.5
125.5
124.0
124.0
123.5
124.5
124.5
125.0
125.0
125.25
125.25
126.0
126.0
126.25
126.25
127.5
128.0
128.0
127.75
127.75
127.75
128.25
128.25
128.25
128.25
126.25
126.25
126.25
126.25
124.0
125.75
125.75
124.5
124.5
125.0
125.0
125.0
125.0
125.75
125.75
126.25
126.25
126.75
126.75
127.25
127.5
127.5
127.25
127.25
126.25
126.25
126.0
126.0
126.5
126.5
125.75
125.75
126.0
126.0
125.75
125.75
125.5
125.5
126.25
126.25
125.0
125.0
124.75
125.75
125.75
126.25
126.25
126.5
126.5
126.5
126.5
126.75
126.75
127.25
127.25
126.75
126.75
127.5
127.5
128.25
128.25
128.25
128.0
129.5
129.5
129.5
129.5
129.5
129.5
129.25
129.25
130.75
130.75
129.5
128.75
128.75
127.75
127.75
127.25
127.25
126.75
126.75
127.25
126.25
126.25
126.25
126.25
126.25
126.25
126.25
126.25
126.25
126.25
126.5
126.5
126.25
126.25
126.75
126.0
126.0
124.5
124.5
125.0
125.0
125.0
125.0
126.25
126.25
126.25
127.5
127.5
126.75
126.75
127.25
127.75
127.75
128.25
128.25
129.25
129.25
128.75
128.75
128.0
128.0
128.0
128.0
128.0
128.0
127.25
127.75
127.75
127.5
127.5
128.0
128.0
128.0
128.0
128.0
128.0
128.5
128.5
128.25
128.25
127.25
127.25
126.75
126.75
127.25
127.25
127.75
127.75
128.0
127.75
127.75
127.75
127.5
127.5
128.0
128.0
128.0
128.0
128.5
128.5
127.75
127.75
127.0
127.0
126.25
126.25
125.25
125.25
124.5
124.5
125.5
125.5
126.0
126.0
126.0
126.25
126.25
125.5
125.5
125.5
125.25
125.25
125.75
125.75
126.75
126.75
126.0
126.0
126.0
126.25
126.25
126.25
125.25
125.25
125.5
125.5
125.25
125.25
125.25
125.25
125.25
125.25
125.25
126.5
126.5
126.25
127.0
127.0
128.0
128.0
128.75
128.75
128.75
128.75
129.0
129.0
127.0
127.0
126.0
126.0
124.25
124.25
124.25
124.25
124.25
124.25
124.25
124.25
124.25
124.25
124.5
124.5
124.5
124.5
125.25
125.25
125.25
124.0
124.0
124.5
124.5
124.5
123.5
123.5
123.5
123.5
122.0
122.0
121.5
121.5
122.5
122.5
122.75
122.75
122.75
122.75
123.0
123.0
123.75
123.75
124.0
124.0
125.0
125.0
125.75
125.75
125.25
125.25
125.25
125.25
126.25
126.0
126.0
124.0
124.0
124.0
124.0
123.25
123.25
124.25
124.25
124.75
124.75
124.75
124.75
125.75
125.75
126.25
126.25
126.25
126.25
125.75
125.5
125.5
125.75
125.75
125.5
125.5
126.25
126.25
125.75
125.75
127.0
127.0
127.0
126.0
126.0
127.25
127.75
127.75
127.75
127.75
128.5
128.5
129.75
129.75
130.25
130.5
130.5
129.5
129.5
130.25
130.25
128.5
128.5
128.5
126.25
126.25
125.25
125.25
125.25
125.25
125.25
125.25
125.25
125.25
125.25
125.25
125.25
125.25
125.25
125.54166666666667
125.83333333333333
126.125
126.41666666666667
126.70833333333333
127.0
127.0
126.0
126.0
126.0
126.0
125.75
125.75
126.25
126.25
126.25
126.25
126.75
126.75
126.75
126.75
126.0
126.0
127.75
128.75
128.75
126.75
126.75
126.25
126.25
126.75
126.75
126.5
126.5
125.75
125.75
125.75
125.75
125.75
125.75
126.0
126.0
126.0
124.5
124.5
124.5
124.5
124.0
124.0
125.0
125.0
125.0
125.0
125.0
125.0
125.0
123.75
123.75
123.5
123.5
123.75
123.75
123.75
123.0
123.0
121.75
121.75
121.5
121.5
121.75
122.25
122.25
122.25
122.5
122.5
122.5
122.5
122.25
122.25
119.25
119.25
123.5
124.25
124.25
125.25
125.25
126.0
126.0
126.0
126.0
126.0
126.0
125.75
125.75
125.75
125.75
125.75
130.25
130.25
130.25
130.5
130.5
130.5
130.5
130.5
130.25
130.25
130.075
129.9
129.725
129.55
129.375
129.2
129.025
128.85
128.675
128.5
128.5
128.5
128.25
128.25
128.5
128.5
128.0
128.0
128.25
128.25
128.0
128.0
126.25
126.25
125.75
125.75
125.75
125.75
125.75
125.75
125.75
125.75
125.75
125.75
125.75
125.75
121.75
121.75
121.25
121.25
121.75
121.75
121.75
121.75
123.25
123.25
123.25
124.0
125.75
125.75
126.25
126.25
126.5
126.5
125.75
125.75
126.75
127.25
127.25
128.0
128.0
128.0
128.0
128.0
128.0
127.25
127.25
127.25
126.5
126.5
126.5
126.5
126.25
126.25
126.25
126.25
126.25
125.75
125.75
126.5
126.5
126.25
126.25
128.0
128.0
128.25
129.5
129.5
129.5
129.5
129.5
129.0
129.0
129.0
129.0
129.0
129.0
128.75
128.75
129.0
129.0
128.0
128.0
128.5
128.5
128.0
128.0
128.25
128.25
128.5
128.5
128.25
128.25
128.75
128.75
128.5
128.5
128.5
128.5
128.5
128.5
128.5
128.5
128.5
128.25
128.25
128.20833333333334
128.16666666666666
128.125
128.08333333333334
128.04166666666666
128.0
128.0
129.5
129.5
129.0
129.0
129.0
129.0
129.0
129.0
129.0
129.0
127.25
127.25
126.25
126.25
125.5
125.5
125.0
125.0
125.5
125.75
125.75
125.75
126.0
126.0
126.0
126.0
125.75
125.75
126.0
126.0
128.25
128.75
128.75
129.5
129.5
129.0
129.0
128.25
128.25
128.75
128.75
128.75
128.75
128.75
128.75
129.0
128.75
129.0
129.0
129.0
129.0
129.0
129.0
129.0
129.0
129.0
128.75
128.75
129.0
129.0
129.0
130.0
130.0
130.0
130.0
129.5
129.5
130.0
130.0
129.5
129.5
129.75
129.75
129.25
129.25
128.5
128.5
127.5
127.5
128.0
128.0
127.5
127.5
127.0
127.0
128.0
128.0
128.5
128.5
128.5
129.0
129.0
129.5
129.5
129.75
129.75
130.5
130.5
130.5
130.5
130.5
130.5
130.5
130.5
130.5
130.5
130.5
130.5
130.5
130.5
130.5
131.25
131.25
131.25
130.0
130.0
130.25
130.25
130.5
130.5
130.75
130.75
130.75
130.75
130.5
130.25
130.25
130.25
130.25
130.25
130.25
130.25
130.25
130.5
130.5
130.5
126.75
126.75
126.75
128.0
128.0
127.75
127.75
126.5
126.5
126.75
126.75
126.25
126.5
126.5
126.5
127.25
127.25
126.5
126.5
126.75
126.75
127.25
128.5
128.5
128.5
128.5
128.5
128.75
128.75
128.0
128.0
127.25
127.25
127.25
127.25
126.5
126.0
126.0
128.0
128.0
129.5
129.5
129.25
129.25
129.0
129.0
128.5
128.75
128.75
128.5
128.5
129.0
129.0
130.5
130.5
129.0
129.0
131.75
131.75
128.75
128.75
129.0
129.25
129.25
128.75
129.0
129.0
129.0
128.0
128.0
128.5
128.5
129.0
129.0
129.0
130.25
130.25
130.5
129.5
129.5
127.75
129.5
129.5
130.75
130.75
130.75
130.75
130.75
130.75
130.5
129.5
129.5
130.25
130.25
130.25
130.25
129.5
129.5
129.25
130.25
130.25
130.25
131.25
131.25
132.0
132.0
129.75
129.75
130.5
130.5
130.25
129.25
129.25
129.25
129.5
129.5
129.5
130.75
130.75
129.5
129.5
130.75
130.75
130.75
131.0
131.0
130.75
130.75
130.75
130.75
130.75
130.75
130.75
127.30263157894737
123.85526315789474
120.40789473684211
116.96052631578948
113.51315789473685
110.0657894736842
106.61842105263158
103.17105263157895
99.72368421052632
96.27631578947368
92.82894736842105
89.38157894736842
85.9342105263158
82.48684210526316
79.03947368421053
75.59210526315789
72.14473684210526
68.69736842105263
65.25
65.25
65.25
65.0
65.0
65.0
65.0
65.0
65.0
65.0
65.0
64.75
65.0
65.0
64.75
77.95
91.15
104.35
117.55
130.75
130.75
129.0
129.0
129.0
128.5
128.5
130.5
132.75
132.75
132.75
132.75
132.75
132.75
132.75
133.0
133.0
133.0
133.0
133.5
132.75
132.75
132.75
132.0
132.0
132.0
132.0
132.75
132.75
132.25
132.25
133.5
133.5
133.5
133.5
133.5
133.5
134.0
134.0
132.25
132.25
133.5
133.0
133.0
133.0
133.0
132.0
132.0
133.0
133.0
133.0
133.0
133.0
133.0
133.0
133.0
132.75
132.75
132.75
132.75
132.75
131.75
130.75
129.75
128.75
127.75
127.75
126.75
126.75
126.25
126.25
126.25
126.5
126.5
127.25
127.25
128.5
128.5
128.5
128.5
128.25
128.25
128.25
128.25
128.0
128.0
128.25
128.25
128.5
128.5
128.0
128.0
128.75
129.0
129.0
129.5
129.5
129.75
129.5
129.5
130.75
130.75
130.75
130.75
130.25
130.25
130.5
130.5
130.5
130.25
130.25
130.25
130.25
128.75
128.75
127.5
127.5
127.25
127.25
128.5
128.5
127.75
127.75
128.25
129.0
129.0
128.0
128.0
129.0
129.0
129.0
129.0
128.25
128.25
128.5
128.5
128.5
128.5
128.75
128.75
129.5
129.5
131.0
130.75
130.75
130.75
130.75
130.75
130.75
129.75
129.75
126.5
126.5
124.75
124.75
124.75
124.75
124.75
124.75
123.75
123.75
123.0
123.0
124.5
124.5
125.25
125.25
125.25
125.25
125.25
125.75
125.75
126.0
126.0
126.25
126.25
127.0
127.0
126.0
126.75
126.75
127.0
127.0
126.75
126.75
126.0
126.0
125.5
125.5
125.0
125.0
126.0
126.0
125.75
125.75
126.0
125.25
125.25
125.25
125.25
125.75
125.75
124.75
124.75
124.75
124.75
125.0
125.0
124.75
124.75
124.75
124.75
125.0
125.0
125.75
125.75
125.75
126.25
126.25
126.25
126.25
126.25
127.25
127.25
127.25
127.25
127.25
127.25
127.25
127.25
127.5
127.5
127.5
127.5
127.25
127.16346153846153
127.07692307692308
126.99038461538461
126.90384615384616
126.8173076923077
126.73076923076923
126.64423076923077
126.5576923076923
126.47115384615384
126.38461538461539
126.29807692307692
126.21153846153847
126.125
126.03846153846153
125.95192307692308
125.86538461538461
125.77884615384616
125.6923076923077
125.60576923076923
125.51923076923077
125.4326923076923
125.34615384615384
125.25961538461539
125.17307692307692
125.08653846153847
125.0
124.75
124.75
125.25
125.25
125.25
125.25
125.5
125.5
125.75
125.75
125.75
125.75
125.5
125.5
125.25
125.25
125.25
125.25
124.5
124.5
124.75
124.75
125.75
125.75
126.25
126.25
126.25
126.25
126.25
127.25
127.25
128.0
128.0
127.25
127.25
128.0
128.0
128.0
128.0
128.25
128.25
128.25
128.25
127.75
127.75
128.0
128.0
128.75
128.75
129.0
129.25
129.25
129.5
129.5
129.75
129.75
128.5
128.5
128.25
128.25
128.0
128.0
126.75
126.75
126.5
126.5
126.5
126.75
127.25
127.25
127.25
129.0
129.0
128.25
128.25
130.25
130.25
130.25
130.25
129.0
129.5
129.5
129.5
129.5
128.5
128.5
128.5
126.25
126.25
125.25
125.25
124.0
124.0
124.0
124.0
124.25
124.25
123.5
123.5
123.5
123.5
123.5
123.5
123.75
123.75
124.0
124.0
124.25
124.25
123.5
124.0
124.0
123.5
123.5
124.25
124.25
124.5
124.5
124.5
124.5
124.25
124.25
124.5
124.5
124.5
124.5
122.75
122.75
122.75
122.75
123.0
123.0
122.75
122.0
122.0
122.25
122.25
122.25
122.0
122.0
123.0
123.0
123.0
123.5
123.5
124.0
124.0
124.0
124.0
124.0
124.0
124.0
124.5
124.5
124.0
124.0
123.75
123.75
123.5
123.5
121.25
121.25
120.0
120.0
121.5
121.5
121.5
121.5
121.75
121.75
122.25
122.25
123.0
123.0
125.25
125.25
123.5
123.5
122.75
122.75
122.75
122.75
122.75
122.75
122.75
122.75
120.75
120.75
118.25
118.25
117.0
117.0
116.5
116.5
117.25
117.25
118.0
118.0
119.25
119.25
119.75
119.75
120.25
120.25
120.25
120.25
120.0
120.0
120.0
120.0
120.75
120.75
121.75
121.75
121.75
121.75
121.0
121.0
121.0
121.0
123.5
122.0
122.0
120.0
120.0
120.0
121.0
121.75
121.75
121.75
121.75
121.0
121.0
121.75
121.75
122.5
122.5
123.0
123.0
123.5
123.5
124.25
124.25
125.0
125.0
125.25
125.25
126.5
126.5
127.25
127.5
127.5
128.5
128.5
129.5
129.5
130.25
130.25
131.25
132.75
132.75
132.75
132.75
135.0
135.0
135.0
135.0
134.75
135.0
135.0
135.0
136.75
137.25
137.25
137.5
137.5
137.5
137.5
137.5
137.5
136.75
136.75
137.5
137.5
137.25
137.25
137.0
137.0
137.5
137.5
137.25
137.25
137.5
137.5
138.75
138.75
139.0
139.0
139.0
139.5
139.5
139.5
138.75
138.75
137.5
137.5
135.75
134.5
134.5
135.0
135.0
136.0
134.5
134.5
133.0
133.0
133.0
133.0
133.0
132.75
132.75
132.75
132.75
132.75
133.0
126.66666666666667
120.33333333333333
114.0
107.66666666666667
101.33333333333333
95.0
95.0
95.0
95.0
95.0
95.0
95.0
94.75
94.75
95.0
95.0
94.21428571428571
93.42857142857143
92.64285714285714
91.85714285714286
91.07142857142857
90.28571428571429
89.5
89.5
89.5
93.75
93.75
93.75
91.5
91.5
91.5
77.25
77.25
75.5
75.5
75.5
75.25
75.25
75.25
75.25
71.5
71.5
71.5
71.5
71.5
71.5
71.5
71.5
71.5
71.5
71.5
71.5
71.25
71.25
72.1875
73.125
74.0625
75.0
75.9375
76.875
77.8125
78.75
79.6875
80.625
81.5625
82.5
83.4375
84.375
85.3125
86.25
87.1875
88.125
89.0625
90.0
90.9375
91.875
92.8125
93.75
94.6875
95.625
96.5625
97.5
98.4375
99.375
100.3125
101.25
102.1875
103.125
104.0625
105.0
105.9375
106.875
107.8125
108.75
108.75
108.75
109.5
109.5
109.5
109.5
109.5
109.5
109.5
109.5
109.5
109.5
109.5
109.5
109.5
109.25
109.25
109.25
105.81818181818181
102.38636363636364
98.95454545454545
95.52272727272728
92.0909090909091
88.6590909090909
85.22727272727273
81.79545454545455
78.36363636363636
74.93181818181819
71.5
71.5
71.5
72.0
72.0
72.0
72.0
72.0
72.0
72.0
72.0
73.5
73.5
73.5
75.75
75.75
75.75
73.25
73.25
72.75
72.75
73.0
73.0
73.0
77.25
77.25
74.0
74.0
74.0
73.75
73.75
73.75
74.75
74.75
74.75
75.0
75.0
75.25
75.25
75.25
74.5
74.5
74.5
75.75
75.75
75.75
76.5
76.5
76.0
76.0
76.0
76.0
77.75
77.75
77.75
77.75
77.75
78.25
78.25
76.0
76.0
76.0
76.0
76.0
78.75
78.75
78.0
78.0
78.0
73.0
73.0
73.0
73.0
73.0
73.0
73.0
73.0
73.0
72.75
72.75
72.75
74.05263157894737
75.35526315789474
76.65789473684211
77.96052631578948
79.26315789473684
80.5657894736842
81.86842105263158
83.17105263157895
84.47368421052632
85.77631578947368
87.07894736842105
88.38157894736842
89.6842105263158
90.98684210526315
92.28947368421052
93.59210526315789
94.89473684210526
96.19736842105263
97.5
97.5
97.5
97.5
97.5
97.25
97.25
97.25
97.25
97.25
97.25
97.25
97.25
97.25
99.04166666666667
100.83333333333333
102.625
104.41666666666667
106.20833333333333
108.0
108.0
108.0
108.0
107.5
107.5
107.0
107.0
105.5
104.0
104.0
104.0
103.0
103.0
101.75
101.75
102.0
102.0
104.75
104.75
108.0
108.0
107.5
107.5
108.5
108.5
108.25
108.25
108.75
108.75
110.25
110.25
112.0
112.0
111.75
111.75
111.75
111.75
111.75
112.0
112.0
112.25
112.25
113.25
113.25
112.5
112.5
109.25
109.25
110.0
110.0
110.0
113.25
114.25
114.25
114.25
114.5
114.5
113.5
113.5
112.5
112.5
113.25
113.25
114.75
114.75
114.75
113.0
113.0
114.5
114.5
114.5
114.25
114.25
115.5
115.5
117.0
117.0
117.0
116.75
116.75
115.25
115.25
115.5
115.5
114.0
114.0
114.5
114.5
114.75
114.75
115.5
115.5
114.25
114.25
114.25
114.75
114.25
114.25
113.0
113.0
112.75
112.75
112.75
112.75
112.75
112.75
112.75
112.25
112.25
114.0
114.0
114.0
112.25
112.25
112.75
112.75
113.0
113.0
113.25
113.25
113.5
113.5
112.25
112.25
112.25
109.5
112.0
112.0
112.0
112.0
112.0
111.75
111.75
111.75
111.75
112.0
112.0
120.0
120.0
118.5
118.5
116.5
116.5
116.0
116.0
113.75
113.75
113.75
110.0
110.0
110.0
110.0
110.75
110.75
112.0
112.0
113.25
113.25
113.5
113.5
113.5
113.5
113.25
113.25
114.25
114.25
114.25
114.0
114.0
114.0
114.0
114.75
114.75
114.75
114.75
113.5
113.5
114.5
114.5
115.5
115.5
115.25
115.25
115.25
115.25
115.75
115.75
115.75
116.75
118.25
118.25
118.75
118.75
120.75
120.75
121.0
121.0
121.25
121.25
121.0
121.0
121.5
121.5
121.5
117.25
117.25
115.75
115.75
113.25
113.25
112.75
112.75
112.75
112.75
112.75
112.75
112.5
112.5
114.5
114.5
116.75
116.75
119.0
119.0
118.75
118.75
120.0
120.0
119.25
119.25
117.75
117.75
118.5
118.5
117.75
117.75
116.5
116.5
114.75
114.75
112.5
112.5
112.25
112.25
112.5
112.5
113.0
113.0
113.25
113.25
114.0
114.0
114.5
114.5
114.25
114.25
114.25
115.0
115.0
116.75
116.75
118.5
118.5
118.75
120.0
120.0
120.0
120.0
120.0
118.75
118.75
116.75
116.75
116.75
117.0
117.0
117.5
117.5
116.75
116.75
116.75
116.75
117.5
117.5
117.5
117.5
115.5
115.5
117.5
117.5
118.75
118.75
119.0
119.0
118.0
118.0
114.75
114.75
116.0
116.0
116.0
115.75
116.0
116.0
115.0
115.0
114.75
114.75
114.75
116.5
116.5
118.25
120.0
120.0
121.75
121.75
121.75
121.5
121.75
121.75
120.5
120.5
120.25
120.25
120.25
118.0
118.0
116.75
116.75
116.75
117.5
117.5
117.5
115.5
115.5
115.0
115.0
115.5
115.5
115.0
115.0
117.75
117.75
117.75
117.75
117.5
117.5
117.75
117.75
118.5
118.5
118.5
118.75
118.75
117.75
117.5
117.5
116.75
116.75
115.5
115.5
115.75
115.75
115.25
115.25
115.25
115.75
115.75
117.25
117.25
118.5
118.5
119.75
119.75
118.75
118.75
119.5
119.5
117.0
117.0
113.0
113.0
112.75
112.75
112.75
112.75
112.75
112.75
112.75
112.75
112.75
112.75
112.75
112.75
113.0
113.0
113.0
113.0
112.91935483870968
112.83870967741936
112.75806451612904
112.6774193548387
112.59677419354838
112.51612903225806
112.43548387096774
112.35483870967742
112.2741935483871
112.19354838709677
112.11290322580645
112.03225806451613
111.95161290322581
111.87096774193549
111.79032258064517
111.70967741935483
111.62903225806451
111.54838709677419
111.46774193548387
111.38709677419355
111.30645161290323
111.2258064516129
111.14516129032258
111.06451612903226
110.98387096774194
110.90322580645162
110.8225806451613
110.74193548387096
110.66129032258064
110.58064516129032
110.5
110.5
110.5
110.5
110.5
111.25
111.25
112.25
112.25
113.0
113.0
113.25
113.25
114.25
114.25
115.0
115.0
115.0
115.75
115.75
115.75
115.75
115.75
115.75
116.25
116.25
114.5
114.5
115.25
115.25
115.75
115.75
117.5
117.5
118.0
118.0
118.75
118.75
118.75
118.75
120.0
120.0
121.75
121.75
122.25
120.75
120.75
120.75
120.75
120.75
120.75
120.75
120.75
120.75
120.75
120.75
120.75
121.0
121.0
120.75
120.75
119.65
118.55
117.45
116.35
115.25
115.25
115.75
115.75
116.0
116.0
116.0
116.25
116.25
116.25
117.75
117.75
119.25
119.25
120.75
120.75
122.0
122.0
123.5
123.5
123.25
123.25
124.0
124.0
124.25
124.25
123.0
123.0
122.25
122.25
122.25
120.75
120.75
122.0
122.0
121.5
121.5
120.0
120.0
119.0
119.0
118.0
118.0
117.25
117.25
118.5
118.5
119.5
119.5
121.0
121.0
120.25
120.25
119.5
119.5
120.75
120.75
120.75
120.75
120.25
120.25
120.0
120.0
120.0
120.0
120.5
120.5
120.0
120.0
120.75
120.75
121.0
121.0
121.0
121.0
121.5
121.5
121.25
121.25
121.0
121.0
122.0
122.0
122.0
122.75
122.75
122.75
122.75
121.75
121.75
121.75
120.75
120.25
120.25
121.0
121.0
121.0
121.0
121.75
121.75
122.75
122.75
124.0
124.0
124.25
124.25
123.5
123.5
123.5
123.5
122.5
122.5
123.5
123.5
124.5
124.5
124.5
124.5
124.0
124.0
123.0
123.0
122.25
122.25
123.5
123.5
123.5
123.5
123.0
123.0
123.0
122.75
122.75
122.75
123.0
123.0
122.25
122.25
121.75
121.75
122.0
122.0
121.0
121.0
120.0
120.0
121.0
121.0
121.75
121.75
123.25
123.25
123.5
123.5
124.25
123.25
123.25
122.25
122.25
122.25
122.5
122.5
120.75
120.75
122.5
122.5
121.5
121.5
121.75
121.75
122.5
122.5
122.25
122.25
122.25
122.25
122.25
122.25
122.5
122.5
122.5
122.5
120.75
120.75
120.0
120.0
120.75
120.75
120.5
120.5
120.25
120.25
120.75
120.75
120.75
120.75
121.25
121.25
121.75
121.75
120.75
120.25
120.25
119.25
119.25
121.5
121.5
121.25
121.25
120.75
120.75
120.75
120.75
120.75
120.75
120.75
120.75
120.75
120.75
122.25
122.25
121.75
121.75
121.5
121.5
122.25
122.25
124.0
124.0
124.0
124.0
123.5
122.5
122.5
121.25
121.25
120.5
120.5
120.0
120.0
119.0
119.0
119.0
119.0
119.5
119.5
118.5
118.5
118.5
118.75
118.75
119.75
119.75
119.75
120.5
120.5
122.5
122.5
123.0
123.0
122.75
122.75
123.25
123.25
123.5
123.5
123.0
123.0
123.0
123.5
123.5
123.5
123.5
123.5
123.25
123.25
123.25
123.25
120.25
120.25
120.75
120.75
120.25
120.25
119.75
119.75
120.25
120.25
120.25
120.25
120.0
120.0
121.5
121.5
122.75
122.75
122.75
122.75
122.75
122.75
122.75
122.75
123.0
123.0
123.0
123.0
123.5
123.75
123.75
123.75
122.5
122.5
119.0
119.0
118.25
118.25
118.75
118.75
120.25
120.25
120.75
120.75
121.25
122.0
122.0
122.75
122.75
122.25
122.25
122.5
122.5
122.25
122.25
124.5
124.5
125.25
125.25
125.25
125.25
125.25
125.25
125.5
125.5
125.25
125.25
123.5
123.5
121.5
121.5
121.0
121.0
120.75
120.75
120.5
120.5
120.75
120.75
121.5
121.5
122.75
122.75
123.25
123.25
123.25
123.0
123.0
123.5
123.5
123.75
123.75
122.75
122.75
122.25
122.25
121.0
121.0
119.75
119.75
119.5
119.5
119.75
119.75
120.0
120.0
121.5
121.5
121.5
121.5
122.25
122.25
122.25
122.25
121.5
121.5
122.25
122.25
122.0
122.0
121.75
121.75
122.75
122.75
122.75
122.75
123.25
123.25
123.25
123.25
122.75
122.75
120.0
120.0
121.5
121.5
121.5
121.5
121.5
121.5
122.0
122.0
122.25
122.25
123.0
123.0
122.25
122.75
122.75
122.0
122.0
122.0
122.0
122.0
121.0
121.0
121.0
121.0
121.0
121.5
121.5
122.25
122.25
123.0
123.0
123.0
123.0
123.0
123.0
123.0
123.0
123.0
123.0
122.75
122.75
121.75
121.75
121.0
121.0
121.25
121.25
120.75
120.75
121.75
121.75
121.5
121.5
121.5
121.5
121.5
121.5
121.25
121.25
121.25
121.25
121.5
121.5
120.75
120.75
120.25
120.25
121.25
121.25
123.0
123.0
123.5
123.5
123.0
123.0
122.5
122.5
122.75
122.75
122.75
122.75
123.5
123.5
121.75
121.75
120.75
120.75
120.75
120.75
120.75
120.75
120.0
120.0
121.75
121.75
120.5
120.5
119.25
119.25
119.5
119.5
120.0
120.0
119.75
119.75
120.75
120.75
121.5
121.5
121.5
121.75
121.75
121.5
121.5
120.75
120.75
120.0
120.0
120.0
119.5
119.5
119.5
120.0
120.0
120.0
119.5
120.25
120.25
121.0
121.0
120.25
120.25
120.25
120.25
120.75
120.75
121.5
121.5
121.75
121.75
121.5
121.5
121.0
121.0
120.75
120.75
119.75
119.75
119.75
119.5
119.5
120.75
120.75
122.5
122.75
122.75
123.5
123.5
124.5
124.5
124.5
124.5
123.5
123.5
123.5
123.5
121.75
121.75
119.25
119.25
118.5
118.5
118.75
118.75
118.75
118.75
119.5
119.5
119.5
119.5
119.75
119.75
119.5
119.5
119.5
119.5
119.5
119.5
118.0
118.0
117.25
117.25
116.5
116.5
117.75
117.75
117.25
117.25
117.0
117.0
119.25
119.25
117.75
117.75
118.5
118.5
119.75
119.75
118.5
118.5
119.25
119.25
118.75
118.75
119.0
119.0
119.0
119.0
118.75
118.75
118.25
118.25
118.75
118.75
119.5
119.5
120.75
120.75
121.25
121.25
122.25
122.25
121.75
121.75
121.5
121.5
120.0
120.0
117.25
117.25
116.5
116.5
116.5
114.75
114.75
116.0
116.0
116.75
116.75
117.25
117.25
119.25
119.25
121.25
122.5
122.5
122.75
122.75
123.25
123.25
123.25
123.25
123.0
123.0
123.0
121.75
121.75
126.25
126.25
127.0
127.0
127.75
127.75
127.75
127.75
127.75
127.75
127.75
127.75
127.75
128.0
128.0
128.0
128.0
129.0
129.0
129.0
128.75
128.75
128.75
129.0
129.0
128.75
129.0
129.0
