142.75
143.5
143.5
142.75
144.25
144.25
141.5
141.5
142.75
142.75
141.5
140.75
140.75
141.5
141.5
142.75
142.25
142.25
139.0
139.0
138.25
138.25
138.25
138.25
138.25
138.25
138.25
137.5
139.5
139.5
139.5
139.5
139.0
139.0
137.5
139.0
139.0
138.25
138.25
139.5
139.5
140.25
137.5
137.5
134.0
134.0
135.25
135.25
133.25
132.25
132.25
131.5
131.5
125.5
125.5
137.0
137.0
138.25
136.25
136.25
137.0
137.0
135.75
135.75
132.75
132.75
131.0
135.25
135.25
131.0
131.0
136.25
136.25
137.5
139.5
139.5
140.25
140.25
138.25
138.25
137.5
139.0
139.0
137.5
137.5
136.25
136.25
135.25
137.5
137.5
135.25
135.25
137.0
137.0
135.25
135.25
135.25
139.5
139.5
140.25
140.25
141.5
136.25
136.25
139.5
139.5
140.25
140.25
140.25
140.75
140.75
142.75
142.75
142.75
144.25
144.25
145.0
145.0
145.0
145.0
145.0
146.25
147.0
147.0
147.0
148.5
149.25
150.0
150.0
150.0
149.25
149.25
150.0
150.0
151.5
150.75
150.75
148.5
148.5
148.5
148.5
143.5
144.25
143.5
143.5
146.25
146.25
146.25
146.25
146.25
142.75
142.75
146.25
143.5
143.5
140.25
140.25
135.25
135.25
139.5
142.25
142.25
143.5
143.5
141.5
144.25
144.25
145.0
145.0
145.75
146.25
146.25
142.75
142.75
142.25
139.5
139.5
141.5
141.5
142.25
140.25
140.25
143.5
143.5
143.5
142.75
142.75
145.0
145.0
142.25
142.75
142.75
144.25
144.25
140.75
140.75
142.75
140.75
140.75
140.75
140.75
141.5
142.75
142.75
143.5
143.5
145.0
145.0
145.0
144.25
144.25
144.25
144.25
145.75
144.25
144.25
147.75
147.75
147.75
147.75
148.5
148.5
150.0
150.0
150.0
150.0
150.0
151.5
153.0
153.0
153.0
153.0
153.75
154.75
154.75
155.5
154.75
154.75
156.25
155.5
155.5
156.25
157.0
157.0
158.0
158.0
158.0
160.5
159.5
159.5
162.25
161.25
161.25
160.5
163.0
163.0
164.0
163.0
163.0
164.75
164.75
164.0
164.0
164.0
164.0
164.0
164.75
164.0
164.0
164.0
165.75
165.75
166.75
169.5
169.5
170.5
171.5
170.5
170.5
169.5
168.5
168.5
168.5
168.5
168.5
167.5
168.5
168.5
168.5
168.5
167.5
167.5
165.75
164.0
164.0
167.5
167.5
167.5
167.5
167.5
166.75
166.75
167.5
166.75
166.75
167.5
166.75
166.75
165.75
166.75
166.75
166.75
166.75
165.75
165.75
164.75
165.75
165.75
165.75
166.75
166.75
165.75
166.75
166.75
166.75
166.75
167.5
167.5
168.5
167.5
167.5
168.5
169.5
169.5
169.5
168.5
169.5
169.5
169.5
169.5
170.5
170.5
170.5
169.5
169.5
170.5
169.5
169.5
170.5
168.5
169.5
169.5
169.5
169.5
169.5
169.5
170.5
169.5
169.5
171.5
172.5
172.5
170.5
170.5
170.5
170.5
170.5
170.5
170.5
171.5
169.5
169.5
170.5
167.5
160.5
160.5
155.5
155.5
155.5
154.75
154.75
153.75
155.5
155.5
157.0
158.75
158.75
160.5
162.25
162.25
163.0
165.75
165.75
166.75
168.5
168.5
168.5
167.5
169.5
169.5
169.5
171.5
172.5
172.5
173.5
173.5
173.5
174.5
173.5
172.5
172.5
171.5
168.5
168.5
165.75
164.75
164.75
164.75
166.75
166.75
166.75
167.5
164.75
164.75
166.75
168.5
168.5
169.5
169.5
169.5
169.5
165.75
158.75
158.75
150.0
150.0
139.5
139.5
121.5
121.5
129.75
135.25
135.25
138.25
138.25
140.25
140.75
140.75
145.0
145.0
146.25
149.25
149.25
149.25
149.25
150.75
147.75
147.75
147.0
147.0
147.0
147.0
147.0
147.0
148.5
148.5
149.25
149.25
148.5
144.25
144.25
143.5
143.5
143.5
148.5
148.5
150.75
151.5
151.5
154.75
155.5
155.5
157.0
157.0
158.0
160.5
160.5
158.0
158.0
158.0
153.75
145.0
145.0
134.0
134.0
122.0
122.0
112.25
112.25
114.5
114.5
126.0
126.0
131.0
131.0
137.0
139.5
139.5
140.25
140.25
140.75
140.75
140.75
141.5
141.5
136.25
136.25
140.25
140.25
135.75
133.25
133.25
136.25
136.25
137.0
137.0
139.5
142.75
142.75
143.5
143.5
142.75
143.5
143.5
147.0
147.0
146.25
147.75
147.75
145.75
145.75
145.75
145.0
145.0
145.75
145.0
145.0
145.75
145.75
146.25
147.75
147.75
147.0
147.0
144.25
145.75
145.75
147.0
147.0
146.25
147.0
147.0
147.75
149.25
149.25
148.5
148.5
150.0
150.75
150.75
152.25
154.75
154.75
155.5
157.0
157.0
159.5
161.25
161.25
160.5
160.5
162.25
159.5
163.0
163.0
164.0
164.75
164.75
166.75
167.5
167.5
168.5
169.5
169.5
169.5
166.75
165.75
165.75
167.5
167.5
167.5
166.75
167.5
166.75
166.75
165.75
164.0
164.0
163.0
157.0
157.0
156.25
156.25
150.75
146.25
146.25
143.5
143.5
139.5
138.25
138.25
136.25
136.25
137.0
137.0
132.75
135.25
135.25
132.75
132.75
134.0
134.0
134.0
134.0
132.25
131.5
131.5
131.0
131.0
132.25
132.25
132.75
132.75
135.25
137.0
137.0
140.25
140.25
141.5
143.5
143.5
142.75
142.75
144.25
145.0
145.0
145.0
145.0
147.75
148.5
148.5
150.0
150.0
152.25
153.0
153.0
156.25
155.5
155.5
158.0
158.0
158.0
158.75
158.0
158.0
158.75
158.75
158.75
159.5
158.75
158.75
158.0
158.0
158.0
158.75
158.0
158.0
158.0
157.0
157.0
157.0
154.75
154.75
156.25
156.25
156.25
154.75
154.75
156.25
154.75
154.75
153.75
153.0
153.0
153.75
153.75
149.25
149.25
149.25
149.25
149.25
149.25
148.5
148.5
148.5
149.25
149.25
150.0
147.75
147.75
150.0
150.0
150.0
150.75
150.75
149.25
149.25
149.25
150.75
150.75
151.5
150.75
150.75
151.5
150.75
150.75
152.25
152.25
152.25
153.0
153.0
153.0
153.0
153.0
151.5
153.0
153.0
153.0
153.0
153.0
153.0
153.0
154.75
153.0
153.0
153.0
151.5
151.5
153.0
152.25
152.25
150.75
150.75
153.0
152.25
152.25
153.0
152.25
152.25
153.0
152.25
152.25
151.5
151.5
151.5
150.75
150.75
150.75
147.75
147.75
149.25
149.25
148.5
148.5
148.5
147.0
147.0
150.0
148.5
148.5
148.5
150.0
150.0
149.25
149.25
149.25
149.25
150.75
150.75
149.25
149.25
150.0
150.0
150.75
150.75
150.75
150.75
150.75
150.75
151.5
151.5
148.5
147.75
147.75
148.5
147.0
147.0
146.25
146.25
145.0
145.0
142.75
146.25
146.25
144.25
145.0
145.0
146.25
146.25
147.0
147.0
147.0
147.75
147.75
148.5
149.25
149.25
150.75
151.5
151.5
150.0
150.0
146.25
148.5
148.5
143.5
147.0
147.0
146.25
146.25
147.0
148.5
148.5
147.75
147.75
150.0
148.5
148.5
149.25
150.0
150.0
145.0
145.0
150.0
150.75
150.75
151.5
151.5
151.5
153.0
153.0
153.0
153.0
153.0
153.75
153.75
153.75
153.75
153.75
153.75
153.75
154.75
154.75
153.75
153.75
155.5
151.5
151.5
151.5
153.75
153.75
153.0
153.0
151.5
152.25
152.25
152.25
150.75
150.0
149.25
150.0
150.0
147.75
147.75
149.25
147.75
147.75
149.25
150.0
150.0
150.75
150.75
150.75
150.75
150.75
150.75
150.75
150.75
150.0
150.0
150.0
149.25
149.25
149.25
150.0
150.0
149.25
149.25
149.25
151.5
150.0
150.75
151.5
151.5
151.5
151.5
152.25
150.75
150.75
152.25
153.0
153.0
153.0
152.25
152.25
152.25
152.25
153.0
151.5
151.5
152.25
148.5
148.5
149.25
149.25
150.0
150.0
150.0
148.5
145.75
145.75
147.0
147.0
148.5
148.5
148.5
147.75
147.75
150.0
150.0
150.0
150.0
149.25
149.25
150.75
150.75
149.25
150.75
150.75
150.0
150.75
150.75
149.25
149.25
148.5
150.0
150.0
147.75
148.5
148.5
147.0
147.0
145.75
145.75
145.75
145.75
145.75
147.0
148.5
148.5
148.5
148.5
148.5
148.5
148.5
149.25
148.5
148.5
147.75
147.75
147.75
145.75
145.75
142.25
142.25
144.25
143.5
143.5
145.0
147.0
147.0
147.0
147.0
148.5
150.0
150.0
149.25
149.25
150.75
150.0
150.0
148.5
149.25
149.25
150.0
150.0
150.0
146.25
146.25
146.25
148.5
148.5
149.25
149.25
148.5
147.75
147.75
148.5
148.5
150.0
148.5
148.5
150.0
150.0
150.0
150.75
150.75
149.25
149.25
149.25
150.0
149.25
149.25
149.25
149.25
148.5
149.25
149.25
148.5
145.75
145.75
143.5
143.5
146.25
145.0
145.0
144.25
144.25
145.75
144.25
144.25
145.75
145.75
142.25
145.75
145.75
143.5
143.5
145.0
142.75
142.75
142.75
142.75
143.5
143.5
143.5
141.5
141.5
142.25
144.25
144.25
144.25
144.25
145.0
142.25
142.25
142.75
142.75
144.25
143.5
143.5
144.25
144.25
145.75
145.75
145.75
145.0
145.0
146.25
144.25
144.25
145.0
145.0
145.75
145.75
145.75
142.25
142.25
139.0
140.25
140.25
137.5
137.5
139.0
139.0
140.25
140.25
140.25
140.75
140.75
140.75
141.5
142.75
144.25
144.25
144.25
147.0
147.0
145.0
145.0
145.75
145.75
145.75
144.25
144.25
141.5
142.75
142.75
142.25
142.25
144.25
145.0
145.0
146.25
146.25
146.25
148.5
148.5
149.25
149.25
150.75
152.25
152.25
153.0
155.5
155.5
157.0
155.5
155.5
153.75
147.75
147.75
142.25
142.25
142.25
138.25
139.5
138.25
138.25
137.5
137.5
138.25
138.25
140.75
141.5
141.5
143.5
143.5
142.75
140.75
140.75
137.0
137.0
137.5
140.75
140.75
145.0
145.0
147.0
147.75
147.75
148.5
148.5
150.75
152.25
152.25
153.0
153.0
153.0
149.25
149.25
145.0
145.0
145.0
145.0
144.25
147.0
148.5
148.5
150.75
152.25
152.25
154.75
156.25
156.25
158.75
161.25
161.25
160.5
158.75
158.75
155.5
155.5
153.75
153.75
154.75
156.25
157.0
157.0
159.5
159.5
159.5
158.75
158.75
158.75
163.0
163.0
164.0
164.75
162.25
162.25
157.0
149.25
149.25
149.25
145.0
147.75
150.0
150.0
150.75
152.25
152.25
151.5
153.75
153.75
151.5
151.5
148.5
145.0
145.0
143.5
143.5
137.5
137.0
137.0
137.5
137.5
139.5
139.5
140.25
140.75
140.75
140.75
141.5
145.0
147.75
147.75
147.75
147.75
147.75
152.25
152.25
152.25
153.0
153.0
153.75
156.25
156.25
158.0
160.5
160.5
160.5
161.25
161.25
159.5
159.5
159.5
158.75
158.75
158.75
160.5
161.25
161.25
162.25
162.25
162.25
161.25
163.0
163.0
163.0
164.75
164.75
164.75
160.5
159.5
158.0
158.0
158.0
158.0
158.0
158.0
151.5
152.25
152.25
153.75
153.75
154.75
157.0
157.0
159.5
158.75
158.75
158.75
158.0
158.0
156.25
153.75
153.75
147.75
147.75
142.25
142.25
142.25
145.0
145.0
144.25
140.75
140.75
139.5
139.5
143.5
140.75
140.75
142.25
142.25
141.5
140.25
140.25
140.75
140.75
141.5
141.5
139.0
138.25
138.25
138.25
138.25
142.25
141.5
141.5
142.75
142.75
143.5
142.25
142.25
143.5
143.5
140.75
142.25
142.25
143.5
143.5
141.5
141.5
142.75
141.5
141.5
142.25
142.25
140.75
142.75
142.75
144.25
144.25
143.5
144.25
144.25
140.75
140.75
141.5
141.5
141.5
137.0
137.0
139.5
139.5
140.75
142.25
142.25
141.5
141.5
143.5
145.0
145.0
143.5
143.5
142.75
144.25
144.25
141.5
141.5
142.25
142.25
142.25
143.5
143.5
145.75
146.25
146.25
145.0
145.0
145.75
147.0
147.0
147.75
150.75
150.75
148.5
148.5
150.75
150.0
150.0
150.75
150.75
147.75
147.0
147.0
147.75
145.75
145.75
148.5
148.5
150.75
150.75
150.75
150.75
150.75
150.75
151.5
151.5
152.25
152.25
152.25
153.75
153.0
153.0
153.0
153.75
153.75
153.0
153.0
153.75
153.75
153.75
155.5
154.75
154.75
154.75
155.5
155.5
154.75
155.5
155.5
156.25
157.0
157.0
157.0
158.0
158.0
158.0
158.0
158.0
158.0
158.0
157.0
156.25
156.25
153.75
153.0
153.0
152.25
153.75
153.75
153.0
153.0
152.25
153.75
153.75
153.75
153.75
153.75
154.75
153.75
153.75
153.75
152.25
152.25
150.75
150.75
148.5
150.0
150.0
149.25
149.25
149.25
149.25
149.25
148.5
148.5
148.5
150.75
150.75
149.25
150.0
150.0
150.75
151.5
151.5
151.5
152.25
152.25
153.0
153.0
153.0
153.0
153.0
153.75
154.75
154.75
154.75
155.5
155.5
155.5
155.5
155.5
155.5
155.5
155.5
155.5
155.5
155.5
155.5
155.5
154.75
155.5
155.5
154.75
155.5
155.5
153.75
155.5
155.5
155.5
155.5
156.25
157.0
157.0
154.75
156.25
156.25
155.5
155.5
155.5
152.25
151.5
151.5
150.75
150.75
147.0
150.0
150.0
148.5
150.75
150.75
145.75
145.75
150.0
150.75
150.75
151.5
150.0
150.0
150.0
150.0
149.25
148.5
148.5
148.5
148.5
149.25
147.0
147.0
147.0
142.75
142.75
145.75
145.75
145.75
146.25
146.25
145.75
145.75
145.75
145.75
145.75
145.75
145.75
144.25
144.25
144.25
144.25
144.25
145.0
145.0
145.0
140.75
140.75
142.75
145.0
145.0
140.75
140.75
142.25
142.75
142.75
145.0
145.0
144.25
144.25
144.25
144.25
144.25
140.75
145.75
145.75
140.75
140.75
141.5
144.25
144.25
143.5
143.5
142.25
142.25
142.75
143.5
143.5
142.25
142.25
142.75
142.75
142.75
144.25
144.25
145.0
144.25
144.25
145.0
145.0
145.0
146.25
146.25
147.0
145.75
145.75
142.75
142.75
144.25
145.0
145.0
145.0
145.0
145.0
142.75
142.75
145.0
145.0
144.25
140.25
140.25
139.5
139.5
141.5
141.5
139.5
139.5
139.5
137.5
137.5
138.25
138.25
138.25
138.25
138.25
138.25
138.25
140.25
142.75
142.75
141.5
141.5
142.75
145.0
145.0
145.75
145.75
143.5
143.5
143.5
144.25
144.25
146.25
147.0
147.0
147.0
147.0
147.75
147.0
147.0
147.0
147.0
147.75
148.5
148.5
150.0
150.0
150.0
152.25
152.25
152.25
151.5
151.5
151.5
149.25
150.75
150.75
150.0
150.0
150.0
150.0
150.0
151.5
152.25
151.5
151.5
151.5
150.75
150.75
149.25
139.0
139.0
131.0
131.0
132.25
132.25
137.5
137.5
137.0
137.0
137.0
137.5
137.5
136.25
136.25
132.75
135.25
135.25
136.25
136.25
135.75
135.75
136.25
136.25
136.25
131.0
131.0
131.5
131.5
131.0
131.0
134.5
137.0
137.0
137.5
137.5
138.25
138.25
139.0
139.5
139.5
139.0
139.0
136.25
136.25
134.5
137.5
137.5
134.0
134.0
132.25
132.25
131.5
131.5
132.75
135.75
135.75
135.75
135.75
136.25
136.25
138.25
139.5
139.5
140.75
140.75
140.25
140.25
140.25
140.25
140.25
141.5
141.5
142.75
145.0
145.0
141.5
141.5
145.0
144.25
144.25
142.25
142.25
144.25
146.25
146.25
145.0
145.0
145.0
145.75
145.75
147.0
148.5
148.5
147.75
147.75
150.0
150.0
150.0
149.25
149.25
149.25
150.0
150.0
147.0
147.75
147.75
147.0
147.0
146.25
146.25
146.25
145.0
146.25
146.25
146.25
146.25
147.75
147.75
147.75
146.25
146.25
147.0
147.0
147.0
147.75
147.75
145.0
146.25
146.25
145.75
145.75
145.75
144.25
144.25
145.0
145.75
145.75
145.0
145.0
146.25
147.0
147.0
144.25
144.25
145.75
141.5
141.5
143.5
143.5
140.75
143.5
143.5
141.5
141.5
142.75
144.25
144.25
145.0
145.0
143.5
144.25
144.25
144.25
144.25
142.75
142.75
140.25
142.25
142.25
142.25
142.25
143.5
141.5
141.5
141.5
141.5
141.5
140.75
140.75
140.75
140.75
139.5
139.5
140.75
142.25
142.25
142.75
142.75
143.5
143.5
143.5
145.75
145.75
145.75
147.0
147.0
147.0
145.0
145.0
142.75
142.75
142.25
142.75
142.75
143.5
143.5
142.75
142.75
140.25
140.75
140.75
140.75
140.75
140.25
142.25
142.25
144.25
144.25
144.25
145.75
145.75
141.5
141.5
146.25
146.25
146.25
145.75
145.75
145.0
145.75
145.75
146.25
146.25
145.75
145.75
145.75
143.5
143.5
143.5
142.25
142.25
141.5
141.5
145.75
145.0
145.0
145.0
145.0
144.25
145.0
145.0
145.75
145.75
145.0
145.75
145.75
146.25
145.75
145.75
147.0
147.0
147.75
147.0
147.0
148.5
148.5
147.75
146.25
146.25
147.75
149.25
149.25
147.75
147.75
148.5
149.25
149.25
148.5
148.5
146.25
147.0
147.0
148.5
147.75
147.75
147.75
147.75
148.5
148.5
148.5
145.0
145.0
147.0
146.25
146.25
142.25
142.25
145.75
146.25
146.25
145.75
146.25
146.25
145.0
145.0
147.0
145.75
145.75
147.0
147.0
148.5
146.25
146.25
145.75
145.75
145.75
145.75
145.75
145.75
145.75
147.0
145.75
145.75
143.5
146.25
146.25
147.0
147.0
147.0
147.0
147.0
142.75
142.75
145.75
146.25
146.25
146.25
146.25
147.0
147.75
147.75
147.75
148.5
148.5
147.75
147.75
147.75
147.75
147.75
148.5
148.5
149.25
147.0
147.0
147.75
146.25
146.25
145.0
145.0
144.25
141.5
141.5
144.25
144.25
145.0
143.5
143.5
145.0
145.0
143.5
145.0
145.0
145.0
145.0
145.75
145.75
145.75
145.0
145.0
145.0
147.0
147.0
145.0
145.0
145.75
142.25
142.25
145.0
145.0
142.25
145.0
145.0
145.0
145.0
145.75
145.0
145.0
145.75
145.75
147.0
147.0
147.0
147.0
147.0
145.0
146.25
146.25
145.0
146.25
146.25
142.75
142.75
146.25
145.75
145.75
145.75
145.75
145.75
145.0
145.0
146.25
146.25
146.25
147.0
147.0
142.75
142.75
144.25
146.25
146.25
145.0
145.0
145.75
145.0
145.0
144.25
144.25
145.0
143.5
143.5
145.75
145.75
143.5
145.0
145.0
144.25
144.25
145.0
146.25
146.25
145.75
144.25
144.25
145.75
145.75
145.0
145.0
145.0
144.25
144.25
146.25
145.75
145.75
147.0
147.0
145.75
147.0
147.0
146.25
146.25
147.75
147.0
147.0
147.75
147.0
147.0
146.25
146.25
146.25
147.0
147.0
147.0
147.0
145.75
147.75
147.75
147.0
147.0
147.0
147.0
147.0
148.5
143.5
143.5
147.0
147.0
147.0
146.25
146.25
147.0
147.0
144.25
144.25
144.25
140.75
140.75
142.25
139.5
139.5
142.75
142.75
142.25
142.75
142.75
143.5
143.5
142.75
142.75
142.75
144.25
144.25
141.5
141.5
144.25
143.5
143.5
144.25
144.25
144.25
143.5
143.5
145.0
145.0
144.25
145.0
145.0
139.0
139.0
142.25
144.25
144.25
142.75
142.75
138.25
140.75
140.75
140.25
140.25
141.5
141.5
141.5
142.25
142.25
142.75
142.75
143.5
144.25
144.25
144.25
144.25
144.25
143.5
143.5
142.25
142.25
137.5
142.75
142.75
142.75
142.75
142.25
141.5
141.5
137.5
137.5
136.25
136.25
139.0
139.0
139.0
139.0
139.0
140.25
137.0
137.0
139.0
139.0
139.0
139.0
140.25
140.75
140.75
140.25
140.25
141.5
142.75
142.75
141.5
141.5
143.5
143.5
140.75
142.25
142.25
143.5
143.5
142.25
140.75
140.75
138.25
138.25
138.25
138.25
136.25
140.25
140.25
140.25
140.25
137.0
139.5
139.5
139.0
139.0
139.0
139.0
139.5
140.75
140.75
139.0
139.0
140.25
139.0
139.0
138.25
138.25
137.5
137.5
140.75
139.5
139.5
140.25
140.25
141.5
141.5
141.5
140.75
140.75
142.25
142.25
142.25
140.75
140.75
141.5
141.5
142.75
142.75
142.75
140.25
140.25
143.5
142.75
142.75
142.75
142.75
143.5
143.5
143.5
143.5
143.5
142.25
142.75
142.75
144.25
144.25
143.5
143.5
143.5
142.75
142.75
144.25
143.5
143.5
143.5
143.5
143.5
142.75
142.75
142.75
142.75
142.25
142.25
142.75
141.5
141.5
142.25
142.25
142.25
143.5
143.5
142.75
142.75
143.5
138.25
138.25
142.25
142.25
140.25
139.0
139.0
138.25
138.25
136.25
136.25
136.25
137.0
137.0
137.0
137.0
137.5
137.5
132.75
132.75
134.0
135.25
135.25
135.75
135.75
136.25
136.25
137.5
138.25
138.25
137.0
137.0
139.0
139.0
139.0
137.5
137.5
139.5
139.5
138.25
138.25
139.5
139.5
139.5
140.25
140.25
140.25
139.5
139.5
140.75
140.75
140.25
140.75
140.75
137.5
137.5
140.25
140.25
139.5
140.25
140.25
140.25
140.25
140.75
140.75
140.75
142.25
142.25
140.75
140.75
142.25
140.75
140.75
142.25
142.25
140.75
141.5
141.5
138.25
138.25
140.75
140.75
140.75
140.25
140.25
140.25
140.25
140.75
141.5
141.5
141.5
141.5
142.25
140.75
140.75
142.75
142.75
142.25
140.75
140.75
140.75
140.75
138.25
138.25
139.5
140.75
140.75
141.5
141.5
141.5
141.5
141.5
141.5
141.5
142.25
142.25
142.25
142.25
142.25
142.75
142.75
142.75
142.25
142.25
142.75
142.75
142.75
142.75
142.75
141.5
141.5
142.25
140.25
140.25
137.5
137.5
140.25
140.25
139.5
137.0
137.0
137.0
137.0
137.5
137.5
138.25
138.25
138.25
139.0
139.0
139.5
138.25
138.25
140.25
140.25
140.75
140.75
140.25
140.75
140.75
141.5
141.5
140.25
140.75
140.75
141.5
141.5
142.25
142.25
140.75
140.25
140.25
141.5
141.5
140.25
141.5
141.5
141.5
141.5
141.5
141.5
141.5
141.5
141.5
142.25
141.5
141.5
142.25
142.25
140.75
140.75
142.25
141.5
141.5
140.25
140.25
139.5
140.75
140.75
139.0
139.0
139.5
139.5
139.5
140.75
140.75
137.0
137.0
135.75
135.75
137.5
139.0
139.0
138.25
138.25
139.0
139.0
139.0
139.0
139.0
140.25
140.25
140.25
139.0
139.0
140.25
140.25
139.5
140.25
140.25
137.5
137.5
138.25
138.25
138.25
136.25
136.25
137.0
137.0
137.0
137.0
137.5
138.25
138.25
138.25
138.25
139.0
139.0
139.5
138.25
138.25
139.5
139.5
140.25
140.25
139.5
134.0
134.0
137.5
137.5
135.25
135.25
135.75
137.5
137.5
138.25
138.25
139.5
139.5
138.25
135.25
135.25
134.0
134.0
132.25
132.25
132.25
132.25
134.5
133.25
133.25
132.75
132.75
134.5
134.5
134.5
135.75
135.75
137.5
137.5
136.25
136.25
137.0
139.0
139.0
139.5
139.5
139.0
139.0
139.5
139.5
139.5
140.75
140.75
140.25
140.25
140.25
140.75
140.75
139.0
139.0
140.25
140.25
140.25
138.25
138.25
140.25
139.0
139.0
140.25
140.25
139.5
139.5
139.5
133.25
133.25
137.0
137.0
137.0
137.0
138.25
137.0
137.0
137.0
137.0
137.5
137.5
139.0
139.0
139.0
139.0
139.0
137.0
137.0
139.5
140.25
140.25
139.0
139.0
138.25
139.5
139.5
140.25
140.25
139.5
139.5
139.5
139.0
139.0
138.25
138.25
139.0
139.0
140.25
140.25
140.25
140.25
140.25
140.25
137.5
137.5
139.0
139.0
139.0
139.0
139.5
138.25
138.25
137.5
137.5
139.5
139.5
140.25
140.25
140.25
140.25
140.25
140.75
141.5
141.5
142.25
142.25
142.25
140.75
140.75
142.25
142.25
141.5
141.5
138.25
140.25
140.25
140.75
140.75
140.75
140.75
140.75
141.5
141.5
140.75
141.5
141.5
141.5
141.5
142.25
142.25
140.25
141.5
141.5
139.5
139.5
140.25
140.75
140.75
140.75
140.75
139.0
139.0
139.5
140.75
140.75
140.25
140.25
140.25
140.25
140.25
140.25
140.25
139.5
139.5
139.5
140.75
140.75
140.25
140.25
140.25
138.25
138.25
139.0
139.0
139.5
139.5
140.25
140.25
140.25
141.5
141.5
141.5
142.75
142.75
144.25
144.25
144.25
145.75
145.75
146.25
146.25
146.25
147.0
147.0
147.75
147.75
147.75
148.5
148.5
148.5
149.25
149.25
150.0
150.0
150.0
150.0
150.0
150.75
150.75
150.75
152.25
151.5
151.5
153.0
153.0
153.0
153.0
153.0
153.0
153.75
153.75
154.75
155.5
155.5
155.5
156.25
156.25
156.25
156.25
155.5
156.25
156.25
157.0
156.25
156.25
157.0
156.25
156.25
158.0
157.0
157.0
157.0
158.0
158.0
158.75
158.75
158.75
158.75
160.5
160.5
160.5
161.25
161.25
161.25
163.0
163.0
164.75
165.75
165.75
165.75
166.75
166.75
166.75
164.0
158.0
158.0
149.25
149.25
149.25
149.25
149.25
152.25
152.25
152.25
153.75
153.75
153.75
154.75
155.5
156.25
157.0
157.0
157.0
157.0
157.0
153.75
148.5
148.5
142.25
142.25
138.25
138.25
140.25
140.25
140.25
139.5
139.5
140.75
142.75
142.75
144.25
144.25
145.0
147.75
147.75
150.0
151.5
151.5
151.5
151.5
154.75
154.75
154.75
158.0
158.75
158.75
158.75
159.5
159.5
158.75
150.0
150.0
131.0
131.0
124.5
124.5
126.0
126.0
133.25
133.25
137.5
140.75
140.75
144.25
144.25
147.0
147.0
147.0
149.25
150.75
150.75
150.75
150.75
150.0
143.5
143.5
140.25
140.25
140.25
140.75
140.25
139.0
139.0
139.5
139.5
141.5
142.75
142.75
142.75
142.75
140.25
143.5
143.5
144.25
144.25
145.75
145.0
145.0
145.75
148.5
148.5
150.0
150.0
148.5
147.75
147.75
147.0
147.0
145.75
143.5
143.5
145.0
145.0
147.75
147.75
147.75
150.0
151.5
151.5
153.0
154.75
154.75
154.75
154.75
156.25
158.75
158.75
159.5
159.5
159.5
160.5
161.25
161.25
161.25
161.25
163.0
163.0
163.0
164.75
164.75
164.0
165.75
165.75
164.75
164.75
164.75
164.75
164.75
164.75
164.75
164.0
164.0
163.0
162.25
162.25
162.25
159.5
159.5
159.5
159.5
159.5
158.75
158.75
158.75
157.0
157.0
157.0
157.0
157.0
157.0
155.5
156.25
156.25
156.25
155.5
155.5
155.5
155.5
155.5
155.5
155.5
156.25
155.5
155.5
154.75
153.75
153.75
153.75
153.0
153.0
153.75
153.75
153.75
154.75
154.75
154.75
155.5
155.5
157.0
155.5
155.5
157.0
156.25
156.25
155.5
152.25
152.25
152.25
152.25
152.25
150.0
150.0
152.25
150.0
150.0
148.5
150.75
150.75
150.0
150.0
150.0
150.75
150.75
150.0
147.75
147.75
149.25
149.25
148.5
147.0
147.0
149.25
149.25
146.25
145.0
145.0
147.75
147.75
143.5
145.0
145.0
147.75
146.25
146.25
146.25
146.25
144.25
145.0
145.0
146.25
146.25
147.0
146.25
146.25
148.5
148.5
147.75
147.75
147.75
146.25
144.25
144.25
145.75
145.75
147.75
147.0
147.0
143.5
143.5
145.0
145.0
145.0
143.5
143.5
145.75
146.25
146.25
147.0
147.0
145.0
146.25
146.25
143.5
143.5
145.0
145.0
145.0
141.5
141.5
145.0
143.5
143.5
142.75
142.75
145.0
146.25
146.25
146.25
146.25
145.0
144.25
144.25
143.5
143.5
144.25
142.25
142.25
145.0
145.0
142.25
143.5
143.5
144.25
144.25
141.5
142.25
142.25
142.25
142.25
142.75
142.25
142.25
141.5
141.5
142.25
140.25
140.25
140.75
140.75
140.75
140.75
141.5
140.75
140.75
140.75
140.75
140.75
141.5
141.5
140.75
140.75
139.5
139.5
139.0
137.0
137.0
137.0
137.0
139.5
137.0
137.0
137.0
137.0
136.25
136.25
136.25
136.25
135.25
134.5
134.5
135.25
135.25
135.25
135.25
137.0
137.5
137.5
138.25
138.25
139.5
139.5
139.0
139.5
139.5
137.5
137.5
137.5
138.25
138.25
137.5
137.5
135.25
135.25
133.25
133.25
135.75
135.75
135.75
135.75
135.75
135.25
135.25
134.0
134.0
134.0
134.5
134.5
137.5
137.5
135.75
135.75
137.5
138.25
138.25
138.25
138.25
138.25
137.5
137.5
138.25
138.25
138.25
138.25
138.25
137.5
137.5
138.25
138.25
139.0
139.0
140.25
141.5
141.5
141.5
141.5
143.5
142.75
142.75
142.75
142.75
139.0
139.0
136.25
137.0
137.0
138.25
138.25
138.25
135.75
135.75
136.25
136.25
137.5
137.5
139.0
140.75
140.75
142.25
142.25
141.5
141.5
142.25
142.75
142.75
141.5
141.5
142.75
140.75
140.75
140.75
140.75
142.25
140.75
140.75
142.25
142.25
142.75
143.5
143.5
144.25
144.25
142.75
144.25
144.25
145.0
145.0
145.75
145.0
145.0
145.0
145.0
145.0
145.75
145.75
145.75
145.75
147.0
146.25
146.25
146.25
146.25
147.0
145.0
145.0
146.25
147.0
147.0
144.25
144.25
143.5
145.0
145.0
145.0
145.0
145.0
145.0
145.0
144.25
144.25
145.0
145.75
145.75
145.0
145.0
146.25
146.25
146.25
146.25
146.25
146.25
146.25
146.25
147.0
147.0
146.25
147.75
147.75
146.25
147.0
147.0
145.0
145.0
146.25
145.75
145.75
146.25
146.25
147.0
146.25
146.25
147.0
147.0
146.25
146.25
146.25
147.0
147.0
147.0
147.75
147.75
147.0
147.0
147.0
147.0
147.0
148.5
146.25
146.25
147.75
147.75
147.75
147.0
147.0
145.75
147.0
147.0
147.0
147.0
146.25
147.0
147.0
146.25
146.25
147.0
147.0
147.0
147.0
147.0
147.0
147.0
147.0
145.75
145.75
145.75
145.0
145.0
143.5
145.0
145.0
145.0
145.0
145.0
145.0
145.0
146.25
146.25
145.75
146.25
146.25
147.0
147.0
147.0
145.75
145.75
147.75
147.0
147.0
146.25
146.25
146.25
146.25
146.25
146.25
146.25
146.25
147.0
147.0
145.75
145.75
147.0
147.0
147.0
147.0
146.25
146.25
147.0
147.0
147.75
147.0
147.0
147.0
147.0
147.0
147.75
147.75
147.0
146.25
146.25
147.0
147.0
145.75
145.75
145.75
146.25
146.25
145.75
147.0
147.0
147.0
147.0
146.25
147.0
147.0
147.75
147.0
147.0
147.75
147.75
147.75
147.75
147.75
148.5
148.5
149.25
150.0
150.0
150.75
150.75
150.75
151.5
151.5
152.25
151.5
151.5
152.25
151.5
151.5
152.25
151.5
151.5
152.25
152.25
151.5
150.75
150.75
152.25
151.5
151.5
151.5
151.5
148.5
150.0
150.0
150.0
148.5
148.5
148.5
148.5
148.5
148.5
148.5
148.5
148.5
148.5
149.25
149.25
149.25
147.0
148.5
148.5
148.5
147.75
148.5
148.5
149.25
149.25
149.25
149.25
149.25
149.25
150.0
150.0
149.25
147.75
147.75
149.25
149.25
147.75
147.75
147.75
147.75
146.25
147.0
147.0
147.0
146.25
145.75
145.75
144.25
144.25
146.25
145.0
145.0
145.75
145.75
146.25
145.0
145.0
146.25
146.25
146.25
147.0
147.0
146.25
146.25
144.25
143.5
143.5
145.0
145.0
145.0
145.0
145.0
142.75
142.75
143.5
144.25
144.25
145.75
145.75
146.25
147.0
147.0
147.75
147.75
147.0
147.0
147.0
148.5
147.75
147.75
148.5
148.5
147.0
147.0
147.0
146.25
144.25
144.25
142.75
142.75
141.5
141.5
141.5
142.75
142.75
142.75
142.75
143.5
143.5
143.5
144.25
144.25
142.75
142.25
142.25
142.25
142.25
140.25
141.5
141.5
142.25
142.25
142.25
142.75
142.75
144.25
144.25
145.0
145.0
145.0
145.75
145.75
144.25
144.25
144.25
145.0
145.0
146.25
147.0
147.0
147.75
147.75
148.5
147.75
147.75
147.0
147.0
147.0
145.75
145.75
144.25
142.75
142.75
142.25
142.25
141.5
141.5
140.25
140.75
140.75
141.5
141.5
142.25
142.25
142.25
140.25
140.25
139.0
137.5
137.5
135.75
135.75
137.5
137.5
137.0
137.0
137.0
137.0
137.0
136.25
136.25
137.5
137.5
136.25
138.25
138.25
140.75
140.75
139.0
139.0
139.0
140.75
140.75
142.25
142.75
142.75
143.5
143.5
144.25
144.25
144.25
144.25
144.25
146.25
145.75
145.75
146.25
146.25
146.25
145.75
145.75
145.75
145.75
145.75
145.75
145.75
146.25
146.25
145.75
147.0
147.0
146.25
146.25
146.25
147.0
147.0
147.75
148.5
148.5
147.75
147.75
148.5
148.5
148.5
147.0
147.75
147.75
147.75
147.75
145.75
147.75
147.75
147.0
147.0
147.75
146.25
146.25
147.75
147.75
147.0
145.75
145.75
146.25
144.25
144.25
145.0
145.0
144.25
144.25
144.25
145.0
145.0
144.25
144.25
144.25
145.75
145.75
146.25
145.75
145.75
146.25
146.25
147.0
147.0
147.0
147.75
147.75
147.0
148.5
148.5
147.75
146.25
146.25
147.0
147.0
147.0
147.75
147.75
146.25
146.25
146.25
147.0
147.0
146.25
146.25
146.25
147.0
147.0
145.75
146.25
146.25
145.0
145.0
146.25
147.0
147.0
146.25
146.25
145.0
147.0
147.0
144.25
144.25
145.75
144.25
144.25
142.75
142.75
143.5
143.5
143.5
143.5
143.5
144.25
142.75
142.75
144.25
144.25
142.75
144.25
144.25
140.75
140.75
142.75
142.75
142.75
142.75
142.75
142.75
142.75
142.75
144.25
144.25
143.5
145.75
145.75
145.0
145.0
137.5
158.75
158.75
148.5
148.5
150.0
150.0
150.0
151.5
153.0
153.0
153.75
153.75
153.75
154.75
154.75
154.75
155.5
155.5
154.75
155.5
155.5
156.25
157.0
157.0
158.75
159.5
159.5
158.75
159.5
159.5
160.5
161.25
161.25
161.25
163.0
163.0
162.25
159.5
159.5
161.25
163.0
163.0
163.0
162.25
162.25
164.0
164.75
165.75
165.75
167.5
167.5
167.5
168.5
168.5
168.5
168.5
167.5
168.5
168.5
169.5
171.5
171.5
171.5
171.5
172.5
172.5
171.5
171.5
171.5
170.5
171.5
171.5
171.5
172.5
172.5
172.5
173.5
173.5
173.5
173.5
173.5
171.5
171.5
172.5
171.5
173.5
173.5
173.5
172.5
172.5
173.5
172.5
174.5
174.5
170.5
171.5
172.5
172.5
174.5
174.5
174.5
172.5
173.5
173.5
173.5
174.5
175.5
175.5
174.5
175.5
174.5
174.5
174.5
175.5
175.5
175.5
175.5
175.5
174.5
174.5
174.5
176.5
176.5
175.5
175.5
171.5
171.5
174.5
177.5
176.5
176.5
178.5
177.5
177.5
176.5
177.5
176.5
176.5
174.5
174.5
174.5
174.5
175.5
175.5
176.5
176.5
175.5
176.5
176.5
175.5
174.5
174.5
174.5
174.5
173.5
173.5
173.5
172.5
172.5
172.5
172.5
171.5
167.5
167.5
169.5
169.5
169.5
169.5
168.5
168.5
168.5
167.5
168.5
168.5
168.5
168.5
168.5
168.5
168.5
168.5
168.5
168.5
167.5
167.5
167.5
168.5
168.5
167.5
167.5
167.5
167.5
166.75
167.5
165.75
165.75
166.75
166.75
164.75
164.0
164.0
163.0
164.0
164.0
163.0
163.0
163.0
163.0
161.25
160.5
160.5
159.5
159.5
161.25
160.5
160.5
159.5
160.5
160.5
160.5
160.5
160.5
161.25
160.5
160.5
161.25
161.25
161.25
160.5
159.5
159.5
160.5
159.5
159.5
158.0
162.25
162.25
160.5
160.5
160.5
159.5
161.25
160.5
160.5
162.25
161.25
161.25
162.25
162.25
162.25
164.0
161.25
161.25
162.25
163.0
163.0
163.0
162.25
162.25
162.25
162.25
162.25
161.25
161.25
161.25
160.5
159.5
159.5
160.5
159.5
159.5
158.0
158.0
158.0
155.5
158.0
158.0
157.0
156.25
156.25
156.25
155.5
155.5
155.5
155.5
155.5
153.0
153.0
153.75
152.25
152.25
151.5
151.5
151.5
150.75
150.75
151.5
152.25
152.25
150.75
150.75
150.75
149.25
149.25
149.25
150.75
150.75
150.0
150.0
150.0
150.0
150.0
150.75
150.0
150.0
150.0
149.25
149.25
150.0
150.0
150.75
150.75
150.75
147.75
149.25
149.25
146.25
146.25
144.25
147.75
147.75
146.25
146.25
145.0
145.0
145.0
145.75
145.75
144.25
144.25
145.75
147.0
146.25
146.25
147.0
147.0
149.25
149.25
148.5
149.25
149.25
149.25
150.75
150.0
150.75
150.75
150.75
149.25
149.25
150.75
149.25
149.25
150.0
147.75
147.75
150.0
150.0
150.0
150.0
150.0
150.0
150.75
150.75
151.5
151.5
150.0
151.5
151.5
147.75
150.75
150.75
150.75
150.75
150.75
149.25
150.0
146.25
146.25
147.0
148.5
148.5
149.25
147.75
147.75
147.75
147.75
147.75
147.75
147.75
147.0
147.75
147.75
147.75
147.75
145.75
146.25
146.25
145.0
145.0
146.25
147.0
147.0
147.0
147.75
147.75
147.75
147.75
147.75
147.75
147.75
147.0
147.0
147.75
147.0
147.0
147.75
147.75
146.25
147.75
147.75
147.0
147.75
147.75
145.0
145.0
147.75
147.0
147.0
146.25
146.25
146.25
146.25
146.25
145.75
145.75
146.25
145.75
145.75
144.25
146.25
146.25
145.75
145.75
145.0
144.25
144.25
146.25
146.25
146.25
145.75
145.75
147.0
147.0
145.0
146.25
146.25
145.75
145.75
147.0
147.0
147.0
147.0
146.25
146.25
146.25
146.25
146.25
147.0
147.0
147.0
147.0
147.75
147.75
147.75
147.0
147.0
147.0
147.75
147.75
144.25
144.25
144.25
147.0
147.0
145.0
146.25
146.25
147.0
147.0
146.25
147.75
147.75
147.0
147.0
145.75
145.75
145.75
146.25
146.25
147.0
143.5
143.5
145.75
146.25
146.25
147.0
147.0
145.75
147.0
147.0
144.25
144.25
143.5
146.25
146.25
145.0
145.0
145.0
145.0
145.0
145.75
145.75
145.0
146.25
146.25
145.0
145.0
145.75
146.25
146.25
146.25
145.75
145.75
146.25
146.25
146.25
146.25
146.25
146.25
146.25
146.25
146.25
146.25
146.25
146.25
146.25
145.75
145.75
145.0
145.0
145.0
145.0
145.0
145.0
145.0
144.25
142.75
142.75
145.0
145.0
145.0
144.25
144.25
144.25
144.25
145.0
142.75
142.75
142.25
142.25
142.75
142.75
142.75
142.25
142.25
142.75
143.5
143.5
143.5
143.5
141.5
142.75
142.75
142.75
142.75
143.5
143.5
143.5
142.25
142.25
142.25
142.75
142.75
142.25
142.25
140.75
140.75
140.75
142.75
142.75
141.5
141.5
142.25
142.75
142.75
143.5
143.5
144.25
145.0
145.0
145.0
145.0
145.0
145.75
145.75
145.75
145.75
143.5
143.5
143.5
143.5
143.5
139.5
139.5
139.5
138.25
138.25
138.25
138.25
139.5
140.75
140.75
140.75
140.75
140.75
140.25
140.25
142.25
142.25
141.5
142.25
142.25
141.5
141.5
140.75
142.25
142.25
142.25
142.25
142.25
142.25
142.25
142.25
142.25
141.5
141.5
138.25
139.5
139.5
139.5
139.5
135.25
135.25
137.0
138.25
138.25
139.0
139.0
139.5
139.5
140.25
139.0
139.0
133.25
133.25
138.25
138.25
139.5
139.0
139.0
140.25
140.25
139.0
140.75
140.75
139.5
139.5
140.25
140.25
140.75
141.5
141.5
141.5
141.5
142.25
142.25
142.25
142.25
142.25
142.75
142.25
142.25
142.25
142.25
140.75
142.75
142.75
142.25
142.25
142.25
142.25
142.25
141.5
141.5
142.75
142.75
142.75
142.75
142.75
143.5
143.5
144.25
145.0
145.0
145.75
145.75
147.0
147.75
147.75
148.5
149.25
149.25
150.0
150.0
150.75
151.5
151.5
152.25
152.25
152.25
153.0
153.0
153.0
153.0
153.0
154.75
153.75
153.75
154.75
156.25
156.25
155.5
156.25
156.25
157.0
157.0
157.0
158.0
157.0
157.0
156.25
155.5
155.5
154.75
154.75
152.25
152.25
152.25
152.25
152.25
152.25
151.5
152.25
152.25
151.5
151.5
152.25
153.0
153.0
153.75
153.75
153.75
153.75
154.75
154.75
154.75
154.75
155.5
155.5
155.5
155.5
156.25
156.25
157.0
157.0
157.0
158.75
158.75
158.75
159.5
160.5
160.5
160.5
160.5
160.5
159.5
160.5
160.5
158.75
158.0
158.0
154.75
153.75
153.75
154.75
153.0
153.0
152.25
152.25
152.25
150.75
150.75
150.75
151.5
151.5
151.5
151.5
152.25
153.0
153.0
152.25
153.75
153.75
154.75
155.5
155.5
157.0
157.0
157.0
158.75
158.75
158.75
159.5
159.5
159.5
159.5
158.75
158.75
159.5
158.0
158.0
158.75
158.75
158.0
155.5
155.5
153.0
152.25
152.25
151.5
151.5
151.5
152.25
152.25
152.25
152.25
152.25
150.0
150.75
150.75
151.5
152.25
152.25
152.25
152.25
153.75
154.75
154.75
156.25
156.25
156.25
156.25
158.0
158.0
158.0
158.75
158.75
158.0
159.5
159.5
159.5
158.75
158.75
158.75
158.0
158.0
157.0
158.0
158.0
158.0
157.0
157.0
157.0
157.0
157.0
155.5
155.5
156.25
155.5
155.5
155.5
154.75
154.75
153.0
153.0
153.0
150.75
150.75
147.0
149.25
149.25
150.0
148.5
148.5
146.25
146.25
145.0
146.25
146.25
146.25
146.25
147.75
147.75
147.75
148.5
150.0
150.0
150.0
150.0
151.5
152.25
152.25
153.75
152.25
152.25
152.25
153.75
153.0
153.0
153.0
151.5
151.5
151.5
150.0
149.25
149.25
150.0
150.0
149.25
150.75
150.75
151.5
152.25
152.25
152.25
152.25
153.75
153.75
153.75
155.5
156.25
156.25
157.0
157.0
157.0
158.0
158.0
158.0
157.0
156.25
156.25
157.0
154.75
154.75
153.75
153.75
153.75
154.75
154.75
153.75
153.75
153.75
155.5
154.75
154.75
154.75
155.5
155.5
156.25
157.0
157.0
158.75
159.5
159.5
160.5
162.25
162.25
163.0
162.25
162.25
163.0
164.0
164.0
163.0
162.25
162.25
159.5
157.0
157.0
155.5
157.0
157.0
157.0
157.0
157.0
158.75
158.0
158.0
159.5
159.5
158.0
157.0
157.0
156.25
152.25
152.25
145.0
145.0
137.5
132.25
132.25
132.25
128.25
125.5
125.5
132.25
132.25
135.75
139.5
139.5
141.5
141.5
144.25
147.75
147.75
148.5
148.5
150.0
151.5
151.5
151.5
152.25
152.25
153.0
153.0
154.75
156.25
156.25
157.0
157.0
157.0
157.0
159.5
159.5
160.5
160.5
160.5
161.25
161.25
161.25
158.0
159.5
159.5
158.75
158.75
158.75
159.5
158.0
158.0
158.0
157.0
157.0
155.5
155.5
155.5
156.25
154.75
154.75
155.5
155.5
153.75
154.75
154.75
153.75
154.75
154.75
153.75
153.0
153.0
153.75
153.75
153.75
153.0
153.0
153.75
152.25
152.25
153.75
153.0
153.0
153.75
154.75
154.75
155.5
155.5
155.5
155.5
155.5
157.0
156.25
156.25
156.25
155.5
155.5
154.75
154.75
154.75
157.0
156.25
156.25
154.75
156.25
156.25
157.0
157.0
157.0
157.0
157.0
156.25
156.25
156.25
156.25
156.25
156.25
157.0
157.0
157.0
157.0
157.0
157.0
155.5
155.5
155.5
154.75
153.75
153.75
153.0
153.0
153.75
152.25
152.25
153.0
153.0
153.0
153.0
153.75
153.75
153.0
153.0
153.75
153.0
153.0
152.25
153.0
153.0
153.0
153.0
153.0
152.25
152.25
151.5
151.5
151.5
152.25
151.5
151.5
150.75
152.25
152.25
150.75
150.75
152.25
151.5
151.5
151.5
152.25
152.25
151.5
151.5
151.5
150.75
150.75
150.0
149.25
149.25
150.0
150.0
147.75
147.0
147.0
147.0
147.75
147.75
147.0
147.0
146.25
145.75
145.75
145.75
145.75
146.25
146.25
146.25
145.0
145.0
147.0
147.75
147.75
147.75
146.25
146.25
145.0
145.0
145.75
147.0
147.0
146.25
146.25
146.25
147.75
147.75
147.0
147.0
147.75
145.75
145.75
148.5
147.75
147.75
147.75
147.75
147.0
147.75
147.75
147.75
147.75
148.5
147.0
147.0
147.75
147.0
147.0
147.75
147.75
146.25
147.0
147.0
147.0
147.0
147.0
144.25
144.25
145.75
145.75
145.75
145.75
145.75
145.0
145.0
145.0
145.0
145.0
144.25
144.25
145.75
145.75
145.75
145.75
145.75
145.75
145.0
145.0
144.25
144.25
144.25
145.0
145.0
145.0
144.25
144.25
145.0
145.0
144.25
143.5
143.5
144.25
144.25
145.0
145.0
145.0
144.25
144.25
144.25
144.25
144.25
144.25
144.25
143.5
144.25
144.25
143.5
143.5
142.25
142.25
142.25
141.5
141.5
140.75
140.75
142.75
143.5
143.5
142.25
142.25
142.25
143.5
143.5
144.25
144.25
143.5
142.25
142.25
141.5
141.5
141.5
142.25
142.25
141.5
141.5
139.5
139.0
139.0
139.5
139.5
139.0
139.0
139.5
140.75
140.75
140.75
140.75
142.25
141.5
141.5
140.25
140.25
140.75
140.75
141.5
142.75
142.75
142.25
142.25
143.5
144.25
144.25
143.5
143.5
142.25
142.25
142.25
140.75
140.75
141.5
142.25
142.25
140.25
140.25
139.0
139.0
137.0
138.25
138.25
137.0
137.0
138.25
138.25
138.25
135.25
135.25
137.0
137.0
135.25
135.25
134.5
132.25
132.25
133.25
133.25
135.25
135.25
135.75
135.75
137.0
135.75
135.75
138.25
138.25
135.25
135.25
137.5
138.25
138.25
136.25
136.25
137.5
137.5
135.75
137.0
137.0
135.25
135.25
135.75
135.75
132.25
132.25
131.5
132.25
132.25
131.5
131.5
134.0
134.0
134.5
134.5
134.5
135.25
135.25
135.25
135.25
135.75
135.75
134.5
135.75
135.75
137.5
137.5
137.5
137.5
138.25
138.25
138.25
139.0
139.0
140.25
140.25
138.25
138.25
140.25
139.5
139.5
140.75
140.85
140.95
141.05
141.15
141.25
141.35
141.45
141.55
141.65
141.75
141.85
141.95
142.05
142.15
142.25
142.25
140.75
141.5
141.5
142.25
142.25
142.75
141.5
141.5
142.75
142.75
142.25
142.75
142.75
141.5
141.5
142.75
142.75
142.75
142.75
142.75
142.25
142.25
142.25
142.25
142.25
140.25
140.25
139.0
139.0
139.0
137.5
137.5
140.25
140.25
138.25
139.5
139.5
139.0
139.0
139.0
139.0
140.25
140.25
140.25
140.275
140.3
140.325
140.35
140.375
140.4
140.425
140.45
140.475
140.5
140.525
140.55
140.575
140.6
140.625
140.65
140.675
140.7
140.725
140.75
142.75
142.75
142.75
142.75
142.75
142.75
142.75
141.5
141.5
141.5
140.75
140.75
140.25
140.25
138.25
138.25
140.25
139.0
139.0
138.25
138.25
137.0
135.75
135.75
137.5
137.5
137.5
137.5
137.5
135.25
135.25
138.25
138.25
138.25
138.25
138.25
139.0
139.0
137.5
137.5
140.25
140.25
139.5
140.25
140.25
139.5
139.5
139.0
139.0
139.0
139.5
139.5
138.25
138.25
139.0
139.0
139.0
139.5
139.5
138.25
138.25
138.25
139.5
139.5
137.5
137.5
139.0
139.0
138.25
136.25
136.25
139.0
139.0
137.5
137.5
137.5
137.5
137.5
138.25
138.25
138.25
138.25
138.25
138.25
138.25
138.25
138.25
138.25
139.0
139.0
138.25
138.25
138.25
138.25
139.0
136.25
136.25
137.5
137.5
137.5
137.5
138.25
138.25
138.25
139.0
139.0
139.0
139.0
137.5
137.0
137.0
138.25
138.25
138.25
137.5
137.5
138.25
138.25
137.0
137.0
137.0
137.5
137.5
137.0
137.0
137.5
137.5
137.0
137.0
137.0
137.5
137.5
137.0
137.0
136.25
136.25
136.25
136.25
136.25
136.25
136.25
137.0
137.5
137.5
135.75
135.75
137.0
137.0
138.25
138.25
138.25
137.5
137.5
137.5
137.5
137.0
137.5
137.5
139.0
139.0
139.0
139.0
138.25
137.5
137.5
139.0
139.0
138.25
138.25
138.25
138.25
138.25
138.25
138.25
139.5
139.5
139.5
139.0
139.0
139.5
139.5
140.25
139.5
139.5
139.5
139.5
139.5
139.5
140.25
140.25
140.25
138.25
138.25
139.0
139.0
139.0
139.5
139.5
139.5
139.5
139.5
139.5
139.5
139.5
139.5
139.5
140.75
140.75
140.25
140.25
140.25
140.25
141.5
140.25
140.25
140.75
140.75
140.25
139.0
139.0
139.0
139.0
138.25
138.25
138.25
138.25
138.25
138.25
138.25
138.25
138.25
138.25
139.0
139.0
139.0
139.0
138.25
138.25
139.0
138.25
138.25
138.25
138.25
139.0
139.0
139.0
137.5
137.5
137.5
137.5
139.0
139.0
139.0
138.25
138.25
138.25
138.25
140.25
139.5
139.5
140.25
140.25
141.5
140.75
140.75
141.5
141.5
142.25
140.75
140.75
140.75
140.75
141.5
141.5
142.25
142.25
142.25
142.25
142.25
141.5
140.75
140.75
141.5
141.5
142.75
142.25
142.25
142.75
142.75
143.5
142.75
142.75
141.5
141.5
142.25
142.25
142.25
141.5
141.5
142.25
142.25
141.5
141.5
141.5
140.25
140.25
140.75
139.5
139.5
139.0
139.0
140.25
140.25
140.75
137.5
137.5
140.75
140.75
140.25
139.0
139.0
140.25
140.25
140.75
140.75
140.25
139.0
139.0
139.5
139.5
140.25
139.5
139.5
140.25
140.25
141.5
141.5
140.25
139.5
139.5
139.5
139.5
141.5
141.5
141.5
140.25
140.25
140.25
139.0
138.25
138.25
138.25
139.0
139.0
140.25
140.25
139.0
138.25
138.25
139.0
139.0
138.25
138.25
138.25
138.25
138.25
137.0
137.0
137.5
137.5
137.5
139.0
139.0
139.0
139.0
137.0
137.5
137.5
139.0
139.0
138.25
138.25
138.25
138.25
138.25
138.25
138.25
137.5
137.5
139.0
139.0
139.0
139.0
139.0
139.5
138.25
138.25
135.75
135.75
134.0
134.0
131.5
131.5
134.0
135.75
135.75
132.75
132.75
134.0
134.0
135.25
135.25
137.0
136.25
136.25
135.75
135.75
136.25
136.25
135.75
135.75
135.75
137.0
137.0
136.25
136.25
137.5
135.25
135.25
137.0
137.0
137.0
137.0
135.75
137.5
137.5
135.75
135.75
134.0
134.0
137.0
137.5
137.5
137.5
137.5
137.5
137.5
139.0
140.25
140.25
140.75
140.75
141.5
139.5
139.5
140.75
140.75
141.5
141.5
141.5
140.75
140.75
138.25
138.25
139.5
139.5
139.5
137.5
137.5
138.25
138.25
138.25
137.0
137.0
137.0
137.0
137.5
137.5
138.25
139.5
139.5
139.5
139.5
141.5
141.5
141.5
142.25
142.25
141.5
141.5
141.5
140.25
140.25
140.75
140.75
140.75
139.5
139.5
138.25
138.25
137.5
137.5
139.0
138.25
138.25
139.0
139.0
137.5
137.5
137.5
139.0
139.0
140.25
140.25
140.75
140.75
140.75
142.75
142.75
142.75
142.75
144.25
145.0
145.0
144.25
145.0
145.0
145.75
145.75
146.25
146.25
146.25
147.75
147.75
147.0
147.75
147.75
147.75
145.75
145.75
145.75
145.75
142.75
142.75
142.75
141.5
141.5
139.0
139.0
138.25
138.25
138.25
137.5
137.5
134.0
134.0
132.75
132.75
136.25
135.25
135.25
135.25
135.25
137.0
137.0
135.25
137.0
137.0
135.25
135.25
135.75
135.75
136.25
137.0
137.0
137.5
137.5
138.25
138.25
138.25
138.25
138.25
136.25
136.25
137.5
137.5
137.0
138.25
138.25
137.5
137.5
136.25
136.25
137.5
137.0
137.0
136.25
136.25
137.5
137.5
137.0
138.25
138.25
138.25
138.25
139.5
139.5
139.5
139.5
139.5
140.25
140.25
140.25
139.5
139.5
139.0
139.0
138.25
138.25
139.0
140.75
140.75
139.5
139.5
140.75
140.25
140.25
140.75
140.75
140.25
140.25
140.75
140.25
140.25
140.75
140.75
138.25
139.5
139.5
139.5
139.0
137.5
137.5
137.0
132.75
132.75
129.75
129.75
127.75
127.75
127.75
127.75
125.0
125.0
125.5
125.5
125.0
125.0
124.0
124.0
127.75
129.75
129.75
131.0
131.0
129.25
129.25
131.5
131.5
132.25
132.25
134.5
135.25
135.25
137.0
137.0
137.5
137.5
139.0
139.5
139.5
140.75
140.75
140.25
139.0
139.0
140.75
140.75
141.5
141.5
140.25
139.0
139.0
140.25
140.25
140.75
141.5
141.5
139.5
139.5
141.5
141.5
138.25
140.75
140.75
141.5
141.5
142.25
141.5
141.5
142.25
142.25
140.75
139.5
139.5
142.25
142.25
142.25
142.25
142.25
142.25
142.25
142.25
142.25
140.25
142.75
142.75
141.5
141.5
142.25
142.75
142.75
142.75
142.75
142.75
142.75
142.75
144.25
144.25
144.25
143.5
143.5
143.5
143.5
144.25
141.5
141.5
142.25
142.25
143.5
142.75
142.75
142.75
142.75
142.25
142.25
142.25
140.75
140.75
141.5
141.5
140.75
140.25
140.25
140.25
140.25
140.75
140.25
140.25
141.5
141.5
139.0
139.0
140.25
140.25
140.25
140.75
140.75
139.5
139.0
139.0
138.25
138.25
139.5
139.5
139.0
139.0
139.0
136.25
136.25
134.5
134.5
138.25
139.0
139.0
137.5
137.5
139.0
139.0
138.25
139.5
139.5
140.25
140.25
139.5
138.25
138.25
137.0
137.0
137.0
137.0
137.0
137.0
137.0
136.25
136.25
135.75
135.75
137.5
135.75
135.75
137.0
137.0
134.5
134.5
136.25
136.25
135.75
130.5
130.5
128.75
128.75
132.75
132.75
131.5
131.5
132.75
132.75
128.75
132.25
132.25
132.25
132.25
131.5
131.5
133.25
133.25
133.25
134.0
134.0
134.5
134.5
135.25
135.25
135.75
135.75
135.25
134.5
134.5
135.75
135.75
135.75
135.75
137.0
137.5
137.5
137.0
137.0
139.0
139.0
139.5
140.25
140.25
140.75
140.75
139.5
139.0
139.0
140.25
140.25
139.5
139.5
139.5
140.25
140.25
139.5
139.5
140.75
141.5
141.5
142.25
142.25
141.5
141.5
141.5
141.5
141.5
139.0
139.0
137.0
138.25
138.25
138.25
138.25
137.5
137.5
137.0
137.0
136.25
137.0
137.0
135.25
135.25
135.75
137.0
137.0
136.25
136.25
135.25
135.25
134.5
136.25
136.25
135.25
135.25
135.75
135.75
135.75
135.75
133.25
132.75
132.75
135.25
135.25
135.75
135.75
136.25
135.75
135.75
137.0
137.0
137.0
137.0
136.25
136.25
136.25
134.5
134.5
132.25
132.25
131.0
131.0
127.0
127.0
126.5
126.5
128.75
129.25
129.25
131.0
131.0
131.0
131.0
131.0
131.0
132.25
132.25
132.25
132.25
131.5
131.5
131.5
131.5
131.5
132.75
132.75
133.25
134.0
134.0
134.5
134.5
134.0
134.0
135.25
135.25
137.0
138.25
138.25
138.25
138.25
139.0
139.0
139.0
140.75
140.75
140.25
140.25
139.0
139.5
139.5
139.0
139.0
140.25
140.25
140.25
140.75
140.75
142.25
142.25
142.25
142.25
142.25
143.5
143.5
143.5
142.75
142.75
145.0
145.0
145.0
145.0
145.0
145.0
145.0
144.25
145.0
145.0
145.0
145.0
143.5
140.25
140.25
142.25
142.25
142.75
142.25
142.25
140.25
140.25
142.25
142.25
142.25
141.5
141.5
142.75
142.25
142.25
142.25
142.25
143.5
143.5
141.5
142.75
142.75
142.75
142.75
141.5
142.25
142.25
142.75
142.75
142.75
142.25
142.25
140.25
140.25
139.5
139.5
138.25
138.25
138.25
138.25
134.5
138.25
138.25
134.5
138.25
138.25
139.0
139.0
136.25
139.0
139.0
139.5
139.5
137.0
137.0
140.25
140.25
140.25
139.5
139.5
140.25
140.25
140.25
140.25
140.25
141.5
141.5
141.5
136.25
141.5
139.5
139.5
132.75
132.75
137.5
136.25
136.25
134.0
134.0
135.75
135.75
137.5
136.25
136.25
139.0
139.0
139.5
139.5
140.75
141.5
141.5
142.25
142.25
142.75
142.75
142.75
142.75
142.75
138.25
138.25
140.25
139.0
139.0
139.5
139.5
137.5
138.25
138.25
137.0
137.0
139.0
139.0
139.5
139.5
139.5
139.5
141.5
141.5
142.75
142.75
142.25
142.25
142.25
144.25
144.25
143.5
143.5
144.25
142.75
142.75
142.75
142.75
143.5
143.5
144.25
144.25
144.25
144.25
145.0
145.0
143.5
143.5
140.25
140.25
140.25
138.25
138.25
136.25
136.25
137.0
137.0
135.75
137.5
137.5
132.75
132.75
135.25
135.25
130.5
130.5
133.25
133.25
133.25
133.25
133.25
134.0
134.0
135.25
135.25
135.75
135.25
135.25
134.0
134.0
134.5
134.5
134.0
133.25
133.25
133.25
133.25
132.75
132.75
132.25
132.25
133.25
132.75
132.75
132.75
132.75
133.25
133.25
134.0
134.0
136.25
135.75
135.75
135.75
135.75
137.5
137.5
138.25
136.25
136.25
137.5
137.5
138.25
138.25
138.25
137.0
137.0
137.0
139.5
139.5
139.5
139.0
140.75
140.75
138.25
138.25
139.5
139.5
139.5
136.25
136.25
139.5
139.5
139.5
138.25
138.25
138.25
138.25
139.0
139.0
137.0
137.5
137.5
137.0
137.0
137.0
137.0
137.5
135.25
135.25
137.0
137.0
138.25
138.25
137.0
138.25
138.25
135.75
135.75
138.25
138.25
136.25
137.0
137.0
135.25
135.25
137.5
137.5
137.5
137.0
137.0
137.0
137.0
137.5
137.5
138.25
137.5
137.5
137.0
137.0
134.5
134.5
138.25
138.25
138.25
139.5
139.5
139.5
140.25
140.25
140.75
140.75
141.5
141.5
141.5
142.25
142.25
142.25
142.25
141.5
139.0
139.0
138.25
138.25
139.0
139.0
137.5
139.0
139.0
138.25
138.25
137.5
137.5
135.75
137.5
137.5
137.5
137.5
136.25
136.25
135.75
135.75
135.75
135.25
135.25
135.75
135.75
138.25
138.25
138.25
139.0
139.0
140.25
140.25
140.75
141.5
141.5
142.25
142.25
141.5
142.25
142.25
143.5
143.5
142.25
142.75
142.75
142.25
142.25
138.25
142.25
142.25
140.75
140.75
139.0
139.0
140.75
140.75
141.5
142.75
142.75
142.75
142.75
142.75
143.5
143.5
144.25
140.75
140.75
136.25
136.25
133.25
133.25
130.5
130.5
127.75
131.0
131.0
134.0
134.0
135.25
135.25
137.5
137.5
138.25
138.25
138.25
138.25
138.25
132.25
132.25
132.25
134.5
134.5
137.0
137.0
137.5
137.5
138.25
139.5
139.5
140.25
140.25
142.25
141.5
141.5
143.5
143.5
144.25
145.0
145.0
146.25
146.25
147.75
148.5
148.5
150.0
150.0
150.0
150.0
150.0
151.5
151.5
151.5
150.0
150.0
151.5
151.5
151.5
151.5
151.5
151.5
152.25
152.25
152.25
152.25
152.25
153.0
153.0
153.0
152.25
153.75
153.75
153.0
152.25
152.25
151.5
151.5
152.25
153.0
153.0
152.25
150.75
150.75
149.25
148.5
148.5
147.0
147.0
147.0
146.25
146.25
144.25
144.25
140.75
140.75
133.25
133.25
127.3125
121.375
115.4375
109.5
111.5
111.5
118.5
118.5
120.5
120.5
119.5
119.5
117.25
117.25
118.0
118.0
118.0
118.0
119.0
119.0
118.5
118.5
117.75
117.75
119.0
119.0
121.5
121.5
122.5
122.5
128.75
128.75
131.5
131.5
132.75
132.75
134.5
137.5
137.5
138.25
138.25
138.25
141.5
144.25
145.0
145.0
141.5
141.5
139.0
130.5
130.5
127.0
127.0
132.75
132.75
136.25
136.25
138.25
139.0
139.0
139.5
139.5
139.5
136.25
136.25
133.25
133.25
134.0
134.0
134.0
134.0
132.75
132.25
132.25
132.25
132.25
118.5
118.5
117.25
117.25
124.0
124.0
131.5
131.5
135.25
135.25
137.0
139.5
139.5
141.5
141.5
143.5
147.0
147.0
149.25
169.5
169.5
163.875
158.25
152.625
147.0
150.0
150.0
150.0
148.5
147.0
147.0
147.75
147.75
148.5
145.0
145.0
145.0
145.0
140.75
143.5
143.5
142.25
142.25
142.75
142.75
142.75
144.25
144.25
145.0
145.0
145.75
145.75
145.75
147.0
145.0
145.0
147.0
147.0
147.75
148.5
148.5
150.0
148.5
148.5
149.25
149.25
150.75
150.75
150.75
150.75
151.5
151.5
149.25
149.25
150.0
150.75
150.75
150.75
150.0
150.0
149.25
149.25
149.25
149.25
149.25
149.25
149.25
149.25
149.25
149.25
147.75
147.0
147.0
149.25
147.0
147.0
149.25
149.25
147.0
148.5
148.5
148.5
148.5
149.25
149.25
149.25
146.25
147.75
147.75
146.25
146.25
146.25
145.75
145.75
145.75
145.75
146.25
146.25
147.0
145.75
145.75
145.75
146.25
147.75
145.0
146.25
146.25
146.25
146.25
147.0
142.75
142.75
145.0
145.0
145.0
143.5
143.5
144.25
144.25
144.25
142.25
142.25
142.75
142.75
143.5
142.75
142.75
142.75
142.75
145.0
143.5
143.5
144.25
144.25
144.25
142.75
142.75
142.75
142.75
140.75
140.75
140.75
140.25
140.75
140.25
140.25
140.25
139.0
139.0
139.5
139.5
141.5
141.5
141.5
141.5
141.5
142.75
142.75
141.5
142.75
142.75
142.75
142.75
139.5
141.5
141.5
140.25
140.25
140.25
141.5
141.5
140.75
140.75
140.75
140.75
139.5
141.5
141.5
139.5
139.5
140.25
140.25
140.25
139.5
139.5
137.5
137.5
140.25
139.5
139.5
138.25
138.25
133.25
133.25
136.25
135.75
135.75
135.75
137.0
138.25
138.25
139.0
137.0
137.0
139.0
139.0
139.5
139.5
140.75
142.25
142.25
142.25
142.25
143.5
144.25
144.25
145.75
145.75
146.25
147.0
147.0
147.75
147.75
147.75
149.25
149.25
149.25
148.5
148.5
148.5
148.5
148.5
149.25
149.25
147.0
145.75
145.75
141.5
141.5
139.0
139.0
139.5
141.5
141.5
142.25
142.25
141.5
142.25
142.25
143.5
143.5
143.5
145.0
145.0
145.0
145.0
145.75
145.75
145.75
139.5
139.5
139.5
141.5
144.25
145.75
145.75
144.25
144.25
144.25
144.25
144.25
143.5
139.5
139.5
139.0
139.0
135.75
135.75
135.75
137.0
137.0
137.0
137.0
137.5
137.5
138.25
134.5
134.5
134.5
134.5
136.25
136.25
137.0
135.75
135.75
137.5
137.5
137.0
137.0
136.25
137.0
137.0
137.5
137.5
136.25
136.25
137.5
137.5
137.5
137.5
134.0
136.25
136.25
134.5
134.5
134.0
132.75
132.75
130.5
130.5
132.25
132.25
134.0
134.0
129.25
134.0
134.0
131.5
131.5
132.25
132.25
132.75
132.75
135.75
134.5
134.5
137.5
137.5
137.39285714285714
137.28571428571428
137.17857142857142
137.07142857142858
136.96428571428572
136.85714285714286
136.75
136.64285714285714
136.53571428571428
136.42857142857142
136.32142857142858
136.21428571428572
136.10714285714286
136.0
135.89285714285714
135.78571428571428
135.67857142857142
135.57142857142858
135.46428571428572
135.35714285714286
135.25
134.0
134.0
134.0
134.0
135.75
135.75
136.25
137.0
137.0
137.5
137.5
139.0
139.0
137.5
138.25
138.25
139.5
139.5
138.25
138.25
136.25
137.0
137.0
137.0
137.0
132.75
132.75
135.75
134.5
134.5
134.5
135.25
129.25
129.25
129.75
129.75
131.0
131.0
131.0
132.75
134.5
133.25
133.25
132.25
132.25
134.0
134.0
132.75
132.25
132.25
134.5
134.5
131.5
131.5
132.75
132.75
131.5
132.25
132.25
132.25
132.25
132.25
132.25
131.0
131.0
132.25
132.25
131.5
134.5
134.5
133.25
133.25
135.25
135.25
136.25
135.75
135.75
137.0
137.0
136.25
136.25
135.25
135.25
133.25
134.0
134.0
132.25
132.25
128.75
128.75
131.5
131.5
129.25
129.25
131.0
132.25
132.25
133.25
133.25
132.75
132.75
134.5
134.5
132.75
134.5
134.5
132.75
132.75
132.75
132.75
135.25
135.25
134.0
134.5
134.5
134.5
134.5
136.25
136.25
136.25
133.25
133.25
135.75
135.75
137.5
137.5
138.25
139.0
139.0
138.25
138.25
138.25
138.25
136.25
135.75
135.75
135.75
135.75
131.0
131.0
136.25
137.0
137.0
139.0
139.0
139.5
139.5
139.5
140.75
140.75
142.25
142.25
142.75
144.25
144.25
145.0
145.0
145.75
146.25
146.25
146.25
146.25
145.75
143.5
143.5
144.25
144.25
144.25
144.25
144.25
144.25
144.25
143.5
145.0
145.0
145.0
145.0
145.0
145.75
145.75
145.75
145.75
145.75
146.25
147.0
147.0
147.0
147.75
147.0
147.0
147.75
147.75
147.75
147.75
147.75
147.75
148.5
148.5
147.75
147.75
147.75
147.0
147.0
147.0
143.5
143.5
141.5
141.5
138.25
138.25
138.25
137.0
135.25
135.25
135.25
137.5
137.5
139.5
137.0
137.0
138.25
138.25
136.25
136.25
135.75
133.25
133.25
131.0
131.0
131.0
131.0
128.75
128.75
129.25
129.25
130.5
134.5
134.5
132.75
132.75
134.0
134.0
132.25
132.25
128.25
128.25
129.25
127.0
127.0
127.75
127.75
127.0
127.0
125.5
125.5
127.0
127.0
128.25
128.25
129.75
129.75
130.5
129.25
129.25
133.25
133.25
133.25
133.25
134.0
134.0
135.25
134.5
134.5
134.0
134.0
135.25
135.25
132.25
132.25
134.0
132.75
132.75
132.75
132.75
131.0
131.0
129.75
129.75
132.75
133.25
133.25
132.25
132.25
131.5
131.5
133.25
133.25
129.25
129.25
129.25
132.25
132.25
132.25
132.25
128.75
128.75
130.5
130.5
133.25
134.0
134.0
134.0
134.0
134.0
134.0
136.25
136.25
136.25
136.25
138.25
139.5
139.5
140.25
141.5
141.5
143.5
143.5
145.0
145.75
145.75
146.25
146.25
147.75
146.25
146.25
142.75
142.75
143.5
142.75
142.75
140.25
140.25
140.75
141.5
141.5
136.25
136.25
136.25
136.25
137.5
138.25
138.25
138.25
138.25
139.0
139.0
139.0
139.0
139.0
138.25
138.25
140.25
140.25
140.75
141.5
141.5
142.75
142.75
142.25
143.5
143.5
142.75
142.75
144.25
144.25
144.25
145.0
145.0
145.0
145.0
145.0
143.5
143.5
145.0
145.75
145.75
145.75
145.75
145.75
146.25
146.25
144.25
144.25
143.5
142.75
142.75
142.75
142.75
142.75
142.25
145.0
144.25
144.25
141.5
137.0
137.0
139.0
139.0
139.5
139.5
139.5
141.5
141.5
143.5
143.5
143.5
142.75
142.75
145.75
145.75
147.0
148.5
148.5
150.0
150.0
150.0
150.0
150.0
150.75
150.75
150.75
150.75
151.5
151.5
152.25
152.25
152.25
153.75
153.75
154.75
155.5
155.5
153.75
156.25
156.25
157.0
158.0
158.0
159.5
159.5
159.5
158.75
158.0
158.0
155.5
153.75
153.75
150.75
150.75
143.5
143.5
143.5
145.0
145.0
147.75
148.5
148.5
148.5
147.75
147.75
144.25
144.25
142.25
143.5
143.5
145.0
145.0
144.25
142.75
142.75
143.5
143.5
143.5
140.25
139.0
137.5
137.5
138.25
138.25
139.5
139.5
139.5
139.5
139.5
140.75
140.75
140.25
139.5
139.5
140.25
140.25
142.25
140.75
140.75
141.5
141.5
142.25
142.25
144.25
140.75
140.75
142.75
142.75
143.5
142.25
142.25
142.75
142.75
143.5
142.75
142.75
145.0
145.0
145.0
144.25
144.25
145.0
145.0
144.25
144.25
144.25
142.75
142.75
142.25
143.5
143.5
143.5
143.5
142.25
141.5
141.5
140.25
140.25
139.5
139.5
139.0
139.0
138.25
138.25
138.25
137.5
135.75
135.75
135.75
135.75
136.25
136.25
137.0
137.0
137.0
134.5
134.5
134.5
134.5
132.25
132.25
132.25
133.25
137.5
135.25
135.25
137.0
137.0
137.5
137.0
137.0
139.0
139.0
136.25
136.25
138.25
135.75
135.75
134.0
134.0
135.25
135.25
135.75
135.75
135.75
135.75
135.75
136.25
136.25
137.5
137.5
137.0
136.25
136.25
135.75
135.75
135.75
135.75
134.0
134.5
134.5
134.5
134.5
135.25
135.25
134.0
134.0
132.75
133.25
133.25
129.25
129.25
132.75
132.75
131.0
131.0
132.75
132.75
131.0
129.75
129.75
128.75
128.75
128.25
128.25
126.0
126.0
128.75
128.75
129.75
129.75
127.0
127.0
127.0
126.0
126.0
126.0
126.0
129.25
129.25
132.25
132.25
131.5
131.5
131.5
135.75
135.75
135.75
135.75
129.25
129.25
132.25
132.25
131.5
135.75
135.75
138.25
138.25
137.5
137.5
139.5
139.5
139.5
139.5
139.5
139.5
140.25
142.25
142.75
142.75
142.75
142.75
143.5
145.0
145.0
145.0
145.0
144.25
141.5
141.5
140.75
140.75
142.25
142.75
142.75
142.75
142.75
143.5
141.5
141.5
139.0
139.0
135.75
135.75
132.25
132.25
127.75
126.5
126.5
127.75
127.75
127.75
124.0
122.5
122.5
123.5
123.5
124.0
124.0
124.0
124.0
123.0
123.0
123.0
123.5
123.0
123.0
124.0
124.0
124.5
124.5
126.0
126.0
121.0
121.0
123.5
125.5
125.5
124.0
124.0
123.5
123.5
127.0
127.0
127.75
127.75
128.75
128.75
128.25
128.25
131.0
131.0
128.75
131.0
131.0
129.75
129.75
121.0
121.0
115.0
115.0
122.5
122.5
122.5
118.0
121.5
121.5
121.5
121.5
119.0
119.0
124.0
124.0
126.0
126.0
126.5
126.5
127.0
127.0
127.75
127.75
129.25
129.75
129.75
132.25
132.25
133.25
133.25
131.5
131.5
129.25
129.25
128.75
129.75
129.75
129.75
133.25
131.5
131.5
129.75
129.75
134.0
134.0
132.75
134.5
134.5
134.0
134.0
134.5
134.5
133.25
135.75
135.75
132.75
132.75
132.75
132.75
134.5
134.5
135.25
134.0
134.0
130.5
130.5
126.5
126.5
129.75
129.75
129.75
129.75
127.0
127.0
127.75
127.75
128.25
128.25
131.0
129.75
129.75
128.75
128.75
132.75
132.75
131.5
133.25
133.25
134.5
134.5
135.75
135.75
136.25
136.25
135.25
137.0
137.0
137.0
137.0
137.0
137.0
137.0
137.5
137.5
138.25
138.25
138.25
138.25
138.25
138.25
138.25
138.25
138.25
138.25
137.5
137.5
138.25
138.25
135.25
135.25
136.25
136.25
136.25
136.25
136.25
132.75
132.75
135.75
135.75
136.25
137.5
137.5
137.0
137.0
138.25
138.25
139.5
137.0
137.0
136.25
136.25
138.25
138.25
135.75
136.25
136.25
137.5
137.5
138.25
138.25
139.0
140.25
140.25
141.5
141.5
140.75
142.25
142.25
142.75
142.75
143.5
144.25
144.25
145.0
145.0
145.0
145.0
145.0
145.75
145.75
145.75
147.0
147.0
147.0
147.0
147.75
145.75
145.75
146.25
145.75
145.75
145.0
145.0
143.5
142.75
142.75
144.25
144.25
143.5
145.0
145.0
144.25
144.25
144.25
145.0
145.0
145.0
145.0
145.75
145.75
145.75
145.0
145.0
146.25
146.25
146.25
145.75
145.75
142.25
142.25
142.25
139.0
139.0
140.75
139.5
139.5
139.5
139.5
136.25
136.25
136.25
136.25
134.0
134.0
134.0
134.0
134.5
131.5
131.5
132.25
132.25
129.75
132.75
132.75
129.25
129.25
131.0
131.0
131.0
131.0
130.5
130.5
131.5
127.75
127.75
129.75
129.75
125.0
125.0
129.75
129.75
130.5
130.5
130.5
129.75
130.5
132.75
132.75
132.25
132.25
132.25
132.25
132.75
132.75
132.75
132.75
130.5
132.25
132.25
134.0
134.0
132.75
132.75
131.5
131.5
134.5
126.5
126.5
130.5
130.5
132.25
132.25
131.5
131.5
130.5
130.5
129.75
132.25
132.25
132.25
132.25
132.25
132.25
132.25
132.25
131.0
131.0
131.0
130.5
133.25
133.25
133.25
129.25
129.25
130.5
130.5
131.5
131.5
129.25
129.75
129.75
129.75
129.75
129.75
130.5
130.5
130.5
127.0
127.0
128.25
130.5
130.5
130.5
130.5
131.0
131.0
132.75
132.75
132.75
132.75
135.25
135.25
135.25
136.25
136.25
137.5
137.5
138.25
139.5
139.5
139.5
139.5
140.75
141.5
141.5
142.25
142.25
141.5
141.5
138.25
137.5
137.5
137.0
137.0
135.25
135.25
134.5
132.25
132.25
131.5
131.5
131.0
131.0
129.25
129.25
131.5
131.5
131.5
132.75
132.75
131.5
131.5
128.25
128.25
128.25
128.25
128.75
128.75
131.5
132.25
132.25
131.0
131.0
130.5
130.5
130.5
130.5
132.25
132.25
132.25
134.0
134.0
134.5
134.5
134.5
134.5
134.0
134.0
132.25
131.5
131.5
128.75
128.75
128.25
128.25
128.75
128.75
127.75
127.75
128.25
128.25
127.0
129.25
129.25
129.75
129.75
129.75
129.75
128.25
128.25
128.75
128.75
129.25
129.25
128.75
128.75
127.0
127.75
127.75
125.5
125.5
127.75
127.75
127.75
127.75
126.5
126.5
127.0
127.0
129.25
129.25
130.5
129.75
129.75
127.75
127.75
127.75
127.75
130.5
130.5
126.0
126.0
129.25
129.25
126.5
126.5
127.75
126.0
126.0
125.5
125.5
125.5
125.5
124.5
124.5
129.25
129.25
129.25
129.25
130.5
130.5
129.25
130.5
130.5
129.25
129.25
130.5
130.5
131.0
131.0
131.5
131.5
126.5
126.5
130.5
131.5
131.5
133.25
133.25
134.0
134.0
135.25
134.0
134.0
134.18478260869566
134.3695652173913
134.55434782608697
134.7391304347826
134.92391304347825
135.1086956521739
135.29347826086956
135.47826086956522
135.66304347826087
135.84782608695653
136.0326086956522
136.2173913043478
136.40217391304347
136.58695652173913
136.77173913043478
136.95652173913044
137.1413043478261
137.32608695652175
137.5108695652174
137.69565217391303
137.8804347826087
138.06521739130434
138.25
138.25
138.25
138.25
138.25
137.5
139.0
139.0
139.5
139.5
137.0
137.0
135.75
135.75
135.25
137.5
137.5
138.25
138.25
139.5
139.5
139.5
140.25
140.25
140.75
140.75
141.5
140.75
140.75
140.75
141.5
143.5
142.75
142.75
144.25
144.25
145.0
146.25
146.25
145.0
145.0
142.25
144.25
144.25
143.5
143.5
139.5
139.5
139.5
142.25
142.25
141.5
139.0
139.0
140.25
140.25
133.25
133.25
133.25
133.25
137.5
136.25
136.25
134.5
134.5
135.25
135.25
133.25
134.5
134.5
134.0
134.0
134.5
134.5
132.75
132.75
132.75
134.5
134.5
131.5
131.5
134.0
134.0
131.5
131.5
128.75
128.75
129.25
129.75
129.75
132.25
132.25
130.5
130.5
132.75
132.75
130.5
130.5
131.0
132.75
132.75
131.0
131.0
132.75
132.75
132.75
131.0
128.25
128.25
128.75
129.75
129.75
130.5
130.5
127.0
127.0
124.0
124.0
123.0
123.0
122.0
122.0
123.0
123.0
129.75
129.75
133.25
134.0
134.0
135.75
135.75
137.0
137.0
138.25
140.25
140.25
140.75
140.75
141.5
142.25
142.25
142.75
142.75
140.75
140.75
139.5
140.75
140.75
135.75
135.75
135.25
135.25
137.5
134.5
134.5
132.25
132.25
129.75
129.75
125.0
125.0
127.0
127.0
129.75
132.25
132.25
128.75
128.75
131.5
131.5
129.25
129.25
132.25
132.25
131.0
131.0
129.75
127.0
127.0
127.75
127.75
129.75
129.75
131.5
131.5
131.5
131.5
128.25
128.25
127.75
127.75
127.75
129.25
129.25
130.5
130.5
129.75
129.75
132.25
132.25
131.5
128.25
128.25
127.75
127.75
127.0
127.0
129.75
129.75
129.75
130.5
131.0
131.0
131.0
132.25
132.25
133.25
133.25
134.0
134.0
129.75
129.75
128.75
128.75
128.25
129.75
129.75
126.5
126.5
127.75
127.75
128.25
128.25
129.25
129.25
129.75
129.75
131.0
131.0
127.0
130.5
130.5
131.5
131.5
123.0
123.0
129.25
129.25
130.5
130.5
132.25
133.25
133.25
134.0
134.0
132.25
132.25
134.0
134.0
134.0
134.5
134.5
134.0
134.0
134.0
134.0
135.25
135.25
134.0
135.25
135.25
134.5
134.5
134.0
134.0
133.25
133.25
131.0
131.0
131.0
129.25
129.25
129.25
129.25
131.0
131.0
129.25
129.25
127.75
127.75
127.0
126.5
126.5
128.25
128.25
128.25
128.25
128.75
128.75
124.5
124.5
126.5
126.5
125.0
125.0
127.0
127.0
126.5
126.5
126.5
127.0
127.0
127.0
127.0
128.75
128.75
127.0
127.0
128.25
128.25
128.25
128.25
124.0
124.0
127.0
125.0
125.0
124.5
124.5
125.5
125.5
127.0
127.0
128.25
128.25
129.75
129.75
132.75
132.75
135.75
136.25
136.25
135.25
135.25
129.25
129.25
126.5
126.5
129.75
129.75
129.25
129.25
129.25
129.25
129.25
131.0
131.0
131.0
131.5
131.5
133.25
133.25
133.25
133.25
135.75
135.75
137.0
137.0
134.0
134.5
134.5
137.5
137.5
137.5
137.5
134.5
131.5
131.5
121.5
121.5
121.5
111.5
111.5
109.0
109.0
109.0
109.0
111.0
111.0
114.0
114.0
112.75
112.75
112.75
114.0
114.0
116.25
116.25
117.75
117.75
116.75
116.75
117.25
117.25
119.0
119.0
123.5
123.5
122.5
122.5
123.5
123.5
122.0
122.0
118.0
118.0
118.5
118.5
121.0
121.0
120.5
120.5
118.5
118.5
122.0
122.0
123.5
123.5
120.0
120.0
119.5
119.5
119.0
119.0
119.5
119.5
120.5
120.5
122.0
122.5
122.5
122.5
122.5
124.5
124.5
125.5
125.5
125.0
125.0
128.25
128.25
129.25
129.25
130.5
130.5
131.5
132.75
132.75
134.0
134.0
134.5
134.5
135.75
137.5
137.5
135.75
135.75
135.25
135.25
130.5
130.5
135.25
131.0
131.0
131.5
131.5
134.0
134.0
131.0
131.0
131.0
131.0
131.0
132.75
132.75
134.5
134.5
136.25
136.25
136.25
137.0
133.25
132.25
132.25
132.75
132.75
133.25
133.25
135.25
135.75
135.75
135.75
135.75
137.0
137.0
137.5
137.5
134.0
135.75
135.75
135.25
135.25
135.75
135.75
134.0
135.75
135.75
137.0
137.0
137.0
137.0
134.5
135.25
135.25
135.25
135.25
135.25
135.25
137.0
137.5
137.5
137.0
137.0
137.5
137.5
139.0
137.5
137.5
137.0
137.0
137.5
137.5
137.5
137.5
127.75
147.75
147.75
134.5
134.5
134.0
134.0
135.75
135.25
135.25
135.25
135.25
132.75
132.75
135.25
132.75
132.75
135.25
135.25
134.0
134.0
134.0
134.0
134.0
133.25
133.25
134.5
134.5
134.5
134.5
135.75
135.75
137.0
138.25
138.25
139.5
139.5
139.5
140.25
140.25
140.25
140.25
140.75
140.75
141.5
142.25
142.25
142.25
142.25
142.25
142.25
142.25
142.75
142.75
142.25
142.25
142.25
143.5
143.5
142.25
140.75
140.75
142.25
142.25
142.75
142.25
142.25
142.25
142.25
140.75
140.75
139.0
140.25
140.25
134.5
134.5
134.0
134.0
133.25
133.25
130.5
132.75
132.75
130.5
130.5
131.5
131.5
129.25
129.25
129.25
128.25
126.0
127.75
127.75
129.25
129.25
125.0
125.0
129.75
129.75
132.25
132.25
129.75
129.75
132.75
134.0
134.0
134.0
134.0
134.5
134.5
135.25
137.0
137.0
137.5
137.5
135.25
135.25
134.5
134.5
134.0
133.25
133.25
134.0
134.0
129.75
129.75
125.0
125.0
125.0
123.5
129.25
129.25
132.25
133.25
133.25
135.25
135.25
135.75
135.75
137.5
138.25
138.25
139.5
139.5
141.5
141.5
137.5
141.5
141.5
142.75
142.75
142.75
143.5
143.5
144.25
144.25
144.25
145.0
145.0
146.25
146.25
147.0
147.75
147.75
147.75
147.75
147.75
147.75
147.75
148.5
147.75
147.75
150.0
148.5
148.5
150.0
150.0
149.25
149.25
149.25
148.5
148.5
148.5
146.25
146.25
147.75
146.25
146.25
147.0
147.0
145.75
145.75
145.75
146.25
146.25
146.25
146.25
146.25
146.25
146.25
147.75
147.75
147.75
147.75
149.25
149.25
147.75
147.75
149.25
148.5
148.5
145.75
145.75
144.25
142.25
142.25
140.75
140.75
137.0
137.0
137.0
134.5
134.5
134.5
134.5
136.25
136.25
132.75
134.5
134.5
132.75
132.75
134.0
134.0
131.5
131.5
133.25
133.25
133.25
132.75
132.75
132.25
132.25
134.0
134.0
132.25
128.75
128.75
126.5
126.5
127.75
127.75
126.5
126.5
124.0
124.0
125.0
125.0
122.0
122.0
123.5
123.5
120.0
120.0
122.5
122.5
121.0
121.0
119.5
119.5
121.0
121.0
118.0
118.0
119.5
119.5
119.5
117.75
121.0
121.0
121.5
121.5
119.5
119.5
119.5
119.5
116.25
116.25
116.25
116.25
117.75
117.75
118.5
118.5
116.25
116.25
117.75
117.75
117.25
117.25
121.5
121.5
121.5
121.5
121.5
120.0
123.0
123.0
120.5
120.5
119.0
119.0
118.5
118.5
120.0
120.0
120.0
120.0
119.5
119.5
120.5
120.5
122.0
122.0
120.0
120.0
124.0
124.0
119.0
119.0
124.0
124.0
120.5
120.5
118.5
118.5
119.5
119.5
117.75
117.75
127.0
127.0
121.0
121.0
126.0
126.0
126.5
126.5
128.25
128.25
127.75
126.5
126.5
129.75
129.75
129.25
129.25
119.0
119.0
131.5
131.5
128.75
128.75
128.75
128.75
123.0
123.0
127.75
127.75
120.5
125.5
125.5
118.0
118.0
126.5
126.5
117.75
117.75
126.5
126.5
117.75
117.75
125.0
125.0
125.5
125.5
122.0
122.0
119.5
119.5
123.0
123.0
124.5
124.5
124.0
124.0
124.5
124.5
120.0
120.0
123.0
123.0
124.5
124.5
123.5
123.5
126.5
126.5
123.0
123.0
123.0
125.5
125.5
125.0
125.0
121.5
121.5
121.5
121.5
120.5
120.5
119.5
119.5
123.5
123.5
126.0
126.0
127.0
127.0
126.0
126.0
126.0
126.0
126.5
126.5
122.5
122.5
129.75
131.5
131.5
129.25
129.25
130.5
130.5
131.0
131.0
122.5
122.5
125.0
125.0
120.0
120.0
119.0
119.0
119.0
119.0
120.0
120.0
123.0
123.0
125.0
125.0
128.75
127.0
127.0
126.5
126.5
121.0
121.0
128.25
128.25
120.0
120.0
123.5
123.5
125.0
125.0
127.75
127.75
131.0
131.0
129.75
128.75
128.75
126.0
126.0
123.0
123.0
125.0
125.0
124.5
124.5
121.5
121.5
125.0
125.0
123.5
123.5
121.5
121.5
122.5
122.5
123.0
123.0
123.0
123.0
121.5
121.5
123.0
123.0
125.5
125.5
125.0
125.0
126.5
127.75
127.75
125.0
125.0
129.25
129.25
127.0
127.0
127.75
127.75
127.75
127.75
129.25
129.25
129.75
129.75
129.75
129.75
129.75
126.0
126.0
125.5
125.5
127.75
127.75
126.0
126.0
129.75
129.75
127.75
129.75
129.75
129.25
129.25
125.0
125.0
126.5
126.5
127.0
127.0
125.0
125.0
124.5
124.5
125.0
125.0
128.25
128.25
126.5
126.5
126.5
127.0
127.0
128.25
128.25
128.25
128.25
129.25
129.25
130.5
130.5
129.25
130.5
130.5
130.5
130.5
131.0
131.0
128.25
128.25
131.0
131.0
129.75
129.75
131.5
129.25
129.25
132.25
132.25
131.0
131.0
134.0
134.0
134.5
134.5
134.5
135.25
135.25
135.75
135.75
134.5
134.0
134.0
135.25
135.25
135.75
135.75
135.25
135.25
137.0
137.0
137.0
136.25
136.25
137.0
137.0
137.0
138.25
138.25
137.5
137.5
138.25
138.25
138.25
138.25
139.5
139.0
139.0
137.5
137.5
137.5
134.5
134.5
132.75
132.75
132.75
132.75
132.75
131.0
131.0
131.5
131.5
130.5
130.5
130.5
130.5
129.75
129.75
128.75
128.75
126.5
128.25
128.25
126.0
126.0
126.0
123.5
125.0
125.0
125.0
125.0
125.5
125.5
124.5
124.5
124.0
124.0
121.5
121.5
120.5
120.5
120.0
120.0
116.25
116.25
116.75
116.75
115.5
115.5
118.0
118.0
120.5
120.5
122.5
122.5
124.5
124.5
124.0
124.0
126.5
126.5
128.25
128.25
128.75
131.5
131.5
133.25
133.25
134.5
134.5
135.75
135.75
137.0
137.5
137.5
133.25
133.25
132.75
132.75
135.75
134.0
134.0
136.25
136.25
136.25
136.25
137.5
137.5
137.5
139.0
139.0
138.25
138.25
138.25
139.5
139.5
139.5
139.5
140.25
140.25
140.25
140.75
140.75
141.5
141.5
141.5
140.75
140.75
139.0
139.0
135.75
135.75
137.5
137.5
134.5
130.5
130.5
127.75
127.75
128.25
128.25
126.0
126.0
127.0
127.0
127.0
126.0
127.0
128.25
128.25
129.25
129.25
128.25
128.25
128.75
128.75
129.25
129.25
127.75
127.75
129.75
129.25
129.25
128.25
128.25
130.5
130.5
131.5
131.5
132.25
132.25
134.0
135.75
135.75
136.25
136.25
138.25
138.25
139.0
136.25
136.25
137.0
137.0
133.25
133.25
134.5
129.25
129.25
133.25
133.25
130.5
130.5
127.0
127.0
130.5
130.5
128.25
128.25
128.75
129.75
129.75
131.0
131.0
132.75
132.75
132.75
133.25
134.5
135.75
135.75
137.0
137.0
137.0
137.0
138.25
139.0
139.0
139.0
131.5
139.5
139.5
139.5
139.5
137.5
137.5
137.5
135.75
135.75
133.25
135.75
135.75
135.75
135.75
136.25
136.25
128.25
128.25
136.25
133.25
133.25
133.25
133.25
134.0
134.0
134.0
134.0
134.0
135.25
135.25
134.5
134.5
133.25
133.25
133.25
132.75
130.5
129.25
129.25
131.0
131.0
129.75
129.75
129.75
129.75
127.75
127.75
119.5
119.5
128.75
128.75
131.5
132.25
132.25
132.75
132.75
129.75
129.75
129.25
129.25
131.0
131.0
131.0
127.0
127.0
128.75
128.75
128.25
128.25
128.75
128.75
128.75
128.75
129.25
129.25
131.0
131.0
131.0
131.0
131.0
129.25
129.25
129.25
129.25
128.75
128.75
127.75
127.75
128.25
127.0
127.0
128.25
128.25
132.25
132.25
130.5
130.5
131.0
131.0
131.0
133.25
133.25
134.5
134.5
135.25
135.25
135.25
135.25
137.0
137.5
137.5
132.25
132.25
134.0
134.0
129.25
129.25
132.75
133.25
133.25
134.5
134.5
131.0
131.0
130.5
130.5
127.75
127.75
131.5
131.5
131.5
132.25
132.25
131.5
131.5
130.5
130.5
131.5
134.0
134.0
132.25
132.25
132.25
132.25
131.5
131.5
133.25
133.25
131.0
132.25
132.25
133.25
133.25
132.75
132.75
132.25
132.25
134.0
133.25
133.25
132.25
132.25
131.5
131.5
131.0
131.0
129.75
129.75
131.5
134.0
134.0
134.5
134.5
135.75
135.75
135.25
134.0
134.0
135.25
135.25
134.5
134.5
133.25
133.25
132.75
132.25
132.25
128.25
128.25
131.0
131.0
131.5
131.5
131.5
131.5
132.75
132.25
132.25
132.75
132.75
134.5
134.5
134.0
134.0
134.5
133.25
133.25
132.75
132.75
134.0
134.0
135.25
135.25
134.5
132.75
132.75
134.5
134.5
133.25
133.25
130.5
130.5
132.75
134.5
134.5
134.5
134.5
134.5
134.5
135.75
134.0
134.0
132.25
132.25
135.25
135.25
134.0
134.0
136.25
136.25
136.25
136.25
136.25
138.25
138.25
138.25
137.0
137.0
137.0
137.0
137.5
137.5
136.25
137.5
137.5
137.5
137.5
137.0
137.0
134.5
136.25
136.25
136.25
136.25
137.0
137.0
138.25
134.5
134.5
135.75
135.75
137.5
137.5
137.5
137.5
137.5
139.0
139.0
138.25
138.25
138.25
139.5
139.5
140.25
140.25
140.75
140.75
139.0
140.25
140.25
140.75
140.75
141.5
140.75
140.75
140.75
140.75
139.5
140.25
140.25
140.25
140.25
140.25
140.25
139.5
140.25
140.25
140.25
140.25
139.0
139.5
139.5
139.0
139.0
137.5
137.5
137.0
138.25
138.25
137.5
137.5
137.0
137.0
137.0
137.0
137.0
137.0
137.0
136.25
136.25
137.5
137.5
137.5
137.5
137.5
137.5
137.5
138.25
135.25
135.25
137.5
137.5
137.0
137.0
137.5
135.25
135.25
135.75
135.75
134.5
134.5
136.25
136.25
134.0
135.25
135.25
133.25
133.25
134.5
134.5
135.75
133.25
133.25
135.25
135.25
133.25
133.25
134.5
134.5
135.25
134.0
134.0
136.25
136.25
134.5
134.5
134.5
134.5
134.5
135.75
134.5
135.25
135.25
134.0
134.0
134.5
137.0
137.0
137.0
137.0
138.25
138.25
139.0
139.5
139.5
141.5
141.5
140.75
142.75
142.75
142.75
142.75
142.25
142.25
135.25
131.5
131.5
129.25
129.25
130.5
130.5
132.25
132.25
131.0
131.0
127.0
127.0
125.0
122.5
122.5
121.5
121.5
118.5
118.5
118.5
119.0
119.0
116.25
116.25
115.5
115.5
114.5
114.5
112.0
112.0
109.5
109.5
110.75
110.75
113.75
113.75
113.25
113.25
113.25
117.25
117.25
118.5
118.5
118.5
118.5
122.5
127.0
127.0
130.5
130.5
131.0
131.0
130.5
130.5
126.0
126.0
131.0
132.75
132.75
133.25
133.25
137.0
137.0
139.0
140.75
140.75
141.5
141.5
143.5
145.0
145.0
145.75
145.75
147.75
142.25
142.25
138.25
138.25
129.25
129.25
128.25
128.25
129.25
129.25
129.75
129.75
128.75
129.25
129.25
129.25
132.75
131.5
131.5
135.25
139.0
139.0
140.75
140.75
140.25
140.25
124.0
124.0
111.0
111.0
117.75
117.75
117.75
117.75
120.5
120.5
123.0
123.0
124.5
124.5
127.75
127.75
128.25
128.25
129.25
130.5
130.5
129.25
129.25
130.5
130.5
131.0
131.0
131.0
131.0
134.0
145.0
145.0
145.75
147.75
147.75
148.5
148.5
147.0
150.75
150.75
151.5
150.75
150.75
150.75
150.75
145.0
140.25
140.25
134.0
134.0
131.0
131.0
129.75
129.75
126.5
126.5
126.5
126.5
127.0
127.0
127.0
123.5
123.5
124.5
124.5
124.5
124.5
125.0
125.0
125.0
125.0
124.0
124.0
121.0
121.0
123.0
123.0
121.0
121.0
115.75
115.75
107.5
107.5
107.5
106.5
106.5
110.0
110.0
114.0
114.0
118.0
118.0
117.75
117.75
114.0
114.0
105.75
105.75
108.25
108.25
108.25
106.75
106.75
104.5
104.5
100.0
100.0
100.0
104.5
104.5
107.25
107.25
109.5
109.5
109.5
109.5
109.5
109.0
109.0
108.75
108.75
107.25
107.25
100.0
100.0
100.0
94.25
94.25
95.25
95.25
95.25
95.75
95.75
96.5
96.5
96.5
98.75
98.75
99.75
99.75
99.75
99.25
99.25
99.25
99.25
99.25
99.25
99.25
100.25
100.25
102.75
102.75
102.75
101.75
101.75
103.0
103.0
104.25
104.25
104.25
107.5
107.5
115.0
115.0
118.0
118.0
124.5
128.75
128.75
131.5
131.5
135.75
135.75
135.75
137.0
139.0
141.5
141.5
142.25
142.25
142.25
139.5
139.5
141.5
141.5
139.0
140.25
140.25
135.25
135.25
140.25
140.25
138.25
138.25
140.25
139.5
139.5
139.5
139.5
139.5
140.25
140.25
139.5
139.5
141.5
142.75
142.75
139.5
139.5
139.5
140.25
140.75
137.0
137.0
138.25
138.25
139.5
137.0
137.0
133.25
133.25
126.5
126.5
124.0
124.0
124.0
124.0
125.0
125.0
123.5
123.5
122.5
122.5
121.5
121.5
122.5
122.5
129.75
134.0
134.0
138.25
138.25
140.25
140.25
142.75
142.75
145.75
147.0
150.75
150.75
152.25
152.25
154.75
154.75
154.75
155.5
156.25
156.25
158.75
158.75
158.75
159.5
156.25
156.25
158.0
157.0
157.0
157.0
155.5
155.5
153.75
153.75
153.75
153.0
153.0
153.0
153.0
153.0
154.75
154.75
154.75
148.5
148.5
142.75
141.5
141.5
140.25
140.25
145.0
146.25
146.25
147.0
147.0
147.75
149.25
149.25
150.75
152.25
152.25
153.0
154.75
154.75
154.75
154.75
154.75
150.0
150.0
144.25
139.5
139.5
139.0
139.0
142.25
142.25
142.25
145.0
145.0
146.25
146.25
147.75
150.75
150.75
153.0
156.25
156.25
156.25
158.0
158.0
158.75
159.5
159.5
161.25
160.5
160.5
160.5
159.5
159.5
157.0
155.5
155.5
158.0
156.25
156.25
157.0
157.0
157.0
157.0
157.0
156.25
155.5
155.5
153.75
155.5
155.5
155.5
155.5
155.5
156.25
156.25
156.25
156.25
158.0
158.0
157.0
157.0
157.0
157.0
157.0
154.75
154.75
154.75
154.75
155.5
155.5
154.75
153.0
153.0
150.0
150.0
147.75
146.25
146.25
143.5
143.5
140.75
139.0
139.0
139.5
139.5
137.5
139.5
139.5
138.25
138.25
140.75
140.75
139.5
139.5
139.5
137.0
137.0
137.0
133.25
137.5
137.5
137.5
137.0
137.0
137.5
137.5
137.5
139.5
139.5
138.25
138.25
137.0
137.0
135.75
135.75
135.75
131.0
131.0
129.25
129.25
133.25
133.25
134.0
132.75
132.75
132.75
131.0
132.75
132.75
133.25
133.25
134.0
133.25
133.25
135.25
135.25
136.25
136.25
135.25
135.25
135.75
135.75
134.5
135.75
135.75
134.5
134.5
135.25
134.5
134.5
134.5
134.5
133.25
133.25
134.0
134.0
132.25
133.25
133.25
135.25
135.25
134.0
134.0
134.5
134.5
134.0
134.5
134.5
134.0
134.0
133.25
133.25
134.0
134.0
134.0
134.0
134.0
135.75
135.75
135.75
135.75
136.25
136.25
136.25
139.5
139.5
140.25
140.25
139.0
140.25
140.25
140.25
140.25
138.25
139.5
139.5
138.25
138.25
136.25
136.25
137.0
137.0
137.0
139.0
139.0
137.0
137.0
138.25
135.75
135.75
135.25
135.25
135.75
135.75
135.25
137.0
137.0
136.25
136.25
137.5
137.5
138.25
137.5
137.5
138.25
138.25
139.0
139.0
137.0
138.25
138.25
137.5
137.5
137.0
137.0
137.5
139.0
139.0
138.25
138.25
134.5
134.5
135.25
136.25
136.25
133.25
133.25
133.25
133.25
133.25
134.5
130.5
130.5
129.75
128.25
128.25
124.0
124.0
126.5
126.5
128.25
128.25
129.25
129.25
131.0
131.0
129.75
130.5
130.5
133.25
133.25
131.0
131.0
134.5
134.5
133.25
135.25
135.25
132.25
132.25
136.25
136.25
137.0
137.0
139.5
139.5
138.25
136.25
136.25
138.25
137.0
137.0
137.0
137.0
138.25
138.25
137.5
137.0
137.0
135.25
135.25
131.0
131.0
134.5
134.5
134.5
132.75
132.75
132.25
132.25
131.5
131.5
132.25
132.25
129.25
129.25
132.25
131.0
131.0
132.75
132.75
132.25
132.25
133.25
133.25
133.25
131.0
131.0
132.25
132.25
133.25
133.25
133.25
133.25
133.25
134.0
134.0
131.0
131.0
132.75
132.75
133.25
133.25
134.5
134.5
129.25
132.75
132.75
135.25
135.25
132.75
132.75
128.75
128.75
130.5
131.0
131.0
128.75
128.75
129.25
129.25
129.25
129.25
128.75
128.75
129.25
129.25
128.75
130.5
130.5
130.5
130.5
130.5
130.5
130.5
130.5
130.5
130.5
131.5
132.75
132.75
130.5
130.5
132.25
132.25
131.0
131.0
133.25
133.25
132.75
134.0
134.0
135.25
135.25
132.75
132.75
128.25
128.25
132.25
133.25
133.25
131.5
131.5
131.5
131.5
135.25
135.25
131.5
134.0
134.0
134.0
134.0
129.25
129.25
134.0
134.0
134.5
135.25
135.25
134.5
134.5
133.25
133.25
129.75
129.75
132.25
132.25
131.5
131.5
131.5
130.5
130.5
133.25
133.25
133.25
133.25
131.5
132.75
132.75
132.75
132.75
130.5
130.5
127.0
127.0
131.0
131.0
129.25
129.25
130.5
128.75
128.75
130.5
130.5
126.5
126.5
131.0
131.0
132.25
132.25
131.0
133.25
133.25
129.25
129.25
132.75
132.75
128.75
128.75
132.75
132.75
128.75
131.0
131.0
128.25
128.25
129.25
129.25
131.0
131.0
131.0
131.0
131.5
131.5
126.5
132.75
132.75
128.75
128.75
131.0
131.0
130.5
130.5
131.5
131.5
131.0
130.5
130.5
129.75
129.75
130.5
130.5
131.0
131.0
123.5
123.5
133.25
132.25
132.25
129.75
129.75
131.0
131.0
130.5
130.5
131.5
131.5
129.25
130.5
130.5
131.0
131.0
131.0
131.0
128.25
128.25
132.25
132.25
128.25
128.25
130.5
131.5
131.5
131.5
131.5
131.5
131.5
131.5
131.5
132.75
131.0
131.0
131.0
131.0
132.75
132.75
131.5
131.5
132.25
132.25
134.0
132.25
132.25
131.0
131.0
132.75
132.75
130.5
130.5
128.25
128.25
131.5
128.75
128.75
122.0
122.0
129.75
129.75
124.5
124.5
127.0
127.0
128.25
128.25
129.75
129.75
127.0
127.0
128.45833333333334
129.91666666666666
131.375
132.83333333333334
134.29166666666666
135.75
135.75
138.25
140.75
140.75
140.75
140.75
143.5
144.25
144.25
145.75
145.75
147.0
147.75
147.75
147.0
148.5
148.5
150.0
150.0
149.25
150.75
150.75
151.5
152.25
152.25
151.5
151.5
153.0
152.25
152.25
153.0
152.25
152.25
152.25
153.0
153.0
153.0
153.0
153.75
154.75
154.75
154.75
154.75
154.75
155.5
153.75
153.75
150.0
150.0
147.75
146.25
146.25
146.25
147.0
147.0
145.75
145.75
144.25
145.75
145.75
141.5
141.5
141.5
141.5
141.5
138.25
138.25
143.5
143.5
145.0
146.25
146.25
147.75
147.75
147.75
148.5
148.5
150.75
151.5
151.5
153.0
154.75
154.75
155.5
156.25
156.25
155.5
155.5
156.25
156.25
156.25
157.0
157.0
157.0
156.25
158.0
158.0
157.0
157.0
157.0
156.25
156.25
153.75
144.25
144.25
121.0
121.0
120.0
120.0
129.25
129.25
134.5
139.0
139.0
139.5
139.5
141.5
141.5
142.75
141.5
141.5
144.25
147.0
147.0
149.25
149.25
150.75
150.75
150.75
152.25
154.75
154.75
154.75
154.75
156.25
157.0
157.0
158.0
155.5
155.5
151.5
142.25
142.25
133.25
133.25
134.5
134.5
135.25
133.25
133.25
129.25
129.25
128.25
128.25
131.0
131.0
137.5
141.5
141.5
143.5
143.5
141.5
141.5
134.0
139.5
139.5
141.5
141.5
143.5
144.25
144.25
142.25
142.25
140.75
140.75
140.25
140.75
140.75
142.25
142.25
142.25
144.25
144.25
147.0
148.5
148.5
150.0
150.0
149.25
150.0
150.0
153.0
153.75
153.75
157.0
157.0
154.75
153.0
153.0
153.75
155.5
155.5
153.75
152.25
152.25
150.75
150.75
142.25
135.25
135.25
128.25
128.25
129.75
129.75
128.25
128.25
123.5
123.5
123.0
123.0
130.5
134.0
134.0
138.25
138.25
143.5
143.5
143.5
142.75
142.75
140.75
140.75
142.25
142.25
142.25
139.0
139.0
127.0
127.0
127.75
127.75
134.5
140.75
140.75
142.75
142.75
143.5
142.25
142.25
142.25
140.25
139.0
139.0
139.5
139.0
139.0
140.25
140.25
141.5
144.25
144.25
144.25
142.75
145.0
147.0
147.0
146.25
146.25
145.75
147.0
147.0
147.75
148.5
148.5
149.25
149.25
148.5
150.0
150.0
149.25
148.5
148.5
150.0
150.0
149.25
149.25
149.25
150.0
150.0
150.0
149.25
149.25
148.5
149.25
149.25
148.5
148.5
147.75
147.75
147.75
149.25
148.5
148.5
148.5
148.5
147.0
145.0
145.0
143.5
143.5
144.25
142.75
142.75
142.25
142.25
142.25
142.25
142.25
141.5
141.5
142.75
142.25
142.25
144.25
144.25
145.0
144.25
144.25
144.25
144.25
145.0
145.0
145.0
144.25
144.25
144.25
145.0
145.0
144.25
144.25
141.5
143.5
143.5
144.25
144.25
144.25
145.0
143.5
145.0
145.0
145.0
143.5
143.5
144.25
144.25
143.5
144.25
144.25
144.25
144.25
144.25
142.25
142.25
143.5
143.5
140.75
140.75
141.5
140.25
140.25
142.25
142.25
142.25
143.5
143.5
140.75
140.75
142.25
141.5
141.5
140.75
140.75
139.0
139.0
138.25
138.25
138.25
139.5
139.5
141.5
142.25
142.25
139.5
139.5
134.5
134.5
132.75
132.75
131.5
132.25
132.25
134.0
134.0
131.5
131.5
132.75
132.75
135.25
137.0
137.0
137.0
137.0
136.25
136.25
137.0
137.5
137.5
139.0
139.0
136.25
136.25
138.25
137.5
137.5
137.5
137.5
138.25
137.5
137.5
136.25
136.25
137.0
137.0
135.75
135.75
134.5
135.75
135.75
137.5
137.5
136.25
136.25
135.25
134.5
134.5
134.5
134.5
135.75
135.75
135.25
135.75
135.75
134.0
134.0
132.25
132.25
135.25
135.25
132.75
131.5
131.5
131.5
131.5
132.25
132.25
129.25
129.25
131.5
131.5
131.0
132.25
132.25
131.0
131.0
133.25
133.25
132.25
132.25
131.5
131.5
132.25
132.75
132.75
133.25
133.25
134.5
134.5
129.75
129.75
129.75
132.25
132.25
132.75
132.75
131.0
131.0
130.5
130.5
128.25
128.25
130.5
130.5
128.25
128.25
128.25
129.25
129.25
131.5
131.5
131.0
131.0
131.0
131.0
127.0
132.25
132.25
128.75
128.75
130.5
130.5
130.5
130.5
131.0
131.0
131.0
131.5
131.5
129.25
129.25
128.75
128.75
130.5
130.5
130.5
130.5
132.75
132.75
128.25
132.25
132.25
135.25
135.25
130.5
130.5
134.5
134.5
134.5
137.0
137.0
134.0
134.0
136.25
136.25
136.25
137.0
137.0
134.5
134.5
135.25
135.25
132.25
132.25
133.25
131.0
131.0
133.25
133.25
130.5
130.5
131.5
131.5
131.0
131.0
131.0
131.0
131.0
132.75
132.75
128.75
128.75
132.75
132.75
130.5
133.25
133.25
129.25
129.25
129.25
129.25
128.75
128.75
131.5
131.5
134.0
132.75
132.75
135.25
135.25
132.75
132.75
131.5
131.5
127.0
127.0
131.5
125.0
125.0
134.0
134.0
131.0
131.0
131.5
131.5
131.5
131.5
126.0
135.25
135.25
133.25
133.25
132.75
132.75
126.5
126.5
134.0
134.0
126.5
133.25
133.25
128.75
128.75
128.25
128.25
128.75
128.75
130.5
130.5
129.25
129.25
131.0
129.75
129.75
129.25
129.25
131.5
131.5
123.0
123.0
132.75
132.75
130.5
130.5
131.5
129.75
129.75
131.0
131.0
131.0
131.0
124.5
124.5
134.0
134.0
129.25
131.5
131.5
131.0
131.0
132.25
132.25
131.5
131.5
129.75
129.75
124.0
132.25
132.25
129.75
129.75
129.25
129.25
129.75
129.75
130.5
130.5
132.75
132.75
131.0
132.25
132.25
128.25
128.25
128.75
128.75
124.0
124.0
131.0
131.0
128.75
128.75
124.0
131.0
131.0
123.5
123.5
129.25
129.25
128.75
128.75
131.0
131.0
124.0
124.0
130.5
130.5
123.5
123.5
129.75
126.5
126.5
128.25
128.25
119.0
119.0
131.0
131.0
128.25
128.25
129.25
129.25
127.0
127.0
129.75
129.25
129.25
129.25
129.25
131.0
131.0
129.25
129.25
129.75
129.75
131.0
131.0
132.75
133.25
133.25
129.75
129.75
134.5
134.5
135.75
136.25
136.25
137.0
137.0
137.0
137.5
139.0
139.5
139.5
140.75
140.75
142.75
144.25
144.25
142.25
142.25
142.25
132.75
129.25
129.25
132.25
132.75
132.75
134.5
134.5
135.25
135.25
137.0
138.25
138.25
139.0
139.0
140.75
140.75
141.5
142.75
142.75
145.75
145.75
146.25
142.25
142.25
128.25
128.25
125.5
125.5
126.0
126.0
125.0
125.0
131.5
134.5
134.5
137.0
137.0
140.75
140.75
142.25
144.25
144.25
146.25
146.25
148.5
152.25
152.25
153.0
154.75
154.75
155.5
153.75
153.75
153.75
153.75
146.25
145.0
145.0
142.25
142.25
140.75
134.5
134.5
132.75
132.75
136.25
136.25
139.5
142.25
142.25
144.25
144.25
147.75
150.0
150.0
153.0
154.75
154.75
155.5
154.75
154.75
150.75
150.75
135.75
135.75
129.25
135.25
135.25
141.5
141.5
143.5
146.25
146.25
147.75
147.75
148.5
150.75
150.75
151.5
151.5
151.5
153.0
153.0
146.25
143.5
143.5
141.5
141.5
137.5
137.5
138.25
140.25
140.25
142.25
142.25
142.75
142.25
142.25
145.0
145.0
142.75
142.75
142.75
145.75
145.75
145.75
147.75
147.75
147.75
146.25
146.25
148.5
148.5
149.25
149.25
149.25
150.75
151.5
151.5
152.25
152.25
152.25
153.75
153.75
153.75
153.75
153.75
153.75
155.5
155.5
154.75
154.75
154.75
156.25
156.25
155.5
155.5
155.5
155.5
155.5
155.5
156.25
156.25
156.25
157.0
158.0
158.0
159.5
159.5
159.5
158.75
159.5
159.5
161.25
159.5
159.5
160.5
160.5
160.5
159.5
160.5
160.5
160.5
160.5
160.5
163.0
161.25
161.25
162.25
163.0
163.0
162.25
162.25
162.25
160.5
158.75
158.75
158.0
158.0
158.0
158.0
156.25
156.25
155.5
156.25
156.25
157.0
158.0
158.0
156.25
156.25
157.0
158.0
158.0
158.0
158.75
158.75
159.5
159.5
160.5
160.5
161.25
161.25
161.25
161.25
161.25
162.25
163.0
162.25
162.25
163.0
163.0
163.0
163.0
163.0
163.0
164.0
163.0
163.0
164.0
164.0
164.0
163.0
164.0
164.0
163.0
163.0
163.0
162.25
163.0
163.0
163.0
162.25
162.25
162.25
163.0
163.0
163.0
162.25
163.0
163.0
162.25
162.25
162.25
162.25
161.25
161.25
160.5
162.25
162.25
160.5
160.5
160.5
159.5
160.5
160.5
158.75
158.0
158.0
159.5
158.0
158.0
157.0
156.25
156.25
155.5
155.5
155.5
154.75
154.75
153.75
154.75
154.75
153.75
153.75
153.75
153.0
153.0
153.0
152.25
152.25
153.0
150.0
150.0
150.0
149.25
149.25
145.75
145.75
148.5
147.75
147.75
148.5
148.5
147.0
147.75
147.75
147.75
145.0
145.0
147.0
147.0
146.25
147.75
147.75
145.75
145.75
145.0
146.25
146.25
143.5
143.5
143.5
144.25
144.25
145.0
145.0
142.25
142.25
142.25
143.5
143.5
142.25
142.25
142.25
142.75
142.75
145.0
142.25
142.25
142.75
142.75
137.0
141.5
141.5
142.25
142.25
142.75
142.75
139.0
140.75
140.75
140.75
142.75
143.5
144.25
144.25
145.75
145.75
147.0
147.75
147.75
149.25
150.75
150.75
150.75
150.75
152.25
152.25
153.75
153.75
154.75
154.75
151.5
149.25
149.25
150.75
150.75
151.5
150.75
150.75
150.0
147.75
147.75
146.25
146.25
147.0
147.0
147.0
145.75
145.75
143.5
135.25
135.25
131.5
131.5
122.5
122.5
115.75
115.75
115.75
93.75
93.75
93.75
72.25
72.25
75.75
79.25
82.75
86.25
89.75
93.25
96.75
100.25
103.75
107.25
110.75
114.25
117.75
117.75
122.0
122.0
121.0
121.0
121.0
110.75
110.75
110.0
110.0
112.75
112.75
112.0
112.0
120.0
120.0
126.0
126.0
132.25
134.5
134.5
130.5
130.5
126.0
126.0
127.75
127.75
137.0
137.0
133.25
131.5
131.5
121.0
121.0
121.0
108.0
108.6470588235294
109.29411764705883
109.94117647058823
110.58823529411765
111.23529411764706
111.88235294117646
112.52941176470588
113.17647058823529
113.82352941176471
114.47058823529412
115.11764705882354
115.76470588235294
116.41176470588235
117.05882352941177
117.70588235294117
118.3529411764706
119.0
119.0
124.0
124.0
126.5
126.5
129.25
131.0
131.0
134.5
134.5
134.5
134.5
139.5
140.63235294117646
141.76470588235293
142.89705882352942
144.02941176470588
145.16176470588235
146.2941176470588
147.4264705882353
148.55882352941177
149.69117647058823
150.8235294117647
151.9558823529412
153.08823529411765
154.22058823529412
155.35294117647058
156.48529411764707
157.61764705882354
158.75
158.75
160.5
160.5
160.5
161.25
159.5
159.5
160.5
158.75
158.75
160.5
160.5
160.5
159.5
161.25
161.25
161.25
162.25
162.25
163.0
159.5
159.5
159.5
161.25
161.25
163.0
162.25
162.25
162.25
158.0
158.0
162.25
163.0
163.0
163.0
164.0
164.0
164.0
164.0
164.75
164.75
164.0
163.0
163.0
162.25
162.25
162.25
162.25
160.5
160.5
160.5
162.25
159.5
161.25
160.5
160.5
160.5
160.5
160.5
160.5
160.5
160.5
160.5
159.5
159.5
158.75
158.75
161.25
161.25
158.75
158.75
159.5
157.0
157.0
158.0
158.0
158.0
156.25
156.25
156.25
156.25
156.25
157.0
152.25
152.25
156.25
157.0
157.0
154.75
155.5
155.5
153.0
151.5
151.5
150.75
150.75
149.25
148.5
148.5
148.5
148.5
148.5
147.0
147.0
147.75
150.75
150.75
150.0
151.5
151.5
150.75
150.75
152.25
152.25
152.25
152.25
152.25
152.25
151.5
151.5
152.25
151.5
151.5
150.75
151.5
151.5
150.75
150.0
150.0
146.25
146.25
149.25
150.75
150.75
150.0
150.0
149.25
147.75
147.75
150.75
148.5
148.5
148.5
149.25
150.0
150.0
150.0
147.75
148.5
148.5
150.75
150.75
148.5
148.5
148.5
148.5
149.25
149.25
147.0
147.0
146.25
150.0
150.0
147.75
147.75
147.75
149.25
149.25
148.5
148.5
148.5
149.25
149.25
149.25
149.25
148.5
149.25
149.25
144.25
146.25
146.25
143.5
143.5
144.25
146.25
146.25
145.0
147.0
147.0
146.25
146.25
144.25
145.0
145.0
145.75
145.75
147.0
147.0
147.0
144.25
144.25
146.25
146.25
146.25
141.5
141.5
143.5
142.25
142.25
140.75
140.75
142.25
140.25
140.25
140.75
140.75
141.5
143.5
143.5
143.5
143.5
140.25
140.25
142.75
140.75
140.75
142.25
142.25
142.25
144.25
144.25
143.5
143.5
143.5
142.75
142.75
143.5
143.5
142.75
144.25
144.25
144.25
144.25
137.0
140.75
140.75
139.5
139.5
142.25
142.25
137.0
142.25
142.25
135.75
135.75
140.75
140.75
137.0
139.5
139.5
139.0
139.0
142.25
140.25
140.25
137.0
137.0
137.0
137.0
136.25
138.25
138.25
134.0
134.0
140.25
140.25
132.75
138.25
138.25
134.5
134.5
137.5
137.5
135.25
139.0
139.0
137.5
137.5
137.0
137.0
140.25
132.75
132.75
139.0
139.0
139.0
139.0
137.5
139.5
139.5
135.75
135.75
130.5
130.5
139.5
139.5
131.0
139.5
139.5
136.25
136.25
131.5
131.5
135.25
132.25
132.25
137.5
137.5
131.5
131.5
138.25
138.25
134.5
128.75
128.75
132.75
132.75
128.25
128.25
137.0
137.0
128.75
134.0
134.0
134.0
134.0
135.25
135.25
135.25
135.25
134.5
135.75
135.75
126.0
126.0
137.0
137.0
135.25
135.25
128.75
137.5
137.5
130.5
130.5
135.75
135.75
132.25
132.25
134.5
137.0
137.0
136.25
136.25
137.0
137.0
137.0
135.75
135.75
137.0
137.0
137.5
137.5
139.0
138.25
138.25
140.25
140.25
137.5
137.5
140.25
138.25
138.25
139.5
139.5
137.0
139.5
139.5
139.0
139.0
140.25
140.25
140.25
137.5
137.5
140.75
140.75
140.75
140.75
137.5
139.0
139.0
139.0
139.0
139.0
139.0
139.0
139.0
139.0
139.5
139.5
137.0
135.75
135.75
135.75
135.75
135.75
135.75
137.5
135.25
135.25
134.5
134.5
134.0
134.0
133.25
133.25
134.5
134.5
134.5
136.25
136.25
135.75
135.75
136.25
137.0
137.0
136.25
136.25
137.0
137.0
139.0
137.5
137.5
137.5
137.5
134.5
134.5
135.75
134.5
134.5
136.25
136.25
136.25
136.25
131.5
131.5
137.0
137.0
137.0
137.0
137.0
135.75
135.75
136.25
135.25
135.25
137.0
137.0
135.25
135.25
137.0
135.75
135.75
137.0
137.0
136.25
136.25
135.75
135.75
132.75
138.25
138.25
136.25
136.25
136.25
136.25
136.25
136.25
136.25
136.25
136.25
136.25
136.25
135.25
137.0
137.0
134.5
134.5
135.75
135.75
134.5
137.0
137.0
137.0
137.0
135.25
135.25
134.5
134.5
132.75
134.5
134.5
130.5
130.5
136.25
136.25
133.25
133.25
131.0
134.5
134.5
134.0
134.0
134.0
134.0
134.5
134.5
135.75
135.75
135.75
135.75
131.5
131.0
131.0
133.25
133.25
135.25
137.0
137.0
137.0
137.0
138.25
138.25
139.5
140.75
140.75
140.25
140.25
135.75
131.0
131.0
124.0
124.0
124.5
124.5
124.0
124.0
120.5
120.5
116.25
116.25
113.25
113.25
113.25
112.75
112.75
112.73484848484848
112.71969696969697
112.70454545454545
112.68939393939394
112.67424242424242
112.6590909090909
112.64393939393939
112.62878787878788
112.61363636363636
112.59848484848484
112.58333333333333
112.56818181818181
112.5530303030303
112.53787878787878
112.52272727272727
112.50757575757575
112.49242424242425
112.47727272727273
112.46212121212122
112.4469696969697
112.43181818181819
112.41666666666667
112.40151515151516
112.38636363636364
112.37121212121212
112.35606060606061
112.3409090909091
112.32575757575758
112.31060606060606
112.29545454545455
112.28030303030303
112.26515151515152
112.25
112.25
108.75
108.75
104.5
104.5
111.5
111.5
111.5
106.75
106.75
105.25
105.25
101.0
101.0
101.0
98.0
98.0
97.5
97.5
97.5
95.75
95.75
99.0
98.925
98.85
98.775
98.7
98.625
98.55
98.475
98.4
98.325
98.25
98.25
98.25
100.25
100.25
101.0
101.0
104.5
104.5
104.5
105.75
105.75
110.75
110.75
115.0
115.0
126.0
126.0
127.0
132.75
132.75
133.25
133.25
134.0
134.0
136.25
136.25
139.0
140.25
140.25
142.75
142.75
145.0
144.25
144.25
147.75
147.75
144.25
147.75
147.75
150.75
152.25
152.25
152.25
153.75
153.75
153.75
153.75
156.25
153.75
153.75
158.0
159.5
159.5
159.5
158.75
158.75
154.75
154.75
154.75
153.75
151.5
151.5
151.5
151.5
153.0
155.5
155.5
156.25
155.5
155.5
158.75
158.75
158.75
158.0
158.75
158.75
160.5
160.5
160.5
158.75
157.0
157.0
158.0
159.5
159.5
156.25
157.0
157.0
160.5
160.5
160.5
160.5
161.25
161.25
162.25
163.0
163.0
164.75
164.75
164.75
165.75
166.75
166.75
166.75
167.5
166.75
166.75
166.75
167.5
167.5
167.5
165.75
165.75
165.75
165.75
165.75
165.75
165.75
165.75
165.75
164.75
164.0
164.0
163.0
163.0
163.0
161.25
160.5
160.5
161.25
161.25
161.25
158.0
157.0
157.0
153.0
153.0
153.0
151.5
151.5
147.75
141.5
141.5
137.5
137.5
132.75
132.75
128.75
128.75
119.0
119.0
126.0
126.0
123.5
123.5
121.0
121.0
119.5
119.5
115.0
115.0
111.0
111.0
108.25
108.25
107.5
107.5
107.5
100.75
100.75
103.0
103.0
103.75
103.75
103.75
108.0
108.0
112.75
112.75
111.5
111.5
113.75
113.75
112.75
112.75
111.5
111.5
112.25
112.25
114.0
114.0
114.0
116.25
116.25
118.0
130.5
130.5
132.75
132.75
135.75
135.75
135.25
137.5
137.5
135.25
135.25
139.5
139.5
132.75
132.75
133.25
127.75
127.75
124.0
124.0
121.5
121.5
125.5
125.5
126.5
126.5
129.25
129.25
130.5
130.5
130.5
130.5
132.25
132.25
132.25
132.75
132.75
134.0
134.0
136.25
138.25
138.25
137.5
137.5
140.75
140.75
142.25
139.5
139.5
142.25
142.25
142.25
142.25
142.25
143.5
143.5
142.75
141.5
141.5
142.75
142.75
143.5
141.5
141.5
140.75
140.75
140.75
140.75
142.25
136.25
136.25
135.75
135.75
134.0
134.0
135.75
137.0
137.0
137.0
137.0
137.5
137.5
137.0
135.25
135.25
133.25
133.25
133.25
133.25
134.5
134.5
137.0
136.25
136.25
140.25
140.25
140.75
145.0
145.0
145.0
145.0
146.25
146.25
146.25
148.5
148.5
150.0
150.0
150.0
150.75
151.5
151.5
150.75
150.75
151.5
152.25
152.25
150.75
150.0
150.0
147.0
147.0
147.75
144.25
144.25
147.0
146.25
146.25
145.0
145.0
147.75
146.25
146.25
147.75
147.75
147.75
145.75
145.75
146.25
146.25
145.0
143.5
143.5
145.0
145.0
145.0
144.25
144.25
139.5
139.5
138.25
134.5
134.5
139.0
139.0
140.75
140.75
142.25
143.5
143.5
143.5
143.5
142.75
145.0
145.0
144.25
144.25
142.25
140.25
140.25
141.5
141.5
138.25
140.75
140.75
140.75
140.75
140.75
140.75
142.75
142.25
142.25
144.25
144.25
144.25
141.5
141.5
141.5
141.5
140.25
139.0
139.0
135.75
135.75
139.0
139.0
138.25
142.75
142.75
140.75
140.75
139.0
139.0
139.0
139.0
139.0
134.5
134.5
139.5
139.0
139.0
136.25
136.25
137.0
137.0
135.75
135.75
135.75
135.25
135.25
135.75
135.75
134.0
134.0
134.0
132.25
132.25
132.75
132.75
135.25
135.25
138.25
138.25
137.0
137.5
137.5
136.25
136.25
140.75
138.25
138.25
140.25
140.25
137.0
137.0
139.0
139.5
139.5
136.25
136.25
134.5
134.5
129.75
129.75
132.75
134.0
134.0
135.25
135.25
136.25
136.25
134.0
132.75
132.75
131.5
131.5
132.75
132.75
137.0
137.0
137.5
138.25
138.25
140.25
140.25
141.5
142.75
142.75
142.75
142.75
142.25
142.25
140.75
141.5
141.5
138.25
138.25
138.25
134.5
134.5
135.25
135.25
138.25
138.25
138.25
137.0
137.0
139.5
139.5
137.5
137.5
139.0
140.75
140.75
139.0
139.0
137.5
137.5
135.75
134.5
134.5
135.75
135.75
135.75
135.75
134.5
134.5
132.75
132.75
132.75
133.25
133.25
132.25
132.25
127.75
127.75
127.0
127.0
126.5
126.5
126.0
127.0
127.0
128.25
128.25
129.25
129.25
131.5
131.5
131.0
131.0
129.25
131.0
131.0
131.0
131.0
129.75
129.75
127.0
127.0
132.75
132.75
132.25
132.25
127.75
126.0
126.0
125.5
125.5
122.0
122.0
121.5
121.5
122.5
122.5
125.0
125.0
124.5
124.5
126.5
126.5
126.0
126.0
127.75
127.75
127.0
127.0
128.75
126.0
126.0
127.0
127.0
123.0
123.0
125.5
125.5
124.0
124.0
124.5
124.5
123.5
123.5
122.0
122.0
122.5
122.5
119.5
119.5
122.5
122.5
123.0
123.0
121.5
121.5
121.5
121.5
121.5
121.5
120.0
120.0
122.0
122.0
118.5
118.5
117.75
117.75
118.0
118.0
115.5
115.5
120.0
120.0
114.0
114.0
113.25
113.25
108.75
108.75
108.75
108.0
108.0
96.25
96.25
100.75
100.75
100.75
107.25
107.25
108.25
108.25
114.0
114.0
118.0
118.0
120.5
120.5
121.5
121.5
116.75
116.75
119.0
119.0
120.5
120.5
115.5
115.5
113.75
113.75
115.5
115.5
112.25
112.25
112.25
112.0
112.0
110.0
110.0
107.25
107.25
106.5
106.5
106.5
108.25
108.25
110.25
110.25
110.75
110.75
110.75
110.75
114.5
114.5
114.5
114.5
112.75
112.75
113.75
113.75
113.75
116.75
116.75
116.75
116.75
118.0
118.0
116.75
116.75
120.5
120.5
122.0
122.0
122.5
122.5
122.0
122.0
120.0
125.0
125.0
127.75
127.75
126.5
126.5
130.5
130.5
133.25
133.25
124.5
124.5
137.0
134.5
134.5
126.5
126.5
139.0
139.0
131.0
131.0
132.75
135.25
135.25
132.75
132.75
132.75
132.75
132.25
132.25
132.75
134.5
134.5
133.25
133.25
135.75
135.75
133.25
133.25
135.25
134.5
134.5
128.25
128.25
134.0
134.0
137.5
137.5
137.5
138.25
138.25
139.0
139.0
138.25
140.25
140.25
137.0
137.0
134.0
134.0
134.0
134.0
134.5
133.25
133.25
134.5
134.5
137.0
137.0
137.5
134.5
134.5
135.25
135.25
133.25
133.25
134.0
134.0
135.25
132.25
132.25
132.75
132.75
129.25
129.25
129.75
129.75
128.25
128.25
128.75
130.5
130.5
133.25
133.25
131.5
131.5
134.0
134.0
131.0
131.0
128.25
129.25
129.25
129.75
129.75
132.25
132.25
134.5
134.5
132.25
132.25
131.5
131.5
131.5
133.25
133.25
134.5
134.5
134.5
134.5
134.5
134.5
135.75
133.25
133.25
135.75
135.75
134.5
136.25
136.25
135.75
135.75
136.25
136.25
137.0
137.0
137.0
137.0
137.0
134.5
134.5
132.75
132.75
135.75
134.5
134.5
135.75
135.75
136.25
136.25
134.5
136.25
136.25
136.25
136.25
136.25
136.25
135.25
136.25
136.25
135.25
135.25
135.75
135.75
134.5
134.5
134.0
136.25
136.25
136.25
136.25
135.75
135.75
132.25
134.5
134.5
134.5
134.5
135.75
135.75
134.0
134.0
134.5
135.25
135.25
132.75
132.75
134.0
134.0
134.0
134.0
135.25
135.25
135.25
135.25
135.25
134.5
134.5
134.5
133.25
133.25
135.25
135.25
137.0
137.0
137.0
135.25
135.25
134.0
134.0
136.25
136.25
135.75
135.75
137.5
139.0
139.0
139.5
139.5
140.75
140.25
140.25
141.5
141.5
140.75
140.75
140.25
139.5
139.5
139.5
139.5
139.5
140.25
140.25
139.5
139.5
139.0
139.0
137.5
139.5
139.5
138.25
138.25
138.25
138.25
136.25
139.0
139.0
137.5
137.5
134.5
134.5
134.0
132.25
132.25
134.0
134.0
135.25
135.25
134.0
134.0
131.0
134.0
134.0
135.25
135.25
135.25
135.25
133.25
133.25
135.25
135.25
135.25
132.75
132.75
135.25
135.25
134.5
134.0
134.0
136.25
136.25
134.5
134.5
133.25
133.25
135.75
137.0
137.0
138.25
138.25
137.0
137.0
136.25
138.25
138.25
137.5
137.5
137.0
137.0
138.25
138.25
138.25
136.25
136.25
135.75
135.75
137.5
134.5
134.5
136.25
136.25
132.75
132.75
135.25
134.0
134.0
135.75
135.75
137.0
137.0
137.0
137.0
135.25
135.75
135.75
135.25
135.25
134.5
134.5
132.75
135.25
135.25
131.5
131.5
134.0
134.0
134.5
134.5
134.5
135.25
135.25
135.25
135.25
135.25
135.25
135.75
136.25
136.25
134.5
134.5
134.0
134.0
136.25
136.25
136.25
136.25
136.25
134.0
134.0
134.5
134.5
136.25
137.0
137.0
137.5
137.5
137.0
137.0
137.5
138.25
138.25
137.0
137.0
134.5
134.5
137.5
138.25
138.25
137.0
137.0
137.5
137.5
136.25
137.0
137.0
134.5
134.5
135.25
135.25
135.25
135.25
131.0
134.0
134.0
135.75
135.75
135.75
135.75
137.5
136.25
136.25
138.25
138.25
135.75
135.75
135.25
134.5
134.5
137.0
137.0
136.25
136.25
136.25
136.25
134.5
136.25
136.25
134.5
134.5
134.0
134.0
134.5
135.25
135.25
135.25
135.25
137.0
137.0
136.25
137.5
137.5
137.0
137.0
139.0
139.0
136.25
137.0
137.0
136.25
136.25
132.75
132.75
136.25
136.25
135.75
134.5
134.5
135.75
135.75
134.0
134.0
134.5
132.75
132.75
130.5
130.5
132.75
132.75
131.5
131.5
132.25
132.25
131.5
131.5
131.5
133.25
133.25
130.5
130.5
131.5
131.5
132.75
132.75
131.5
131.5
131.5
128.25
128.25
129.75
129.75
131.5
131.5
132.25
132.25
131.5
131.5
131.5
132.75
132.75
133.25
133.25
135.75
136.25
136.25
137.5
137.5
137.5
137.5
138.25
139.5
139.5
139.5
139.5
139.5
139.5
140.25
140.75
140.75
140.75
140.75
140.75
139.0
139.0
139.5
139.5
140.75
140.75
138.25
139.0
139.0
139.5
139.5
137.5
139.0
139.0
140.25
140.25
137.5
137.5
139.0
139.5
139.5
137.5
137.5
137.5
137.5
137.0
138.25
138.25
137.5
137.5
139.5
139.5
135.25
138.25
138.25
136.25
136.25
137.0
137.0
137.0
135.25
135.25
137.0
137.0
136.25
136.25
135.25
137.5
137.5
137.5
137.5
138.25
138.25
133.25
135.75
135.75
137.0
137.0
137.0
137.0
137.5
137.0
137.0
138.25
138.25
139.0
139.0
140.25
140.75
140.75
140.25
140.25
141.5
141.5
141.5
140.25
140.25
142.25
142.25
142.25
142.75
142.75
142.25
142.25
142.25
143.5
143.5
142.25
142.25
142.75
143.5
143.5
141.5
141.5
142.25
140.75
140.75
140.25
140.25
140.75
140.75
140.25
140.25
140.25
138.25
138.25
139.5
140.25
140.25
139.5
139.5
138.25
138.25
139.5
139.0
139.0
139.0
139.0
138.25
138.25
138.25
139.0
139.0
136.25
136.25
137.5
138.25
138.25
137.5
137.5
137.0
137.0
137.0
137.5
137.5
138.25
138.25
139.0
139.0
138.25
139.0
139.0
139.5
139.5
140.25
140.25
139.0
139.5
139.5
141.5
141.5
140.25
141.5
141.5
139.5
139.5
140.25
140.25
140.75
141.5
141.5
139.5
139.5
141.5
141.5
141.5
139.0
139.0
138.25
140.25
140.25
132.75
132.75
138.25
138.25
134.0
134.0
133.25
133.25
133.25
134.5
134.5
136.25
136.25
135.75
135.75
136.25
137.0
137.0
137.5
137.5
137.5
138.25
138.25
137.5
137.5
139.0
139.0
134.5
136.25
136.25
134.5
134.5
135.25
135.25
135.75
135.75
136.25
135.25
135.25
135.25
135.25
132.75
132.75
133.25
133.25
134.0
135.25
135.25
132.25
132.25
134.0
134.0
135.75
134.5
134.5
136.25
136.25
135.25
135.25
134.5
134.5
134.5
135.75
135.75
136.25
136.25
133.25
133.25
130.5
130.5
130.5
131.0
130.5
124.5
124.5
133.25
133.25
123.5
123.5
127.75
127.75
127.75
127.75
123.5
123.5
125.5
125.5
124.5
124.5
126.5
127.75
127.75
127.75
127.75
130.5
130.5
129.75
129.75
127.0
127.0
128.25
128.25
128.25
125.0
125.5
125.5
123.5
123.5
120.5
120.5
118.0
118.0
121.5
126.0
126.0
127.75
127.75
129.75
129.75
132.25
132.25
135.25
136.25
136.25
135.25
135.25
133.25
133.25
132.25
132.25
132.25
131.5
130.5
128.25
128.25
128.25
128.25
127.0
127.0
123.5
123.5
