142.0
141.0
141.25
141.25
140.5
140.5
140.25
140.25
141.25
142.5
142.5
142.5
142.5
142.25
146.0
146.0
146.25
147.75
147.75
150.0
150.0
150.5
151.5
151.5
152.75
152.5
152.5
152.75
153.5
153.5
154.25
153.75
153.75
152.75
152.75
151.75
149.25
149.25
145.75
145.75
139.25
139.25
139.25
139.5
139.5
139.5
139.25
139.25
139.5
139.5
139.25
139.25
133.0
126.75
120.5
114.25
114.25
114.25
113.5
113.5
113.0
113.0
113.0
113.0
112.75
112.75
112.75
113.75
113.75
113.25
113.25
113.25
113.25
112.75
112.75
112.75
111.75
111.75
109.75
109.75
110.25
110.25
110.25
110.25
110.5
110.5
110.5
115.75
115.75
115.75
115.75
115.75
115.75
115.75
116.0
116.0
116.0
115.75
115.75
115.75
116.0
116.0
123.375
130.75
138.125
145.5
145.5
146.75
147.25
147.25
147.75
147.75
147.75
147.25
147.25
147.5
147.5
147.5
147.5
147.5
146.5
144.75
144.75
143.0
143.0
143.0
143.0
143.0
143.0
143.0
143.0
142.75
142.75
142.75
142.75
134.375
126.0
117.625
109.25
109.25
109.25
106.25
106.25
102.75
102.75
99.0
99.0
97.25
97.25
95.5
95.5
92.25
92.25
92.25
92.75
92.75
91.5
91.5
90.0
90.0
90.0
89.25
89.25
87.75
87.75
87.75
87.5
87.5
87.5
87.25
87.25
87.25
86.0
86.0
86.0
85.25
85.25
86.5
86.5
87.0
87.0
87.0
88.5
88.5
88.5
87.25
87.25
87.25
83.5
83.5
83.5
80.5
80.5
80.5
79.5
79.5
79.5
80.5
80.5
79.25
79.25
79.25
76.0
76.0
76.0
76.0
73.25
73.25
72.75
72.75
72.75
74.0
74.0
74.0
74.0
74.75
74.75
74.75
73.5
73.5
73.5
76.5
76.5
76.5
77.25
77.25
77.25
78.25
78.25
78.25
82.5
82.5
82.5
83.5
83.5
83.5
82.75
82.75
82.75
81.75
81.75
81.75
81.25
81.25
81.25
80.5
80.5
80.5
80.0
80.0
80.0
80.0
80.0
80.0
80.25
80.25
80.25
80.0
80.0
79.75
79.75
80.0
80.0
80.0
81.5
81.5
81.25
81.25
81.25
81.75
81.75
82.5
82.5
82.5
83.25
83.25
83.25
84.25
84.25
84.25
84.5
84.5
85.5
85.5
85.5
87.25
87.25
87.25
87.75
87.75
87.75
87.5
87.5
89.75
89.75
88.0
88.0
88.0
91.0
91.0
90.0
90.0
90.25
90.25
90.5
90.5
92.0
92.0
92.25
92.25
92.25
98.0
98.0
99.25
99.25
99.25
99.75
99.75
101.5
101.5
103.0
103.0
103.0
104.5
104.5
105.0
105.0
104.5
104.5
104.5
105.5
105.5
106.0
106.0
106.0
106.0
106.0
106.0
110.0
110.0
128.5
128.5
128.75
131.25
131.25
132.0
132.0
130.75
130.75
133.75
133.75
137.5
135.75
135.75
136.75
136.75
137.5
137.5
138.0
138.5
138.5
137.75
137.75
137.0
137.0
137.25
136.75
136.75
136.25
136.25
135.5
135.5
135.0
136.25
136.25
136.25
136.25
136.75
136.75
136.5
136.75
136.75
137.5
137.5
136.75
136.75
135.75
135.25
135.25
136.0
136.0
136.75
136.75
137.5
138.5
138.5
138.5
138.5
138.25
138.25
138.25
138.25
138.25
136.75
136.75
136.25
136.25
136.25
137.25
137.25
138.5
138.5
139.5
139.5
140.75
140.75
140.75
140.25
140.25
140.25
140.75
140.75
141.75
141.75
141.75
140.75
140.75
141.0
141.0
141.0
142.5
142.5
142.0
142.0
141.75
141.75
142.5
143.25
143.25
142.75
142.75
142.75
142.5
142.5
142.75
142.75
142.0
142.75
142.75
143.25
143.25
142.75
142.75
142.75
143.25
143.25
143.5
144.25
144.25
143.75
143.75
144.25
145.25
145.25
145.25
145.25
145.5
145.5
145.5
146.0
146.0
145.25
146.0
146.0
146.75
146.75
146.75
146.75
146.75
147.25
147.25
147.25
147.25
147.25
147.25
147.75
147.75
147.0
147.0
146.0
145.25
145.25
146.0
146.0
145.75
146.5
146.5
146.25
145.75
145.75
146.5
146.5
146.25
146.75
146.75
147.25
147.25
148.0
148.5
148.5
148.25
147.5
147.5
147.75
147.75
148.5
148.5
148.5
148.0
148.0
148.0
148.25
148.25
147.75
147.25
147.25
147.25
147.25
147.0
147.0
147.0
146.25
146.25
146.0
145.5
145.5
145.75
145.75
145.5
146.25
146.25
146.25
145.5
145.5
145.75
145.75
146.5
146.75
146.75
146.25
146.25
146.5
145.75
145.75
145.25
145.25
145.25
145.25
145.25
145.0
145.0
144.5
145.0
145.0
145.5
145.5
145.0
144.5
144.5
144.25
145.0
145.0
145.0
145.0
144.25
144.25
144.25
143.75
143.75
142.75
142.75
143.5
143.25
143.25
143.25
143.25
143.75
143.25
143.25
143.25
143.25
143.25
143.25
143.25
144.0
144.0
145.0
144.25
144.25
144.75
144.75
144.25
144.5
144.5
144.25
144.25
144.0
143.75
143.75
143.25
143.25
143.75
143.5
143.5
142.5
142.5
142.75
142.75
142.75
142.75
142.75
143.25
143.0
143.0
142.5
142.5
142.75
142.5
142.5
142.5
142.5
142.5
141.5
141.5
141.5
141.5
142.0
142.0
142.25
142.75
142.75
143.0
143.0
142.5
143.25
143.25
144.25
144.25
144.75
144.75
144.75
143.75
143.75
144.0
144.25
144.25
144.25
144.25
145.0
144.5
144.5
144.5
144.5
143.75
144.0
144.0
144.25
144.25
143.75
143.5
143.5
143.25
143.25
144.0
144.25
144.25
144.0
144.0
144.0
143.75
143.75
144.0
144.25
144.25
144.25
144.25
144.25
144.25
144.5
144.0
144.0
143.25
143.25
144.25
144.25
144.25
144.0
144.0
143.75
143.25
143.25
143.0
143.0
143.25
143.25
143.25
143.25
143.25
143.25
142.75
142.75
143.25
143.25
142.5
143.25
143.25
142.75
142.75
142.5
142.0
142.0
143.0
143.0
143.0
144.0
144.0
143.75
143.75
143.25
143.75
143.75
144.75
144.75
144.75
144.5
144.5
144.75
144.75
144.75
145.0
145.0
145.0
145.0
144.75
144.25
144.25
144.5
144.5
144.25
144.25
144.25
143.25
143.25
143.25
143.25
143.25
143.0
143.0
143.0
143.0
143.0
143.0
143.0
143.25
143.5
143.5
143.0
143.0
143.0
142.0
142.0
142.0
142.0
142.5
142.5
141.25
141.0
141.0
139.25
139.25
138.0
138.0
137.0
137.0
137.0
136.75
136.75
134.25
134.25
133.5
133.5
133.5
133.0
133.0
133.5
133.5
137.5
137.5
141.0
139.5
139.5
139.25
139.25
141.25
144.75
144.75
142.75
142.75
144.75
145.0
145.0
145.0
145.0
148.75
148.75
142.25
142.25
142.25
152.0
154.75
154.75
150.0
147.25
147.25
151.0
151.0
147.75
147.75
147.75
147.75
147.75
148.0
148.0
148.0
147.75
147.75
147.75
147.75
147.75
144.875
142.0
139.125
136.25
133.375
130.5
130.5
131.25
131.25
131.5
131.5
131.5
135.75
135.75
135.5
135.0
135.0
135.0
138.25
149.0
149.0
136.25
136.25
132.0
132.0
131.5
139.75
139.75
135.0
138.0
138.0
134.0
134.0
141.5
141.5
141.5
141.5
141.5
141.25
141.25
141.5
141.5
141.5
140.5
140.5
140.5
140.5
140.5
140.5
140.5
140.5
140.25
140.25
139.75
139.5
139.5
139.5
139.5
139.0
139.0
139.0
141.0
140.5
140.5
140.75
140.75
141.0
141.0
142.5
142.5
142.5
143.0
143.25
143.25
141.25
141.25
141.25
141.25
141.25
141.5
141.5
141.5
141.25
141.25
141.25
141.25
133.75
135.75
135.75
135.5
135.5
133.25
133.25
131.0
130.75
130.75
124.5
124.5
124.5
124.25
124.25
124.25
124.25
124.25
124.25
124.5
124.25
124.25
125.57894736842105
126.90789473684211
128.23684210526315
129.56578947368422
130.89473684210526
132.22368421052633
133.55263157894737
134.8815789473684
136.21052631578948
137.53947368421052
138.8684210526316
140.19736842105263
141.52631578947367
142.85526315789474
144.18421052631578
145.51315789473685
146.8421052631579
148.17105263157896
149.5
149.5
149.25
153.0
153.0
154.0
155.5
155.5
154.25
154.75
154.75
155.25
157.0
157.0
156.5
156.75
156.75
157.25
157.25
156.75
157.0
157.0
155.25
154.0
154.0
152.0
152.0
151.5
149.0
149.0
145.75
145.75
144.5
139.75
139.75
139.75
130.0
130.0
117.75
117.75
113.5
113.5
113.5
110.25
110.25
112.25
112.25
118.5
118.5
118.5
124.25
127.25
127.25
129.0
129.0
130.0
130.0
129.25
129.25
128.0
121.75
121.75
116.0
116.0
115.75
115.75
115.75
115.75
115.75
115.75
115.75
115.75
116.0
116.0
115.75
119.05
122.35
125.65
128.95
132.25
132.25
132.25
132.25
132.25
132.25
131.25
131.25
129.5
128.5
128.5
128.5
130.25
136.75
143.0
143.0
143.0
149.0
149.0
147.75
147.75
147.75
154.75
154.75
155.0
155.0
156.25
156.25
156.25
156.25
156.25
156.25
156.5
156.5
156.5
156.5
156.5
156.5
149.05
141.6
134.15
126.7
119.25
119.25
118.75
118.75
114.25
114.25
106.0
106.0
105.25
105.25
104.0
104.0
103.75
103.75
103.75
103.75
103.75
103.25
103.25
103.0
103.0
103.0
103.75
103.75
104.75
104.75
106.0
106.0
105.75
105.75
105.75
106.5
106.5
107.5
107.5
109.5
109.5
109.5
109.5
109.5
109.25
109.25
110.25
110.25
111.0
111.0
111.75
111.75
112.5
112.5
113.5
113.5
116.25
116.25
116.25
108.25
108.25
128.0
126.0
126.0
124.5
124.5
124.75
124.75
124.75
124.75
123.5
123.5
122.75
122.75
122.25
122.25
122.5
122.5
122.75
122.5
122.5
121.75
121.75
121.0
121.0
107.5
127.75
127.75
122.25
124.0
124.0
124.5
124.5
123.0
123.0
122.25
122.25
121.75
121.75
118.25
118.25
118.25
129.0
129.0
104.5
104.5
125.0
125.0
125.0
112.0
123.75
123.75
123.75
109.0
109.0
122.0
122.0
110.25
110.25
129.5
124.25
125.0
125.0
125.0
125.0
124.75
124.75
125.0
125.0
125.25
125.25
125.25
125.25
126.25
126.0
126.0
125.0
125.0
125.0
123.5
123.5
122.25
122.25
123.0
123.0
123.5
123.5
122.75
122.75
122.75
122.5
122.5
123.0
123.0
124.0
124.0
123.25
123.25
124.25
123.25
123.25
124.0
124.0
128.0
128.0
126.75
126.75
127.25
127.25
127.75
127.75
132.25
129.5
129.5
130.25
130.25
131.25
131.25
132.75
132.75
133.5
133.75
133.75
134.0
134.0
132.75
132.75
132.75
132.75
132.75
132.75
132.75
132.75
132.75
132.75
123.5
123.5
122.5
122.5
122.5
122.75
122.75
121.5
121.5
119.25
119.25
118.5
118.5
118.75
118.75
118.5
118.5
117.75
117.75
117.75
117.75
118.25
118.25
117.75
117.75
118.0
118.0
117.75
117.75
117.75
117.75
118.0
118.0
118.0
118.0
117.75
117.75
117.75
117.75
117.75
117.75
117.75
117.75
117.75
117.75
117.75
117.75
117.75
117.75
117.75
117.75
116.82142857142857
115.89285714285714
114.96428571428571
114.03571428571429
113.10714285714286
112.17857142857143
111.25
110.32142857142857
109.39285714285714
108.46428571428571
107.53571428571429
106.60714285714286
105.67857142857143
104.75
103.82142857142857
102.89285714285714
101.96428571428571
101.03571428571429
100.10714285714286
99.17857142857143
98.25
98.25
98.25
98.25
97.25
97.25
97.25
97.25
83.25
83.25
82.0
82.0
82.0
83.25
83.25
84.25
84.25
84.25
89.75
89.75
93.5
93.5
95.75
95.75
95.75
96.0
96.0
96.0
96.0
96.0
96.0
95.75
95.75
100.5
100.5
99.75
99.75
99.75
98.75
98.75
98.25
98.25
96.25
96.25
95.25
95.25
95.25
95.25
95.25
92.5
92.5
92.5
93.25
93.25
93.25
93.25
93.5
93.5
93.25
93.25
93.5
93.5
93.5
93.25
91.46875
89.6875
87.90625
86.125
84.34375
82.5625
80.78125
79.0
79.0
79.0
79.0
79.0
79.0
79.0
79.0
79.0
78.75
78.75
78.75
79.0
79.0
79.0
79.0
80.3125
81.625
82.9375
84.25
85.5625
86.875
88.1875
89.5
89.5
90.5
90.5
90.25
90.25
90.25
90.25
90.25
89.5
89.5
88.75
88.75
88.75
88.5
88.5
88.5
90.0
90.0
90.25
90.25
90.25
90.0
90.0
90.0
90.25
90.25
88.5
88.5
86.0
86.0
85.5
85.5
85.5
86.5
86.5
86.5
86.5
86.5
87.25
87.25
88.75
88.75
88.75
90.75
90.75
92.25
92.25
92.25
91.75
91.75
91.75
90.5
90.5
90.75
90.75
90.75
92.0
92.0
92.0
92.5
92.5
92.5
92.5
92.5
90.0
90.0
90.0
88.25
88.25
88.75
88.75
88.75
86.25
86.25
86.25
86.25
86.25
88.75
88.75
88.75
88.75
88.75
88.75
88.75
88.75
89.0
89.0
89.0
89.25
89.25
89.5
89.5
89.5
89.75
89.75
90.25
90.25
90.25
90.25
90.25
90.25
90.5
90.5
91.75
91.75
91.75
92.5
92.5
92.25
92.25
92.25
93.0
93.0
93.75
93.75
93.75
93.75
93.75
93.75
93.5
93.5
93.75
93.75
93.75
95.5
95.5
97.25
97.25
100.5
100.5
100.5
101.25
101.25
104.0
104.0
106.75
106.75
117.25
117.25
118.0
118.0
117.75
117.75
117.75
99.25
99.25
99.25
119.25
119.25
118.5
118.5
119.0
119.0
118.0
118.0
114.0
114.0
103.5
103.5
125.75
125.75
125.75
103.25
103.25
103.25
103.5
103.5
103.5
103.25
103.5
103.5
118.0
118.0
101.0
101.0
101.0
125.0
119.5
114.0
108.5
103.0
103.0
106.0
106.0
130.0
116.5
116.5
120.75
120.75
120.75
119.25
119.25
120.25
120.25
123.25
121.5
121.5
122.25
122.25
121.75
121.75
123.0
123.0
122.25
122.25
121.0
121.0
120.75
120.75
121.5
121.5
121.5
121.5
121.5
121.5
122.25
122.25
123.0
123.0
126.0
126.0
128.5
128.5
128.75
128.75
130.25
129.5
129.5
128.75
128.75
129.75
129.75
129.75
129.75
129.0
129.0
128.25
128.25
126.5
125.25
125.25
126.5
126.5
126.5
126.5
125.0
125.0
123.5
123.5
123.5
123.5
123.5
123.5
126.25
126.25
128.5
128.5
129.0
129.0
129.0
128.5
128.5
127.5
127.5
128.0
128.0
128.5
128.5
128.5
128.5
128.5
128.5
128.25
128.25
128.75
127.75
127.75
127.25
127.25
127.0
127.0
128.0
128.0
126.25
126.25
129.0
129.0
128.75
128.75
126.75
126.75
127.0
126.75
126.75
126.75
126.75
126.0
126.0
126.25
126.25
126.25
126.25
127.75
127.75
129.0
129.0
130.0
128.0
128.0
131.0
131.0
131.5
131.5
131.75
131.75
130.75
130.75
129.75
129.75
129.0
128.25
128.25
127.75
127.75
128.0
128.0
130.25
130.25
130.75
130.75
131.25
130.75
130.75
131.5
131.5
132.5
132.5
133.25
133.25
132.0
131.75
131.75
129.5
129.5
128.5
128.5
128.5
128.5
131.5
131.5
131.5
131.5
130.0
131.75
131.75
126.25
126.25
129.0
129.0
128.0
128.0
128.5
128.5
129.0
129.0
128.5
128.5
127.25
127.25
126.75
127.25
127.25
128.5
128.5
128.0
128.0
128.0
128.0
130.25
131.5
131.5
132.0
132.0
133.0
133.0
133.0
133.0
132.75
132.75
132.5
131.5
131.5
131.75
131.75
129.75
129.75
130.25
130.25
126.5
126.5
128.0
128.0
129.0
129.5
129.5
130.75
130.75
131.0
131.0
130.75
130.75
130.25
130.25
130.0
130.0
130.0
129.0
129.0
127.5
127.5
126.75
126.75
126.25
126.25
125.75
125.75
126.25
126.25
127.0
127.0
127.25
127.25
127.5
127.25
127.25
126.5
126.5
127.75
127.75
127.25
127.25
127.25
127.25
126.75
126.75
124.0
124.0
125.75
125.75
126.75
128.0
128.0
128.75
128.75
130.25
130.25
129.5
129.5
129.5
129.5
130.0
130.25
130.25
129.5
129.5
130.25
130.25
130.25
130.25
129.75
129.75
128.0
128.0
126.25
126.25
126.25
126.25
126.25
126.25
126.25
126.25
126.25
126.25
126.25
126.25
126.5
126.5
126.5
126.5
126.5
126.5
126.5
126.5
126.5
126.5
126.25
126.25
126.25
126.25
126.25
126.25
126.6
126.95
127.3
127.65
128.0
128.35
128.7
129.05
129.4
129.75
130.1
130.45
130.8
131.15
131.5
131.85
132.2
132.55
132.9
133.25
133.6
133.95
134.3
134.65
135.0
135.35
135.7
136.05
136.4
136.75
137.1
137.45
137.8
138.15
138.5
138.5
138.5
143.0
143.0
137.25
137.25
135.75
142.5
142.5
142.0
140.5
140.5
140.5
140.5
140.5
140.5
140.5
140.25
140.25
140.25
140.25
140.25
140.25
140.25
140.25
140.25
139.9375
139.625
139.3125
139.0
138.6875
138.375
138.0625
137.75
137.4375
137.125
136.8125
136.5
136.1875
135.875
135.5625
135.25
134.9375
134.625
134.3125
134.0
133.6875
133.375
133.0625
132.75
132.4375
132.125
131.8125
131.5
131.5
131.75
130.75
130.75
129.5
129.5
127.25
127.25
123.0
123.0
123.0
121.5
121.5
121.5
121.5
121.5
121.25
121.25
121.25
121.25
121.25
121.5
121.5
118.0
114.5
111.0
107.5
104.0
100.5
100.5
100.5
100.5
100.75
100.75
100.75
101.25
101.25
101.5
101.5
101.25
101.25
101.25
102.0
102.0
103.75
103.75
109.0
109.0
111.5
111.5
112.0
112.0
112.25
112.25
112.25
111.0
111.0
111.0
94.5
94.5
115.0
115.0
96.25
96.25
96.25
116.75
111.0
111.0
109.5
109.5
110.0
110.0
108.25
108.25
94.75
94.75
117.25
116.0
116.0
113.75
113.75
110.25
110.25
112.0
112.0
97.0
97.0
120.0
120.0
110.75
110.75
116.75
116.75
113.25
113.25
114.5
114.5
114.5
98.5
98.5
114.75
114.75
94.75
94.75
98.75
98.75
98.75
113.25
113.25
108.25
108.25
98.25
98.25
116.75
116.75
108.25
108.25
111.25
111.25
113.5
113.5
112.25
112.25
116.75
116.75
115.5
115.5
115.5
115.5
114.5
114.5
115.5
115.5
115.25
115.25
115.25
115.5
115.5
115.25
115.25
114.75
114.75
116.75
116.75
119.25
119.25
121.5
121.5
123.0
123.0
123.25
122.75
122.75
122.75
122.75
122.5
122.5
121.75
121.75
121.5
121.5
122.75
122.75
123.75
123.75
122.5
122.5
122.25
122.25
123.75
123.75
124.25
124.25
122.25
122.25
122.0
122.0
122.0
122.0
122.5
122.5
123.25
123.25
123.75
123.75
124.25
124.25
124.0
124.5
124.5
124.75
124.75
124.0
124.0
123.75
123.75
124.5
124.5
125.0
125.0
125.0
125.0
124.25
124.25
125.0
125.0
125.0
125.0
125.0
125.0
124.25
124.25
124.75
124.75
125.25
124.5
124.5
123.75
123.75
123.5
123.5
123.5
123.5
123.75
123.75
123.5
123.5
123.25
123.25
124.0
124.0
124.5
124.5
124.25
124.25
124.0
124.0
124.0
124.0
123.75
123.75
123.5
123.5
123.5
123.5
124.0
124.0
124.25
124.25
124.25
124.25
124.25
124.0
124.0
123.5
123.5
123.5
123.5
123.75
123.75
124.0
124.0
125.75
125.75
126.0
126.0
126.75
126.75
126.75
126.75
126.5
126.5
126.25
126.0
126.0
125.0
125.0
124.0
124.0
122.75
122.75
123.25
123.25
123.75
123.75
123.25
123.25
124.5
124.5
125.0
125.0
125.25
125.25
125.75
125.75
126.0
126.0
126.0
125.25
125.25
124.5
124.5
124.0
124.0
123.25
123.25
123.0
123.0
122.25
122.25
123.0
123.0
124.25
124.25
125.0
125.0
123.5
123.5
121.75
121.75
121.5
121.5
121.5
121.5
121.5
121.5
121.5
121.0
121.0
120.75
120.75
119.25
119.25
119.0
119.0
119.25
119.25
118.25
118.25
118.75
118.75
118.75
118.75
118.75
118.75
118.75
119.0
119.0
119.0
119.0
119.0
118.75
118.75
118.75
118.75
149.5
149.5
148.5
148.75
148.75
148.5
148.5
148.75
147.25
147.25
146.5
146.5
145.25
146.0
146.0
144.0
144.0
143.0
142.25
142.25
142.5
142.5
143.5
145.0
145.0
145.75
148.0
148.0
148.25
148.25
148.5
148.5
149.5
148.0
148.0
152.0
152.0
151.5
153.25
153.25
152.25
152.75
152.75
154.0
154.0
155.0
154.75
154.75
155.5
156.0
156.0
156.75
155.5
155.5
156.5
156.5
156.5
158.0
157.0
157.0
157.0
158.0
158.0
158.25
158.25
156.0
158.5
158.5
156.75
158.0
156.75
156.75
157.25
157.25
157.0
156.25
156.25
156.25
156.25
156.25
155.75
155.75
154.75
154.75
154.75
155.0
155.0
154.75
156.0
156.0
157.5
160.25
160.25
157.25
154.5
154.5
156.75
156.0
156.0
155.25
156.5
156.5
158.5
158.5
157.0
156.75
157.25
157.25
155.25
157.0
157.0
158.5
159.0
159.0
160.75
160.75
161.0
161.0
158.75
160.0
160.0
161.0
160.5
160.5
159.5
160.25
160.25
160.0
161.0
161.0
161.5
162.25
162.25
163.25
163.25
163.25
163.75
164.0
164.0
163.25
162.75
162.75
164.0
162.25
162.75
162.75
162.0
162.25
162.25
163.25
163.5
163.5
161.75
161.75
162.75
162.75
163.25
163.25
162.5
162.5
162.5
164.0
164.0
164.0
165.5
165.5
164.25
164.25
166.25
166.5
166.5
165.0
165.5
165.5
164.0
165.0
165.75
165.75
166.75
166.5
166.5
166.75
167.0
167.0
167.0
168.0
168.0
168.0
167.0
167.5
167.5
167.75
168.25
166.5
166.5
166.5
167.0
167.0
167.75
167.75
168.25
168.25
168.25
168.25
168.25
168.5
168.5
168.25
168.25
168.5
168.5
173.75
173.75
175.0
172.75
172.0
172.0
172.0
172.0
172.0
172.25
173.5
173.5
173.5
176.25
176.25
176.25
177.0
177.0
176.0
176.0
175.0
175.0
175.0
175.0
175.0
174.75
175.0
174.75
174.75
175.0
174.5
173.75
173.75
174.0
173.75
173.75
173.75
173.75
175.0
175.0
174.75
174.75
175.0
175.0
175.0
175.0
175.5
175.75
175.75
176.25
177.0
177.0
176.75
176.75
176.75
176.75
176.75
177.0
177.0
177.0
177.0
179.25
179.75
179.75
177.25
180.0
180.0
180.0
180.0
180.25
180.0
180.0
178.25
178.25
178.25
178.25
178.25
178.25
178.25
178.25
178.25
178.25
178.25
178.25
179.2
180.15
181.1
182.05
183.0
183.0
182.0
183.0
182.0
182.0
181.25
182.5
182.5
182.5
182.0
180.75
181.25
181.25
181.0
179.75
179.0
179.0
179.75
179.0
178.75
178.75
178.75
177.25
177.25
177.0
176.0
175.5
175.5
174.5
173.75
173.5
173.5
171.5
171.0
171.0
170.0
169.5
171.5
171.5
170.75
170.0
170.0
171.0
170.0
170.0
170.0
169.25
169.25
169.25
169.75
169.5
169.5
169.75
170.75
170.75
169.25
169.0
169.0
169.75
169.75
170.5
171.25
171.25
170.5
170.0
170.0
170.0
170.0
170.5
170.5
169.75
170.0
170.0
169.75
169.5
169.5
169.75
169.5
170.5
170.5
171.0
171.5
171.5
170.5
170.75
171.25
171.25
172.0
171.0
171.0
170.75
170.75
171.0
171.0
171.25
170.75
170.75
169.5
170.0
171.25
171.25
171.25
170.75
170.75
170.0
169.0
168.25
168.25
167.0
166.5
166.5
165.5
163.75
163.75
163.5
163.25
163.25
161.25
160.25
160.25
157.5
157.5
156.0
152.75
152.75
151.75
149.75
149.75
146.25
146.25
145.5
144.5
144.5
145.5
145.5
146.0
146.75
146.75
146.75
146.75
146.5
147.0
147.0
149.25
150.0
150.0
151.75
151.75
151.75
152.75
152.75
152.75
150.75
150.75
152.25
152.25
152.25
153.0
152.75
152.75
149.25
149.25
148.25
144.25
144.25
144.25
136.75
140.5
140.5
135.5
135.5
135.0
138.0
138.0
138.5
138.5
138.0
138.5
138.5
139.5
139.5
141.75
141.75
143.25
146.75
146.75
147.0
148.0
148.0
148.0
148.0
148.0
147.0
147.0
146.25
146.25
145.5
145.0
145.0
145.0
144.75
144.75
144.75
144.75
144.25
144.25
143.25
143.25
143.25
143.25
143.25
142.75
142.0
142.0
141.0
141.0
139.75
140.0
140.0
139.0
139.0
139.25
139.25
140.5
139.5
139.5
139.5
139.5
139.25
139.0
139.0
139.75
139.75
139.5
139.5
138.5
138.25
138.25
138.5
138.5
138.75
138.75
138.75
138.5
138.5
139.0
139.0
138.5
140.0
140.0
140.75
140.75
140.0
140.0
140.75
141.0
141.0
139.25
139.25
137.5
137.5
136.5
135.0
135.0
135.25
135.25
133.75
133.75
133.5
133.5
134.25
135.75
135.75
137.0
137.0
137.75
138.75
138.75
139.5
139.5
139.75
139.75
140.0
139.75
139.75
141.25
141.25
141.75
141.25
141.25
140.75
140.75
141.0
141.0
140.75
139.5
139.5
139.5
139.5
139.75
141.0
141.0
141.75
141.75
141.5
142.0
142.0
142.0
142.0
141.5
141.25
141.25
141.75
141.75
140.75
140.75
139.5
138.5
138.5
138.5
138.5
138.25
138.25
137.25
137.25
137.25
138.0
138.0
139.0
139.0
138.75
138.25
138.25
138.5
138.5
138.5
138.5
138.5
139.25
139.25
139.5
139.5
139.5
139.0
139.0
139.5
139.5
139.5
139.5
140.25
141.25
141.25
142.0
142.0
142.25
143.25
143.25
144.5
144.5
144.5
145.5
145.5
145.0
145.0
145.0
144.75
144.75
144.75
144.75
143.75
142.25
142.25
141.75
141.75
140.25
139.5
139.5
138.5
138.5
136.75
136.75
134.5
134.5
134.5
133.0
133.0
132.75
132.75
131.75
131.75
131.75
131.75
131.0
131.0
129.75
129.75
129.75
130.25
130.25
129.75
129.75
129.25
129.25
128.5
128.5
128.75
128.75
128.0
128.0
128.75
131.5
131.5
130.25
130.25
130.75
130.75
133.25
133.25
134.25
134.25
134.25
132.75
132.75
132.5
132.5
131.75
131.75
130.75
130.75
130.25
125.75
125.75
127.75
127.75
126.25
126.25
126.0
126.0
126.5
126.5
126.25
126.25
124.75
124.75
125.75
125.75
125.0
125.0
125.0
125.0
124.75
123.75
123.75
121.75
121.75
121.75
121.5
121.5
121.5
121.5
121.5
121.5
121.5
121.25
121.25
121.25
122.54166666666667
123.83333333333333
125.125
126.41666666666667
127.70833333333333
129.0
129.0
129.5
129.5
129.0
128.5
128.5
128.0
128.0
126.5
125.0
125.0
125.0
124.0
124.0
124.0
124.0
124.0
123.75
123.75
123.75
124.0
124.0
124.0
124.0
124.0
124.0
124.85
125.7
126.55
127.4
128.25
128.25
126.75
126.75
126.5
126.5
126.5
126.25
126.25
126.25
126.25
126.25
126.25
125.25
124.75
124.75
123.5
123.5
123.5
124.5
124.5
125.0
125.0
125.5
127.25
127.25
129.5
129.5
130.0
130.0
131.25
131.25
131.25
131.25
129.5
127.5
127.5
123.75
123.75
122.75
122.75
122.75
122.75
123.25
123.25
123.5
123.5
125.25
125.25
126.5
126.5
127.0
127.0
127.25
127.25
128.5
128.5
128.0
129.0
129.0
130.25
130.25
130.25
130.25
131.0
131.0
131.25
131.25
132.0
133.0
133.0
132.75
132.75
133.5
133.5
132.25
132.25
133.5
134.25
134.25
132.75
132.75
131.75
131.75
132.25
132.25
132.5
132.25
132.25
132.0
132.0
130.75
130.75
130.75
130.75
130.25
130.25
129.0
129.0
128.5
129.25
129.25
130.0
130.0
130.25
130.25
131.0
131.0
130.25
130.25
130.75
131.0
131.0
131.5
131.5
133.5
133.5
133.0
133.0
131.5
130.75
130.75
131.5
131.5
131.0
131.0
131.0
131.0
131.0
131.0
132.0
132.25
132.25
133.5
133.5
133.5
133.5
133.5
133.5
134.5
135.0
135.0
134.75
134.75
134.25
134.25
133.0
133.0
134.25
134.0
134.0
135.25
135.25
135.5
135.5
132.25
133.0
133.0
133.25
133.25
134.25
134.25
134.0
134.0
135.5
136.0
136.0
136.5
136.5
136.0
136.0
135.75
136.5
136.5
136.75
136.75
136.5
136.5
135.5
135.5
136.5
136.75
136.75
136.75
136.75
136.75
136.75
136.0
136.5
136.5
135.75
135.75
135.5
135.5
134.5
134.5
134.0
134.25
134.25
132.75
132.75
133.0
133.0
132.5
132.5
130.75
132.0
132.0
132.0
132.0
132.5
132.5
132.75
132.75
133.0
132.75
132.75
133.5
133.5
135.0
135.0
135.75
136.5
136.5
137.5
137.5
137.25
137.25
138.0
138.25
138.25
138.5
138.5
138.0
138.0
137.0
136.75
136.75
135.75
135.75
136.0
136.0
135.25
135.25
135.5
135.75
135.75
136.0
136.0
136.5
136.5
135.75
135.75
135.75
136.25
136.25
137.5
137.5
138.25
138.75
138.75
138.0
138.0
138.25
138.25
137.5
137.0
137.0
137.0
137.0
136.75
136.75
135.5
136.25
136.25
137.0
137.0
136.75
136.75
135.75
135.75
135.75
137.25
137.25
137.5
137.5
136.5
136.75
136.75
137.25
137.25
137.25
137.25
135.75
136.25
136.25
138.25
138.25
138.25
138.25
136.75
136.75
136.75
137.75
137.75
138.0
138.0
137.5
136.75
136.75
136.0
136.0
138.0
138.0
138.0
137.5
137.5
136.0
136.0
135.75
135.75
136.75
136.75
136.75
135.75
135.75
135.0
135.0
135.25
135.25
137.25
137.5
137.5
136.75
136.75
135.25
135.25
135.25
135.5
135.5
137.25
137.25
137.75
137.75
138.25
137.0
137.0
138.25
138.25
138.5
138.5
138.25
138.0
138.0
136.5
136.5
137.0
137.0
137.5
136.75
136.75
136.25
136.25
135.75
135.75
135.25
135.75
135.75
136.25
136.25
136.25
136.25
135.0
135.0
134.75
135.75
135.75
136.5
136.5
136.25
136.25
135.75
135.0
135.0
134.75
134.75
135.75
135.75
136.5
136.5
135.75
135.5
135.5
134.25
134.25
134.25
134.25
136.0
136.5
136.5
135.75
135.75
136.0
136.0
135.5
135.5
135.75
135.75
135.75
135.5
135.5
135.0
135.0
135.0
135.5
135.5
135.25
135.25
135.5
135.5
135.5
135.5
135.0
135.0
135.0
134.25
134.25
134.0
134.0
133.5
133.75
133.75
133.75
133.75
133.5
133.5
133.5
133.5
132.5
132.5
133.0
134.25
134.25
134.25
134.25
135.0
135.0
134.25
134.25
134.25
134.75
134.75
135.0
135.0
135.0
135.0
135.0
134.75
134.75
134.25
134.25
134.25
134.25
134.5
134.75
134.75
135.0
135.0
135.0
135.0
134.75
134.75
134.25
133.5
133.5
133.5
133.5
133.5
133.5
133.25
133.25
132.75
132.75
132.75
133.25
133.25
133.5
133.5
132.5
132.5
132.75
132.75
133.25
133.5
133.5
133.5
133.5
133.5
133.5
133.5
133.25
133.25
133.5
133.5
133.5
133.5
133.5
133.5
133.0
133.0
133.5
133.5
133.5
133.5
133.5
133.75
133.75
134.25
134.25
134.25
134.75
134.75
133.25
133.25
133.5
133.5
134.25
134.25
134.25
133.75
133.75
133.25
133.25
132.75
132.75
132.75
132.25
132.25
132.0
132.0
131.5
131.5
131.75
131.75
131.75
131.75
130.75
130.25
130.25
130.25
130.25
131.0
131.0
130.25
130.25
130.25
130.25
129.5
129.5
130.75
131.25
131.25
132.25
132.25
132.25
132.25
132.25
132.25
129.25
129.25
131.25
131.25
131.25
131.0
131.0
135.75
135.75
134.75
134.25
134.25
134.75
134.75
136.75
136.75
137.0
136.5
136.5
139.5
139.5
140.0
141.5
141.5
141.5
141.5
141.75
144.25
144.25
143.25
143.25
145.0
144.25
144.25
144.75
144.75
145.75
146.0
146.0
144.75
144.75
146.25
148.0
148.0
146.5
146.5
145.0
144.5
144.5
142.75
142.75
143.25
143.25
143.25
141.5
141.5
141.25
142.0
142.0
140.5
140.5
140.25
140.25
140.75
140.75
140.75
140.75
140.75
141.0
141.0
141.0
143.75
143.75
146.0
146.0
146.0
146.75
146.75
146.75
148.25
148.25
147.5
148.0
148.0
147.25
147.25
147.0
147.0
147.0
147.0
147.0
146.25
145.5
145.5
144.25
144.25
143.75
142.0
142.0
140.25
140.25
139.5
139.5
139.5
141.25
141.25
142.25
142.75
142.75
143.25
143.25
143.75
145.5
145.5
144.75
144.75
147.0
144.5
144.5
145.25
145.25
147.0
146.5
146.5
146.0
146.0
147.25
147.25
147.25
147.5
147.0
147.0
146.25
146.25
145.5
145.75
145.75
145.0
145.0
146.5
145.75
145.75
145.75
145.75
145.25
145.0
145.0
145.0
145.0
145.0
145.0
139.0
136.75
136.75
137.5
137.5
135.75
135.75
135.75
135.75
135.75
135.75
136.0
136.0
136.0
136.0
136.0
136.0
136.0
135.75
135.75
135.75
136.22297297297297
136.69594594594594
137.1689189189189
137.6418918918919
138.11486486486487
138.58783783783784
139.0608108108108
139.53378378378378
140.00675675675674
140.47972972972974
140.9527027027027
141.42567567567568
141.89864864864865
142.3716216216216
142.84459459459458
143.31756756756758
143.79054054054055
144.26351351351352
144.73648648648648
145.20945945945945
145.68243243243242
146.15540540540542
146.6283783783784
147.10135135135135
147.57432432432432
148.0472972972973
148.52027027027026
148.99324324324326
149.46621621621622
149.9391891891892
150.41216216216216
150.88513513513513
151.3581081081081
151.8310810810811
152.30405405405406
152.77702702702703
153.25
153.25
151.75
152.5
152.5
149.0
150.0
150.0
147.25
147.25
147.25
147.25
147.25
147.25
147.25
147.25
147.25
147.25
147.25
147.25
147.25
147.25
147.5
146.8
146.1
145.4
144.7
144.0
144.0
148.25
148.25
147.75
149.5
149.5
149.5
149.5
149.5
149.5
149.5
149.25
149.25
149.25
151.5
151.5
152.75
152.75
152.25
152.25
152.25
152.25
151.5
151.5
150.75
150.5
150.5
150.75
149.25
149.25
148.75
148.75
147.75
149.0
149.0
149.25
149.25
149.25
149.25
149.25
149.25
149.25
149.25
149.25
149.25
149.25
149.25
149.25
149.25
149.25
149.71153846153845
150.17307692307693
150.6346153846154
151.09615384615384
151.55769230769232
152.01923076923077
152.48076923076923
152.94230769230768
153.40384615384616
153.8653846153846
154.32692307692307
154.78846153846155
155.25
155.5
155.5
155.75
155.75
155.75
156.0
156.0
156.0
156.0
156.25
156.25
157.25
158.25
158.25
157.75
158.0
158.0
157.75
158.5
158.5
158.5
158.75
158.75
159.25
157.25
157.25
157.25
157.0
157.0
155.5
155.5
153.25
150.75
150.75
150.0
150.0
148.0
146.25
146.25
146.25
146.25
145.0
144.25
144.25
143.75
143.75
144.5
144.75
144.75
143.75
144.5
144.5
144.75
144.75
145.0
145.0
145.75
144.5
144.5
144.75
144.75
144.25
144.25
144.25
143.75
144.5
144.5
142.75
142.75
141.25
141.25
143.25
140.75
140.75
140.0
140.0
139.75
139.25
139.25
138.5
138.5
137.75
137.75
136.75
136.75
135.75
135.25
135.25
135.0
135.0
134.25
134.25
135.75
136.75
136.75
136.75
130.25
130.25
130.5
130.5
132.0
131.5
131.5
132.5
132.5
131.0
131.0
132.5
132.5
130.75
130.75
132.0
132.0
137.75
137.75
136.0
136.25
136.25
136.25
137.5
137.0
137.0
137.0
137.0
137.5
137.5
137.0
137.75
137.75
137.5
137.5
136.75
136.75
137.25
137.25
136.75
137.5
137.5
136.75
136.75
137.5
136.5
136.5
135.75
135.75
135.75
135.75
134.75
134.75
135.5
135.0
135.0
135.75
135.75
135.5
135.5
132.5
132.5
135.0
135.0
135.0
135.0
135.0
135.0
135.0
135.0
135.0
135.0
134.5
134.5
134.75
134.75
134.5
135.0
135.0
135.0
135.0
134.25
134.25
133.5
133.5
133.5
133.75
133.75
134.25
134.25
134.75
134.75
135.5
136.5
136.5
138.0
138.0
139.0
139.0
139.25
139.5
139.5
139.5
139.5
140.0
139.75
139.75
140.75
140.75
141.5
141.5
141.75
140.75
140.75
140.25
140.25
137.75
137.75
137.5
137.5
137.5
136.75
136.75
133.75
133.75
134.0
134.0
132.25
133.25
133.25
132.0
132.0
131.5
131.5
131.25
131.25
130.75
130.75
129.25
129.5
129.5
130.25
130.25
128.75
128.75
130.75
130.75
130.75
130.75
131.0
131.75
131.75
134.25
134.25
133.75
133.75
135.75
135.75
133.5
132.0
132.0
132.25
132.25
132.0
132.0
131.5
131.5
131.5
131.5
130.25
129.5
129.5
128.0
128.0
128.5
128.5
125.75
125.75
126.75
126.75
125.75
125.75
125.75
125.75
125.0
125.0
126.0
126.0
128.25
128.25
127.75
126.75
126.75
123.0
123.0
125.25
125.25
125.5
125.5
125.5
125.5
125.5
125.5
125.25
125.25
125.5
125.5
125.5
125.5
125.5
125.32236842105263
125.14473684210526
124.96710526315789
124.78947368421052
124.61184210526316
124.4342105263158
124.25657894736842
124.07894736842105
123.90131578947368
123.72368421052632
123.54605263157895
123.36842105263158
123.1907894736842
123.01315789473684
122.83552631578948
122.65789473684211
122.48026315789474
122.30263157894737
122.125
121.94736842105263
121.76973684210526
121.59210526315789
121.41447368421052
121.23684210526316
121.0592105263158
120.88157894736842
120.70394736842105
120.52631578947368
120.34868421052632
120.17105263157895
119.99342105263158
119.8157894736842
119.63815789473684
119.46052631578948
119.28289473684211
119.10526315789474
118.92763157894737
118.75
118.75
115.0
115.0
113.25
113.25
113.25
113.5
113.5
113.25
113.25
113.5
113.5
113.5
113.5
113.5
113.25
108.65
104.05
99.45
94.85
90.25
90.25
90.25
90.25
90.25
93.25
93.25
93.25
93.25
93.25
93.25
93.25
93.25
93.5
93.5
93.5
93.5
102.96875
112.4375
121.90625
131.375
140.84375
150.3125
159.78125
169.25
169.25
172.0
172.0
172.0
172.0
172.0
171.75
172.0
172.0
172.0
172.0
162.33333333333334
152.66666666666666
143.0
133.33333333333334
123.66666666666667
114.0
114.0
110.0
110.0
109.25
109.25
108.75
108.75
111.25
111.25
112.5
112.5
112.5
112.75
112.75
112.75
112.75
112.25
112.25
111.75
111.75
112.25
112.25
112.25
112.25
112.75
112.75
112.75
112.75
112.75
113.0
113.0
113.25
113.25
114.25
114.25
115.25
115.25
115.25
115.25
114.0
113.5
113.5
115.0
115.0
116.75
116.75
118.25
118.25
117.5
117.5
118.75
118.75
118.25
118.25
117.75
117.75
117.75
117.75
118.25
118.25
118.25
118.25
117.75
117.75
121.0
121.0
121.0
125.75
125.75
129.75
129.75
125.75
125.75
126.75
126.75
123.0
123.0
122.0
122.0
122.0
122.0
121.0
121.0
120.25
120.25
119.75
119.75
119.5
119.5
121.0
121.0
120.5
120.5
121.25
121.25
122.5
122.5
124.75
124.75
125.0
125.0
124.5
126.25
126.25
126.25
126.25
126.25
126.25
126.25
126.25
125.25
125.25
125.5
125.5
125.25
125.25
125.25
125.25
125.75
125.75
126.25
124.5
124.5
124.5
124.5
124.75
124.75
125.75
125.75
125.25
125.25
125.75
125.75
125.0
125.0
125.0
125.0
125.25
125.25
125.75
125.75
125.75
125.75
126.5
127.25
127.25
127.5
127.5
128.0
128.0
128.0
128.0
127.25
127.25
128.0
128.0
128.25
128.25
127.25
128.0
128.0
128.5
128.5
129.75
129.75
130.5
130.5
130.75
130.75
131.5
131.0
131.0
130.0
130.0
130.5
130.5
131.5
131.5
131.5
131.5
131.5
131.5
131.5
131.5
131.5
131.0
131.0
130.75
130.75
130.0
130.0
129.5
129.5
129.5
130.0
130.0
130.0
130.0
130.25
130.25
130.75
130.75
129.5
129.5
129.25
129.5
129.5
130.0
130.0
129.5
129.5
130.25
130.25
129.75
129.75
130.0
130.0
130.5
132.0
132.0
133.25
133.25
132.75
132.75
132.25
132.25
132.25
132.25
127.75
133.75
133.75
134.25
134.25
133.5
133.5
133.5
133.5
133.5
133.5
133.5
134.0
134.0
133.75
133.75
132.5
132.0
132.0
132.25
132.25
131.75
131.75
132.0
132.0
132.0
132.0
132.0
132.75
132.75
132.75
132.75
133.0
133.0
133.5
133.75
133.75
132.75
132.75
134.0
134.0
135.75
135.75
135.0
134.5
134.5
135.75
135.75
134.25
134.25
134.5
134.5
135.0
135.5
135.5
134.5
134.5
133.25
133.25
133.5
133.5
134.75
133.75
133.75
132.5
132.5
132.25
132.25
132.0
132.0
132.0
132.0
131.5
130.5
130.5
130.5
130.5
130.75
130.75
132.0
132.0
133.25
132.75
132.75
134.0
134.0
134.75
134.75
135.75
136.25
136.25
135.75
135.75
134.75
134.75
135.0
135.0
134.25
134.5
134.5
134.5
134.5
133.5
133.5
133.5
133.5
132.75
136.25
136.25
130.5
130.5
130.75
130.75
130.75
130.75
130.75
130.75
131.0
131.0
131.0
131.5
131.5
133.25
133.25
135.75
134.0
134.0
134.5
134.5
135.75
135.75
137.75
139.0
139.0
139.75
139.75
140.75
141.0
141.0
141.0
141.0
140.0
140.0
140.25
139.5
139.5
137.75
137.75
133.5
133.5
129.25
129.25
124.75
124.75
123.75
123.75
120.25
120.25
122.25
122.25
121.75
121.75
121.0
121.0
120.75
120.75
120.75
120.75
120.0
120.0
120.0
120.0
120.0
120.0
119.5
119.5
119.75
119.75
120.0
120.0
118.75
118.75
117.25
117.25
117.25
117.25
117.5
117.5
117.5
119.25
119.25
118.5
118.5
118.5
118.5
119.5
119.5
120.25
120.25
122.75
122.75
122.5
122.5
123.0
134.5
134.5
131.75
131.75
131.75
131.75
131.75
131.75
131.75
131.75
131.75
131.75
132.0
132.0
132.0
134.5
134.5
133.25
133.25
132.5
132.5
131.0
131.0
128.0
128.0
125.75
125.75
123.75
123.75
123.25
123.25
117.0
117.0
117.75
117.75
117.75
117.75
117.0
117.0
116.75
116.75
116.5
116.5
114.75
114.75
115.0
115.0
114.75
114.75
114.75
114.75
114.75
115.5
115.5
116.5
116.5
117.5
117.5
117.25
117.25
118.5
118.5
118.5
118.5
118.75
118.75
118.25
118.25
117.5
117.5
118.5
118.5
118.5
118.5
120.0
120.0
121.5
121.5
120.75
120.75
120.75
120.75
121.5
121.5
120.0
120.0
118.75
118.75
118.75
118.75
117.75
117.75
117.0
117.0
117.0
117.0
116.5
116.5
117.5
117.5
118.75
118.75
118.0
118.0
118.0
118.0
118.25
118.25
118.75
118.75
118.75
118.75
119.0
119.0
119.5
119.5
120.5
120.5
121.0
121.0
120.75
120.75
119.75
119.75
118.5
118.5
117.5
117.5
118.5
118.5
118.25
118.25
119.0
119.0
119.25
119.25
119.5
119.5
119.0
119.0
118.75
118.75
119.5
119.5
120.0
120.0
120.25
120.25
121.5
121.5
122.75
122.75
122.5
122.5
122.75
122.75
123.25
123.25
124.25
124.25
125.0
125.0
123.25
123.25
124.25
124.25
124.5
128.0
128.0
125.0
125.0
121.75
121.75
123.75
123.75
124.75
124.75
125.0
125.0
125.0
125.0
125.0
125.0
124.5
124.5
123.5
123.5
123.0
123.0
122.0
122.0
121.75
121.75
121.75
121.75
123.0
123.0
122.25
122.25
122.25
122.25
122.75
123.0
123.0
123.5
123.5
123.75
123.75
123.25
123.25
123.0
123.0
123.75
123.75
124.0
124.0
123.25
123.25
124.5
124.5
125.75
125.75
125.75
125.75
125.75
127.0
127.0
126.5
126.5
126.75
126.75
127.25
127.25
127.25
127.25
127.5
127.5
127.75
127.75
127.25
127.75
127.75
128.0
128.0
128.0
128.0
127.5
127.5
127.5
127.5
128.0
128.0
128.75
129.0
129.0
128.75
128.75
128.75
128.75
129.0
129.0
128.5
128.5
129.5
129.5
128.75
128.75
129.0
128.25
128.25
128.0
128.0
127.0
127.0
126.75
126.75
127.25
127.25
128.0
128.0
127.0
127.0
126.25
128.0
128.0
128.0
128.0
128.25
128.25
127.5
127.5
127.25
127.25
127.25
127.25
126.75
126.75
126.25
126.25
124.5
124.5
125.0
125.0
125.5
125.5
125.0
125.0
125.0
125.25
125.25
124.75
124.75
125.75
125.75
125.5
125.5
126.5
126.5
126.25
126.25
126.75
126.75
126.5
126.5
126.75
126.75
126.75
128.0
128.0
127.75
127.75
126.75
126.75
126.75
126.75
128.0
128.0
128.5
128.5
128.5
128.5
128.75
128.5
128.5
128.75
128.75
129.25
129.25
128.0
128.0
127.75
127.75
127.75
127.75
127.0
127.0
127.25
127.25
127.25
127.25
127.25
128.5
128.5
128.75
128.75
128.5
128.5
128.25
128.25
128.0
128.0
128.5
128.5
128.5
128.0
128.0
128.5
128.5
129.5
129.5
128.5
128.5
129.0
129.0
129.0
130.25
130.25
130.75
130.75
130.25
130.25
130.25
130.25
130.25
130.25
130.25
130.5
130.5
129.5
129.5
128.75
128.75
128.5
128.5
128.75
128.75
128.5
128.5
127.75
127.75
128.0
128.5
128.5
129.5
129.5
128.75
128.75
127.75
127.75
128.0
128.0
128.25
128.25
128.5
128.5
127.25
126.25
126.25
126.25
126.25
126.25
126.25
125.75
125.75
125.75
125.75
126.0
126.0
125.25
125.25
125.5
125.5
125.75
125.75
125.5
125.75
125.75
125.0
125.0
126.25
126.25
126.25
126.25
126.75
126.75
126.5
126.5
126.25
126.25
127.0
127.0
127.25
127.25
127.25
128.0
128.0
127.25
127.25
126.75
126.75
127.5
127.5
127.75
127.75
127.75
127.75
128.0
128.0
127.25
127.0
127.0
127.75
127.75
128.0
128.0
128.75
128.75
128.25
128.25
128.5
128.5
128.5
128.5
128.5
128.5
128.5
128.0
128.0
127.5
127.5
126.25
126.25
126.75
126.75
127.25
127.25
126.75
126.75
126.75
126.75
126.0
125.25
125.25
126.25
126.25
127.25
127.25
127.25
127.25
127.25
127.25
126.75
126.75
126.75
126.75
127.25
127.25
126.25
126.25
126.25
125.25
125.25
126.25
126.25
126.25
126.25
126.0
126.0
126.0
126.0
125.75
125.75
125.5
125.5
124.25
124.25
126.0
126.0
126.5
126.5
125.75
124.75
124.75
125.0
125.0
124.5
124.5
125.25
125.25
126.0
126.0
125.75
125.75
124.75
124.75
124.75
124.75
124.75
124.75
125.75
125.75
126.75
126.75
126.5
126.25
126.25
126.25
126.25
125.75
125.75
125.0
125.0
126.0
126.0
126.25
126.25
125.5
125.5
125.75
125.75
126.0
126.0
125.75
126.75
126.75
126.25
126.25
125.75
125.75
124.5
124.5
123.75
123.75
125.0
125.0
125.25
125.25
124.5
124.5
123.5
123.5
123.75
123.75
125.0
125.0
125.75
125.75
125.75
125.75
125.75
124.75
124.75
125.75
125.75
126.75
126.75
126.5
126.5
126.75
126.75
125.75
125.75
126.75
126.75
127.25
127.25
127.25
127.5
127.5
125.75
125.75
124.75
124.75
125.0
125.0
124.75
124.75
123.0
123.0
123.0
123.0
121.75
121.75
123.5
123.5
124.25
124.25
124.0
124.0
124.0
124.0
123.25
123.25
122.25
122.25
123.25
123.25
123.5
123.75
123.75
123.25
123.25
122.75
122.75
122.25
122.25
122.75
122.75
122.75
122.75
122.25
122.25
120.75
120.75
121.5
121.5
123.25
123.25
124.75
124.75
125.0
125.0
125.0
125.0
125.0
125.0
125.5
125.5
124.5
124.5
124.75
126.0
126.0
126.25
126.25
126.5
126.5
126.5
126.5
126.5
126.5
125.75
125.75
126.25
126.25
126.5
126.5
125.75
125.75
126.25
126.25
126.0
126.5
126.5
125.25
125.25
124.5
124.5
124.75
124.75
124.75
124.75
124.5
124.5
124.0
124.0
123.0
123.0
122.25
122.25
122.25
122.25
123.25
123.25
124.0
124.25
124.25
125.0
125.0
125.25
125.25
125.0
125.0
125.25
125.25
125.25
125.25
125.5
125.5
124.75
124.75
125.5
125.5
126.0
126.0
126.25
126.25
125.75
125.75
124.25
124.25
124.25
124.25
125.75
126.25
126.25
125.75
125.75
125.0
125.0
126.25
126.25
127.0
127.0
126.25
126.25
127.25
126.75
126.75
126.25
126.25
126.75
126.75
127.0
127.0
125.75
125.75
125.25
125.25
124.75
124.75
125.5
125.5
125.25
125.25
123.75
123.75
122.75
122.75
122.75
122.75
123.5
123.5
124.0
124.0
123.5
123.5
122.75
122.75
122.5
123.5
123.5
124.0
124.0
124.5
124.5
123.25
123.25
123.25
123.25
124.5
124.5
124.75
124.75
124.75
124.75
124.75
124.75
125.25
125.25
124.25
124.25
124.0
124.0
123.0
123.0
123.75
123.75
123.5
123.5
123.25
123.25
121.5
121.5
121.0
121.0
121.5
121.5
121.0
121.0
121.5
121.5
121.5
121.5
120.25
120.25
120.25
120.25
121.0
121.0
121.0
122.25
122.25
122.25
122.75
122.75
124.5
124.5
124.75
124.75
128.5
128.5
126.75
126.75
126.75
126.75
128.5
131.0
131.0
130.25
130.25
134.25
133.25
133.25
132.75
132.75
134.5
135.0
135.0
134.75
134.75
134.75
134.25
134.25
133.75
133.75
132.75
132.75
132.75
132.75
130.25
130.25
130.25
129.0
129.0
128.5
128.5
128.25
128.25
131.25
131.25
131.25
131.25
131.25
131.25
131.25
131.25
131.25
131.25
131.25
131.25
148.0
148.0
147.25
147.25
142.25
142.25
142.25
142.25
142.25
142.25
142.25
142.25
142.5
142.5
142.5
151.0
152.75
152.75
152.75
152.75
152.75
152.75
153.0
153.0
153.0
153.0
153.0
153.27272727272728
153.54545454545453
153.8181818181818
154.0909090909091
154.36363636363637
154.63636363636363
154.9090909090909
155.1818181818182
155.45454545454547
155.72727272727272
156.0
155.0
153.75
153.75
156.75
156.75
157.25
157.25
158.5
158.5
159.5
159.5
159.0
158.75
158.75
159.0
158.75
158.75
158.5
158.5
158.75
158.75
159.0
159.5
159.5
159.5
158.0
158.0
158.25
158.5
158.5
159.5
157.75
157.75
157.5
157.75
157.75
157.5
157.5
157.5
155.25
155.25
151.75
151.0
151.0
150.0
148.0
148.0
145.25
145.25
142.0
142.0
143.0
139.75
139.75
138.25
138.25
138.5
138.5
139.0
137.75
137.75
137.25
137.25
137.5
137.5
139.25
137.25
137.25
138.5
138.5
140.25
140.25
140.25
141.0
141.0
140.75
141.0
141.0
141.5
141.5
141.5
141.25
142.0
142.0
143.25
143.25
142.75
142.5
142.5
142.25
142.25
142.0
140.5
140.5
139.75
139.75
139.25
139.25
140.25
139.5
139.5
140.75
140.75
140.5
140.0
140.0
139.75
139.75
139.5
139.5
139.25
138.5
138.5
138.5
138.5
135.5
135.5
134.75
136.0
136.0
135.75
135.75
137.25
137.25
135.0
135.0
135.0
135.0
135.0
135.75
135.75
135.75
135.75
138.25
138.5
138.5
137.75
137.75
138.25
138.0
138.0
137.75
137.75
139.5
139.5
138.5
139.0
139.0
138.5
138.5
138.5
138.5
139.25
139.75
139.75
137.5
137.5
138.5
138.5
138.5
138.25
138.25
137.5
137.5
136.5
137.0
137.0
136.25
136.25
135.75
135.75
136.0
136.0
136.5
136.0
136.0
135.5
135.5
135.25
135.25
135.0
135.0
134.25
134.0
134.0
134.5
134.5
135.0
135.0
135.25
135.0
135.0
134.75
134.75
134.25
134.25
132.75
134.5
134.5
132.75
132.75
133.5
133.5
134.0
134.0
134.25
134.25
135.0
134.25
134.25
133.75
133.75
133.25
133.25
133.25
133.25
132.75
132.0
132.0
130.25
130.25
129.25
129.25
128.5
128.5
128.0
128.0
127.25
127.25
126.25
126.25
125.75
125.75
126.0
126.25
126.25
126.25
126.25
126.25
126.25
125.75
125.75
125.75
125.75
125.75
125.75
125.75
125.75
126.5
126.5
126.75
127.25
127.25
128.0
128.0
127.25
127.25
125.75
125.75
126.0
126.0
126.75
126.75
127.25
127.25
127.75
127.75
127.25
127.25
126.25
128.25
128.25
128.5
128.5
130.25
130.25
131.0
131.0
130.25
130.25
130.0
130.0
130.0
128.5
128.5
125.0
125.0
124.25
124.25
123.0
123.0
121.5
121.5
121.5
121.5
122.5
122.5
123.25
123.25
122.25
122.25
122.25
122.25
122.75
122.75
122.5
122.5
121.75
121.75
120.5
120.5
121.0
121.0
120.25
120.5
120.5
121.5
121.5
121.5
123.5
99.5
99.5
99.5
99.5
99.5
99.5
99.5
99.5
99.25
99.25
99.5
99.5
99.5
106.15
112.8
119.45
126.1
132.75
132.25
132.25
132.25
138.25
138.25
144.0
144.0
140.25
140.0
140.0
139.5
138.25
138.25
138.25
137.5
138.25
138.25
138.25
138.25
138.25
138.25
138.25
138.25
138.25
138.5
138.5
138.25
138.25
138.25
138.25
138.25
137.75
137.25
136.75
136.25
135.75
135.25
140.75
140.75
140.75
140.75
139.25
139.25
141.5
141.5
139.5
139.25
139.25
139.25
139.25
139.25
139.25
139.25
139.5
139.5
139.5
139.5
133.75
128.0
122.25
116.5
110.75
105.0
99.25
99.25
99.25
99.25
99.25
99.25
99.25
99.5
99.5
99.25
99.25
99.25
99.25
99.25
99.25
99.25
101.41
103.57
105.73
107.89
110.05
112.21000000000001
114.37
116.53
118.69
120.85
123.01
125.17
127.33
129.49
131.65
133.81
135.97
138.13
140.29
142.45
144.61
146.77
148.93
151.09
153.25
153.25
153.25
153.25
153.25
153.25
153.25
153.25
153.25
153.5
153.25
153.25
153.5
153.59375
153.6875
153.78125
153.875
153.96875
154.0625
154.15625
154.25
154.25
155.0
154.0
154.0
154.75
154.25
154.25
153.75
153.75
153.75
152.75
152.75
151.25
151.0
151.0
147.0
147.0
147.0
147.0
145.25
141.5
141.5
142.0
142.0
142.75
143.25
143.25
142.0
142.0
143.0
143.25
143.25
142.0
142.0
142.75
141.5
141.5
141.0
141.0
141.0
141.0
140.75
140.75
140.75
139.5
139.5
139.5
139.5
139.5
139.5
139.5
139.25
139.25
139.25
139.25
139.25
139.5
139.5
143.25
142.0
142.0
148.0
148.0
141.75
141.75
142.0
141.5
141.5
142.25
142.25
142.25
142.25
142.25
142.25
142.25
142.0
142.0
142.0
142.5
142.5
140.75
141.25
141.25
140.0
140.0
141.25
140.5
140.5
141.75
141.75
138.5
138.5
139.25
139.75
139.75
141.0
141.0
142.25
142.25
142.25
142.0
141.25
141.25
144.0
144.0
144.0
144.0
144.0
144.0
144.0
144.0
144.0
144.0
134.0
135.0
135.0
131.25
131.25
128.5
128.5
128.5
128.5
128.5
128.5
129.0
129.0
129.0
129.0
129.0
129.75
129.75
130.5
130.5
131.75
131.75
132.25
133.5
133.5
135.0
135.0
135.75
135.75
135.75
135.5
135.5
136.25
136.25
137.0
137.0
137.0
137.0
137.0
136.75
136.75
136.75
136.75
136.25
136.25
136.25
137.0
137.0
134.5
134.5
134.0
134.0
135.75
135.75
137.5
137.5
135.75
135.75
135.0
135.5
135.5
137.75
137.75
138.5
138.5
137.0
137.25
137.25
136.5
136.5
134.5
134.5
134.5
136.0
136.25
136.25
135.75
135.75
135.0
135.0
130.75
130.75
134.25
135.0
135.0
134.25
134.25
135.75
135.75
136.75
136.5
136.5
135.25
135.25
135.5
135.5
135.5
135.5
134.25
133.0
133.0
133.75
133.75
133.75
133.75
133.75
133.75
133.25
133.25
133.25
133.25
133.25
133.25
133.25
133.25
134.25
134.25
134.25
134.25
134.25
134.25
134.5
134.5
134.5
134.5
131.5
131.0
131.0
130.75
130.75
130.25
130.25
130.0
130.0
130.0
130.0
129.5
129.5
129.25
130.0
130.0
130.25
130.25
129.25
129.25
128.25
128.25
128.5
128.5
128.25
128.25
127.25
127.25
127.25
126.25
126.25
126.25
126.25
125.75
125.75
125.75
125.75
127.25
127.25
126.75
126.75
125.75
125.75
125.75
125.75
126.25
126.25
125.0
125.0
125.25
125.25
125.0
123.5
123.5
122.25
122.25
122.75
122.75
123.0
123.0
122.75
122.75
121.5
121.5
123.25
123.25
122.25
122.25
122.25
122.25
122.0
122.0
121.75
121.75
120.0
120.0
120.0
120.0
119.5
119.5
119.5
119.5
118.5
118.5
118.0
118.0
118.25
118.25
118.0
118.0
117.5
117.5
118.0
118.0
118.0
118.0
118.0
117.0
117.0
116.75
116.75
116.5
116.5
115.75
115.75
115.0
115.0
114.5
114.5
114.75
114.75
115.0
115.0
116.25
116.25
117.75
117.75
119.25
119.25
120.75
120.75
120.5
120.5
121.5
121.5
122.25
122.25
121.25
121.25
121.5
121.5
122.25
122.25
121.5
121.5
120.75
120.75
121.75
121.75
121.25
121.25
121.5
121.5
122.75
122.75
123.25
123.25
122.75
122.75
122.5
122.5
122.5
122.25
122.25
123.25
123.25
124.0
124.0
124.75
124.75
124.0
124.0
124.0
124.0
124.25
124.25
123.5
123.5
124.0
124.0
124.5
124.5
125.75
125.75
126.25
126.25
125.25
126.75
126.75
126.75
126.75
127.25
127.25
126.25
126.25
126.5
126.5
126.0
126.0
126.25
126.25
125.5
125.5
125.25
125.25
125.5
125.5
125.75
126.75
126.75
128.0
128.0
129.5
129.5
130.75
130.75
131.75
132.25
132.25
132.0
132.0
130.75
130.75
129.5
129.5
128.5
128.5
128.25
128.25
128.25
128.25
128.0
129.25
129.25
129.25
129.25
127.25
127.25
128.0
128.0
128.5
128.5
130.0
130.0
129.0
129.0
129.0
129.5
129.5
129.75
129.75
129.5
129.5
129.0
129.0
129.25
129.25
129.5
129.0
129.0
128.0
128.0
128.25
128.25
127.75
127.75
127.5
127.5
127.25
127.25
127.25
127.25
127.25
127.5
127.5
127.25
127.25
128.0
128.0
128.0
128.0
127.5
127.5
127.25
127.25
127.25
127.25
127.5
127.5
127.75
127.75
128.0
128.0
128.0
128.5
128.5
129.0
129.0
128.75
128.75
128.5
128.5
128.25
128.25
128.0
126.25
126.25
126.25
126.25
126.5
126.5
127.0
127.0
127.0
127.0
126.25
126.25
126.5
126.5
126.75
126.75
127.5
128.75
128.75
127.75
127.75
127.25
127.25
128.5
128.5
129.0
129.0
129.25
129.25
130.0
130.25
130.25
129.5
129.5
129.5
129.5
129.5
129.5
128.5
128.5
128.25
128.25
127.25
127.25
126.75
128.0
128.0
127.25
127.25
127.75
127.75
127.25
127.25
127.75
127.75
128.75
128.75
129.0
129.0
129.0
129.0
129.0
129.25
129.25
129.5
129.5
130.0
130.0
130.75
130.75
130.75
130.5
130.5
129.75
129.75
129.25
129.25
129.25
129.25
129.25
129.25
130.25
130.25
129.25
128.75
128.75
128.0
128.0
127.25
127.25
128.0
128.0
128.25
128.25
128.5
128.5
127.75
127.75
129.0
128.5
128.5
128.5
128.5
129.0
129.0
134.75
134.75
132.0
132.75
132.75
133.0
133.0
134.5
134.5
135.0
134.5
134.5
134.25
134.25
136.0
136.0
135.0
135.0
136.25
136.25
136.25
136.75
136.75
136.75
136.75
136.0
135.75
135.75
134.5
134.5
132.75
132.75
132.0
132.0
131.25
131.25
130.75
130.0
130.0
128.75
128.75
128.75
128.75
129.5
129.5
129.75
129.75
128.75
128.75
127.75
127.75
128.5
128.5
128.5
128.5
128.5
129.0
129.0
128.75
128.75
129.5
129.5
128.75
128.75
128.75
129.0
129.0
128.25
128.25
128.25
128.25
128.0
128.0
128.5
128.5
128.5
128.5
128.0
128.0
128.5
128.0
128.0
127.75
127.75
127.25
127.25
127.0
127.0
127.0
127.0
127.25
127.25
126.5
126.5
126.75
126.75
126.5
126.25
126.25
126.5
126.5
126.75
126.75
127.25
127.25
127.25
127.25
128.75
128.75
128.5
128.5
128.5
128.5
128.5
129.25
129.25
130.75
130.75
130.75
130.75
130.25
130.25
129.25
129.25
129.25
130.25
130.25
130.25
130.25
128.0
128.0
127.25
127.25
128.5
128.5
129.5
129.5
130.0
128.75
128.75
128.75
128.75
130.0
130.0
130.25
130.25
129.5
129.5
129.75
129.5
129.5
129.75
129.75
130.0
130.0
129.0
129.0
130.25
130.25
128.75
128.75
128.75
129.25
129.25
130.0
130.0
129.25
129.25
127.25
127.25
128.5
128.5
130.25
130.25
129.5
129.0
129.0
129.25
129.25
129.5
129.5
128.75
128.75
129.0
129.0
129.75
129.75
129.5
128.5
128.5
128.0
128.0
128.5
128.5
128.25
128.25
126.75
126.75
127.5
127.5
126.25
126.25
126.75
126.75
127.0
127.0
125.0
126.5
126.5
126.75
126.75
125.25
125.25
125.0
125.0
125.25
125.25
124.25
124.25
123.0
123.0
127.0
127.0
123.5
123.5
124.75
124.75
126.5
129.5
129.5
129.0
129.0
132.0
132.0
134.25
134.25
135.0
135.0
135.0
135.25
135.25
136.0
136.0
137.0
137.25
137.25
137.5
137.5
137.75
137.75
137.5
138.5
138.5
136.75
136.75
137.5
137.5
138.0
138.5
138.5
137.5
137.5
137.0
137.0
136.75
134.25
134.25
133.5
133.5
132.0
132.0
130.75
130.75
130.25
130.25
125.0
125.0
119.5
119.5
120.0
120.0
118.25
118.25
117.5
117.5
115.75
115.75
114.75
114.75
114.75
114.75
114.5
114.5
116.0
116.0
117.0
117.0
117.0
116.75
116.75
114.0
114.0
110.75
110.75
109.25
109.25
110.0
110.0
110.0
109.5
109.5
106.75
106.75
106.75
106.75
107.25
107.25
108.75
108.75
108.75
108.75
108.75
109.5
109.5
108.5
108.5
106.25
106.25
106.25
104.75
104.75
104.25
104.25
103.5
103.5
105.25
105.25
105.25
107.5
107.5
108.25
108.25
110.0
110.0
110.0
110.0
110.75
110.75
110.75
110.5
110.5
111.25
111.25
110.5
110.5
110.25
110.25
109.75
109.75
109.0
109.0
109.0
109.0
109.0
109.5
109.5
110.25
110.25
110.75
110.75
112.25
112.25
111.75
111.75
111.75
111.5
111.5
111.25
111.25
112.25
112.25
112.0
112.0
112.5
112.5
113.5
113.5
115.0
115.0
114.75
114.75
114.5
114.5
114.5
114.0
114.0
114.25
114.25
113.25
113.25
112.25
112.25
111.75
111.75
112.0
112.0
112.0
112.0
112.0
112.5
112.5
112.75
112.75
112.75
112.75
112.25
112.25
111.75
111.75
111.25
111.25
111.75
111.75
112.0
112.0
112.0
112.0
112.0
112.5
112.5
112.75
112.75
113.25
113.25
113.5
113.5
113.75
113.75
114.0
114.0
114.0
114.0
114.25
114.25
114.25
114.5
114.5
114.5
114.5
114.25
114.25
114.25
114.25
114.5
114.5
114.5
114.5
113.75
113.75
113.75
113.75
114.0
114.0
114.0
114.0
114.0
113.5
113.5
113.0
113.0
114.25
114.25
113.25
113.25
114.75
114.75
115.75
115.75
116.0
116.0
117.0
117.0
118.5
118.5
117.75
117.75
118.0
118.0
118.0
118.0
118.5
118.5
117.5
117.5
118.0
118.0
119.25
119.25
120.25
120.25
124.5
124.5
124.5
124.5
124.75
124.5
124.5
123.0
123.0
123.0
123.5
123.5
124.5
124.5
124.75
124.75
125.25
125.25
125.25
124.0
124.0
126.0
126.0
125.5
125.5
128.0
128.0
127.0
127.0
128.75
128.75
129.75
131.0
131.0
130.75
130.75
131.5
131.5
131.75
131.75
131.25
131.25
128.25
129.0
129.0
125.25
125.25
125.5
125.5
124.5
124.5
124.5
124.5
124.75
124.75
124.25
124.25
124.5
124.5
125.75
125.75
126.75
126.75
130.0
130.0
130.0
130.0
126.25
126.25
126.25
134.75
134.75
134.75
134.75
132.0
132.25
132.25
133.5
133.5
134.0
134.0
134.0
134.0
134.0
134.0
134.0
133.75
133.75
133.75
136.5
136.5
136.0
136.0
135.0
135.0
133.5
133.5
132.25
132.25
132.0
131.0
131.0
129.25
129.25
128.25
128.25
127.25
127.25
126.25
126.25
124.25
124.25
120.75
120.75
121.0
121.0
121.75
121.75
123.75
123.75
123.25
123.25
125.5
127.0
127.0
127.0
127.0
128.0
128.0
129.25
129.25
131.5
131.5
130.5
130.5
129.5
131.5
131.5
132.25
132.25
134.0
134.0
132.5
132.5
133.0
131.5
131.5
132.0
132.0
132.75
132.75
132.75
132.75
130.75
130.75
128.5
128.5
126.25
128.0
128.0
130.25
130.25
131.25
131.25
130.75
130.75
131.0
131.0
131.0
131.0
131.0
130.75
130.75
130.5
130.5
131.5
131.5
128.75
128.75
129.25
129.25
129.0
128.0
128.0
129.25
129.25
128.5
128.5
129.5
129.5
126.75
126.75
125.75
125.75
126.0
126.0
125.75
125.75
125.75
125.75
125.75
123.5
123.5
124.0
124.0
124.0
124.0
124.5
124.5
124.5
124.5
125.0
125.0
125.75
125.75
126.5
126.5
126.25
126.25
126.75
126.75
126.25
125.75
125.75
124.75
124.75
124.5
124.5
124.5
124.5
124.5
124.5
123.5
123.5
122.75
122.75
122.5
122.5
122.5
122.5
122.25
122.25
123.0
123.0
123.5
123.5
124.25
124.25
125.0
125.0
125.0
125.25
125.25
125.0
125.0
125.75
125.75
125.5
125.5
125.5
125.5
125.75
125.75
125.75
125.75
125.75
125.75
125.25
125.25
125.75
125.75
124.75
124.75
124.0
124.5
124.5
124.0
124.0
123.75
123.75
123.75
123.75
123.0
123.0
123.5
123.5
123.25
123.25
123.5
123.5
124.5
124.5
123.75
123.75
123.75
123.75
124.0
124.0
124.25
124.25
123.5
123.5
126.5
126.25
126.25
127.75
127.75
127.75
127.75
130.5
134.75
134.75
137.5
137.5
134.25
134.25
135.0
137.25
137.25
136.75
136.75
138.25
138.25
138.75
140.5
140.5
139.5
139.5
141.0
141.25
141.25
141.75
141.75
141.75
141.75
140.75
140.75
140.75
142.0
142.0
142.0
144.25
144.25
142.0
142.0
143.0
142.25
142.25
142.0
142.0
144.75
144.5
144.5
143.75
143.75
144.5
145.75
145.75
145.0
144.5
144.5
143.25
143.25
141.5
141.5
140.25
139.5
139.5
137.25
137.25
136.75
136.75
136.75
138.25
138.25
136.75
136.75
137.0
137.0
138.0
138.0
137.75
137.75
137.5
137.5
137.5
137.5
137.25
137.25
141.0
141.0
139.75
139.75
143.0
143.0
143.0
145.0
145.0
147.75
147.75
148.0
145.25
145.25
145.5
146.5
146.5
146.75
146.75
146.75
146.75
146.75
146.75
147.0
147.0
146.75
146.75
146.25
150.75
150.75
142.0
142.0
147.5
145.25
145.25
144.5
142.75
142.75
142.75
142.75
142.75
143.0
143.0
143.0
143.0
143.0
143.0
143.0
146.0
146.0
146.0
150.25
150.25
150.25
150.25
150.25
150.25
150.25
150.5
150.25
150.25
150.5
150.5
150.5
149.875
149.25
148.625
148.0
148.0
150.0
150.0
148.75
146.75
146.75
147.5
147.5
147.5
148.75
148.75
148.0
148.0
146.75
146.5
146.5
146.75
145.75
145.75
145.25
145.25
146.25
146.25
146.25
146.25
146.25
146.5
146.5
146.25
146.25
146.25
142.75
143.25
143.25
142.0
142.0
139.75
139.75
138.5
138.5
138.5
136.25
136.25
135.0
135.0
132.5
132.5
131.5
131.5
130.25
130.25
129.75
129.75
129.75
129.5
129.5
129.0
129.0
129.5
129.5
129.5
129.5
129.25
129.25
129.0
129.0
129.0
129.5
129.5
130.5
130.5
130.5
130.5
130.25
130.0
130.0
130.0
132.0
131.75
131.75
132.75
132.75
132.75
132.75
121.5
121.5
121.25
121.25
121.25
121.25
121.25
121.25
121.25
121.5
121.5
121.5
121.5
110.25
110.25
117.0
117.75
117.75
117.75
117.75
118.5
118.5
118.5
118.5
118.5
118.5
118.5
118.5
118.5
118.5
118.5
118.5
118.5
118.5
118.5
118.5
121.52272727272727
124.54545454545455
127.56818181818181
130.5909090909091
133.61363636363637
136.63636363636363
139.6590909090909
142.6818181818182
145.70454545454547
148.72727272727272
151.75
151.75
152.25
154.0
154.0
153.75
153.75
155.5
154.25
154.25
158.25
157.5
157.5
156.5
153.75
153.75
153.25
153.25
153.75
155.5
155.5
153.25
152.75
152.75
152.5
153.5
153.5
151.0
151.0
153.25
148.0
148.0
147.25
146.75
146.75
144.5
143.0
143.0
144.75
144.75
141.5
140.75
140.75
140.75
140.75
136.5
136.5
138.75
137.0
137.0
135.75
135.75
134.25
134.25
132.25
133.0
133.0
129.0
129.0
127.25
130.25
130.25
134.25
134.25
133.5
133.5
133.5
135.25
135.25
135.25
136.5
136.5
135.75
135.75
135.5
136.0
136.0
136.75
136.75
137.75
137.75
139.5
140.5
140.5
141.25
141.25
141.25
142.5
142.25
142.25
143.25
143.25
142.5
141.5
141.5
142.25
142.25
140.75
143.25
143.25
144.5
144.5
146.25
145.75
145.75
146.5
141.0
141.0
143.0
143.0
144.25
145.75
145.75
149.75
149.75
150.0
150.0
150.75
150.75
149.75
149.75
149.75
151.25
150.5
150.5
150.0
150.0
152.0
152.0
151.75
152.25
152.25
152.75
152.5
152.5
153.25
153.25
152.75
151.0
151.0
150.0
150.25
150.25
150.0
150.0
148.75
148.75
148.75
148.0
148.5
148.5
149.25
149.25
148.5
147.75
147.75
147.0
147.0
148.5
149.0
149.0
148.25
147.0
147.0
146.5
146.5
147.0
146.5
146.5
146.0
146.0
147.0
147.25
147.25
147.25
147.0
147.0
145.25
145.25
146.5
147.0
147.0
145.75
145.75
145.25
142.5
142.5
142.0
142.0
139.75
139.75
139.75
139.75
134.75
136.25
136.25
134.75
134.75
133.0
133.0
133.25
133.25
133.25
134.0
134.0
133.75
133.75
135.25
135.25
136.75
137.25
137.25
137.25
137.25
137.0
137.0
137.5
138.0
138.0
138.0
138.0
137.5
137.5
136.75
137.0
137.0
137.25
137.25
136.75
136.75
135.75
133.0
133.0
135.0
135.0
135.25
135.25
133.25
133.25
130.5
130.5
132.0
132.5
132.5
131.5
131.5
131.5
131.5
133.25
133.25
131.0
132.0
132.0
130.25
130.25
131.5
131.5
132.75
132.75
133.25
133.5
133.5
133.0
133.0
132.75
132.75
132.0
132.0
132.0
132.0
132.5
132.25
132.25
132.0
132.0
131.75
131.75
130.75
130.75
129.75
129.75
129.0
129.0
128.75
127.25
127.25
126.5
126.5
126.75
126.75
127.25
127.25
128.25
128.25
128.0
128.0
126.75
126.75
126.75
125.75
125.75
124.0
124.0
124.0
122.75
122.75
122.75
123.75
123.75
124.25
124.25
123.5
123.5
124.0
124.0
123.25
123.25
124.25
124.25
127.0
127.0
128.5
128.5
126.75
126.75
125.0
125.0
125.0
125.0
124.0
124.0
122.75
122.75
122.75
122.25
122.25
123.75
123.75
124.5
124.5
125.0
125.0
125.5
125.5
125.25
125.25
124.5
124.5
124.5
124.5
125.0
125.0
126.0
126.0
125.75
125.0
125.0
124.0
124.0
123.75
123.75
123.5
123.5
123.5
123.5
124.0
124.0
124.25
124.25
123.75
123.75
125.0
125.0
126.0
126.0
125.75
125.75
125.75
125.75
127.25
128.0
128.0
128.5
128.5
128.5
128.5
128.5
128.5
129.0
129.0
129.5
129.5
129.0
129.0
129.0
128.25
128.25
126.75
126.75
126.25
126.25
126.25
126.25
126.25
126.25
126.0
126.0
125.25
125.25
123.0
123.0
122.75
122.75
122.75
122.75
123.25
123.5
123.5
124.0
124.0
123.5
123.5
123.0
123.0
122.5
122.5
122.25
122.25
121.75
121.75
121.75
121.75
120.5
120.5
120.75
120.75
120.25
120.25
119.0
119.0
118.5
118.5
118.25
118.25
118.75
118.75
118.25
118.25
118.0
118.0
118.25
118.25
119.75
119.75
121.0
121.0
121.5
121.5
121.75
121.75
122.0
122.0
122.25
122.25
122.75
122.75
123.75
123.75
123.0
123.0
122.0
122.0
121.75
121.75
120.75
120.75
120.75
120.75
121.75
121.75
121.5
121.5
121.0
121.0
121.0
121.0
122.75
122.75
122.75
122.75
122.25
122.25
122.0
122.0
120.75
120.75
121.5
121.5
121.5
121.5
120.0
120.0
119.0
119.0
118.5
118.5
119.5
119.5
120.0
120.0
119.5
119.5
118.75
118.75
118.75
118.75
118.75
118.75
120.0
120.0
121.0
121.0
121.0
121.0
120.0
120.0
119.25
119.25
117.75
117.75
118.0
118.0
117.75
117.75
117.5
117.5
117.5
117.5
117.5
117.5
117.5
117.5
118.5
118.5
118.75
118.75
118.5
118.5
118.75
118.75
117.0
117.0
117.0
117.0
117.0
117.0
117.0
116.0
116.0
115.0
115.0
114.75
114.75
111.75
111.75
109.5
109.5
109.25
109.25
109.25
108.5
108.5
110.75
110.75
111.25
111.25
112.25
112.25
112.0
112.0
112.75
112.75
113.5
113.5
114.75
114.75
114.25
114.25
114.25
115.0
115.0
116.25
116.25
117.0
117.0
116.75
116.75
115.75
115.75
116.0
116.0
116.75
116.75
117.0
117.0
117.0
117.0
118.5
118.5
121.0
121.0
121.5
121.5
121.25
121.25
120.5
120.5
119.25
119.25
118.5
118.5
120.0
120.0
118.75
118.75
118.0
118.0
117.0
117.0
116.5
116.5
115.5
115.5
114.0
114.0
114.0
112.5
112.5
112.0
112.0
112.5
112.5
111.75
111.75
111.25
111.25
109.75
109.75
109.75
109.75
109.75
110.0
110.0
109.25
109.25
110.25
110.25
110.75
110.75
112.25
112.25
115.0
115.0
115.5
115.5
116.75
116.75
117.0
117.0
118.0
118.0
118.0
118.5
118.5
117.5
119.25
119.25
118.75
118.75
118.5
118.5
118.5
117.5
117.5
116.75
116.75
114.75
114.75
114.5
114.5
114.75
114.75
114.75
114.75
114.5
114.5
115.0
115.0
114.0
114.0
113.25
113.25
113.25
112.5
112.5
110.75
110.75
109.0
109.0
106.25
106.25
106.25
104.0
104.0
100.5
100.5
100.5
100.5
100.25
100.25
100.5
100.5
100.5
100.5
100.5
100.5
100.5
100.25
100.25
106.0
106.0
104.0
104.0
105.0
105.0
104.0
104.0
103.5
103.5
103.5
103.25
103.25
103.25
103.5
103.5
103.25
103.25
103.25
103.25
90.25
90.25
89.75
89.75
89.75
88.5
88.5
88.5
88.5
88.5
88.5
88.5
88.5
88.5
88.5
88.5
88.5
87.85
87.2
86.55
85.9
85.25
85.25
84.25
84.25
84.25
84.5
84.5
84.5
84.5
84.5
84.5
84.5
84.5
84.5
84.5
84.5
84.25
84.25
84.0
84.0
84.0
84.0
83.75
83.75
83.75
84.25
84.25
84.25
83.75
83.75
83.0
83.0
83.0
76.0
76.0
76.0
75.25
75.25
75.25
75.25
86.25
86.25
86.25
86.25
86.25
84.5
84.5
84.5
90.0
90.0
90.0
90.25
90.25
91.75
91.75
91.25
91.25
91.25
94.0
94.25
94.25
94.25
94.0
94.0
94.0
94.0
94.25
94.25
95.0
95.0
95.0
96.25
96.25
98.25
98.25
104.75
104.75
105.0
105.0
104.5
104.5
104.5
104.5
104.5
104.75
104.75
105.5
105.5
104.5
104.5
104.5
105.75
105.75
105.75
105.75
107.5
107.5
107.75
107.75
107.75
107.5
107.5
109.25
109.25
107.5
107.5
106.75
106.75
106.75
107.25
107.25
107.25
107.25
106.5
106.5
105.5
105.5
105.0
105.0
104.5
104.5
104.5
104.0
104.0
104.0
104.25
104.25
105.25
105.25
105.75
105.75
106.0
106.0
106.0
108.25
108.25
108.0
108.0
107.5
107.5
107.0
107.0
108.25
108.25
108.25
108.5
108.5
108.0
108.0
108.0
108.0
108.0
108.0
108.0
107.75
107.75
108.0
108.0
108.25
108.25
109.0
109.0
110.0
110.0
110.0
110.25
110.25
110.0
110.0
110.0
110.0
109.5
109.5
109.5
109.0
109.0
109.0
109.0
111.5
111.5
114.25
115.25
115.25
116.5
116.5
116.5
116.75
116.75
116.75
116.75
113.25
113.25
113.25
112.25
112.25
112.0
112.0
110.75
110.75
111.25
111.25
111.0
111.0
111.75
111.75
111.75
111.75
111.75
112.0
112.0
112.75
112.75
112.25
112.25
112.25
112.25
113.25
113.25
113.5
113.5
113.5
113.0
113.0
113.25
113.25
114.0
114.0
113.0
113.0
113.25
113.25
112.75
112.75
111.25
111.25
111.25
109.5
109.75
109.75
109.75
109.25
109.25
108.75
108.75
107.5
107.5
107.5
107.5
107.5
107.5
107.5
107.5
112.5
111.25
111.25
111.75
111.75
112.0
112.0
112.0
112.0
112.0
112.25
112.25
112.25
112.25
112.25
112.25
113.0
113.0
113.0
113.0
112.25
112.25
112.25
112.25
112.25
113.0
113.0
114.0
114.75
114.75
116.5
116.5
118.75
118.75
119.75
119.75
121.0
121.0
121.75
121.75
125.0
125.0
125.0
129.5
129.5
129.5
130.0
131.25
131.25
131.5
131.5
132.5
133.5
133.5
133.25
133.25
133.5
133.5
133.75
130.5
130.5
130.25
130.25
130.25
126.75
126.75
126.25
126.25
125.0
125.0
125.0
123.5
123.5
123.5
122.75
122.75
120.75
120.75
119.75
119.75
120.0
120.0
116.25
116.25
115.5
115.5
116.5
116.5
114.5
114.5
115.5
117.5
117.5
119.25
119.25
119.25
120.75
120.75
121.0
121.0
124.5
126.75
126.75
128.5
128.5
130.5
130.5
130.75
131.5
131.5
134.25
134.25
134.75
134.5
134.5
135.5
135.0
135.0
137.0
137.0
137.0
137.0
138.0
138.0
136.75
137.25
137.25
137.5
137.5
135.75
136.25
136.25
135.75
135.75
133.5
133.5
132.0
132.0
130.75
130.75
127.75
127.75
127.0
127.0
124.75
123.75
123.75
124.0
124.0
124.0
124.0
126.0
126.0
125.75
125.75
124.75
124.75
122.75
122.75
123.5
123.5
124.75
124.75
124.5
124.5
126.25
126.25
129.5
129.5
131.5
131.5
132.0
132.0
134.0
137.5
137.5
136.75
136.75
137.25
137.25
136.0
135.0
135.0
136.25
136.25
137.25
137.25
138.0
139.0
139.0
140.25
140.25
140.75
144.75
144.75
142.5
142.5
142.25
142.75
142.75
143.25
143.25
144.0
143.25
143.25
141.75
141.75
140.25
140.25
139.5
138.5
138.5
138.25
138.25
138.0
138.0
137.25
137.75
137.75
136.25
136.25
136.25
136.25
135.75
135.75
135.25
135.5
135.5
135.0
135.0
134.25
134.25
132.75
132.75
131.5
129.5
129.5
126.75
126.75
127.0
127.0
126.0
126.0
126.75
126.75
126.75
126.75
127.25
127.25
125.75
125.75
124.0
124.0
124.0
124.0
122.75
122.75
122.0
122.0
120.5
120.5
119.75
119.75
119.25
119.25
119.75
119.75
119.5
119.5
120.0
120.0
120.25
120.25
119.75
119.75
120.25
120.25
121.0
121.0
121.5
121.5
120.75
121.25
121.25
122.75
122.75
127.0
127.0
127.75
127.75
130.75
130.75
131.5
131.5
132.25
131.75
131.75
134.5
134.5
137.5
137.5
136.0
136.0
135.5
135.5
135.5
136.5
136.5
138.5
138.25
138.25
138.75
138.75
138.5
140.75
140.75
140.5
140.5
140.25
140.25
139.5
138.5
138.5
138.5
138.5
137.5
137.5
135.75
135.75
133.75
133.75
130.75
130.75
129.0
128.0
128.0
127.0
127.0
126.25
126.25
125.75
125.75
126.25
126.25
126.75
126.75
127.5
128.0
128.0
128.5
128.5
129.0
129.0
129.0
129.0
129.5
129.5
130.5
132.0
132.0
132.5
132.5
134.75
134.75
135.5
135.5
131.0
131.5
131.5
132.5
132.5
131.5
131.5
132.0
132.0
133.5
133.0
133.0
133.5
133.5
135.75
135.75
135.0
135.0
135.0
134.75
134.75
135.0
135.0
135.75
135.75
134.0
134.0
132.0
132.75
132.75
131.25
131.25
127.5
127.5
123.5
123.5
120.5
118.25
118.25
115.75
115.75
112.0
112.0
98.25
98.25
114.25
114.25
110.25
110.25
110.75
110.75
110.75
109.75
109.75
109.75
109.75
108.25
108.25
108.5
108.5
110.5
110.5
111.25
111.25
111.75
111.75
112.75
112.75
114.0
114.0
114.0
119.25
119.25
119.25
119.75
119.75
123.5
123.5
128.75
128.75
129.5
129.5
128.75
128.75
129.0
129.5
129.5
129.0
129.0
129.25
129.25
129.75
129.75
136.75
136.75
136.75
122.25
122.25
122.5
122.5
122.25
122.25
122.25
122.25
122.25
136.5
136.5
136.0
136.0
136.5
134.25
134.25
134.0
134.0
133.75
133.75
131.75
131.75
130.75
130.75
129.0
130.0
130.0
133.0
133.0
127.25
127.25
130.25
130.25
128.0
128.0
129.75
133.5
133.5
134.25
134.25
135.0
135.0
134.5
135.75
135.75
134.5
134.5
137.5
137.5
136.25
136.25
135.75
135.75
138.0
138.0
138.75
140.25
140.25
139.5
139.5
139.75
139.75
140.25
140.25
140.75
142.0
142.0
142.5
142.5
142.5
142.5
142.5
142.5
146.0
147.0
147.0
147.25
146.25
146.25
145.0
145.0
145.75
145.75
146.5
146.5
146.5
146.5
146.25
148.5
148.5
148.5
148.5
148.5
148.5
148.25
148.25
148.25
148.25
148.25
148.25
148.5
148.75
149.0
149.25
149.5
149.75
150.0
150.0
152.0
152.0
152.0
153.0
151.5
151.5
154.5
154.5
154.5
154.5
156.5
155.5
155.5
153.75
154.5
155.25
155.25
153.0
153.0
154.75
156.75
156.75
156.25
156.5
156.5
155.25
155.5
155.5
157.0
157.25
157.25
156.75
157.0
157.0
157.75
157.75
157.75
157.75
157.75
158.5
159.25
159.0
159.0
158.75
158.75
158.5
157.75
157.75
157.5
158.25
158.25
158.5
158.75
158.75
157.25
157.5
157.5
156.5
156.0
156.0
157.0
155.5
155.5
155.5
155.5
155.75
153.75
153.75
154.5
153.75
153.75
151.75
152.0
152.0
149.5
149.5
148.25
147.75
147.75
145.0
145.0
144.25
143.25
143.25
144.25
144.25
143.0
144.5
144.5
143.25
143.25
142.0
142.0
140.75
139.25
139.25
135.75
135.75
136.5
136.5
133.5
133.5
133.25
131.5
131.5
130.0
130.0
126.5
126.5
126.5
126.5
125.5
125.5
123.5
123.5
122.25
122.25
121.25
121.25
121.5
121.5
122.25
122.25
122.75
123.75
123.75
125.5
125.5
127.25
128.5
128.5
129.5
129.5
129.0
129.0
131.25
132.25
132.25
138.0
138.0
139.5
141.25
141.25
142.25
142.25
146.25
146.25
144.0
141.0
141.0
143.5
146.0
146.0
145.5
145.5
147.0
147.0
147.75
147.75
146.25
147.0
147.0
148.5
148.0
148.0
144.5
144.5
143.0
143.0
140.75
140.75
140.5
135.75
135.75
135.75
135.75
135.75
135.75
136.0
136.0
136.0
138.5
138.5
143.5
140.0
140.0
141.5
141.5
142.0
142.25
142.25
142.25
142.25
142.25
142.25
142.5
142.5
142.25
148.75
148.75
149.5
151.0
151.0
151.0
151.0
151.0
151.0
150.75
150.75
150.75
154.75
154.75
156.25
156.75
156.75
156.0
156.0
156.75
157.25
157.25
157.25
157.75
157.75
158.0
158.0
157.5
156.5
156.5
159.0
159.0
161.0
161.25
161.25
161.0
161.0
161.0
160.0
164.0
164.0
162.5
162.75
163.75
163.75
163.75
162.75
164.25
164.25
163.25
163.25
163.25
163.5
163.5
163.5
162.5
161.5
161.5
161.5
159.0
159.0
160.25
157.75
156.75
156.75
154.75
154.75
153.75
153.25
153.25
153.25
152.75
154.0
154.0
155.0
155.0
155.0
155.75
156.0
156.0
157.0
157.0
155.25
155.5
155.5
158.25
160.5
160.5
159.25
159.5
159.5
160.5
160.5
160.5
160.75
160.75
160.75
160.75
160.75
160.75
160.75
160.75
160.75
160.75
160.75
165.0
164.0
164.5
164.5
165.0
165.0
165.0
165.0
165.0
165.0
165.0
165.0
165.0
165.0
165.0
165.0
164.75
165.5
166.0
166.0
165.5
164.0
164.0
163.75
163.75
165.75
165.5
165.5
165.0
163.25
162.75
162.75
166.5
166.5
166.75
166.25
166.25
167.0
166.5
166.5
168.25
168.0
168.25
168.25
169.25
170.0
170.0
170.5
169.75
169.5
169.5
169.75
169.75
169.75
171.0
169.75
170.0
170.0
170.75
170.0
170.0
169.25
169.0
169.0
168.0
167.75
167.75
166.75
165.5
165.5
164.25
163.25
163.25
163.25
162.25
161.75
161.75
161.75
161.25
161.25
161.25
160.5
160.5
160.0
159.5
159.5
161.25
160.0
160.0
160.25
158.75
158.75
157.75
157.75
156.5
156.75
156.75
155.25
153.5
153.5
153.75
152.75
152.75
152.5
152.5
152.75
152.5
152.5
152.5
152.75
152.75
154.25
154.25
154.25
153.5
153.5
153.75
153.75
153.75
153.5
153.75
153.75
153.5
153.5
153.5
154.0
153.5
153.5
153.25
153.5
153.5
154.5
154.5
154.75
154.75
154.75
154.75
154.25
154.25
154.25
155.0
155.0
154.5
154.5
152.5
150.75
150.75
149.25
147.75
147.75
147.0
147.0
145.5
145.25
145.25
146.0
146.0
146.0
146.0
146.0
147.0
147.0
148.5
150.0
150.0
150.75
153.0
153.0
155.0
155.0
155.0
154.5
156.0
156.0
154.75
155.5
155.5
155.75
157.75
157.75
159.0
159.25
159.25
159.0
159.0
159.0
159.5
159.5
160.0
159.5
160.5
160.5
162.0
161.75
161.75
162.75
162.75
162.75
162.5
162.25
162.25
161.75
160.25
160.25
159.0
154.5
154.5
151.75
151.75
142.0
142.0
135.5
135.5
135.0
135.0
137.5
137.5
140.5
140.5
139.0
138.75
138.75
138.75
135.5
135.5
135.5
135.5
135.5
135.25
135.25
135.5
135.5
133.0
133.0
133.0
131.0
131.0
130.75
129.25
129.25
129.5
129.5
127.75
127.75
128.5
128.5
128.5
107.0
107.0
129.0
129.0
126.25
126.25
126.25
103.0
103.0
102.75
102.75
101.5
101.5
101.5
105.75
105.75
105.25
105.25
105.25
103.75
103.75
101.5
101.5
100.25
100.25
100.0
100.0
100.0
98.25
98.25
98.25
98.25
98.25
98.25
98.25
97.75
97.75
97.5
97.5
97.75
97.75
97.75
98.25
98.25
99.75
99.75
119.5
119.5
119.5
119.5
119.25
119.25
119.25
119.25
119.25
119.25
119.25
119.25
116.35714285714286
113.46428571428571
110.57142857142857
107.67857142857143
104.78571428571429
101.89285714285714
99.0
99.0
99.5
99.5
101.25
101.25
100.5
100.5
100.25
100.25
100.25
100.25
100.25
100.25
100.25
100.25
100.25
100.25
100.25
100.25
100.6
100.95
101.3
101.65
102.0
102.0
102.0
102.0
102.0
101.75
101.75
102.0
102.0
101.75
101.75
101.75
101.75
