130.5
130.5
137.5
137.5
139.5
139.5
140.25
141.5
141.5
140.75
140.75
143.5
145.0
145.0
145.75
145.75
145.75
147.75
147.75
148.25
147.0
147.0
147.75
147.75
146.0
146.0
145.75
144.5
144.5
143.25
143.25
140.75
139.5
139.5
139.0
139.0
137.0
137.0
132.5
132.5
132.5
132.5
132.5
132.5
132.5
132.25
132.25
132.25
132.25
132.25
132.25
129.25
126.25
123.25
120.25
117.25
117.25
118.0
118.0
118.75
118.75
119.75
120.5
120.5
123.0
123.0
127.5
127.5
127.5
123.75
123.75
123.75
121.0
120.75
120.75
122.25
122.25
122.25
123.75
123.75
124.25
124.25
126.25
129.0
129.0
130.75
130.75
131.25
131.25
131.75
131.75
132.75
132.75
134.25
134.25
134.25
135.25
136.75
136.75
139.5
140.75
140.75
141.0
141.0
140.75
140.75
140.0
138.75
138.75
137.5
137.5
136.25
136.25
135.25
137.75
137.75
139.75
139.75
141.5
141.25
141.25
140.5
140.5
141.75
141.75
140.75
139.5
139.5
142.0
142.25
142.25
145.0
145.0
148.25
148.25
148.25
148.0
148.0
152.0
152.5
152.5
156.0
155.5
155.5
155.25
157.5
157.5
152.75
152.75
150.25
150.25
147.25
147.25
142.5
142.5
140.25
140.25
135.75
135.75
135.0
133.5
133.5
129.75
129.75
127.0
127.0
130.0
130.0
132.25
132.25
140.25
142.25
142.25
145.75
147.0
147.0
148.0
148.0
148.5
148.5
148.5
148.25
146.0
146.0
144.5
144.5
143.25
143.25
141.5
140.75
140.75
137.25
137.25
136.75
136.75
138.75
140.75
140.75
142.75
142.75
144.75
147.0
147.0
148.25
150.25
150.25
150.0
150.5
150.5
150.25
150.25
151.25
154.5
154.5
154.25
154.5
154.5
153.25
155.5
155.5
155.75
156.25
156.25
157.75
158.25
158.25
157.5
157.25
157.25
161.0
161.75
161.75
163.25
160.75
160.75
159.0
158.75
158.75
157.0
155.25
155.25
155.0
153.25
153.25
151.5
151.5
150.0
147.25
147.25
139.5
139.5
140.5
140.5
142.75
144.25
144.25
146.5
147.25
147.25
149.25
148.25
148.25
147.5
147.5
150.5
150.5
150.5
151.0
151.5
151.5
151.75
151.75
151.5
152.25
152.25
151.25
152.25
152.25
152.75
153.0
153.0
153.25
153.25
153.5
155.0
155.0
154.75
155.25
155.25
156.75
157.0
157.0
156.5
156.5
156.5
156.25
156.5
156.5
155.5
155.5
155.5
155.5
155.5
155.25
155.25
155.25
151.0
150.5
150.5
151.0
151.0
150.0
148.75
148.75
149.5
149.5
149.0
146.75
146.75
146.75
147.75
147.75
149.25
149.25
149.5
151.5
151.5
152.25
151.75
151.75
152.5
151.5
151.5
152.25
152.25
153.25
154.0
154.0
153.25
155.0
155.0
156.5
156.0
156.0
155.75
157.75
157.75
157.0
157.0
156.0
159.5
160.75
160.75
162.5
162.5
161.25
158.75
158.75
158.25
161.25
161.25
160.5
160.0
160.0
159.0
159.0
159.0
159.0
157.75
157.0
157.0
156.25
156.25
154.5
152.75
152.75
151.0
151.25
151.25
149.75
149.75
149.75
149.0
149.0
148.75
149.5
149.5
149.0
149.0
148.75
148.75
148.75
148.75
148.75
148.75
149.0
149.0
146.0
146.0
146.5
147.5
147.5
147.0
148.0
148.0
147.5
147.5
146.75
145.5
145.5
142.5
142.5
136.0
136.0
134.25
134.25
134.0
133.75
133.75
133.75
133.75
134.25
134.25
135.5
138.25
138.25
141.25
141.25
143.5
145.25
145.25
143.25
144.5
144.5
143.0
143.0
142.5
142.5
143.25
145.75
145.75
146.5
146.5
145.5
149.25
149.25
150.0
150.0
150.5
150.0
150.0
148.0
147.0
147.0
146.0
146.0
144.0
144.0
144.0
143.25
144.0
144.0
143.25
143.25
143.25
145.5
145.5
146.25
147.0
147.0
146.75
146.75
148.25
149.75
149.75
151.75
152.25
152.25
153.25
156.0
156.0
156.0
156.0
155.5
154.5
154.5
151.75
151.75
148.5
148.75
148.75
148.5
148.5
147.75
145.75
145.75
145.75
143.25
143.25
140.5
140.5
137.75
137.75
136.75
135.75
135.75
136.75
136.75
138.0
138.0
138.75
141.25
141.25
142.0
142.0
141.5
142.0
142.0
141.75
141.75
143.5
146.0
146.0
145.75
146.75
146.75
146.75
146.75
147.25
147.5
147.5
146.0
146.0
146.25
147.5
147.5
149.0
149.0
149.0
149.5
149.5
149.75
151.25
151.25
152.0
152.5
152.5
153.0
153.75
153.75
153.5
153.5
151.75
152.0
152.0
151.0
149.0
149.0
147.5
147.5
146.5
145.25
145.25
147.25
147.25
147.75
148.0
148.0
147.0
147.0
147.0
148.25
148.25
147.75
149.0
149.0
149.0
149.0
148.25
148.5
148.5
149.25
149.25
149.25
148.25
148.25
150.25
150.75
150.75
150.75
151.75
151.75
152.0
152.0
152.0
151.75
151.75
152.0
152.5
152.5
152.5
153.25
153.25
153.25
154.5
154.5
153.25
153.25
154.75
154.25
154.25
153.5
154.25
154.25
155.0
153.75
153.75
154.75
154.25
154.25
155.0
156.0
156.0
155.0
155.0
155.0
155.75
155.75
155.25
155.5
155.5
155.0
155.25
155.25
155.25
155.5
155.5
155.25
155.75
155.75
154.25
154.25
153.75
153.25
153.25
152.25
152.5
152.5
150.5
150.5
151.75
151.75
151.75
150.0
150.5
150.5
149.25
149.25
149.5
148.75
148.75
149.0
147.25
147.25
147.75
147.75
148.0
146.5
146.5
147.5
147.5
147.0
147.5
147.5
147.25
146.5
146.5
147.0
147.0
146.25
146.0
146.0
146.75
146.75
145.25
146.75
146.75
146.25
146.25
145.75
145.75
145.75
145.0
145.0
145.25
145.25
145.25
147.25
146.5
146.5
145.75
145.75
147.0
147.0
147.0
145.75
145.75
146.0
143.25
143.25
144.75
144.75
141.75
141.75
139.75
138.75
138.75
138.0
138.0
137.0
137.0
135.75
135.75
135.75
136.75
136.75
139.25
139.5
139.5
141.25
141.25
142.0
143.5
143.5
144.25
144.25
143.25
143.25
142.75
141.75
141.75
138.0
138.0
137.75
136.5
136.5
135.5
135.5
133.25
133.25
132.0
132.0
131.0
131.0
131.5
132.75
132.75
133.0
133.0
134.5
134.5
135.75
136.5
136.5
137.75
137.75
137.75
137.75
137.75
137.75
137.75
138.0
144.75
144.75
145.5
145.5
147.0
146.75
146.75
148.5
148.5
146.0
145.75
145.75
145.5
145.5
144.25
144.75
144.75
143.25
143.25
143.0
142.5
142.5
141.75
141.75
141.0
141.0
141.25
141.25
141.25
141.75
141.25
141.25
141.5
141.5
143.25
143.25
143.25
144.25
144.25
144.25
145.25
145.25
145.25
145.25
145.5
146.5
146.5
147.0
147.0
147.5
147.5
147.5
147.5
147.5
146.5
145.0
145.0
145.5
145.75
145.75
144.0
144.0
144.5
144.5
144.5
144.5
143.25
143.5
143.5
144.75
144.75
144.75
144.5
145.75
145.75
144.25
144.25
144.5
144.25
144.25
145.0
145.0
144.5
143.5
143.5
144.5
144.5
144.75
147.5
147.5
146.75
146.75
146.75
146.25
146.25
146.25
146.25
147.0
145.0
145.0
144.75
144.75
142.25
141.5
141.5
142.0
142.0
141.75
141.0
141.0
140.75
140.75
142.0
142.0
142.0
143.0
143.0
144.0
144.25
144.25
145.0
145.0
146.25
147.0
147.0
147.0
148.25
148.25
147.5
147.5
148.0
149.0
149.0
147.5
147.5
147.0
146.75
146.75
147.75
147.75
146.75
146.75
146.75
146.75
145.75
145.75
144.25
144.25
142.0
142.0
140.75
140.5
140.5
141.75
141.75
142.5
142.75
142.75
142.0
142.0
141.25
142.0
142.0
143.0
143.0
143.25
143.75
143.75
144.5
144.5
145.75
146.5
146.5
146.5
147.0
147.0
147.75
147.75
147.0
146.25
146.25
145.0
145.0
144.5
144.25
144.25
143.75
143.25
143.25
142.0
141.25
141.25
141.5
141.5
138.0
137.75
137.75
138.25
138.25
138.25
138.75
138.75
139.0
139.0
139.5
139.5
139.5
140.5
140.5
141.75
141.75
142.0
143.0
143.0
143.25
143.25
143.25
143.5
143.5
143.75
143.75
143.5
143.75
143.75
144.0
144.0
144.5
144.0
144.0
145.0
145.0
145.5
146.0
146.0
146.0
146.0
146.0
146.0
146.0
145.75
147.0
147.0
147.5
147.5
147.5
146.5
146.5
146.75
146.75
148.0
148.0
148.0
147.0
147.0
147.0
147.25
147.25
147.0
147.5
147.5
147.25
147.25
147.0
147.0
147.0
147.0
148.0
148.0
148.25
150.0
150.0
149.5
149.75
149.75
150.5
150.5
150.0
149.25
149.25
150.0
150.0
150.0
150.5
150.5
150.0
149.0
149.0
148.25
149.25
149.25
149.5
149.5
150.0
149.25
149.25
148.25
149.75
149.75
148.5
148.5
148.25
148.0
148.0
149.5
149.5
150.0
150.0
149.25
149.25
149.25
149.5
149.5
149.25
149.25
149.25
149.0
149.5
149.5
149.5
149.5
149.5
147.75
147.75
146.75
147.0
147.0
147.5
147.5
146.5
147.0
147.0
147.5
147.5
147.0
146.5
146.5
146.75
147.5
147.5
147.5
147.5
147.75
147.75
147.75
147.5
147.5
147.0
147.5
147.5
147.5
147.5
146.5
148.0
148.0
147.75
147.75
147.75
147.5
147.5
147.25
147.5
147.5
147.75
147.75
147.75
146.0
146.0
146.0
146.0
146.0
146.0
146.0
146.75
146.0
146.0
147.0
147.0
147.75
147.25
147.25
147.0
147.0
146.25
145.75
145.75
145.5
145.5
146.0
144.5
144.5
146.5
146.5
145.0
145.0
145.5
145.5
145.75
143.75
143.75
145.25
145.25
145.25
146.75
146.75
147.25
146.75
146.75
145.5
145.5
143.25
143.25
144.5
143.25
143.25
143.5
143.75
143.75
144.5
144.5
144.5
145.0
145.0
143.75
143.75
145.0
145.0
145.0
145.25
145.25
145.75
145.0
145.0
146.25
146.25
145.25
146.0
146.0
145.25
145.25
145.25
144.0
144.0
143.25
143.25
143.25
143.25
143.25
143.25
143.25
142.0
143.25
143.25
143.0
143.0
143.0
142.0
142.0
143.5
143.5
143.25
144.75
144.75
145.0
145.0
145.0
144.5
144.5
144.25
144.25
144.75
143.75
143.75
144.25
144.25
143.75
143.5
143.5
143.25
143.25
142.5
142.5
142.5
142.0
142.0
142.0
141.25
141.25
139.5
139.5
139.0
139.0
138.25
137.5
137.5
137.5
137.5
137.5
137.5
137.25
137.25
137.5
137.5
138.5
138.5
138.5
138.5
138.5
138.5
138.25
138.25
138.5
138.5
138.25
138.25
139.69444444444446
141.13888888888889
142.58333333333334
144.02777777777777
145.47222222222223
146.91666666666666
148.36111111111111
149.80555555555554
151.25
151.25
150.0
150.0
148.25
148.25
148.25
148.25
148.25
148.25
148.25
148.25
148.25
148.5
148.5
145.70833333333334
142.91666666666666
140.125
137.33333333333334
134.54166666666666
131.75
131.75
129.5
128.5
128.5
128.75
128.75
128.5
128.5
129.0
129.0
130.0
130.0
130.75
131.0
131.0
131.75
131.75
132.75
132.75
134.75
135.75
135.75
136.75
136.75
138.5
138.5
138.5
139.5
139.5
139.5
139.5
139.5
140.75
140.75
140.75
140.75
140.5
140.75
140.75
140.5
140.5
140.0
140.0
141.0
141.75
141.75
143.25
143.25
143.75
144.0
144.0
144.25
144.25
144.0
143.25
143.25
143.25
143.25
143.0
143.0
144.75
144.75
145.0
145.0
145.0
143.25
143.25
140.0
139.25
139.25
140.25
140.25
140.75
140.75
140.75
140.75
140.75
141.0
141.0
141.0
141.25
141.25
140.0
140.0
140.75
142.0
142.0
142.5
142.5
144.75
145.25
145.25
145.5
145.5
145.5
145.5
145.5
145.25
145.25
145.25
147.0
147.0
145.75
146.5
146.5
145.0
145.0
144.5
145.25
145.25
145.75
145.75
145.75
146.0
146.0
147.0
147.0
147.0
145.0
146.75
146.75
147.75
147.75
149.0
149.0
147.25
148.25
148.25
147.5
146.25
146.25
146.25
146.25
146.25
146.5
146.5
146.5
146.5
146.5
144.25
144.25
144.25
143.5
143.5
144.5
144.25
144.25
144.25
144.25
144.75
145.0
145.0
145.0
145.0
145.5
145.5
145.5
145.5
145.5
146.0
146.25
146.25
147.5
147.25
147.25
146.0
146.0
147.0
146.5
146.5
146.75
147.0
147.0
147.0
147.0
147.25
147.0
147.0
147.0
147.0
147.0
147.5
147.5
147.5
147.5
146.75
147.5
147.5
147.25
147.0
147.0
147.25
147.25
147.0
149.0
149.0
149.5
150.0
150.0
150.0
150.0
149.25
148.5
148.5
149.0
147.75
147.75
148.25
148.25
147.75
147.0
147.0
146.75
146.75
146.25
147.0
147.0
148.25
148.25
146.75
145.25
145.25
145.0
145.0
144.25
143.25
143.25
142.25
142.25
141.25
140.5
140.5
141.5
141.5
142.0
142.0
142.0
141.5
141.5
140.5
139.5
139.5
139.25
139.25
140.25
140.25
140.75
140.75
141.5
141.0
141.0
140.75
140.75
138.0
138.5
138.5
139.0
139.0
140.75
141.25
141.25
141.0
141.0
139.25
142.0
142.0
143.25
143.25
144.25
144.5
144.5
146.5
146.5
146.75
146.75
146.75
146.75
146.75
147.0
147.0
147.0
148.25
148.25
148.25
148.75
148.75
148.25
148.25
149.0
148.75
148.75
148.0
148.0
148.0
147.0
147.0
144.0
144.0
142.5
142.0
142.0
140.75
140.75
139.5
139.25
139.25
139.5
139.5
140.75
140.75
141.0
141.25
141.25
139.25
139.25
138.25
138.25
136.75
136.75
126.0
126.75
126.75
125.25
125.25
125.5
125.5
125.5
125.5
125.5
125.5
125.5
119.5
123.0
123.0
127.25
127.25
131.75
131.75
130.25
130.25
128.75
128.75
128.0
127.0
127.0
127.0
127.0
127.0
127.0
126.75
126.75
126.75
127.0
127.0
127.0
121.25
115.5
109.75
104.0
98.25
92.5
92.5
92.5
93.75
93.75
100.0
100.0
106.5
106.5
106.25
106.25
106.25
107.5
107.5
108.25
108.25
108.25
119.5
119.5
120.75
120.75
122.75
122.75
125.0
128.75
128.75
130.0
130.0
131.25
131.25
134.5
137.25
137.25
139.0
139.0
140.5
142.5
142.5
143.25
147.0
147.0
147.0
147.0
147.0
147.0
146.75
146.75
147.0
147.0
147.0
147.0
147.0
136.4
125.8
115.2
104.6
94.0
94.0
94.0
97.0
97.0
101.0
101.0
101.0
101.0
101.0
101.0
100.75
100.75
101.0
101.0
100.75
100.75
100.75
108.8
116.85
124.9
132.95
141.0
141.0
141.25
141.25
143.25
144.25
144.25
145.25
146.75
146.75
148.0
148.0
147.5
148.0
148.0
149.25
149.25
150.0
149.75
149.75
151.0
150.75
150.75
152.0
153.5
153.5
153.75
153.75
153.0
153.75
153.75
153.25
153.25
153.25
153.25
154.25
154.25
153.0
153.0
152.75
153.25
153.25
153.25
150.5
150.5
149.25
149.25
148.0
148.25
148.25
148.75
148.75
148.75
151.25
151.25
150.75
151.0
151.0
151.0
150.75
150.75
150.0
150.75
150.75
149.75
149.75
150.25
149.75
149.75
150.0
149.75
149.75
151.75
153.75
153.75
153.25
153.25
152.75
151.75
151.75
153.75
152.0
152.0
150.5
153.5
153.5
154.5
154.25
154.25
154.0
154.0
154.25
154.5
154.5
153.5
153.75
153.75
153.0
152.0
152.0
152.0
152.0
151.5
150.0
150.0
147.0
147.0
146.25
145.5
145.5
145.5
145.5
146.0
145.0
145.0
145.25
145.5
145.5
144.0
144.0
142.75
142.75
141.75
140.5
140.5
139.75
139.75
139.0
139.5
139.5
139.0
139.0
137.5
137.5
135.75
135.75
132.75
130.5
130.5
130.75
130.75
132.75
132.75
135.0
135.0
135.0
135.0
135.0
135.75
135.75
137.5
137.5
137.0
132.75
132.75
128.5
128.5
128.0
128.0
129.0
129.0
130.25
130.25
130.75
130.75
130.75
132.0
132.0
133.0
133.0
132.75
132.75
133.0
133.0
133.5
133.75
133.75
133.5
133.5
133.75
133.75
135.75
135.75
135.75
135.75
135.75
135.75
135.75
136.75
137.5
137.5
137.0
137.0
136.5
136.5
137.25
138.5
138.5
138.75
138.75
138.25
138.25
138.0
137.5
137.5
138.25
138.25
138.25
138.25
137.5
137.0
137.0
135.5
135.5
130.25
130.25
130.75
130.75
128.5
128.5
126.5
126.5
124.5
124.5
124.5
124.5
124.75
124.75
125.75
125.75
128.25
128.25
131.5
134.0
134.0
133.75
133.75
134.5
134.5
136.5
138.0
138.0
140.75
140.75
142.5
143.5
143.5
144.75
144.75
143.75
143.0
143.0
141.25
141.25
137.5
137.5
135.0
132.0
132.0
130.25
130.25
129.5
129.5
129.0
129.0
128.75
128.75
129.75
129.75
131.25
132.25
132.25
134.25
134.25
135.75
135.75
135.25
135.0
135.0
135.75
135.75
137.5
137.5
139.75
141.0
141.0
142.75
142.75
141.75
142.0
142.0
142.75
142.75
143.5
143.75
143.75
144.5
144.5
145.5
145.5
145.5
145.5
146.25
149.0
149.0
150.5
150.5
150.5
150.5
150.5
150.5
150.5
150.5
150.5
150.25
150.25
150.25
149.0
149.0
148.25
147.0
147.0
146.0
145.0
145.0
145.0
145.0
145.0
145.75
145.75
145.0
145.0
144.25
142.25
142.25
142.25
142.25
141.0
141.0
139.75
140.25
140.25
140.75
140.75
142.0
142.0
142.0
141.5
141.5
139.5
139.5
135.25
135.25
133.5
133.25
133.25
132.25
132.25
132.5
132.5
132.5
133.0
133.0
133.5
133.5
132.0
132.0
134.0
134.0
136.75
139.75
139.75
141.5
141.5
141.5
143.75
143.75
146.25
148.25
148.25
149.5
149.5
148.75
147.5
147.5
145.5
145.5
144.25
143.0
143.0
140.75
140.75
141.0
141.5
141.5
142.5
142.5
142.5
142.0
142.0
142.0
142.0
140.75
140.75
138.25
138.5
138.5
139.0
139.0
138.75
138.75
138.75
138.75
139.25
139.25
139.25
139.25
139.75
139.75
140.75
142.0
142.0
140.75
140.75
140.75
140.75
139.5
139.5
141.0
140.5
140.5
141.75
141.75
142.5
143.5
143.5
143.25
143.25
142.0
142.75
142.75
143.25
143.25
143.25
142.75
142.75
140.75
140.75
139.75
140.25
140.25
139.75
139.75
135.75
135.75
135.25
135.25
136.75
135.0
135.0
137.0
137.0
137.75
137.75
139.5
141.0
141.0
142.5
142.5
143.25
146.75
146.75
148.0
148.25
148.25
148.0
148.0
145.0
143.5
143.5
142.75
142.75
142.25
143.0
143.0
142.0
142.0
142.25
141.5
141.5
141.5
141.5
140.75
140.75
140.75
141.0
141.0
141.0
140.75
141.0
141.0
141.0
141.0
141.0
139.05
137.1
135.15
133.2
131.25
131.25
134.25
134.25
136.75
137.75
137.75
138.0
138.0
137.25
137.25
134.25
134.25
133.5
131.5
131.5
131.5
131.5
131.0
131.0
125.5
125.5
124.5
124.5
124.0
124.0
127.0
127.0
128.5
128.5
130.25
130.25
130.25
129.5
129.5
129.5
129.5
129.5
129.5
130.75
130.75
132.0
133.5
133.5
135.0
135.0
135.5
135.5
140.75
144.0
144.0
145.75
146.25
146.25
148.25
148.25
148.0
147.5
147.5
146.75
146.75
146.25
144.5
144.5
142.5
142.5
142.75
142.5
142.5
140.25
140.25
135.25
135.25
134.25
132.0
132.0
131.5
131.5
132.0
132.0
132.75
132.75
135.0
134.75
134.75
135.25
135.25
135.0
135.0
136.0
135.25
135.25
135.75
135.75
136.75
136.75
137.5
140.0
140.0
139.25
139.25
140.5
140.75
140.75
140.75
140.75
139.0
139.0
138.75
137.5
137.5
138.0
138.0
139.25
139.25
139.25
139.5
139.5
139.5
139.5
140.25
141.5
141.5
142.0
142.0
142.0
142.0
143.5
145.75
145.75
146.5
148.0
148.0
148.5
148.5
148.75
148.75
148.75
147.5
149.75
149.75
150.25
150.25
151.5
152.25
152.25
154.25
154.25
153.5
153.5
156.0
149.0
149.0
155.0
155.0
152.75
155.0
155.0
156.75
154.75
155.5
155.5
155.5
154.75
152.75
152.75
152.0
150.75
150.75
150.25
150.25
147.75
143.75
143.75
137.5
137.5
137.5
137.5
137.5
137.5
137.5
137.5
137.5
137.5
137.5
137.5
136.515625
135.53125
134.546875
133.5625
132.578125
131.59375
130.609375
129.625
128.640625
127.65625
126.671875
125.6875
124.703125
123.71875
122.734375
121.75
121.75
121.75
121.0
121.0
119.75
119.75
122.25
122.25
124.5
124.5
127.25
129.0
129.0
130.25
130.25
131.5
131.5
133.0
133.0
134.25
136.75
136.75
140.75
143.25
143.25
147.0
147.0
149.25
150.5
150.5
150.25
150.0
150.0
150.25
150.25
150.25
150.0
150.0
150.0
150.0
150.0
150.0
150.0
150.5
150.75
150.75
151.0
152.0
152.0
151.75
151.75
149.25
148.0
148.0
145.75
144.0
144.0
144.75
144.75
144.5
143.5
143.5
143.25
143.25
143.25
145.5
145.5
146.75
146.75
147.75
147.75
148.0
148.0
149.25
149.25
149.5
151.0
151.0
150.75
151.25
151.25
152.25
152.5
152.5
153.25
153.25
153.25
154.25
154.25
153.5
155.75
156.75
156.75
158.75
158.75
159.0
160.5
161.75
161.75
158.0
158.0
158.75
157.0
157.0
151.75
151.75
151.0
151.75
151.75
151.5
152.5
152.5
153.25
154.5
154.5
154.25
156.25
156.25
157.25
156.5
156.5
158.75
159.25
159.25
160.25
162.0
162.0
162.0
161.0
161.0
160.75
161.0
161.0
161.5
158.0
158.0
162.0
161.5
161.5
162.25
161.75
161.75
162.75
162.75
162.75
161.75
162.5
162.5
162.75
161.75
161.75
162.75
161.25
160.25
160.25
161.5
161.5
158.0
159.0
159.0
158.25
160.0
160.0
159.25
159.25
159.25
158.25
157.0
157.0
157.75
157.25
157.25
156.75
158.75
158.75
157.0
157.25
157.25
157.25
157.0
157.0
157.75
156.5
156.5
156.0
157.0
157.0
157.25
157.25
158.25
157.0
157.0
158.25
158.5
158.5
159.5
160.5
160.25
160.25
160.5
160.5
159.5
160.25
161.0
161.0
160.5
161.0
161.0
161.0
160.75
160.75
160.0
160.0
159.0
158.0
158.0
157.5
157.75
157.75
157.5
157.0
157.0
157.0
158.25
158.25
157.5
157.75
157.75
156.25
156.5
156.5
156.75
155.75
155.75
155.75
157.0
157.0
156.0
156.0
155.5
155.75
155.75
155.75
156.25
156.25
153.5
154.0
154.0
153.75
153.5
153.5
153.0
153.0
152.25
151.25
151.25
151.75
147.5
147.5
139.5
139.5
135.25
135.25
133.25
133.25
132.0
132.0
130.75
130.25
130.25
133.5
133.5
139.25
142.5
142.5
141.5
141.5
142.75
143.0
143.0
145.0
145.0
147.75
149.0
149.0
150.25
151.0
151.0
151.25
151.25
150.75
151.25
151.25
151.5
151.75
151.75
152.0
152.5
152.5
153.25
153.25
153.75
153.5
153.5
151.75
151.5
151.5
151.25
150.0
150.0
151.0
151.0
151.25
151.5
151.5
151.25
150.5
150.5
150.25
150.25
150.0
149.0
149.0
148.75
149.25
149.25
149.75
149.75
150.0
149.0
149.0
147.75
147.75
145.75
147.0
147.0
147.0
148.0
148.0
147.0
147.0
141.75
141.75
138.5
137.75
137.75
138.5
138.5
140.25
141.5
141.5
142.25
142.25
143.25
143.75
143.75
144.75
144.75
146.25
146.5
146.5
148.0
148.75
148.75
149.0
149.0
148.75
148.25
148.25
149.0
149.25
149.25
149.0
149.0
149.75
150.0
150.0
151.0
150.0
150.0
150.0
151.0
151.0
152.0
152.0
151.5
150.75
150.75
150.25
150.0
150.0
150.0
150.5
150.5
149.0
150.0
150.0
149.75
150.5
150.5
150.25
149.75
149.75
150.25
150.25
149.75
150.25
150.25
151.25
153.0
153.0
152.25
154.5
154.5
155.75
157.0
157.0
159.25
161.25
161.25
161.25
162.25
164.25
164.25
161.0
161.0
169.0
168.25
166.25
166.25
166.0
163.75
163.75
162.75
161.5
161.5
161.5
161.25
161.25
161.25
161.25
161.5
161.5
161.5
161.5
161.5
153.9
146.3
138.7
131.1
123.5
123.5
124.5
125.25
125.25
125.25
125.25
125.5
125.5
125.5
125.5
125.5
125.5
131.04166666666666
136.58333333333334
142.125
147.66666666666666
153.20833333333334
158.75
158.75
159.5
159.0
159.0
158.5
158.25
158.25
157.5
156.0
156.0
154.75
160.0
160.0
160.0
159.75
159.75
160.0
160.0
160.0
160.0
160.0
154.3
148.6
142.9
137.2
131.5
135.25
135.25
138.75
138.75
141.0
143.0
143.0
144.0
144.0
145.0
145.25
145.25
146.5
147.5
147.5
149.75
152.25
152.25
154.0
155.0
155.0
157.5
157.75
157.75
158.25
158.75
159.25
159.25
156.5
156.5
151.75
149.75
149.75
149.0
149.0
148.5
150.75
150.75
150.0
152.75
152.75
154.0
156.5
156.5
158.75
159.0
159.0
159.25
158.5
158.5
161.25
161.25
161.25
162.0
162.75
162.75
161.25
162.0
162.0
161.5
161.5
161.5
161.5
161.0
161.0
161.0
162.25
162.25
161.75
161.5
162.25
162.25
161.75
161.75
162.5
162.5
163.5
163.5
163.75
163.75
163.75
164.5
164.5
164.5
164.25
164.5
164.5
164.75
164.25
164.25
164.25
164.25
162.75
162.75
164.5
161.75
161.75
160.25
160.0
160.0
156.25
156.25
156.5
156.75
156.75
156.25
155.5
155.5
155.0
154.25
154.25
154.25
153.5
153.5
152.5
152.5
152.0
152.5
152.5
152.0
152.0
152.0
152.0
152.5
152.5
153.5
153.5
154.5
156.5
156.5
157.75
159.0
159.0
159.25
160.25
160.25
160.25
160.25
160.25
160.25
159.5
159.5
160.0
159.25
159.5
159.5
158.5
158.5
158.5
158.25
158.25
158.0
157.0
157.0
157.5
157.0
157.0
156.0
157.25
157.25
157.75
157.0
157.0
157.25
157.0
157.0
157.25
156.5
156.5
155.25
155.25
154.25
154.0
154.0
156.5
157.5
157.5
155.75
159.0
159.0
157.0
156.75
156.75
155.25
156.0
156.0
155.0
155.0
154.75
152.25
152.25
150.75
150.0
150.0
149.0
149.0
146.25
144.5
144.5
143.5
143.5
142.25
143.25
143.25
144.0
144.0
144.5
146.0
146.0
147.75
149.25
149.25
150.0
150.0
151.25
152.5
152.5
152.75
154.0
154.0
155.75
156.0
156.0
155.25
153.75
153.75
153.75
153.75
152.5
153.0
153.0
151.0
149.0
149.0
147.0
147.0
146.25
146.25
146.0
147.0
147.0
146.5
146.5
146.5
146.5
146.5
147.0
148.5
148.5
148.5
148.0
148.0
150.25
150.25
151.75
152.75
152.75
152.75
153.5
153.5
153.5
152.5
152.5
151.5
152.0
152.0
152.75
152.75
152.0
151.0
151.0
151.0
152.25
152.25
151.25
153.5
153.5
154.75
154.75
153.75
155.25
155.25
154.5
152.75
152.75
153.75
151.25
151.25
152.25
152.25
152.5
153.0
153.0
149.25
149.75
149.75
152.25
152.0
152.0
152.25
152.25
153.25
154.75
154.75
156.25
156.0
156.0
155.5
154.5
154.5
155.0
151.5
151.5
148.25
148.25
145.75
146.25
146.25
147.75
147.75
148.75
149.75
149.75
150.5
149.5
149.5
150.25
150.25
148.0
148.5
148.5
148.0
148.0
147.75
146.5
146.5
146.75
146.75
146.5
145.0
145.0
145.0
144.0
144.0
145.0
145.0
145.5
146.0
146.0
147.5
148.25
148.25
148.0
148.0
147.5
148.25
148.25
148.5
148.5
151.25
152.0
152.0
150.75
151.5
151.5
149.5
149.5
148.0
146.0
146.0
145.0
145.0
141.75
140.5
140.5
141.0
141.0
140.75
141.5
141.5
143.75
143.75
144.25
144.25
144.25
144.25
144.25
144.25
144.25
144.5
144.5
147.75
144.0
144.0
147.0
147.0
147.25
147.75
147.75
147.5
146.75
146.75
147.25
147.25
148.25
149.0
149.0
149.25
149.75
149.75
149.25
149.25
150.0
149.0
149.0
147.25
147.25
147.0
147.0
147.0
146.75
146.75
146.5
145.5
145.5
146.5
147.25
147.25
147.0
147.0
147.25
147.0
147.0
147.0
147.0
147.5
147.75
147.75
148.0
148.25
148.25
149.5
149.5
150.25
151.5
151.5
151.75
152.75
152.75
151.75
152.5
152.5
153.5
153.5
152.75
151.5
151.5
151.0
151.5
151.5
152.0
152.25
152.25
151.0
151.0
153.25
153.0
153.0
152.75
153.25
153.25
154.25
153.75
153.75
152.75
152.75
152.0
151.5
151.5
151.25
151.75
151.75
153.5
151.0
151.0
153.25
153.25
154.0
153.0
153.0
154.0
155.0
155.0
154.25
156.5
156.5
152.5
152.5
153.5
153.5
152.5
153.0
153.0
154.5
154.5
154.75
154.25
154.25
155.5
155.0
155.0
156.75
154.0
154.0
153.75
152.25
152.25
152.25
152.25
151.25
149.0
149.0
145.0
145.0
141.5
141.5
137.5
131.5
131.5
129.75
129.75
129.0
129.0
130.5
130.5
130.25
130.25
132.5
132.5
134.5
134.5
135.75
135.75
137.5
139.5
139.5
140.25
140.25
140.5
140.75
140.75
141.0
141.0
142.25
143.0
143.0
143.75
143.75
143.75
143.25
143.25
143.25
143.25
143.25
142.0
142.0
142.0
142.0
141.5
141.5
140.75
140.5
140.5
140.5
140.5
141.5
143.25
143.25
144.0
144.0
144.5
146.25
146.25
146.25
147.25
147.25
147.25
147.25
148.0
148.25
148.25
148.75
148.75
148.75
149.25
149.25
148.75
147.75
147.75
148.5
148.5
148.5
148.25
148.25
148.0
148.25
148.25
149.0
149.0
148.25
148.0
148.0
149.0
149.75
149.75
148.25
148.25
149.5
150.0
150.0
151.0
150.75
150.75
151.0
151.0
151.0
151.5
151.5
152.25
152.5
152.5
153.0
153.5
153.5
153.5
153.5
153.75
154.75
154.75
155.5
154.0
154.0
154.0
151.5
151.5
149.75
148.5
148.5
147.75
147.75
147.75
146.25
146.25
143.0
139.5
139.5
129.5
129.5
129.5
129.5
129.25
129.25
129.5
129.5
129.25
129.25
129.5
129.5
125.125
120.75
116.375
112.0
107.625
103.25
103.0
103.0
103.0
103.5
103.5
101.25
101.25
101.25
100.25
100.25
101.0
101.0
103.0
103.0
103.0
103.75
103.75
103.75
103.75
102.25
102.25
102.25
102.0
100.5
100.5
100.5
102.0
102.0
100.25
100.25
100.25
98.25
98.25
96.75
96.75
96.75
101.0
101.0
101.25
101.25
101.25
101.5
101.5
101.5
101.5
101.25
101.25
101.5
101.5
101.5
110.9
120.3
129.7
139.1
148.5
148.5
150.0
151.0
152.25
152.25
153.5
153.75
153.75
154.0
154.0
154.5
154.75
154.75
155.0
155.25
155.25
155.75
156.5
156.5
156.0
156.0
150.25
150.25
145.25
145.25
143.5
143.75
143.75
145.0
145.0
146.25
147.0
147.0
145.25
145.25
146.75
147.75
147.75
147.0
147.5
147.5
148.75
148.75
149.75
150.0
150.0
151.0
150.5
150.5
151.75
152.5
152.5
152.75
153.75
153.75
153.25
153.25
153.5
153.25
153.25
154.0
154.0
154.0
155.0
154.75
154.75
155.25
155.5
155.5
155.75
155.75
156.5
154.75
154.75
155.25
154.75
154.75
152.0
151.75
151.75
152.25
152.25
151.0
150.25
150.25
150.75
150.25
150.25
150.0
150.0
150.0
149.25
149.25
150.0
152.75
152.75
153.25
153.25
153.25
153.75
153.75
153.0
154.25
154.25
154.0
153.5
153.5
151.0
152.75
152.75
152.75
152.75
151.25
152.25
152.25
152.25
153.0
153.0
153.75
153.0
153.0
153.25
153.25
153.75
152.75
152.75
153.75
154.25
154.25
154.0
154.0
154.0
155.75
156.25
156.25
155.5
157.25
157.25
156.0
156.5
156.5
157.0
157.0
156.5
156.75
156.75
156.75
156.0
156.0
157.0
154.75
154.75
155.25
155.5
155.5
155.75
156.5
156.5
156.5
158.0
158.0
157.0
157.25
157.25
158.5
158.5
157.25
156.5
156.5
151.75
151.75
151.75
151.75
151.75
152.0
152.0
152.0
151.75
151.75
152.0
152.0
147.75
143.5
139.25
135.0
130.75
130.75
132.0
132.0
133.5
135.5
135.5
136.75
136.75
138.25
138.5
138.5
138.5
138.5
139.0
139.0
138.5
138.75
138.75
138.75
138.5
139.5
139.5
140.0
140.75
140.75
139.75
139.75
139.75
139.75
138.25
138.5
138.5
138.0
138.0
138.25
138.25
138.25
137.5
137.5
138.0
138.0
138.25
138.25
136.5
135.5
135.5
136.25
136.25
138.25
138.75
138.75
141.75
141.75
142.0
141.5
141.5
141.5
143.25
143.5
143.5
143.5
143.5
143.75
144.0
144.0
145.25
145.25
145.5
145.0
145.0
144.75
146.25
146.25
146.25
146.25
144.75
144.75
144.75
145.0
145.75
145.75
145.75
145.75
145.0
144.5
144.5
144.75
144.75
145.0
145.0
143.75
144.75
144.75
144.75
145.0
145.0
144.75
144.75
145.25
145.0
145.0
144.75
144.75
144.25
144.0
144.0
143.75
143.75
145.0
145.25
145.25
146.25
146.25
147.0
147.0
147.0
147.75
148.25
148.25
147.5
147.5
147.0
146.5
146.5
145.0
145.0
141.0
138.5
138.5
136.75
136.75
136.75
136.75
141.0
139.5
139.5
141.0
141.0
142.0
144.0
144.0
145.0
145.0
145.5
147.0
147.0
147.5
147.75
147.75
148.0
148.0
148.5
148.0
148.0
148.75
149.0
149.0
150.25
150.25
149.5
148.0
148.0
146.5
146.5
146.25
146.5
146.5
145.75
145.75
146.0
145.25
145.25
143.75
143.75
142.0
140.25
140.25
140.25
140.25
140.5
140.5
141.0
139.75
139.75
139.75
139.75
138.25
137.5
137.5
138.5
138.5
139.0
139.0
139.25
138.0
138.0
136.75
136.75
136.25
136.25
136.5
136.5
136.5
138.25
138.25
139.0
139.0
139.25
139.5
139.5
139.5
139.5
139.25
138.0
138.0
138.25
138.25
138.25
138.25
138.25
138.5
138.5
139.0
139.0
138.5
138.5
138.75
137.0
137.0
138.0
138.0
140.75
143.0
143.0
142.0
142.0
144.0
143.5
143.5
142.75
142.0
142.0
140.0
139.25
139.25
140.5
140.5
139.5
139.5
138.75
138.75
136.25
136.25
136.25
136.25
136.25
136.25
136.25
136.25
136.5
136.5
127.75
127.75
129.5
131.5
131.5
134.0
134.0
135.25
135.25
135.5
136.75
136.75
138.5
138.5
140.0
140.75
140.75
143.25
143.25
143.75
143.5
143.5
144.5
144.5
143.75
143.5
143.5
144.0
144.0
142.75
142.0
142.0
143.75
143.75
144.0
145.25
145.25
146.5
146.5
146.5
147.0
147.0
147.25
147.25
148.75
149.0
149.0
149.0
149.0
150.0
150.0
149.5
151.5
151.5
153.75
153.75
151.75
151.5
151.5
151.5
150.5
150.5
150.75
150.75
149.75
149.5
149.5
150.75
151.0
151.0
151.5
152.0
152.0
152.5
152.5
152.5
153.25
153.25
153.25
154.0
154.0
154.75
154.0
154.0
154.25
154.25
154.0
154.5
154.5
154.5
154.75
154.75
154.75
154.75
154.75
154.75
155.0
155.0
154.5
154.75
154.75
154.0
154.0
153.5
153.75
153.75
154.25
154.25
154.25
154.25
154.75
154.75
154.0
154.0
153.75
153.25
153.25
152.75
153.0
153.0
153.0
152.5
152.5
153.0
153.75
153.75
153.75
153.75
155.5
152.75
152.75
153.75
152.25
152.25
152.25
153.5
153.5
151.75
151.75
150.5
151.25
151.25
150.75
150.0
150.0
150.0
150.0
150.25
150.0
150.0
149.0
149.25
149.25
149.75
149.75
148.25
148.5
148.5
149.25
148.5
148.5
149.25
149.25
148.75
149.0
149.0
149.0
149.0
148.75
148.5
148.5
148.5
148.0
148.0
147.5
147.5
147.0
145.25
145.25
144.25
144.25
143.25
143.0
143.0
142.75
142.75
143.0
143.75
143.75
143.25
143.25
143.25
141.5
141.5
140.5
140.5
140.0
140.0
138.0
140.5
140.5
142.0
142.0
141.25
142.75
142.75
142.75
142.75
142.75
142.75
142.75
142.75
142.75
141.75
141.75
141.5
141.5
141.75
141.75
141.75
140.75
140.75
140.75
140.75
139.75
138.5
138.5
136.75
136.75
134.75
134.75
134.75
134.75
135.75
136.75
136.75
138.5
138.5
140.75
142.0
142.0
143.75
143.75
143.75
144.75
144.75
144.5
144.5
145.75
145.75
146.25
147.0
147.0
146.75
147.0
147.0
147.0
147.0
147.0
146.75
146.75
146.75
146.5
146.5
145.0
145.0
145.0
143.75
143.75
143.25
143.25
141.75
141.0
141.0
141.25
141.25
141.0
141.25
141.25
141.0
141.0
141.25
141.25
140.75
140.75
140.75
140.75
140.75
141.5
141.75
141.75
142.75
142.75
143.0
142.75
142.75
141.75
141.75
141.5
140.75
140.75
140.75
140.75
140.5
140.5
140.0
139.5
139.5
139.25
139.25
139.5
139.5
139.5
139.25
139.25
139.0
139.0
140.0
141.5
141.5
141.5
141.5
141.75
143.0
143.0
142.5
142.5
143.25
143.75
143.75
143.5
143.5
141.0
141.0
139.75
140.0
140.0
140.25
140.25
141.5
142.5
142.5
143.25
143.25
143.25
142.25
142.25
142.5
142.5
144.25
143.0
143.0
141.0
141.0
142.0
142.75
142.75
143.25
143.25
143.0
142.0
142.0
140.5
138.0
138.0
138.5
138.5
137.75
137.75
138.5
138.5
138.5
138.75
138.75
139.5
139.5
139.25
138.5
138.5
140.25
140.25
140.75
141.25
141.25
141.0
141.0
140.75
142.0
142.0
141.0
141.0
141.75
141.75
141.75
142.5
142.5
143.5
143.5
144.0
143.25
143.25
141.25
141.25
137.5
130.5
130.5
132.0
132.0
134.75
134.75
134.5
134.5
135.75
135.75
137.5
139.75
139.75
140.75
140.75
141.0
140.75
140.75
140.75
140.75
140.25
139.0
139.0
138.0
138.0
138.75
138.75
140.0
141.5
141.5
141.25
141.25
142.0
143.0
143.0
143.0
143.0
144.5
144.5
144.5
144.75
144.75
145.0
144.25
144.25
143.25
143.25
142.75
142.5
142.5
142.5
142.5
139.75
136.5
136.5
135.0
135.0
133.5
132.75
132.75
132.25
132.25
134.0
134.0
135.25
135.25
136.75
138.5
138.5
139.0
139.0
139.0
139.5
139.5
139.5
139.25
139.0
139.0
140.75
140.75
140.75
141.75
141.75
142.75
143.25
143.25
143.25
143.25
143.25
143.25
143.25
143.5
143.75
143.75
144.25
144.25
144.75
145.5
145.5
145.0
145.0
146.5
147.25
147.25
146.75
146.75
147.25
147.0
147.0
147.5
148.0
148.0
147.0
147.0
148.25
148.75
148.75
148.25
148.75
148.75
149.25
149.25
148.25
148.25
148.25
147.25
147.25
147.5
147.5
147.25
148.0
148.0
147.0
147.0
147.0
146.5
146.5
146.75
146.75
146.25
145.0
145.0
145.0
145.0
145.0
144.75
144.75
144.75
144.75
144.75
145.0
145.0
145.25
145.75
145.75
146.0
146.0
146.0
144.0
144.0
143.0
143.0
141.75
141.75
141.5
140.75
140.75
140.5
140.5
140.25
140.5
140.5
140.25
140.25
139.75
139.75
139.25
138.5
138.5
138.0
138.0
139.0
138.5
138.5
138.0
138.0
139.25
139.25
139.25
139.25
139.0
138.75
138.75
138.5
138.5
138.0
138.5
138.5
138.5
138.5
137.75
137.75
136.75
136.75
136.75
137.0
137.0
137.0
137.0
137.75
138.5
138.5
139.75
139.75
138.5
138.5
137.75
138.25
138.25
138.25
138.25
138.25
138.5
138.5
138.75
138.75
138.5
138.5
138.25
138.75
138.75
138.5
138.5
138.75
140.0
140.0
140.75
140.75
140.75
139.25
139.25
142.0
142.5
142.5
142.5
142.5
142.25
142.25
142.5
142.5
142.0
141.5
141.5
140.75
140.75
139.5
140.25
140.25
140.0
140.0
140.0
140.0
139.5
139.5
139.25
139.25
138.75
138.75
138.25
138.25
138.5
139.0
139.0
138.75
137.75
137.75
137.75
137.25
137.25
137.75
137.75
138.0
138.0
139.25
139.5
139.5
138.5
139.25
139.25
138.75
138.75
139.5
139.5
140.0
139.75
139.75
141.0
141.0
141.0
141.0
141.0
141.0
140.75
139.5
139.5
139.0
139.0
136.75
136.75
135.5
135.5
134.25
134.25
134.75
134.25
134.25
133.5
133.5
134.25
134.75
134.75
133.75
135.25
135.25
135.0
135.0
136.25
136.25
136.5
136.5
139.5
139.5
139.5
139.5
139.75
139.75
140.5
140.75
140.75
140.25
140.75
140.75
140.0
139.75
139.75
139.75
139.75
140.5
140.5
140.75
140.75
140.75
140.75
140.75
140.25
140.25
140.0
139.75
139.75
138.25
138.25
137.5
136.75
136.75
137.5
137.5
137.25
137.25
137.75
138.0
138.0
137.5
137.5
136.25
136.25
136.75
137.5
137.5
138.5
138.5
140.0
141.0
141.0
141.0
141.0
139.5
139.5
139.0
140.25
140.25
140.75
140.75
140.25
140.75
140.75
141.25
141.25
142.0
141.75
141.75
140.5
140.5
139.5
139.5
137.5
134.75
134.75
134.5
134.5
134.5
134.5
135.75
135.75
132.75
130.25
130.25
131.25
131.25
132.0
132.0
132.75
132.75
133.75
131.0
131.0
129.75
129.75
129.75
129.75
131.75
131.75
131.5
131.5
134.0
135.25
135.25
136.25
136.25
136.75
136.75
136.75
137.5
137.5
138.75
138.75
137.25
137.25
136.75
137.25
137.25
137.5
137.5
137.5
137.5
138.5
139.0
139.0
138.0
138.0
137.25
137.25
136.75
136.75
136.5
136.75
136.75
137.25
137.25
136.5
136.5
136.5
136.25
136.25
136.25
136.25
137.5
137.75
137.75
138.25
138.25
138.5
138.5
138.5
138.25
138.25
138.5
138.5
139.0
139.0
136.75
135.0
135.0
136.75
136.75
137.25
137.75
137.75
137.5
137.5
138.25
138.25
137.5
137.75
137.75
138.75
138.75
138.25
138.25
138.25
136.75
136.75
135.5
135.5
132.5
132.5
130.25
130.25
127.0
127.0
126.25
127.5
127.5
127.5
125.0
122.75
122.75
122.75
121.0
122.25
122.25
122.25
125.25
125.25
125.25
126.25
126.25
125.75
125.75
126.0
126.0
128.5
128.5
126.25
128.5
128.5
129.5
129.5
130.75
130.75
132.25
132.25
134.0
133.5
133.5
134.75
134.75
135.5
135.5
135.75
136.5
136.5
137.75
137.75
138.75
138.75
139.0
140.0
140.0
140.5
140.5
139.75
139.0
139.0
139.5
139.5
140.75
140.75
140.5
140.75
140.75
140.25
140.25
140.25
140.0
140.0
136.0
136.0
136.25
136.25
137.25
137.0
137.0
136.75
136.75
138.25
138.25
139.75
141.75
141.75
143.0
143.0
143.25
144.5
144.5
145.5
145.5
146.0
146.25
146.25
146.75
146.5
146.5
146.25
146.25
147.0
147.0
147.0
147.0
147.0
147.25
147.5
147.5
145.25
145.25
145.25
145.25
145.75
145.5
145.5
145.0
145.0
144.75
144.75
146.25
146.5
146.5
146.0
146.0
146.5
145.75
145.75
145.75
145.75
146.0
147.0
147.0
147.0
147.0
145.5
145.0
145.0
146.0
146.0
145.5
146.25
146.25
146.25
145.25
145.25
145.0
145.0
146.25
146.5
146.5
147.0
147.0
147.75
147.75
147.75
147.75
147.25
147.25
147.5
147.5
147.0
146.5
146.5
146.25
146.25
144.25
142.0
142.0
141.5
141.5
142.0
142.0
142.0
142.25
142.25
143.25
143.25
143.25
142.75
142.75
142.0
142.0
141.0
139.5
139.5
139.25
139.25
139.0
139.0
138.75
138.5
138.5
139.0
139.0
140.0
140.0
140.0
140.75
140.75
140.75
140.75
140.75
141.25
141.25
141.0
141.0
142.0
143.0
143.0
143.0
143.0
142.75
142.25
142.25
142.0
142.0
142.0
141.5
141.5
142.0
142.0
141.75
142.75
142.75
143.25
143.25
143.25
143.75
143.75
143.5
143.5
144.25
144.0
144.0
144.0
144.0
143.75
143.5
143.5
144.0
144.0
144.25
144.5
144.5
144.0
144.0
144.5
143.0
143.0
141.75
141.75
141.0
140.5
140.5
140.5
140.25
140.25
138.25
137.5
137.5
138.5
138.5
138.5
138.5
138.5
138.0
138.0
136.75
136.75
135.75
135.75
136.5
137.5
137.5
138.0
138.0
138.5
138.25
138.25
138.75
138.75
139.0
139.0
139.25
140.5
140.5
139.5
139.5
139.75
140.25
140.25
140.25
140.25
140.75
140.75
141.5
141.25
141.25
141.25
141.25
141.5
142.5
142.5
142.25
142.25
142.0
142.75
142.75
142.75
142.75
143.0
143.0
143.0
143.0
143.0
143.0
142.75
142.75
142.0
142.0
141.0
141.0
141.5
142.0
142.0
140.25
140.25
140.25
140.5
140.5
140.75
140.75
141.0
140.75
140.75
140.5
140.5
139.75
139.5
139.5
139.5
139.5
138.75
138.75
138.5
138.5
139.0
138.75
138.75
139.0
139.0
138.75
138.0
138.0
137.5
137.5
137.5
137.5
138.75
140.75
140.75
140.5
140.5
139.5
139.5
139.5
139.0
139.0
137.75
137.75
138.0
138.0
138.0
133.75
133.75
132.0
130.75
130.75
130.25
130.25
130.75
129.5
129.5
128.75
128.75
129.25
129.25
131.25
133.0
133.0
136.0
136.0
134.75
134.75
136.25
136.75
136.75
137.5
137.5
137.75
138.0
138.0
137.75
137.75
137.5
137.5
135.75
136.75
136.75
136.5
136.5
137.0
137.0
136.75
136.75
136.75
136.75
136.75
137.5
137.5
138.0
138.0
138.0
138.25
138.25
138.75
138.5
138.5
138.5
138.5
138.25
138.25
141.0
137.75
137.75
140.75
140.75
141.25
142.0
142.0
141.25
141.25
141.0
140.75
140.75
139.5
139.0
139.0
140.5
140.5
140.5
140.5
140.5
140.5
140.5
140.5
140.5
140.5
140.5
137.75
139.25
139.25
139.75
139.75
139.75
141.0
141.0
140.75
140.75
140.75
140.75
141.25
141.25
141.25
141.25
141.25
141.5
141.5
141.5
141.5
141.0
141.0
141.25
141.25
139.5
139.5
139.5
138.5
138.5
138.25
138.25
138.25
138.5
138.5
139.25
139.25
140.0
141.0
141.0
140.75
140.75
140.0
140.0
140.75
140.75
140.5
140.5
140.5
140.5
140.5
140.5
140.0
140.75
140.75
142.25
142.25
141.0
141.75
141.75
142.0
142.0
142.0
142.0
142.25
142.0
142.0
142.0
142.0
142.0
142.0
142.0
142.0
142.0
142.0
142.0
141.5
140.75
140.75
140.0
140.0
139.5
139.5
138.5
138.5
138.5
138.5
138.75
138.25
138.25
137.5
137.5
137.5
137.5
138.0
138.5
138.5
138.5
138.5
139.25
139.25
138.5
138.25
138.25
138.25
138.25
137.0
137.0
138.0
138.0
138.0
137.25
137.25
137.25
137.25
136.75
135.25
135.25
134.75
134.75
135.0
135.0
134.5
133.75
133.75
134.25
134.25
134.75
134.75
135.0
135.0
134.25
134.0
134.0
134.25
134.25
134.0
134.0
134.75
134.75
135.0
135.0
134.5
134.5
134.5
134.75
134.75
134.75
135.25
135.25
135.5
135.5
135.75
135.75
135.75
135.25
135.25
134.25
134.25
134.25
134.25
132.75
132.75
130.75
130.75
130.25
130.25
131.0
131.25
131.25
130.75
130.75
132.0
132.0
132.5
132.0
132.0
130.75
130.75
130.75
130.75
130.25
130.25
130.25
130.25
130.25
130.25
130.25
130.25
130.25
130.25
130.5
130.5
130.5
130.5
130.5
130.5
130.6
130.7
130.8
130.9
131.0
131.0
131.5
131.5
131.75
131.75
132.0
132.0
133.25
133.5
133.5
131.0
131.0
130.5
130.5
130.75
130.75
130.75
130.5
130.5
131.25
131.25
131.75
131.75
132.0
131.5
131.5
131.25
131.25
134.5
134.5
135.25
135.25
134.0
134.0
131.5
130.25
130.25
129.5
129.5
128.0
128.0
126.75
126.75
125.75
125.75
125.75
125.75
125.75
125.75
125.75
125.75
126.25
126.25
127.0
129.0
129.0
132.25
132.25
131.5
131.5
131.5
131.5
130.25
130.25
125.5
125.5
126.25
126.25
124.25
123.5
123.5
123.5
122.5
121.75
121.75
123.5
123.5
124.0
124.0
125.25
125.25
126.75
126.75
126.5
126.5
128.75
128.75
131.25
131.0
131.0
131.0
131.0
131.0
130.75
130.75
130.75
132.5
132.75
132.75
133.5
133.5
134.0
134.0
134.0
135.0
135.0
135.0
135.0
135.75
135.75
137.0
137.75
137.75
137.25
137.25
137.25
137.25
137.75
138.0
138.0
137.0
137.0
134.25
134.25
131.75
131.75
131.0
131.0
130.5
130.0
130.0
130.25
130.25
131.75
131.75
132.5
132.5
133.75
135.5
135.5
137.0
137.0
137.75
137.75
138.25
138.75
138.75
138.75
138.75
138.5
137.5
137.5
137.5
137.5
137.5
137.5
137.75
137.75
134.0
134.0
133.75
135.0
135.0
136.0
136.0
136.5
137.0
137.0
137.25
137.25
137.0
137.0
137.5
138.5
138.5
138.5
138.5
137.25
137.25
137.75
137.5
137.5
136.75
136.75
135.75
135.75
135.0
134.25
134.25
135.0
135.0
134.25
134.25
135.75
135.75
136.25
135.75
135.75
135.75
135.75
135.75
135.75
135.5
135.5
135.5
135.75
135.75
135.75
135.75
136.0
136.0
135.0
133.75
133.75
133.5
133.5
133.0
133.0
133.5
133.75
133.75
132.75
132.75
134.25
134.25
134.25
134.25
135.0
136.0
136.0
136.0
136.0
136.25
135.75
135.75
136.0
135.75
135.75
136.0
135.75
135.75
135.75
135.75
135.75
135.5
135.5
135.5
135.5
135.5
135.5
135.5
135.5
135.5
135.5
135.5
130.75
130.25
130.25
130.75
130.75
131.0
131.0
131.25
131.25
131.25
130.75
130.75
130.75
130.75
130.75
131.5
131.5
131.5
131.5
131.5
131.5
131.5
131.5
131.5
132.5
132.5
132.75
132.75
132.75
130.75
130.75
130.75
132.75
132.25
132.25
131.25
131.25
132.75
132.75
132.75
129.0
129.0
129.0
128.75
128.75
128.25
128.25
128.25
128.5
128.5
129.0
129.0
130.75
134.0
134.0
133.25
133.25
133.75
133.75
136.25
138.75
138.75
139.25
139.25
141.5
141.5
142.75
142.75
143.0
143.0
143.0
139.75
139.75
138.5
137.75
137.75
136.5
136.5
135.0
135.0
134.5
134.5
133.25
133.25
132.75
132.75
132.75
132.75
133.5
132.75
132.75
133.0
133.0
134.25
134.25
135.0
135.0
137.5
137.0
137.0
139.0
139.0
139.5
140.5
140.5
140.5
140.5
140.5
140.5
140.5
140.5
140.5
140.5
140.5
139.75
139.25
139.25
139.25
139.25
139.25
139.25
139.25
139.0
139.0
138.75
138.75
138.5
138.5
137.5
136.25
136.25
131.25
131.25
128.5
128.5
129.75
129.75
132.25
132.25
133.25
136.75
136.75
137.5
137.5
138.25
138.5
138.5
139.25
139.25
139.5
139.5
140.75
140.5
140.5
140.75
140.75
142.0
142.0
142.0
142.25
142.5
142.5
142.75
142.75
142.0
142.0
142.0
140.75
140.75
139.25
139.25
139.25
141.75
141.75
137.5
137.5
135.5
135.5
135.5
135.5
136.0
136.0
135.0
135.5
135.5
134.0
134.0
133.75
133.75
133.75
133.75
132.5
132.0
132.0
131.75
131.75
131.5
131.5
129.75
129.75
131.75
131.75
133.5
132.75
132.75
132.75
132.75
131.5
131.5
131.0
131.0
130.75
130.75
129.5
129.5
126.0
126.0
126.5
126.5
124.0
124.0
124.5
124.5
125.75
125.75
127.5
127.5
129.75
129.75
129.75
129.75
129.75
129.75
128.75
128.0
128.0
128.0
128.0
130.5
130.25
130.25
131.25
131.25
133.25
133.25
134.25
135.25
135.25
135.75
135.75
136.5
136.5
136.75
138.5
138.5
138.5
137.75
137.75
137.75
137.75
137.5
137.25
137.25
137.75
137.75
137.75
137.75
136.75
136.0
136.0
135.25
135.25
135.75
135.75
135.75
135.75
135.0
134.75
134.75
133.75
133.75
133.25
133.25
132.75
132.75
133.75
134.75
134.75
135.75
135.75
135.75
135.75
135.75
136.75
136.75
137.25
137.25
138.0
138.0
138.25
138.25
138.25
138.5
138.5
139.5
139.5
138.75
139.5
139.5
139.5
139.5
139.0
139.0
139.0
140.25
140.25
140.25
140.25
140.25
139.75
139.75
140.75
140.75
140.75
141.5
141.5
141.75
141.75
141.0
140.75
140.75
140.75
140.75
140.5
139.75
139.75
139.0
139.0
138.25
138.25
138.0
138.0
138.25
138.5
138.5
139.5
139.5
140.0
140.5
140.5
140.25
140.25
140.75
141.25
141.25
142.0
142.0
142.5
143.0
143.0
143.25
143.25
143.75
144.0
144.0
143.75
143.75
144.25
145.5
145.5
145.0
145.0
144.5
146.0
146.0
148.25
149.5
149.5
149.5
149.5
150.75
151.75
151.75
153.25
152.75
152.75
152.75
153.0
153.0
150.5
150.5
147.0
145.0
145.0
143.25
143.25
142.75
142.75
138.5
138.0
138.0
138.5
138.5
138.75
138.75
138.0
138.25
138.25
139.5
139.5
140.25
140.25
141.25
141.0
141.0
142.75
145.0
145.0
145.0
145.0
153.75
153.0
153.0
156.25
149.25
149.25
145.75
149.25
149.25
149.25
154.25
155.25
155.25
154.25
154.25
154.25
156.75
157.75
157.75
157.0
157.75
157.75
156.75
156.5
156.5
156.75
156.25
156.25
161.25
161.25
165.75
165.75
165.75
165.75
165.75
165.75
165.75
165.75
165.75
166.0
166.0
160.15
154.3
148.45
142.6
136.75
136.75
125.5
125.5
129.0
129.0
138.5
143.5
143.5
143.25
146.0
146.0
146.0
146.0
144.5
144.25
144.25
147.5
150.5
150.5
152.0
152.0
151.0
151.0
154.75
154.75
157.75
159.25
159.25
159.25
158.75
158.75
159.0
160.0
160.0
160.5
162.5
162.5
164.0
164.5
164.5
166.0
156.25
156.25
151.75
151.75
151.75
151.75
151.75
151.75
152.0
152.0
151.75
151.75
147.64285714285714
143.53571428571428
139.42857142857142
135.32142857142858
131.21428571428572
127.10714285714286
123.0
113.0
113.0
113.0
113.0
113.0
113.0
113.0
113.0
113.0
113.0
113.0
113.0
112.75
112.75
112.75
120.70833333333333
128.66666666666666
136.625
144.58333333333334
152.54166666666666
160.5
161.5
161.5
162.25
162.75
162.75
164.0
164.0
164.0
164.25
164.25
164.75
164.75
164.5
164.75
164.75
165.5
165.5
165.5
165.5
164.5
164.5
164.25
164.5
164.5
163.75
164.0
164.0
163.75
163.25
162.75
162.75
161.5
162.0
162.0
162.0
161.5
161.5
161.5
161.75
161.75
161.75
162.0
162.0
162.0
162.0
162.0
162.25
162.0
162.0
162.75
163.5
163.5
164.0
162.0
162.0
162.5
161.75
161.25
161.25
161.75
161.75
161.75
162.0
161.5
161.5
160.75
161.25
161.25
161.5
161.0
161.0
160.0
160.0
159.0
158.5
158.5
158.75
159.0
159.0
158.0
157.75
157.75
158.0
158.25
158.25
157.75
157.25
157.25
157.5
158.5
158.5
158.25
157.75
157.75
159.0
159.25
159.25
159.5
159.5
159.5
158.75
158.25
158.25
157.75
155.5
155.5
154.5
154.0
154.0
152.75
152.75
148.25
142.0
142.0
151.5
151.5
151.5
151.5
151.5
151.25
151.25
151.25
151.25
142.85
134.45
126.05
117.65
109.25
109.25
109.75
109.75
112.0
112.0
113.5
113.5
115.5
115.5
123.5
123.5
131.0
131.0
140.0
146.25
146.25
146.25
146.25
150.0
151.75
151.75
153.25
154.75
154.75
155.75
155.25
155.25
155.5
156.5
156.5
156.25
156.25
159.25
159.25
156.0
157.5
157.5
157.25
157.25
157.25
157.25
157.25
157.5
157.5
157.5
157.5
157.5
157.5
157.5
157.5
157.5
157.5
156.375
155.25
154.125
153.0
151.875
150.75
150.75
150.25
150.25
147.0
147.0
148.5
148.5
148.5
148.5
148.5
148.5
148.5
148.5
148.5
148.5
148.25
148.25
148.25
148.25
148.25
143.90625
139.5625
135.21875
130.875
126.53125
122.1875
117.84375
113.5
113.5
113.5
118.75
118.75
116.5
119.25
119.25
119.25
119.25
119.25
119.25
119.25
119.25
119.5
119.5
119.5
125.83333333333333
132.16666666666666
138.5
144.83333333333334
151.16666666666666
157.5
159.25
159.5
159.5
160.5
160.5
159.0
159.0
159.0
159.0
159.0
158.75
158.75
159.0
166.0
166.25
166.25
167.0
166.25
166.25
167.0
166.25
166.25
163.75
164.25
164.25
164.0
164.0
165.75
165.5
165.5
165.5
165.0
165.0
166.5
166.75
167.5
167.5
167.5
167.75
167.75
168.25
169.0
169.0
167.75
169.5
169.25
169.25
169.75
172.0
172.0
172.75
172.5
172.5
172.5
172.75
172.75
172.0
170.5
170.5
170.75
171.0
171.0
171.0
171.0
171.0
171.0
170.75
170.75
170.75
170.75
170.75
170.75
171.0
171.0
171.0
168.6875
166.375
164.0625
161.75
159.4375
157.125
154.8125
152.5
152.5
153.5
154.75
154.75
155.25
154.75
154.75
152.5
150.75
150.75
150.75
150.0
149.25
149.25
146.5
146.5
146.5
146.25
146.5
146.5
146.5
146.5
133.25
133.25
139.25
143.75
143.75
149.25
152.75
152.75
156.75
159.25
159.25
158.75
160.25
160.25
159.25
161.5
161.5
161.75
163.5
163.5
164.75
162.25
162.25
161.25
161.25
161.75
163.75
163.75
163.25
164.0
163.75
163.75
164.0
164.75
164.75
164.0
164.25
164.25
164.75
165.75
165.75
164.5
164.75
164.75
164.75
164.25
164.25
164.75
164.75
162.25
161.5
161.5
158.5
159.25
159.25
157.5
157.5
157.5
156.0
155.75
155.75
157.5
157.25
157.25
156.0
156.0
156.25
155.5
155.5
154.25
154.25
154.25
152.75
151.75
151.75
150.0
150.0
150.0
151.5
151.5
152.25
151.25
151.25
151.25
151.25
151.25
150.5
150.5
149.0
148.0
148.0
147.0
147.0
145.0
143.25
143.25
141.25
139.75
139.75
139.75
139.75
143.75
143.75
147.25
147.25
147.25
148.25
148.25
147.75
149.25
149.25
149.5
149.5
150.25
145.5
145.5
150.0
153.75
153.75
152.75
155.25
155.25
154.5
155.5
155.5
155.0
156.0
156.0
158.5
161.5
161.5
164.25
166.0
166.0
166.75
167.75
166.75
166.75
168.5
167.5
167.5
169.25
171.0
171.0
175.5
172.25
176.0
176.0
176.0
176.0
176.0
176.0
176.0
176.0
176.0
176.0
176.0
175.75
175.75
176.0
176.0
176.0
176.0
174.0
172.0
170.0
168.0
166.0
164.0
162.0
160.0
158.0
156.0
154.0
152.0
150.0
150.0
150.75
150.75
151.25
151.0
151.0
152.25
153.5
153.5
155.0
155.0
155.0
155.0
155.0
155.0
155.0
155.0
155.0
158.75
157.5
157.5
155.25
153.75
153.75
154.0
153.0
153.0
152.25
152.25
152.75
153.0
153.0
153.5
152.5
152.5
150.0
150.0
146.75
142.0
142.0
139.75
139.75
140.75
140.75
144.75
146.75
147.75
147.75
147.75
147.75
147.75
148.0
148.0
148.0
150.25
150.25
150.25
150.25
150.5
150.0
150.0
148.5
148.5
145.75
142.75
142.75
141.25
141.25
138.5
138.5
134.5
134.5
134.25
134.25
134.25
133.5
133.5
133.5
133.5
133.5
134.25
134.25
135.5
135.5
134.75
134.75
134.75
134.75
134.0
131.5
131.5
131.5
129.25
131.0
131.0
131.0
131.0
131.75
131.75
133.5
135.0
135.0
136.75
136.75
136.5
136.5
135.0
135.0
135.0
135.0
135.0
135.0
135.0
135.0
135.0
135.0
135.0
135.0
135.0
129.85
124.7
119.55
114.4
109.25
109.25
109.0
109.0
109.0
107.75
107.75
107.75
107.75
108.0
108.0
108.0
107.75
107.75
107.75
107.75
107.75
108.0
103.65
99.3
94.95
90.6
86.25
86.25
86.25
85.75
85.75
85.75
86.0
86.0
86.0
86.0
86.0
86.0
86.0
95.5
95.5
95.5
90.25
90.25
90.25
85.25
85.25
84.5
84.5
84.5
84.75
84.75
84.75
86.5
86.5
88.0
88.0
88.0
88.0
88.0
88.0
87.75
88.0
88.0
87.75
87.75
87.75
91.92307692307692
96.09615384615384
100.26923076923077
104.4423076923077
108.61538461538461
112.78846153846155
116.96153846153847
121.13461538461539
125.3076923076923
129.48076923076923
133.65384615384616
137.8269230769231
142.0
143.5
143.5
143.0
143.0
143.75
144.5
144.5
145.0
145.0
145.0
145.5
145.5
145.25
143.75
143.75
143.25
143.25
143.25
143.25
143.25
142.5
142.5
137.25
137.25
137.0
137.0
135.25
138.5
138.5
140.25
140.25
140.25
141.25
141.25
140.25
119.25
119.25
120.25
116.0
116.0
116.0
115.0
115.0
115.0
115.0
115.0
115.0
115.0
115.0
115.0
115.0
114.75
114.75
117.5
117.5
118.0
118.0
122.25
122.25
128.25
128.25
130.5
130.5
130.5
130.5
130.25
130.25
130.25
130.5
130.5
130.25
136.5
136.5
136.0
136.0
134.0
134.0
132.0
132.0
128.5
128.5
123.5
123.5
125.25
125.25
126.25
126.25
124.5
124.5
121.75
121.75
121.0
121.0
120.25
120.25
120.5
120.5
121.5
120.0
120.0
120.0
120.0
120.75
120.75
120.75
125.0
125.0
125.0
137.75
137.75
138.75
138.75
138.75
138.75
138.75
138.75
139.0
139.0
139.0
139.0
139.0
137.95833333333334
136.91666666666666
135.875
134.83333333333334
133.79166666666666
132.75
132.75
132.25
131.5
131.5
131.5
125.5
125.5
122.75
122.75
114.25
114.25
113.0
113.0
114.0
114.0
116.0
116.0
117.0
117.0
118.0
118.0
118.25
118.25
117.5
117.5
117.5
117.5
117.5
117.5
117.5
117.5
118.75
119.5
119.5
117.25
117.25
117.25
115.25
115.25
116.5
116.5
117.75
117.75
129.5
129.5
135.5
135.5
134.75
134.75
135.75
135.75
128.5
128.5
128.0
126.5
126.5
128.0
128.0
126.25
126.25
123.5
123.5
120.25
120.25
121.0
121.0
120.75
120.75
120.25
120.25
120.75
120.75
119.25
119.25
119.5
119.5
122.75
125.75
125.75
128.0
128.0
128.0
132.75
132.75
128.0
128.0
129.25
129.25
129.25
129.25
129.25
129.25
129.25
129.25
129.5
129.5
129.25
128.75
128.25
127.75
127.25
126.75
126.75
126.75
126.75
128.5
125.25
125.25
130.75
130.75
130.75
130.75
131.0
131.0
131.0
131.0
131.0
131.0
131.0
131.0
130.75
126.91666666666667
123.08333333333333
119.25
115.41666666666667
111.58333333333333
107.75
103.91666666666667
100.08333333333333
96.25
92.41666666666667
88.58333333333333
84.75
84.75
84.75
85.75
85.75
86.0
86.0
86.0
86.0
86.0
85.75
85.75
86.0
86.0
86.0
94.15
102.3
110.45
118.6
126.75
129.0
129.0
129.0
131.5
133.25
133.25
134.25
134.25
135.75
135.75
136.25
137.0
137.0
137.5
137.5
138.25
138.25
138.5
136.0
136.0
134.25
134.25
134.25
116.25
116.25
117.25
117.25
117.5
117.5
116.0
116.0
116.0
114.5
114.5
114.0
114.0
114.75
114.75
120.5
120.5
117.75
117.75
114.5
114.5
116.0
116.0
120.75
120.75
123.25
125.25
125.25
126.0
126.0
128.5
128.5
129.0
129.0
129.75
128.75
128.75
127.75
127.75
126.25
126.25
126.75
126.75
128.0
128.0
130.0
131.75
131.75
133.5
133.5
134.75
134.75
134.25
129.75
129.75
124.25
124.25
123.0
123.0
128.25
128.25
129.25
129.25
132.0
132.0
134.25
135.75
135.75
137.5
138.75
138.75
140.5
140.5
141.75
141.75
142.0
141.0
141.0
139.5
139.5
138.25
138.5
138.5
137.5
137.5
135.0
135.0
133.0
133.0
120.75
120.75
122.25
122.25
124.25
124.25
125.75
128.5
128.5
128.5
128.0
129.0
129.0
128.5
128.5
127.25
127.25
126.5
125.25
125.25
127.0
127.0
128.25
128.25
130.25
130.25
132.0
134.75
134.75
135.75
135.0
135.0
133.25
133.25
133.5
133.5
134.25
134.25
134.25
134.25
133.5
133.5
132.25
132.5
132.5
133.5
133.5
134.0
134.0
133.25
132.25
132.25
133.25
133.25
133.5
133.5
135.75
135.75
136.5
139.0
139.0
140.5
140.5
140.0
140.0
139.5
139.0
139.0
137.75
137.75
137.5
137.5
137.5
137.0
137.0
135.0
135.0
136.25
137.75
137.75
139.75
139.75
142.0
144.5
144.5
146.0
146.0
147.0
147.25
147.25
147.5
147.5
148.25
148.25
146.5
146.5
147.0
145.5
145.5
145.25
144.75
144.75
145.25
145.25
145.5
146.0
146.0
146.25
146.25
146.75
142.0
142.0
142.0
124.75
124.75
124.75
132.25
132.25
138.5
141.25
141.25
143.25
143.25
145.25
145.75
145.75
145.75
145.75
146.0
146.0
142.75
142.75
142.75
135.75
135.75
132.0
132.0
129.75
129.75
130.5
130.5
125.25
125.25
120.75
120.75
120.75
118.5
119.0
119.0
120.0
120.0
122.0
122.0
127.25
130.25
130.25
130.25
133.5
134.0
134.0
134.0
134.0
132.75
132.75
132.0
132.0
131.5
131.5
131.5
130.25
130.25
130.25
130.25
130.25
129.25
129.25
129.25
131.0
132.75
132.75
132.25
132.25
132.0
132.0
131.75
131.75
133.25
133.25
132.5
131.25
131.25
130.75
130.75
130.25
130.25
130.75
130.75
131.75
131.75
131.75
131.75
131.75
128.0
128.0
127.0
127.0
127.75
127.75
126.75
126.75
126.25
126.25
126.25
126.25
125.0
118.25
118.25
118.25
117.5
117.5
116.0
115.0
115.0
115.0
113.25
113.5
113.5
115.5
115.5
117.5
117.5
121.25
121.25
123.75
124.5
124.5
125.25
125.25
125.0
125.0
125.0
125.0
124.0
124.0
124.0
124.0
125.0
125.0
124.0
124.0
123.0
123.0
119.5
119.5
115.5
115.5
112.5
112.5
114.25
114.25
116.25
116.25
117.75
117.75
117.0
117.0
117.0
116.75
116.75
117.0
117.0
117.0
117.0
106.75
106.75
106.75
105.0
105.0
102.0
102.0
102.0
100.0
100.0
99.25
99.25
99.75
99.75
99.5
99.5
97.75
97.75
94.0
94.0
94.0
94.0
94.0
94.0
94.25
94.25
92.75
92.75
92.75
93.0
93.0
94.0
94.0
94.0
94.75
94.75
94.75
94.75
94.75
94.0
94.0
96.25
96.25
96.25
98.75
98.75
99.0
99.0
99.0
97.5
97.5
89.5
89.5
93.75
93.75
96.0
96.0
95.75
95.75
95.75
95.75
95.75
95.75
96.0
96.0
96.0
97.07
98.14
99.21
100.28
101.35
102.42
103.49
104.56
105.63
106.7
107.77
108.84
109.91
110.98
112.05
113.12
114.19
115.26
116.33
117.4
118.47
119.54
120.61
121.68
122.75
122.75
124.5
124.5
124.5
124.5
122.0
122.0
120.0
120.0
118.5
118.5
116.75
116.75
113.75
113.75
113.75
111.5
111.5
111.25
111.25
110.0
110.0
108.25
108.25
108.25
104.75
104.75
105.25
105.25
107.75
107.75
106.75
106.75
106.75
106.75
131.5
129.5
129.5
129.5
121.25
124.5
124.5
123.5
123.5
127.25
127.25
129.0
129.0
129.75
132.25
132.25
135.25
135.25
135.5
135.5
133.0
133.0
130.25
131.25
131.25
136.25
136.25
137.25
137.25
137.5
137.5
135.25
128.5
128.5
128.5
128.5
130.0
130.0
132.75
132.75
133.5
134.25
134.25
134.25
134.5
132.0
132.0
131.5
131.5
130.75
130.75
130.5
132.75
132.75
135.0
135.0
134.5
134.5
131.75
131.75
130.75
128.0
128.0
126.75
126.75
127.25
127.25
126.75
126.75
126.25
126.25
125.75
125.75
125.0
125.0
125.0
125.0
125.0
125.0
125.0
112.5
112.5
113.0
113.0
113.0
112.75
112.0
112.0
112.0
112.0
112.0
112.0
112.0
112.0
112.0
111.75
111.75
112.0
112.78571428571429
113.57142857142857
114.35714285714286
115.14285714285714
115.92857142857143
116.71428571428571
117.5
117.5
117.5
117.5
117.5
117.25
117.25
117.25
117.25
120.25
120.25
120.25
120.25
120.0
120.0
120.5
120.5
120.25
119.0
119.0
120.25
120.25
119.25
119.25
120.25
120.25
120.25
120.25
120.25
121.75
121.75
122.5
123.5
123.5
126.5
126.5
128.0
128.0
131.25
131.0
131.0
125.75
125.75
125.75
125.75
103.0
103.0
105.25
105.25
105.25
113.25
113.25
113.25
122.75
122.75
124.5
126.0
126.0
126.0
125.75
125.75
125.0
125.0
116.0
116.0
118.25
118.25
121.5
121.5
122.75
122.75
123.75
123.75
125.0
125.0
125.25
125.25
125.25
125.25
127.25
127.0
127.0
129.0
129.0
126.5
126.5
122.75
122.75
116.5
116.5
116.25
116.25
120.5
120.5
124.0
124.0
126.25
126.25
124.0
124.0
122.5
122.5
119.75
119.75
120.5
120.5
121.5
121.5
120.0
120.0
118.75
118.75
117.5
117.5
111.75
111.75
112.25
112.25
112.25
114.25
114.25
117.75
121.0
121.0
122.75
122.75
124.0
124.0
127.25
127.25
127.25
127.25
126.5
126.5
125.5
125.5
125.0
125.0
125.5
125.5
126.75
126.75
130.25
130.25
132.0
131.25
131.25
131.25
130.25
130.25
123.0
119.5
119.5
119.5
120.5
122.5
122.5
124.0
124.0
126.0
126.0
129.25
129.25
129.0
129.0
129.75
129.75
129.5
129.5
130.0
130.0
129.75
129.75
129.25
129.25
127.75
127.75
126.25
126.25
127.25
128.75
128.75
130.5
132.75
132.75
133.5
133.5
133.5
134.0
134.0
135.0
135.0
136.25
136.25
135.75
135.5
135.5
136.75
136.75
135.75
135.75
135.75
135.75
136.5
136.5
136.5
136.75
136.75
136.75
136.75
136.75
136.75
136.75
136.75
137.0
145.0
145.0
145.0
145.0
143.75
143.75
142.5
142.0
142.0
142.5
142.5
142.5
142.5
142.5
142.25
142.25
142.25
142.25
142.25
142.0
142.0
141.25
141.25
140.25
140.25
139.0
139.0
139.5
139.5
139.0
139.0
139.0
138.0
138.0
138.0
138.5
139.5
139.5
141.0
141.0
142.25
143.25
143.25
143.5
143.5
143.25
142.5
142.5
141.0
141.0
140.25
138.75
138.75
138.5
138.5
137.25
137.25
136.75
137.5
137.5
137.5
134.75
134.75
133.25
134.75
134.75
136.0
136.0
136.5
136.5
136.75
137.5
137.5
138.75
138.75
137.5
137.5
137.5
144.75
144.75
148.25
149.5
149.5
146.25
146.25
143.25
137.5
137.5
135.75
135.75
136.0
136.0
132.75
132.75
131.75
131.75
132.0
132.0
132.25
133.0
133.0
133.25
133.25
132.25
132.25
132.0
131.0
131.0
127.5
127.5
127.5
122.25
122.25
122.5
122.5
122.25
122.25
122.5
124.5
124.5
127.5
127.5
129.0
129.0
129.0
129.0
127.5
127.5
128.0
128.0
129.0
129.0
129.0
130.25
131.0
131.0
131.75
130.75
130.75
130.75
130.75
130.75
130.75
130.75
130.75
130.75
131.0
131.0
126.04166666666667
121.08333333333333
116.125
111.16666666666667
106.20833333333333
101.25
101.25
102.5
102.5
104.0
104.0
103.75
103.75
104.0
104.0
104.0
104.0
103.75
115.25
115.25
117.75
117.75
117.0
117.0
117.0
117.25
117.25
117.25
118.5
118.5
118.75
118.75
119.5
119.5
119.0
119.0
119.25
119.25
119.25
119.0
119.0
118.5
118.5
119.5
119.75
119.75
118.75
118.75
116.75
116.75
117.0
117.0
118.5
118.5
121.25
121.25
122.5
122.5
121.5
121.5
117.75
117.75
118.0
118.0
117.0
117.0
115.75
115.75
115.75
115.75
115.75
115.75
115.75
116.0
116.0
115.75
116.0
116.25
116.5
116.75
117.0
117.25
117.5
117.0
117.0
116.0
116.0
116.25
116.25
118.75
118.75
123.25
123.25
125.0
125.0
126.25
127.5
127.5
128.5
128.5
129.0
129.0
129.25
129.25
130.0
130.0
129.0
129.0
129.25
130.75
130.75
130.0
130.0
130.25
130.25
130.25
129.0
129.0
129.0
129.0
128.75
128.75
128.0
128.0
127.5
128.0
128.0
128.0
128.0
128.0
127.5
127.0
127.0
125.25
125.25
124.5
124.5
124.5
125.75
125.75
127.25
127.25
128.5
128.5
129.0
129.0
129.0
129.0
129.0
121.25
121.25
120.5
120.5
120.75
120.75
120.0
120.0
120.25
123.5
123.5
123.5
123.5
124.75
124.75
126.0
126.0
126.75
127.25
127.25
128.5
128.5
129.0
129.0
129.0
129.0
125.25
125.25
121.0
121.0
119.5
119.5
119.5
122.0
122.0
122.75
122.75
118.75
118.75
119.0
119.0
121.0
121.0
122.75
122.75
124.0
124.0
124.5
124.5
123.75
123.75
123.25
123.25
123.75
123.75
125.25
125.25
127.75
130.25
130.25
132.75
132.75
125.5
125.5
122.25
122.25
122.5
122.5
123.75
123.75
125.0
125.0
127.25
127.25
127.75
127.75
127.25
126.25
126.25
128.25
128.25
128.0
128.0
126.25
126.25
125.0
125.0
121.5
121.5
118.0
118.0
116.0
116.0
116.75
116.75
117.5
117.5
118.0
118.0
118.75
121.0
121.0
121.0
125.25
126.25
126.25
127.75
127.75
127.75
128.0
128.0
128.5
129.25
129.25
129.0
129.0
127.75
127.75
126.25
126.25
124.0
124.0
120.75
120.75
120.25
120.25
120.75
120.75
121.0
123.5
123.5
124.0
124.0
122.0
122.0
122.0
122.0
122.0
122.0
122.0
121.75
121.75
121.75
121.75
117.0
117.0
121.0
121.0
120.0
120.0
120.5
120.5
121.25
121.25
121.5
121.5
120.0
120.0
118.5
118.5
111.0
111.0
111.0
109.5
109.5
111.75
112.5
112.5
115.75
115.75
120.0
120.0
119.25
119.25
119.25
122.75
124.5
124.5
125.75
125.75
126.75
126.75
128.0
128.0
128.5
128.25
128.25
125.25
125.25
125.25
122.25
122.0
122.0
122.0
121.0
121.0
121.5
121.5
120.25
120.25
119.5
119.5
119.5
119.5
119.5
119.5
120.25
120.25
121.25
121.25
122.5
123.5
123.5
124.25
124.25
124.25
124.25
125.0
125.0
125.0
125.0
125.5
125.5
125.25
124.5
124.5
122.25
122.25
122.75
122.75
122.25
122.25
121.75
121.75
121.25
121.25
121.25
129.0
135.5
138.75
138.75
139.25
139.25
140.5
141.5
141.5
143.25
143.25
143.25
143.25
143.25
143.5
143.5
148.5
148.5
144.0
144.25
144.25
147.0
147.0
147.0
147.0
147.0
147.0
147.0
147.0
147.0
147.0
143.46153846153845
139.92307692307693
136.3846153846154
132.84615384615384
129.30769230769232
125.76923076923077
122.23076923076923
118.6923076923077
115.15384615384616
111.61538461538461
108.07692307692308
104.53846153846155
101.0
101.0
100.75
100.75
100.75
101.0
101.0
101.0
101.0
101.0
101.0
101.0
100.75
104.46428571428571
108.17857142857143
111.89285714285714
115.60714285714286
119.32142857142857
123.03571428571429
126.75
126.75
126.75
127.5
127.5
127.5
132.0
132.75
132.75
133.5
133.5
133.25
133.25
133.25
133.25
133.5
133.5
133.5
132.75
132.75
133.0
132.75
132.75
132.75
132.75
133.0
133.0
133.0
133.0
130.3
127.6
124.9
122.2
119.5
119.5
122.5
122.5
123.25
123.75
123.75
124.5
124.5
124.75
124.75
125.0
125.0
124.5
124.5
122.25
122.25
120.25
120.25
121.0
121.0
121.0
121.0
119.25
119.25
117.0
117.0
115.5
115.5
115.5
115.5
115.5
116.75
116.75
118.75
118.75
119.5
119.5
118.0
118.0
119.0
119.0
120.5
120.5
118.75
118.75
117.5
117.5
117.5
117.5
117.5
117.5
117.25
117.25
116.5
116.5
116.5
115.0
115.0
114.0
114.0
113.25
113.25
112.5
112.5
112.25
112.25
114.25
114.25
114.25
114.25
123.25
123.25
123.0
123.0
122.0
122.0
120.0
120.25
120.25
116.0
116.0
116.0
116.75
116.75
117.5
117.5
117.25
117.25
117.25
117.25
117.25
117.25
117.25
117.25
126.75
125.75
125.75
123.25
123.25
121.75
121.75
120.5
120.5
121.0
121.0
121.25
121.25
122.75
122.75
123.25
123.25
123.5
123.5
123.5
123.5
123.25
123.25
123.5
123.5
125.0
126.0
126.0
126.0
126.0
127.0
127.0
127.0
125.75
125.75
123.5
123.5
122.75
122.75
122.25
122.25
122.25
122.25
121.5
121.5
121.25
121.25
119.5
119.5
119.5
117.0
117.0
116.0
116.0
116.5
116.5
120.75
120.75
125.0
127.0
127.0
126.75
126.75
126.25
126.25
125.75
125.75
123.5
123.5
114.5
114.5
114.5
112.75
112.75
110.75
110.75
110.75
111.0
111.0
112.75
112.75
116.0
116.0
116.75
116.75
116.0
116.0
113.0
113.0
113.0
109.0
109.0
110.5
110.5
114.75
117.75
117.75
120.0
120.0
120.25
120.25
120.25
119.25
118.25
118.25
118.25
117.5
117.5
116.5
116.5
115.25
115.25
113.75
113.75
115.0
115.0
114.75
114.75
115.5
115.5
117.75
117.75
118.75
118.75
119.0
119.0
116.75
116.75
114.75
114.75
111.5
111.5
111.5
109.0
109.0
110.25
110.25
110.75
110.75
110.75
121.5
122.5
122.5
122.25
122.25
116.5
116.5
112.5
112.5
111.25
111.25
109.25
109.25
109.25
107.0
107.0
107.25
107.25
108.75
108.75
112.0
112.0
115.5
115.5
117.75
117.75
116.5
116.5
117.5
117.5
117.25
117.25
117.25
105.25
105.25
105.25
103.75
103.75
103.5
103.5
105.25
105.25
107.75
107.75
108.0
108.0
108.5
108.5
108.5
108.0
108.0
106.5
106.5
108.0
108.0
108.0
108.0
108.0
108.0
108.0
108.0
107.75
107.75
117.0
117.0
110.5
110.5
110.5
106.25
106.25
106.0
106.0
106.0
106.0
106.75
106.75
106.75
107.0
107.0
106.75
106.75
107.0
107.0
113.0
113.0
116.25
116.25
119.5
119.5
113.25
113.25
115.0
115.0
113.0
113.0
111.5
111.5
111.25
111.25
111.0
111.0
111.0
114.0
114.25
114.25
114.25
112.25
112.25
112.25
108.0
107.75
107.75
107.75
109.0
109.0
109.75
109.75
108.75
108.75
108.25
108.25
108.25
109.5
109.5
109.25
109.25
109.25
109.25
109.25
109.25
109.25
109.25
114.75
114.75
116.75
116.75
116.75
116.75
116.5
116.5
116.5
113.25
113.25
113.25
113.25
113.5
113.5
115.5
115.5
118.0
120.5
120.5
120.25
120.25
119.5
119.5
119.25
118.5
118.5
118.5
118.5
124.0
124.0
119.0
119.0
118.75
118.75
118.75
118.75
118.75
119.0
112.0
112.0
112.75
112.75
112.0
112.0
111.5
111.5
112.25
112.25
114.5
114.5
116.5
116.5
118.75
118.75
121.0
122.0
122.0
123.5
123.5
125.0
125.0
125.5
125.5
124.25
124.25
122.75
122.75
120.0
120.0
119.5
119.5
119.5
120.25
120.25
121.0
121.0
121.0
121.0
122.25
122.25
125.0
125.0
125.0
125.0
125.0
125.0
125.0
123.0
123.0
123.0
120.0
120.0
120.0
120.5
120.5
122.0
122.0
122.25
122.25
120.0
120.0
118.5
118.5
118.0
118.0
118.75
118.75
122.25
122.25
126.5
125.25
125.25
124.0
124.0
122.5
122.5
121.5
121.5
122.75
122.75
122.75
122.75
124.0
124.0
124.5
125.0
125.0
125.0
125.0
125.0
125.75
125.75
127.0
126.75
126.75
127.0
127.0
127.0
127.0
127.0
127.0
127.0
127.0
126.75
128.25
128.25
128.25
128.75
128.75
129.5
129.5
129.5
129.5
130.0
130.0
130.0
130.0
130.75
131.0
131.0
131.5
131.5
131.75
131.75
131.5
131.5
132.0
131.5
131.5
131.25
131.25
132.75
132.75
134.0
134.0
133.75
133.75
132.5
132.5
128.5
128.5
126.75
126.75
127.5
127.5
127.0
127.0
126.75
127.0
127.0
128.0
128.5
128.5
128.5
132.0
133.5
133.5
134.75
134.75
134.75
134.75
130.25
127.75
127.75
125.25
125.25
124.0
124.0
124.0
125.0
125.0
125.75
125.75
126.75
126.75
123.5
123.5
123.75
124.0
124.0
126.75
126.75
128.5
128.5
129.75
129.75
129.5
129.5
130.25
130.5
130.5
130.75
130.75
130.25
130.25
129.0
129.0
128.0
128.0
127.25
127.25
125.25
125.25
124.75
124.75
125.0
125.0
125.25
125.25
126.0
126.25
126.25
126.75
126.75
125.5
125.5
125.5
125.5
125.75
125.75
125.5
125.5
125.5
125.5
125.25
125.25
124.25
124.25
124.5
124.5
124.75
124.75
124.75
124.5
124.5
124.0
124.0
123.5
123.5
121.75
121.75
122.25
122.25
121.25
121.25
119.75
119.75
119.75
116.75
116.75
116.0
116.0
116.25
116.25
115.5
115.5
115.75
115.75
114.5
114.5
114.75
114.75
116.5
116.5
118.75
118.75
120.0
120.0
119.75
119.75
118.75
118.75
116.75
116.75
115.25
115.25
117.0
117.0
117.5
117.5
117.5
117.5
130.5
132.5
132.5
135.25
135.25
136.0
136.0
135.0
133.0
133.0
129.25
129.25
126.25
126.25
126.5
126.5
126.25
126.5
126.5
126.5
126.5
126.5
126.5
126.5
126.6086956521739
126.71739130434783
126.82608695652173
126.93478260869566
127.04347826086956
127.15217391304348
127.26086956521739
127.3695652173913
127.47826086956522
127.58695652173913
127.69565217391305
127.80434782608695
127.91304347826087
128.02173913043478
128.1304347826087
128.2391304347826
128.34782608695653
128.45652173913044
128.56521739130434
128.67391304347825
128.7826086956522
128.8913043478261
129.0
129.0
125.25
125.25
125.25
125.25
125.25
125.25
112.75
114.5
114.5
115.75
115.75
115.5
115.5
115.0
115.0
115.0
114.75
114.75
114.75
114.75
115.5
115.5
115.5
115.5
117.5
116.5
116.5
116.5
116.25
116.25
116.5
116.5
116.25
116.25
116.25
116.5
