120.0
121.0
121.0
121.5
121.5
122.5
122.5
122.5
123.0
123.0
124.0
124.0
126.0
126.0
126.0
126.0
127.0
127.0
127.75
127.75
129.75
129.75
129.75
129.75
129.75
128.75
128.75
126.5
126.5
126.5
126.5
125.5
125.5
124.0
124.0
125.0
125.0
124.5
124.5
124.0
124.0
124.0
124.0
123.0
123.0
124.5
124.5
125.0
123.0
123.0
122.5
122.5
123.0
123.0
124.5
124.5
127.0
127.0
123.5
123.5
125.0
125.0
125.0
125.0
124.5
124.5
125.0
125.0
125.0
125.0
127.75
127.75
126.5
126.0
126.0
125.0
125.0
121.5
121.5
122.0
122.0
122.5
122.5
123.5
123.5
122.5
122.5
124.5
124.5
124.0
124.0
126.5
126.5
126.5
126.5
127.75
127.75
127.75
129.25
129.25
128.25
128.25
127.75
127.75
124.5
124.5
123.5
123.5
124.0
124.0
124.5
124.5
125.0
125.0
124.0
124.0
126.0
126.0
125.5
127.75
127.75
127.75
127.75
129.75
129.75
130.5
130.5
132.25
132.25
131.5
131.5
130.5
129.75
129.75
131.0
131.0
131.5
131.5
129.75
129.75
130.5
130.5
131.0
129.75
129.75
131.0
131.0
131.5
131.5
131.5
131.5
130.5
130.5
129.25
127.75
127.75
127.75
127.75
128.25
128.25
128.25
129.75
131.5
131.5
132.75
134.0
134.0
133.25
133.25
131.0
131.0
131.0
131.0
129.75
129.75
129.25
129.25
127.0
127.75
127.75
127.75
129.75
131.5
131.5
132.25
132.25
135.25
134.5
134.5
134.0
134.0
133.25
133.25
134.0
134.0
134.5
134.5
132.25
131.0
131.0
129.75
129.75
129.25
129.25
128.75
128.75
129.25
129.25
129.25
130.5
130.5
130.5
130.5
131.5
131.5
132.25
132.25
133.25
135.75
135.75
132.25
132.25
132.25
132.25
131.5
131.5
130.5
130.5
130.5
130.5
130.5
128.25
128.25
128.25
128.25
128.25
128.25
129.25
129.25
129.75
129.75
131.0
131.5
131.5
132.25
132.25
130.5
130.5
129.25
129.25
128.25
128.25
126.5
126.5
127.75
126.5
126.5
127.75
127.75
128.75
128.75
127.75
127.75
128.75
128.75
128.25
128.25
128.25
128.25
127.0
127.75
127.75
126.0
126.0
124.5
124.5
126.0
126.0
125.0
125.0
127.0
127.0
127.75
127.75
128.25
128.25
126.0
126.0
125.5
125.5
124.5
124.5
124.5
123.5
123.5
124.0
124.0
120.5
120.5
119.0
119.0
120.0
120.0
120.0
120.0
121.0
121.0
122.0
122.0
122.0
122.0
120.0
120.0
120.5
120.5
121.0
121.0
120.0
120.0
120.0
120.0
120.0
120.0
120.5
120.5
118.5
118.5
119.0
119.0
119.0
119.0
118.0
118.0
119.5
119.5
118.5
118.5
120.0
120.0
121.0
121.0
121.0
121.0
121.0
121.0
121.0
121.0
121.5
121.5
121.5
121.5
122.5
122.5
124.5
124.5
123.5
123.5
126.0
126.0
123.5
123.5
125.0
125.0
125.5
125.5
124.5
124.5
123.0
123.0
123.5
126.0
126.0
125.5
125.5
128.25
128.25
127.0
127.0
125.5
125.5
125.5
125.5
124.0
124.0
125.5
125.5
125.0
125.0
124.5
124.5
125.5
125.0
125.0
127.0
127.0
128.25
128.25
128.25
128.25
127.0
127.0
126.5
126.5
125.5
125.5
125.0
125.0
124.5
124.5
124.0
124.0
124.5
125.5
125.5
127.0
127.0
127.0
127.75
128.25
128.25
128.25
128.25
127.0
127.0
126.5
126.5
125.0
125.0
125.5
125.0
125.0
127.0
127.0
127.0
127.0
127.0
127.0
129.25
129.25
128.75
128.75
129.25
129.25
129.75
128.25
128.25
130.5
130.5
129.75
129.75
130.5
130.5
132.75
132.75
131.0
132.25
132.25
131.0
131.0
129.25
129.25
128.25
128.25
126.0
126.0
127.75
127.75
127.0
127.0
129.25
130.5
130.5
129.75
129.75
130.5
130.5
131.0
131.0
130.5
130.5
131.5
132.75
132.75
132.75
132.75
135.25
135.25
134.0
134.0
133.25
134.0
134.0
132.75
132.75
132.25
132.25
132.75
132.75
131.5
131.5
131.5
132.25
132.25
134.0
134.0
136.25
136.25
136.25
137.5
137.5
137.0
137.0
137.0
137.0
137.5
136.25
136.25
135.25
135.25
135.75
135.75
135.25
133.25
133.25
134.0
134.0
135.25
135.25
136.25
136.25
136.25
137.0
137.0
138.25
138.25
139.0
137.0
137.0
137.5
137.5
137.5
137.5
137.0
138.25
138.25
137.0
137.0
138.25
138.25
137.0
138.25
138.25
135.75
135.75
137.5
137.5
137.5
138.25
138.25
139.5
139.5
137.5
137.5
139.0
139.0
139.0
139.0
139.0
139.0
139.0
138.25
137.5
137.5
138.25
138.25
137.5
138.25
138.25
137.0
137.0
136.25
136.25
137.5
137.5
137.5
139.0
139.0
138.25
138.25
139.0
138.25
138.25
137.5
137.5
139.0
139.0
138.25
139.0
139.0
139.0
139.0
139.5
139.5
137.5
139.0
139.0
139.0
139.0
139.5
139.0
139.0
139.0
139.0
138.25
138.25
139.0
139.5
139.5
139.5
139.5
138.25
138.25
139.5
139.5
139.5
139.0
139.0
139.0
139.5
139.5
137.5
137.5
138.25
138.25
138.25
139.0
139.0
139.0
139.0
139.0
139.0
139.5
140.75
140.75
140.75
140.75
141.5
142.25
142.25
142.25
142.25
142.75
142.75
142.75
143.5
143.5
143.5
145.0
145.0
145.0
145.0
145.0
145.0
145.0
145.0
145.0
145.0
144.25
144.25
142.25
142.25
140.75
139.5
139.5
140.75
140.75
139.5
139.5
137.5
137.0
137.0
137.0
137.0
137.0
137.0
138.25
139.5
139.5
140.25
140.25
140.75
139.5
139.5
140.25
140.25
140.25
140.25
139.5
140.75
140.75
140.75
140.75
140.75
140.25
140.25
138.25
138.25
139.5
139.5
138.25
138.25
138.25
138.25
138.25
138.25
138.25
137.5
137.5
137.5
139.0
139.0
138.25
139.5
139.5
138.25
138.25
139.5
139.5
137.5
139.5
139.5
138.25
138.25
138.25
138.25
139.5
137.5
137.5
139.0
139.0
138.25
138.25
138.25
139.0
139.0
137.5
137.5
139.5
139.0
139.0
139.5
139.5
139.5
139.5
139.5
140.75
140.75
140.25
140.25
140.25
139.5
139.5
140.75
140.75
139.5
139.5
139.5
139.5
139.5
139.0
139.0
139.0
139.0
139.5
140.25
140.25
139.5
139.5
140.25
139.5
139.5
140.25
140.25
139.0
139.0
139.5
138.25
138.25
138.25
138.25
139.5
140.25
140.25
139.5
139.5
140.25
140.25
139.5
140.25
140.25
139.5
139.5
139.5
139.0
139.0
139.5
139.5
139.0
139.0
140.25
140.75
140.75
140.25
140.25
140.25
139.5
139.5
140.25
140.25
140.25
140.25
139.5
139.0
139.0
139.5
139.5
139.0
139.0
139.0
138.25
138.25
137.5
137.5
138.25
137.0
137.0
139.0
139.0
139.5
139.5
139.5
140.25
140.25
139.5
139.5
140.75
140.75
135.75
140.25
140.25
140.25
140.25
139.5
140.25
140.25
139.0
139.0
138.25
138.25
138.25
138.25
138.25
138.25
138.25
137.5
137.5
139.0
138.25
138.25
138.25
138.25
139.0
139.0
137.5
138.25
138.25
138.25
138.25
137.0
138.25
138.25
137.5
137.5
138.25
138.25
137.5
137.5
137.5
138.25
138.25
138.25
138.25
139.0
137.5
137.5
138.25
138.25
138.25
138.25
138.25
138.25
137.5
138.25
138.25
139.0
139.0
137.0
138.25
138.25
137.5
137.5
137.5
139.0
139.0
138.25
138.25
138.25
138.25
138.25
136.25
136.25
137.0
137.0
136.25
136.25
135.75
135.75
135.25
134.5
134.5
132.75
132.75
131.5
131.5
130.5
130.5
130.5
130.5
128.25
127.0
127.0
126.0
126.0
124.5
124.5
123.0
123.0
124.0
124.0
125.5
125.5
126.0
126.0
125.0
125.0
125.5
125.5
125.5
125.5
128.25
128.25
128.25
127.0
127.0
127.0
127.75
126.0
126.0
124.0
124.0
124.5
124.5
125.0
125.0
123.5
123.5
122.5
122.5
119.5
119.5
118.0
118.0
116.75
116.75
120.0
120.0
120.0
120.0
119.0
119.0
116.75
116.75
118.5
118.5
120.0
120.0
119.0
119.0
116.25
116.25
114.5
114.5
113.25
113.25
110.25
110.25
110.25
111.0
111.0
111.5
111.5
113.25
113.25
114.5
114.5
115.0
115.0
114.5
114.5
116.75
116.75
117.25
117.25
117.75
117.75
118.0
118.0
120.5
120.5
124.5
124.5
124.5
124.5
123.5
123.5
123.5
123.5
121.5
121.5
122.5
122.5
124.0
124.0
123.5
123.5
124.0
124.0
124.0
124.0
123.5
123.5
123.5
123.5
126.0
128.25
128.25
128.75
128.75
129.25
129.25
129.25
129.25
131.0
131.0
132.25
133.25
133.25
131.5
131.5
129.75
129.75
130.5
130.5
129.25
129.25
131.5
131.5
131.5
134.0
134.0
135.25
135.25
135.25
135.25
135.75
134.5
134.5
135.25
135.25
133.25
133.25
132.25
132.25
129.25
131.5
131.5
133.25
133.25
132.25
132.25
133.25
133.25
132.75
134.0
134.0
135.75
135.75
132.25
132.25
133.25
133.25
133.25
134.0
134.0
131.5
131.5
129.75
129.75
128.25
128.25
129.25
129.25
131.0
131.0
131.0
131.5
131.5
131.5
131.5
131.5
131.5
132.25
132.25
131.5
132.75
132.75
134.0
134.0
134.5
134.5
134.5
134.5
134.0
137.0
137.0
136.25
136.25
137.0
137.0
135.75
135.25
135.25
136.25
136.25
136.25
136.25
135.25
135.25
135.25
135.75
135.75
137.0
137.0
137.5
137.5
137.5
139.0
139.0
139.0
139.0
137.5
137.0
137.0
137.5
137.5
136.25
136.25
137.0
137.0
137.0
137.5
137.5
139.0
139.0
137.0
137.5
137.5
137.5
137.5
138.25
138.25
139.5
139.0
139.0
140.25
140.25
139.5
140.25
140.25
140.25
140.25
140.75
140.75
139.5
142.25
142.25
141.5
141.5
140.75
141.5
141.5
141.5
141.5
141.5
142.25
142.25
142.75
142.75
140.25
140.25
140.75
140.25
140.25
139.0
139.0
139.5
139.5
139.5
139.0
139.0
139.5
139.5
139.5
140.25
140.25
139.5
139.5
139.5
140.75
140.75
140.75
140.75
140.75
140.75
140.75
140.75
140.75
141.5
141.5
141.5
140.75
140.75
141.5
141.5
140.75
141.5
141.5
140.75
140.75
140.75
140.75
140.75
140.25
140.25
141.5
141.5
141.5
141.5
141.5
141.5
141.5
141.5
142.25
142.25
142.25
142.25
142.75
142.25
142.25
141.5
141.5
141.5
141.5
141.5
142.25
142.25
141.5
141.5
142.25
142.75
142.75
142.75
142.75
142.25
142.25
142.25
142.75
142.75
142.75
143.5
143.5
141.5
141.5
142.25
142.25
142.25
142.25
142.25
142.25
142.25
142.25
142.75
142.75
142.25
142.25
142.25
142.75
142.75
141.5
141.5
142.25
142.25
142.25
140.75
140.75
140.75
140.25
140.25
140.75
140.75
141.5
141.5
141.5
142.25
142.25
142.25
142.25
142.25
142.25
142.25
142.25
142.25
142.75
142.75
142.75
142.25
142.25
142.75
142.75
142.75
142.75
142.75
143.5
143.5
143.5
143.5
143.5
142.75
144.25
144.25
143.5
143.5
144.25
144.25
144.25
142.75
142.75
143.5
142.75
142.75
142.75
142.75
143.5
143.5
142.75
142.75
142.75
142.75
142.75
143.5
143.5
143.5
143.5
143.5
144.25
144.25
144.25
144.25
144.25
145.0
144.25
144.25
144.25
144.25
143.5
143.5
143.5
142.25
142.25
142.75
142.75
142.75
142.75
142.75
142.25
142.25
142.25
142.25
142.25
142.25
142.25
142.25
142.75
142.75
142.75
142.25
142.25
142.75
142.75
143.5
142.75
142.75
142.25
142.25
143.5
143.5
142.75
142.25
142.25
142.75
142.75
142.25
142.25
142.25
142.75
142.75
142.25
142.25
142.25
142.75
142.75
143.5
144.25
144.25
144.25
144.25
145.0
145.75
145.75
145.75
145.75
145.75
145.75
145.75
146.25
146.25
145.0
143.5
143.5
143.5
143.5
141.5
142.75
142.75
141.5
141.5
141.5
141.5
141.5
140.75
140.75
141.5
141.5
141.5
142.25
142.25
142.75
142.25
142.25
141.5
141.5
141.5
141.5
139.0
140.25
140.25
138.25
138.25
137.5
137.5
137.5
138.25
138.25
139.0
139.0
140.25
141.5
141.5
141.5
141.5
141.5
140.75
140.75
141.5
141.5
142.75
142.75
143.5
142.75
142.75
141.5
141.5
140.75
139.5
139.5
137.5
137.5
138.25
138.25
135.75
132.25
132.25
131.0
131.0
128.75
128.75
126.5
126.5
124.0
124.0
122.5
122.5
118.0
118.0
114.5
114.5
116.75
116.75
115.5
115.5
114.0
114.0
111.5
111.5
111.5
108.75
108.75
110.0
110.0
112.75
112.75
112.0
112.0
110.25
110.25
112.0
112.0
116.25
116.25
124.5
124.5
131.0
131.0
134.0
134.0
137.0
137.0
136.25
135.25
135.25
119.5
119.5
119.5
105.0
105.0
98.75
98.75
98.75
93.75
93.75
92.25
92.25
92.25
92.5
92.5
93.0
93.0
93.0
93.75
93.75
93.75
94.0
94.0
98.0
98.0
103.5
103.5
103.5
107.25
107.25
106.0
106.0
105.0
105.0
105.0
101.0
101.0
100.0
100.0
100.0
100.0
100.0
103.0
103.0
106.0
106.0
106.0
112.0
115.75
115.75
118.5
118.5
120.0
120.0
117.75
117.75
120.0
120.0
119.0
119.0
120.5
120.5
120.0
120.0
120.5
120.5
120.0
120.0
122.0
122.0
123.0
123.0
120.5
120.5
115.75
115.75
115.5
115.5
116.75
116.75
115.75
115.75
118.5
118.5
117.25
117.25
116.75
116.75
118.0
118.0
119.0
119.0
120.5
120.5
123.0
123.0
121.0
121.0
121.0
121.0
124.5
124.5
122.0
122.0
124.5
124.5
125.0
125.0
126.5
126.5
125.0
125.0
125.5
125.5
122.5
122.5
123.0
123.0
124.0
124.0
125.5
128.25
128.25
127.75
127.75
127.0
127.0
128.25
128.25
128.25
128.25
127.75
127.75
127.75
127.75
127.0
127.0
129.75
130.5
130.5
130.5
130.5
129.75
129.75
128.75
128.75
131.5
131.5
131.0
128.75
128.75
127.0
127.0
126.0
126.0
126.5
126.5
125.0
125.0
126.0
126.0
128.25
128.25
131.0
133.25
133.25
134.0
134.0
135.75
135.75
135.75
135.75
135.25
137.5
137.5
136.25
136.25
136.25
136.25
135.25
135.25
135.25
134.0
134.0
135.25
135.25
135.25
135.25
135.25
136.25
136.25
135.75
135.75
135.75
135.75
136.25
133.25
133.25
131.5
131.5
131.0
131.0
129.25
129.25
128.75
128.75
127.75
128.75
128.75
130.5
130.5
133.25
133.25
133.25
133.25
134.0
134.0
134.0
134.0
134.0
132.25
132.25
131.5
131.5
128.75
128.75
128.25
128.25
127.0
126.0
126.0
126.0
126.0
128.25
128.25
129.25
129.25
131.5
131.5
133.25
134.5
134.5
136.25
136.25
136.25
136.25
137.0
139.5
139.5
139.5
139.5
139.5
139.5
139.5
139.5
139.5
138.25
138.25
138.25
138.25
135.75
134.5
134.5
136.25
136.25
135.75
135.75
137.0
138.25
138.25
138.25
138.25
137.5
137.5
137.5
137.5
137.5
137.0
137.0
134.0
134.0
133.25
134.0
134.0
135.25
135.25
135.75
135.75
137.5
137.5
137.5
138.25
138.25
137.0
137.0
135.75
135.75
134.5
133.25
133.25
129.25
129.25
129.75
129.75
132.25
132.25
132.25
135.25
135.25
135.75
135.75
137.0
137.0
137.5
139.5
139.5
140.75
140.75
141.5
141.5
141.5
142.25
142.25
141.5
141.5
143.5
142.25
142.25
142.75
142.75
141.5
142.25
142.25
141.5
141.5
141.5
142.25
142.25
140.75
140.75
140.75
140.75
141.5
140.75
140.75
140.75
140.75
140.25
140.25
140.25
137.5
137.5
140.25
140.25
139.5
138.25
138.25
137.5
137.5
137.5
137.5
137.0
135.25
135.25
135.25
135.25
134.0
134.0
134.5
133.25
133.25
136.25
136.25
137.5
137.5
138.25
139.5
139.5
139.0
139.0
137.0
137.0
137.0
136.25
136.25
135.25
135.25
133.25
133.25
131.5
131.5
129.75
129.75
127.0
127.75
127.75
127.75
127.75
126.5
126.5
125.5
125.5
127.75
127.75
126.5
126.5
123.5
123.5
122.0
122.0
120.0
120.0
117.25
117.25
115.75
115.75
115.0
115.0
117.75
117.75
116.25
116.25
115.5
115.5
116.75
116.75
114.5
114.5
118.0
118.0
120.0
120.0
121.5
121.5
122.0
122.0
120.5
120.5
119.0
119.0
119.5
119.5
119.5
119.5
122.0
122.0
121.5
121.5
120.0
120.0
119.0
119.0
117.25
117.25
114.5
114.5
114.5
113.25
113.25
112.25
112.25
110.0
110.0
110.75
110.75
115.75
115.75
118.0
118.0
122.5
122.5
123.0
123.0
118.0
118.0
115.5
115.5
112.75
112.75
114.0
114.0
114.0
113.75
113.75
117.75
117.75
116.75
116.75
119.0
119.0
123.0
123.0
125.0
127.75
127.75
126.0
126.0
126.0
126.0
127.75
127.75
127.75
127.75
129.75
129.75
128.75
128.75
128.75
130.5
130.5
131.0
131.0
131.0
131.0
126.5
126.5
129.25
129.25
131.0
130.5
130.5
134.0
134.0
131.5
131.5
132.25
132.25
132.75
132.75
132.25
134.0
134.0
134.5
134.5
133.25
133.25
132.75
132.75
130.5
129.25
129.25
127.75
127.75
128.25
128.25
127.75
127.75
130.5
130.5
131.0
131.0
131.5
132.75
132.75
134.0
134.0
134.0
134.0
132.75
132.75
132.75
134.0
134.0
131.5
131.5
130.5
130.5
129.75
129.75
131.0
132.25
132.25
131.0
131.0
131.0
131.0
132.75
132.75
135.25
135.25
132.75
132.75
132.75
132.25
132.25
132.75
132.75
134.0
134.0
136.25
138.25
138.25
138.25
138.61111111111111
138.97222222222223
139.33333333333334
139.69444444444446
140.05555555555554
140.41666666666666
140.77777777777777
141.13888888888889
141.5
141.5
141.5
140.75
140.75
140.75
139.0
139.0
135.25
135.25
132.25
132.25
130.5
130.5
128.25
128.25
124.5
124.5
124.5
126.5
126.5
127.0
127.0
129.25
129.25
127.0
127.0
126.0
126.0
126.5
126.5
126.5
126.5
117.25
117.25
109.0
109.0
109.5
109.5
110.25
110.25
111.5
111.5
111.5
113.25
113.25
115.0
115.0
115.75
115.75
118.5
118.5
122.0
122.0
126.5
126.5
128.25
128.25
130.5
132.25
132.25
133.25
133.25
135.25
135.25
136.25
137.5
137.5
138.25
138.25
138.25
139.0
139.0
140.25
140.25
139.5
139.5
139.5
139.0
139.0
138.25
138.25
139.0
139.0
137.5
137.5
137.5
137.5
137.5
137.5
137.5
137.0
137.5
137.5
137.5
137.5
138.25
138.25
134.0
134.0
134.0
135.75
135.75
138.25
138.25
139.5
139.5
139.5
140.25
140.25
140.25
137.0
137.0
137.5
137.5
138.25
138.25
138.25
137.0
134.5
133.25
133.25
132.25
132.25
132.25
132.25
132.25
132.25
132.75
132.75
133.25
135.75
135.75
136.25
136.25
135.75
132.75
132.75
134.0
134.0
134.5
134.5
136.25
136.25
135.75
135.25
135.25
134.0
134.0
136.25
136.25
136.25
136.25
136.25
136.25
136.25
137.5
137.5
135.75
137.5
137.5
137.0
137.0
135.25
135.25
136.25
135.75
135.75
135.75
135.75
134.5
134.5
135.25
135.25
133.25
133.25
133.25
132.75
132.75
129.75
129.75
132.75
132.75
135.25
134.0
134.0
133.25
133.25
134.5
134.5
135.25
135.25
136.25
136.25
136.25
135.25
135.25
134.5
134.5
133.25
135.25
135.25
137.0
137.0
137.0
137.0
139.5
139.0
139.0
137.0
137.0
136.25
136.25
134.0
134.0
131.0
128.25
128.25
126.0
126.0
122.5
122.5
123.0
123.0
129.75
129.75
130.5
130.5
133.25
134.5
134.5
132.25
132.25
132.75
132.75
130.5
130.5
128.75
128.75
126.0
126.0
124.0
124.0
125.0
125.0
124.5
123.0
123.0
124.5
124.5
124.0
124.0
126.0
126.0
127.75
127.75
126.5
126.5
125.5
125.5
125.0
125.0
124.5
124.5
124.0
124.0
122.5
122.5
122.5
122.5
123.0
123.0
121.5
121.5
121.5
121.5
121.0
121.5
121.5
121.5
121.5
123.0
123.0
123.5
123.5
124.0
124.0
122.5
122.5
122.5
124.0
125.0
125.0
126.0
126.0
127.0
127.0
127.0
127.0
127.75
127.75
128.25
126.0
126.0
127.0
127.0
126.0
126.0
126.5
126.5
126.0
126.0
127.0
127.0
126.0
126.0
128.25
128.25
129.75
129.25
129.25
130.5
130.5
129.75
129.75
130.5
130.5
130.5
130.5
129.25
129.75
129.75
127.0
127.0
128.25
128.25
128.75
128.75
127.0
127.0
130.5
130.5
132.25
132.75
132.75
132.75
131.5
129.75
129.75
131.5
131.5
132.25
132.25
130.5
130.5
130.5
130.5
130.5
131.0
131.0
131.5
131.5
131.5
131.5
132.25
132.25
131.0
130.5
130.5
130.5
130.5
130.5
130.5
131.0
131.0
131.0
130.5
130.5
131.0
131.0
129.75
129.75
132.25
132.25
132.25
132.25
131.5
131.0
131.0
130.5
130.5
129.75
129.75
131.0
131.0
127.75
127.75
127.75
127.75
125.0
125.0
122.5
125.0
125.0
121.0
121.0
121.0
117.25
117.25
117.25
117.25
117.75
117.75
118.0
118.0
117.75
117.75
117.25
117.25
115.75
115.75
116.75
116.75
117.75
117.75
118.5
118.5
120.5
120.5
121.5
121.5
122.5
122.5
121.0
121.0
120.5
120.5
120.5
120.5
119.0
119.0
116.25
116.25
117.75
117.75
116.75
116.75
116.25
116.25
116.75
116.75
114.5
114.5
114.0
114.0
115.75
115.75
119.0
119.0
120.5
120.5
120.5
120.5
118.5
118.5
119.0
119.0
117.25
117.25
120.5
120.5
119.0
119.0
120.0
120.0
120.5
120.5
120.0
120.0
119.0
119.0
120.0
120.0
120.0
119.0
119.0
118.5
118.5
116.75
116.75
115.75
115.75
116.75
116.75
116.25
116.25
115.75
115.75
115.0
115.0
116.25
116.25
116.25
116.25
116.25
116.25
116.75
116.75
118.5
118.5
120.5
120.5
120.0
120.0
119.0
119.0
118.5
118.5
118.0
118.0
115.75
115.75
116.75
116.75
120.0
120.0
119.0
119.0
120.0
120.0
118.0
118.0
117.25
117.25
117.25
118.5
118.5
117.75
117.75
117.75
117.75
117.25
117.25
115.5
115.5
115.75
115.75
119.0
119.0
119.0
119.0
121.5
121.5
120.0
120.0
117.75
117.75
117.75
117.75
116.25
116.25
115.5
115.5
115.75
115.75
120.5
120.5
121.0
121.0
126.0
126.0
126.5
126.5
126.5
124.5
120.0
120.0
119.5
119.5
118.5
118.5
120.0
120.0
118.5
118.5
116.25
116.25
122.5
122.5
128.25
128.25
129.25
129.75
129.75
129.25
129.25
127.0
127.0
126.0
126.0
127.0
127.0
129.25
129.25
128.75
128.75
129.25
127.75
127.75
126.5
126.5
128.75
128.75
129.25
129.25
130.5
130.5
129.25
129.25
128.25
128.25
127.75
126.0
126.0
125.5
125.5
129.25
129.25
128.25
128.25
127.0
127.0
127.75
127.75
127.0
127.0
126.5
126.5
125.0
128.75
128.75
128.25
128.25
127.75
127.75
129.25
129.25
129.25
129.25
128.75
128.75
127.75
131.0
131.0
134.0
134.0
135.25
135.25
137.0
137.0
137.0
137.5
137.5
135.75
135.75
133.25
133.25
136.25
135.75
135.75
134.0
134.0
131.5
131.5
131.0
131.0
127.75
127.75
127.0
125.5
125.5
124.0
124.0
125.0
125.0
124.5
124.5
124.5
124.5
124.5
124.5
123.5
123.5
127.0
127.0
126.0
126.0
129.75
129.75
130.5
131.5
131.5
132.25
132.25
134.5
134.5
134.5
134.5
133.25
131.5
131.5
132.75
132.75
131.5
131.5
131.5
131.5
128.75
128.75
130.5
130.5
130.5
131.0
131.0
130.5
130.5
131.5
131.5
129.75
129.75
130.5
131.5
131.5
132.25
132.25
132.25
132.25
131.0
131.0
132.25
133.25
133.25
132.25
132.25
133.25
133.25
134.0
134.0
132.75
134.5
134.5
135.25
135.25
134.5
134.5
134.0
134.0
135.25
135.25
135.25
134.5
134.5
134.5
134.5
135.75
138.25
138.25
136.25
136.25
137.0
137.0
135.25
135.25
134.5
133.25
133.25
134.5
134.5
134.5
134.5
134.5
135.75
135.75
134.5
134.5
135.25
135.25
133.25
133.25
134.5
134.0
134.0
134.5
134.5
134.0
134.0
134.0
134.0
135.25
133.25
133.25
134.5
134.5
135.75
135.75
136.25
134.5
134.5
133.25
133.25
134.0
134.0
133.25
133.25
132.75
132.75
132.75
133.25
133.25
131.5
131.5
132.25
132.25
134.5
135.25
135.25
135.75
135.75
137.0
137.0
137.0
137.5
137.5
137.0
137.0
137.0
137.0
138.25
137.0
137.0
139.0
139.0
138.25
138.25
139.0
139.0
139.0
139.5
139.5
139.0
139.0
138.25
136.25
136.25
136.25
136.25
134.5
134.5
134.0
133.25
133.25
133.25
133.25
133.25
133.25
134.5
134.5
134.0
134.0
134.0
133.25
133.25
134.5
134.5
134.5
134.5
134.5
134.5
134.5
135.75
135.75
135.25
135.25
135.25
136.25
136.25
136.25
136.25
138.25
138.25
138.25
138.25
138.25
137.0
137.0
137.0
137.0
136.25
139.0
139.0
139.0
139.0
139.5
139.5
140.25
140.75
140.75
140.75
140.75
140.25
140.25
140.25
139.0
139.0
138.25
138.25
136.25
134.5
134.5
133.25
133.25
131.5
131.5
131.5
131.5
132.25
132.75
132.75
133.25
133.25
134.5
134.5
135.25
135.25
135.75
135.25
135.25
137.5
137.5
137.0
137.0
136.25
136.25
136.25
138.25
138.25
135.75
135.75
134.0
131.5
131.5
130.5
130.5
126.5
126.5
126.5
126.5
126.5
125.0
122.5
122.5
121.0
121.0
119.5
119.5
119.5
121.0
119.0
119.0
121.5
121.5
122.5
122.5
121.0
121.0
120.0
120.0
117.25
117.25
117.25
117.25
115.75
115.75
116.25
116.25
115.5
115.5
113.25
113.25
113.25
114.0
117.25
117.25
117.25
119.0
119.0
116.75
116.75
116.25
116.25
114.0
114.0
115.0
115.0
113.25
113.25
112.25
112.25
110.25
110.25
109.0
109.0
109.0
110.25
110.25
111.0
111.0
112.0
112.0
111.0
111.0
110.75
110.75
112.25
112.25
112.25
113.75
113.75
112.75
112.75
110.0
110.0
108.75
108.75
107.5
107.5
110.25
110.25
110.25
110.0
110.0
111.0
111.0
113.75
113.75
112.25
112.25
110.75
110.75
108.0
108.0
108.0
110.25
110.25
110.25
110.25
108.75
108.75
108.25
108.25
108.25
108.25
108.25
111.0
111.0
111.5
111.5
112.25
112.25
113.25
113.25
112.75
112.75
112.0
112.0
113.75
113.75
116.75
116.75
117.25
117.25
117.25
114.5
114.5
115.0
115.0
114.0
114.0
115.5
115.5
115.0
115.0
114.0
114.0
117.25
117.25
118.0
118.0
118.5
118.5
118.5
118.5
116.25
116.25
115.0
115.0
115.75
115.75
113.25
113.25
113.25
113.25
113.25
111.5
111.5
105.25
105.25
122.5
122.5
120.5
120.5
122.5
122.5
127.0
127.0
127.75
127.75
127.75
127.75
127.75
125.0
121.5
121.5
118.5
118.5
119.0
119.0
119.0
119.0
123.5
125.5
125.5
129.25
129.25
131.5
131.5
132.75
132.75
134.0
134.0
134.0
135.75
135.75
137.0
137.0
137.0
137.0
137.0
137.5
137.5
136.25
136.25
134.5
134.5
134.5
134.5
134.0
132.25
132.25
132.75
132.75
134.5
134.5
134.5
136.25
136.25
137.0
137.0
137.0
137.0
135.25
132.75
132.75
132.75
132.75
131.0
131.0
129.75
129.75
128.25
128.25
127.75
127.75
128.75
129.25
129.25
129.25
129.25
130.5
130.5
131.5
131.5
130.5
130.5
132.25
134.0
134.0
134.0
134.0
132.75
132.75
134.0
134.0
134.0
135.25
135.25
135.25
135.25
134.0
134.0
133.25
135.25
135.25
135.75
135.75
138.25
138.25
137.5
139.5
139.5
140.25
140.25
141.5
141.5
142.25
142.25
142.25
142.75
142.75
140.75
142.25
142.25
139.5
139.5
138.25
137.5
137.5
137.0
137.0
136.25
136.25
136.25
136.25
135.25
134.0
134.0
134.0
134.0
135.75
135.75
134.5
134.5
134.5
134.5
134.5
136.25
136.25
134.5
134.5
134.0
135.75
135.75
135.75
135.75
137.0
137.0
137.0
137.0
137.0
137.0
137.0
137.0
137.0
137.5
138.25
138.25
139.0
139.0
139.0
139.0
137.5
137.5
137.5
137.5
137.5
139.0
139.5
139.5
139.5
139.5
140.25
140.25
139.0
139.5
139.5
139.5
139.5
140.25
140.25
139.5
140.25
140.25
139.5
139.5
140.75
141.5
141.5
140.25
140.25
140.25
140.75
140.75
139.5
139.5
139.5
139.5
139.5
139.0
139.0
139.0
139.0
137.0
137.0
137.0
137.5
137.5
137.0
137.0
137.5
137.5
138.25
138.25
138.25
138.25
138.25
137.5
137.5
137.5
137.0
137.0
138.25
138.25
139.0
138.25
138.25
137.5
137.5
137.5
137.5
137.0
137.5
137.5
135.75
135.75
138.25
138.25
137.0
138.25
138.25
138.25
138.25
138.25
138.25
137.5
137.5
137.5
139.0
139.0
139.0
139.0
138.25
139.5
139.5
138.25
138.25
137.5
137.5
137.5
137.0
137.0
137.0
137.0
136.25
136.25
137.0
137.5
137.5
138.25
138.25
138.25
138.25
138.25
139.0
139.0
139.0
139.0
138.25
139.0
139.0
139.0
139.0
138.25
138.25
137.0
137.0
137.0
137.5
137.5
138.25
138.25
137.5
137.5
137.5
137.5
137.5
137.5
137.5
138.25
137.5
137.5
137.5
137.5
137.5
137.5
139.0
137.5
137.5
138.25
138.25
137.5
137.5
137.5
138.25
138.25
138.25
138.25
139.0
139.0
139.0
139.5
139.5
139.5
139.5
140.25
140.25
140.25
140.75
140.75
140.75
140.75
140.75
140.75
140.75
140.75
140.75
140.25
140.25
140.25
141.5
141.5
141.5
141.5
141.5
141.5
141.5
142.75
141.5
141.5
142.75
142.75
142.75
142.75
142.25
142.25
142.25
141.5
141.5
140.25
139.5
139.5
139.0
139.0
138.25
137.0
137.0
137.0
137.0
136.25
136.25
134.5
134.5
134.5
134.5
134.5
134.5
134.5
134.5
134.5
135.25
135.75
135.75
135.75
135.75
135.75
135.75
137.0
137.0
137.0
137.5
137.5
137.5
137.5
137.5
137.5
137.5
138.25
138.25
138.25
138.25
138.25
137.5
137.5
138.25
138.25
139.0
139.0
138.25
138.25
138.25
137.5
137.5
138.25
138.25
137.5
137.5
137.5
135.75
135.75
135.75
135.75
136.25
137.0
137.0
137.5
137.5
137.0
137.0
136.25
135.75
135.75
134.0
134.0
132.75
132.75
130.5
130.5
129.25
129.25
131.0
134.0
134.0
135.25
135.25
132.75
132.75
131.5
131.5
132.75
131.5
131.5
131.5
131.5
133.25
133.25
135.25
135.25
135.75
136.25
136.25
137.5
137.5
139.5
140.25
140.25
140.75
140.75
139.5
139.5
133.25
133.25
125.5
125.5
117.25
117.25
111.5
111.5
107.25
107.25
109.5
109.5
111.0
111.0
111.0
111.5
111.5
111.5
111.5
111.0
111.0
110.0
110.0
112.25
112.25
112.75
112.75
112.75
112.0
112.0
108.25
108.25
114.0
114.0
122.0
122.0
127.0
129.75
129.75
132.25
132.25
134.5
134.5
134.5
131.0
123.5
123.5
112.0
112.0
113.25
113.25
121.5
121.5
127.75
127.75
128.75
128.75
126.5
126.5
126.5
126.5
122.0
122.0
122.0
117.75
119.0
119.0
123.5
123.5
123.0
123.0
121.5
123.5
123.5
128.75
128.75
125.0
125.0
120.0
120.0
119.5
119.5
122.0
122.0
123.0
123.0
115.75
115.75
114.0
114.0
114.0
111.0
111.0
112.0
112.0
111.0
111.0
110.25
110.25
110.0
110.0
112.0
112.0
114.0
114.0
114.0
115.75
115.75
115.75
115.75
116.25
116.25
117.25
117.25
118.5
118.5
117.75
117.75
117.75
117.75
117.25
117.25
118.0
118.0
115.5
115.5
116.25
116.25
117.25
117.25
116.25
116.25
116.75
116.75
117.25
117.25
116.25
116.25
119.0
119.0
116.75
116.75
116.25
116.25
116.25
116.25
116.25
115.75
115.75
119.0
119.0
117.75
117.75
117.25
117.25
122.0
122.0
123.0
123.0
123.0
123.0
120.5
120.5
121.0
121.0
119.0
119.0
120.0
120.0
118.5
118.5
119.0
119.0
119.0
119.0
119.5
119.5
124.5
126.5
126.5
131.0
131.0
131.5
131.5
132.75
132.75
132.75
132.75
127.75
127.0
127.0
126.0
126.0
126.0
126.0
132.75
132.75
136.25
136.25
137.5
140.25
140.25
140.25
140.25
140.75
138.25
138.25
134.5
134.5
128.75
128.75
129.75
129.75
131.0
131.0
135.25
139.0
139.0
141.5
141.5
142.75
143.5
143.5
143.5
143.5
142.25
143.5
143.5
142.25
142.25
140.75
140.75
136.25
133.25
133.25
131.5
131.5
129.75
129.75
129.25
129.25
127.0
127.0
127.75
128.75
128.75
126.5
126.5
128.75
128.75
126.5
126.5
128.75
128.75
128.75
128.75
128.75
128.75
129.75
132.75
132.75
132.75
132.75
134.0
134.0
134.5
134.5
134.0
134.0
134.0
134.5
134.5
133.25
133.25
133.25
133.25
132.75
131.5
131.5
133.25
133.25
133.25
133.25
132.75
132.75
131.5
131.5
131.5
132.25
132.25
131.0
131.0
131.0
131.0
131.5
131.5
131.0
130.5
130.5
132.25
132.25
131.0
131.0
134.0
134.0
131.5
133.25
133.25
132.25
132.25
134.5
134.5
133.25
133.25
134.0
133.25
133.25
133.25
133.25
132.75
132.75
132.75
132.75
132.25
133.25
133.25
134.5
134.5
133.25
133.25
134.5
134.5
133.25
134.5
134.5
134.5
134.5
135.25
135.25
132.75
132.75
134.5
135.75
135.75
134.5
134.5
134.0
134.0
134.0
134.0
132.25
134.5
134.5
134.5
134.5
136.25
136.25
135.25
135.25
135.25
132.75
132.75
131.5
131.5
133.25
133.25
133.25
134.0
134.0
133.25
133.25
134.0
134.0
134.0
134.0
132.75
136.25
136.25
137.0
137.0
137.5
137.5
137.0
138.25
138.25
137.5
137.5
137.0
137.0
137.0
137.5
137.5
137.5
137.5
136.25
136.25
135.75
137.0
137.0
135.25
135.25
137.0
137.0
134.0
135.25
135.25
136.25
136.25
135.75
135.75
136.25
136.25
137.0
136.25
136.25
135.25
135.25
134.5
134.5
134.5
134.5
134.5
134.5
134.5
135.75
135.75
135.25
135.25
133.25
134.5
134.5
134.5
134.5
134.5
134.5
134.0
134.0
134.0
134.0
134.0
134.0
134.0
135.25
135.25
136.25
136.25
136.25
137.5
137.5
137.5
137.5
138.25
139.5
139.5
139.0
139.0
139.0
139.0
137.5
137.0
137.0
137.0
137.0
134.0
134.0
131.0
131.0
127.75
125.5
125.5
126.5
126.5
126.0
126.0
126.5
126.5
125.5
125.5
125.5
125.5
128.75
128.75
132.25
133.25
133.25
133.25
133.25
133.25
133.25
137.0
137.0
137.0
137.0
137.5
139.0
139.0
138.25
139.5
139.5
139.0
139.0
137.5
137.5
136.25
134.0
134.0
132.25
132.25
131.5
131.5
131.5
131.5
129.25
129.25
125.5
125.5
121.0
121.0
115.5
115.5
109.0
109.0
110.0
110.0
111.5
111.5
112.0
112.0
112.0
114.0
114.0
114.5
114.5
115.5
115.5
113.25
113.25
110.75
110.75
106.75
106.75
106.75
104.25
104.25
104.5
104.5
107.5
107.5
115.0
115.0
120.0
120.0
125.5
125.5
128.25
128.25
131.0
131.0
131.5
129.25
129.25
123.0
123.0
123.0
114.0
114.0
110.0
110.0
119.5
119.5
123.5
123.5
123.5
123.5
121.0
121.0
119.0
119.0
117.75
117.75
116.75
116.75
118.0
118.0
117.25
117.25
117.75
117.75
120.5
120.5
123.5
123.5
124.5
124.5
125.0
125.0
124.0
124.0
123.5
123.5
123.5
124.5
124.5
123.5
123.5
123.0
123.0
120.0
120.0
121.0
121.0
123.0
123.0
124.5
124.5
123.5
123.5
123.5
123.5
125.0
125.0
121.5
121.5
122.0
122.0
122.5
122.5
124.0
124.0
123.5
123.5
123.5
123.5
124.5
124.5
126.5
124.5
124.5
125.5
125.5
124.5
124.5
127.75
127.75
128.75
128.75
129.75
129.75
127.75
127.75
127.75
129.75
129.75
129.75
129.75
129.25
129.25
127.75
127.75
128.25
128.25
126.5
126.5
128.25
128.25
126.0
126.0
124.5
124.5
124.5
121.0
121.0
125.5
125.5
129.25
129.25
132.25
132.25
132.75
132.75
134.5
133.25
133.25
132.75
132.75
134.0
134.0
132.25
132.25
132.75
134.5
134.5
135.75
135.75
135.25
135.25
134.0
134.0
135.25
135.25
135.25
135.75
135.75
135.75
135.75
135.75
135.75
135.75
135.25
135.25
136.25
136.25
135.25
135.75
135.75
135.75
135.75
134.5
134.5
134.5
134.5
135.25
135.25
135.25
134.5
134.5
135.75
135.75
135.75
135.25
135.25
135.75
135.75
136.25
136.25
135.75
135.75
135.75
135.25
135.25
135.25
135.25
137.0
137.0
135.25
135.75
135.75
136.25
136.25
135.75
135.75
135.25
136.25
136.25
135.75
135.75
135.25
135.25
134.0
134.0
134.0
134.0
134.0
135.75
135.75
135.75
135.75
136.25
137.0
137.0
134.5
134.5
137.0
137.0
134.5
137.5
137.5
135.25
135.25
135.75
135.75
135.75
135.75
136.25
137.0
137.0
137.0
137.0
137.0
137.0
137.0
138.25
138.25
138.25
138.25
138.25
138.25
138.25
139.0
139.0
139.0
139.0
139.5
139.5
139.5
139.0
139.0
139.0
139.0
139.5
139.5
139.5
139.0
139.0
139.5
140.75
140.75
139.5
139.5
140.25
140.25
140.25
139.5
139.5
140.25
140.25
139.5
139.5
139.5
139.0
139.0
140.25
140.25
139.5
140.75
140.75
140.25
140.25
139.5
139.5
139.5
140.25
140.25
140.25
140.25
139.5
139.0
139.0
139.5
139.5
138.25
138.25
137.0
137.0
137.0
137.0
137.0
136.25
136.25
137.5
138.25
138.25
137.5
137.5
138.25
138.25
138.25
137.0
137.0
138.25
138.25
138.25
138.25
138.25
137.0
137.0
138.25
138.25
139.0
137.5
137.5
138.25
138.25
139.0
139.0
139.0
139.5
139.5
139.5
139.5
138.25
138.25
139.5
139.0
139.0
138.25
138.25
139.0
139.5
139.5
139.5
139.5
139.0
139.0
138.25
139.0
139.0
140.25
140.25
137.0
137.0
138.25
139.0
139.0
139.5
139.5
139.5
136.25
136.25
139.0
139.0
139.5
139.5
139.5
138.25
138.25
137.5
137.5
135.75
135.75
135.25
135.25
135.25
134.5
134.5
134.0
134.0
134.0
134.0
134.0
131.0
131.0
129.75
129.75
128.75
128.75
129.25
129.25
127.75
127.75
127.0
127.0
127.0
127.0
126.5
126.5
123.0
122.5
122.5
119.0
119.0
119.0
116.75
116.75
117.25
117.25
118.5
118.5
119.0
119.0
120.0
120.0
120.5
120.5
119.5
119.5
118.5
118.5
120.5
120.5
120.5
120.5
118.5
118.5
117.75
117.75
117.25
117.25
116.25
116.25
115.75
115.75
113.75
113.75
115.0
115.0
116.25
116.25
118.0
118.0
118.0
118.0
117.75
117.75
117.25
117.25
115.75
115.75
117.25
117.25
116.75
116.75
116.75
116.75
116.75
117.75
117.75
119.5
125.0
125.0
125.0
125.0
126.0
126.0
126.5
126.5
128.75
128.75
129.75
129.75
129.25
129.25
128.75
128.75
126.0
126.5
126.5
124.5
124.5
123.0
123.0
122.5
122.5
121.0
121.0
120.5
120.5
119.5
119.5
116.75
116.75
116.25
116.25
115.75
115.75
115.75
114.0
114.0
113.25
113.25
111.5
111.5
112.25
112.25
114.0
114.0
112.25
112.25
115.0
115.0
114.0
114.0
114.5
114.5
114.5
116.25
116.25
114.5
114.5
114.5
114.5
117.25
117.25
116.75
116.75
117.25
117.25
117.75
117.75
117.25
117.25
116.25
116.25
115.0
115.0
115.0
115.0
115.5
115.5
113.75
113.75
113.75
114.0
114.0
114.5
114.5
116.25
116.25
117.25
117.25
117.25
117.25
116.75
116.75
117.25
117.25
116.25
116.25
116.25
116.25
117.25
117.25
118.0
118.0
118.0
118.0
120.0
120.0
118.5
118.5
121.5
121.5
125.5
125.5
131.0
131.0
132.25
132.25
129.25
129.25
127.75
129.75
129.75
124.0
124.0
125.0
125.0
125.0
125.0
125.0
125.0
125.0
125.0
125.0
125.0
129.25
131.0
131.0
134.0
134.0
134.5
134.5
135.75
135.75
137.0
137.0
137.0
137.0
137.0
138.25
138.25
138.25
139.0
139.0
139.5
139.5
139.0
137.5
137.5
137.5
138.25
138.25
138.25
138.25
135.75
135.75
136.25
136.25
137.0
137.0
137.0
136.25
136.25
138.25
138.25
137.0
137.0
137.5
138.25
138.25
138.25
138.25
139.0
139.0
138.25
136.25
136.25
136.25
136.25
137.0
137.0
136.25
135.25
135.25
135.75
135.75
135.75
135.75
137.0
137.5
137.5
138.25
138.25
138.25
138.25
138.25
137.5
137.5
137.0
137.0
137.0
137.0
137.5
138.25
138.25
138.25
138.25
138.25
138.25
139.0
140.25
140.25
139.0
139.0
139.0
139.0
139.0
139.5
139.5
139.0
139.0
139.5
139.5
139.5
139.5
139.5
139.5
139.5
140.25
139.5
139.5
139.5
139.5
139.5
138.25
138.25
139.0
139.0
139.0
139.0
137.5
137.0
137.0
136.25
136.25
136.25
136.25
135.75
135.25
135.25
135.75
135.75
135.25
135.25
135.75
135.75
135.75
136.25
136.25
135.25
135.25
135.75
135.75
136.25
135.25
135.25
135.25
135.25
134.0
134.0
134.5
134.5
134.0
135.75
135.75
134.5
134.5
135.25
135.25
136.25
137.0
137.0
137.0
137.0
136.25
136.25
134.5
134.5
134.5
135.25
135.25
134.0
134.0
133.25
133.25
132.75
132.75
132.75
133.25
133.25
132.75
132.75
132.75
132.75
133.25
133.25
133.25
133.25
133.25
133.25
133.25
132.75
132.75
133.25
132.75
132.75
128.75
128.75
130.5
130.5
129.75
129.75
129.75
129.75
128.75
128.75
128.25
128.25
126.0
125.5
125.5
124.0
124.0
125.0
125.0
125.5
125.5
127.0
127.0
125.5
125.5
126.0
126.0
127.0
127.0
125.0
125.0
125.0
125.0
125.0
122.0
116.25
116.25
119.5
119.5
125.5
125.0
125.0
128.25
128.25
129.25
129.25
130.5
130.5
129.75
129.75
128.25
128.25
126.5
126.5
124.5
124.5
122.5
122.5
121.0
121.0
119.0
119.0
115.75
115.75
115.0
115.0
114.5
114.5
115.0
115.0
114.5
114.5
114.0
114.0
113.25
113.25
110.0
110.0
110.0
108.25
108.25
106.75
106.75
107.5
107.5
113.75
113.75
120.5
120.5
127.0
127.0
129.25
129.25
127.0
127.0
126.5
126.5
127.0
127.0
125.5
125.5
120.0
120.0
120.0
120.0
121.5
124.0
124.0
121.5
121.5
116.25
116.25
116.25
114.5
114.5
117.75
117.75
127.0
129.75
129.75
129.75
129.75
128.25
128.25
128.75
128.75
125.5
125.5
124.0
124.0
120.5
120.5
116.25
116.25
114.5
114.5
118.0
118.0
118.0
118.0
118.5
118.5
117.25
117.25
112.25
112.25
112.0
112.0
112.0
110.75
110.75
110.25
110.25
110.75
110.75
112.25
112.25
112.25
112.25
112.25
112.25
113.75
113.75
113.75
112.25
112.25
113.25
113.25
114.0
114.0
113.75
113.75
114.0
114.0
117.25
117.25
117.25
117.25
116.75
116.75
115.75
115.75
115.5
115.5
114.5
114.5
115.75
115.75
115.75
115.0
115.0
115.75
115.75
115.5
115.5
115.75
115.75
116.75
116.75
115.75
115.75
117.25
117.25
115.75
115.75
117.25
117.25
115.0
115.0
113.75
113.75
114.0
114.0
116.25
116.25
116.75
116.75
116.75
116.25
116.25
119.0
119.0
120.0
120.0
120.0
120.0
119.0
119.0
118.0
118.0
118.0
118.0
118.5
118.5
118.5
118.5
116.75
116.75
120.0
120.0
119.5
119.5
129.75
133.25
133.25
135.75
135.75
135.25
135.25
135.75
135.75
134.0
131.5
131.5
129.25
129.25
127.0
127.0
131.0
131.0
134.0
134.0
135.25
135.75
135.75
135.75
135.75
136.25
136.25
135.75
134.5
134.5
133.25
133.25
133.25
133.25
132.25
132.25
129.75
129.75
129.75
128.75
128.75
128.25
128.25
128.25
129.75
129.75
129.75
131.0
131.0
132.25
131.5
131.5
132.25
132.25
134.5
134.5
134.5
134.5
134.5
134.5
135.25
135.25
135.25
135.25
135.25
133.25
132.75
132.75
135.25
135.25
135.25
135.25
135.25
135.25
135.75
135.75
135.75
135.25
135.25
134.0
134.0
132.75
134.5
134.5
135.25
135.25
136.25
136.25
134.0
134.0
134.0
132.75
132.75
134.0
134.0
135.25
135.25
135.25
135.25
135.75
134.5
134.5
132.75
132.75
133.25
133.25
134.0
133.25
133.25
132.75
132.75
134.5
134.5
134.0
134.0
135.25
136.25
136.25
135.75
135.75
135.25
135.25
134.5
134.5
134.0
134.0
134.0
132.25
132.25
131.5
131.5
132.25
132.25
132.75
132.75
132.75
134.0
134.0
134.0
134.0
134.0
134.0
134.0
134.0
134.0
133.25
133.25
134.0
134.0
132.75
132.75
134.0
134.5
134.5
134.5
134.5
135.25
135.25
135.25
135.25
135.25
133.25
133.25
134.5
134.5
134.0
134.0
136.25
135.75
135.75
135.75
135.75
135.25
135.25
135.75
135.75
135.75
135.25
135.25
136.25
136.25
135.75
135.75
135.25
134.5
134.5
134.5
134.5
134.5
134.5
134.0
134.0
134.0
133.25
133.25
135.75
135.75
135.75
135.75
135.75
135.25
135.25
136.25
136.25
137.0
137.0
137.5
138.25
138.25
136.25
136.25
136.25
134.5
132.25
132.25
130.5
127.0
127.0
125.5
125.5
125.0
125.0
125.5
125.5
125.0
125.0
127.0
127.0
129.25
129.25
129.25
129.25
129.75
131.0
131.0
131.5
131.5
132.75
132.75
133.25
133.25
135.75
135.25
135.25
137.0
137.0
138.25
138.25
139.0
137.5
137.5
136.25
136.25
135.75
135.75
134.0
132.25
132.25
133.25
133.25
131.0
131.0
129.25
129.25
132.75
132.75
130.5
128.75
128.75
129.75
129.75
129.75
129.75
130.5
130.5
129.75
129.75
130.5
130.5
128.25
128.25
128.25
127.75
127.75
126.0
126.0
127.75
127.75
131.0
131.0
132.25
134.0
134.0
132.25
132.25
132.75
132.75
131.5
131.5
131.5
129.75
125.5
125.5
122.5
122.5
121.0
121.0
124.5
126.0
126.0
127.0
127.0
126.0
126.0
125.5
125.5
129.75
129.75
132.25
132.25
132.75
133.25
133.25
130.5
130.5
125.0
125.0
122.5
122.5
121.0
121.0
118.5
118.5
115.0
115.0
111.5
111.5
111.5
106.5
106.5
107.25
107.25
111.0
111.0
114.5
114.5
115.75
115.75
115.0
115.0
114.5
114.5
114.5
112.25
112.25
108.25
108.25
106.5
106.5
106.5
106.75
106.75
106.75
106.75
108.0
108.0
110.25
110.25
112.0
112.0
113.75
113.75
114.0
114.0
110.75
110.75
110.75
109.0
109.0
108.25
108.25
109.5
109.5
112.75
112.75
112.25
112.25
113.25
113.25
113.25
110.25
110.25
111.0
111.0
111.0
111.0
111.5
111.5
111.0
111.0
110.75
110.75
110.75
110.25
110.25
113.25
113.25
114.0
114.0
112.75
112.75
110.75
110.75
111.0
111.0
110.75
110.75
110.75
110.75
110.75
112.25
112.25
112.25
112.25
112.75
112.75
112.75
112.75
111.0
111.0
111.5
111.5
111.5
111.5
111.5
113.75
113.75
113.75
113.75
112.25
112.25
113.75
113.75
112.0
112.0
108.75
108.75
108.75
108.75
108.75
110.75
110.75
110.0
110.0
112.75
112.75
113.75
113.75
113.25
113.25
114.5
114.5
114.5
114.0
114.0
112.75
112.75
115.5
115.5
116.25
116.25
118.0
118.0
121.0
121.0
121.0
121.0
122.0
122.0
124.5
124.5
119.5
119.5
116.75
116.75
112.25
112.25
113.75
113.75
112.0
112.0
113.75
113.75
117.25
117.25
116.75
116.75
118.0
118.0
120.0
120.0
119.0
119.0
119.0
119.0
123.0
123.0
123.0
124.5
125.5
125.5
126.0
126.0
128.75
128.75
130.5
130.5
129.25
129.25
130.5
130.5
130.5
129.25
129.25
132.75
132.75
131.0
131.0
134.5
134.5
134.5
135.75
135.75
136.25
136.25
136.25
136.25
136.25
137.5
137.5
137.0
137.0
137.5
137.5
134.5
137.0
137.0
136.25
136.25
139.0
139.0
137.5
138.25
138.25
138.25
138.25
137.5
138.25
138.25
139.0
139.0
137.5
137.5
137.0
136.25
136.25
136.25
136.25
137.0
137.0
135.75
137.5
137.5
136.25
136.25
136.25
138.25
137.5
136.25
136.25
135.75
135.75
137.5
137.5
138.25
137.0
137.0
139.0
139.0
139.5
139.5
139.5
140.75
140.75
141.5
141.5
142.25
143.5
143.5
143.5
143.5
142.75
142.75
142.75
143.5
143.5
144.25
142.25
142.25
140.75
140.75
137.5
137.5
136.25
135.25
135.25
139.5
139.5
140.25
140.25
140.25
140.75
140.75
140.25
140.25
139.0
137.0
137.0
132.75
132.75
129.75
129.75
132.75
132.75
132.25
132.25
132.75
133.25
133.25
132.75
132.75
134.5
134.5
134.5
136.25
137.5
137.0
137.0
136.25
136.25
138.25
139.0
139.0
139.0
139.0
139.0
138.25
138.25
139.0
139.0
139.5
139.5
139.0
139.0
139.0
137.5
137.5
137.5
137.5
137.0
137.0
137.0
139.0
139.0
139.0
139.0
140.25
141.5
141.5
141.5
141.5
141.5
142.75
142.75
143.5
143.5
144.25
144.25
144.25
145.75
145.75
145.75
145.75
145.75
145.75
145.75
145.0
145.0
145.0
145.0
145.0
145.0
145.0
145.0
145.75
145.75
145.75
145.0
145.0
146.25
146.25
146.25
146.25
146.25
146.25
147.75
147.75
147.0
147.0
147.75
149.25
149.25
150.75
150.75
150.0
150.75
150.75
149.25
147.0
147.0
145.0
145.0
144.0441176470588
143.08823529411765
142.13235294117646
141.1764705882353
140.22058823529412
139.26470588235293
138.30882352941177
137.35294117647058
136.39705882352942
135.44117647058823
134.48529411764707
133.52941176470588
132.5735294117647
131.61764705882354
130.66176470588235
129.7058823529412
128.75
128.75
126.0
126.0
121.5
121.5
125.5
132.25
132.25
137.5
137.5
140.75
140.75
144.25
145.0
145.0
145.75
145.75
145.0
142.25
142.25
146.25
146.25
146.25
149.25
149.25
149.25
149.25
151.5
150.75
149.25
149.25
149.25
149.25
146.25
144.25
144.25
140.75
140.75
140.25
140.25
140.25
136.25
136.25
139.5
139.5
142.75
146.25
146.25
145.0
145.0
142.75
142.25
142.25
137.5
137.5
140.25
144.25
144.25
146.25
146.25
149.25
150.0
150.0
151.5
153.0
153.0
153.0
153.0
156.25
154.75
154.75
157.0
157.0
157.0
157.0
157.0
157.0
155.5
157.0
157.0
156.25
157.0
157.0
158.0
157.0
157.0
155.5
155.5
154.75
154.75
154.75
153.0
157.0
157.0
155.5
153.75
153.75
153.75
153.75
153.75
154.75
155.5
155.5
156.25
156.25
153.75
156.25
156.25
156.25
158.0
158.0
158.0
158.0
158.0
156.25
155.5
155.5
150.75
149.25
149.25
150.75
150.75
152.25
153.0
153.0
153.75
154.75
154.75
155.5
155.5
155.5
157.0
158.0
158.0
157.0
157.0
157.0
156.25
156.25
154.75
153.0
153.0
153.0
155.5
155.5
154.75
155.5
155.5
157.0
156.25
156.25
158.75
158.0
158.0
158.0
158.75
158.0
158.0
158.0
160.5
160.5
160.5
159.5
161.25
162.25
162.25
162.25
164.0
164.0
163.0
164.0
164.0
162.25
163.0
163.0
164.0
162.25
162.25
160.5
159.5
159.5
161.25
160.5
160.5
159.5
159.5
159.5
161.25
159.5
159.5
158.75
158.0
158.0
158.0
158.75
158.75
157.0
158.75
158.75
157.0
160.5
160.5
135.25
135.25
135.75
137.0
137.0
138.25
138.25
138.25
138.25
140.75
136.25
136.25
139.0
139.0
139.0
139.0
138.25
138.25
138.25
137.0
137.0
138.25
138.25
137.5
137.0
137.0
135.75
135.75
135.75
135.75
135.25
132.75
132.75
129.75
129.75
127.75
127.75
129.25
129.25
132.75
132.75
131.5
131.5
131.5
132.75
132.75
132.25
132.25
134.0
134.0
134.0
134.0
133.25
137.0
137.0
138.25
138.25
136.25
136.25
135.75
135.25
135.25
134.0
134.0
135.25
135.25
134.0
135.25
135.25
132.75
132.75
129.25
129.25
129.25
129.25
129.25
129.25
129.75
129.75
129.25
129.75
129.75
129.25
129.25
131.0
131.0
130.5
130.5
128.25
128.25
127.0
127.0
126.5
126.0
126.0
125.5
125.5
126.0
126.0
124.5
124.5
125.5
125.5
126.0
126.0
124.5
124.5
125.5
125.5
125.5
125.5
125.5
125.5
126.5
126.0
126.0
126.5
126.5
128.25
128.25
126.0
126.0
124.0
124.0
126.5
126.5
131.0
131.0
134.5
134.5
134.5
136.25
136.25
134.5
134.5
134.0
134.0
133.25
134.0
134.0
116.25
116.25
116.66911764705883
117.08823529411765
117.50735294117646
117.92647058823529
118.34558823529412
118.76470588235294
119.18382352941177
119.6029411764706
120.0220588235294
120.44117647058823
120.86029411764706
121.27941176470588
121.69852941176471
122.11764705882354
122.53676470588235
122.95588235294117
123.375
123.79411764705883
124.21323529411765
124.63235294117646
125.05147058823529
125.47058823529412
125.88970588235294
126.30882352941177
126.7279411764706
127.1470588235294
127.56617647058823
127.98529411764706
128.40441176470588
128.8235294117647
129.24264705882354
129.66176470588235
130.0808823529412
130.5
130.5
130.5
129.75
129.75
131.0
131.0
128.25
128.25
128.25
129.25
129.75
129.75
130.5
130.5
130.5
130.5
130.5
131.0
131.0
133.25
133.25
132.75
131.5
131.5
131.5
132.25
131.5
131.5
131.0
131.0
132.25
132.25
131.0
129.75
129.75
128.25
128.25
129.25
129.25
131.0
131.0
129.75
129.75
131.5
131.5
126.5
130.5
130.5
131.5
131.5
130.5
130.5
132.25
132.25
135.25
137.5
137.5
138.25
138.25
138.25
138.25
138.25
139.5
139.5
140.25
140.25
140.75
139.0
139.0
140.25
140.25
139.5
139.5
138.25
138.25
138.25
135.75
135.75
136.25
136.25
139.0
140.25
140.25
140.25
140.25
140.25
139.5
139.5
137.0
137.0
137.0
137.0
137.0
139.0
139.0
137.5
137.5
137.5
137.5
137.5
136.25
136.25
137.0
137.0
137.0
137.0
134.5
137.5
137.5
140.25
140.25
140.25
140.25
142.25
142.25
142.25
143.5
143.5
143.5
143.5
143.5
141.5
141.5
139.5
140.25
140.25
141.5
141.5
140.75
140.75
141.5
140.75
140.75
140.75
140.75
140.25
140.25
140.25
140.25
140.25
140.25
140.25
140.25
140.25
140.25
139.5
139.5
139.5
136.25
136.25
134.0
134.0
132.75
132.75
133.25
133.25
129.25
129.25
127.75
128.75
128.75
128.75
128.75
128.25
128.25
129.25
129.25
129.25
129.25
130.5
130.5
131.0
131.5
131.5
132.25
132.25
132.25
132.25
131.0
131.0
132.25
132.75
132.75
132.75
132.75
132.25
132.25
134.5
134.5
134.5
132.75
132.75
133.25
133.25
132.75
132.75
132.75
132.75
132.75
132.75
132.75
133.25
133.25
132.75
132.75
133.25
133.25
135.25
135.25
135.25
135.75
135.75
135.75
135.75
135.25
135.25
135.75
135.25
135.25
135.25
135.25
134.0
134.0
135.25
132.75
132.75
133.25
133.25
130.5
130.5
129.75
129.75
129.75
129.75
128.25
128.25
128.25
128.25
128.25
129.25
129.25
130.5
130.5
130.5
130.5
129.25
129.25
130.5
129.25
129.25
129.25
129.25
131.5
131.5
132.25
132.25
131.0
131.0
131.5
132.25
132.25
131.5
131.5
131.5
131.5
131.5
131.5
130.5
130.5
132.25
131.0
131.0
132.75
132.75
132.75
132.75
133.25
133.25
135.25
135.25
135.25
136.25
136.25
135.25
135.25
135.25
136.25
136.25
134.0
134.0
132.75
132.75
132.75
132.75
132.25
133.25
133.25
132.25
132.25
131.5
131.5
131.0
131.0
129.75
129.75
131.5
129.75
129.75
131.5
131.5
130.5
130.5
131.0
131.0
132.25
132.25
130.5
132.25
132.25
130.5
130.5
132.25
132.25
133.25
133.25
133.25
133.25
132.25
131.5
131.5
134.0
134.0
134.5
134.5
134.5
133.25
133.25
134.0
134.0
133.25
133.25
133.25
133.25
133.25
133.25
132.25
131.5
131.5
132.25
132.25
131.0
131.0
130.5
130.5
134.0
136.25
136.25
135.75
135.75
135.25
135.25
135.25
136.25
136.25
136.25
135.25
136.25
136.25
134.0
134.0
132.75
133.25
133.25
134.0
134.0
132.75
132.75
132.75
132.75
132.25
132.75
132.75
131.5
131.5
133.25
133.25
134.5
134.5
132.25
133.25
133.25
131.5
131.5
132.25
132.25
132.25
132.25
133.25
134.0
134.0
135.25
135.25
134.5
134.5
135.25
135.25
134.5
133.25
133.25
132.75
132.75
132.75
132.75
132.75
132.75
132.25
133.25
133.25
132.75
132.75
134.5
134.5
133.25
133.25
134.5
129.75
129.75
131.5
131.5
134.0
134.0
134.5
134.5
134.0
132.25
132.25
132.25
132.25
133.25
133.25
132.75
132.75
132.25
132.25
133.25
134.5
134.5
134.0
134.0
132.75
132.75
134.5
134.0
134.0
134.0
134.0
134.0
134.0
135.25
135.25
133.25
134.0
134.0
134.0
134.0
133.25
133.25
133.25
133.25
132.75
133.25
133.25
132.75
132.75
134.0
134.0
133.25
133.25
132.75
133.25
133.25
132.75
132.75
133.25
133.25
133.25
133.25
132.75
132.75
132.75
132.75
132.75
132.75
132.75
132.25
132.25
132.75
132.75
132.25
131.0
131.0
132.25
132.25
131.5
131.5
132.25
132.25
131.5
132.25
132.25
131.0
131.0
134.5
134.5
134.0
134.0
134.5
134.0
134.0
134.5
134.5
134.0
134.0
135.25
135.25
135.25
134.0
134.0
135.75
135.75
134.5
134.5
134.0
135.25
135.25
135.75
135.75
135.25
135.25
135.75
135.75
133.25
134.0
134.0
134.5
134.5
134.0
134.0
133.25
133.25
135.25
135.75
135.75
134.0
134.0
134.5
134.5
134.5
134.5
134.5
135.25
135.25
137.0
137.0
135.25
137.5
137.5
135.75
135.75
137.5
137.5
139.5
136.25
136.25
139.0
139.0
139.0
139.0
139.5
139.0
139.0
139.5
139.5
139.0
139.0
138.25
137.0
137.0
137.0
137.0
135.75
135.75
134.0
134.5
134.5
134.5
134.5
135.75
135.75
135.25
135.25
134.5
135.25
135.25
134.5
134.5
134.5
134.5
134.0
134.5
134.5
134.0
134.0
132.75
132.75
132.75
132.75
132.75
133.25
133.25
133.25
133.25
134.5
134.5
134.0
134.0
132.75
132.25
132.25
133.25
133.25
135.25
135.25
137.0
137.0
137.0
139.0
139.0
138.25
138.25
139.0
139.0
139.0
139.0
139.0
139.0
139.0
139.5
139.5
139.5
137.0
137.0
136.25
136.25
138.25
137.5
137.5
137.5
137.5
135.25
135.25
134.0
132.25
132.25
129.25
129.25
128.75
128.75
129.25
129.25
128.75
128.75
128.25
128.25
127.0
127.0
127.0
127.75
127.75
127.75
127.75
128.75
128.75
128.75
128.75
129.25
129.25
130.5
130.5
129.75
130.5
130.5
130.5
130.5
130.5
130.5
131.0
131.0
130.5
130.5
131.0
130.5
130.5
129.75
129.75
132.25
132.25
129.75
129.75
131.0
131.0
131.5
131.5
131.5
129.75
129.75
131.5
131.5
133.25
133.25
132.25
132.25
132.75
132.25
132.25
132.75
132.75
132.25
132.25
132.75
132.75
131.5
131.0
131.0
132.25
132.25
132.25
132.25
133.25
133.25
132.75
132.75
132.75
134.5
134.5
134.5
134.5
135.25
135.25
135.25
134.0
134.0
135.75
135.75
135.25
135.25
134.0
134.0
134.0
135.25
135.25
134.5
134.5
134.5
134.5
132.25
132.25
132.25
131.5
131.5
131.0
131.0
131.0
131.0
129.75
129.75
129.75
129.75
129.75
129.75
129.75
128.25
128.25
130.5
130.5
131.5
131.5
132.75
132.75
132.75
134.0
134.0
132.75
132.75
132.75
132.75
134.0
134.0
132.75
132.75
132.75
132.75
132.75
134.0
134.0
134.5
134.5
135.75
135.25
135.25
135.25
135.25
135.25
135.25
135.75
134.5
134.5
133.25
133.25
131.5
131.5
131.5
131.5
131.0
132.25
132.25
131.0
131.0
131.0
131.0
131.5
131.5
132.25
132.25
132.25
132.25
132.25
131.5
131.5
132.25
132.25
132.25
132.25
132.75
132.75
132.75
132.25
132.25
132.25
132.25
132.25
132.25
132.25
132.25
132.75
133.25
133.25
133.25
133.25
132.75
132.75
132.25
132.25
133.25
132.25
132.25
133.25
133.25
132.75
132.75
134.0
134.0
134.0
134.0
134.0
134.5
134.5
136.25
136.25
137.5
138.25
138.25
138.25
138.25
139.0
139.0
139.5
139.5
139.5
139.5
139.5
137.5
137.5
138.25
139.0
139.0
138.25
138.25
138.25
139.5
139.5
138.25
138.25
138.25
138.25
137.5
137.0
137.0
135.75
135.75
135.25
135.25
131.0
131.0
129.25
129.25
127.0
127.0
127.0
131.5
131.5
134.0
134.0
132.75
132.75
132.25
132.25
132.25
133.25
133.25
134.5
134.5
134.5
134.5
136.25
137.0
137.0
135.25
135.25
137.5
137.5
137.0
136.25
136.25
137.5
137.5
139.0
139.0
139.0
140.25
140.25
141.5
141.5
139.5
139.0
139.0
135.75
135.75
131.5
131.5
126.0
126.0
120.0
120.0
113.25
113.25
107.25
107.25
107.25
109.0
109.0
113.75
113.75
115.5
115.5
110.75
110.75
106.0
106.0
106.5
106.5
106.5
108.75
108.75
115.0
115.0
119.5
119.5
119.5
119.5
118.5
118.5
109.0
109.0
99.25
99.25
99.25
97.75
97.75
101.75
101.75
107.25
107.25
107.25
112.0
112.0
112.75
112.75
114.0
114.0
115.0
115.0
113.25
113.25
110.0
110.0
110.75
110.75
115.0
115.0
115.0
115.0
115.0
117.25
117.25
117.75
117.75
116.25
116.25
116.75
116.75
115.75
115.75
118.0
118.0
120.5
120.5
119.0
119.0
122.5
122.5
121.0
121.0
123.0
123.0
123.0
123.0
124.5
124.5
123.5
123.0
123.0
124.5
124.5
123.0
123.0
122.5
122.5
122.5
122.5
123.5
123.5
123.0
123.0
123.5
123.5
124.0
124.0
123.5
123.5
121.0
121.0
122.0
122.0
122.0
122.0
124.5
124.5
126.5
126.5
127.0
127.0
123.0
129.25
129.25
128.25
128.25
127.75
127.75
126.0
126.0
125.5
125.5
127.75
127.75
127.0
127.0
128.75
128.75
128.25
129.25
129.25
129.75
129.75
128.25
128.25
129.75
129.75
127.75
127.75
128.25
128.25
127.75
127.75
127.75
128.25
128.25
128.25
128.25
128.25
128.25
127.75
127.75
126.0
126.0
128.25
128.25
128.25
127.0
127.0
127.0
127.0
128.25
128.25
127.0
127.0
126.5
126.5
127.0
127.0
126.5
126.5
126.5
126.5
127.0
129.25
129.25
129.25
129.25
129.75
129.75
129.25
129.25
129.75
129.75
129.75
129.75
128.75
129.25
129.25
128.25
128.25
127.0
127.0
125.0
125.0
126.0
126.0
126.5
126.5
127.0
127.0
128.25
128.25
128.25
131.0
131.0
132.25
132.25
132.25
132.25
132.25
132.25
131.5
133.25
133.25
131.5
131.5
130.5
130.5
131.0
131.0
132.75
132.75
131.5
132.75
132.75
133.25
133.25
134.0
134.0
133.25
133.25
135.25
135.25
135.25
133.25
133.25
132.75
132.75
134.5
134.5
132.75
134.0
134.0
132.75
132.75
131.5
131.5
131.0
131.0
131.5
131.0
131.0
130.5
130.5
131.0
131.0
131.0
131.0
131.0
131.0
132.75
134.0
134.0
134.0
134.0
134.5
134.5
136.25
136.25
136.25
137.5
137.5
137.0
137.0
137.0
137.0
137.0
135.25
135.25
133.25
133.25
132.75
132.75
131.0
131.0
129.25
128.25
128.25
127.0
127.0
128.75
128.75
130.5
130.5
131.5
131.5
131.5
131.5
128.75
134.0
134.0
134.5
134.5
133.25
133.25
132.75
132.75
132.25
132.25
131.5
131.0
131.0
131.0
131.0
132.25
132.25
131.0
132.25
132.25
132.25
132.25
132.25
132.25
132.25
132.25
134.0
134.0
132.75
133.25
133.25
135.25
135.25
133.25
133.25
132.75
132.75
134.0
134.5
134.5
134.5
134.5
134.0
134.0
134.0
133.25
133.25
133.25
133.25
133.25
133.25
134.0
134.0
133.25
134.0
134.0
134.0
134.0
133.25
133.25
134.5
134.5
134.5
134.5
134.5
135.25
135.25
135.25
135.25
134.5
135.25
135.25
134.5
134.5
135.75
135.75
134.0
134.0
134.0
133.25
133.25
133.25
133.25
132.75
132.75
131.5
131.5
131.0
131.0
131.0
129.75
129.75
134.0
134.0
134.5
134.5
134.5
134.5
132.75
132.75
132.75
131.5
131.5
128.75
128.75
127.0
127.0
125.0
125.0
122.0
122.0
118.5
118.5
115.75
115.75
115.0
115.0
115.5
115.5
117.75
117.75
119.0
119.0
119.5
119.5
118.5
118.5
118.0
118.0
117.75
117.75
117.25
117.25
116.75
116.75
119.0
119.0
121.5
121.5
122.5
122.5
122.0
122.0
121.5
121.5
125.0
125.0
127.75
127.75
128.25
128.25
129.75
129.75
132.25
134.0
134.0
135.75
135.75
135.75
135.75
134.5
133.25
133.25
132.25
132.25
128.75
128.75
126.0
126.0
120.5
120.5
116.25
116.25
111.0
111.0
110.0
110.0
110.0
106.0
106.0
106.5
106.5
108.25
108.25
112.75
112.75
114.5
114.5
116.25
116.25
116.25
116.75
116.75
117.75
117.75
116.25
116.25
118.0
118.0
116.75
116.75
115.75
115.75
117.75
117.75
117.25
117.25
116.25
116.25
118.0
118.0
117.75
117.75
118.0
118.0
115.75
115.75
116.25
116.25
115.75
115.75
118.0
118.0
117.75
117.75
117.75
117.75
117.25
117.25
118.0
118.0
119.5
119.5
121.0
121.0
123.0
123.0
123.5
123.5
122.5
122.5
124.5
124.5
125.0
125.0
125.5
125.5
126.0
126.0
123.5
123.5
125.5
125.5
127.75
127.75
126.5
127.75
127.75
128.75
128.75
128.25
128.25
128.25
128.25
129.75
129.75
129.75
129.75
129.25
129.25
128.25
127.75
127.75
128.25
128.25
128.25
128.25
127.75
127.75
126.5
126.5
125.0
125.0
126.5
126.5
128.25
128.25
128.25
129.25
129.25
130.5
130.5
131.5
131.5
131.5
131.5
127.75
127.75
133.25
132.75
132.75
133.25
133.25
131.5
131.5
131.5
131.5
130.5
128.75
128.75
126.5
126.5
127.0
127.0
128.25
128.25
130.5
130.5
129.75
129.75
131.0
131.0
131.0
131.5
131.5
131.5
131.5
132.25
132.25
132.75
132.75
132.75
133.25
133.25
133.25
133.25
134.5
134.5
136.25
136.25
136.25
135.75
135.75
135.75
135.75
136.25
136.25
135.25
132.25
132.25
134.0
134.0
131.5
131.5
131.5
131.5
129.75
129.75
129.75
131.0
131.0
130.5
130.5
131.0
131.0
132.25
132.25
132.75
131.5
131.5
132.75
132.75
133.25
133.25
134.0
134.0
133.25
134.5
134.5
134.0
134.0
135.25
135.25
134.5
134.5
134.5
136.25
136.25
135.25
135.25
135.75
135.75
136.25
135.75
135.75
135.25
135.25
135.75
135.75
136.25
135.75
135.75
135.75
135.75
136.25
136.25
136.25
136.25
135.25
135.25
135.25
134.0
134.0
134.5
134.5
134.5
134.5
134.5
134.0
134.0
134.0
134.0
134.0
134.0
131.0
134.0
134.0
135.25
135.25
134.0
134.0
134.5
134.5
134.0
134.0
134.0
133.25
133.25
132.75
132.75
133.25
133.25
132.75
132.75
132.75
134.0
134.0
132.75
132.75
134.0
134.0
134.0
134.5
134.5
134.5
134.5
133.25
133.25
134.0
134.0
134.0
134.0
134.0
133.25
133.25
134.0
134.0
134.0
134.0
134.0
135.25
135.25
135.25
135.25
134.5
134.5
135.25
135.25
135.25
135.25
135.25
134.5
134.5
134.5
134.5
135.25
134.5
134.5
134.5
134.5
134.5
134.5
135.75
135.25
135.25
136.25
136.25
136.25
136.25
136.25
135.25
135.25
135.25
135.25
135.75
135.75
134.5
134.5
137.0
135.75
135.75
136.25
136.25
135.75
135.75
135.25
135.25
135.25
136.25
136.25
135.75
135.75
135.25
136.25
136.25
137.0
137.0
136.25
136.25
137.5
136.25
136.25
135.75
135.75
136.25
136.25
136.25
136.25
135.75
135.75
135.75
136.25
136.25
137.0
137.0
136.25
135.75
135.75
136.25
136.25
136.25
136.25
135.75
135.25
135.25
136.25
136.25
137.0
137.0
136.25
135.75
135.75
137.0
137.0
136.25
136.25
135.25
135.25
135.75
137.0
137.0
136.25
136.25
135.75
135.75
135.75
134.5
134.5
135.25
135.25
134.0
134.0
134.0
133.25
133.25
132.25
132.25
132.75
132.75
132.75
132.75
132.75
132.75
133.25
133.25
133.25
133.25
133.25
134.0
134.0
134.0
134.0
134.0
133.25
133.25
134.0
134.0
134.0
134.0
134.0
134.0
134.0
134.0
134.0
134.5
134.5
135.25
135.25
134.0
134.5
134.5
134.0
134.0
134.0
134.0
134.5
134.5
135.25
135.25
135.25
135.25
135.25
135.25
135.25
135.75
134.5
134.5
135.25
135.25
134.5
134.5
134.5
134.5
134.5
134.0
134.0
133.25
133.25
135.75
135.75
136.25
136.25
136.25
136.25
136.25
137.0
137.0
136.25
135.75
135.75
135.25
135.25
135.75
135.75
134.5
134.5
134.0
133.25
133.25
132.25
132.25
131.0
131.0
130.5
130.5
130.5
130.5
131.0
130.5
130.5
132.25
132.25
130.5
130.5
130.5
130.5
128.75
128.75
129.25
128.75
128.75
127.0
127.0
126.5
126.5
126.0
126.0
125.0
125.0
122.5
122.5
120.0
120.0
119.5
119.5
117.75
117.75
116.25
116.25
116.25
116.25
113.75
113.75
115.0
115.0
115.0
113.25
113.25
112.75
112.75
114.5
114.5
118.5
118.5
118.5
118.5
117.25
117.25
117.25
117.25
116.75
116.75
114.5
114.5
112.75
112.75
113.25
113.25
116.75
116.75
122.0
122.0
123.0
123.0
124.5
124.5
122.5
122.5
120.5
120.5
116.75
116.75
113.25
113.25
114.0
114.0
114.0
112.75
112.75
113.75
113.75
112.25
112.25
115.5
115.5
120.0
118.11111111111111
116.22222222222223
114.33333333333333
112.44444444444444
110.55555555555556
108.66666666666667
106.77777777777777
104.88888888888889
103.0
103.0
101.25
101.25
103.75
103.75
103.75
105.75
105.75
105.75
105.75
104.5
104.5
106.5
106.5
106.5
104.25
104.25
102.5
102.5
104.5
104.5
104.5
106.0
106.0
105.0
105.0
105.0
106.5
107.25
107.25
107.25
108.75
108.75
109.0
109.0
110.0
110.0
110.75
110.75
112.0
112.0
112.0
111.0
111.0
110.75
110.75
112.25
112.25
112.25
112.25
112.0
112.0
114.5
114.5
112.25
112.25
110.75
110.75
110.75
113.75
113.75
114.0
114.0
114.0
114.0
115.75
115.75
113.75
113.75
109.5
109.5
113.25
113.25
115.0
115.0
115.75
115.75
115.75
115.0
115.0
114.0
114.0
112.25
112.25
111.5
111.5
114.0
114.0
116.25
116.25
116.75
116.75
118.5
118.5
121.0
121.0
120.0
120.0
119.0
119.0
119.5
119.5
121.5
121.5
121.5
121.5
122.0
122.0
124.5
124.5
125.5
125.5
124.5
124.5
127.0
127.0
127.0
127.0
127.75
128.25
128.25
128.75
128.75
128.75
128.75
125.5
125.5
124.0
124.0
121.5
121.5
118.0
118.0
117.75
117.75
119.0
119.0
121.5
121.5
122.0
122.0
123.0
123.0
126.5
126.5
128.75
128.75
128.25
127.75
127.75
129.25
129.25
129.25
129.25
131.0
131.0
132.75
132.75
133.25
132.75
132.75
132.25
132.25
131.5
131.5
133.25
133.25
133.25
132.75
132.75
133.25
133.25
134.5
134.5
135.25
135.25
132.75
133.25
133.25
132.25
132.25
134.0
134.0
132.75
132.75
133.25
132.75
132.75
134.5
134.5
132.75
132.75
132.75
132.75
132.75
134.0
134.0
135.25
135.25
134.5
134.5
134.5
134.5
135.25
134.5
134.5
134.0
134.0
135.75
135.75
135.75
134.5
134.5
134.0
134.0
134.5
134.5
134.0
134.0
133.25
133.25
133.25
135.25
135.25
133.25
133.25
132.75
132.75
133.25
133.25
133.25
135.25
135.25
135.25
135.25
137.0
137.0
135.75
135.25
135.25
135.75
135.75
134.5
134.5
135.25
137.0
137.0
135.25
135.25
132.75
132.75
135.25
136.25
136.25
136.25
136.25
133.25
133.25
136.25
136.25
134.5
133.25
133.25
132.75
132.75
133.25
133.25
132.75
132.75
132.25
131.0
131.0
131.5
131.5
131.0
131.0
131.5
131.5
132.25
132.25
132.75
133.25
133.25
132.75
132.75
135.25
135.25
135.75
136.25
136.25
136.25
136.25
135.75
135.75
135.75
135.75
135.25
134.5
134.5
133.25
133.25
134.0
134.0
135.25
134.0
134.0
134.0
134.0
134.5
134.5
135.25
135.25
134.5
135.25
135.25
134.5
134.5
134.0
134.0
134.5
134.5
132.25
133.25
133.25
133.25
133.25
133.25
133.25
134.0
134.0
134.0
134.5
134.5
135.25
135.25
135.75
135.75
136.25
135.75
135.75
135.75
135.75
135.25
135.25
135.25
135.25
135.25
134.5
134.5
134.0
134.0
135.25
135.25
135.75
135.75
135.75
135.25
135.25
135.25
135.25
135.25
135.75
135.75
135.75
135.75
136.25
136.25
135.75
135.75
136.25
137.0
137.0
135.75
135.75
135.25
135.25
135.25
136.25
136.25
135.75
135.75
136.25
136.25
135.25
135.75
135.75
136.25
136.25
136.25
136.25
137.0
136.25
136.25
137.0
137.0
136.25
136.25
136.25
136.25
136.25
135.25
135.25
136.25
136.25
135.75
135.75
136.25
135.75
135.75
136.25
136.25
136.25
136.25
137.0
136.25
136.25
135.75
135.75
134.5
134.5
134.5
135.75
135.75
136.25
136.25
135.25
135.25
136.25
136.25
135.75
135.25
135.25
134.5
134.5
134.5
134.5
134.0
134.5
134.5
134.5
134.5
134.5
134.5
134.5
134.5
135.75
135.75
135.75
135.75
135.75
135.25
135.25
135.75
135.75
135.75
135.75
135.75
135.25
135.25
135.25
135.25
134.5
134.5
134.5
136.25
136.25
136.25
136.25
136.25
136.25
136.25
135.25
135.25
134.0
134.0
132.25
132.25
130.5
130.5
130.5
129.25
129.25
128.75
128.75
128.25
128.25
126.0
126.0
126.5
126.5
126.5
126.5
126.5
130.5
130.5
129.75
129.75
132.25
132.25
133.25
133.25
132.25
132.25
129.75
126.0
126.0
120.5
120.5
120.5
117.75
117.75
115.75
115.75
113.25
113.25
111.0
111.0
107.25
107.25
105.0
105.0
105.0
102.5
102.5
100.75
100.75
100.75
97.75
97.75
94.75
94.75
94.75
95.0
95.0
97.5
97.5
97.5
95.25
95.25
95.75
95.75
95.75
98.25
98.25
103.0
103.0
106.5
106.5
106.5
102.0
102.0
107.25
107.25
108.75
108.75
109.0
109.0
108.75
108.75
108.75
110.25
110.25
111.5
111.5
108.75
108.75
105.0
105.0
105.0
103.0
103.0
109.0
109.0
116.75
116.75
120.5
120.5
124.0
124.0
130.5
133.25
133.25
134.0
134.0
132.75
132.75
131.0
131.0
121.0
121.0
115.5
115.5
121.0
121.0
127.0
127.0
125.0
125.0
126.5
127.0
127.0
126.0
126.0
122.0
122.0
120.0
120.0
117.25
117.25
116.25
116.25
117.75
117.75
118.5
118.5
119.5
119.5
122.0
122.0
123.5
123.5
124.5
124.5
126.0
126.0
127.0
127.0
127.0
127.0
127.0
127.0
127.0
127.0
126.5
126.5
126.0
125.0
125.0
124.5
124.5
126.5
126.5
126.0
126.0
127.0
127.0
126.0
126.0
126.5
126.5
127.75
127.75
128.25
128.25
128.25
126.5
126.5
127.75
127.75
128.25
128.25
127.75
127.75
127.75
127.75
126.5
126.5
128.25
128.25
127.75
128.25
128.25
127.75
127.75
126.0
126.0
124.0
124.0
125.0
125.0
125.0
125.0
124.0
124.0
124.5
124.5
124.5
124.5
126.0
126.0
127.0
126.5
126.5
127.75
127.75
128.75
128.75
128.25
128.25
128.25
128.25
128.75
128.75
130.5
130.5
127.75
127.75
127.75
125.5
125.5
124.5
124.5
124.0
124.0
126.0
126.0
128.25
128.25
130.5
130.5
131.5
131.5
131.5
130.5
130.5
130.5
130.5
127.75
127.75
127.0
127.0
126.0
126.0
126.0
126.0
126.0
126.0
125.0
127.0
127.0
127.0
127.0
128.25
128.25
129.25
129.25
131.0
131.0
132.75
132.75
131.5
130.5
130.5
130.5
130.5
129.25
129.25
128.75
128.75
129.25
129.25
130.5
132.75
132.75
133.25
133.25
132.75
132.75
132.75
132.75
132.25
131.0
131.0
130.5
130.5
128.25
128.25
129.25
129.25
128.75
128.75
131.5
131.5
129.75
131.0
131.0
129.75
129.75
131.0
131.0
131.0
131.0
130.5
130.5
131.0
131.5
131.5
129.75
129.75
131.0
131.0
129.75
129.75
131.0
131.0
130.5
129.75
129.75
131.0
131.0
129.75
129.75
130.5
130.5
129.25
129.25
131.5
131.5
131.5
132.25
132.25
134.0
134.0
134.0
134.0
134.5
134.5
134.5
133.25
133.25
133.25
133.25
133.25
133.25
132.25
132.25
132.75
134.0
134.0
133.25
133.25
135.25
135.25
136.25
136.25
136.25
135.75
135.75
136.25
136.25
136.25
135.25
135.25
134.5
134.5
133.25
133.25
132.75
132.75
130.5
130.5
129.75
130.5
130.5
131.5
131.5
131.5
131.5
132.75
132.75
132.75
132.75
132.75
134.0
134.0
134.0
134.0
132.75
132.75
134.0
132.75
132.75
132.75
132.75
134.0
134.0
133.25
133.25
134.0
134.5
134.5
134.5
134.5
133.25
133.25
132.75
132.75
132.25
134.0
134.0
134.0
134.0
135.75
135.75
137.0
137.0
134.5
132.25
132.25
131.0
131.0
131.5
131.5
133.25
133.25
134.5
134.0
134.0
135.75
135.75
135.25
135.25
134.0
133.25
133.25
130.5
130.5
126.5
126.5
120.5
120.5
115.5
115.5
116.25
116.25
117.25
117.25
122.0
122.0
120.5
120.5
119.5
119.5
118.0
118.0
125.5
125.5
129.25
129.25
132.75
132.75
134.0
134.0
130.5
130.5
128.25
126.0
126.0
125.5
125.5
131.5
131.5
133.25
133.25
136.25
138.25
138.25
139.5
139.5
139.5
139.5
138.25
138.25
138.25
132.75
132.75
123.5
123.5
121.0
121.0
115.75
115.75
115.0
115.0
118.0
118.0
122.5
122.5
126.0
126.0
132.25
132.25
132.25
132.25
132.25
134.5
137.0
139.0
139.0
139.0
139.5
139.5
137.5
137.5
138.25
138.25
137.0
137.0
134.0
134.0
134.0
132.75
132.75
133.25
133.25
132.25
132.25
132.25
132.75
132.75
131.0
131.0
131.0
131.0
131.5
131.5
129.75
129.75
131.5
132.25
132.25
132.25
132.25
134.0
134.0
132.75
132.75
133.25
135.25
135.25
134.0
134.0
134.0
134.0
127.75
127.75
133.25
131.0
131.0
131.0
131.0
131.0
131.0
128.25
128.25
125.5
125.5
126.0
126.0
123.0
123.0
122.5
122.5
122.5
122.5
124.0
125.5
125.5
125.5
125.5
124.5
124.5
122.0
122.0
121.5
121.5
123.0
123.0
122.5
122.5
122.0
122.0
121.0
121.0
122.0
122.0
122.0
122.0
123.5
123.5
126.0
126.0
127.75
127.75
128.25
128.25
128.75
125.0
125.0
124.0
124.0
123.5
123.5
119.5
119.5
121.0
121.0
124.0
124.0
124.5
124.5
124.0
124.0
124.5
124.5
123.5
123.5
124.0
124.0
123.0
123.0
122.5
122.5
124.5
124.5
121.5
121.5
123.5
123.5
124.0
124.0
125.0
125.5
125.5
125.5
125.5
126.0
126.0
127.0
127.0
125.5
125.5
128.25
128.25
129.25
129.25
129.25
129.25
129.75
131.0
131.0
130.5
130.5
131.5
131.5
132.25
132.25
132.25
133.25
133.25
137.0
137.0
135.25
135.25
134.5
134.5
134.5
132.25
132.25
131.5
131.5
130.5
130.5
128.25
128.25
128.25
128.25
127.0
127.0
128.25
128.75
128.75
129.25
129.25
128.75
128.75
129.25
129.25
132.25
132.25
132.75
132.25
132.25
132.75
132.75
132.25
132.25
131.0
131.0
130.5
130.5
129.75
129.25
129.25
130.5
130.5
131.0
131.0
131.5
131.5
131.5
131.5
130.5
130.5
130.5
128.75
128.75
129.75
129.75
129.75
129.75
128.75
128.75
130.5
130.5
129.75
132.25
132.25
131.5
131.5
131.5
131.5
132.25
132.25
133.25
131.5
131.5
131.5
131.5
130.5
130.5
129.25
129.25
129.25
129.25
128.25
128.25
129.25
129.25
129.25
129.75
129.75
131.5
131.5
130.5
130.5
130.5
130.5
129.75
130.5
130.5
130.5
130.5
130.5
130.5
131.0
131.0
131.5
131.5
131.5
132.75
132.75
131.5
131.5
132.25
132.25
132.25
132.25
131.0
131.5
131.5
131.0
131.0
131.0
131.0
129.75
129.75
131.0
131.0
131.5
131.5
131.5
131.5
131.5
131.0
131.0
131.5
131.5
129.75
129.75
129.75
129.75
129.75
128.25
128.25
129.75
129.75
129.25
129.25
131.0
131.0
130.5
130.5
131.0
130.5
130.5
132.75
132.75
132.75
132.75
133.25
133.25
133.25
134.0
134.0
134.0
134.0
133.25
133.25
133.25
133.25
134.0
133.25
133.25
134.0
134.0
134.5
134.5
134.0
134.0
134.0
133.25
133.25
132.25
132.25
133.25
133.25
131.5
131.5
133.25
134.5
134.5
134.5
134.5
135.25
135.25
134.0
134.0
132.75
134.0
134.0
132.75
132.75
133.25
133.25
132.75
132.75
133.25
134.0
134.0
134.0
134.0
134.5
134.5
134.5
134.5
134.5
134.0
134.0
134.5
134.5
135.25
135.25
134.0
135.25
135.25
134.5
134.5
134.0
134.0
134.5
134.5
134.5
134.5
134.5
135.25
135.25
134.5
134.5
135.25
134.5
134.5
135.25
135.25
134.5
134.5
134.5
134.5
134.0
134.5
134.5
134.5
134.5
135.25
135.25
135.75
135.75
134.5
134.5
134.5
134.5
134.5
134.5
134.5
134.0
134.0
134.0
133.25
133.25
135.25
135.25
135.25
135.25
135.25
134.0
134.0
134.5
134.5
132.75
132.75
134.0
134.0
133.25
132.75
132.75
133.25
133.25
132.75
132.75
134.5
134.5
134.0
134.0
134.0
134.0
134.0
134.0
134.0
134.0
134.0
132.75
134.0
134.0
134.0
134.0
134.0
134.0
134.0
132.75
132.75
133.25
133.25
132.75
132.75
133.25
133.25
134.0
133.25
133.25
133.25
133.25
134.5
134.5
133.25
133.25
134.0
135.25
135.25
134.0
134.0
134.5
134.5
134.0
134.0
133.25
132.75
132.75
132.75
132.75
131.5
131.5
132.75
132.75
132.25
132.75
132.75
130.5
130.5
134.0
134.0
135.25
135.25
134.5
133.25
133.25
132.25
132.25
132.75
132.75
132.75
132.75
132.25
132.25
131.5
132.25
132.25
132.25
132.25
132.75
132.75
132.25
132.25
132.25
132.25
132.25
132.75
132.75
132.25
132.25
132.75
132.75
131.5
131.5
132.25
131.5
131.5
132.25
132.25
131.0
131.0
131.5
131.5
131.5
131.5
131.5
131.5
131.5
131.5
131.5
133.25
133.25
134.0
133.25
133.25
134.0
134.0
134.0
134.0
133.25
133.25
131.5
131.5
132.25
131.0
131.0
131.0
131.0
131.0
131.0
130.5
130.5
129.75
129.75
130.5
131.0
131.0
131.5
131.5
131.5
131.5
131.5
131.5
131.5
131.0
131.0
131.0
131.0
131.0
131.0
130.5
130.5
129.75
129.75
131.0
132.25
132.25
130.5
130.5
130.5
130.5
129.75
129.75
129.75
129.75
129.25
129.25
129.25
129.75
129.75
131.0
131.0
132.25
132.25
134.5
134.5
134.5
134.5
134.5
135.25
135.25
134.0
134.0
134.0
134.0
135.75
136.25
136.25
137.0
137.0
138.25
138.25
139.0
140.25
140.25
140.75
140.75
139.5
138.25
138.25
133.25
133.25
127.0
127.0
127.0
127.0
124.0
124.0
119.0
119.0
109.0
109.0
103.0
103.0
103.0
104.25
104.25
105.25
105.25
110.25
110.25
110.25
118.5
118.0
118.0
116.75
116.75
117.25
117.25
117.25
117.25
117.75
117.75
117.75
116.75
116.75
116.75
116.75
118.5
118.5
125.5
128.75
128.75
129.75
129.75
132.25
132.25
131.0
131.0
132.25
132.25
129.75
129.75
129.75
131.5
131.5
132.25
132.25
128.75
128.75
125.5
125.5
120.0
120.0
117.75
117.75
115.5
115.5
117.25
117.25
121.0
121.0
122.0
122.0
124.5
124.5
124.5
124.5
124.5
124.5
123.5
123.5
123.0
123.0
122.0
122.0
122.5
122.5
121.0
121.5
121.5
121.0
121.0
121.0
121.0
122.5
122.5
123.0
123.0
122.5
122.5
122.0
122.0
122.0
122.0
120.5
120.5
120.0
120.0
121.0
121.0
120.5
120.5
122.0
122.0
122.0
122.0
121.5
121.5
124.0
124.0
122.5
122.5
124.5
124.5
124.0
124.0
124.0
124.0
123.0
123.0
124.0
124.0
124.5
124.5
126.0
125.5
125.5
124.5
124.5
126.5
126.5
124.0
124.0
123.5
123.5
125.0
125.0
126.5
126.5
126.5
126.5
130.5
130.5
129.25
130.5
130.5
131.0
131.0
128.75
128.75
129.25
129.25
127.75
127.75
128.25
128.25
129.75
129.75
129.75
131.0
131.0
128.25
128.25
128.75
128.75
128.75
128.75
126.5
126.5
124.0
124.0
121.5
121.5
130.5
131.5
131.5
132.25
132.25
132.75
132.75
131.0
131.0
129.75
130.5
130.5
127.75
127.75
127.0
127.0
125.0
125.0
124.5
124.5
123.5
123.5
123.5
123.5
125.0
125.0
125.0
125.0
124.0
124.0
123.0
123.0
128.25
130.5
130.5
130.5
130.5
128.25
128.25
127.0
127.0
127.75
127.75
125.5
125.5
123.0
123.0
121.0
121.0
120.0
120.0
121.5
121.5
120.5
120.5
122.0
122.0
123.5
123.5
124.5
125.0
125.0
124.0
124.0
126.0
126.0
129.25
129.25
129.25
129.25
129.25
129.25
127.75
127.75
128.25
128.25
128.25
127.75
127.75
126.5
126.5
124.5
124.5
125.0
125.0
123.5
123.5
123.0
123.0
123.0
123.0
125.0
125.0
124.5
124.5
124.5
124.5
122.5
122.5
123.5
123.5
122.5
122.5
123.0
123.0
123.0
124.5
124.5
124.5
124.5
125.0
125.0
125.5
125.5
126.0
126.0
126.5
126.5
127.75
127.75
128.75
128.75
129.75
127.0
127.0
126.5
126.5
126.5
126.5
127.0
127.0
126.0
126.0
126.0
126.0
125.0
125.0
124.5
124.5
126.5
126.5
124.5
124.5
125.0
127.75
127.75
129.25
129.25
130.5
130.5
130.5
130.5
129.25
129.25
128.75
128.75
127.75
127.75
124.0
124.0
116.75
116.75
116.75
116.75
125.5
128.75
128.75
131.5
131.5
132.25
132.25
133.25
133.25
134.0
132.75
132.75
132.25
132.25
135.75
135.75
135.75
135.75
135.75
128.25
128.25
123.5
123.5
117.25
117.25
122.5
122.5
127.75
127.75
124.0
124.0
120.0
120.0
111.5
111.5
113.75
113.75
122.0
122.0
128.25
128.25
129.75
129.75
131.5
131.5
132.25
132.25
132.25
128.25
128.25
129.25
129.25
129.75
129.75
132.25
132.25
133.25
133.25
134.5
134.5
134.5
134.5
134.5
135.25
135.25
135.25
137.0
137.0
137.0
137.0
137.0
137.0
137.5
138.25
138.25
139.0
139.0
137.5
137.5
138.25
138.25
138.25
138.25
138.25
137.5
137.5
137.0
137.0
137.0
135.75
135.75
135.75
135.75
134.5
134.5
132.75
132.75
132.75
131.0
131.0
131.0
131.0
131.5
131.5
130.5
129.75
129.75
129.25
129.25
129.75
129.75
128.25
128.25
126.5
126.5
126.5
126.5
126.0
126.0
124.5
124.5
124.5
124.5
124.0
124.0
123.5
123.5
123.5
125.5
125.5
125.5
125.5
127.75
127.75
127.75
127.75
127.75
127.75
127.0
127.0
126.0
126.0
126.0
126.0
126.5
127.0
127.0
126.5
126.5
125.5
125.5
126.0
126.0
124.0
124.0
126.0
126.0
125.5
125.5
126.0
126.0
126.0
126.0
126.5
126.5
126.5
127.0
127.0
126.5
126.5
127.75
127.75
128.25
128.25
127.0
127.0
124.5
124.5
126.0
126.0
123.5
123.5
124.0
124.0
124.0
123.5
123.5
126.0
126.0
125.5
125.5
127.0
127.0
127.0
127.0
128.25
128.25
128.25
128.25
128.25
128.25
124.5
124.5
124.0
124.0
122.5
121.5
121.5
120.5
120.5
120.5
115.75
115.75
119.0
119.0
122.5
122.5
121.0
122.0
122.0
123.5
123.5
122.5
122.5
120.5
120.5
120.0
120.0
118.5
118.5
120.5
120.5
119.5
119.5
121.0
121.0
123.0
123.0
124.0
124.0
125.5
125.5
127.0
127.0
127.75
127.75
127.75
127.75
127.75
127.75
127.75
128.25
128.25
127.75
127.75
127.75
127.75
129.75
129.75
129.75
129.75
131.5
131.5
131.5
131.0
131.0
132.75
132.75
134.0
134.0
134.0
134.0
135.25
134.0
134.0
133.25
133.25
133.25
133.25
132.25
132.25
131.0
131.5
131.5
129.75
129.75
131.0
131.0
130.5
130.5
132.25
132.25
131.5
130.5
130.5
130.5
130.5
131.5
131.5
129.75
129.75
132.75
132.75
130.5
129.75
129.75
129.25
129.25
128.25
128.25
130.5
130.5
131.0
131.0
131.5
132.75
132.75
132.75
132.75
134.0
134.0
134.0
135.25
135.75
136.25
136.25
135.25
135.25
136.25
136.25
138.25
138.25
138.25
139.0
139.0
140.75
140.75
137.0
133.25
129.5
125.75
131.0
136.25
141.5
141.5
142.25
142.25
141.5
142.25
142.25
139.5
139.5
141.5
141.5
139.5
139.5
139.5
139.5
139.5
138.25
139.0
139.0
138.25
138.25
138.25
138.25
138.25
137.5
137.5
137.5
137.5
139.0
139.0
139.0
139.0
139.0
139.5
139.5
140.25
139.5
139.5
139.5
139.5
139.0
139.0
139.5
139.0
139.0
137.5
137.5
138.25
138.25
138.25
137.5
137.5
137.5
137.5
139.0
139.0
138.25
139.0
139.0
139.5
139.5
139.5
139.5
139.5
140.25
140.25
139.5
139.5
140.25
139.5
139.5
139.5
139.5
139.0
139.5
139.5
140.25
140.25
139.0
139.0
139.5
140.25
140.25
140.25
140.25
139.0
139.0
139.0
139.5
139.5
139.0
139.0
138.25
137.5
137.5
137.0
137.0
136.25
136.25
135.75
135.75
135.75
136.25
136.25
138.25
138.25
138.25
137.5
137.5
139.5
139.5
139.5
139.5
139.5
139.5
139.5
140.25
140.25
140.25
140.75
141.5
142.25
142.25
143.5
143.5
143.5
145.75
145.75
145.0
145.0
145.0
145.75
145.75
147.0
147.0
147.0
149.25
149.25
147.75
147.0
147.0
149.25
149.25
149.25
148.5
148.5
146.25
140.25
140.25
136.8125
133.375
129.9375
126.5
123.0625
119.625
116.1875
112.75
109.3125
105.875
102.4375
99.0
95.5625
92.125
88.6875
85.25
81.8125
78.375
74.9375
71.5
71.5
71.5
71.5
71.5
71.5
72.75
72.75
72.75
81.75
81.75
81.75
77.0
77.0
77.0
77.0
71.25
71.25
71.25
71.25
60.5
60.5
61.0
61.5
62.0
62.5
63.0
63.5
64.0
64.5
65.0
65.5
66.0
66.5
67.0
67.5
68.0
68.5
69.0
69.5
70.0
70.5
71.0
71.5
72.0
72.5
73.0
73.5
74.0
74.5
75.0
75.5
75.5
75.5
76.25
76.25
76.25
75.5
75.5
75.5
74.25
74.25
74.25
74.25
75.0
75.0
75.0
78.75
78.75
84.0
84.0
84.0
96.25
96.25
110.25
110.25
124.5
124.5
124.5
134.0
129.75
129.75
127.0
131.5
131.5
137.5
137.5
139.5
139.5
136.25
132.25
132.25
126.5
126.5
123.0
123.0
115.5
115.5
115.5
103.5
103.5
98.75
98.75
98.75
101.25
101.25
101.0
101.0
103.5
103.5
103.5
105.25
105.25
105.25
105.25
103.75
103.75
103.75
103.75
103.75
108.75
108.75
116.25
116.25
127.75
129.75
129.75
127.0
127.0
131.0
131.0
129.25
129.25
131.0
131.0
135.75
136.25
136.25
137.5
137.5
141.5
144.25
144.25
148.5
148.5
147.0
146.25
146.25
143.5
143.5
120.0
120.0
128.25
128.25
131.5
131.5
129.75
130.5
130.5
126.0
126.0
120.0
120.0
117.75
117.75
121.5
121.5
127.75
127.75
129.75
129.75
128.25
128.25
129.75
129.75
133.25
135.25
135.25
131.5
131.5
130.5
130.5
130.5
140.75
143.5
147.0
147.0
147.75
147.75
147.75
149.25
150.0
150.0
151.5
151.5
151.5
153.75
153.75
153.0
153.75
153.75
154.75
153.75
153.75
153.0
153.0
148.5
140.75
140.75
118.5
118.5
118.5
98.75
98.75
98.75
86.25
86.25
86.25
78.75
78.75
78.75
80.75
80.75
86.0
86.0
86.0
94.75
94.75
101.0
101.0
112.75
112.75
119.5
119.5
120.0
120.0
126.5
126.5
127.0
127.0
131.0
131.0
126.5
126.5
126.5
126.5
130.5
134.5
134.5
134.0
134.0
131.0
131.0
129.75
129.75
127.0
127.0
124.0
124.0
123.5
123.5
122.5
122.5
119.5
119.5
116.25
116.25
113.75
113.75
116.25
116.25
116.75
116.75
115.5
115.5
114.5
114.5
116.25
116.25
115.5
115.5
116.25
116.25
117.25
117.25
121.0
121.0
123.5
123.5
124.0
124.0
123.5
123.5
124.0
124.0
127.0
127.0
129.25
129.25
130.5
130.5
130.5
130.5
130.5
129.75
129.75
126.5
126.5
124.5
124.5
124.0
124.0
127.0
127.0
129.25
129.25
128.75
131.5
131.5
127.0
127.0
123.5
123.5
116.75
116.75
112.75
112.75
112.75
110.75
110.75
110.75
111.0
116.25
116.25
115.75
115.75
105.75
105.75
105.75
103.75
103.75
119.0
130.5
130.5
133.25
133.25
130.5
130.5
128.25
128.25
133.25
136.25
136.25
136.25
136.25
135.75
135.75
137.0
137.0
129.25
128.25
128.25
126.0
126.0
119.0
119.0
117.75
117.75
124.0
124.0
128.25
128.25
130.5
130.5
134.0
134.0
137.0
132.25
132.25
131.5
131.5
137.5
137.5
140.25
140.75
140.75
134.5
134.5
133.25
133.25
135.25
135.25
136.25
134.5
134.5
135.75
135.75
134.5
134.5
135.75
129.75
129.75
129.75
127.75
130.5
130.5
137.0
137.0
141.5
144.25
144.25
145.75
145.75
146.25
146.25
146.25
147.75
147.0
147.0
146.25
146.25
146.25
144.25
144.25
142.25
142.25
142.25
142.25
140.75
141.5
141.5
140.25
140.25
140.75
135.75
135.75
131.5
131.5
127.0
127.0
123.5
123.5
121.0
121.0
120.0
120.0
117.25
117.25
114.5
114.5
114.0
114.0
115.5
115.5
117.25
117.25
118.5
118.5
123.0
123.0
127.0
127.0
131.5
131.5
131.5
131.5
135.75
139.5
139.5
142.75
142.75
145.0
147.0
147.0
146.25
146.25
146.25
148.5
148.5
151.5
152.25
152.25
149.25
149.25
144.25
144.25
131.0
131.0
118.5
118.5
118.0
118.0
105.75
105.75
105.75
104.5
114.0
114.0
111.5
111.5
111.5
105.75
105.75
107.5
107.5
110.25
110.25
110.75
110.75
117.75
117.75
125.0
125.0
133.25
133.25
139.0
142.25
142.25
145.0
145.0
149.25
148.5
148.5
150.0
153.75
153.75
156.25
156.25
153.75
153.75
153.75
157.0
153.75
153.75
151.5
145.0
145.0
125.0
125.0
125.0
116.625
108.25
99.875
91.5
91.5
95.0
95.0
98.0
98.0
98.0
101.0
101.0
105.25
105.25
105.75
105.75
105.75
106.0
106.0
105.25
105.25
105.25
105.25
106.75
106.75
106.75
106.75
106.5
107.25
107.25
109.0
109.0
112.0
112.0
112.25
112.25
112.25
116.25
116.25
119.5
119.5
121.0
122.0
122.0
124.0
124.0
126.0
126.0
128.75
128.75
127.0
127.0
125.5
125.5
121.0
121.0
112.75
112.75
110.75
110.75
108.25
108.25
108.25
109.5
109.5
110.25
110.25
110.0
110.0
112.75
112.75
117.75
117.75
118.5
118.5
118.0
118.0
118.0
118.0
117.75
117.75
117.75
117.75
119.0
119.0
121.0
121.0
125.5
125.5
126.5
126.5
122.0
122.0
117.25
117.25
114.5
114.5
116.75
116.75
114.5
114.5
114.5
115.75
115.75
117.25
117.25
115.0
115.0
114.0
114.0
114.5
114.5
116.25
116.25
118.0
118.0
120.0
120.0
119.5
119.5
120.5
120.5
120.0
120.0
119.5
119.5
122.0
122.0
124.0
124.0
122.5
122.5
119.0
119.0
119.5
119.5
126.5
126.5
129.25
131.0
131.0
132.25
132.25
131.5
131.5
134.5
134.5
132.75
131.0
131.0
129.75
129.75
129.25
129.25
128.25
128.25
127.75
127.75
126.5
126.5
130.5
131.5
131.5
132.75
132.75
131.5
131.5
125.0
125.0
117.25
117.25
117.25
117.25
120.5
120.5
124.5
124.5
126.0
126.0
126.5
126.5
127.0
127.0
126.5
126.5
123.5
123.5
121.5
125.5
125.5
125.5
125.5
129.25
129.25
124.5
124.5
123.0
123.0
122.0
122.0
122.5
122.5
123.5
123.5
128.75
128.75
116.25
116.25
120.0
120.0
120.0
113.11111111111111
106.22222222222223
99.33333333333333
92.44444444444444
95.88888888888889
99.33333333333333
102.77777777777777
106.22222222222223
109.66666666666667
113.11111111111111
116.55555555555556
120.0
120.0
113.25
113.25
118.5
118.5
116.25
116.25
116.25
109.5
109.5
115.0
115.0
112.75
112.75
118.0
118.0
116.25
116.25
105.0
105.0
105.0
88.0
88.0
91.0
91.0
91.0
91.5
91.5
91.5
97.0
97.0
99.75
99.75
107.25
107.25
112.0
112.0
115.0
115.0
115.0
115.5
115.5
116.25
116.25
118.0
118.0
118.5
118.5
117.25
117.25
118.0
118.0
118.0
118.0
120.5
120.5
118.5
118.5
120.0
120.0
115.5
115.5
114.0
114.0
118.0
118.0
119.0
119.0
121.5
121.5
122.0
122.0
122.0
122.0
123.5
123.5
124.5
124.5
123.5
123.5
118.5
118.5
117.75
117.75
118.0
118.0
124.5
124.5
135.75
141.5
141.5
145.0
145.0
147.0
147.75
147.75
150.75
150.75
150.75
152.25
153.0
153.0
158.0
158.0
156.25
157.0
157.0
152.25
144.25
144.25
145.33333333333334
146.41666666666666
147.5
148.58333333333334
149.66666666666666
150.75
151.5
151.5
153.75
154.75
154.75
153.75
153.75
153.78225806451613
153.81451612903226
153.84677419354838
153.8790322580645
153.91129032258064
153.94354838709677
153.9758064516129
154.00806451612902
154.04032258064515
154.07258064516128
154.1048387096774
154.13709677419354
154.16935483870967
154.2016129032258
154.23387096774192
154.26612903225808
154.2983870967742
154.33064516129033
154.36290322580646
154.3951612903226
154.42741935483872
154.45967741935485
154.49193548387098
154.5241935483871
154.55645161290323
154.58870967741936
154.6209677419355
154.65322580645162
154.68548387096774
154.71774193548387
154.75
156.25
156.25
156.25
156.25
155.5
158.0
158.0
155.5
156.25
156.25
156.25
154.75
154.75
153.75
147.0
147.0
142.25
142.25
134.0
134.0
127.0
127.0
122.5
122.5
123.0
123.0
123.0
123.0
129.75
131.0
131.0
134.0
134.0
139.0
139.0
142.75
139.0
139.0
125.0
125.0
116.75
116.75
112.25
112.25
112.25
107.5
107.5
109.5
109.5
109.5
113.25
112.0
112.0
114.5
114.5
115.5
115.5
115.0
115.0
115.0
115.0
115.0
115.75
115.75
117.25
117.25
116.25
116.25
118.0
118.0
116.25
116.25
117.75
117.75
120.0
120.0
120.0
120.0
119.5
119.5
120.5
120.5
119.5
119.5
122.0
122.0
119.0
119.0
118.5
118.5
116.75
116.75
113.75
113.75
112.0
112.0
112.25
112.25
111.5
111.5
111.5
110.0
110.0
113.75
113.75
111.5
111.5
110.75
110.75
108.0
108.0
109.0
109.0
109.0
108.75
108.75
108.75
108.75
112.0
112.0
124.5
124.5
125.5
125.5
129.25
129.25
128.25
128.25
128.25
128.25
128.25
139.0
139.0
139.0
127.75
116.5
105.25
94.0
110.0
110.13157894736842
110.26315789473684
110.39473684210526
110.52631578947368
110.65789473684211
110.78947368421052
110.92105263157895
111.05263157894737
111.1842105263158
111.3157894736842
111.44736842105263
111.57894736842105
111.71052631578948
111.84210526315789
111.97368421052632
112.10526315789474
112.23684210526316
112.36842105263158
112.5
112.63157894736842
112.76315789473684
112.89473684210526
113.02631578947368
113.15789473684211
113.28947368421052
113.42105263157895
113.55263157894737
113.6842105263158
113.8157894736842
113.94736842105263
114.07894736842105
114.21052631578948
114.34210526315789
114.47368421052632
114.60526315789474
114.73684210526316
114.86842105263158
115.0
115.0
116.25
116.25
112.75
112.75
106.75
106.75
106.75
88.0
88.0
88.0
81.5
81.5
81.5
71.5
71.5
71.5
84.5
84.5
84.5
91.75
91.75
91.75
83.5
83.5
83.5
70.25
70.25
70.25
70.25
68.25
68.25
68.25
66.75
66.75
66.75
66.75
69.0
69.0
69.0
73.75
73.75
73.75
87.0
87.0
93.25
93.25
93.25
105.25
105.25
113.75
113.75
117.25
117.25
113.25
113.25
107.5
107.5
101.75
101.75
101.75
99.75
99.75
96.25
96.25
96.25
97.5
97.5
97.0
97.0
97.0
108.75
108.75
116.75
116.75
125.0
130.5
130.5
131.0
131.0
131.0
131.0
128.75
128.75
127.0
127.0
108.0
108.0
120.0
120.0
113.25
113.25
124.5
124.5
124.0
124.0
128.25
128.25
122.5
122.5
114.0
114.0
104.5
104.5
106.75
106.75
106.75
102.0
102.0
100.25
100.25
100.25
103.5
103.5
104.5
104.5
102.5
102.5
102.5
100.25
100.25
100.25
100.25
97.75
97.75
97.75
97.0
97.0
96.5
96.5
96.5
98.75
98.75
98.25
98.25
98.25
98.75
98.75
98.75
98.75
98.75
97.0
97.0
99.25
99.25
98.75
98.75
98.75
97.5
97.5
100.75
100.75
100.75
101.0
101.0
100.75
100.75
104.5
104.5
104.5
105.75
105.75
106.5
106.5
107.5
107.5
108.75
108.75
112.25
112.25
112.25
114.5
114.5
115.5
115.5
117.75
117.75
121.5
121.5
126.5
126.5
126.5
127.0
127.0
127.0
127.0
122.5
122.5
117.75
117.75
117.25
117.25
116.25
116.25
115.0
115.0
113.75
113.75
113.75
115.75
115.75
120.5
120.5
123.0
124.5
124.5
126.5
126.5
116.75
116.75
116.75
108.0
108.0
109.5
109.5
112.0
112.0
111.0
111.0
113.75
113.75
116.25
116.25
117.25
117.25
115.0
115.0
115.75
115.75
115.75
116.25
116.25
117.75
117.75
119.5
119.5
122.5
122.5
123.0
121.0
121.0
121.0
121.0
119.0
119.0
119.0
113.25
113.25
106.5
106.5
101.25
101.25
101.25
101.25
101.25
105.0
105.0
110.0
110.0
113.75
113.75
116.75
116.75
117.25
117.25
118.5
118.5
119.0
119.0
116.25
116.25
114.5
114.5
114.5
113.75
113.75
114.5
114.5
113.75
113.75
114.0
114.0
113.75
113.75
116.25
116.25
117.25
117.25
118.5
118.5
120.5
120.5
120.5
120.5
117.25
117.25
119.0
119.0
119.0
119.0
117.25
117.25
113.75
113.75
114.5
114.5
114.5
114.0
114.0
112.0
112.0
112.0
112.0
112.25
112.25
113.25
113.25
113.75
113.75
112.0
112.0
112.0
112.25
112.25
112.25
112.25
115.0
115.0
115.0
115.0
116.25
116.25
118.5
118.5
118.5
118.5
118.0
118.0
120.0
120.0
119.0
119.0
121.5
121.5
121.0
121.0
124.0
124.0
122.0
122.0
120.5
120.5
120.0
120.0
120.0
120.0
117.75
117.75
115.75
115.75
116.25
116.25
116.75
116.75
120.5
120.5
122.5
122.5
122.0
122.0
120.5
120.5
119.0
119.0
118.5
118.5
118.0
118.0
117.75
117.75
119.0
119.0
120.5
120.5
121.5
121.5
122.0
122.0
120.5
120.5
121.5
121.5
122.5
122.5
121.5
121.5
120.5
120.5
112.75
112.75
113.75
113.75
118.0
118.0
121.5
121.5
120.0
120.0
118.0
118.0
117.25
117.25
118.5
118.5
121.0
121.0
120.0
120.0
120.0
120.0
121.5
121.5
119.5
119.5
120.0
120.0
117.25
117.25
118.0
118.0
115.5
115.5
115.5
113.25
113.25
112.25
112.25
110.25
110.25
108.75
108.75
112.25
112.25
117.75
117.75
125.5
125.5
127.0
127.0
131.0
131.0
128.75
128.75
123.5
123.5
115.75
115.75
108.25
108.25
107.25
107.25
107.5
107.5
107.5
105.75
105.75
105.75
105.75
109.5
109.5
110.0
110.0
110.0
112.25
112.25
112.0
112.0
112.75
112.75
116.25
116.25
118.0
118.0
118.5
118.5
119.0
119.0
118.5
118.5
116.25
116.25
116.25
116.25
113.75
113.75
111.5
111.5
111.5
111.5
111.5
113.75
113.75
113.75
113.75
112.75
112.75
111.0
111.0
109.5
109.5
111.0
111.0
111.0
106.5
106.5
112.25
112.25
128.25
142.75
142.75
142.75
135.375
128.0
120.625
113.25
116.75
139.0
139.0
142.75
142.75
144.25
143.5
143.5
140.25
140.25
134.5
134.5
136.25
139.5
139.5
140.75
140.75
140.75
146.25
146.25
150.0
150.0
