145.0
145.0
145.0
145.0
145.0
145.0
145.0
145.0
145.0
145.0
145.0
145.0
145.0
145.0
145.0
145.0
144.92391304347825
144.84782608695653
144.77173913043478
144.69565217391303
144.6195652173913
144.54347826086956
144.4673913043478
144.3913043478261
144.31521739130434
144.2391304347826
144.16304347826087
144.08695652173913
144.0108695652174
143.93478260869566
143.8586956521739
143.7826086956522
143.70652173913044
143.6304347826087
143.55434782608697
143.47826086956522
143.40217391304347
143.32608695652175
143.25
143.25
143.25
144.0
144.0
144.25
144.0
144.0
144.5
144.75
144.75
145.0
145.0
145.25
145.25
145.25
145.25
145.25
145.25
145.25
145.25
145.5
145.5
145.5
145.63392857142858
145.76785714285714
145.90178571428572
146.03571428571428
146.16964285714286
146.30357142857142
146.4375
146.57142857142858
146.70535714285714
146.83928571428572
146.97321428571428
147.10714285714286
147.24107142857142
147.375
147.50892857142858
147.64285714285714
147.77678571428572
147.91071428571428
148.04464285714286
148.17857142857142
148.3125
148.44642857142858
148.58035714285714
148.71428571428572
148.84821428571428
148.98214285714286
149.11607142857142
149.25
149.25
148.5
149.75
149.75
150.5
150.75
150.75
150.75
150.75
151.25
151.25
151.25
151.25
150.0
150.0
150.0
150.0
149.0
147.5
147.5
147.75
147.75
147.75
147.0
147.0
147.5
146.25
146.25
145.75
145.75
145.25
145.0
145.0
145.0
145.0
145.25
144.75
144.75
144.25
144.25
144.75
144.0
144.0
144.0
144.0
143.75
144.75
144.75
144.75
144.75
144.75
145.25
145.25
145.0
145.0
144.75
144.75
144.75
144.5
144.5
145.0
144.5
144.5
145.0
145.0
145.0
146.5
146.5
147.5
147.0
147.0
148.25
148.25
148.25
148.75
148.75
149.0
149.75
149.75
149.5
149.5
150.0
150.5
150.5
152.5
152.5
152.5
152.75
152.25
152.25
151.75
151.75
151.25
151.5
151.5
151.0
150.0
150.0
150.0
150.0
149.25
149.5
149.5
148.5
148.5
147.75
148.25
148.25
147.25
147.5
147.5
146.75
146.75
146.5
146.5
146.5
145.75
145.75
145.0
143.75
143.75
143.25
143.25
143.0
142.75
142.75
142.5
142.5
140.5
140.5
138.5
138.5
138.5
139.5
139.5
140.25
141.25
141.25
140.5
140.5
139.75
139.75
139.75
140.5
140.5
141.25
141.25
138.5
138.5
141.0
140.5
140.5
139.5
139.5
139.75
139.25
139.25
139.25
139.25
139.5
139.5
139.5
139.5
140.25
140.25
140.75
141.25
141.25
141.5
141.5
141.0
140.5
140.5
139.75
139.75
139.5
139.5
139.5
137.5
137.5
138.0
138.0
138.0
135.75
135.75
134.5
135.0
135.0
136.5
136.5
136.25
136.25
137.25
137.5
137.5
137.5
137.5
137.5
137.5
138.0
137.5
137.5
138.5
138.5
139.5
139.5
139.5
139.0
139.0
138.5
138.5
139.0
139.25
139.25
138.5
138.5
139.0
139.0
139.0
137.75
137.75
137.5
137.5
138.0
138.0
138.5
138.5
138.5
139.75
139.75
140.25
139.5
139.5
139.5
139.5
140.25
140.0
140.0
141.25
141.25
141.0
141.0
140.75
141.25
141.25
141.5
141.5
141.0
141.25
141.25
140.75
140.75
140.5
140.75
140.75
140.75
140.75
141.5
141.5
141.5
141.75
141.75
142.25
142.25
142.75
142.5
142.5
143.5
143.5
143.25
143.25
143.25
143.25
143.25
143.25
142.75
142.75
143.0
143.0
142.75
142.5
142.5
142.5
142.5
142.0
142.75
142.75
142.25
142.25
142.0
142.0
142.0
142.5
142.5
141.75
141.75
143.0
141.75
141.75
141.5
141.5
142.0
142.75
142.75
142.5
142.5
143.75
143.25
143.25
144.25
144.25
144.5
144.5
144.5
143.25
143.25
144.0
143.25
143.25
143.75
143.75
143.5
143.5
143.5
143.75
143.75
143.75
143.5
143.5
144.0
144.0
144.5
144.0
144.0
144.5
144.5
144.75
144.5
144.5
145.0
145.0
145.0
144.75
144.75
143.5
143.5
144.0
144.5
144.5
143.75
143.75
144.0
143.25
143.25
142.75
142.75
142.75
142.5
142.5
143.0
143.0
142.75
142.5
142.5
142.75
142.75
143.0
143.5
143.5
144.0
144.0
144.0
142.5
142.5
143.5
143.5
143.75
144.75
144.75
144.75
144.75
144.25
143.25
143.25
143.25
143.25
144.0
144.0
144.0
143.0
143.0
143.25
142.25
142.25
141.25
141.25
142.0
142.5
142.5
142.75
142.75
143.25
143.25
142.25
142.0
142.0
142.5
143.0
143.0
144.0
144.0
145.0
145.0
145.0
144.5
144.5
144.5
144.25
144.25
144.75
144.75
145.5
145.5
145.5
145.25
145.25
145.75
146.25
146.25
146.75
146.75
147.0
147.0
147.0
147.75
148.0
148.0
148.5
148.5
149.0
149.5
149.5
149.5
149.75
149.75
150.0
150.0
149.5
149.0
149.0
149.25
148.75
148.75
148.25
148.25
147.5
147.0
147.0
146.5
146.5
146.5
146.5
146.5
146.25
146.25
146.0
146.25
146.25
146.25
146.25
146.25
146.75
146.75
147.0
146.75
146.75
146.25
146.25
146.25
146.0
146.0
145.75
145.75
146.5
146.25
146.25
146.25
146.25
146.0
146.25
146.25
145.75
146.5
146.5
146.5
146.5
146.25
145.75
145.75
146.0
146.0
145.0
144.75
144.75
144.5
144.5
144.0
143.5
143.5
143.25
143.25
143.0
143.25
143.25
143.25
143.25
143.25
143.25
143.25
144.0
144.0
145.0
145.0
145.0
145.0
145.0
145.0
145.0
145.0
145.0
145.0
145.5
145.5
145.5
145.5
145.25
145.25
145.0
145.0
145.0
145.75
145.75
145.25
145.25
145.25
145.75
145.75
145.0
145.0
145.0
146.0
146.0
145.75
145.75
146.0
146.0
146.0
146.0
146.0
145.5
146.5
146.5
145.5
145.5
145.5
145.25
145.25
145.0
145.0
144.75
145.0
145.0
146.0
145.75
145.75
145.75
145.75
145.75
145.75
145.75
146.25
146.25
146.0
145.25
145.25
145.75
145.75
146.25
145.75
145.75
145.25
145.25
145.25
145.5
145.5
145.25
144.25
144.25
145.75
145.75
146.0
145.5
145.5
145.5
145.5
145.75
145.75
145.75
145.25
145.25
146.0
146.25
146.25
146.25
146.5
146.5
146.25
146.25
147.0
146.25
146.25
147.25
147.25
147.0
146.75
146.75
146.75
146.75
146.5
146.5
146.5
146.0
146.25
146.25
147.0
147.0
146.75
146.5
146.5
146.25
146.25
146.25
146.25
146.25
145.75
145.75
145.25
145.25
145.25
144.75
144.75
145.0
145.0
145.0
145.0
145.25
145.25
145.5
145.5
145.25
145.75
145.75
145.75
145.75
145.25
145.0
145.0
145.75
145.75
145.5
145.25
145.25
145.0
145.0
146.75
146.75
146.75
147.5
147.5
147.0
147.25
147.25
148.0
147.5
147.5
148.75
148.75
148.0
147.5
147.5
147.25
147.75
147.75
147.75
147.75
148.25
149.5
149.5
150.0
149.0
149.0
149.25
149.25
148.5
147.5
147.5
147.5
147.5
147.75
147.5
147.5
147.75
147.5
147.5
147.25
147.25
147.0
147.0
147.0
146.75
146.75
144.75
143.5
143.5
144.25
144.25
144.0
144.0
144.0
144.5
144.5
145.0
144.5
144.5
144.75
144.75
144.5
143.75
143.75
144.25
144.25
144.5
144.75
144.75
145.0
145.0
145.0
145.0
145.0
145.0
145.0
144.5
143.75
143.75
143.0
143.0
142.25
142.0
142.0
141.25
141.25
141.0
141.0
140.25
139.0
139.0
138.25
138.25
137.75
138.25
138.25
138.25
138.25
138.75
138.75
139.25
139.5
139.5
140.5
140.5
140.75
140.0
140.0
141.0
141.0
141.0
141.0
140.75
139.5
139.5
139.0
139.0
139.25
139.5
139.5
139.25
139.25
139.5
139.5
139.5
138.75
138.75
138.5
138.5
137.75
137.75
137.0
137.25
137.25
136.0
136.0
135.0
135.0
135.0
135.0
135.0
136.5
136.5
137.0
137.0
137.25
137.5
137.5
137.25
137.25
136.75
136.75
136.75
138.25
138.25
137.75
137.75
137.75
137.75
136.75
138.0
138.0
137.75
137.75
137.5
137.5
138.5
137.75
137.75
138.5
138.5
138.25
138.0
138.0
138.5
138.5
140.0
140.0
140.5
139.75
139.75
139.5
139.5
138.75
138.75
139.75
140.25
140.25
140.5
140.5
140.75
140.75
140.75
141.5
141.5
141.25
143.5
143.5
142.75
142.75
143.25
143.25
143.25
143.0
143.0
142.0
142.25
142.25
141.25
141.25
141.5
141.5
141.75
142.0
142.0
142.0
142.0
141.75
142.0
142.0
142.5
142.5
143.25
142.5
142.5
142.75
142.75
143.25
143.25
143.25
143.0
143.0
142.75
142.5
142.5
142.0
142.0
142.0
142.5
142.5
142.25
142.25
142.25
142.25
142.0
142.0
142.0
142.0
142.0
142.75
143.25
143.25
142.25
142.25
142.75
142.5
142.5
142.5
142.5
143.25
142.75
142.75
143.25
143.25
142.0
142.0
142.0
141.75
141.75
142.25
142.0
142.0
142.0
142.0
142.0
143.25
143.25
142.75
142.75
142.5
142.75
142.75
143.25
143.25
143.25
143.25
143.0
143.25
143.25
143.0
143.0
143.0
142.75
142.75
141.75
141.75
142.25
142.0
142.0
142.0
142.0
142.0
142.25
142.25
142.0
142.0
142.25
142.25
142.25
142.5
142.5
142.5
142.75
142.75
143.0
143.0
143.0
143.0
143.0
143.0
143.0
142.5
142.5
142.25
142.75
142.75
142.0
142.0
142.5
142.0
142.0
142.25
142.25
142.0
141.75
141.75
142.0
142.0
142.0
142.0
142.0
142.25
142.25
142.25
142.5
142.5
142.5
142.5
142.0
143.0
143.0
143.25
143.25
143.5
143.5
143.5
143.75
143.75
143.75
143.5
143.5
144.0
144.0
144.25
144.5
144.5
144.75
144.75
144.5
144.75
144.75
144.75
144.75
145.0
145.0
145.0
144.5
144.5
144.75
144.25
144.25
144.5
144.5
144.25
144.5
144.5
143.75
143.75
143.5
144.0
144.0
144.25
144.25
143.5
144.5
144.5
144.25
144.25
144.25
144.0
144.0
144.75
144.75
145.0
145.5
145.5
145.0
145.0
145.0
145.0
145.0
145.0
145.0
144.75
144.5
144.5
144.25
144.25
145.0
144.75
144.75
145.0
145.0
145.0
145.0
145.0
144.5
144.75
144.75
144.5
144.5
144.25
144.5
144.5
144.25
144.25
144.25
144.25
144.25
144.0
144.0
143.75
144.0
144.0
144.25
144.25
144.5
144.75
144.75
144.5
144.5
145.0
144.75
144.75
144.75
144.75
145.0
145.0
145.0
145.25
145.25
145.5
146.0
146.0
146.0
146.0
146.0
146.25
146.25
146.5
146.5
146.5
146.5
146.5
146.5
146.5
146.5
146.25
146.25
146.0
145.5
145.5
145.25
145.25
145.0
144.75
144.75
145.0
145.0
145.0
145.0
145.0
144.25
144.25
144.0
144.0
144.0
143.75
143.75
144.0
143.25
143.25
142.75
142.75
142.5
142.25
142.25
142.75
142.75
142.5
142.25
142.25
142.25
142.25
142.5
143.0
143.0
143.75
143.75
143.5
145.0
145.0
145.0
145.0
145.0
145.0
145.0
145.0
145.0
145.5
145.5
145.5
144.25
144.25
145.0
147.25
147.25
146.25
145.25
145.25
144.5
144.5
145.0
145.0
145.0
145.0
145.0
144.25
144.75
144.75
145.0
145.0
146.25
144.5
144.5
144.75
144.75
146.0
146.25
146.25
146.75
146.75
147.0
147.0
147.0
146.0
147.0
147.0
147.25
147.25
147.0
147.0
147.0
148.0
148.0
147.5
146.25
146.25
147.0
147.0
147.0
148.5
148.5
148.0
149.5
149.5
149.5
149.5
149.5
149.25
149.25
149.5
151.0
151.0
151.0
150.25
150.25
150.5
150.5
149.5
149.25
149.25
148.75
148.5
148.5
147.75
147.75
148.0
146.75
146.75
147.0
147.0
146.75
147.0
147.0
147.0
147.25
147.25
147.25
147.25
147.0
146.75
146.75
147.0
147.0
146.5
146.75
146.75
147.0
147.0
147.0
146.75
146.75
145.5
145.5
145.25
145.0
145.0
145.5
145.5
145.0
145.25
145.25
145.5
146.25
146.25
146.75
146.75
145.75
145.5
145.5
144.75
144.75
144.75
144.25
144.25
142.75
142.75
140.0
140.0
140.25
139.5
139.5
138.0
138.0
135.5
135.5
131.0
131.5
131.5
132.75
132.75
130.75
130.75
130.25
130.25
131.0
131.0
129.5
129.5
129.25
130.0
130.0
129.5
129.5
127.75
127.75
128.5
128.5
129.0
129.0
128.75
128.75
130.0
129.0
129.0
129.5
129.5
130.75
130.75
131.0
131.0
131.25
131.25
132.0
131.25
131.25
130.25
130.25
131.5
131.5
132.75
132.75
133.0
133.5
133.5
134.5
134.5
134.5
134.5
135.0
135.75
135.75
135.75
135.75
135.5
135.5
136.0
135.25
135.25
134.25
134.25
133.5
133.5
132.5
132.5
131.25
131.25
130.75
132.25
132.25
133.0
133.0
132.5
132.5
132.75
132.75
133.5
134.5
134.5
134.75
134.75
133.0
133.0
133.5
133.5
134.25
134.0
134.0
134.75
134.75
135.5
135.5
136.25
136.25
136.25
136.5
136.5
136.25
136.25
136.75
137.5
137.5
137.75
137.75
138.25
138.25
138.5
138.5
138.5
139.5
139.5
139.25
138.5
138.5
137.5
137.5
138.25
138.25
137.5
136.75
136.75
137.5
137.5
137.75
137.75
138.0
137.5
137.5
139.5
139.5
139.5
139.5
139.5
139.5
139.5
138.5
138.5
139.5
140.0
140.0
140.5
140.5
140.0
140.0
139.5
140.0
140.0
140.0
140.0
141.0
141.0
141.0
140.0
140.0
140.5
141.5
141.5
142.75
142.75
143.25
143.25
142.5
142.75
142.75
141.5
141.5
141.5
143.25
143.25
144.25
144.25
143.5
143.75
143.75
143.5
144.0
144.0
142.75
142.75
144.0
144.0
142.75
145.0
145.0
144.0
144.5
144.5
144.0
144.0
142.5
142.5
141.25
140.0
140.0
139.0
139.0
139.0
139.75
139.75
139.25
139.25
139.5
139.5
140.0
140.75
140.75
141.0
141.0
141.25
141.75
141.75
142.25
142.25
142.75
142.75
142.75
142.5
142.5
142.0
141.75
141.75
142.0
142.0
143.25
143.25
143.25
143.5
143.5
143.25
143.25
143.75
143.0
143.0
143.25
143.25
140.5
138.75
138.75
139.5
139.5
138.25
138.25
138.5
139.25
139.25
139.75
139.75
140.0
141.0
141.0
142.25
142.25
142.75
143.0
143.0
142.25
142.25
142.0
142.25
142.25
142.0
142.0
145.75
145.75
145.0
145.0
140.0
140.0
140.0
139.75
139.75
139.75
139.75
140.0
140.0
140.0
140.0
140.79166666666666
141.58333333333334
142.375
143.16666666666666
143.95833333333334
144.75
145.0
145.0
145.5
145.5
146.25
145.75
145.75
146.25
146.25
146.0
146.0
146.0
146.5
147.0
147.0
146.25
146.25
146.5
147.0
147.0
146.25
146.25
146.75
145.75
145.75
145.75
145.75
146.0
145.75
145.75
146.0
145.0
145.0
145.0
145.0
144.75
144.5
144.5
144.75
144.75
146.25
145.5
145.5
147.0
147.0
146.5
145.0
145.0
147.25
147.25
146.5
146.5
146.5
145.25
146.0
146.0
148.25
148.25
147.75
147.0
147.0
146.25
146.25
147.0
147.25
147.25
147.0
147.0
146.0
146.5
146.5
147.0
145.25
145.25
145.0
145.0
144.5
142.25
142.25
142.5
142.5
142.0
141.5
141.5
142.5
142.5
142.0
142.0
142.25
142.25
142.25
142.25
142.25
142.5
141.25
141.25
142.0
142.0
142.5
142.0
142.0
142.0
142.0
140.0
140.0
139.75
140.25
140.25
140.75
140.75
140.75
141.0
141.0
141.75
141.75
141.25
140.75
140.75
142.0
142.0
142.25
142.5
142.5
143.25
143.25
144.0
144.5
144.5
143.0
143.0
143.5
143.75
143.75
144.25
144.25
143.25
145.0
145.0
145.5
145.5
144.5
145.5
145.5
146.5
146.5
147.0
145.75
145.75
145.0
145.0
145.75
145.0
145.0
145.25
145.5
145.5
145.5
145.5
146.0
145.5
145.5
144.5
144.5
144.5
145.0
145.0
145.5
145.5
146.25
145.75
145.75
145.75
145.75
148.25
148.25
148.25
148.75
147.5
147.5
147.5
147.5
148.25
148.25
148.25
149.5
149.5
149.5
144.5
144.5
144.25
144.25
143.25
144.5
144.5
144.5
144.5
144.0
142.75
142.75
142.0
142.0
139.5
139.5
139.5
140.0
140.0
140.5
140.5
140.75
141.5
141.5
140.25
140.25
140.25
140.5
140.5
140.75
140.75
140.75
142.25
142.25
142.75
142.75
142.75
142.25
142.25
143.25
143.25
143.75
145.0
145.0
143.25
143.25
145.0
144.25
144.25
145.25
145.25
145.75
145.5
145.5
145.75
145.75
146.25
148.5
148.5
148.0
148.0
147.25
147.0
147.0
147.5
147.25
147.25
147.75
147.75
147.75
148.5
148.5
148.75
148.25
148.25
149.0
149.0
150.0
150.0
150.0
150.75
152.25
152.25
151.75
152.0
152.0
152.75
152.75
153.25
151.5
151.5
151.5
150.75
150.75
151.5
151.5
151.5
150.75
150.75
150.25
150.0
150.0
149.5
149.5
149.0
148.75
148.75
149.25
149.25
149.25
149.25
149.25
149.0
148.25
148.25
148.75
149.25
149.25
148.0
148.0
148.5
148.5
148.5
149.0
149.25
149.25
149.0
149.0
148.5
148.5
148.5
148.0
148.0
148.25
148.0
148.0
148.0
147.5
147.5
148.0
148.0
147.5
147.75
147.75
147.75
147.75
147.75
147.0
147.0
147.0
147.5
147.5
147.0
147.0
147.5
148.25
148.25
148.5
148.5
148.25
148.0
148.0
148.0
147.75
147.75
147.75
147.75
147.25
147.0
147.0
146.25
146.25
146.25
146.0
146.0
145.5
145.5
145.25
145.5
145.5
146.0
146.0
146.0
146.25
146.25
145.75
146.25
146.25
146.5
146.5
147.25
148.0
148.0
147.0
148.25
148.25
147.0
147.0
146.25
147.0
147.0
146.0
146.0
146.5
145.75
145.75
146.0
146.0
145.25
145.0
145.0
145.0
145.0
145.75
145.5
145.5
146.75
145.5
145.5
145.5
145.5
145.75
146.0
146.0
146.5
146.5
146.25
147.25
147.25
145.5
145.5
145.75
146.0
146.0
146.25
146.25
146.25
147.0
147.0
145.25
145.75
145.75
146.5
146.5
146.5
145.75
145.75
145.5
145.5
145.75
145.5
145.5
145.5
145.5
145.25
143.25
143.25
144.75
144.75
145.25
145.5
145.5
145.0
145.0
144.25
145.0
145.0
145.25
145.25
145.0
144.5
144.5
145.0
145.5
145.5
146.25
146.25
146.75
145.75
145.75
146.5
146.5
146.5
147.0
147.0
147.75
147.75
148.0
147.0
147.0
147.25
147.0
147.0
147.0
147.0
148.0
147.25
147.25
147.5
147.5
147.5
147.25
147.25
148.0
147.0
147.0
145.75
145.75
145.75
144.5
144.5
146.0
146.0
146.5
145.5
145.5
144.75
144.75
147.75
145.0
145.0
146.0
146.0
146.25
145.25
145.25
145.5
146.0
146.0
145.75
145.75
145.5
146.0
146.0
146.25
146.25
146.75
147.0
147.0
146.75
146.75
146.5
147.75
147.75
147.25
147.0
147.0
147.0
147.0
147.0
146.0
146.0
146.25
146.25
146.5
146.5
146.5
146.25
146.25
145.75
145.5
145.5
144.0
144.0
144.75
145.25
145.25
145.0
145.0
144.5
144.75
144.75
145.0
145.0
145.0
145.75
145.75
146.0
146.25
146.25
146.25
146.25
146.5
146.5
146.5
146.0
146.0
145.75
146.25
146.25
146.0
146.0
146.25
146.25
146.25
145.75
145.75
145.75
146.0
146.0
146.75
144.75
144.75
145.0
145.0
144.75
145.0
145.0
145.5
145.5
144.75
145.0
145.0
145.0
145.0
144.75
145.0
145.0
145.25
145.25
144.75
145.0
145.0
144.75
144.75
144.25
143.25
143.25
143.0
143.0
143.25
143.75
143.75
143.25
143.25
143.25
143.0
143.0
142.5
142.5
143.25
143.5
143.5
143.25
143.25
143.5
144.0
144.0
144.0
144.0
143.75
144.5
144.5
144.75
144.75
145.0
145.0
145.0
146.25
146.25
147.5
147.75
147.75
148.75
150.0
150.0
150.0
150.0
150.0
150.0
150.0
149.5
150.0
150.0
150.5
151.75
151.75
151.0
151.0
151.75
151.75
151.75
152.5
154.5
154.5
154.75
153.25
153.25
153.75
154.0
154.0
153.25
153.25
150.5
150.5
153.5
153.75
153.75
154.25
154.25
148.75
152.5
152.5
153.25
151.25
151.25
151.75
151.25
151.25
151.25
151.25
151.0
151.0
151.0
151.5
152.0
152.0
152.0
151.5
151.5
152.25
150.0
150.0
147.5
149.25
149.25
149.5
149.5
149.5
149.75
149.75
148.75
148.75
147.75
147.5
147.5
148.25
148.25
147.75
147.75
147.75
150.0
150.0
149.0
148.75
148.75
149.0
149.0
150.0
151.5
151.5
152.0
153.0
153.0
151.75
151.75
154.25
154.25
153.25
153.75
153.75
154.25
154.25
154.25
154.5
153.25
153.25
153.0
153.0
150.75
147.25
147.25
142.75
142.75
138.0
138.0
133.0
133.0
131.25
131.25
128.75
129.5
129.5
129.25
129.25
129.5
129.5
132.0
132.0
134.5
136.5
136.5
137.5
137.5
139.0
139.0
139.0
139.0
139.0
141.75
141.75
144.25
145.75
145.75
145.75
146.5
146.5
148.25
148.25
148.5
148.25
148.25
146.25
146.25
149.5
151.0
151.0
150.0
151.75
151.75
150.75
150.0
150.0
150.75
150.75
150.0
148.25
148.25
146.75
146.75
146.25
146.5
146.5
146.75
147.5
147.5
148.0
148.0
147.0
145.75
145.75
145.0
145.0
143.75
143.25
143.25
141.5
141.5
141.75
141.75
139.75
139.25
139.25
139.75
139.75
140.25
139.75
139.75
141.5
141.5
143.0
143.0
143.0
143.25
143.25
143.75
143.75
143.75
143.25
143.25
143.0
142.25
142.25
140.75
140.75
138.75
138.75
139.5
138.0
138.0
138.75
138.75
139.5
140.0
140.0
140.75
140.75
142.0
142.0
141.75
141.75
141.75
142.75
142.75
143.5
144.25
144.25
144.25
144.25
143.75
143.25
143.25
140.75
140.75
139.5
139.75
139.75
140.75
140.75
140.75
140.75
141.25
141.75
141.75
141.5
141.5
140.5
139.5
139.5
138.5
138.5
138.5
138.5
137.5
137.25
137.25
139.0
139.0
139.0
140.0
140.0
140.75
140.75
142.0
142.0
142.5
143.25
143.25
143.5
143.5
143.5
144.5
144.5
143.25
143.25
143.0
142.75
142.75
143.5
143.5
143.5
142.0
142.0
141.75
141.75
141.0
142.25
142.25
142.25
142.25
143.0
141.75
141.75
142.25
142.25
144.25
143.25
143.25
144.0
144.0
143.25
144.0
144.0
145.75
145.75
145.25
146.0
146.0
145.5
145.5
145.75
145.5
145.5
145.5
145.5
144.5
144.0
144.0
143.0
143.0
142.0
142.25
142.25
142.75
142.75
143.5
144.0
144.0
144.25
144.25
145.0
146.0
146.0
147.0
146.5
146.5
145.5
145.5
146.5
146.75
146.75
146.25
146.25
146.75
146.75
146.75
146.75
146.75
147.0
147.0
147.0
147.0
147.25
147.25
146.5
146.5
145.0
145.25
145.25
145.0
144.5
144.5
144.0
144.0
144.0
143.75
147.0
147.0
147.0
144.5
144.5
144.5
144.5
144.5
144.5
144.5
144.5
144.5
144.25
144.25
144.25
144.25
144.25
144.25
144.96428571428572
145.67857142857142
146.39285714285714
147.10714285714286
147.82142857142858
148.53571428571428
149.25
149.25
148.75
149.25
149.25
149.25
149.25
148.25
147.25
147.25
147.0
147.0
147.0
147.0
146.5
146.5
146.5
146.75
146.75
146.0
146.0
145.5
145.0
145.0
145.0
144.25
142.25
142.25
142.75
142.75
141.5
142.0
142.0
142.0
142.0
141.5
141.5
142.0
139.75
139.75
141.25
141.25
141.5
142.75
142.75
142.0
142.0
143.75
144.0
144.0
145.0
145.0
145.0
144.75
144.75
145.0
145.0
145.75
147.0
147.0
147.0
148.25
148.25
147.75
147.75
146.75
145.5
145.5
145.5
145.5
145.75
145.75
145.75
146.5
146.5
147.0
146.75
146.75
147.75
147.0
147.0
148.5
148.5
149.25
150.75
150.75
148.5
148.25
148.25
149.0
149.0
147.75
147.0
147.0
147.0
147.0
148.5
149.0
149.0
150.5
149.75
149.75
149.25
149.25
149.25
151.25
150.75
150.75
150.75
150.75
151.25
153.0
153.0
152.0
152.0
151.5
151.5
151.5
150.75
150.25
150.25
151.0
151.0
149.25
148.0
148.0
149.25
149.25
149.25
148.75
148.75
148.5
147.5
147.5
146.0
145.25
145.25
145.0
145.0
145.75
145.75
145.75
145.5
145.5
143.25
142.25
142.25
143.25
143.25
143.25
143.25
143.25
144.25
144.25
145.0
144.75
144.75
142.5
142.5
140.75
140.75
139.75
138.25
138.25
136.5
136.5
134.25
134.25
132.0
132.0
129.5
129.5
129.25
131.0
131.0
132.75
132.75
135.0
135.0
136.25
137.5
137.5
138.5
138.5
137.5
137.5
137.25
134.5
134.5
132.75
132.75
129.5
129.5
129.75
129.75
130.25
130.25
132.0
134.0
134.0
135.75
135.75
135.5
135.5
132.75
132.75
132.75
132.75
132.75
134.0
134.0
135.0
135.0
134.25
135.0
135.0
135.75
135.75
136.75
136.75
138.75
139.5
139.5
141.0
141.0
143.0
142.25
142.25
143.0
143.0
143.0
142.0
142.0
142.75
142.75
142.5
144.75
144.75
145.25
145.25
145.5
146.0
146.0
146.25
146.25
147.25
147.5
147.5
147.5
146.75
146.75
147.0
147.0
145.25
145.0
145.0
143.75
143.75
143.5
143.5
143.5
143.5
143.5
143.25
143.75
143.75
144.25
144.25
142.25
141.5
141.5
142.0
142.0
142.75
142.75
143.75
143.25
143.25
145.25
145.0
145.0
143.5
143.5
142.25
142.25
142.5
142.25
142.25
142.5
142.5
144.25
144.5
144.5
144.25
144.25
144.75
145.0
145.0
145.75
145.0
145.0
144.75
144.75
144.25
144.75
144.75
145.0
145.0
145.0
145.0
146.75
146.75
146.75
146.75
146.5
147.0
147.0
146.75
146.75
147.0
147.0
147.5
148.0
148.0
147.25
147.25
147.0
146.75
146.75
146.25
146.25
146.75
146.25
146.25
146.0
146.25
146.25
147.0
147.0
147.0
148.0
148.0
148.75
148.75
148.75
149.25
149.25
149.25
149.5
149.5
149.5
149.5
149.25
149.75
149.75
149.75
149.75
149.75
149.25
149.25
149.25
149.0
149.0
149.25
149.0
149.0
149.0
149.0
148.75
148.25
148.25
148.0
148.25
148.25
148.25
148.25
148.0
147.25
147.25
147.0
147.0
147.0
147.25
147.25
148.25
148.0
148.0
148.25
148.25
148.0
147.0
147.0
148.0
148.0
148.5
147.75
147.75
148.5
148.5
147.0
148.0
148.0
148.25
146.75
146.75
148.25
148.25
148.25
149.25
149.25
149.25
148.25
149.5
149.5
150.5
150.25
150.25
150.0
150.0
150.25
150.0
150.0
150.25
150.25
150.25
150.25
150.25
150.25
150.5
150.5
151.0
150.5
150.5
150.5
150.5
150.75
151.25
151.25
150.75
150.0
150.0
149.75
149.75
149.25
148.5
148.5
148.25
148.25
148.75
148.75
148.75
148.75
148.75
149.0
149.0
149.0
148.75
147.75
147.75
146.5
146.5
147.0
147.0
146.75
147.25
147.25
147.0
147.0
147.0
147.25
147.25
147.25
147.25
148.0
147.5
147.5
147.25
146.25
146.25
146.5
146.5
146.25
145.25
145.25
145.0
145.0
145.25
145.75
145.75
145.25
145.25
145.0
145.0
145.0
143.25
143.25
143.25
142.5
142.5
142.75
142.75
142.75
141.0
141.75
141.75
142.5
143.25
143.25
143.25
143.25
143.25
143.25
143.5
143.5
143.25
143.25
146.0
145.25
145.25
143.75
143.75
142.0
142.0
141.0
140.25
140.25
139.75
139.75
138.0
137.75
137.75
137.5
137.5
138.0
138.0
138.25
138.0
138.0
138.5
138.5
139.25
138.5
138.5
138.5
138.5
142.0
142.0
142.0
143.75
143.75
143.75
143.75
143.75
143.75
143.75
142.0
142.0
141.0
138.5
138.5
137.75
137.75
136.5
136.5
136.75
137.25
137.25
137.0
137.0
137.5
137.5
138.5
138.5
138.5
139.25
139.25
139.0
139.0
138.5
137.0
137.0
134.25
134.25
131.5
131.5
128.0
128.0
130.0
130.0
131.25
133.5
133.5
134.25
134.25
133.75
133.75
134.75
134.5
134.5
134.75
134.75
135.25
135.25
135.0
135.0
134.5
132.75
132.75
130.25
130.25
130.25
130.25
131.75
131.75
132.25
132.25
131.5
132.0
132.0
132.0
132.0
132.75
132.75
134.5
134.5
136.25
135.75
135.75
135.25
135.25
135.25
135.25
136.0
136.5
136.5
138.0
138.0
139.25
140.75
140.75
141.25
141.25
141.0
141.0
139.5
140.0
140.0
139.75
139.75
140.75
140.25
140.25
140.75
140.75
141.25
141.0
141.0
140.75
140.75
139.75
139.75
139.0
140.0
140.0
140.5
140.5
140.5
140.75
140.75
141.5
141.5
142.25
142.25
142.5
142.5
142.5
142.0
142.0
142.75
142.0
142.0
141.75
141.75
141.5
141.75
141.75
141.0
141.0
142.0
140.75
140.75
141.0
141.0
140.75
140.75
141.25
142.0
142.0
142.75
142.75
143.25
143.0
143.0
143.25
143.25
145.0
145.0
145.0
144.75
145.0
145.0
144.25
144.25
145.0
145.0
145.0
144.25
144.25
143.75
144.25
144.25
143.25
143.25
143.75
145.25
145.25
145.0
145.0
143.25
144.25
144.25
145.0
145.0
145.0
144.75
144.75
145.25
145.25
144.75
144.5
144.5
144.75
144.75
145.0
146.0
146.0
145.5
145.5
145.75
146.25
146.25
147.0
147.0
147.0
147.0
147.0
146.75
145.25
145.25
144.75
144.75
145.75
148.0
148.0
146.5
146.5
146.75
146.5
146.5
146.25
146.25
146.25
146.25
146.25
147.0
146.5
146.5
146.5
146.5
146.75
147.5
147.5
147.0
147.5
147.5
147.75
147.75
148.25
146.75
146.75
147.0
147.0
146.5
146.25
146.25
146.0
146.0
146.25
146.25
146.25
146.0
145.75
145.75
146.0
146.0
147.0
146.0
146.0
145.75
145.75
146.5
146.5
146.5
147.0
147.0
147.5
147.0
147.0
147.0
147.75
147.75
148.25
148.25
147.0
147.25
147.25
147.5
147.5
147.5
147.5
145.75
145.75
145.75
147.0
147.0
148.0
148.0
151.25
151.25
150.5
150.25
150.25
149.75
149.75
149.5
150.0
150.0
150.0
151.0
151.0
150.75
150.75
150.5
150.75
150.75
150.5
150.25
150.25
150.0
150.0
151.0
150.75
150.75
150.0
147.75
147.75
149.25
149.25
149.0
149.25
149.25
148.5
150.0
150.0
149.0
149.0
149.75
149.75
149.75
150.0
149.75
149.75
149.75
149.75
148.75
149.5
149.5
148.25
147.0
147.0
147.0
147.0
147.0
147.0
147.0
147.0
147.0
147.0
150.75
150.75
149.0
149.25
149.25
149.25
149.25
149.25
149.25
149.25
149.25
149.25
149.25
149.25
149.5
149.5
149.25
149.25
149.25
149.25
148.75
149.0
149.0
148.5
148.75
148.75
148.5
148.5
148.5
148.5
148.5
148.5
148.5
148.25
148.5
148.5
149.0
148.0
148.0
149.0
149.0
149.0
149.25
149.25
149.25
149.25
149.25
149.25
149.25
149.5
147.75
147.75
145.75
145.75
145.5
146.25
146.25
147.0
147.0
146.5
146.5
146.5
147.0
147.0
147.0
148.0
148.0
148.5
149.5
149.5
149.0
148.25
148.25
147.0
147.0
147.25
147.75
147.75
148.25
148.25
147.5
145.75
145.75
145.75
148.25
148.25
148.75
148.75
148.25
148.0
148.0
148.25
148.25
149.0
146.5
146.5
148.5
148.25
148.25
148.0
148.0
149.0
148.25
148.25
148.25
147.75
147.75
149.0
149.0
149.25
149.5
149.5
149.25
149.0
149.0
148.5
148.5
148.0
147.75
147.75
147.75
147.75
147.0
146.75
146.75
146.75
146.75
146.25
146.0
146.0
145.5
146.25
146.25
145.75
145.75
146.75
147.25
147.25
146.5
146.5
147.0
145.0
145.0
143.75
143.75
143.0
143.5
143.5
143.25
143.25
142.75
143.5
143.5
143.25
143.25
144.5
145.25
145.25
145.25
145.25
145.25
145.5
145.5
145.5
145.5
145.5
145.0
145.0
145.25
145.25
145.25
143.5
143.5
143.25
143.25
143.25
143.25
143.25
143.0
142.75
142.75
143.25
143.25
143.25
143.5
143.5
143.5
143.5
143.5
143.5
143.5
143.5
143.5
142.5
142.5
143.0
142.75
142.75
143.0
143.75
143.75
143.75
141.25
141.5
141.5
141.75
140.5
140.5
141.25
141.25
139.75
141.0
141.0
140.0
140.0
139.0
139.0
139.75
139.5
139.5
139.25
139.25
139.5
140.0
140.0
140.25
140.25
140.5
140.5
138.5
137.0
137.0
136.75
136.75
136.5
136.5
136.25
136.25
136.75
135.0
135.0
135.5
135.5
136.75
136.75
137.5
138.75
138.75
138.5
138.5
138.75
139.25
139.25
140.0
140.0
140.25
140.25
139.5
139.0
139.0
137.0
137.0
132.75
132.75
133.5
132.25
132.25
129.25
129.25
131.0
131.0
132.75
132.75
134.5
134.5
135.0
136.75
136.75
135.75
135.75
135.75
135.75
135.0
134.25
134.25
134.75
134.75
134.25
134.25
133.5
133.5
136.25
133.5
133.5
133.75
133.75
134.5
134.5
135.75
135.75
135.75
135.75
135.75
135.75
135.75
135.75
137.5
137.5
138.0
138.0
139.25
139.25
140.25
139.75
139.75
138.5
138.5
138.5
139.0
139.0
140.0
140.0
141.25
140.75
140.75
141.0
141.0
140.5
140.5
140.75
141.0
141.0
140.5
140.5
140.0
140.75
140.75
140.75
140.75
141.75
141.75
141.0
142.0
142.0
142.5
142.5
142.25
142.25
142.25
142.0
142.0
142.0
142.5
142.5
143.0
143.0
143.25
144.0
144.0
143.75
143.75
144.75
143.5
143.5
143.25
143.25
143.0
142.0
142.0
142.5
142.5
142.5
143.0
143.0
142.5
142.5
142.5
143.25
143.25
142.75
142.75
143.0
142.5
142.5
142.5
142.5
142.0
142.0
142.25
144.25
144.25
142.5
142.5
142.5
143.75
143.75
144.0
144.0
142.75
145.0
145.0
145.0
145.0
145.25
144.25
144.25
145.0
145.0
145.0
145.5
145.5
145.25
145.75
145.75
145.25
145.25
145.75
145.75
145.75
145.5
145.5
145.0
145.25
145.25
146.5
146.5
145.75
146.5
146.5
146.25
146.25
145.75
147.0
147.0
146.5
146.5
146.5
145.5
145.5
146.0
146.25
146.25
145.25
145.25
146.75
147.0
147.0
146.75
146.75
146.75
146.0
146.0
146.0
146.5
146.5
147.25
147.25
147.0
146.0
146.0
146.75
146.75
145.75
146.75
146.75
147.5
147.5
146.75
147.0
147.0
146.75
147.0
147.0
148.75
148.75
148.25
148.25
148.25
147.25
147.5
147.5
148.0
148.0
149.0
149.5
149.5
149.75
149.75
149.75
149.5
149.5
149.5
151.25
151.25
150.25
150.5
150.5
151.5
151.5
151.5
150.0
150.0
150.0
151.5
151.5
149.5
149.5
150.25
150.0
150.0
149.5
148.5
148.5
149.5
149.5
147.5
148.5
148.5
148.75
147.75
147.75
149.5
149.5
148.25
147.5
147.5
147.5
147.5
148.25
148.0
148.0
147.75
149.0
149.0
147.75
147.75
147.75
147.75
147.75
148.0
148.0
147.75
147.5
147.5
149.5
148.75
148.75
147.75
147.75
147.5
147.25
147.25
148.25
148.5
148.5
147.75
147.75
146.75
147.0
147.0
146.75
146.75
147.75
147.25
147.25
147.5
147.5
147.0
147.25
147.25
147.5
147.75
147.75
148.25
148.25
148.0
148.0
148.0
148.0
148.0
148.0
147.75
147.75
148.5
148.25
148.25
148.25
148.25
148.25
148.0
148.0
148.5
147.5
147.5
148.5
148.5
148.75
149.0
149.0
147.5
147.5
147.25
148.25
148.25
147.5
146.75
146.75
146.75
146.75
146.5
146.5
146.5
147.0
147.0
147.0
146.5
146.5
146.5
146.5
146.5
146.5
146.5
146.5
146.5
146.5
146.5
146.5
146.5
146.5
146.5
146.5
146.203125
145.90625
145.609375
145.3125
145.015625
144.71875
144.421875
144.125
143.828125
143.53125
143.234375
142.9375
142.640625
142.34375
142.046875
141.75
141.75
142.5
142.5
142.5
142.5
142.5
142.5
142.5
142.5
142.5
142.5
142.5
142.5
142.5
142.5
142.5
142.38333333333333
142.26666666666668
142.15
142.03333333333333
141.91666666666666
141.8
141.68333333333334
141.56666666666666
141.45
141.33333333333334
141.21666666666667
141.1
140.98333333333332
140.86666666666667
140.75
140.75
139.75
139.75
141.25
141.25
141.5
141.5
142.0
142.25
142.25
142.5
142.5
142.0
142.0
140.75
140.75
140.5
140.5
140.75
140.75
141.5
141.5
140.75
140.75
140.75
140.75
140.75
140.0
140.0
138.5
139.25
139.25
139.75
139.75
140.75
140.75
140.75
140.75
140.75
140.5
140.5
140.0
139.25
139.25
139.0
139.0
138.75
138.75
138.5
138.5
138.5
139.25
139.25
139.5
139.5
137.25
136.75
136.75
137.0
137.0
135.75
135.75
134.5
134.0
134.0
134.25
134.25
135.75
135.75
134.25
134.25
134.25
133.5
133.5
133.5
133.5
133.5
133.5
133.5
133.5
134.25
135.0
135.0
135.0
135.0
135.0
135.0
135.0
135.0
135.0
135.0
135.0
134.75
134.75
134.75
134.75
134.75
134.88636363636363
135.02272727272728
135.1590909090909
135.29545454545453
135.4318181818182
135.5681818181818
135.70454545454547
135.8409090909091
135.97727272727272
136.11363636363637
136.25
136.75
136.75
136.25
136.25
136.75
137.25
137.25
137.0
137.0
137.0
138.75
138.75
136.75
138.0
138.0
139.0
139.0
138.25
138.25
138.75
138.5
138.5
138.5
138.5
138.5
138.5
138.5
138.5
138.25
138.2
138.15
138.1
138.05
138.0
138.0
138.75
138.75
139.0
139.0
139.5
139.5
139.5
139.5
139.5
139.75
139.75
140.5
140.75
140.75
140.75
140.75
140.75
141.0
141.0
141.25
141.25
142.0
142.5
142.5
142.75
142.75
142.75
142.75
143.0
143.0
143.0
142.75
142.75
142.75
143.75
143.75
141.0
141.0
141.75
141.75
142.25
143.25
143.25
144.0
144.0
143.25
144.75
144.75
144.25
144.25
144.25
144.25
144.25
144.25
144.25
144.25
144.5
144.5
144.5
144.5
143.9375
143.375
142.8125
142.25
142.25
141.75
142.25
142.25
142.5
142.5
143.5
143.25
143.25
143.75
143.75
143.75
144.25
144.25
145.0
145.0
145.0
145.0
145.0
144.5
145.0
145.0
145.5
145.25
145.25
145.25
145.25
145.25
145.0
145.0
144.75
144.75
145.25
145.5
145.5
146.0
146.0
145.75
146.5
146.5
145.75
145.75
145.5
145.75
145.75
146.5
146.25
146.25
146.0
146.0
145.25
146.5
146.5
146.75
146.75
146.75
147.0
147.0
145.75
145.75
147.0
147.0
147.75
144.25
144.25
145.25
145.25
146.5
146.75
146.75
147.0
147.0
147.0
147.75
147.0
147.0
147.0
147.0
147.0
147.0
147.0
147.5
147.5
147.0
147.0
147.0
148.0
148.0
145.5
147.0
147.0
148.25
148.25
148.25
148.25
148.25
148.5
148.5
148.5
146.25
146.25
145.0
147.0
147.0
145.5
145.5
146.5
146.0
146.0
146.5
146.5
145.5
146.75
146.75
146.5
146.75
146.75
147.0
147.0
147.5
146.5
146.5
146.0
146.0
147.0
148.75
148.75
148.0
148.0
147.75
148.5
148.5
148.5
149.75
149.75
148.5
148.75
148.75
148.75
148.75
148.75
148.75
149.0
148.75
148.75
148.5
148.25
148.25
148.5
148.5
148.0
147.5
147.0
147.0
148.0
148.0
147.75
147.75
147.5
148.25
148.25
148.25
147.75
147.75
147.0
147.0
147.0
147.0
147.0
147.0
147.0
147.0
148.5
148.5
147.0
147.0
146.75
146.0
146.0
146.0
146.0
146.0
146.75
146.75
148.25
148.25
147.75
147.75
147.75
147.75
147.75
147.75
147.75
148.0
148.0
148.0
145.25
145.25
146.75
145.5
145.5
145.5
147.25
146.25
146.25
146.75
145.25
145.25
145.0
145.0
144.25
144.25
144.25
144.25
144.25
144.25
144.25
144.25
144.5
144.5
144.25
145.75
145.75
145.0
145.0
144.5
144.75
144.75
145.25
145.25
145.25
145.25
144.25
143.25
143.25
142.25
142.25
142.5
142.5
142.5
142.75
142.75
142.5
142.25
142.25
142.25
142.25
142.25
142.25
142.25
142.25
142.25
142.25
142.25
142.25
142.25
142.25
142.25
142.25
142.4318181818182
142.61363636363637
142.79545454545453
142.97727272727272
143.1590909090909
143.3409090909091
143.52272727272728
143.70454545454547
143.88636363636363
144.0681818181818
144.25
144.4318181818182
144.61363636363637
144.79545454545453
144.97727272727272
145.1590909090909
145.3409090909091
145.52272727272728
145.70454545454547
145.88636363636363
146.0681818181818
146.25
145.0
145.0
145.5
145.5
146.25
145.0
145.0
145.5
145.5
143.25
143.25
143.5
142.25
142.25
142.5
143.5
143.5
143.0
143.0
143.25
144.0
144.0
144.5
144.5
144.25
144.25
144.75
144.5
144.5
144.5
144.5
143.5
143.25
143.25
142.0
142.0
143.75
143.25
143.25
143.25
143.25
143.25
142.25
142.25
141.25
141.25
141.5
141.5
141.5
141.5
141.5
139.0
139.0
136.75
136.75
137.0
137.0
137.0
137.0
136.75
136.75
139.5
139.5
140.25
140.25
141.0
140.75
140.75
140.75
139.75
139.75
139.25
139.25
139.0
140.25
140.25
140.25
140.25
140.25
140.25
140.5
140.5
140.5
141.75
141.75
142.0
142.0
142.75
142.25
142.25
142.5
142.5
143.0
141.75
141.75
143.75
143.75
142.25
142.25
142.25
140.0
140.0
142.25
142.0
142.0
140.75
140.75
139.5
139.5
140.25
141.5
141.5
140.0
140.0
142.0
142.0
142.0
142.0
142.0
143.25
143.5
143.5
145.75
145.75
143.25
143.25
144.25
143.0
143.0
143.25
143.0
143.0
143.25
143.25
143.0
143.25
143.25
144.5
142.75
142.75
143.5
143.5
143.5
146.0
146.0
143.25
143.25
145.0
145.0
146.25
145.25
145.25
145.75
145.75
145.25
144.5
144.5
144.75
144.75
144.75
144.75
144.75
144.75
144.75
145.0
145.0
144.75
145.0
145.04166666666666
145.08333333333334
145.125
145.16666666666666
145.20833333333334
145.25
145.25
146.0
145.75
145.75
145.0
146.25
146.25
146.25
146.25
146.5
146.25
146.25
146.25
146.25
146.25
146.25
146.25
146.25
146.25
146.25
146.25
146.25
147.0
147.0
146.25
146.25
147.0
147.0
147.0
146.25
146.5
146.5
146.0
146.25
146.25
146.25
146.25
146.25
146.25
146.75
147.25
147.25
147.5
147.75
147.75
147.25
147.25
148.25
147.0
147.0
147.75
147.75
148.0
147.25
147.25
146.25
146.5
146.5
146.75
146.75
147.0
147.0
147.0
145.5
145.5
145.0
145.5
145.5
145.25
146.5
146.5
147.0
147.0
147.0
147.0
146.0
146.5
146.5
147.0
147.0
147.0
146.75
146.75
147.0
146.75
147.0
147.0
146.5
146.5
146.25
145.75
145.75
145.75
144.5
147.0
147.0
146.75
146.75
146.75
147.0
147.0
147.0
146.5
146.5
147.0
147.0
147.0
146.75
146.75
146.75
147.0
147.0
147.25
147.0
147.0
147.25
147.25
147.0
147.0
147.0
147.0
147.0
147.0
147.5
147.5
146.75
146.75
147.75
147.0
147.0
147.75
147.75
148.75
148.0
148.0
146.75
146.75
145.25
147.75
147.75
147.0
146.75
146.75
147.0
147.0
147.5
147.25
147.25
146.75
146.75
147.5
147.25
147.25
147.5
147.5
147.75
147.25
147.25
147.0
147.0
147.0
147.0
147.0
146.75
146.75
146.75
147.25
147.0
147.0
147.0
147.0
147.0
146.75
146.75
146.75
146.75
147.25
145.75
145.75
145.5
145.5
146.0
146.0
146.0
147.0
146.75
146.75
147.0
147.0
147.0
146.75
146.75
147.0
146.75
146.75
145.75
145.75
146.25
146.25
146.25
145.75
145.25
145.25
145.0
145.0
144.25
144.25
144.25
144.25
144.25
144.25
144.25
144.25
144.25
144.5
144.5
144.5
144.25
144.25
144.25
144.5
