142.5
142.5
142.5
142.5
142.5
142.5
142.5
142.5
142.5
142.75
142.75
141.5
141.5
142.25
143.75
143.75
144.0
144.0
144.0
144.0
144.0
144.0
144.0
144.0
144.0
144.25
144.25
143.25
143.25
143.25
143.0
143.0
142.25
142.25
141.0
140.5
140.5
138.75
138.75
138.75
137.0
137.0
137.0
134.75
134.75
134.75
133.75
133.75
137.0
137.0
141.25
138.5
138.5
134.5
134.5
134.5
134.5
135.75
135.75
136.25
135.75
135.75
134.75
134.75
135.0
134.5
134.5
134.25
134.25
135.5
135.5
134.0
134.0
135.25
135.25
136.25
136.25
136.25
136.25
136.25
136.25
136.75
136.25
136.25
135.25
135.25
134.75
134.75
134.75
135.75
135.75
135.75
135.75
135.75
135.75
136.25
136.25
137.0
137.0
136.5
136.5
136.5
136.5
136.5
134.75
134.75
133.5
133.5
135.0
135.0
135.0
134.0
131.5
131.5
131.5
132.75
132.75
132.75
132.75
132.75
133.25
133.25
132.0
132.0
132.25
132.25
133.0
133.0
133.25
133.25
133.25
133.25
133.25
133.25
133.25
133.25
130.5
130.5
130.5
130.5
136.25
136.25
135.75
135.75
135.25
138.25
138.25
139.5
139.5
138.5
138.5
137.75
137.5
137.5
137.5
137.5
137.25
136.5
136.5
135.5
135.5
133.25
133.25
130.0
130.0
132.75
132.75
134.0
134.75
134.75
134.5
134.5
135.0
135.0
135.25
135.25
132.75
132.75
132.75
132.75
132.0
132.0
131.25
131.25
130.0
130.0
130.0
130.0
131.75
131.75
132.0
132.0
132.0
132.0
132.0
132.0
132.0
132.0
133.0
133.0
133.0
133.0
133.0
134.75
134.75
133.75
133.25
133.25
133.25
133.25
134.0
134.0
133.5
133.5
133.75
134.5
134.5
135.25
135.25
135.25
135.25
135.25
135.25
134.5
134.5
134.75
134.75
135.25
135.25
135.25
135.25
135.25
131.75
131.75
131.75
131.75
130.5
130.0
130.0
130.5
130.5
130.0
130.75
130.75
131.25
131.25
131.5
131.5
131.75
131.75
130.25
130.25
130.25
130.25
130.25
130.25
130.25
131.75
131.75
131.75
131.75
130.75
130.5
130.5
130.5
130.5
130.75
130.75
131.5
131.5
131.5
133.0
133.0
133.0
133.0
134.25
134.25
135.0
135.0
135.0
136.0
136.0
136.0
137.25
137.25
137.25
135.75
135.75
135.5
136.0
136.0
138.0
138.0
138.0
138.0
136.5
135.75
135.75
136.0
136.0
136.0
136.0
136.0
133.0
133.0
132.0
132.0
134.0
134.0
134.0
134.0
133.25
133.5
133.5
133.5
133.5
133.5
133.5
133.75
133.75
133.75
133.75
133.75
134.0
134.0
134.0
134.0
134.0
133.5
133.5
132.5
132.5
131.25
131.25
132.0
132.0
133.0
133.25
133.25
133.25
133.25
133.5
133.5
133.75
133.75
134.5
134.5
134.75
134.75
135.75
135.75
134.5
134.5
134.0
134.0
134.0
134.0
134.0
134.0
134.0
134.0
134.0
134.0
134.0
134.0
135.5
135.5
136.75
138.25
138.25
138.75
138.75
138.75
136.75
136.75
136.75
134.0
134.0
134.0
138.25
138.25
137.25
137.25
137.25
137.25
136.75
136.75
136.75
136.75
136.75
136.75
136.75
137.25
137.25
137.25
137.0
137.0
137.75
137.75
138.5
138.5
135.25
134.25
134.25
134.5
134.5
134.75
134.75
134.75
134.75
134.25
134.75
134.75
134.75
135.25
135.25
135.25
135.25
130.75
131.25
131.25
134.0
134.0
135.0
135.0
135.75
135.75
135.75
136.25
136.25
136.25
137.75
137.75
137.75
136.5
136.5
136.5
136.0
136.0
136.0
138.25
138.75
138.75
137.5
137.5
138.25
138.25
137.0
136.25
136.25
133.75
133.75
133.75
131.5
131.5
134.5
135.0
135.0
135.5
135.5
135.5
135.5
133.5
133.5
136.0
136.0
135.75
135.75
135.75
134.0
134.0
134.0
134.5
134.75
134.75
133.5
133.5
132.75
132.75
132.75
132.75
133.5
133.5
134.25
134.25
134.25
134.25
135.25
135.25
135.5
135.5
136.5
136.5
136.75
136.75
136.75
138.25
137.5
137.5
136.75
136.75
137.25
137.25
136.25
136.5
136.5
136.5
136.5
136.5
133.75
132.5
132.5
132.5
136.25
136.25
136.5
136.5
136.0
136.0
135.75
135.75
135.75
136.0
136.0
136.0
137.5
137.5
137.5
137.5
138.75
138.75
138.75
138.75
135.25
135.25
135.0
135.0
137.75
137.75
139.0
139.0
137.75
137.75
137.0
136.75
136.75
136.25
136.25
136.0
136.0
136.0
136.0
136.5
136.5
137.0
137.0
137.0
137.0
137.0
137.0
137.0
137.0
137.25
137.25
137.75
138.25
138.25
138.75
138.75
138.75
139.25
139.25
139.25
139.25
139.5
139.5
141.25
141.25
140.0
140.0
140.0
140.25
140.25
140.5
140.5
142.25
142.25
141.5
141.5
140.5
140.5
140.5
140.5
139.0
139.0
138.75
138.75
138.75
138.25
138.25
138.25
138.25
138.25
138.25
138.25
139.75
140.25
140.25
140.25
140.25
140.25
141.5
141.5
142.0
142.0
141.0
141.25
141.25
141.25
141.5
141.5
140.75
139.5
139.5
141.0
141.0
140.25
140.25
139.5
139.0
139.0
139.0
137.0
137.0
136.5
135.5
135.5
135.5
135.5
136.0
136.0
136.0
136.5
136.5
136.5
136.5
136.75
136.75
136.75
135.5
135.5
136.0
136.0
136.0
137.0
137.0
135.25
135.25
134.25
134.25
134.25
134.25
134.25
133.25
133.25
133.75
134.25
134.25
135.0
135.0
135.0
135.0
135.25
135.25
136.0
136.0
136.5
136.5
136.75
136.75
136.5
136.5
136.5
136.5
136.5
133.5
133.5
133.5
133.5
134.25
134.25
134.25
134.25
133.25
133.25
134.5
134.5
133.75
134.5
134.5
134.75
134.75
135.5
135.5
135.75
136.0
136.0
136.5
136.5
136.5
135.0
135.0
135.5
135.5
135.75
135.75
135.5
135.5
135.75
135.75
136.0
135.75
135.75
136.0
136.0
135.5
135.5
136.0
136.5
136.5
136.5
136.75
136.75
136.75
136.25
135.0
135.0
136.25
136.25
136.25
135.75
135.75
135.75
135.75
137.25
137.25
137.5
137.5
137.5
138.25
138.25
138.25
138.25
138.0
138.0
138.0
138.5
138.5
138.5
140.0
140.0
139.75
139.75
141.5
141.5
142.0
142.5
142.5
142.5
142.5
142.5
140.5
140.5
138.5
138.5
137.75
137.75
137.75
137.5
137.5
135.25
135.25
134.5
134.5
133.75
133.75
132.5
132.75
132.75
133.75
133.75
134.5
134.5
135.0
135.0
135.0
136.0
136.0
136.5
136.5
135.5
135.5
138.25
140.0
140.0
137.75
137.75
133.75
133.75
132.75
132.75
133.5
133.75
133.75
136.0
136.0
136.75
137.25
137.25
137.5
137.5
138.0
138.0
138.5
139.0
139.0
140.0
140.0
140.25
140.25
140.25
139.0
139.0
141.25
141.25
142.75
143.0
143.0
142.0
142.0
141.25
141.5
141.5
142.5
142.5
142.5
143.75
144.0
144.0
144.0
144.75
143.25
143.25
142.75
142.75
142.75
142.75
142.25
142.25
142.25
142.25
142.25
143.0
143.0
143.0
143.25
143.25
144.0
144.0
145.25
146.75
146.75
144.5
144.5
144.5
146.25
146.25
146.25
146.25
146.25
145.25
145.25
146.5
146.5
147.25
147.5
147.5
145.25
145.25
145.25
144.5
144.5
148.5
148.5
150.5
151.0
151.0
151.75
152.75
152.75
152.75
154.5
154.5
154.5
154.5
153.25
153.25
153.25
154.25
154.25
153.5
153.5
155.25
155.75
155.75
155.75
154.5
154.5
157.25
156.5
156.5
156.5
157.25
157.25
156.5
156.5
158.5
159.75
159.75
157.5
157.5
156.75
156.75
157.25
157.25
157.25
157.25
157.25
157.25
150.5
150.5
148.5
148.5
147.75
147.75
146.75
146.75
146.0
143.0
143.0
145.75
144.5
144.5
144.75
144.75
144.75
144.75
144.75
144.75
144.75
144.25
142.75
142.75
143.75
143.75
144.75
142.5
142.5
141.5
141.5
141.5
141.5
140.0
135.5
135.5
134.5
134.5
134.5
136.25
136.25
137.5
137.5
137.0
137.0
136.5
136.5
136.0
136.0
135.75
136.5
136.5
137.5
137.5
139.0
140.5
140.5
141.5
141.5
141.25
141.25
140.25
140.25
140.25
140.25
142.75
143.75
143.75
144.0
144.0
144.5
144.25
144.25
143.25
143.25
142.25
143.0
143.0
141.5
141.5
141.5
142.25
142.25
142.25
142.25
142.25
145.0
145.0
144.0
144.0
144.0
145.75
145.25
145.25
145.25
145.25
144.25
143.75
143.75
144.75
144.75
145.25
145.25
143.25
143.25
144.75
144.75
145.25
145.25
145.5
145.5
145.5
146.0
146.0
146.0
146.0
146.0
146.75
146.75
146.75
144.5
144.5
143.25
143.25
143.25
142.25
142.25
134.75
134.75
136.0
138.75
138.75
139.5
139.5
138.0
138.0
138.0
132.5
132.5
131.25
131.25
130.25
129.0
129.0
127.75
127.75
127.75
126.25
126.25
128.75
128.75
129.0
129.0
130.75
130.75
131.0
131.0
131.0
134.5
134.5
134.5
138.75
138.0
138.0
138.0
138.0
137.25
137.75
137.75
138.75
138.75
139.25
139.25
139.25
138.75
138.75
138.75
139.5
139.5
136.5
136.5
136.0
137.25
137.25
136.5
136.5
134.5
134.5
134.0
135.0
135.0
136.5
136.5
138.5
138.5
139.5
139.5
139.5
136.5
136.5
139.25
141.0
141.0
141.5
141.5
140.25
139.75
139.75
140.25
140.25
141.25
141.25
141.0
141.0
141.0
140.5
140.5
140.0
140.0
140.0
140.0
140.0
139.5
139.5
138.25
137.75
137.75
137.25
137.25
138.0
138.0
140.75
140.25
140.25
139.25
139.25
139.25
139.25
141.25
141.25
141.0
141.0
139.0
139.0
142.0
142.0
142.5
141.75
141.75
141.0
141.0
141.0
141.0
141.0
142.0
142.0
142.0
142.0
142.25
141.25
141.25
140.5
140.5
141.25
141.25
139.0
138.0
138.0
138.75
138.75
140.0
140.0
140.0
137.75
137.75
139.75
139.75
141.25
140.0
140.0
140.75
141.0
141.0
141.0
141.0
141.0
141.0
141.5
140.75
140.75
141.0
141.0
141.0
136.75
136.75
139.25
139.25
139.25
138.75
138.5
138.5
138.25
138.25
139.0
139.0
141.0
142.0
142.0
141.25
141.25
139.75
139.75
139.25
139.0
139.0
139.0
134.75
134.75
134.75
136.5
134.25
134.25
134.25
134.25
143.25
143.25
140.5
140.25
140.25
140.25
140.25
140.25
142.5
142.5
140.75
140.75
140.25
140.25
140.5
140.5
140.5
140.5
140.5
140.5
139.75
139.75
139.5
139.5
140.25
140.0
140.0
139.25
139.25
138.25
138.25
138.0
139.75
139.75
139.75
140.75
140.75
143.0
143.0
142.75
142.75
142.75
142.5
142.5
143.75
143.75
146.25
148.0
148.0
148.0
158.75
158.75
160.25
160.25
160.5
154.5
154.5
152.25
150.75
150.75
149.75
149.75
150.5
150.75
150.75
150.75
150.75
150.75
152.0
152.0
152.5
152.25
152.25
152.25
152.25
152.25
152.5
152.25
152.25
152.0
152.0
150.25
145.25
145.25
145.25
138.0
138.0
138.0
134.25
134.25
133.0
132.75
132.75
133.25
133.25
134.75
134.75
135.5
137.0
137.0
138.5
138.5
140.0
140.0
140.75
141.5
141.5
144.0
144.0
143.75
142.5
142.5
141.0
141.0
141.75
142.5
142.5
143.0
143.0
142.5
143.25
143.25
144.25
144.25
141.5
139.75
139.75
141.75
141.75
142.25
142.25
142.25
141.5
141.5
141.5
141.5
141.5
141.5
141.5
141.5
141.5
141.5
142.75
142.75
142.0
142.0
141.25
141.0
141.0
141.0
141.0
141.0
139.0
139.0
137.75
137.75
136.75
136.5
136.5
136.75
136.75
136.75
136.75
137.25
134.0
134.0
134.0
134.0
134.5
134.5
134.75
134.75
135.25
135.5
135.5
135.5
137.0
137.0
137.0
137.0
136.0
136.0
135.0
135.0
134.75
134.75
132.75
132.75
133.0
133.0
133.0
133.0
135.5
135.5
136.5
136.5
138.0
138.0
137.5
137.5
138.5
138.5
137.5
137.5
138.75
138.75
138.75
139.5
139.5
139.5
138.0
138.0
139.5
139.75
139.75
139.75
134.0
132.25
132.25
131.75
131.75
136.0
136.0
136.0
137.5
137.5
137.5
137.5
137.5
137.5
137.5
139.75
139.75
139.75
139.75
139.0
139.0
139.0
139.0
139.0
141.25
141.25
141.25
143.25
143.25
143.25
143.25
143.25
143.25
143.25
143.25
143.25
144.0
144.0
144.0
144.5
144.5
144.75
144.75
144.75
144.75
144.75
144.75
146.0
146.0
146.0
146.0
147.25
147.25
147.5
147.5
147.5
147.5
147.5
147.5
147.5
147.5
147.5
149.0625
150.625
152.1875
153.75
153.75
154.0
154.0
154.0
154.0
154.0
154.0
154.0
152.375
150.75
150.75
150.75
150.75
150.75
150.75
150.75
150.75
150.75
150.75
150.4391891891892
150.1283783783784
149.81756756756758
149.50675675675674
149.19594594594594
148.88513513513513
148.57432432432432
148.26351351351352
147.9527027027027
147.6418918918919
147.3310810810811
147.02027027027026
146.70945945945945
146.39864864864865
146.08783783783784
145.77702702702703
145.46621621621622
145.15540540540542
144.84459459459458
144.53378378378378
144.22297297297297
143.91216216216216
143.60135135135135
143.29054054054055
142.97972972972974
142.6689189189189
142.3581081081081
142.0472972972973
141.73648648648648
141.42567567567568
141.11486486486487
140.80405405405406
140.49324324324326
140.18243243243242
139.8716216216216
139.5608108108108
139.25
139.25
140.0
140.0
138.75
136.25
136.25
136.25
134.75
134.75
137.5
137.5
137.5
139.0
139.0
139.75
142.75
142.75
143.75
143.75
144.25
144.25
144.25
144.5
144.5
145.75
145.75
145.75
145.25
145.25
144.25
144.25
144.25
143.75
143.75
144.5
145.25
145.25
145.25
145.25
144.5
142.25
142.25
141.5
141.5
143.25
143.25
141.5
141.5
139.75
139.75
138.75
139.0
139.0
140.5
140.5
138.75
137.25
137.25
136.75
136.75
136.75
135.75
135.75
135.5
135.25
135.25
136.5
137.75
137.75
137.75
137.75
141.0
141.0
140.25
140.25
140.0
140.0
139.75
138.75
138.75
138.75
135.5
135.5
136.0
137.5
137.5
137.5
137.5
138.25
138.25
138.25
140.75
140.75
141.75
141.75
141.0
141.0
140.5
140.75
140.75
141.75
141.75
141.25
141.25
140.5
140.5
138.75
138.75
137.75
137.75
137.5
137.5
136.75
137.25
137.25
137.25
137.25
137.25
137.0
137.0
137.0
138.75
138.25
138.25
137.25
137.25
140.25
140.25
140.25
141.5
141.5
141.5
138.75
138.75
138.25
145.5
145.5
144.0
144.0
142.75
142.75
142.75
140.5
140.5
140.75
140.75
140.75
141.5
141.5
141.5
142.0
142.0
142.0
142.0
142.0
142.0
142.0
136.75
136.75
136.25
136.25
132.25
132.25
131.75
131.75
131.75
131.75
136.25
136.25
137.75
137.75
138.5
138.5
140.0
140.0
141.25
141.25
140.75
143.0
143.0
143.75
143.75
144.5
145.25
145.25
145.5
145.5
145.75
145.75
145.75
145.75
145.75
147.0
147.0
145.0
145.0
145.0
145.5
145.25
145.25
143.5
143.5
142.75
140.5
140.5
139.25
139.25
139.25
138.5
138.5
139.25
139.25
136.5
136.5
135.5
136.5
136.5
136.5
136.5
137.5
137.5
138.5
138.5
138.5
140.75
140.75
141.75
141.25
141.25
141.25
140.0
140.0
140.0
137.0
134.5
134.5
135.75
135.75
136.25
136.25
137.5
139.0
139.0
139.5
139.5
140.75
141.0
141.0
141.0
145.25
145.25
146.0
146.0
146.0
146.0
146.5
147.25
147.25
147.5
148.5
148.5
148.5
148.5
149.0
149.0
149.0
148.5
148.5
147.5
147.0
147.0
147.0
147.0
147.0
147.0
147.0
146.0
145.5
145.5
145.5
143.25
143.25
143.25
142.5
142.5
142.0
142.0
136.75
136.75
136.5
137.25
137.25
136.75
136.75
136.75
137.25
137.25
137.5
137.5
136.25
136.25
136.0
136.0
136.25
135.25
135.25
134.75
134.75
135.25
135.25
135.75
135.75
135.75
133.0
133.0
135.0
135.0
135.0
135.0
135.0
135.75
136.75
136.75
137.25
137.25
138.25
139.75
139.75
140.0
140.0
140.75
140.0
140.0
139.25
139.25
139.25
141.0
141.0
139.5
139.5
139.5
141.75
141.75
143.0
143.0
145.25
145.25
144.75
144.5
144.5
144.5
144.5
144.0
144.0
144.0
144.0
143.0
143.5
143.5
144.25
144.25
144.5
144.75
144.75
145.0
145.0
145.5
145.5
147.5
147.5
147.5
149.5
149.5
149.5
149.25
149.25
147.75
147.75
147.75
147.5
147.5
149.75
149.75
151.0
151.0
151.25
151.25
151.25
151.25
151.25
151.25
151.25
148.0
148.0
150.25
150.25
153.0
154.0
154.0
155.25
155.25
156.25
156.25
157.75
157.75
158.75
158.75
158.75
158.0
158.0
158.0
158.0
158.0
158.0
158.0
158.0
158.0
158.0
158.0
158.0
158.5
158.5
158.0
158.0
158.75
158.75
158.75
159.5
159.5
159.0
158.25
158.25
158.25
158.25
157.5
157.5
156.25
155.75
155.75
154.5
154.5
153.0
151.5
151.5
148.5
148.5
145.75
141.5
141.5
139.75
138.25
138.25
138.25
138.25
134.5
135.5
135.5
137.5
137.5
135.25
136.25
136.25
139.0
139.0
140.25
140.25
140.25
140.5
140.5
140.5
140.5
140.5
140.5
140.5
140.5
135.5
130.5
125.5
120.5
120.5
111.5
111.5
111.5
111.5
111.5
108.25
108.25
108.25
108.25
108.25
108.25
108.25
108.25
103.55555555555556
98.86111111111111
94.16666666666667
89.47222222222223
84.77777777777777
80.08333333333333
75.38888888888889
70.69444444444444
66.0
66.0
66.0
66.0
66.0
66.0
66.0
66.0
60.75
60.75
60.75
60.75
60.75
60.75
54.25
54.25
54.25
54.25
54.0
54.0
54.0
54.0
54.0
54.0
54.0
54.0
58.25
58.25
58.25
58.25
58.25
58.25
58.25
58.25
58.25
58.25
58.25
61.39393939393939
64.53787878787878
67.68181818181819
70.82575757575758
73.96969696969697
77.11363636363636
80.25757575757576
83.40151515151516
86.54545454545455
89.68939393939394
92.83333333333333
95.97727272727273
99.12121212121212
102.26515151515152
105.4090909090909
108.55303030303031
111.6969696969697
114.8409090909091
117.98484848484848
121.12878787878788
124.27272727272728
127.41666666666667
130.56060606060606
133.70454545454547
136.84848484848484
139.99242424242425
143.13636363636363
146.28030303030303
149.42424242424244
152.5681818181818
155.71212121212122
158.85606060606062
162.0
162.0
161.25
161.25
159.75
159.75
159.0
159.0
159.25
158.5
158.5
157.5
157.5
157.5
158.75
159.0
159.0
159.25
159.25
161.0
161.5
161.5
163.0
163.0
162.5
161.75
161.75
162.25
162.25
162.75
162.75
161.75
161.75
161.75
160.25
160.25
160.25
160.75
160.75
160.0
159.5
159.5
158.25
158.25
158.0
156.0
156.0
155.0
155.0
155.25
155.25
155.25
154.75
153.5
153.5
151.75
150.5
150.5
147.5
147.5
147.5
145.5
145.5
145.5
142.25
142.25
142.0
142.0
142.5
142.5
142.5
142.5
144.75
144.75
145.0
145.0
145.25
146.25
146.25
148.5
148.5
149.75
151.5
151.5
151.25
151.25
151.25
151.25
151.25
149.75
149.75
150.0
150.0
150.0
150.0
150.0
153.5
153.5
153.0
153.0
151.25
151.25
152.5
152.5
151.75
151.75
151.75
150.25
149.0
149.0
146.75
146.75
146.75
141.75
141.75
144.25
144.25
145.75
146.75
146.75
145.5
146.0
146.0
141.75
141.75
140.75
140.75
141.75
141.25
141.25
140.75
140.75
140.75
140.75
140.75
142.25
142.25
142.5
142.5
142.5
139.25
137.0
137.0
136.5
136.5
137.5
138.0
138.0
138.25
138.25
139.0
140.0
140.0
141.5
141.5
141.5
143.75
142.25
142.25
142.25
141.5
141.5
143.75
143.75
145.25
145.25
145.5
145.0
145.0
144.0
144.0
142.5
139.5
139.5
138.0
138.0
136.75
136.75
137.25
138.0
138.0
138.75
138.75
141.0
142.25
142.25
141.75
141.75
140.5
140.0
140.0
140.0
140.0
140.0
138.75
138.75
140.5
140.5
142.0
142.0
142.25
143.75
143.75
145.0
145.0
145.25
145.25
145.25
146.0
146.0
145.75
145.75
146.25
146.25
146.75
146.75
146.75
147.25
147.25
144.0
142.5
142.5
143.25
143.25
143.25
144.25
144.25
144.25
139.25
139.25
138.0
138.0
136.75
134.75
134.75
134.75
134.75
134.75
133.5
133.5
132.25
132.25
135.25
135.25
133.25
133.25
132.0
132.0
132.25
132.25
132.25
136.5
136.5
133.75
133.75
133.75
133.0
133.0
133.0
133.0
133.0
133.0
133.0
133.0
132.4090909090909
131.8181818181818
131.22727272727272
130.63636363636363
130.04545454545453
129.45454545454547
128.86363636363637
128.27272727272728
127.68181818181819
127.0909090909091
126.5
126.5
124.25
124.25
124.25
123.25
123.25
125.25
125.25
126.0
126.0
129.0
129.0
131.5
131.5
132.0
132.0
132.5
132.5
134.08333333333334
135.66666666666666
137.25
137.0
137.0
137.5
137.5
137.5
137.5
138.0
138.25
138.25
138.5
138.5
140.0
140.0
139.25
139.25
140.5
140.5
140.75
140.75
140.75
133.75
133.75
133.75
133.75
133.0
133.0
131.75
130.5
129.25
129.25
129.25
129.25
129.25
129.25
129.25
129.25
129.25
127.5
125.75
124.0
124.0
124.0
124.0
124.0
124.0
118.0
118.0
116.25
116.25
116.25
116.25
119.0
119.0
120.5
120.5
123.25
123.25
123.25
123.25
125.0
125.0
126.75
126.75
126.75
128.0
128.0
128.25
128.25
128.25
128.25
128.25
129.75
129.75
130.75
139.0
139.0
141.25
141.25
142.25
142.5
142.5
142.32142857142858
142.14285714285714
141.96428571428572
141.78571428571428
141.60714285714286
141.42857142857142
141.25
141.25
151.0
151.0
153.25
153.25
154.5
154.5
149.0
149.0
143.75
143.75
143.0
143.0
142.75
142.75
142.75
142.75
142.5
142.5
141.75
141.75
141.5
141.5
141.5
142.0
142.0
142.25
142.25
142.25
142.0
141.0
141.0
141.25
141.25
140.25
140.25
137.5
137.5
137.5
136.25
136.25
138.25
138.25
138.5
138.5
137.5
137.5
137.5
137.5
131.0
131.25
131.25
131.25
134.0
135.75
135.75
135.75
137.0
137.0
139.0
139.0
139.0
137.5
137.5
137.5
137.25
139.0
139.0
140.25
140.25
140.75
141.0
141.0
142.0
142.0
140.75
141.0
141.0
143.75
143.75
145.0
145.0
146.25
146.25
147.5
147.5
147.5
147.5
147.5
149.5
148.75
148.75
147.25
145.75
145.75
145.75
145.75
144.25
144.25
144.25
140.25
140.0
140.0
140.0
140.0
134.0
134.0
131.5
131.5
128.75
128.75
127.5
127.5
127.5
131.0
131.0
133.75
133.75
135.0
135.0
135.5
136.0
136.0
136.0
136.0
138.25
138.25
139.75
139.75
139.0
139.0
139.25
140.75
140.75
142.5
142.5
140.75
140.0
140.0
141.5
141.5
141.0
141.0
140.25
140.0
140.0
140.5
140.5
140.5
141.0
141.0
141.5
141.5
140.75
140.0
140.0
140.25
140.25
140.25
140.25
139.75
140.5
140.5
140.5
142.0
142.0
141.25
141.25
143.25
143.25
142.75
142.75
145.75
145.75
145.75
146.75
146.75
147.75
147.75
147.75
147.75
147.75
150.5
150.5
151.25
151.25
151.0
151.0
151.0
151.0
151.75
151.75
152.25
153.0
153.0
153.0
153.0
153.0
151.5
151.5
150.5
150.5
150.5
142.75
140.75
140.75
140.75
139.25
139.25
139.5
137.25
137.25
137.75
137.75
137.75
138.75
138.75
138.75
138.75
138.75
138.75
138.0
139.25
139.25
139.25
140.25
140.25
140.25
138.25
138.25
138.25
138.25
139.0
139.0
139.0
139.25
139.25
139.25
140.0
140.0
141.75
142.0
142.0
142.0
142.0
142.0
142.5
142.5
142.5
140.25
140.25
140.25
139.0
138.5
138.5
139.25
139.25
139.25
142.5
142.5
142.75
142.75
142.75
142.75
142.75
143.25
143.25
143.5
143.5
142.5
143.75
143.75
143.75
147.25
148.0
148.0
148.25
148.75
148.75
148.5
148.5
147.75
147.0
147.0
147.0
143.25
143.25
143.25
143.0
143.0
143.0
143.0
143.0
143.0
143.0
143.0
137.5
137.5
138.0
140.75
140.75
139.75
139.75
137.75
137.0
137.0
137.0
134.75
134.75
135.25
135.25
136.25
136.25
137.5
135.5
135.5
135.0
135.0
135.75
135.75
136.75
139.5
139.5
139.5
140.0
140.0
139.75
139.75
139.75
136.5
136.5
136.5
138.25
139.5
139.5
139.0
139.0
139.25
139.25
137.75
137.75
137.75
137.75
138.5
138.5
139.25
139.5
139.5
139.5
143.5
143.5
143.5
142.0
142.0
142.5
143.5
143.5
144.75
144.75
143.75
143.75
143.75
148.25
148.25
145.75
143.25
143.25
143.25
140.5
140.5
149.75
149.75
154.25
154.25
157.25
157.25
157.25
158.0
158.0
158.0
158.0
150.75
149.25
149.25
148.75
148.75
148.5
148.5
148.5
148.5
148.5
148.5
148.5
120.5
120.5
120.5
120.5
120.5
120.5
120.5
120.5
120.5
120.5
120.5
120.5
120.5
120.5
120.71428571428571
120.92857142857143
121.14285714285714
121.35714285714286
121.57142857142857
121.78571428571429
122.0
122.21428571428571
122.42857142857143
122.64285714285714
122.85714285714286
123.07142857142857
123.28571428571429
123.5
123.5
122.75
122.75
123.0
123.0
124.0
124.0
124.5
124.5
124.75
124.75
124.75
124.75
124.75
124.75
124.75
137.0
137.0
137.0
134.25
134.25
133.75
133.75
134.25
134.25
135.0
135.0
134.75
134.75
132.0
131.5
131.5
132.25
132.25
132.75
132.75
133.75
133.75
132.75
132.75
132.75
132.75
132.75
132.75
132.75
133.0
133.0
133.5
133.5
134.0
134.0
132.25
132.25
132.25
133.0
133.0
133.0
132.25
132.25
132.75
132.75
132.5
132.5
132.5
132.5
132.5
133.25
133.25
134.25
134.25
135.0
135.0
135.0
135.0
133.5
133.5
133.5
133.5
133.25
133.25
132.25
132.25
131.25
131.25
131.25
131.25
132.75
132.75
133.75
133.75
133.5
133.5
132.25
131.25
131.25
131.25
131.25
131.25
131.25
132.0
132.0
130.25
130.25
130.5
131.25
131.25
131.25
131.25
132.75
132.75
132.75
133.0
133.0
133.0
133.0
133.75
133.75
134.0
134.0
134.0
131.5
131.5
131.5
132.75
132.75
132.75
132.25
132.25
132.75
132.75
133.25
133.25
133.0
131.75
131.75
131.75
131.75
132.5
132.5
132.75
132.75
131.0
130.25
130.25
130.0
130.0
129.75
129.75
130.0
130.0
129.25
129.25
129.25
129.25
129.75
130.5
130.5
130.5
130.5
129.25
129.25
130.0
130.0
130.25
130.25
131.0
132.5
132.5
133.0
133.0
133.0
132.25
132.25
132.25
132.25
132.0
132.0
132.0
131.75
131.75
131.75
131.75
131.75
131.75
131.75
132.0
132.0
132.0
132.0
132.0
132.0
132.0
132.0
132.0
132.25
132.25
132.25
132.25
134.25
134.25
134.5
134.5
134.5
134.5
134.5
138.0
138.0
133.5
133.5
133.5
133.25
133.25
132.25
132.25
133.0
133.0
134.0
134.0
133.25
132.75
132.75
133.25
133.25
134.0
134.0
134.75
134.75
133.75
133.5
133.5
133.5
133.5
133.5
133.5
133.5
133.5
133.5
133.5
133.5
133.5
133.43333333333334
133.36666666666667
133.3
133.23333333333332
133.16666666666666
133.1
133.03333333333333
132.96666666666667
132.9
132.83333333333334
132.76666666666668
132.7
132.63333333333333
132.56666666666666
132.5
132.0
132.0
132.0
132.0
133.25
133.75
133.75
133.5
133.5
132.5
132.5
132.25
132.25
133.25
133.25
133.0
133.0
133.0
133.0
133.0
133.0
133.75
133.75
133.75
133.5
133.5
133.5
133.5
133.5
133.5
134.75
134.75
136.0
135.5
135.5
134.5
134.5
134.25
134.25
134.25
134.25
131.75
131.75
131.75
138.25
138.25
136.75
136.75
135.75
135.25
135.25
134.25
134.25
134.25
133.25
133.25
133.25
133.25
133.25
133.25
133.25
133.25
133.25
133.0
133.0
133.0
133.0
134.5
136.0
136.0
136.5
136.5
137.25
137.25
137.25
136.25
136.25
136.25
136.25
136.25
136.25
136.25
135.5
135.5
133.5
133.5
133.5
130.0
130.0
129.0
132.5
132.5
132.5
132.5
131.25
131.25
131.0
131.0
131.0
131.0
131.0
131.0
131.0
131.0
131.0
131.0
131.0
131.0
131.0
131.0
131.0
131.5
131.5
130.75
130.75
130.0
130.0
129.5
129.5
128.75
128.75
128.5
128.5
128.5
127.25
127.25
127.25
127.25
127.25
127.25
127.25
120.0
120.0
120.0
114.5
114.5
113.75
113.5
113.5
113.5
113.5
114.3125
115.125
115.9375
116.75
117.5625
118.375
119.1875
120.0
120.8125
121.625
122.4375
123.25
124.0625
124.875
125.6875
126.5
127.75
127.75
128.25
128.25
126.25
126.25
126.0
126.0
127.0
127.0
128.5
128.5
127.5
127.5
126.75
126.75
126.75
126.25
126.25
126.25
126.25
126.25
126.25
126.25
126.25
126.25
126.75
127.25
127.75
127.75
127.75
127.75
127.75
127.75
130.5
130.5
131.25
131.25
131.25
131.25
129.75
129.75
133.0
134.25
134.25
134.75
134.75
134.75
134.75
134.75
129.0
129.0
128.0
128.0
127.75
127.75
127.75
127.75
127.75
127.75
127.16666666666667
126.58333333333333
126.0
125.41666666666667
124.83333333333333
124.25
124.25
124.25
124.25
124.25
124.25
124.25
117.0
117.0
117.0
116.75
116.75
116.75
116.75
116.75
116.75
116.75
125.25
125.25
127.25
127.25
127.75
127.75
127.75
127.75
127.75
127.75
129.08333333333334
130.41666666666666
131.75
133.08333333333334
134.41666666666666
135.75
135.75
135.75
138.5
138.5
138.5
133.5
133.5
133.5
133.5
133.25
133.5
133.5
135.0
135.0
135.75
135.75
135.75
132.0
132.0
132.0
129.25
129.25
129.25
132.75
132.75
131.0
131.0
131.75
131.75
132.25
131.75
131.75
131.5
131.5
131.5
131.5
131.25
131.25
131.5
131.75
131.75
131.75
131.75
131.75
131.75
134.75
134.75
132.75
132.75
132.75
132.5
132.5
133.5
133.5
133.5
133.5
132.5
132.5
132.25
133.0
133.0
133.5
133.5
133.5
132.75
132.75
132.75
132.75
133.25
133.5
133.5
133.0
133.0
132.75
132.75
133.0
132.25
132.25
132.25
132.25
132.25
132.25
131.25
131.25
131.5
131.75
131.75
131.75
131.75
134.25
134.25
133.0
133.0
131.75
131.75
131.25
131.25
132.0
131.75
131.75
132.5
132.5
133.0
133.0
132.0
132.0
128.25
132.75
132.75
134.75
134.75
133.25
133.25
132.75
132.75
134.5
133.5
133.5
133.25
133.25
133.25
133.25
133.25
129.75
126.25
122.75
119.25
119.25
119.25
119.25
119.25
119.25
126.75
126.75
130.5
130.5
131.25
131.25
134.0
134.0
134.0
136.25
136.25
136.25
136.75
136.75
136.75
136.75
135.5
134.08333333333334
132.66666666666666
131.25
131.25
132.0
132.0
133.25
133.25
133.0
133.0
133.0
131.5
131.5
131.75
131.75
132.5
132.5
133.25
133.25
133.25
133.25
132.75
136.0
136.0
137.5
137.5
134.0
134.0
132.25
134.25
134.25
132.25
132.25
131.75
131.75
132.5
132.5
132.75
132.75
131.75
131.75
131.75
130.25
130.25
130.25
129.0
129.0
129.0
129.0
131.75
131.75
132.0
132.0
132.0
132.0
131.0
131.0
131.5
131.5
131.5
131.5
131.5
132.25
132.25
132.25
132.25
131.25
131.25
130.0
130.0
129.5
129.5
132.0
132.0
132.25
132.25
132.25
132.25
131.25
131.25
130.75
130.75
130.75
131.5
131.5
131.75
131.75
132.5
132.0
132.0
131.75
131.75
132.75
132.75
132.75
133.0
133.0
131.75
131.75
131.75
131.5
131.5
131.5
131.5
131.5
131.5
131.5
129.25
129.25
128.25
128.25
127.5
127.5
127.25
127.25
125.5
125.5
124.75
124.75
123.25
123.25
124.0
124.0
124.5
124.5
124.5
124.5
120.75
120.75
123.75
123.75
122.0
122.0
122.0
125.5
125.5
125.5
125.5
125.0
126.75
126.75
131.5
131.5
133.25
134.25
134.25
131.75
131.75
129.75
129.75
128.25
128.25
128.25
128.25
128.25
128.25
128.25
128.25
127.0
127.0
124.75
124.75
126.25
126.25
127.5
127.5
129.25
131.0
131.0
130.75
130.75
130.75
130.75
131.25
131.25
132.5
132.5
132.75
132.75
133.0
133.0
134.5
134.5
135.25
135.25
135.75
135.75
135.75
135.75
135.75
135.75
134.0
134.0
132.75
130.75
130.75
129.5
129.5
129.5
129.5
129.25
129.25
130.0
130.25
130.25
130.25
130.5
130.5
130.75
130.75
130.75
130.75
122.75
122.75
122.75
127.5
127.5
128.25
128.25
129.5
129.5
129.5
130.75
130.75
130.25
130.25
129.75
129.75
129.5
129.5
130.25
131.0
131.0
127.0
127.0
127.0
127.0
125.5
125.5
126.25
126.25
127.25
127.25
127.25
126.75
126.75
126.75
127.0
128.0
128.0
128.0
128.75
128.75
128.75
130.75
130.75
130.75
132.25
132.25
131.0
131.0
132.0
132.0
132.25
132.25
132.25
132.25
130.75
130.75
130.75
130.75
130.75
130.75
130.75
130.75
130.75
131.25
131.25
133.25
133.25
133.25
133.25
133.25
132.5
132.5
133.25
135.0
135.0
135.25
135.25
135.25
135.25
135.5
136.0
136.0
135.5
135.5
135.75
135.75
136.0
136.0
136.0
136.0
136.0
136.0
136.25
136.25
136.5
136.75
136.75
136.75
136.75
136.0
136.0
135.75
135.75
135.75
135.75
135.75
136.0
136.0
135.25
135.25
135.25
135.25
135.25
135.25
135.25
135.25
135.25
135.25
135.25
133.75
133.5
133.5
133.5
133.5
134.75
134.75
134.5
134.5
134.0
134.0
132.75
132.75
132.75
131.75
131.75
133.25
133.25
134.25
134.25
134.5
134.25
134.25
133.5
133.5
133.25
133.25
133.5
133.75
133.75
134.25
134.25
133.25
133.25
133.25
133.25
133.25
133.0
133.0
133.25
133.25
133.5
133.5
134.25
134.25
134.5
134.25
134.25
135.0
135.0
135.5
135.5
135.75
136.0
136.0
136.0
136.0
135.5
135.5
135.5
135.25
135.25
135.0
135.0
135.0
135.0
135.0
135.0
134.25
133.0
133.0
133.25
133.25
133.5
133.5
133.75
134.0
134.0
134.0
134.0
136.75
136.75
136.0
136.0
136.0
135.5
135.5
135.5
135.5
136.0
136.0
136.0
135.0
135.0
135.25
135.25
135.25
135.25
135.75
134.75
134.75
134.5
134.5
134.5
134.5
134.75
134.75
133.25
133.25
133.25
133.75
133.75
132.75
132.75
132.75
133.0
133.0
134.0
134.75
134.75
135.5
135.5
136.5
136.5
135.5
134.75
134.75
134.25
134.25
134.25
134.25
134.25
134.25
134.75
134.75
134.75
136.25
136.25
135.5
135.5
135.75
135.5
135.5
135.5
135.5
135.5
135.5
135.5
135.5
135.5
134.0
134.0
134.0
134.0
133.5
133.5
133.75
134.25
134.25
134.5
134.5
134.75
134.75
134.75
134.5
134.5
134.5
134.75
134.75
134.25
134.25
134.25
134.25
133.75
133.75
133.75
132.75
132.75
133.75
133.75
134.25
135.25
135.25
136.5
136.5
135.25
135.25
134.5
134.5
134.5
133.75
133.75
133.25
133.25
133.75
133.75
134.25
134.25
134.25
134.25
131.75
130.75
130.75
133.25
133.25
132.75
132.75
133.5
133.75
133.75
133.75
134.5
134.5
134.0
135.5
135.5
136.5
136.5
134.75
134.75
134.0
134.0
133.5
133.75
133.75
133.75
133.75
133.75
133.75
133.75
133.75
135.25
135.25
135.25
135.0
135.0
133.75
133.75
133.25
133.25
133.25
136.5
136.5
134.0
134.0
133.5
133.5
133.25
133.25
133.25
133.25
133.25
133.25
129.75
129.75
129.75
128.5
128.5
128.5
132.25
132.25
132.25
132.25
135.25
135.25
132.25
132.25
131.25
131.25
131.5
131.5
131.5
129.25
129.25
127.25
127.25
129.75
129.75
129.5
129.5
129.5
129.5
129.5
129.5
129.5
129.5
129.5
134.25
134.25
132.5
132.5
132.5
131.75
131.75
132.25
132.25
132.5
132.5
131.0
131.0
131.25
131.25
132.0
132.0
132.25
132.25
132.0
132.0
132.0
132.0
132.0
132.0
131.5
133.5
133.5
133.75
133.75
134.0
134.0
134.0
133.5
136.75
136.75
136.75
135.5
135.5
135.5
135.5
135.5
135.5
135.0
135.0
135.75
135.75
135.0
135.0
135.75
135.75
135.75
137.0
136.25
136.25
136.25
133.25
133.25
132.75
133.5
133.5
133.0
133.0
132.75
132.75
132.75
135.5
135.5
135.5
135.5
136.5
136.5
136.0
136.0
137.25
136.25
136.25
137.0
137.0
137.25
137.25
137.25
137.25
137.25
134.5
134.5
134.5
135.75
135.75
135.75
136.75
136.75
136.75
136.75
136.75
137.5
137.5
137.5
137.5
137.5
139.0
139.0
136.5
136.5
136.5
136.25
136.25
135.0
135.0
136.5
136.5
137.25
135.25
135.25
137.25
137.25
136.25
136.25
135.5
135.5
135.5
136.0
136.0
136.25
136.25
136.25
136.25
137.0
137.0
137.0
137.0
137.0
137.25
136.75
136.75
136.5
136.5
135.75
135.75
135.25
135.0
135.0
135.0
135.0
136.25
136.25
136.25
136.25
136.25
137.75
137.75
135.5
135.5
135.75
135.75
137.0
137.25
137.25
136.25
136.25
135.5
135.5
136.0
137.75
137.75
138.25
138.25
137.75
137.75
137.25
137.75
137.75
137.25
137.25
136.75
136.5
136.5
136.5
136.5
136.25
136.25
135.25
135.25
135.25
135.25
135.25
133.25
133.25
133.25
133.25
134.75
135.0
135.0
134.75
134.75
134.75
135.5
135.5
136.25
136.25
135.75
135.75
135.5
135.5
135.75
135.75
135.5
135.0
135.0
135.25
135.25
135.0
135.0
134.75
134.75
134.75
134.75
134.75
135.0
135.0
135.25
135.25
134.75
135.0
135.0
135.75
135.75
135.75
135.75
135.75
136.0
136.0
135.5
135.5
136.25
136.25
136.25
136.75
135.5
135.5
135.0
135.0
136.75
136.75
136.75
136.5
136.5
136.25
136.25
136.25
135.5
135.5
135.5
136.75
136.75
136.75
134.0
134.0
132.5
132.5
131.75
131.75
131.75
132.0
132.0
132.75
132.75
134.0
134.0
133.5
133.5
133.0
132.75
132.75
132.5
132.5
133.25
133.25
134.25
134.5
134.5
134.25
134.25
133.5
133.5
132.5
132.5
131.5
131.5
131.5
131.5
129.5
129.5
129.25
129.25
131.25
131.25
132.0
132.0
132.25
132.25
132.25
132.25
132.25
132.25
132.25
129.75
129.75
129.75
130.0
130.0
130.75
130.75
131.0
131.0
131.0
127.25
127.25
127.25
130.0
130.0
130.0
130.25
130.25
130.75
130.75
130.0
130.0
128.5
128.5
128.0
128.5
128.5
128.5
128.5
128.5
128.5
128.5
128.5
128.5
129.0
129.0
129.25
129.25
129.25
129.25
129.25
129.25
130.0
130.0
129.5
129.5
129.5
129.5
128.75
128.75
128.0
128.0
127.75
128.25
128.25
128.5
128.5
127.5
127.5
124.0
124.0
124.0
124.0
122.25
122.25
122.25
122.25
122.25
122.25
122.25
122.25
127.25
126.75
126.75
126.75
126.5
126.5
126.5
126.5
126.5
126.5
126.5
126.5
126.5
126.66666666666667
126.83333333333333
127.0
127.0
126.0
126.0
126.75
126.75
126.0
126.0
125.75
125.75
125.75
125.75
125.75
127.0
127.0
127.0
124.75
124.75
124.75
124.75
124.75
124.75
124.75
125.58333333333333
126.41666666666667
127.25
127.25
124.25
124.25
124.0
124.25
124.25
123.75
123.75
126.25
126.25
126.25
126.25
126.75
126.75
126.75
126.75
126.75
126.75
126.75
136.0
136.0
136.0
133.75
133.25
133.25
133.25
133.25
133.25
133.25
133.25
134.75
134.75
135.0
135.0
135.0
135.0
131.0
131.0
129.75
129.75
131.75
133.75
133.75
132.75
132.75
131.75
131.75
128.75
128.75
130.0
130.0
131.5
132.0
132.0
132.25
132.25
132.25
131.5
131.75
131.75
132.5
132.5
132.5
132.5
134.0
134.0
134.0
134.0
134.0
134.75
134.75
135.0
135.0
134.25
134.25
134.25
134.25
134.25
134.75
134.75
134.75
134.75
135.0
135.0
134.0
134.75
134.75
136.0
136.0
135.0
135.0
135.25
134.75
134.75
134.75
134.75
134.75
134.75
134.75
135.5
135.5
135.75
135.75
135.5
135.5
135.5
135.5
135.25
135.25
135.25
136.0
136.0
135.25
135.25
133.75
133.75
133.75
135.25
135.25
134.0
134.0
133.5
133.5
133.5
133.0
133.0
133.0
133.0
132.5
132.5
133.0
133.0
133.0
132.5
132.5
133.0
133.0
133.75
133.75
133.75
134.25
134.25
135.25
135.25
135.5
135.5
133.75
133.75
133.5
134.25
134.25
134.75
134.75
134.25
134.25
133.5
133.5
133.75
133.75
132.75
132.0
132.0
131.75
131.75
131.5
131.5
132.75
132.75
134.0
134.0
134.0
134.0
134.0
134.0
134.0
134.0
133.25
133.25
133.25
133.25
133.25
133.0
133.0
132.5
132.5
132.75
133.5
133.5
133.75
133.75
134.25
134.25
134.5
134.5
134.5
134.5
135.0
135.0
134.0
134.0
134.0
132.75
132.75
132.75
132.75
132.75
132.75
133.0
133.0
134.0
134.0
134.0
133.5
133.5
133.75
133.75
134.0
134.0
134.0
134.5
134.5
134.75
134.75
134.75
134.75
134.75
134.75
134.75
134.75
134.75
133.75
133.75
133.75
133.75
133.75
132.75
132.75
132.75
134.0
134.0
134.75
134.75
134.0
134.0
134.0
134.0
134.0
134.0
134.0
134.0
134.0
134.0
134.0
134.0
134.0
134.0
134.0
134.25
134.25
134.5
134.5
134.5
134.5
134.25
134.5
134.5
135.5
135.5
135.5
135.5
135.75
136.0
136.0
136.0
136.0
135.75
135.75
135.75
135.75
135.75
133.75
133.75
132.75
132.75
133.5
133.5
134.5
135.5
135.5
136.5
136.5
136.75
136.75
136.75
136.0
136.0
135.75
135.75
135.75
135.75
135.25
134.0
134.0
132.5
132.5
132.5
133.75
133.75
133.75
134.75
134.75
135.0
135.0
132.75
132.75
132.75
134.5
134.5
134.5
133.0
134.0
134.0
136.0
136.0
136.25
136.25
136.25
136.25
136.25
135.25
135.25
134.5
134.5
133.75
133.75
133.75
133.5
133.5
135.25
135.25
135.25
134.75
134.75
134.75
134.25
134.25
134.25
134.25
134.25
133.0
133.0
132.0
132.5
132.5
133.5
133.5
132.25
132.25
131.25
131.25
130.5
129.0
129.0
128.25
128.25
128.25
128.25
125.5
125.5
125.5
125.5
125.5
125.5
125.5
120.0
120.0
116.5
116.5
115.5
115.5
115.5
115.5
115.5
115.5
115.5
115.5
117.5
117.5
117.5
117.5
117.5
116.0
116.0
115.0
115.0
115.0
115.0
115.0
112.75
112.75
112.75
114.25
114.25
114.25
114.25
115.5
115.5
115.5
115.5
115.5
115.5
117.25
117.25
117.75
117.75
118.0
118.0
118.0
118.0
118.0
118.0
118.3
118.6
118.9
119.2
119.5
119.8
120.1
120.4
120.7
121.0
121.3
121.6
121.9
122.2
122.5
122.8
123.1
123.4
123.7
124.0
124.3
124.6
124.9
125.2
125.5
125.5
125.5
125.5
125.5
125.5
124.91666666666667
124.33333333333333
123.75
123.75
122.75
122.75
121.25
119.75
119.75
120.0
120.0
121.0
121.0
121.0
121.0
121.25
121.25
118.75
118.75
118.25
118.25
118.5
118.5
118.25
118.25
118.25
118.25
118.25
119.0
119.0
116.5
116.5
116.0
116.0
111.5
111.5
112.0
112.0
112.0
112.0
112.0
110.25
110.25
110.25
110.25
110.25
110.75
110.75
110.75
110.75
113.5
113.5
113.75
113.75
113.75
113.75
116.0
116.0
116.75
116.75
116.75
113.5
113.5
113.75
114.5
114.5
115.5
115.5
115.5
117.5
117.5
117.5
117.5
119.75
119.75
119.75
119.75
120.5
120.5
120.5
120.5
119.25
119.25
119.5
119.5
120.75
120.75
121.0
121.0
121.75
121.75
121.75
121.75
121.75
121.75
122.5
122.5
125.25
128.75
128.75
129.75
129.75
128.5
128.5
128.0
128.0
126.0
126.0
126.5
126.5
126.75
126.75
127.0
127.25
127.25
127.25
127.25
126.75
126.75
126.75
126.75
126.75
126.75
126.5
126.5
126.5
126.5
127.25
127.25
127.25
129.25
129.25
129.5
129.5
130.5
130.5
130.5
130.5
130.75
130.75
130.75
130.75
130.75
130.5
130.5
129.25
129.25
129.0
129.0
129.0
131.25
131.25
130.0
130.0
128.5
128.5
128.0
128.0
128.75
128.75
129.0
129.0
129.25
129.25
129.5
129.5
129.5
129.5
129.5
129.5
129.5
129.0
129.0
129.0
129.0
129.0
130.25
130.25
130.25
130.25
130.25
127.5
127.5
127.25
127.25
125.75
125.75
126.5
126.5
127.5
127.5
128.5
128.5
128.5
128.5
128.5
128.5
128.5
128.5
128.5
128.5
128.5
124.25
124.25
124.5
124.5
124.5
124.5
124.75
124.75
124.75
128.25
128.25
128.25
128.5
128.5
128.75
128.75
128.75
128.75
129.75
129.75
129.0
129.0
128.25
128.25
127.75
127.75
127.0
127.0
127.0
127.0
127.0
127.75
127.75
125.5
125.5
125.5
125.5
126.25
126.25
127.75
127.75
128.5
129.0
129.0
129.0
128.0
128.0
127.75
127.75
127.75
127.75
127.0
127.0
127.0
127.0
127.75
127.75
127.0
127.75
127.75
128.5
128.5
129.0
129.0
129.5
129.5
130.0
130.0
130.0
130.0
129.5
129.5
128.75
128.75
128.25
128.25
129.5
129.5
130.0
130.0
130.25
130.25
127.5
127.5
127.5
126.25
126.25
126.25
126.25
126.25
126.25
126.25
126.25
126.25
126.0
126.0
126.25
126.25
127.25
127.25
127.5
127.75
127.75
128.0
128.0
128.75
128.75
130.0
130.0
130.5
130.5
130.5
132.0
132.0
132.25
132.25
130.25
130.25
128.5
128.5
128.5
126.5
126.5
126.75
126.75
127.25
127.5
127.5
126.75
126.75
127.5
127.5
128.25
128.25
128.25
128.25
129.25
129.25
128.25
128.25
127.75
128.25
128.25
128.25
128.25
128.25
128.25
129.75
129.75
127.5
127.5
127.5
127.5
130.75
130.75
128.5
128.5
128.25
128.25
128.25
128.25
128.75
128.75
129.0
129.0
129.0
129.0
129.0
129.0
129.0
129.0
129.0
129.0
129.0
129.0
129.0
129.5
129.5
128.75
128.75
129.25
129.25
129.25
129.25
129.25
129.25
129.25
129.25
129.25
131.0
131.0
131.0
131.25
131.25
131.25
131.25
130.25
130.25
130.5
130.5
130.0
130.0
129.0
129.0
129.0
128.25
128.25
128.25
128.25
128.25
128.25
128.25
128.25
132.5
132.5
132.5
132.5
131.25
131.25
130.5
130.5
129.75
129.75
129.25
129.25
129.25
129.25
129.25
129.25
129.25
129.25
126.25
126.25
126.25
126.25
126.25
130.5
130.5
130.5
130.5
130.5
130.75
130.75
130.75
130.75
130.75
130.75
130.75
131.0
131.0
131.0
131.0
130.0
130.0
130.0
130.0
130.0
130.0
130.0
130.0
128.25
128.25
129.75
129.75
129.75
129.75
129.5
129.5
130.25
130.25
130.5
130.0
130.0
129.75
129.75
129.75
129.75
127.75
125.75
123.75
123.75
123.0
123.0
123.0
123.0
123.0
131.0
131.0
138.0
138.0
138.0
140.75
140.75
141.0
141.0
133.0
133.0
133.0
132.0
132.0
132.0
124.0
124.0
123.5
123.5
123.5
123.5
122.4375
121.375
120.3125
119.25
119.25
119.25
119.25
119.25
119.25
119.25
119.25
127.75
127.75
127.75
128.0
128.0
128.0
128.0
128.0
128.0
128.0
129.33333333333334
130.66666666666666
132.0
132.0
132.75
132.75
129.0
129.0
126.25
126.25
126.1
125.95
125.8
125.65
125.5
125.5
125.5
125.5
123.25
123.75
123.75
123.75
123.75
129.0
129.0
129.0
129.0
125.75
125.0
125.0
125.0
125.0
118.0
118.0
125.0
125.0
126.5
126.5
126.5
126.5
126.5
126.5
126.5
126.5
126.5
126.5
126.5
126.5
126.5
126.5
126.5
126.5
126.5
126.7578125
127.015625
127.2734375
127.53125
127.7890625
128.046875
128.3046875
128.5625
128.8203125
129.078125
129.3359375
129.59375
129.8515625
130.109375
130.3671875
130.625
130.8828125
131.140625
131.3984375
131.65625
131.9140625
132.171875
132.4296875
132.6875
132.9453125
133.203125
133.4609375
133.71875
133.9765625
134.234375
134.4921875
134.75
134.75
134.75
134.75
134.75
134.75
134.75
134.75
134.75
131.5
131.5
132.5
132.5
132.0
132.0
132.0
131.75
131.75
131.75
127.75
127.75
127.75
127.75
128.91666666666666
130.08333333333334
131.25
131.5
131.5
131.75
131.75
132.0
132.0
133.25
133.25
133.25
133.25
133.25
133.25
133.25
133.25
133.25
131.0
131.0
131.0
135.75
135.75
135.75
136.0
136.0
133.5
133.5
132.5
132.0
132.0
132.0
132.0
131.75
131.75
132.25
132.25
132.75
132.75
132.5
132.5
132.5
132.5
133.0
133.0
134.0
134.0
134.0
134.25
134.25
134.5
134.5
134.25
134.25
133.5
133.5
133.0
133.0
133.0
133.75
133.75
133.75
135.0
135.0
135.0
130.0
130.0
125.0
125.0
124.25
124.25
130.5
130.5
132.5
132.75
132.75
132.75
133.75
134.25
134.25
134.5
134.5
134.75
134.75
134.75
134.75
134.75
134.75
134.75
134.75
134.75
134.02777777777777
133.30555555555554
132.58333333333334
131.86111111111111
131.13888888888889
130.41666666666666
129.69444444444446
128.97222222222223
128.25
128.25
129.75
129.75
131.25
131.25
130.75
130.75
130.0
130.0
130.5
130.5
132.0
132.0
133.5
133.5
133.75
133.75
134.0
134.0
134.0
134.0
132.75
131.75
131.75
132.0
132.0
132.25
132.25
132.25
132.0
132.0
132.0
131.25
131.75
131.75
131.25
131.25
130.5
130.5
130.5
130.5
130.5
131.5
131.5
132.75
132.75
132.75
132.75
132.75
132.75
132.25
132.25
132.25
131.5
131.5
131.25
131.25
131.25
131.25
131.25
131.25
131.25
131.25
131.25
130.75
130.75
131.25
131.25
132.5
132.5
132.5
133.25
133.25
131.75
132.0
132.0
133.5
133.5
133.75
133.75
133.75
133.5
133.5
132.75
132.0
132.0
132.25
132.25
133.25
133.25
133.25
133.25
131.25
131.25
131.25
130.5
130.5
130.5
130.5
129.0
129.0
130.25
130.25
134.25
134.25
134.25
134.25
131.0
131.0
130.5
130.5
130.5
130.5
130.5
130.5
130.5
130.5
130.5
132.75
132.75
133.5
133.5
133.75
134.0
134.0
132.5
132.5
132.5
132.25
132.25
132.25
132.25
132.5
132.5
132.5
131.25
131.25
131.0
131.0
132.25
132.0
132.0
131.0
131.0
131.5
131.5
131.5
131.5
131.5
129.0
129.0
129.0
130.25
130.25
130.25
130.25
131.0
131.0
131.0
131.0
131.0
131.0
131.9375
132.875
133.8125
134.75
134.75
134.75
134.75
134.75
134.75
126.75
126.75
124.25
124.25
124.25
123.25
123.25
123.25
123.25
123.25
123.25
123.25
125.5
125.5
125.5
125.5
125.58333333333333
125.66666666666667
125.75
125.83333333333333
125.91666666666667
126.0
126.08333333333333
126.16666666666667
126.25
126.25
126.25
126.25
124.5
124.5
124.5
124.5
123.75
123.75
123.75
123.75
123.75
124.25
124.25
124.5
124.5
125.0
125.0
125.0
120.75
120.75
120.75
120.75
120.5
120.5
125.25
125.25
124.75
124.75
125.25
125.25
125.25
127.5
127.5
127.5
127.5
127.5
127.5
127.5
127.5
120.5
120.5
120.5
120.5
120.5
116.75
116.75
116.75
116.75
116.75
116.75
116.75
116.75
116.75
116.75
118.23076923076923
119.71153846153847
121.1923076923077
122.67307692307692
124.15384615384616
125.63461538461539
127.11538461538461
128.59615384615384
130.07692307692307
131.55769230769232
133.03846153846155
134.51923076923077
136.0
136.0
131.5
130.0
130.0
130.0
130.0
129.5
129.5
129.5
129.5
127.25
127.25
127.25
126.5
126.5
131.5
131.5
133.5
133.5
134.5
133.33333333333334
132.16666666666666
131.0
131.0
133.16666666666666
135.33333333333334
137.5
137.5
138.25
135.5
135.5
134.5
134.5
134.5
134.5
131.5
131.5
132.75
132.75
133.5
133.75
133.75
133.75
133.75
133.0
133.0
133.25
133.25
133.25
133.5
133.5
134.75
134.75
134.75
134.75
134.0
133.75
133.75
133.75
133.75
131.5
131.5
131.5
131.5
131.5
131.5
131.5
131.5
131.5
133.75
133.75
134.75
134.75
134.75
135.25
135.25
135.25
135.25
135.25
135.25
134.79166666666666
134.33333333333334
133.875
133.41666666666666
132.95833333333334
132.5
132.5
131.5
131.5
131.5
131.5
132.0
132.0
132.0
131.5
131.5
130.5
130.5
130.75
130.75
131.0
131.0
130.5
130.5
131.0
129.0
129.0
127.75
127.75
129.0
129.0
129.5
129.5
128.5
128.5
128.25
128.25
128.25
128.25
128.25
128.25
128.25
128.25
128.25
128.44444444444446
128.63888888888889
128.83333333333334
129.02777777777777
129.22222222222223
129.41666666666666
129.61111111111111
129.80555555555554
130.0
130.19444444444446
130.38888888888889
130.58333333333334
130.77777777777777
130.97222222222223
131.16666666666666
131.36111111111111
131.55555555555554
131.75
131.75
131.75
132.75
132.75
132.75
135.75
135.75
135.75
131.75
131.75
130.75
130.75
130.0
130.0
129.5
129.5
130.0
130.0
130.0
126.75
126.75
126.75
127.75
127.75
127.0
127.0
127.0
128.5
128.5
129.75
129.75
130.75
130.75
130.75
130.0
130.0
130.0
129.0
129.0
130.25
130.25
130.5
130.5
129.0
129.0
128.5
128.5
128.5
128.5
128.5
130.25
130.25
130.75
130.75
129.75
129.75
129.25
129.0
129.0
129.75
129.75
129.0
129.0
129.25
129.25
128.75
128.75
129.0
130.0
130.0
130.0
130.0
131.75
131.75
132.0
132.0
132.0
132.0
132.75
132.75
132.5
132.5
132.75
132.75
132.75
132.75
133.75
133.75
133.75
133.75
133.75
130.75
130.75
130.0
130.0
130.75
130.75
130.75
130.75
131.5
131.5
131.5
131.5
131.5
131.5
131.5
131.5
131.5
131.5
136.5
136.5
136.5
136.5
136.5
136.5
138.0
138.25
138.25
136.0
136.0
136.0
134.0
134.0
136.5
136.5
138.75
141.75
141.75
144.0
144.0
146.0
146.0
145.25
145.25
144.25
144.25
146.25
146.25
147.75
147.75
148.0
148.0
148.0
148.0
148.0
148.0
148.0
142.5
142.5
140.25
140.25
132.0
132.0
137.75
137.75
140.0
140.0
140.5
140.5
140.75
140.75
140.75
134.75
134.75
132.75
132.75
131.75
131.75
131.75
131.75
131.75
131.75
131.75
131.75
131.75
131.75
131.75
135.75
135.75
136.0
136.0
136.0
136.0
136.0
140.25
140.5
140.5
135.0
135.0
131.5
131.5
130.25
130.25
125.75
125.75
122.25
122.25
121.0
121.0
121.0
121.0
120.5
120.5
120.5
120.5
120.5
120.5
120.5
120.5
120.5
118.58333333333333
116.66666666666667
114.75
114.75
114.75
114.75
114.75
114.75
114.75
114.75
114.75
114.75
114.75
114.75
115.41666666666667
116.08333333333333
116.75
116.75
116.75
116.75
116.75
116.75
116.75
116.75
116.75
116.75
116.75
116.75
116.75
139.25
139.25
134.5
134.5
134.5
132.25
132.25
128.0
128.0
126.25
126.25
125.5
125.5
125.5
130.0
130.0
130.75
130.75
130.75
130.75
130.5
130.5
132.25
133.5
133.5
133.5
133.5
133.5
133.5
135.0
135.0
135.75
135.75
136.5
136.5
136.0
136.0
135.75
135.75
137.5
137.5
138.25
138.25
138.25
140.5
140.5
140.75
140.75
140.75
142.5
142.25
142.25
139.0
139.0
136.75
136.75
135.5
135.5
134.75
134.75
133.75
133.75
133.75
132.75
132.75
132.75
135.25
135.25
135.75
135.75
137.75
137.75
137.75
137.75
138.0
138.0
138.0
138.25
138.25
138.25
131.5
131.75
131.75
134.0
134.0
134.25
134.25
131.5
131.5
130.75
131.5
131.5
131.75
131.75
131.5
131.5
130.75
130.75
130.75
131.5
131.5
131.5
134.25
134.25
136.0
136.0
133.75
133.75
133.75
133.75
133.5
133.5
134.5
136.25
136.25
136.25
135.0
135.0
135.0
136.5
136.5
138.75
138.75
138.75
140.0
140.0
136.0
136.0
136.0
134.75
134.75
136.0
136.0
133.5
133.5
134.5
134.5
135.5
136.25
136.25
137.25
137.25
141.25
141.25
141.0
140.5
140.5
140.5
140.5
140.5
139.0
139.0
139.0
138.5
138.5
138.5
134.0
137.0
137.0
137.0
140.5
140.5
140.75
140.75
140.75
138.0
138.0
140.0
140.0
142.0
142.0
143.0
142.25
142.25
141.5
141.5
141.25
141.25
141.0
141.0
141.0
141.0
141.0
141.0
141.0
141.0
141.0
141.0
141.0
141.21428571428572
141.42857142857142
141.64285714285714
141.85714285714286
142.07142857142858
142.28571428571428
142.5
142.71428571428572
142.92857142857142
143.14285714285714
143.35714285714286
143.57142857142858
143.78571428571428
144.0
142.0
142.0
141.25
141.25
140.5
140.5
137.5
137.5
136.5
136.5
136.5
136.5
136.5
130.75
130.75
130.0
130.0
130.0
130.0
126.0
126.0
124.25
124.25
123.0
123.0
123.0
123.0
123.5
123.5
124.25
124.25
124.5
124.5
125.25
126.75
126.75
127.75
127.75
127.5
127.5
130.75
130.75
132.5
132.5
133.0
133.0
133.0
135.0
135.0
136.5
136.5
137.5
137.75
137.75
137.75
139.25
139.25
140.5
140.5
141.75
141.75
143.5
143.5
143.5
142.5
142.5
142.5
142.5
141.75
141.5
141.5
145.0
145.5
145.5
143.75
143.75
143.75
140.25
140.25
144.75
144.75
146.75
146.75
147.25
147.25
151.75
151.75
146.75
146.75
142.75
142.75
144.0
144.0
144.5
144.5
144.5
144.75
144.75
143.75
142.75
141.75
140.75
139.75
138.75
137.75
136.75
135.75
134.75
133.75
132.75
131.75
130.75
129.75
128.75
127.75
127.75
127.75
123.75
123.75
123.75
123.75
130.25
130.25
130.25
130.25
120.75
120.75
120.25
120.25
120.25
120.25
120.25
120.25
120.11111111111111
119.97222222222223
119.83333333333333
119.69444444444444
119.55555555555556
119.41666666666667
119.27777777777777
119.13888888888889
119.0
119.0
119.0
119.0
119.0
113.75
113.75
113.75
111.25
111.25
110.25
110.25
109.25
109.25
109.25
109.25
104.75
104.75
104.75
106.75
106.75
109.25
109.25
109.25
110.0
110.0
110.0
110.0
110.0
110.0
110.0
110.0
112.5
112.5
112.5
112.5
112.5
112.5
112.5
112.5
112.5
112.5
112.5
113.34615384615384
114.1923076923077
115.03846153846153
115.88461538461539
116.73076923076923
117.57692307692308
118.42307692307692
119.26923076923077
120.11538461538461
120.96153846153847
121.8076923076923
122.65384615384616
123.5
123.5
125.5
125.5
125.75
125.75
124.5
124.5
125.25
125.25
124.5
124.5
125.25
125.25
127.0
127.0
128.5
128.5
129.5
128.5
128.5
126.75
126.75
127.0
127.0
128.25
128.25
129.5
129.5
129.25
129.75
129.75
132.5
132.5
134.25
134.25
134.75
133.25
133.25
132.75
132.75
132.75
132.75
132.75
132.75
132.75
134.25
134.25
134.25
134.25
132.75
132.75
133.0
133.0
133.5
133.5
133.75
133.75
133.0
133.0
133.5
135.0
135.0
136.0
136.0
137.5
137.5
138.0
137.75
137.75
135.75
135.75
134.25
134.25
133.5
133.5
134.5
135.0
135.0
135.25
135.25
134.25
134.25
134.0
134.0
134.0
135.25
135.25
134.75
134.75
134.75
133.5
133.5
133.25
133.25
134.0
134.0
134.5
134.5
135.0
136.0
136.0
136.5
136.5
137.0
137.0
137.0
137.0
135.75
133.25
133.25
130.75
130.75
128.5
128.5
126.25
126.25
126.25
126.25
129.0
129.0
130.75
131.25
131.25
130.0
130.0
129.25
129.25
130.75
130.75
131.25
132.5
132.5
131.75
131.75
132.0
132.0
131.5
131.5
131.75
131.75
132.25
134.0
134.0
133.0
133.0
131.5
131.5
131.75
131.75
132.75
134.25
134.25
135.5
135.5
137.0
138.5
138.5
140.25
140.25
140.5
140.5
139.0
137.25
137.25
136.0
136.0
135.5
135.5
135.0
135.0
135.5
135.75
135.75
136.25
136.25
136.75
136.75
137.25
138.0
138.0
139.0
139.0
139.0
139.5
139.5
140.25
140.25
140.25
140.25
140.5
139.75
139.75
139.5
139.5
139.25
139.25
139.25
140.0
140.0
140.25
140.25
139.75
139.5
139.5
136.0
136.0
134.0
134.0
133.25
133.25
133.75
134.75
134.75
133.75
133.75
133.75
133.75
133.0
133.0
133.75
134.75
134.75
135.0
135.0
135.75
135.75
136.5
137.25
137.25
136.5
136.5
133.75
133.75
131.5
131.5
132.5
134.5
134.5
136.0
136.0
136.25
137.0
137.0
138.0
138.0
139.0
139.0
139.5
139.5
139.5
139.75
139.75
140.5
140.5
140.0
140.0
140.0
140.0
140.0
148.0
148.0
149.25
149.25
145.25
140.5
140.5
139.75
139.75
137.25
137.25
134.75
134.75
133.25
133.25
129.25
128.75
128.75
130.0
130.0
130.5
130.5
130.5
129.25
129.25
129.25
138.5
138.5
140.75
143.75
143.75
145.25
145.25
143.75
143.75
142.0
141.5
141.5
141.75
141.75
140.5
140.5
137.75
136.5
136.5
135.75
135.75
131.0
131.0
130.0
130.0
134.25
136.25
136.25
137.5
137.5
138.75
139.75
139.75
141.0
141.0
141.25
143.25
143.25
143.25
141.75
141.75
141.75
141.75
138.5
138.5
138.5
137.5
137.5
137.5
137.5
136.5
136.0
136.0
135.25
135.25
135.75
135.75
134.25
136.75
136.75
139.25
139.25
140.0
140.0
137.5
134.75
134.75
133.75
133.75
136.75
136.75
136.75
137.25
136.0
136.0
134.5
134.5
133.75
133.75
132.75
132.75
131.25
131.25
130.5
130.5
130.5
130.5
130.5
132.5
132.5
134.0
133.0
133.0
133.0
132.5
132.5
131.5
131.5
135.0
137.75
137.75
138.75
138.75
138.75
138.75
138.75
138.75
138.75
139.0
139.0
137.0
137.0
136.5
137.25
137.25
136.75
136.75
136.75
137.25
137.25
137.25
137.25
138.5
138.5
138.0
138.0
137.25
138.75
138.75
139.5
139.5
140.75
142.0
142.0
141.0
140.75
140.75
141.25
141.25
141.5
141.5
142.0
142.0
142.0
142.0
142.0
142.5
143.0
143.0
143.0
143.0
142.5
143.25
143.25
144.25
144.25
144.25
144.25
144.25
143.5
143.5
144.25
144.75
144.75
145.0
145.0
144.0
143.5
143.5
145.0
145.0
145.25
145.25
145.25
146.0
146.0
146.0
146.0
146.0
144.5
144.5
143.5
143.5
143.5
143.5
143.75
143.75
144.25
144.25
144.5
144.75
144.75
145.5
145.5
145.75
147.0
147.0
147.75
147.75
147.75
148.5
148.5
148.5
148.75
148.75
149.5
150.25
150.25
150.5
150.5
150.5
150.5
150.5
149.25
147.75
147.75
146.5
146.5
145.5
146.25
146.25
148.5
148.5
147.5
145.5
145.5
144.5
144.5
143.5
142.5
142.5
140.5
140.5
140.5
140.5
138.25
138.25
136.75
136.0
136.0
135.75
135.75
134.25
134.25
133.75
134.0
134.0
134.75
134.75
136.25
136.25
137.25
138.0
138.0
140.0
140.0
140.5
142.25
142.25
144.25
144.25
145.0
145.75
145.75
146.25
145.5
145.5
145.0
145.0
144.75
144.75
144.75
144.75
144.75
143.75
144.75
144.75
144.0
144.0
143.0
143.0
141.5
139.25
139.25
137.25
137.25
133.25
133.25
131.75
131.75
133.0
135.25
135.25
136.5
136.5
137.5
137.5
138.0
138.5
138.5
139.0
139.0
140.5
140.5
140.0
140.0
140.0
140.0
140.75
142.25
142.25
142.25
143.0
143.0
143.5
143.5
143.5
143.5
143.5
144.75
144.75
144.75
144.75
145.25
145.25
145.25
144.75
144.75
145.0
145.25
145.25
145.0
145.0
142.0
142.0
142.25
142.25
142.25
142.25
140.5
139.25
139.25
139.25
139.25
139.0
139.5
139.5
140.75
140.75
140.75
141.75
141.75
142.0
142.0
143.25
143.75
143.75
142.5
142.5
140.75
140.75
137.25
135.0
135.0
135.0
135.0
135.0
135.0
134.75
134.75
135.25
135.5
135.5
135.75
135.75
137.0
138.5
138.5
140.0
140.0
140.75
141.5
141.5
142.25
142.25
142.75
142.75
142.75
143.25
143.25
143.5
143.5
142.75
142.0
142.0
142.0
142.0
142.25
143.0
143.0
143.25
143.25
142.75
142.25
142.25
141.75
141.75
141.25
140.75
140.75
140.25
140.25
139.75
139.75
138.75
137.25
137.25
136.5
136.5
136.5
136.5
137.25
138.75
138.75
138.75
138.75
138.0
138.0
138.0
138.25
138.25
138.5
138.5
138.25
138.25
138.25
138.0
138.0
138.0
138.0
138.25
138.5
138.5
138.25
138.25
138.75
140.25
140.25
141.25
141.25
142.75
142.75
143.75
143.75
144.5
144.5
144.75
144.75
145.0
145.0
144.75
144.75
144.75
144.75
144.75
145.0
145.5
145.5
145.75
145.75
146.5
147.0
147.0
147.25
147.5
147.5
148.25
148.25
148.75
149.5
149.5
150.0
150.0
150.0
150.0
150.0
149.5
148.25
148.25
147.5
147.5
147.25
146.5
146.5
145.75
145.75
145.75
145.25
145.25
144.75
144.75
144.75
144.25
144.25
144.0
144.0
144.0
144.0
144.0
144.0
143.25
143.25
142.75
142.75
142.75
142.75
143.0
143.0
143.0
143.25
143.25
144.0
144.5
144.5
145.25
145.25
145.25
145.0
145.0
144.25
144.25
144.0
144.25
144.25
144.0
144.0
144.0
143.75
143.75
144.0
144.0
145.0
145.0
145.0
145.0
146.0
146.0
147.0
147.0
147.0
148.0
148.0
148.25
147.25
147.25
149.75
149.75
151.5
151.5
151.75
152.0
152.0
152.25
152.25
152.75
153.5
153.5
153.75
154.25
154.25
154.5
154.0
154.0
154.0
154.0
153.75
154.25
154.25
153.75
153.5
153.5
152.75
151.5
151.5
151.25
151.25
150.5
149.75
149.75
148.5
147.75
147.75
145.75
145.75
141.5
141.5
137.0
137.0
137.0
137.0
137.25
137.25
134.25
134.25
132.75
132.75
128.75
128.75
128.0
130.5
130.5
132.0
132.0
131.25
131.25
130.5
130.5
130.5
130.5
130.0
130.0
130.0
129.0
129.0
127.75
127.75
125.25
125.25
125.25
125.25
127.25
127.25
127.25
128.0
128.0
129.0
129.5
129.5
131.5
131.5
131.75
131.75
135.0
136.75
136.75
138.25
138.25
139.25
139.25
139.75
139.75
134.0
134.0
133.75
133.75
134.25
134.25
136.0
136.0
135.25
133.25
133.25
130.75
130.75
132.25
132.25
131.25
131.25
127.25
127.25
126.25
126.25
124.5
124.5
122.75
122.75
121.75
121.75
121.25
121.25
123.75
123.75
122.5
122.5
121.75
121.75
121.0
122.0
122.0
123.5
123.5
125.25
125.25
125.25
125.25
124.0
124.0
122.75
122.75
122.5
122.5
124.0
124.0
124.25
124.25
124.25
124.25
127.75
127.75
126.5
126.5
126.5
126.5
128.5
128.5
129.0
129.0
130.5
133.25
133.25
136.25
136.25
137.0
137.0
137.75
137.75
137.75
137.5
137.5
136.75
136.75
137.25
137.75
137.75
137.75
137.75
138.25
138.25
136.25
134.75
134.75
134.25
134.25
134.25
134.25
135.5
135.75
135.75
137.0
137.0
138.25
138.25
139.75
140.5
140.5
141.75
141.75
141.5
141.5
141.5
140.75
140.75
139.75
140.5
140.5
140.0
140.0
139.5
139.5
138.5
138.5
138.5
138.75
138.75
138.5
138.5
137.75
139.25
139.25
140.75
140.75
141.0
141.25
141.25
141.25
141.25
141.25
141.5
141.5
140.0
140.0
139.25
139.25
136.5
136.5
136.5
136.5
136.5
136.25
136.25
135.75
135.75
134.5
134.5
134.5
135.5
135.5
136.0
136.0
137.0
138.0
138.0
138.75
138.75
139.5
140.0
140.0
136.5
136.5
134.0
134.0
132.75
132.75
131.75
132.75
132.75
134.75
134.75
136.0
136.0
136.5
136.75
136.75
136.0
136.0
136.75
136.75
133.75
133.75
131.25
132.0
132.0
129.25
129.25
128.5
128.5
128.0
128.0
127.25
127.25
126.75
126.75
127.5
127.5
128.75
131.0
131.0
133.0
133.0
134.25
134.5
134.5
134.5
134.5
136.0
136.0
136.5
136.5
137.5
138.5
138.5
138.75
138.75
137.5
137.5
137.5
137.5
137.5
137.0
137.0
137.0
136.5
136.5
135.25
135.25
135.25
134.0
134.0
133.75
133.75
134.75
135.25
135.25
135.5
135.5
136.0
136.0
136.0
136.0
136.0
137.25
137.25
138.25
138.25
138.25
138.25
137.75
137.5
137.5
136.75
136.75
135.75
135.75
134.25
132.0
132.0
130.25
130.25
130.5
130.5
132.0
132.0
132.75
132.75
132.75
133.25
133.25
133.25
133.25
133.25
133.25
133.25
133.75
133.75
134.5
134.5
135.5
135.5
136.5
137.5
137.5
137.5
137.5
136.75
136.75
136.75
136.75
133.75
133.0
133.0
133.0
133.0
134.75
134.75
135.75
136.75
136.75
136.75
136.75
135.5
135.5
134.0
134.0
134.0
134.75
134.75
135.0
135.0
134.5
134.5
134.5
132.0
132.0
131.5
131.5
133.5
133.5
133.75
133.75
134.75
135.5
135.5
133.5
133.5
132.75
132.75
133.25
133.25
131.5
132.0
132.0
134.0
134.0
135.0
135.0
134.5
134.75
134.75
133.25
133.25
131.0
131.0
130.25
130.25
126.5
126.5
124.75
124.75
122.25
122.25
122.25
122.25
118.25
118.25
120.5
120.5
119.25
119.25
119.5
119.5
119.5
119.0
119.0
118.5
118.5
119.25
119.25
120.75
120.75
124.5
124.5
125.25
125.25
127.25
127.25
127.5
127.5
124.0
124.0
122.75
122.75
122.75
122.75
121.75
121.75
121.0
121.0
121.0
121.0
125.5
125.5
127.5
127.5
128.25
128.25
127.0
127.0
126.5
126.5
127.0
126.25
126.25
126.0
126.0
124.5
124.5
126.5
126.5
127.25
127.25
128.5
128.5
129.25
129.25
129.25
130.5
130.5
128.75
128.75
129.0
129.0
131.0
131.0
132.5
133.75
133.75
133.5
133.5
133.75
133.75
134.5
134.5
133.5
133.75
133.75
133.75
133.75
133.0
133.0
133.25
133.25
132.75
138.0
138.0
138.75
138.75
139.5
139.5
140.25
140.0
140.0
139.75
139.75
140.5
143.0
143.0
144.0
144.0
142.75
142.25
142.25
141.25
141.25
142.0
142.5
142.5
141.5
141.5
140.5
140.0
140.0
139.75
139.75
140.0
140.0
140.0
140.0
140.0
140.0
140.0
140.25
140.75
140.75
141.75
141.75
142.25
142.75
142.75
143.0
143.0
142.5
141.75
141.75
142.25
142.25
142.5
143.0
143.0
143.25
143.25
143.5
143.5
143.5
143.0
143.0
142.0
142.0
141.25
137.25
137.25
137.75
137.75
137.75
137.75
137.0
136.25
136.25
135.0
135.0
134.25
134.25
134.25
134.25
135.0
135.0
135.75
135.75
135.25
135.25
137.75
137.75
137.75
137.25
137.25
137.25
137.25
137.5
136.75
136.75
136.25
136.25
134.75
134.75
134.75
134.75
134.75
133.25
133.25
132.5
132.5
132.25
132.25
132.5
132.5
131.0
131.0
131.0
131.5
131.5
132.25
132.25
132.75
132.75
132.75
133.75
133.75
134.5
134.5
135.0
135.0
135.0
135.0
136.25
136.25
136.25
136.25
135.25
135.25
135.25
134.75
134.75
135.25
135.25
135.75
135.75
136.75
137.75
137.75
139.0
139.0
139.25
139.25
138.25
138.5
138.5
138.25
138.25
137.0
136.25
136.25
136.0
136.0
137.25
137.25
137.75
137.75
137.75
137.25
137.25
137.25
137.25
136.75
136.75
136.25
136.25
136.25
136.25
136.25
136.25
136.25
136.25
137.0
137.0
136.75
136.75
136.25
136.25
135.75
135.5
135.5
136.0
136.0
135.75
135.75
135.25
134.75
134.75
133.75
133.75
135.5
135.5
136.25
136.25
138.5
138.75
138.75
137.25
137.25
137.0
138.5
138.5
138.75
138.75
138.25
138.25
137.0
136.5
136.5
138.5
138.5
138.75
138.75
138.5
138.75
138.75
138.25
138.25
136.75
136.0
136.0
136.0
136.0
135.75
135.75
136.0
136.0
136.25
136.75
136.75
137.25
137.25
137.75
137.75
138.0
138.75
138.75
139.0
139.0
139.25
139.5
139.5
139.5
139.5
140.0
140.0
139.5
139.75
139.75
140.25
140.25
139.75
139.75
139.75
139.0
139.0
139.0
138.5
138.5
137.75
137.75
137.5
137.5
137.5
137.5
137.5
138.0
138.0
138.0
138.0
137.5
137.5
137.5
136.75
136.75
136.75
131.5
131.5
132.0
132.0
132.75
132.75
132.75
132.5
132.5
132.0
132.0
135.5
135.5
134.75
136.0
136.0
136.5
136.5
137.25
137.25
135.5
134.0
134.0
130.0
130.0
130.0
129.5
129.5
129.75
129.75
127.5
127.5
126.25
126.25
124.5
124.5
123.25
123.25
123.5
123.5
124.75
124.25
124.25
124.25
124.25
123.5
123.5
121.5
121.5
121.5
120.0
120.0
117.75
117.75
116.0
116.0
116.0
116.0
116.0
116.0
114.75
114.75
114.75
114.75
117.5
117.5
116.75
116.75
116.75
117.75
117.75
117.75
117.75
116.75
116.75
116.75
116.75
116.75
116.75
116.75
116.75
116.75
116.75
116.75
116.75
116.75
116.41463414634147
116.07926829268293
115.7439024390244
115.40853658536585
115.07317073170732
114.73780487804878
114.40243902439025
114.0670731707317
113.73170731707317
113.39634146341463
113.0609756097561
112.72560975609755
112.39024390243902
112.05487804878048
111.71951219512195
111.38414634146342
111.04878048780488
110.71341463414635
110.3780487804878
110.04268292682927
109.70731707317073
109.3719512195122
109.03658536585365
108.70121951219512
108.36585365853658
108.03048780487805
107.6951219512195
107.35975609756098
107.02439024390245
106.6890243902439
106.35365853658537
106.01829268292683
105.6829268292683
105.34756097560975
105.01219512195122
104.67682926829268
104.34146341463415
104.0060975609756
103.67073170731707
103.33536585365853
103.0
103.0
103.0
103.0
103.0
110.25
110.25
112.75
112.75
116.5
116.5
116.75
116.75
116.0
116.0
115.75
115.75
114.75
114.75
114.5
114.5
111.25
111.25
118.25
118.25
118.0
118.0
118.75
118.75
119.75
119.75
123.5
123.5
123.5
123.5
123.5
126.25
126.25
126.75
126.75
128.0
128.0
128.25
129.75
129.75
131.25
131.25
130.75
130.75
131.5
131.5
132.0
132.0
130.0
130.25
130.25
133.0
133.0
135.5
137.0
137.0
136.5
136.5
137.0
137.0
136.5
136.75
136.75
137.25
137.25
137.75
137.75
138.25
138.75
138.75
139.75
139.75
140.0
140.0
140.0
140.5
140.5
140.0
140.0
138.5
136.5
136.5
134.75
134.75
135.5
135.5
135.5
135.5
135.0
133.0
133.0
131.5
131.5
128.75
128.75
127.25
127.25
127.0
127.0
127.5
127.5
128.75
128.75
129.0
128.75
128.75
129.0
129.0
129.25
129.25
129.5
129.5
129.25
129.25
128.5
128.5
127.75
128.0
128.0
128.75
128.75
130.0
130.0
132.0
132.0
133.5
134.75
134.75
136.0
136.0
136.0
137.0
137.0
133.75
133.75
130.0
127.5
127.5
123.25
123.25
122.0
122.0
119.75
119.75
120.0
120.0
121.5
121.5
122.25
122.25
125.5
125.5
126.75
126.75
127.75
127.75
127.75
127.75
128.5
129.5
129.5
130.75
130.75
129.75
129.75
127.5
127.5
125.75
125.75
125.75
125.75
124.75
124.75
124.75
124.75
126.25
126.25
127.0
127.0
126.25
126.25
126.25
127.25
127.25
128.0
128.0
129.0
129.0
128.5
128.5
128.75
129.25
129.25
129.75
129.75
129.75
129.75
132.25
132.25
134.25
134.25
134.25
133.25
133.25
132.75
132.75
128.75
128.75
126.75
126.75
126.0
126.0
126.0
126.0
125.25
125.25
125.25
124.25
124.25
124.25
120.75
114.0
114.0
114.0
115.75
115.75
109.0
109.0
108.75
108.75
110.25
110.25
110.25
110.25
110.25
107.5
107.5
106.75
106.75
104.0
104.0
104.25
104.25
104.25
104.25
104.25
104.25
104.25
104.25
104.25
104.25
104.25
104.0576923076923
103.86538461538461
103.67307692307692
103.48076923076923
103.28846153846153
103.09615384615384
102.90384615384616
102.71153846153847
102.51923076923077
102.32692307692308
102.13461538461539
101.9423076923077
101.75
101.5576923076923
101.36538461538461
101.17307692307692
100.98076923076923
100.78846153846153
100.59615384615384
100.40384615384616
100.21153846153847
100.01923076923077
99.82692307692308
99.63461538461539
99.4423076923077
99.25
99.0576923076923
98.86538461538461
98.67307692307692
98.48076923076923
98.28846153846153
98.09615384615384
97.90384615384616
97.71153846153847
97.51923076923077
97.32692307692308
97.13461538461539
96.9423076923077
96.75
96.75
103.75
103.75
103.75
104.75
104.75
114.5
116.25
116.25
116.25
116.0
120.5
120.5
124.5
124.5
128.0
128.0
133.5
136.0
136.0
136.0
137.5
141.5
141.5
142.25
142.25
139.75
139.75
138.0
140.5
140.5
143.0
143.0
144.75
144.75
147.0
147.0
147.0
144.5
146.0
146.0
145.75
145.75
143.25
138.5
138.5
136.0
136.0
135.5
135.5
133.75
132.25
132.25
135.75
135.75
138.25
138.25
139.0
139.0
143.25
143.25
145.25
146.5
146.5
148.0
150.0
150.0
150.5
150.5
150.75
151.25
151.25
150.25
150.25
148.25
146.5
146.5
144.25
144.25
145.25
145.75
145.75
144.25
144.25
142.25
140.75
140.75
139.75
139.75
138.75
138.25
138.25
137.75
137.75
137.5
137.5
138.75
141.0
141.0
142.75
142.75
144.0
145.75
145.75
146.75
146.75
147.0
145.0
145.0
143.75
143.75
139.0
138.25
138.25
138.75
138.75
139.25
141.25
141.25
142.0
142.0
141.5
141.5
141.0
140.0
140.0
139.25
139.25
138.25
137.25
137.25
136.25
136.25
135.0
135.0
134.25
134.25
135.25
135.75
135.75
136.5
136.5
136.5
136.5
135.5
136.75
136.75
138.75
138.75
139.75
141.0
141.0
143.0
143.0
143.25
143.75
143.75
144.5
144.5
145.5
144.25
144.25
144.0
144.0
145.5
145.5
146.75
146.75
146.75
147.25
147.5
147.5
148.0
148.5
148.5
149.5
149.5
149.5
151.5
151.5
151.5
151.75
151.0
151.0
150.5
151.5
151.5
152.25
152.25
153.5
154.0
154.0
154.25
155.0
155.0
154.25
154.25
154.25
153.75
153.75
152.25
152.25
146.0
146.0
139.75
139.75
135.0
135.0
133.0
133.0
133.0
133.0
133.0
133.0
133.0
133.0
133.0
133.0
132.32142857142858
131.64285714285714
130.96428571428572
130.28571428571428
129.60714285714286
128.92857142857142
128.25
127.57142857142857
126.89285714285714
126.21428571428571
125.53571428571429
124.85714285714286
124.17857142857143
123.5
123.5
125.0
125.0
128.25
131.75
131.75
134.25
134.25
135.0
135.0
136.0
136.0
137.75
138.75
138.75
139.25
139.25
138.5
138.5
138.5
138.25
138.25
138.75
138.75
140.0
140.0
140.0
141.0
141.0
142.5
142.5
143.5
144.25
144.25
144.75
145.25
145.25
146.75
146.75
146.75
146.75
147.0
147.0
148.5
149.75
149.75
150.25
150.25
152.0
152.0
150.5
150.5
146.25
146.25
144.0
144.0
144.0
144.0
138.25
138.25
138.5
141.25
141.25
143.25
143.25
144.25
144.25
145.75
143.75
143.75
138.75
138.75
134.75
134.75
132.0
132.0
128.75
128.75
123.0
123.0
119.75
119.75
117.25
117.25
112.5
112.5
109.5
109.5
109.5
109.5
108.75
108.75
108.75
108.75
108.75
108.75
108.75
108.75
108.75
108.75
102.5
102.5
102.75
102.75
102.75
99.0
99.0
104.0
104.0
105.25
105.25
97.25
97.25
95.0
95.0
94.5
94.5
94.5
108.0
110.0
110.0
110.0
109.0
109.0
108.75
108.75
106.5
106.5
85.75
85.75
85.75
80.0
80.0
80.0
80.0
80.0
79.0
79.0
90.83333333333333
102.66666666666667
114.5
114.5
116.75
116.75
116.75
120.0
120.0
120.0
120.0
120.0
120.0
119.25
118.0
118.0
118.0
114.75
114.75
112.0
112.0
112.0
112.0
112.25
112.25
118.75
118.75
121.25
121.25
118.25
118.25
118.0
118.0
116.75
116.75
115.75
115.75
117.25
117.25
118.25
118.25
118.25
120.0
120.0
120.5
123.0
123.0
124.25
124.25
128.0
128.0
129.75
129.75
128.5
128.5
128.25
128.25
130.25
133.25
133.25
132.75
132.75
132.0
132.0
132.5
132.5
132.75
131.0
131.0
132.0
132.0
133.25
133.25
129.75
129.75
129.0
129.0
129.75
130.25
130.25
130.75
130.75
133.25
133.25
135.25
135.25
135.75
135.75
133.0
133.0
133.25
133.25
133.25
133.25
131.75
131.75
131.0
129.5
129.5
128.5
128.5
129.0
129.0
129.75
129.75
129.75
129.75
129.75
131.75
131.75
133.5
133.5
135.5
135.5
136.25
137.5
137.5
138.5
138.5
139.25
139.25
139.75
136.5
136.5
134.25
134.25
131.25
131.25
128.75
128.75
126.75
126.75
128.0
129.25
129.25
130.75
130.75
130.75
130.75
130.25
130.25
131.0
131.0
131.25
130.75
130.75
134.5
134.5
135.75
135.75
131.5
131.5
131.25
132.0
132.0
131.0
131.0
130.25
130.25
130.25
130.25
128.75
128.75
128.0
128.0
126.75
126.75
126.75
126.75
128.25
128.25
130.0
130.0
132.25
135.0
135.0
136.0
136.0
137.0
137.0
135.5
133.75
133.75
131.75
131.75
129.25
129.25
127.5
127.5
126.0
126.0
125.5
125.5
126.75
126.75
126.75
126.75
125.0
125.0
124.5
124.75
124.75
124.75
124.75
125.25
125.25
126.5
126.5
126.75
126.75
126.75
126.75
127.0
127.0
127.0
127.0
127.0
127.5
127.5
128.25
128.25
132.25
132.25
134.25
134.25
135.75
136.0
136.0
136.0
136.0
134.0
134.0
132.5
132.0
132.0
131.0
131.0
131.0
131.0
131.0
131.0
129.5
129.5
128.75
128.75
129.0
129.0
128.75
128.75
128.75
127.5
127.5
127.0
127.0
127.25
127.25
127.25
127.25
126.5
126.5
124.5
124.5
124.0
124.0
124.25
124.25
124.25
126.25
126.25
125.5
125.5
125.5
125.5
125.5
126.5
126.5
123.5
123.25
123.25
123.25
123.25
122.25
122.25
122.25
120.75
120.75
119.0
119.0
120.0
120.0
122.0
122.0
123.0
123.0
123.5
123.5
124.0
121.25
121.25
121.25
117.5
117.5
116.25
116.25
112.25
112.25
111.0
111.0
110.75
110.75
110.75
111.25
111.25
112.5
112.5
113.0
113.0
108.0
108.0
108.25
108.25
107.0
107.0
105.0
105.0
105.0
104.75
104.75
107.5
107.5
104.5
104.5
104.5
104.25
104.25
100.75
100.75
93.0
93.0
92.75
92.75
89.5
89.5
89.5
88.0
88.0
88.0
88.0
88.0
88.0
99.0
110.0
121.0
121.0
121.0
121.0
117.75
117.75
117.75
115.25
115.25
113.0
113.0
112.0
112.0
112.25
112.25
105.5
105.5
105.5
109.0
109.0
112.75
112.75
114.5
114.5
114.25
114.25
114.5
114.5
114.5
114.5
115.25
115.25
112.0
112.0
114.25
114.25
115.0
115.0
114.0
114.0
114.5
114.5
114.5
117.5
117.5
118.5
118.5
121.0
121.0
122.5
122.5
119.75
119.75
118.5
118.5
118.0
118.0
119.25
119.25
120.0
120.75
120.75
121.5
121.5
120.75
120.75
122.75
122.75
126.25
126.25
130.0
130.0
132.75
132.75
131.5
130.0
130.0
127.75
127.75
126.25
126.25
124.0
124.0
123.75
123.75
124.25
124.25
123.0
123.0
121.75
121.75
122.75
122.75
123.0
123.0
123.25
123.25
123.0
123.0
122.25
122.25
121.75
121.75
121.5
122.5
122.5
123.5
123.5
123.5
123.5
123.5
123.5
124.0
124.0
126.0
126.0
127.75
127.75
126.75
126.75
126.5
126.5
124.25
124.25
123.75
123.75
123.5
123.5
122.25
122.25
121.25
122.75
122.75
124.5
124.5
125.75
125.75
128.0
128.0
130.75
130.75
133.25
133.25
133.25
131.75
131.75
129.0
129.0
126.0
126.0
124.25
124.25
124.0
124.0
122.25
122.25
121.25
121.25
121.25
121.25
122.25
122.25
126.0
126.0
128.25
129.5
129.5
129.75
129.75
129.25
129.25
129.25
129.25
129.5
129.5
129.5
129.5
128.75
130.0
130.0
130.5
130.5
131.75
131.75
132.5
132.5
132.5
132.25
132.25
131.0
131.0
130.25
130.25
130.0
130.0
130.25
130.25
131.5
131.5
132.25
132.5
132.5
130.75
130.75
129.25
129.25
128.25
128.25
127.5
127.5
128.5
129.25
129.25
132.0
132.0
133.25
133.25
134.5
135.25
135.25
134.25
134.25
134.25
134.25
134.25
134.25
131.5
131.5
127.75
127.75
125.5
125.5
124.25
123.25
123.25
124.5
124.5
126.5
126.5
129.0
129.0
131.5
131.5
132.5
135.0
135.0
135.5
135.5
135.5
135.5
132.5
132.5
127.0
127.0
125.5
127.0
127.0
127.0
127.0
124.75
124.75
123.25
123.25
122.5
122.5
123.25
123.25
124.75
124.75
125.5
125.5
126.75
126.75
128.0
128.0
128.75
131.0
131.0
132.5
132.5
133.5
133.5
134.25
134.25
134.5
133.75
133.75
132.75
132.75
130.75
130.75
128.25
128.25
127.25
127.25
127.25
127.25
129.5
131.25
131.25
131.5
131.5
131.5
131.5
132.75
132.75
133.5
133.75
133.75
134.25
134.25
134.25
134.25
133.5
132.75
132.75
131.75
131.75
131.5
131.5
132.75
132.75
133.25
133.25
133.0
132.0
132.0
130.5
130.5
129.75
129.75
131.25
131.25
131.75
131.75
130.25
130.25
129.5
129.25
129.25
127.0
127.0
126.25
126.25
122.75
122.75
119.25
119.25
119.25
118.0
118.0
117.25
117.25
117.75
118.0
118.0
118.0
118.0
118.0
118.0
118.0
118.0
109.5
109.5
108.5
108.5
108.5
108.75
108.75
109.0
109.0
107.5
107.5
107.5
107.5
107.5
107.5
107.5
107.5
107.5
114.25
114.25
114.25
114.5
114.5
114.5
114.5
114.5
114.5
114.5
114.5
118.5
118.5
118.0
118.0
118.0
118.0
118.0
118.0
118.0
118.0
118.0
118.0
115.32142857142857
112.64285714285714
109.96428571428571
107.28571428571429
104.60714285714286
101.92857142857143
99.25
96.57142857142857
93.89285714285714
91.21428571428572
88.53571428571429
85.85714285714286
83.17857142857143
80.5
80.5
80.5
80.5
80.5
80.5
80.5
80.5
80.5
87.0
87.0
87.0
95.5
95.5
97.0
97.0
97.25
97.25
87.75
87.75
87.75
75.0
75.0
75.0
73.75
73.75
73.75
73.75
73.75
77.79545454545455
81.8409090909091
85.88636363636364
89.93181818181819
93.97727272727273
98.02272727272728
102.06818181818183
106.11363636363637
110.1590909090909
114.20454545454545
118.25
118.25
118.5
118.25
118.25
118.25
120.25
121.5
121.5
124.25
124.25
124.75
124.75
125.25
125.25
126.75
126.75
126.75
126.75
130.0
131.75
131.75
132.25
132.25
132.0
132.0
130.5
130.5
128.25
128.25
127.25
127.25
127.5
127.5
126.25
127.25
127.25
128.25
128.25
128.75
128.75
129.0
129.0
128.25
128.25
128.0
128.0
128.25
128.25
127.0
124.75
124.75
123.25
123.25
123.5
123.5
124.25
124.25
124.5
124.5
124.5
124.5
125.25
125.25
125.75
125.75
125.0
125.0
124.25
124.25
123.0
123.0
121.0
121.0
119.75
119.75
120.5
120.5
120.5
120.5
120.5
120.5
120.5
120.5
120.25
120.25
120.75
120.75
120.0
120.0
119.25
119.25
121.75
121.75
122.75
122.75
123.75
125.75
125.75
125.25
125.25
123.75
123.75
121.0
121.0
120.0
120.0
121.25
121.25
123.0
123.0
124.25
124.25
124.5
124.5
124.5
124.5
125.75
125.75
124.75
124.75
122.5
122.5
122.5
122.5
120.25
120.25
120.5
120.5
121.5
121.5
122.75
122.75
123.75
124.0
124.0
123.75
123.75
123.75
123.75
122.75
122.75
121.25
121.25
118.25
118.25
118.25
116.25
116.25
114.0
114.0
113.75
113.75
113.75
113.75
115.5
115.5
116.25
116.25
119.0
119.0
121.25
121.25
123.75
123.75
126.25
127.25
127.25
127.25
127.25
127.25
127.75
127.75
127.75
124.52272727272727
121.29545454545455
118.06818181818181
114.8409090909091
111.61363636363636
108.38636363636364
105.1590909090909
101.93181818181819
98.70454545454545
95.47727272727273
92.25
92.25
92.25
92.25
92.25
92.25
92.25
112.0
112.0
116.5
116.5
116.5
117.5
117.5
117.75
117.75
117.75
117.75
116.75
116.75
116.5
116.5
116.5
112.25
112.25
111.75
111.75
111.75
111.75
111.75
111.75
111.75
111.75
111.75
111.75
111.75
111.72115384615384
111.6923076923077
111.66346153846153
111.63461538461539
111.60576923076923
111.57692307692308
111.54807692307692
111.51923076923077
111.49038461538461
111.46153846153847
111.4326923076923
111.40384615384616
111.375
111.34615384615384
111.3173076923077
111.28846153846153
111.25961538461539
111.23076923076923
111.20192307692308
111.17307692307692
111.14423076923077
111.11538461538461
111.08653846153847
111.0576923076923
111.02884615384616
111.0
111.0
111.0
111.0
111.0
111.0
111.0
111.0
111.0
111.0
111.0
109.16666666666667
107.33333333333333
105.5
105.5
110.75
110.75
112.25
112.25
112.25
114.5
116.75
119.0
119.0
117.0
117.0
117.0
117.0
117.0
116.25
116.25
116.25
116.25
116.25
116.25
116.25
116.25
114.68333333333334
113.11666666666666
111.55
109.98333333333333
108.41666666666667
106.85
105.28333333333333
103.71666666666667
102.15
100.58333333333333
99.01666666666667
97.45
95.88333333333334
94.31666666666666
92.75
92.75
92.75
92.75
92.75
92.75
92.75
102.25
102.25
102.25
102.25
102.5
102.5
109.75
109.75
111.5
111.5
111.5
112.0
112.0
112.25
112.25
112.25
112.25
112.25
112.25
112.25
112.25
115.3
118.35
121.4
124.45
127.5
130.55
133.6
136.65
139.7
142.75
141.75
141.75
138.75
138.75
137.25
137.25
127.0
127.0
124.0
124.0
124.0
121.75
119.5
117.25
117.25
117.0
117.0
109.5
109.5
109.5
108.0
108.0
111.75
111.75
112.75
112.75
119.0
119.0
121.5
121.5
123.0
123.25
123.25
125.25
125.25
127.5
127.5
128.75
128.75
130.75
134.0
134.0
137.25
137.25
139.25
139.25
141.0
142.5
142.5
142.75
142.75
142.75
142.75
142.75
142.5
142.5
142.5
141.5
141.5
140.25
140.25
139.75
141.25
141.25
142.5
142.5
144.25
144.25
144.25
140.25
140.25
136.25
136.25
131.75
131.75
129.25
129.25
128.25
128.25
126.0
126.0
126.0
119.75
119.75
119.5
119.5
119.5
119.5
124.75
124.75
125.0
125.0
112.5
112.5
112.5
112.5
110.25
110.25
112.0
112.0
112.25
112.25
115.25
115.25
117.25
117.25
119.0
119.0
122.5
122.5
123.0
123.0
121.25
121.25
121.0
121.0
121.75
121.75
122.0
122.0
123.75
123.75
125.0
125.0
120.25
120.25
120.25
118.5
118.5
117.5
117.5
117.0
117.0
118.0
118.0
119.0
119.0
120.5
120.5
121.0
121.0
121.25
121.25
119.75
119.75
117.5
117.5
116.75
116.75
118.0
118.0
120.25
120.25
124.5
124.5
125.0
125.0
125.25
125.25
125.25
125.25
124.25
124.25
130.25
130.25
133.5
133.5
134.25
134.25
134.5
134.5
134.5
134.5
134.5
122.75
119.5
119.5
120.25
120.25
120.25
121.25
119.0
119.0
117.75
117.75
118.75
118.75
121.25
121.25
122.5
122.5
119.75
119.75
123.75
123.75
126.5
126.5
126.5
121.75
121.75
118.0
118.0
118.0
113.5
113.5
112.0
112.0
112.25
112.25
114.75
114.75
118.25
118.25
120.75
120.75
124.0
125.5
125.5
126.5
126.5
126.5
123.5
120.5
120.5
119.75
119.75
119.75
119.75
119.75
119.75
120.25
120.25
121.0
121.0
122.5
122.5
122.5
122.5
124.0
124.0
124.0
124.0
125.0
125.0
123.5
122.5
122.5
122.5
121.5
121.5
120.5
120.5
117.25
117.25
117.25
117.25
118.75
118.75
118.75
121.0
121.0
120.0
120.0
120.0
120.0
117.5
117.5
117.5
117.5
117.5
117.5
117.5
117.5
117.5
117.5
117.5
117.375
117.25
117.125
117.0
116.875
116.75
116.75
116.75
117.5
117.5
117.5
117.5
117.5
117.5
117.5
117.5
117.5
117.5
117.5
119.58333333333333
121.66666666666667
123.75
123.75
123.75
123.75
123.75
123.75
123.75
123.75
123.75
123.75
123.75
