140.0
140.0
144.0
143.0
143.0
143.0
144.0
144.0
144.0
144.5
144.5
144.5
144.5
144.5
146.25
146.5
146.5
146.0
146.0
145.5
145.75
145.75
146.0
146.0
146.5
146.5
146.5
146.25
146.25
146.25
147.0
147.0
146.75
145.75
145.75
145.25
145.25
145.5
145.5
145.5
145.25
145.25
144.5
144.25
144.25
143.5
143.5
140.5
138.5
138.5
138.75
138.75
138.5
138.5
137.75
137.75
140.0
141.5
141.5
141.5
141.5
140.25
140.25
139.25
138.25
138.25
138.25
141.25
139.5
139.5
138.0
138.0
138.5
137.25
137.25
137.75
137.75
139.0
139.75
139.75
139.75
139.75
139.5
139.5
139.5
139.75
139.75
139.75
139.75
141.0
141.25
141.25
141.25
142.75
142.75
142.75
142.75
140.5
139.25
139.25
139.5
139.5
139.5
139.0
139.0
138.25
138.25
139.0
139.0
139.25
139.25
139.25
141.0
141.0
141.0
141.0
141.25
140.75
140.75
140.25
140.25
140.0
140.0
140.0
138.5
139.75
139.75
140.0
140.0
140.75
141.5
141.5
142.25
142.25
142.25
144.0
144.0
144.25
144.25
144.75
145.25
145.25
145.5
145.5
145.0
144.0
144.0
142.75
142.75
139.75
139.75
138.5
138.5
138.0
138.0
138.0
138.0
138.0
138.75
138.75
139.5
140.0
140.0
140.0
140.0
140.25
140.25
140.25
140.75
140.75
140.75
141.0
141.0
141.0
140.0
140.0
139.5
139.5
137.0
136.0
136.0
136.25
136.25
136.25
136.25
136.25
135.25
135.25
134.75
134.75
134.75
134.75
135.25
135.0
135.0
133.25
133.25
132.0
132.0
132.25
132.25
133.5
134.5
134.5
135.0
135.0
135.75
135.75
136.25
137.0
137.0
137.5
137.5
138.75
138.75
139.5
140.0
140.0
140.5
140.5
140.5
140.5
141.75
141.75
142.75
143.0
143.0
142.5
142.5
142.0
142.25
142.25
142.5
142.5
142.75
143.0
143.0
143.0
143.0
143.75
144.25
144.25
144.75
144.75
145.25
145.5
145.5
146.0
146.0
146.0
146.5
146.5
146.5
146.25
146.25
146.5
146.5
146.75
146.75
145.5
145.0
145.0
145.0
145.0
144.75
144.75
143.75
143.75
141.75
141.75
142.0
142.0
141.25
141.25
141.25
141.25
141.75
142.25
142.25
142.75
142.75
143.0
143.0
143.0
143.0
143.0
143.0
143.0
143.25
143.25
143.25
143.25
143.25
143.25
143.25
143.0
143.0
143.0
143.0
143.0
144.0
144.0
144.0
144.25
144.25
144.5
144.75
144.75
145.0
145.5
145.5
146.0
146.0
146.25
146.0
146.0
146.0
145.25
144.75
144.75
143.75
143.75
143.25
142.25
142.25
141.25
141.25
141.25
141.25
141.25
141.5
141.5
141.5
141.5
142.0
142.0
142.0
142.25
142.25
141.25
141.0
141.0
140.0
140.0
139.5
139.0
139.0
139.25
139.25
139.5
139.5
139.75
139.75
140.5
141.5
141.5
142.75
142.75
143.75
143.75
143.75
143.75
144.25
144.75
144.75
143.75
143.75
143.5
143.0
143.0
143.0
142.5
141.5
141.5
141.5
141.5
141.5
141.75
141.75
142.25
142.25
141.25
141.25
140.5
140.5
140.5
141.25
141.25
141.25
140.5
140.5
140.0
140.0
140.0
140.0
140.0
140.0
140.5
141.25
141.25
142.0
142.0
143.5
143.5
144.0
144.0
144.5
144.5
144.5
144.5
144.5
144.5
144.5
144.5
144.5
144.5
144.25
143.25
143.25
142.5
142.5
143.25
143.25
143.25
142.75
142.75
142.75
142.75
142.75
142.25
142.25
142.0
141.5
141.5
140.75
140.75
140.25
140.25
140.25
140.75
140.75
141.75
141.75
142.25
142.75
142.75
143.5
143.5
143.75
144.25
144.25
144.5
144.0
144.0
144.0
144.0
144.0
144.0
144.0
143.25
143.25
142.25
142.25
141.5
142.25
142.25
142.5
142.5
142.5
142.5
142.5
143.0
143.0
143.5
146.0
146.0
146.0
145.75
146.0
146.0
146.0
146.0
146.25
146.25
146.0
145.5
145.5
144.75
144.75
144.25
144.25
143.75
143.75
144.75
144.75
145.0
144.5
144.5
144.5
144.5
144.5
144.5
144.5
144.5
144.5
144.75
144.25
144.25
143.75
143.75
143.75
143.5
143.5
143.75
143.75
144.0
142.75
142.75
142.0
142.0
141.25
141.0
141.0
140.25
140.25
141.0
141.0
141.0
140.5
141.0
141.0
141.75
141.75
142.75
143.5
143.5
144.0
144.0
144.25
144.25
144.25
144.25
144.25
143.75
143.75
143.75
143.75
143.75
143.75
143.75
143.75
143.75
143.75
144.25
144.25
144.25
144.25
144.25
143.75
143.75
143.75
143.75
142.25
142.25
142.25
142.25
143.75
144.0
144.0
143.25
143.25
143.25
144.75
145.25
145.25
145.75
145.75
146.25
147.25
147.25
148.0
148.0
149.25
149.25
149.25
149.75
149.75
149.75
151.75
151.75
151.75
152.0
152.0
152.0
152.0
152.0
152.0
152.25
152.25
153.0
153.0
152.25
153.0
153.0
153.75
153.75
153.75
154.5
154.5
154.75
154.75
154.75
154.75
156.25
156.25
155.0
155.0
155.0
155.0
154.0
154.0
154.0
154.0
154.0
154.0
154.0
154.0
152.75
152.75
152.75
152.75
152.75
152.75
152.75
152.75
152.75
152.75
152.75
151.125
149.5
149.5
150.5
150.5
152.0
152.5
152.5
152.5
153.0
153.0
149.0
149.0
147.75
147.75
147.25
147.5
147.5
145.25
145.25
145.0
145.75
145.75
146.25
146.25
146.0
146.0
146.25
146.25
146.25
148.0
149.25
149.25
147.75
147.75
147.75
142.5
142.5
142.5
142.5
150.25
150.25
150.25
150.25
150.25
150.5
150.5
149.0
147.5
146.0
146.0
143.5
141.75
141.75
141.75
143.25
143.25
145.0
145.0
143.5
143.5
143.5
145.75
145.75
144.0
144.0
142.75
140.25
140.25
138.0
138.0
138.0
141.5
141.5
142.5
142.75
142.75
144.0
144.0
144.25
145.25
145.25
146.5
146.5
147.5
147.25
147.25
148.25
149.75
149.75
149.0
149.0
147.0
146.0
146.0
146.0
147.25
147.25
147.75
148.5
148.5
149.0
149.0
148.0
148.0
147.75
148.25
148.25
148.75
149.5
149.5
150.25
150.25
150.5
150.75
150.75
150.75
151.0
151.0
151.75
151.75
152.25
152.0
152.0
150.5
150.25
150.25
150.25
149.25
149.25
149.0
149.5
149.5
150.5
150.5
150.5
150.5
151.75
153.5
153.5
154.0
153.0
153.0
152.25
152.25
151.5
149.75
149.75
148.0
148.0
146.75
146.75
145.25
144.25
144.25
144.25
144.25
144.25
143.5
143.5
143.25
143.25
143.25
141.5
141.5
141.75
142.75
142.75
143.5
143.5
143.5
143.5
142.5
141.25
141.25
141.0
141.0
141.25
141.0
141.0
140.75
140.75
140.75
140.5
140.5
142.75
143.25
143.25
144.0
144.0
144.5
144.5
144.75
144.75
144.75
145.25
145.25
145.75
145.75
145.75
145.5
145.5
143.75
143.75
143.75
144.75
145.0
145.0
145.0
145.0
143.25
143.0
143.0
139.75
139.75
138.5
138.5
138.5
138.5
138.75
138.75
139.0
139.5
139.5
139.75
139.75
140.5
140.5
140.5
139.75
139.75
139.75
139.75
139.75
141.0
140.5
140.5
140.25
140.25
138.25
138.25
136.75
136.75
136.5
136.5
136.75
135.25
135.25
134.25
134.25
138.0
138.0
138.0
136.5
136.5
136.5
136.25
136.25
136.25
136.25
136.25
137.25
137.25
138.0
138.0
138.5
138.5
137.75
137.75
136.0
136.0
134.75
134.75
134.5
134.0
134.0
135.25
135.25
136.0
136.0
135.5
136.5
136.5
138.75
138.75
139.75
139.75
141.25
141.25
141.5
141.5
141.75
141.75
141.75
145.25
146.0
146.0
147.25
149.0
149.0
149.75
149.75
150.25
151.5
151.5
150.75
150.75
151.0
151.25
151.25
151.75
151.75
152.25
152.25
152.25
153.0
152.75
152.75
153.25
153.25
153.25
154.75
154.5
154.5
154.25
154.25
156.75
156.75
157.5
157.5
158.0
158.0
158.0
158.0
158.0
156.5
156.5
156.5
156.75
156.75
157.0
157.0
157.0
157.0
156.0
155.5
155.5
156.0
155.75
155.75
156.0
156.0
155.25
155.25
155.25
155.5
156.0
156.0
156.25
156.5
156.5
156.5
155.0
155.0
154.0
154.75
154.75
155.5
155.5
155.5
155.5
155.5
155.75
155.25
155.25
156.0
156.0
156.0
156.25
156.0
156.0
154.75
154.75
154.75
154.75
155.75
155.75
155.5
155.5
155.75
155.75
155.75
156.5
156.5
156.5
156.5
156.0
156.0
156.0
156.0
155.5
155.5
155.0
155.0
155.5
156.0
156.0
155.5
155.0
155.0
155.0
155.5
155.5
155.5
155.5
155.5
156.5
156.5
156.75
156.5
156.5
156.5
156.75
156.75
156.75
156.75
156.75
156.75
157.0
157.0
156.75
156.25
156.25
156.25
156.25
156.0
156.0
156.75
156.75
157.0
156.5
156.5
156.75
157.0
157.0
157.0
156.5
156.5
155.0
155.0
155.25
155.25
155.75
155.25
155.25
155.25
155.5
155.5
156.0
156.25
156.25
155.75
155.5
155.5
156.75
156.75
156.75
156.5
156.0
156.0
156.5
156.5
156.75
156.75
157.25
157.25
156.5
156.0
156.0
156.25
156.5
156.5
156.75
156.75
156.75
156.25
156.75
156.75
156.75
156.75
157.0
157.5
157.5
157.75
155.75
155.75
154.75
155.5
155.5
156.75
158.0
158.0
156.5
156.5
156.5
156.5
156.75
156.75
157.75
157.75
157.25
156.75
156.75
156.25
156.5
156.5
157.0
157.25
157.25
157.25
157.5
157.5
157.0
157.75
157.75
157.25
157.25
157.25
157.25
157.25
157.25
157.75
157.5
157.5
156.5
156.0
156.0
156.75
157.25
157.25
156.5
156.5
156.5
156.25
156.25
156.5
156.5
156.5
157.25
157.25
157.25
157.25
157.25
157.25
157.25
157.25
157.25
157.5
157.5
157.5
158.0
158.0
158.0
158.0
157.5
157.5
157.25
157.0
157.0
157.25
157.25
157.25
157.5
157.75
157.75
157.25
157.25
157.25
157.25
157.25
157.0
157.75
157.75
157.5
157.5
157.5
158.0
158.25
158.25
159.0
159.0
158.25
158.25
157.75
157.75
157.75
158.0
158.0
158.25
157.0
157.0
156.75
158.5
158.5
158.5
157.5
157.5
157.5
157.75
157.75
158.5
158.5
158.75
157.75
157.5
157.5
157.5
158.0
157.75
157.75
158.0
158.0
158.0
157.0
157.0
157.25
157.25
157.75
157.75
158.25
158.25
158.75
159.0
159.0
158.5
158.5
159.75
159.0
159.0
158.5
158.75
158.75
158.75
158.75
158.75
158.75
158.0
158.0
157.75
160.75
160.75
161.0
161.0
161.5
161.5
162.25
162.25
162.5
162.5
162.75
162.75
161.25
161.75
161.75
161.5
161.5
165.25
165.25
164.75
164.75
164.25
163.5
163.5
163.5
163.5
163.5
163.5
161.5
161.5
159.25
158.5
158.5
156.75
156.5
156.5
156.5
156.5
156.5
155.0
155.0
153.25
152.75
152.75
152.75
152.0
152.0
152.0
152.0
152.0
152.25
152.25
153.0
152.5
152.5
151.75
150.75
150.75
150.0
150.0
152.0
152.0
153.5
153.5
154.25
154.25
153.0
152.5
152.5
152.5
154.0
154.0
154.25
154.0
154.0
154.0
154.0
154.0
153.0
153.0
153.0
153.0
152.75
152.75
152.5
152.75
152.75
154.0
154.0
154.5
154.5
154.5
155.0
155.0
154.75
155.0
155.0
154.75
154.5
154.5
154.5
157.0
157.0
157.0
156.75
156.75
157.25
157.75
157.75
158.5
159.25
159.25
159.25
161.75
161.75
161.0
161.0
161.0
160.25
160.25
160.25
160.25
160.25
159.25
159.25
158.5
158.5
158.0
157.25
157.25
156.5
156.5
156.5
156.5
156.0
156.0
154.75
155.25
155.25
154.5
154.5
153.25
153.25
155.0
155.0
156.25
156.25
156.25
156.25
156.0
156.0
156.0
156.25
156.5
156.5
158.25
158.25
157.0
157.0
156.0
156.0
159.0
159.0
159.0
159.25
157.75
157.75
157.75
157.5
157.5
157.25
157.25
157.25
157.0
157.0
156.25
156.5
156.5
156.5
157.25
157.25
157.75
157.75
160.0
160.0
160.25
159.5
159.5
158.75
158.75
158.5
159.0
159.0
159.25
159.25
159.25
159.25
159.25
159.25
159.75
159.75
160.0
160.0
160.0
159.75
160.25
160.25
160.5
160.75
160.75
160.75
161.0
161.0
161.0
162.25
162.25
163.75
163.75
164.25
164.25
164.0
164.0
164.0
164.0
164.0
164.25
164.25
167.0
167.0
167.0
167.25
167.25
167.25
167.25
167.25
166.5
166.0
166.0
165.25
165.25
164.75
164.75
165.0
165.0
165.0
164.75
164.75
164.25
164.25
163.25
163.25
162.25
162.0
162.0
161.5
160.25
160.25
159.5
159.5
158.5
157.25
157.25
156.25
155.5
155.5
155.75
155.75
155.5
155.5
155.25
155.25
155.25
155.25
155.5
155.5
155.5
155.5
155.5
155.75
155.75
155.75
155.75
155.75
155.75
155.75
155.5
155.75
155.75
155.75
155.75
154.0
154.0
153.5
153.5
153.0
153.0
153.5
153.5
153.75
153.25
153.25
153.0
153.0
153.0
153.0
153.0
153.25
153.25
153.5
153.75
153.75
153.75
153.25
153.25
153.75
153.25
153.25
153.0
153.0
153.0
153.25
153.25
153.5
153.5
153.5
152.5
152.5
152.0
152.0
151.5
152.0
152.0
152.5
152.5
152.75
151.75
151.75
152.0
152.0
152.0
152.0
152.0
152.5
152.5
152.5
152.5
152.75
152.75
152.75
152.75
150.75
150.25
150.25
150.0
150.0
150.0
150.0
150.0
149.5
148.75
148.75
148.75
149.0
149.0
149.75
149.75
150.0
150.25
150.25
150.0
150.25
150.25
151.0
151.0
151.0
151.0
150.75
150.75
150.75
150.75
150.0
150.75
150.75
150.75
150.75
150.25
150.25
150.25
150.25
153.0
153.0
152.0
151.5
151.5
151.5
151.5
151.0
151.0
151.25
151.25
151.25
151.5
151.5
151.0
151.0
152.25
152.25
153.0
153.0
152.75
153.0
153.0
153.5
153.5
153.5
154.0
154.0
154.0
154.0
154.0
153.5
153.5
153.5
153.25
153.25
153.5
153.0
153.0
153.0
153.0
153.0
153.0
153.25
153.0
153.0
152.5
151.5
151.5
151.5
151.75
151.75
151.75
151.75
151.5
151.5
151.5
151.5
150.75
151.0
151.0
151.25
151.25
151.5
151.5
150.5
149.5
149.5
148.75
148.75
149.0
149.5
149.5
148.25
148.25
148.25
149.0
149.0
149.25
149.25
147.75
147.75
147.75
148.5
148.5
148.5
148.25
148.25
148.25
148.25
149.25
149.25
149.25
149.75
149.75
149.75
150.25
150.25
150.0
150.25
150.25
150.75
151.0
151.0
151.0
151.0
151.0
151.0
151.0
151.5
151.75
151.75
151.75
151.75
151.75
151.0
151.0
150.5
150.75
150.75
150.75
150.75
151.0
150.75
150.75
150.75
150.25
150.25
150.75
150.75
150.75
150.75
150.25
150.0
150.0
150.0
148.75
148.75
148.0
148.0
148.0
148.0
148.0
148.0
148.0
148.0
148.25
148.25
148.75
148.75
148.75
148.75
148.75
148.0
148.0
147.5
147.5
147.5
148.25
148.25
148.5
148.5
148.0
148.5
148.5
148.5
148.75
148.75
150.0
150.0
149.5
149.5
149.5
149.5
149.5
149.5
149.0
149.0
149.0
149.25
149.25
149.25
148.75
149.25
149.25
149.75
149.75
149.0
149.0
150.0
150.0
151.0
151.0
151.0
151.0
150.25
150.25
151.25
151.25
151.25
150.75
150.75
149.75
149.75
149.25
149.5
149.5
148.75
148.75
146.0
146.0
145.25
145.25
146.5
146.5
147.0
147.0
147.0
147.0
147.0
147.5
147.5
148.75
148.75
148.75
147.75
147.75
146.75
146.75
147.5
147.5
147.25
147.75
147.75
148.5
148.75
148.75
148.5
148.5
148.5
148.5
148.5
148.5
148.5
148.25
148.25
148.25
148.25
148.75
148.75
148.75
151.0
151.0
149.25
149.25
149.25
148.5
147.75
147.75
147.25
147.25
146.25
146.25
148.5
148.5
148.5
148.5
148.5
147.25
147.25
147.5
149.25
149.25
150.0
149.75
149.75
149.75
149.75
149.75
150.25
150.5
150.5
150.5
151.5
151.5
151.5
151.5
151.5
151.5
151.5
152.0
152.0
151.75
151.75
151.75
151.75
151.5
151.5
151.75
151.75
152.5
153.25
153.25
153.0
153.25
153.25
153.75
153.5
153.5
153.5
153.5
152.25
152.75
152.75
152.75
152.75
152.75
152.75
152.75
153.5
154.25
154.25
153.25
153.25
153.25
153.0
152.5
152.5
152.5
152.5
153.25
153.25
152.5
152.5
152.5
152.75
152.75
152.75
152.75
152.75
152.75
153.0
153.0
153.25
153.0
153.0
153.0
152.75
152.75
152.75
152.75
152.25
152.25
152.75
152.75
153.0
153.0
153.0
153.0
153.0
152.0
152.0
151.5
151.5
150.5
152.5
152.5
153.75
153.25
153.25
151.25
151.25
150.25
151.5
151.5
152.25
152.25
152.25
152.25
152.25
153.0
153.0
153.0
153.5
153.5
152.75
152.75
153.0
153.0
153.25
152.75
152.75
152.5
152.5
151.25
151.25
151.25
151.5
151.5
152.0
152.25
152.25
151.5
151.0
151.0
152.0
152.25
152.25
152.5
152.5
152.75
152.75
152.75
152.75
152.25
152.0
152.0
151.75
151.75
151.5
151.5
151.75
151.75
152.25
152.0
152.0
152.0
152.0
151.75
152.0
152.0
152.0
152.25
152.25
152.25
152.25
152.25
152.5
152.5
152.75
152.75
153.75
154.0
154.0
154.0
154.0
154.0
154.0
154.0
154.25
154.25
154.25
154.25
154.0
154.0
154.0
153.5
153.5
153.5
153.5
153.5
153.5
153.5
153.5
153.25
153.25
153.0
153.0
153.5
153.5
153.0
153.0
153.25
153.25
153.5
152.75
152.75
152.0
152.0
152.0
152.25
152.25
152.25
152.5
152.5
152.25
152.25
152.25
152.25
151.5
151.5
151.5
151.5
150.75
151.75
151.75
151.5
151.5
151.25
151.25
151.25
151.5
151.5
151.75
151.75
151.75
151.75
151.75
151.75
152.0
152.25
152.25
152.25
152.25
152.75
152.75
153.0
152.75
152.75
152.75
152.25
152.25
152.25
152.25
152.0
152.25
152.25
151.75
151.75
152.0
152.0
151.0
150.75
150.75
151.0
151.5
151.5
151.5
151.5
150.75
150.75
150.75
150.75
151.75
151.75
151.25
151.25
151.25
150.5
150.5
150.75
150.75
150.75
150.75
150.0
150.0
150.25
150.25
150.25
150.25
149.75
149.75
150.0
150.0
150.0
150.0
150.5
150.5
149.5
149.5
148.5
148.5
148.5
149.0
149.0
149.0
149.5
149.5
149.5
149.5
150.5
150.5
150.5
150.5
150.5
150.5
150.5
150.75
150.75
151.0
151.25
151.25
151.25
151.25
151.25
151.25
151.25
151.5
151.75
151.75
151.5
151.5
151.5
151.0
151.0
151.0
150.75
150.75
150.75
150.75
149.5
149.5
149.5
148.75
148.25
148.25
148.25
148.25
148.25
148.25
148.25
148.25
148.25
148.25
147.75
147.75
148.0
148.0
148.5
148.5
148.25
148.25
148.25
149.25
149.25
148.75
148.75
148.25
148.5
148.5
148.75
148.75
148.75
148.75
148.75
149.25
149.5
149.5
149.75
149.75
149.75
150.0
150.0
150.25
150.0
150.0
150.0
150.0
150.0
149.5
149.5
149.25
149.25
149.25
148.5
148.5
148.5
148.25
148.25
148.25
148.25
148.25
148.25
148.25
148.25
148.25
148.25
148.0
148.0
148.0
148.25
148.25
148.0
148.0
148.0
147.75
147.75
148.0
148.0
148.0
147.75
147.75
147.25
147.25
147.25
147.5
147.5
147.5
147.5
147.5
147.75
147.75
147.75
147.75
148.75
149.25
149.25
148.75
148.75
147.25
147.75
147.75
147.75
146.5
146.5
145.75
145.25
145.25
145.75
145.75
146.75
146.75
146.75
146.75
146.5
146.5
146.75
147.5
147.5
147.5
148.0
148.0
149.0
149.25
149.25
149.5
149.75
149.75
149.5
149.5
149.25
149.75
149.75
149.25
149.25
149.25
149.0
149.0
148.75
149.0
149.0
148.5
148.5
148.5
148.75
148.75
149.0
149.0
148.5
148.5
148.75
148.75
148.75
148.75
148.75
148.75
148.75
148.75
148.75
148.5
148.75
148.75
148.75
148.75
148.5
148.5
148.5
148.75
149.5
149.5
149.5
150.0
150.0
150.75
150.75
151.0
151.75
151.75
152.0
152.25
152.25
152.5
152.75
152.75
153.0
153.0
153.25
153.0
153.0
152.5
152.25
152.25
151.75
151.75
151.25
151.25
151.25
151.0
151.0
151.0
151.25
151.25
151.25
151.25
150.75
151.0
151.0
151.25
151.25
151.0
151.75
151.75
151.75
151.75
151.5
152.0
152.0
152.25
152.25
152.75
152.25
152.25
152.0
152.0
152.0
152.0
150.25
150.25
149.75
149.75
150.0
150.0
149.5
149.75
149.75
149.75
149.75
149.75
149.75
149.25
149.25
149.25
149.25
149.5
149.75
149.75
149.25
149.25
149.5
149.5
149.75
149.75
149.75
149.75
150.0
150.0
150.75
150.75
151.0
151.0
150.25
150.25
148.25
147.25
147.25
147.25
149.5
149.5
149.75
149.25
149.25
149.25
149.25
148.0
148.0
147.0
147.25
147.25
147.5
147.5
148.0
148.0
148.25
148.25
148.25
148.0
148.0
148.0
147.75
147.75
148.0
148.0
147.75
147.5
147.5
147.25
147.5
147.5
147.25
147.25
146.75
146.75
146.75
147.25
147.25
147.5
147.75
147.75
148.0
148.0
148.0
147.75
147.75
147.75
147.75
148.25
148.25
149.25
149.25
148.5
148.5
148.5
148.75
148.0
148.0
148.0
148.75
148.75
148.75
148.75
150.0
150.25
150.25
150.25
150.0
150.0
150.0
149.5
149.5
149.0
149.0
148.5
148.5
148.5
147.75
147.75
147.0
147.0
147.0
146.5
146.5
146.75
147.0
147.0
147.0
147.0
147.0
147.0
147.0
147.0
147.0
146.75
146.75
146.0
146.0
146.0
146.0
146.0
146.0
146.25
146.25
146.0
146.0
146.0
146.25
146.25
146.5
146.5
145.75
145.75
145.75
146.25
146.25
146.25
145.0
145.0
144.25
144.25
144.5
144.5
144.5
144.5
144.5
144.25
144.25
144.5
144.5
145.0
145.5
145.5
145.5
145.5
145.75
146.0
146.0
146.25
146.5
146.5
146.0
146.0
146.0
146.0
146.0
146.0
146.0
145.25
145.25
145.25
145.25
145.75
145.75
146.0
146.0
146.0
146.0
146.0
146.75
146.75
146.75
146.25
146.25
145.75
146.0
146.0
146.0
146.0
144.5
143.75
143.75
142.0
142.0
141.5
141.5
141.5
142.25
142.25
142.5
142.5
142.75
144.0
144.0
144.5
144.5
145.25
145.25
146.0
146.0
146.25
146.75
146.75
147.25
147.25
147.5
147.25
147.25
146.5
146.5
146.0
146.0
145.5
145.5
145.5
146.0
146.0
145.75
145.75
145.75
145.75
145.75
145.75
145.0
145.0
145.0
145.0
145.0
145.75
145.75
145.75
145.75
145.75
145.75
145.75
144.75
143.5
143.5
143.25
143.25
143.25
143.25
143.25
142.75
142.75
142.75
142.75
142.75
143.25
143.25
143.75
143.75
143.75
143.75
143.75
144.25
144.5
144.5
145.0
145.0
145.5
145.75
145.75
146.0
146.0
146.25
146.25
146.25
146.25
146.25
146.25
145.5
145.5
145.5
145.5
145.5
145.25
145.25
145.25
144.75
144.75
143.0
143.0
141.75
141.75
141.75
141.75
141.75
141.75
141.75
142.25
142.5
142.5
142.5
142.5
142.0
142.25
142.25
143.0
143.0
143.75
144.0
144.0
144.0
143.0
143.0
144.0
144.0
144.25
144.75
144.75
144.75
144.75
146.5
146.5
146.0
146.0
145.5
145.5
145.5
146.0
146.0
146.25
145.75
145.75
145.5
145.5
145.5
145.5
145.75
145.75
145.75
145.75
145.75
145.25
145.25
144.75
144.25
144.25
143.75
143.75
143.0
143.0
143.0
143.25
143.25
143.0
143.0
143.0
142.5
142.5
142.0
142.0
143.0
143.0
143.0
143.0
142.0
142.75
142.75
143.25
143.25
143.0
143.25
143.25
143.5
143.5
143.75
144.25
144.25
144.0
144.0
143.5
143.5
143.5
144.75
144.75
145.0
144.75
144.75
144.5
144.5
144.25
144.5
144.5
145.0
145.0
145.0
145.25
145.25
144.5
144.5
143.5
143.5
143.5
143.5
143.0
143.0
143.5
143.5
143.75
143.75
143.75
143.75
143.75
143.75
143.75
144.25
143.75
143.75
144.0
144.0
144.0
144.0
144.0
144.0
144.0
144.0
143.5
143.5
143.0
143.25
143.25
143.5
143.5
144.5
144.5
144.5
144.75
144.75
144.75
144.75
144.75
144.75
144.75
145.25
145.25
145.25
144.75
144.75
144.75
144.75
144.75
144.0
144.0
143.5
143.0
143.0
142.5
142.5
142.5
143.25
143.25
143.0
143.0
143.0
143.0
142.0
141.5
141.5
142.0
142.0
142.25
142.0
142.0
141.5
141.5
141.75
141.5
141.5
141.5
141.5
141.0
142.0
142.0
142.25
142.25
142.0
142.0
142.0
142.0
142.0
142.5
142.0
142.0
142.5
142.5
142.75
143.25
143.25
143.5
143.5
143.25
143.75
143.75
144.0
144.0
143.5
143.5
143.5
143.25
143.25
143.25
143.25
143.25
143.25
143.25
143.0
143.0
142.25
142.5
142.5
142.5
142.5
142.5
142.5
142.5
142.5
142.5
142.75
142.25
142.25
142.0
142.0
142.0
141.5
141.5
141.5
141.5
141.5
141.5
140.5
139.75
139.75
140.0
140.0
141.25
141.25
141.25
140.5
140.5
139.0
139.0
139.5
139.5
141.75
141.75
141.5
141.5
141.5
142.25
142.25
142.0
141.5
141.5
141.5
141.5
141.5
141.5
141.5
141.75
141.75
141.75
141.75
141.75
141.75
141.75
141.5
141.5
141.0
141.25
141.25
141.25
141.25
142.75
142.75
142.5
142.5
140.25
140.25
139.75
139.75
139.0
140.0
140.0
140.75
140.75
140.25
140.25
139.5
139.5
139.5
140.0
140.0
140.5
140.75
140.75
140.75
140.75
141.5
141.5
142.0
142.0
142.25
142.25
142.25
142.75
142.75
142.75
142.75
142.75
143.0
143.0
143.0
143.0
142.5
141.5
141.5
141.5
141.5
141.75
142.0
142.0
141.25
141.25
141.25
141.25
141.25
141.25
141.25
141.75
142.0
142.0
142.0
142.0
141.75
141.75
141.75
141.5
141.5
141.75
141.75
141.75
141.0
141.0
141.5
141.5
141.75
141.75
141.75
141.75
141.75
141.5
142.0
142.0
142.25
142.25
142.25
142.25
142.0
141.5
141.5
140.75
140.75
141.0
139.25
139.25
138.25
138.25
139.0
139.0
139.25
139.25
139.25
139.25
139.25
139.5
140.25
140.25
140.5
140.5
141.0
141.25
141.25
141.75
141.75
142.0
142.0
142.0
142.0
143.0
143.0
143.0
143.25
143.25
143.5
143.5
143.5
143.75
143.75
143.0
142.25
142.25
142.0
142.0
142.25
142.25
142.75
143.0
143.0
143.0
143.0
143.0
143.0
142.0
142.0
144.0
144.0
145.0
145.5
145.5
146.0
146.25
146.25
146.75
146.75
147.0
147.0
147.0
146.75
146.75
146.5
146.5
146.5
145.5
145.5
145.0
144.75
144.75
145.0
145.0
145.0
144.25
144.25
143.5
143.5
142.5
142.0
142.0
142.0
142.0
142.0
142.25
142.25
142.0
142.0
141.5
140.5
140.5
139.0
139.0
138.0
138.0
138.0
138.0
138.0
138.25
138.25
138.0
138.0
137.75
138.0
138.0
138.25
138.25
138.25
138.25
139.25
139.25
139.25
139.25
137.0
136.0
136.0
136.0
136.0
136.0
136.0
136.75
136.75
137.25
137.75
137.75
138.25
138.25
138.5
139.0
139.0
139.0
139.25
139.25
140.25
140.25
140.75
140.75
142.0
142.0
142.25
141.5
141.5
141.5
141.5
140.75
140.5
140.5
140.5
140.5
140.5
140.5
141.25
140.75
140.75
140.5
140.5
139.75
139.75
139.0
139.5
139.5
140.0
140.0
140.25
141.0
141.0
141.25
141.25
141.25
141.25
141.25
141.25
141.25
140.25
140.25
139.75
139.75
139.75
139.5
139.5
142.0
142.0
142.0
143.0
142.5
142.5
143.25
143.25
143.5
143.5
142.5
143.0
143.0
143.25
143.25
143.25
142.5
142.5
142.75
142.75
142.75
143.0
143.0
142.25
142.25
141.75
141.75
141.75
142.75
142.75
143.0
143.0
143.0
143.25
142.5
142.5
142.75
142.75
142.75
142.75
142.75
143.5
143.5
144.0
144.0
144.0
144.0
148.25
148.25
148.25
148.25
148.25
148.25
148.25
148.5
149.5
149.5
149.75
149.75
149.75
149.75
148.75
149.0
149.0
149.0
150.0
150.0
150.25
150.25
151.25
150.25
150.25
150.25
150.25
150.0
150.0
151.0
151.0
150.0
150.0
150.0
149.0
149.0
148.5
148.5
148.25
148.25
148.5
148.25
148.25
148.25
148.25
148.25
147.5
147.5
147.0
147.0
147.25
146.0
146.0
144.5
144.5
144.0
144.5
144.5
144.75
145.0
145.0
145.0
145.0
145.0
145.25
145.25
144.75
144.75
145.0
144.75
144.75
144.25
144.25
143.75
143.0
143.0
142.5
142.5
143.0
143.0
144.0
144.0
144.25
144.25
144.25
144.25
147.5
147.5
148.5
148.5
148.5
147.25
147.25
147.25
147.75
149.25
149.25
149.5
149.5
149.0
148.0
148.0
146.25
146.25
145.5
145.5
145.0
145.0
145.5
145.5
145.5
144.75
144.75
144.5
144.5
144.5
144.5
144.5
144.75
144.75
144.75
145.25
145.25
145.25
144.75
144.75
144.75
144.75
144.25
144.25
144.25
143.75
143.75
143.25
142.5
142.5
142.5
142.5
142.5
142.5
143.0
143.0
143.0
143.0
143.0
143.0
143.5
143.5
144.0
144.0
145.0
145.25
145.25
144.75
144.75
144.75
144.75
144.75
144.25
144.25
144.5
144.5
144.0
143.25
143.25
142.75
142.75
142.0
142.0
141.5
141.75
141.75
141.75
140.5
140.5
141.0
141.0
141.0
141.0
141.75
141.75
141.5
141.25
141.25
141.0
141.0
141.25
141.75
141.75
141.75
141.75
141.0
140.0
140.0
140.0
140.0
141.5
141.25
141.25
141.25
141.25
141.5
141.5
142.0
142.0
142.0
141.5
141.5
141.75
142.5
142.5
142.75
142.75
142.5
142.5
142.5
142.5
142.5
142.0
142.25
142.25
142.25
142.25
142.0
142.0
141.25
141.0
141.0
141.0
141.0
140.75
140.75
140.5
140.0
140.0
140.5
140.5
140.5
140.0
140.0
140.0
139.5
139.5
139.75
139.75
139.75
139.0
139.0
138.75
139.25
139.25
138.5
138.5
138.75
138.75
138.75
139.0
139.0
139.0
139.0
139.0
138.75
138.75
138.75
138.75
138.75
138.75
138.75
139.0
139.0
139.25
139.25
139.25
139.25
139.5
139.5
139.5
139.0
139.0
139.25
140.0
140.0
140.75
140.75
140.75
140.75
140.0
139.0
139.0
139.0
139.0
139.25
139.25
139.25
139.25
139.25
139.75
139.75
140.0
140.0
140.0
140.25
140.25
140.0
139.5
139.5
139.5
139.5
140.0
140.0
139.75
139.75
139.25
138.25
138.25
136.0
136.0
135.5
135.5
136.0
136.25
136.25
136.5
136.5
136.5
138.0
138.0
137.75
137.75
137.75
137.75
137.75
138.25
138.25
138.5
138.5
139.0
139.0
139.0
139.25
139.0
139.0
139.0
139.0
139.0
139.0
139.0
139.5
139.5
139.75
139.75
139.75
141.0
141.0
141.0
140.5
140.5
140.75
140.75
141.25
141.25
140.5
140.5
140.5
140.5
140.5
140.5
140.5
140.5
140.0
140.0
139.5
139.5
140.0
140.25
140.25
140.5
140.5
140.0
140.0
140.0
140.0
140.0
139.5
138.75
138.75
138.0
138.0
138.75
138.75
138.75
139.25
139.25
139.25
137.0
137.0
136.5
136.5
136.75
136.75
137.25
138.0
138.0
138.0
138.0
138.5
139.5
139.5
140.0
140.0
140.5
141.25
141.25
141.5
141.5
141.75
141.75
142.0
142.25
142.25
141.25
141.25
141.0
140.5
140.5
140.5
140.5
140.5
140.5
140.5
137.5
137.5
137.5
137.5
137.5
137.5
138.25
138.5
138.5
138.75
138.75
138.75
138.25
138.25
138.0
138.0
138.0
139.25
139.25
139.75
139.75
139.5
139.5
139.5
140.25
140.25
140.25
140.25
140.25
140.75
140.75
141.25
141.25
141.25
141.0
141.0
140.75
140.75
140.5
140.5
140.5
140.5
140.75
140.75
140.75
140.75
140.75
140.75
140.75
140.75
140.75
140.75
141.25
141.25
141.25
141.25
141.25
141.5
141.5
141.0
141.0
141.0
141.25
141.0
141.0
141.0
141.0
141.25
141.25
140.75
138.5
138.5
135.25
135.25
136.0
136.0
136.0
137.25
137.25
137.25
137.25
137.5
137.5
137.75
137.75
138.25
138.25
138.75
139.0
139.0
140.0
140.0
140.0
140.0
140.0
140.0
140.0
140.0
140.0
139.5
139.5
139.5
139.5
139.75
139.75
139.75
139.5
139.5
139.5
138.75
138.75
138.5
138.5
139.0
139.0
139.0
140.0
140.0
140.25
140.25
140.25
139.75
140.25
140.25
140.75
140.75
141.0
141.0
141.0
141.0
141.0
141.25
141.25
140.75
140.75
140.75
140.75
140.25
140.25
139.25
139.25
139.25
139.5
139.25
139.25
139.0
139.0
139.0
136.5
136.5
137.0
137.0
137.0
137.0
135.75
135.75
136.5
136.5
136.5
137.0
137.0
137.75
138.25
138.25
137.75
137.75
137.75
137.75
138.0
138.5
138.5
139.0
139.0
139.5
139.5
139.5
138.75
138.75
138.75
138.75
139.0
139.25
139.25
139.75
139.75
139.75
139.75
139.75
139.25
139.75
139.75
140.0
140.0
139.5
139.5
139.25
139.25
139.25
139.5
139.5
139.5
139.25
139.75
139.75
139.75
139.5
139.5
139.25
139.25
139.25
139.25
139.25
139.25
138.75
137.75
137.75
137.5
137.5
135.5
135.5
134.25
134.5
134.5
135.0
135.0
135.5
135.5
135.5
135.5
135.5
137.75
137.75
138.0
138.0
138.0
138.25
138.25
138.75
138.75
138.75
138.25
138.5
138.5
138.75
138.75
138.75
138.25
138.25
138.25
138.0
138.0
138.75
139.0
139.0
139.25
139.25
139.25
139.25
139.75
139.75
139.75
140.0
140.0
140.5
140.5
140.5
140.5
140.5
140.75
140.75
141.5
141.5
141.75
141.75
142.25
142.25
142.5
142.5
142.5
142.5
143.75
143.75
143.75
143.75
143.75
143.75
144.75
146.0
146.0
145.5
145.5
146.5
147.0
147.0
149.0
149.0
149.5
149.5
149.0
149.0
149.0
148.75
148.75
148.75
149.5
150.0
150.0
150.0
150.0
147.5
146.25
146.25
145.5
145.5
145.5
143.5
143.5
143.5
142.25
142.25
140.25
140.25
139.0
139.0
139.5
140.25
140.25
141.0
141.0
141.5
141.75
141.75
141.75
143.0
143.0
143.0
143.25
144.25
144.25
144.25
144.25
143.75
143.75
143.5
143.5
143.5
143.5
146.5
146.75
146.75
146.75
146.75
147.0
147.5
147.5
146.75
146.75
146.5
145.5
145.5
143.5
143.5
140.5
140.5
140.0
140.0
138.75
139.0
139.0
140.0
140.0
140.75
140.75
141.0
140.5
140.5
140.5
140.5
140.75
141.0
141.0
141.5
141.5
141.75
141.75
141.75
141.5
141.5
141.5
141.75
141.75
141.75
141.75
141.25
141.25
140.5
140.25
140.25
140.75
140.75
140.75
141.0
141.0
141.5
141.5
141.0
141.25
141.25
142.0
142.0
142.0
142.0
143.75
143.75
140.75
140.75
141.25
141.25
141.75
141.75
141.75
141.5
141.5
142.0
142.0
142.5
143.0
143.0
142.25
142.25
141.5
141.5
139.75
140.25
140.25
140.0
140.0
140.0
140.0
140.25
139.5
139.5
139.75
139.75
139.75
140.25
140.25
141.5
141.5
141.75
142.0
142.0
142.75
142.75
142.75
142.75
143.25
143.75
143.75
144.5
145.0
145.0
145.0
145.0
145.0
144.5
144.5
144.5
144.5
143.75
144.0
144.0
144.0
144.0
143.5
143.5
143.5
142.75
142.75
142.25
142.25
140.75
140.75
140.75
140.75
140.75
140.75
140.75
140.25
140.25
140.0
140.0
140.0
140.0
140.0
140.0
140.0
139.5
139.5
138.5
138.5
138.0
138.0
138.75
138.75
138.75
139.5
139.5
136.75
136.75
136.25
136.75
136.75
137.25
137.25
137.75
137.75
138.0
138.25
138.25
138.25
138.25
137.75
137.75
137.75
138.25
138.25
139.0
139.0
140.0
140.0
140.25
140.25
140.25
140.5
140.5
140.75
141.25
141.25
141.5
141.5
142.0
142.0
142.0
142.0
142.0
141.5
141.5
141.25
141.5
141.5
141.5
141.5
141.5
141.0
141.0
140.5
140.5
139.75
139.75
139.5
139.5
139.5
139.5
139.5
139.5
138.5
138.5
138.5
138.5
138.5
138.5
138.75
139.0
139.0
139.25
139.25
139.75
139.5
139.5
139.25
139.25
139.25
139.25
139.0
139.0
139.0
138.5
138.5
138.0
138.0
138.25
138.75
138.75
139.0
139.0
138.75
139.0
139.0
139.25
139.25
139.5
139.5
139.0
139.0
139.0
139.0
139.0
139.0
139.75
139.75
140.0
140.0
139.5
139.5
139.5
139.5
139.5
139.0
139.0
139.0
139.0
139.0
139.5
139.5
140.0
140.0
140.0
139.5
139.5
139.25
139.25
139.25
139.25
139.25
138.75
138.75
139.25
139.25
140.0
140.25
140.25
140.75
140.75
140.75
140.75
140.75
143.5
143.5
142.75
142.75
143.0
143.25
143.25
143.0
143.0
142.25
142.25
142.25
142.25
142.25
141.5
141.5
142.25
142.25
142.25
142.5
141.5
141.5
141.0
141.0
140.0
140.0
140.0
140.75
140.75
141.25
141.25
141.0
141.0
141.0
140.5
140.5
139.25
139.25
139.25
139.25
139.75
139.5
139.5
138.25
138.25
138.25
138.25
138.5
138.5
138.5
138.5
138.75
139.0
139.0
139.25
139.25
139.5
139.5
140.0
140.0
140.25
141.0
141.0
141.0
141.0
141.0
142.0
142.0
141.5
141.0
141.0
140.25
140.25
140.25
139.75
139.75
139.0
139.0
139.0
139.0
140.25
140.25
139.5
139.5
138.5
138.75
138.75
140.25
140.25
139.5
139.5
139.0
139.5
139.5
139.5
139.5
139.25
139.25
139.75
141.0
141.0
141.0
141.0
140.5
140.5
140.5
140.5
140.5
140.5
140.5
140.75
140.5
140.5
140.5
140.5
140.5
139.75
139.75
139.5
139.5
139.25
139.25
139.25
139.25
139.25
139.5
139.5
139.5
140.0
140.0
140.25
140.25
140.0
139.5
139.5
139.5
139.5
140.0
140.0
140.25
139.75
139.75
139.25
139.25
138.5
138.75
138.75
139.0
139.0
139.0
139.0
139.0
139.0
139.0
139.5
139.5
139.25
139.25
139.75
139.75
140.25
140.0
140.0
139.75
139.75
139.5
139.5
139.5
139.5
139.5
139.5
138.25
138.25
138.25
138.25
138.25
138.75
138.75
139.0
139.0
139.0
139.25
139.25
139.75
139.75
140.5
140.5
140.5
140.5
140.5
140.25
140.25
140.25
140.5
140.5
141.0
141.25
141.25
141.5
141.5
141.75
141.75
140.75
140.5
140.5
140.5
140.5
140.5
140.5
140.5
140.25
140.25
139.25
139.25
138.75
138.5
138.5
138.75
138.75
138.0
138.0
138.0
139.25
139.25
139.25
139.25
138.25
138.25
138.25
138.5
138.5
138.5
137.5
137.5
137.5
137.5
137.75
137.75
138.5
139.0
139.0
139.5
139.5
139.5
139.5
137.5
137.5
137.5
138.75
138.75
138.75
139.75
139.75
140.0
140.0
140.0
140.0
140.0
140.0
140.0
140.25
140.25
141.25
141.25
141.5
141.75
141.75
141.75
141.75
141.75
141.75
141.75
142.0
142.0
142.0
142.0
142.0
142.0
142.0
141.0
141.0
141.0
141.0
141.0
141.0
141.0
141.0
140.5
140.5
140.75
141.25
141.25
142.0
142.0
141.25
140.75
140.75
141.25
141.25
141.0
141.0
140.5
140.0
140.0
140.25
140.25
140.25
140.75
140.75
140.75
140.75
141.0
140.5
140.5
140.75
140.75
141.75
141.75
141.25
140.75
140.75
140.75
140.75
140.75
141.0
141.75
141.75
140.75
140.75
140.75
140.5
140.5
142.5
142.5
142.5
142.75
143.75
143.75
144.25
144.25
143.75
143.75
143.75
143.75
144.0
143.0
143.0
142.5
142.5
143.25
143.0
143.0
142.5
142.5
142.5
142.5
142.5
143.0
143.0
143.0
143.0
143.0
143.75
143.75
144.25
144.25
144.25
144.5
144.5
144.5
144.5
144.5
144.5
144.5
144.5
144.5
145.0
145.0
145.25
146.0
146.0
146.5
146.5
147.25
147.25
148.5
148.5
148.75
148.75
148.75
149.0
149.0
149.0
149.0
149.0
148.0
148.0
147.5
147.75
147.75
147.5
147.25
147.25
147.25
147.25
147.25
147.5
147.5
147.25
147.25
147.25
146.75
146.75
146.5
146.75
146.75
147.0
147.0
147.0
147.0
147.0
147.5
147.5
148.0
147.75
147.75
148.0
148.75
148.75
149.0
149.0
149.75
150.25
150.25
150.25
149.75
149.75
150.0
150.0
150.25
150.25
150.25
150.25
149.75
149.75
149.0
149.0
149.0
147.75
147.5
147.5
146.75
146.75
146.5
146.5
146.5
146.75
146.75
146.5
146.0
146.0
146.25
146.25
146.25
146.25
145.25
144.5
144.5
144.5
144.5
144.5
144.25
144.25
144.25
145.0
145.0
144.0
144.0
143.5
143.5
143.25
143.0
143.0
143.0
143.0
143.25
144.0
144.0
144.0
144.0
144.25
144.75
144.75
145.5
145.5
145.5
145.5
145.5
145.5
144.25
144.25
144.75
144.25
144.25
145.0
145.0
145.5
146.0
146.0
145.5
145.5
145.25
145.0
145.0
144.75
144.75
144.75
144.75
144.75
144.5
144.5
144.5
144.5
144.5
143.5
143.5
142.75
142.75
141.75
141.5
141.5
141.5
141.5
141.75
141.75
141.75
141.0
141.0
141.0
141.0
141.5
141.75
141.75
141.75
141.0
141.0
141.0
141.0
140.0
139.0
139.0
138.25
138.25
138.5
138.5
138.75
138.75
138.75
138.75
138.75
139.0
139.0
139.25
139.25
139.5
139.5
139.5
139.5
139.5
139.25
139.25
139.5
139.5
139.5
139.5
139.5
139.75
139.75
139.75
139.75
139.75
140.0
140.0
140.25
140.25
140.0
140.25
140.25
140.5
140.5
140.0
140.0
140.0
140.25
140.25
139.5
139.5
139.25
139.25
139.25
139.25
139.25
139.25
139.25
139.5
139.5
139.5
139.5
139.5
139.5
139.5
139.0
139.0
139.75
139.75
140.0
140.0
140.5
140.5
140.5
140.5
140.5
140.5
139.0
139.0
138.0
138.0
138.0
138.25
138.25
138.25
138.5
138.5
139.0
139.0
139.0
139.25
139.75
139.75
139.75
140.5
140.5
140.75
140.75
141.5
141.5
142.0
141.5
141.5
141.5
142.25
142.25
142.25
142.75
142.75
143.75
143.75
143.75
144.0
144.0
143.5
143.5
143.0
143.0
143.0
143.0
143.0
142.5
142.75
142.75
142.25
142.25
140.25
140.25
141.25
141.25
141.5
141.5
141.0
140.25
140.25
140.25
140.25
140.0
140.0
140.0
140.5
140.5
140.5
140.5
140.5
140.25
140.25
140.5
140.5
140.75
140.75
140.0
139.75
139.75
139.25
139.25
139.75
140.0
140.0
140.25
140.25
139.75
140.25
140.25
140.5
140.5
140.5
141.25
141.5
141.5
141.75
141.75
142.25
142.25
142.25
142.5
142.5
142.0
142.0
142.0
142.5
142.5
142.25
142.25
142.0
142.0
142.0
142.0
142.0
141.5
141.0
141.0
141.25
141.25
141.5
141.5
141.25
141.0
141.0
140.5
140.5
140.75
140.75
141.75
141.75
142.0
141.25
141.25
141.25
140.5
140.5
140.0
140.0
140.0
140.0
140.0
139.75
139.75
139.75
139.75
140.0
140.25
140.25
140.0
140.0
140.5
140.5
140.0
139.25
139.25
139.5
139.5
139.75
140.0
140.0
140.0
140.0
139.75
140.25
140.25
140.75
140.75
141.0
141.0
141.25
141.5
141.5
141.75
141.75
142.0
142.25
142.25
142.25
142.25
142.5
142.0
142.0
142.0
142.0
142.0
142.25
142.25
142.0
142.0
142.0
142.25
142.25
142.0
142.0
142.0
142.0
142.0
142.25
142.25
141.75
141.75
141.5
142.0
142.0
142.0
142.0
142.0
142.0
141.25
140.0
140.0
141.75
141.75
143.75
142.75
142.75
142.0
142.0
142.25
142.75
142.75
142.75
141.25
141.25
142.0
142.0
142.5
142.5
142.75
142.75
142.75
142.75
143.25
143.25
143.25
141.5
141.5
142.25
142.25
142.5
142.5
146.0
148.0
148.0
145.25
145.25
143.5
143.5
142.5
142.5
142.25
142.25
142.25
139.75
139.75
139.75
124.25
124.25
118.5
118.5
116.5
116.5
116.5
116.5
116.5
112.0
112.0
107.75
107.75
106.75
106.75
106.75
106.75
106.75
106.75
106.75
106.75
106.75
119.5
132.25
145.0
145.0
146.5
146.5
147.25
147.5
147.5
146.0
146.0
146.0
146.75
146.75
147.25
147.25
148.5
150.25
150.25
150.25
154.75
154.75
154.0
154.0
154.0
153.75
153.75
152.75
152.75
152.0
151.25
151.25
151.25
150.0
150.0
149.0
149.0
148.5
147.75
147.75
147.75
145.75
145.75
146.75
146.75
147.0
146.5
146.5
146.5
146.5
146.0
146.0
146.25
146.25
146.25
146.25
146.25
146.0
146.0
146.0
146.0
146.0
145.5
145.5
145.75
145.75
145.75
145.75
145.75
145.0
145.0
144.0
144.5
144.5
144.5
144.5
144.75
144.5
144.5
144.5
144.5
144.0
144.0
144.0
143.5
143.5
143.0
142.25
142.25
142.25
142.25
142.75
143.0
143.0
142.75
142.75
142.5
142.5
142.5
142.5
142.5
142.5
142.75
142.75
142.0
142.0
142.0
142.0
142.0
142.0
141.75
141.75
141.75
142.0
142.0
142.0
142.0
142.5
142.75
142.75
142.75
145.25
145.25
144.5
144.5
143.0
143.0
143.0
144.0
144.0
144.5
145.5
145.5
145.0
145.0
145.5
146.75
146.75
147.25
147.25
147.25
146.25
146.25
146.0
146.5
146.5
147.75
148.0
148.0
146.0
146.0
145.5
145.75
145.75
146.0
146.0
145.75
145.75
145.75
145.25
145.25
145.0
145.0
145.0
144.75
144.75
144.75
145.0
145.0
145.5
145.5
146.25
145.0
145.0
144.75
144.75
145.5
145.5
145.5
145.0
145.0
145.25
146.0
146.0
146.0
146.0
146.0
146.25
146.25
146.5
146.5
146.5
146.5
147.0
147.0
146.5
146.5
145.75
145.75
145.75
145.5
145.5
145.0
145.0
144.75
144.25
144.25
144.25
143.0
142.75
142.75
142.5
142.5
142.75
142.75
142.25
141.75
141.75
141.75
141.75
142.5
142.5
142.5
142.5
142.5
142.5
142.5
141.75
141.75
141.25
141.25
140.25
140.5
140.5
140.75
140.75
140.25
140.25
138.5
138.5
138.75
139.75
139.75
140.0
140.0
140.0
140.0
140.75
140.75
141.0
141.0
141.5
142.0
142.0
142.0
142.0
142.75
143.0
143.0
143.75
143.75
145.0
145.0
143.75
143.75
143.75
144.0
144.0
143.5
143.75
143.75
143.5
143.5
143.25
143.0
143.0
143.0
143.0
143.0
143.0
143.0
142.25
142.0
142.0
142.0
142.0
141.75
142.0
142.0
142.25
142.25
141.25
141.25
140.75
140.75
140.75
140.75
140.75
140.75
141.25
141.25
141.25
141.25
143.0
143.0
143.0
143.5
143.5
143.5
143.0
143.0
143.25
142.75
142.75
141.75
141.75
141.5
140.75
140.75
140.75
140.75
140.75
140.75
140.75
140.75
141.0
141.0
141.0
141.5
141.5
141.0
141.25
141.25
141.5
141.5
141.5
141.5
142.25
142.0
142.0
142.25
142.25
142.5
143.75
143.75
143.25
143.25
143.25
143.25
143.25
143.5
143.5
143.5
143.75
143.75
143.75
143.75
141.5
140.5
140.5
140.0
140.0
140.5
140.5
140.5
140.75
140.75
140.75
140.75
140.75
140.75
141.25
141.25
141.5
142.0
142.0
142.25
142.25
142.25
142.75
142.75
143.0
143.0
143.5
143.5
143.5
142.75
142.75
142.75
142.75
143.0
142.25
142.25
141.5
141.5
141.0
141.25
141.25
141.5
141.5
141.5
141.0
141.0
141.0
141.0
141.0
141.0
141.0
142.0
142.0
142.25
142.25
142.5
142.75
142.75
142.75
142.75
143.5
143.5
143.5
143.5
143.5
143.5
143.5
143.5
143.5
143.75
143.5
143.5
143.0
143.0
143.0
142.75
142.75
142.25
142.25
142.25
142.25
142.25
141.75
141.75
141.75
141.25
141.25
141.0
141.0
141.0
141.25
141.25
141.5
141.5
141.0
141.0
141.0
141.0
142.0
142.0
142.0
142.0
142.0
142.0
142.0
142.75
142.75
142.75
142.75
143.0
143.0
143.0
143.0
143.0
143.5
143.5
143.25
143.25
143.25
143.0
143.0
143.0
143.0
143.0
143.25
143.25
143.0
143.0
143.0
143.0
143.0
143.0
143.0
143.0
143.0
143.0
142.5
142.5
140.25
139.5
139.5
139.5
139.5
139.0
139.0
138.5
138.25
138.25
138.25
138.25
138.75
138.75
139.0
139.0
139.0
139.25
139.25
139.25
139.5
139.75
139.75
139.75
139.75
140.25
140.25
140.75
141.0
141.0
141.5
141.5
142.0
142.25
142.25
143.0
143.0
143.5
143.5
143.5
143.5
143.5
144.5
144.5
145.5
145.5
145.75
145.75
146.25
146.25
146.0
146.75
146.75
146.75
146.75
146.0
145.75
145.75
146.5
146.5
146.5
146.25
146.25
147.0
148.25
148.25
149.25
149.25
149.25
149.25
148.5
148.25
148.25
150.0
150.0
150.0
150.5
150.5
150.5
149.25
150.25
150.25
151.0
151.0
151.0
151.0
152.75
152.75
152.75
150.75
150.75
148.0
148.0
145.0
145.0
140.75
140.75
139.25
139.25
138.25
137.75
137.75
138.25
138.25
139.25
140.5
140.5
141.5
141.5
141.5
141.5
142.25
142.25
143.0
143.25
143.25
144.25
144.25
144.75
145.25
145.25
145.25
145.25
145.75
146.0
146.0
146.5
146.5
147.0
147.0
146.5
146.75
146.75
147.0
147.5
147.5
147.0
147.0
146.5
146.5
146.5
146.5
146.5
148.0
148.0
147.5
147.25
147.25
147.5
147.5
149.75
150.25
150.25
150.5
150.5
150.5
150.75
150.75
150.75
149.25
150.5
150.5
151.25
151.25
151.75
151.75
151.75
150.75
150.5
150.5
150.75
150.75
151.25
151.25
151.5
151.5
151.5
150.75
150.75
148.5
148.5
150.0
150.0
150.5
150.5
149.0
148.5
148.5
148.5
152.0
152.25
153.0
153.0
153.5
153.5
154.0
153.5
153.5
154.25
155.0
155.0
155.0
155.0
156.0
156.0
155.75
154.25
154.25
158.0
158.0
159.5
159.5
160.5
160.5
161.0
161.25
161.25
161.75
161.75
161.0
160.75
160.75
160.25
157.75
157.75
156.75
156.75
155.25
155.25
155.25
155.25
155.25
156.0
156.0
156.0
155.5
155.5
154.5
153.75
153.75
153.0
150.5
150.5
150.0
150.0
148.5
147.25
147.25
147.5
147.75
147.75
147.75
148.0
148.0
148.0
148.0
149.0
148.0
148.0
148.25
147.75
147.75
147.0
147.0
146.75
147.25
147.25
147.5
147.25
147.25
145.5
145.5
145.5
146.5
146.5
146.25
146.25
147.25
147.25
145.75
145.75
146.75
147.5
147.5
147.5
147.75
147.75
147.75
148.25
147.75
147.75
147.75
147.75
147.75
147.75
148.75
149.0
149.0
149.0
148.5
148.5
148.5
148.5
147.75
147.75
147.75
148.0
148.0
146.5
146.5
146.0
146.5
146.5
147.25
147.25
146.5
145.75
145.75
145.75
144.5
144.5
144.5
145.0
145.0
145.0
145.0
144.5
144.5
144.5
144.75
144.75
145.0
145.0
145.0
143.75
143.75
143.5
143.5
140.75
140.5
140.5
141.0
141.0
141.25
141.25
141.25
137.75
137.75
137.75
137.75
134.25
134.25
134.25
136.5
136.5
136.5
136.5
135.5
135.5
136.0
137.5
137.5
138.0
138.0
138.0
141.5
141.5
141.0
141.0
140.5
140.0
140.0
140.0
140.0
139.5
139.5
139.5
139.5
139.5
139.5
139.5
139.5
141.5
141.5
141.5
142.25
142.25
142.25
142.25
142.25
142.25
142.25
142.33333333333334
142.41666666666666
142.5
142.58333333333334
142.66666666666666
142.75
142.75
139.0
139.0
140.5
142.5
142.5
142.5
145.5
145.5
145.5
145.5
143.25
143.25
142.5
142.5
142.5
142.5
142.5
142.5
142.5
142.5
142.5
142.5
139.16666666666666
135.83333333333334
132.5
132.5
135.25
135.25
135.25
136.75
136.75
138.5
138.5
139.75
139.75
139.75
140.25
140.25
140.25
140.25
140.25
140.25
140.25
140.25
142.25
142.25
142.25
142.25
142.25
142.25
142.25
142.25
142.25
142.25
142.25
142.25
136.75
136.75
136.25
136.25
136.25
136.25
136.25
136.25
136.25
136.25
136.25
150.0
150.0
150.75
150.75
153.5
153.5
153.5
153.5
153.5
151.75
151.75
151.25
149.5
149.5
148.75
148.75
148.5
148.5
146.25
145.25
145.25
145.25
146.75
146.75
150.0
150.0
150.75
150.75
150.75
150.75
150.75
150.75
150.75
150.75
150.75
150.75
150.75
150.75
150.75
150.75
147.75
144.75
141.75
141.75
141.75
141.75
141.75
141.75
141.75
151.25
154.5
154.5
156.25
156.25
156.75
156.75
156.75
156.0
156.0
155.75
155.75
155.75
156.25
156.0
156.0
156.0
154.0
154.0
151.75
151.75
151.0
149.75
149.75
149.5
149.25
149.25
149.25
149.25
149.25
150.0
150.0
148.25
148.25
148.25
147.5
145.75
145.75
145.0
145.25
145.25
144.5
144.5
144.25
144.5
144.5
144.75
144.75
145.75
145.75
145.75
146.25
146.25
147.25
149.5
149.5
150.5
150.5
150.5
151.25
151.25
151.25
150.25
150.25
149.5
149.5
149.5
149.0
149.0
149.0
149.0
149.0
149.0
148.5625
148.125
147.6875
147.25
146.8125
146.375
145.9375
145.5
145.5
145.5
149.25
149.25
151.5
151.5
151.5
150.5
150.5
150.0
150.0
149.5
149.5
149.5
149.5
149.5
149.5
149.5
148.0
148.0
148.0
148.0
145.25
145.25
145.25
143.75
143.75
143.75
143.75
145.5
145.5
145.25
145.25
144.75
144.75
146.25
147.0
147.0
147.0
147.25
147.25
148.0
148.0
148.25
148.5
148.5
147.75
147.75
146.75
147.0
147.0
147.75
147.75
149.25
149.25
149.25
147.5
147.5
146.75
147.0
147.0
147.75
147.75
147.75
147.5
147.5
146.25
146.25
144.75
144.75
144.25
144.25
142.5
142.5
142.5
142.5
142.5
142.5
142.5
142.5
145.0
145.0
142.0
142.0
142.25
142.25
143.25
142.25
142.25
141.5
141.5
141.5
144.25
144.25
146.5
146.5
147.0
146.75
146.75
146.25
146.25
146.25
149.25
150.25
150.25
151.25
151.25
151.5
151.5
150.75
150.0
150.0
152.0
152.0
152.0
152.0
151.5
150.25
150.25
149.25
148.5
148.5
149.0
149.0
148.5
148.5
147.5
147.0
147.0
147.5
148.5
148.5
148.5
148.5
147.5
146.5
146.5
146.25
146.25
146.75
146.75
146.75
145.25
145.25
144.5
144.5
143.0
143.0
143.25
143.25
142.0
142.25
142.25
142.25
144.5
144.75
144.75
144.75
144.75
144.75
144.75
144.25
144.25
144.25
145.25
145.25
147.0
147.0
148.5
148.5
147.25
145.0
145.0
145.0
145.0
146.25
146.25
145.0
145.0
147.0
147.0
147.25
147.25
147.25
147.25
147.25
148.0
148.0
148.0
147.75
148.25
148.25
148.0
148.0
147.25
146.75
146.75
146.75
146.75
147.5
148.25
148.25
147.75
147.75
146.75
146.5
146.5
146.25
146.25
145.0
143.75
143.75
143.0
143.0
143.0
143.0
143.25
143.25
143.25
143.25
143.25
143.5
143.5
144.0
145.25
145.25
145.75
145.75
145.0
144.75
144.75
144.75
145.5
145.75
145.75
145.75
145.75
143.0
143.0
141.5
139.5
139.5
139.5
139.5
140.25
140.75
140.75
142.0
142.0
142.25
141.75
141.75
140.5
140.5
138.25
138.25
138.5
140.0
140.0
140.25
140.25
140.25
138.5
138.75
138.75
138.75
138.75
138.75
138.75
139.5
141.25
141.25
141.5
141.5
141.75
141.75
141.75
141.5
141.5
141.25
141.25
142.75
142.75
142.75
142.75
142.5
142.5
142.5
142.5
139.5
139.5
139.5
141.0
141.0
139.5
139.5
138.75
138.75
138.25
138.25
138.0
138.0
137.75
137.75
137.75
137.75
140.75
140.75
142.25
142.25
142.25
140.25
140.25
137.75
137.75
137.75
137.75
137.75
138.25
138.25
139.0
139.0
138.75
138.75
137.0
137.0
137.0
137.25
137.25
139.0
139.0
139.25
139.25
139.5
139.5
138.5
138.5
138.25
138.25
138.25
138.75
138.75
138.75
138.75
138.5
137.25
137.25
137.25
137.0
137.0
137.0
137.25
137.25
139.75
139.75
140.0
140.0
140.0
140.0
140.0
142.75
143.5
143.5
139.25
139.25
137.5
137.5
137.5
141.5
141.5
142.5
142.5
142.75
142.75
142.75
142.5
142.5
140.25
140.25
140.5
140.5
140.5
141.25
141.25
139.0
139.0
138.0
137.5
137.5
139.25
139.25
139.25
140.5
140.5
140.5
140.5
138.5
137.5
137.5
137.5
137.5
139.0
140.25
140.25
141.5
141.5
142.25
142.0
142.0
141.5
141.5
141.5
141.5
140.25
140.25
139.5
139.75
139.75
138.75
138.75
140.0
140.0
140.5
140.5
140.5
139.5
139.5
139.25
139.25
139.25
140.75
140.75
142.0
142.0
142.75
142.75
142.5
139.5
139.5
136.75
136.75
139.0
139.0
141.0
141.0
142.0
142.0
143.75
144.5
144.5
144.75
144.75
145.0
147.0
147.0
147.0
147.0
145.0
144.75
144.75
144.75
144.75
145.0
146.25
146.25
147.25
148.0
148.0
148.5
148.5
149.25
150.0
150.0
150.5
150.5
151.75
151.75
152.0
152.0
152.5
152.5
152.5
153.0
153.0
153.0
153.5
153.5
153.5
157.5
157.5
157.75
158.0
158.0
158.25
158.25
158.25
158.25
159.0
159.0
158.25
158.25
157.75
157.75
158.25
158.0
158.0
157.5
156.5
156.5
155.0
155.0
154.0
154.0
153.75
153.75
153.75
153.75
153.75
153.75
153.75
153.75
154.1875
154.625
155.0625
155.5
154.75
154.75
154.75
156.5
155.75
155.75
155.25
155.25
155.0
155.0
155.0
155.0
155.0
155.0
155.0
144.08333333333334
133.16666666666666
122.25
122.25
122.75
122.75
123.75
123.75
124.0
124.0
123.5
123.5
127.5
127.5
129.75
133.0
133.0
134.25
134.25
135.5
135.5
137.75
140.0
140.0
141.75
141.75
143.25
143.25
143.25
143.25
145.5
147.25
147.25
147.5
147.75
147.75
149.25
150.25
150.25
150.25
149.25
149.25
148.75
148.25
148.25
147.0
147.0
147.0
147.75
147.75
148.25
148.25
146.25
145.25
145.25
147.5
148.5
148.5
149.0
149.5
149.5
148.75
148.75
147.75
147.75
147.75
147.75
149.25
149.25
152.0
152.0
151.75
151.75
150.25
150.25
150.25
147.25
147.25
147.25
147.5
149.75
149.75
150.25
150.25
150.25
150.25
149.5
150.0
150.0
150.0
149.5
149.5
149.25
149.25
148.75
148.0
148.0
146.75
146.75
147.25
148.25
148.25
149.0
149.25
149.25
149.5
149.5
149.75
148.5
148.5
147.0
147.0
146.75
146.75
151.25
151.25
150.75
150.75
147.5
147.5
146.75
146.25
146.25
145.75
145.75
146.0
146.25
146.25
146.5
146.5
146.75
146.25
146.25
146.25
146.25
145.5
144.5
144.5
144.0
144.0
144.0
143.5
143.5
143.0
145.25
145.25
146.75
146.75
146.0
145.25
145.25
145.5
145.5
147.0
147.0
149.0
149.0
147.25
147.25
146.0
145.0
145.0
145.5
145.5
145.25
146.0
146.0
146.0
146.0
143.75
143.75
144.5
144.5
146.5
146.5
147.0
147.0
147.0
148.25
148.25
147.0
148.0
148.0
148.5
148.5
148.5
147.75
147.75
147.75
147.75
147.75
147.75
147.75
146.75
146.75
146.25
146.25
147.0
148.5
148.5
148.75
148.75
148.75
144.75
144.75
144.25
144.25
144.25
144.25
144.25
144.25
144.25
144.0
144.0
144.0
143.25
143.25
143.0
143.0
144.25
144.25
145.5
145.5
145.5
145.5
145.5
146.25
145.0
145.0
143.75
143.75
141.75
141.5
141.5
142.25
142.25
142.25
141.75
141.75
141.75
141.5
141.5
141.5
142.5
143.75
143.75
143.75
145.0
145.0
145.25
145.25
145.25
145.25
145.25
145.0
145.0
144.25
144.25
144.0
144.0
143.5
143.75
143.75
144.0
144.0
144.0
144.75
145.25
145.25
144.5
144.5
143.5
144.0
144.0
144.75
144.75
145.75
146.25
146.25
146.75
146.75
146.25
145.75
145.75
145.0
145.0
143.5
142.75
142.75
142.75
145.5
145.5
145.5
146.75
146.75
147.25
145.75
145.75
144.25
144.25
143.75
142.75
142.75
142.75
142.5
142.5
141.75
141.75
142.5
142.5
142.75
143.75
143.75
144.5
145.75
145.75
146.5
146.5
147.0
147.25
147.25
146.75
146.75
146.75
144.5
144.75
144.75
145.5
145.5
145.5
146.75
146.75
147.0
147.0
147.0
148.5
148.5
148.75
148.75
148.75
148.75
148.75
149.25
149.25
149.25
149.25
148.5
148.5
145.0
145.0
143.25
143.25
143.5
144.75
144.75
144.75
145.5
145.5
145.5
145.5
145.5
144.25
144.25
144.25
144.25
143.25
143.25
143.5
142.75
142.75
141.75
141.75
141.75
142.25
142.25
142.25
142.5
143.0
143.0
143.5
143.5
143.75
143.75
143.75
143.75
143.0
142.25
141.5
141.5
141.0
141.0
141.0
141.0
152.0
152.0
152.5
152.5
152.75
152.75
152.75
152.75
152.75
152.75
152.75
152.75
150.7972972972973
148.84459459459458
146.8918918918919
144.9391891891892
142.98648648648648
141.03378378378378
139.0810810810811
137.1283783783784
135.17567567567568
133.22297297297297
131.27027027027026
129.31756756756758
127.36486486486487
125.41216216216216
123.45945945945947
121.50675675675676
119.55405405405405
117.60135135135135
115.64864864864865
113.69594594594595
111.74324324324324
109.79054054054055
107.83783783783784
105.88513513513513
103.93243243243244
101.97972972972973
100.02702702702703
98.07432432432432
96.12162162162163
94.16891891891892
92.21621621621622
90.26351351351352
88.3108108108108
86.35810810810811
84.4054054054054
82.45270270270271
80.5
80.5
80.5
80.5
80.5
80.5
80.5
80.5
80.5
104.58333333333333
128.66666666666666
152.75
153.25
153.25
153.5
153.5
153.5
153.5
152.75
152.75
152.5
152.5
152.5
152.0
152.5
152.5
153.25
153.0
153.0
153.75
153.75
154.25
154.25
151.5
150.75
150.75
151.5
152.0
152.0
152.0
154.75
154.75
154.75
155.5
155.5
155.5
156.0
156.0
154.0
154.0
154.5
155.0
155.0
155.0
155.5
155.5
155.5
155.5
155.0
155.25
155.25
155.5
155.5
155.5
155.25
155.25
155.25
152.25
152.25
152.25
152.0
152.5
152.5
154.25
154.25
154.25
154.5
154.0
154.0
153.0
153.0
153.0
152.75
153.25
153.25
154.25
154.25
154.25
155.0
153.25
153.25
152.5
152.5
152.75
152.75
152.75
152.25
152.25
152.25
151.75
151.75
152.75
153.25
153.25
154.5
154.5
155.0
154.0
154.0
154.0
154.5
154.5
154.5
154.75
154.75
154.25
154.0
154.0
154.25
154.0
154.0
154.25
154.25
154.0
154.0
154.0
154.0
154.75
154.75
155.5
155.25
155.25
155.5
155.5
155.5
155.5
155.75
155.75
156.25
156.25
156.75
156.75
157.5
157.5
157.5
156.5
156.0
156.0
156.0
155.5
155.5
155.25
155.75
155.75
155.25
154.5
154.5
154.25
154.25
154.75
154.25
154.25
154.0
153.5
153.5
152.75
152.5
152.5
152.5
152.25
152.25
152.5
152.75
152.75
153.0
153.0
152.75
152.75
151.75
151.75
151.0
151.0
151.5
151.5
150.5
150.0
150.0
150.5
150.5
151.0
151.5
151.5
152.0
152.0
152.0
152.0
152.0
151.75
151.75
151.75
151.75
151.75
151.75
151.5
151.5
151.5
151.75
151.75
152.5
152.5
152.75
152.75
152.75
153.25
153.5
153.5
154.0
154.0
154.0
154.0
154.0
154.0
154.0
153.5
153.0
153.0
153.5
154.0
154.0
153.25
153.25
152.5
152.75
152.75
153.25
153.25
152.0
152.25
152.25
152.25
153.0
153.0
153.0
154.0
154.0
154.75
154.0
154.0
153.5
153.5
153.25
153.0
153.0
153.5
154.25
154.25
154.25
152.5
152.75
152.75
152.5
152.5
152.5
152.75
152.75
148.5
148.5
147.75
151.5
151.5
153.25
153.25
155.0
155.0
153.75
153.75
153.0
153.0
152.75
153.0
153.0
153.0
152.25
152.25
151.75
151.75
151.75
151.75
152.0
152.0
152.0
152.0
151.75
151.75
151.75
151.25
151.25
151.5
151.75
151.75
151.75
151.75
152.0
152.0
151.5
151.0
151.0
151.75
151.75
152.0
152.0
151.75
151.75
151.25
151.25
151.25
151.25
150.75
150.75
150.5
150.0
150.0
149.75
149.75
149.75
151.0
151.0
151.5
151.75
151.75
152.25
152.25
152.25
152.25
152.5
152.5
152.75
152.75
152.75
152.25
151.75
151.75
151.25
151.25
151.5
151.5
151.5
151.5
151.5
151.5
151.5
151.5
151.5
151.5
151.75
152.0
152.0
152.5
152.25
152.25
153.25
153.5
153.5
153.5
153.5
153.75
153.25
153.25
152.5
152.75
152.75
153.0
153.0
153.0
153.5
153.5
153.5
153.25
153.25
153.25
153.25
153.25
152.75
152.0
152.0
153.0
152.5
152.5
152.0
152.0
151.75
152.0
152.0
151.75
151.75
151.75
150.5
150.5
150.5
150.75
150.75
151.5
151.75
151.75
151.75
151.5
151.5
151.5
151.5
151.75
151.75
151.75
151.75
151.75
151.75
151.75
151.75
151.75
151.5
151.5
151.5
151.75
151.75
151.25
151.25
151.0
150.75
150.75
150.75
151.0
151.0
151.0
153.25
153.25
153.25
153.25
153.0
152.0
152.0
151.5
151.5
155.25
155.25
154.0
154.0
153.25
153.25
152.5
152.5
152.5
152.5
152.5
152.75
152.75
151.25
151.25
149.75
149.75
150.5
150.5
150.5
151.0
151.25
151.25
152.0
152.0
152.0
152.0
152.25
152.25
153.25
153.25
152.75
153.25
153.25
152.5
152.5
150.5
150.5
150.25
150.25
150.5
150.5
149.75
149.75
149.0
149.5
149.5
149.75
149.75
149.75
149.5
150.0
150.0
151.75
151.75
152.0
150.25
150.25
150.75
151.75
151.75
151.75
151.75
151.5
151.5
151.5
151.5
151.5
151.5
151.5
151.75
151.75
152.25
152.5
152.5
151.75
151.0
151.0
149.25
149.25
148.25
148.75
148.75
149.25
149.5
149.5
149.75
149.75
150.75
150.75
150.5
151.5
151.5
152.0
152.0
150.75
150.75
150.0
150.0
154.0
154.0
154.0
152.75
152.5
152.5
152.5
152.5
154.0
154.25
154.25
154.0
154.0
153.5
153.25
153.25
153.25
153.25
153.25
153.5
153.5
153.5
153.5
153.5
153.5
153.5
153.5
153.5
153.5
153.5
126.5
99.5
99.5
99.5
99.5
95.5
95.5
98.0
98.0
98.0
98.0
98.5
98.5
98.5
88.5
88.5
88.5
82.0
82.0
82.0
81.25
81.25
81.25
81.25
75.0
75.0
75.25
75.25
75.25
75.25
75.25
75.5
75.5
75.5
75.5
75.5
75.5
75.5
75.5
75.5
75.5
75.5
75.5
75.5
78.35185185185185
81.20370370370371
84.05555555555556
86.9074074074074
89.75925925925925
92.61111111111111
95.46296296296296
98.31481481481481
101.16666666666667
104.01851851851852
106.87037037037037
109.72222222222221
112.57407407407408
115.42592592592592
118.27777777777777
121.12962962962962
123.98148148148148
126.83333333333333
129.6851851851852
132.53703703703704
135.38888888888889
138.24074074074073
141.09259259259258
143.94444444444443
146.7962962962963
149.64814814814815
152.5
152.5
152.25
152.25
152.25
152.5
152.75
152.75
152.75
152.75
153.25
154.25
154.25
153.75
153.75
153.75
153.75
152.75
152.25
152.25
151.5
151.5
151.0
151.0
152.75
152.75
152.75
152.25
152.25
150.25
150.25
150.25
150.25
152.75
153.0
153.0
152.0
152.0
152.0
152.0
151.75
151.75
149.75
149.75
150.0
150.5
150.5
151.0
151.0
151.0
151.25
151.25
151.25
151.25
151.75
151.25
151.25
150.75
150.75
150.75
150.0
150.25
150.25
150.25
149.25
149.25
149.5
149.5
150.5
150.5
150.5
150.75
150.75
152.75
152.75
153.5
153.5
153.5
152.5
152.5
152.25
152.25
151.25
151.25
151.25
148.75
148.75
149.75
149.75
148.75
147.75
147.75
147.75
147.75
148.75
148.75
148.75
148.5
148.75
148.75
149.25
148.25
148.25
147.5
147.5
148.75
148.75
150.0
149.0
149.0
149.0
147.75
147.75
148.25
148.25
148.25
149.0
149.0
149.25
149.25
149.25
149.75
149.75
150.5
150.0
150.0
148.75
147.75
147.75
149.25
149.25
150.0
150.25
150.25
150.5
150.5
149.25
149.25
149.25
148.75
149.75
149.75
150.75
151.25
151.25
150.25
151.0
151.0
151.0
152.5
152.5
153.25
153.0
153.0
153.25
153.25
153.25
153.75
153.75
153.75
154.5
154.5
155.25
155.25
155.25
155.25
155.25
154.0
154.25
154.25
154.25
156.5
156.5
155.25
155.25
157.0
157.0
155.5
155.5
155.75
155.75
156.75
156.75
155.25
155.5
155.5
155.5
155.5
154.5
154.75
154.75
155.25
155.25
155.25
154.0
154.0
154.0
154.0
154.0
153.75
153.75
154.0
154.0
154.0
153.75
153.0
153.0
152.5
152.5
152.0
152.5
152.5
152.25
151.75
151.75
151.75
152.75
152.75
152.75
153.25
153.25
154.25
154.25
150.5
150.5
153.75
153.75
152.25
152.25
151.75
151.75
151.5
151.5
153.0
153.0
153.25
152.5
152.5
153.75
153.75
154.5
151.0
151.0
148.25
147.5
147.5
147.5
147.0
147.0
147.0
147.0
147.0
154.25
154.25
155.25
155.25
155.5
155.5
155.5
155.5
155.5
155.5
155.5
155.5
155.5
157.5
157.5
157.75
158.0
158.0
158.0
158.0
158.0
158.0
158.0
158.0
158.0
