146.75
151.0
151.0
151.75
147.0
147.0
149.25
149.25
150.25
150.0
150.0
150.0
150.0
150.0
149.75
149.75
149.75
150.25
150.25
150.0
150.0
150.0
149.25
147.25
148.5
148.5
147.5
147.5
147.0
147.0
147.75
148.0
148.0
147.75
147.75
147.0
147.25
147.5
147.5
144.5
144.5
144.5
144.5
144.5
144.5
144.25
144.25
144.5
144.5
136.75
139.0
139.0
142.25
142.25
143.0
143.25
143.25
142.75
142.75
140.5
140.5
135.0
135.0
133.5
133.5
133.0
133.0
132.75
133.5
133.5
135.75
135.75
138.0
138.0
138.5
139.75
139.75
139.25
139.25
138.25
138.25
135.75
133.75
133.75
132.25
132.25
132.5
132.5
133.25
133.25
134.75
134.75
133.75
133.25
133.25
131.5
131.5
133.5
133.5
133.5
133.75
133.75
131.75
131.75
132.0
132.0
132.0
132.0
133.0
133.0
133.0
133.0
133.0
133.0
133.0
132.75
132.75
134.0
134.0
134.75
134.25
134.25
134.5
135.5
135.5
135.0
135.0
135.25
135.25
135.25
135.25
135.5
135.5
135.5
135.5
135.25
135.25
135.5
126.25
126.25
125.25
125.25
125.25
125.25
125.5
125.5
125.5
125.5
125.5
125.5
125.25
130.75
136.25
141.75
147.25
152.75
158.25
158.25
158.75
158.25
158.25
158.5
157.0
157.0
158.0
153.0
153.0
152.75
152.75
151.5
149.0
149.0
146.0
146.0
141.25
141.25
140.5
139.25
139.25
139.0
139.0
139.5
139.5
139.75
137.5
137.5
137.75
137.75
137.25
137.25
129.75
129.75
129.75
129.75
129.75
129.75
130.0
130.0
129.75
129.75
129.75
133.8
137.85
141.9
145.95
150.0
150.25
150.25
150.5
152.25
152.0
152.0
152.75
153.0
153.0
153.0
153.0
151.5
154.25
154.25
155.0
155.0
157.25
157.25
160.0
160.0
161.75
161.75
161.5
161.0
161.0
161.0
161.0
161.0
160.75
160.75
161.0
154.75
154.75
156.75
156.75
156.75
158.0
158.0
158.0
158.5
158.0
158.0
157.0
157.0
154.75
154.75
156.25
156.25
157.0
157.0
157.5
157.5
158.25
158.25
160.25
160.25
155.5
151.25
151.25
150.25
150.25
151.0
150.0
150.0
149.5
149.75
149.75
151.5
151.5
151.5
149.0
149.0
149.0
149.0
149.0
149.0
149.0
149.0
149.0
145.0
145.75
145.75
147.25
147.25
144.25
140.75
140.75
139.0
139.0
139.0
139.0
140.0
140.0
140.0
140.0
140.0
139.75
139.75
140.75
138.75
138.75
137.5
137.5
136.75
136.75
135.75
135.75
133.5
132.75
132.75
132.75
133.0
133.0
133.0
132.75
132.75
132.75
132.75
135.75
135.25
135.25
135.25
135.25
135.25
135.25
135.25
135.5
135.5
135.5
142.0
142.0
142.0
142.0
142.0
142.0
142.0
142.0
142.0
136.25
136.25
134.5
134.5
133.75
133.0
133.0
132.25
132.25
131.25
131.25
130.75
130.75
130.75
130.75
131.0
131.0
131.0
131.0
126.5
126.5
128.5
129.25
129.25
130.75
130.75
132.5
134.5
134.5
135.75
135.75
136.25
136.25
135.5
135.5
135.25
135.0
135.0
134.75
134.75
131.0
131.0
130.0
130.0
129.5
129.5
129.25
129.5
129.5
128.5
128.5
128.5
128.5
128.0
128.0
128.25
128.25
127.0
127.0
126.5
126.5
127.25
127.25
127.25
126.75
126.75
127.75
127.75
128.0
128.0
128.0
128.0
127.25
127.25
126.25
126.25
126.0
126.0
125.5
126.25
126.25
125.75
125.75
126.0
126.0
126.75
126.75
127.0
127.0
125.75
125.75
126.75
126.75
127.0
127.0
128.75
128.75
128.75
128.5
128.5
127.5
127.5
126.25
124.75
124.75
122.75
122.75
122.75
122.75
122.75
122.75
122.75
122.75
123.5
123.5
123.5
123.0
123.0
122.25
122.25
121.5
120.5
120.5
120.5
121.5
121.5
121.5
121.25
121.25
121.25
121.25
121.5
126.5
126.5
126.5
128.75
128.75
131.0
131.0
132.25
133.5
133.5
134.25
134.25
135.25
135.25
137.5
138.0
138.0
140.25
140.25
141.75
141.75
142.0
143.25
143.25
142.75
142.75
143.25
145.25
145.25
144.5
144.5
142.0
142.0
138.0
135.25
135.25
131.75
131.75
129.5
129.5
124.25
124.25
120.25
120.25
117.75
117.75
117.0
117.0
116.0
116.0
114.75
114.75
113.5
113.5
113.5
112.0
112.0
109.5
109.5
107.75
107.75
111.75
111.75
113.5
113.5
115.0
115.0
115.25
115.25
115.75
115.75
118.0
118.0
118.0
120.25
120.25
122.75
125.0
125.0
125.75
125.75
126.5
126.5
127.75
127.75
128.25
128.25
129.25
129.25
131.25
132.75
132.75
134.0
134.0
134.25
135.75
135.75
135.75
135.75
135.75
135.75
135.5
135.25
135.25
135.25
133.5
132.5
132.5
131.25
131.25
130.25
130.25
129.0
129.0
127.25
127.25
126.0
126.0
123.75
123.75
123.75
123.75
125.0
125.0
125.25
126.75
126.75
128.5
128.5
129.5
131.25
131.25
131.25
136.5
138.0
138.0
140.25
142.25
142.25
144.0
144.0
144.0
143.0
143.0
138.25
138.25
138.25
129.0
127.25
127.25
128.75
128.75
130.5
130.5
132.0
132.75
132.75
139.25
139.25
141.5
141.25
141.25
143.0
143.0
142.5
145.0
145.0
147.0
147.5
147.5
147.75
147.75
148.75
151.25
151.25
152.25
152.0
152.0
152.5
152.5
150.5
150.5
150.5
150.5
150.5
150.25
150.5
150.5
150.5
149.21428571428572
147.92857142857142
146.64285714285714
145.35714285714286
144.07142857142858
142.78571428571428
141.5
140.21428571428572
138.92857142857142
137.64285714285714
136.35714285714286
135.07142857142858
133.78571428571428
132.5
131.21428571428572
129.92857142857142
128.64285714285714
127.35714285714286
126.07142857142857
124.78571428571428
123.5
122.21428571428571
120.92857142857143
119.64285714285714
118.35714285714286
117.07142857142857
115.78571428571428
114.5
113.21428571428571
111.92857142857143
110.64285714285714
109.35714285714286
108.07142857142857
106.78571428571428
105.5
105.5
96.5
96.5
102.0
102.0
100.25
100.25
100.5
100.5
100.5
99.5
99.5
99.5
99.25
99.25
99.25
99.75
99.75
111.0
111.0
111.0
111.0
111.0
111.0
111.0
111.0
111.0
110.75
110.75
111.0
111.0
111.0
111.0
111.0
111.13194444444444
111.26388888888889
111.39583333333333
111.52777777777777
111.65972222222223
111.79166666666667
111.92361111111111
112.05555555555556
112.1875
112.31944444444444
112.45138888888889
112.58333333333333
112.71527777777777
112.84722222222223
112.97916666666667
113.11111111111111
113.24305555555556
113.375
113.50694444444444
113.63888888888889
113.77083333333333
113.90277777777777
114.03472222222223
114.16666666666667
114.29861111111111
114.43055555555556
114.5625
114.69444444444444
114.82638888888889
114.95833333333333
115.09027777777777
115.22222222222223
115.35416666666667
115.48611111111111
115.61805555555556
115.75
115.75
125.5
125.5
125.5
118.5
118.5
116.75
116.75
113.0
113.0
113.0
117.25
117.25
117.25
117.25
128.0
127.25
127.25
127.25
127.25
127.25
127.25
127.25
127.25
127.5
127.5
127.5
127.5
127.5
127.25
127.25
133.29166666666666
139.33333333333334
145.375
151.41666666666666
157.45833333333334
163.5
161.75
161.75
162.0
161.0
161.0
160.5
160.25
160.25
162.5
157.5
157.5
157.25
157.5
157.5
157.5
157.0
157.0
154.5
155.75
155.75
156.25
156.25
156.25
157.0
156.75
156.75
156.75
156.25
156.25
158.75
158.75
157.75
157.0
157.0
155.0
155.0
154.5
158.75
158.75
158.25
156.5
156.5
156.0
157.0
157.0
157.25
157.25
159.5
159.5
162.5
158.75
158.75
160.25
160.25
162.0
162.0
163.25
164.25
164.25
167.5
167.5
164.5
165.0
165.0
163.75
162.75
162.75
162.5
164.5
164.5
163.75
164.0
164.0
163.75
164.0
164.0
164.5
164.5
165.5
165.5
165.5
166.25
165.0
165.0
167.75
167.75
167.75
167.75
168.0
168.0
167.75
172.0
172.0
168.5
169.0
169.0
170.0
170.75
170.75
170.75
169.75
170.0
170.0
167.5
166.25
164.5
164.5
164.25
164.25
161.75
160.25
160.25
157.5
157.5
158.25
158.25
155.25
155.75
155.75
154.5
154.75
154.75
154.0
153.0
153.0
152.25
151.25
151.25
151.5
151.5
149.75
148.0
148.0
146.75
146.75
144.25
144.25
133.5
133.5
129.5
129.5
125.5
125.5
125.25
125.25
122.25
122.25
119.5
119.5
117.5
117.5
117.25
117.25
117.25
121.0
121.0
123.5
123.5
126.75
126.75
131.0
131.0
132.75
134.0
134.0
134.5
136.25
136.25
137.5
137.5
138.5
138.5
139.5
140.75
140.75
141.5
141.5
142.0
143.25
143.25
142.75
142.75
143.5
143.25
143.25
143.75
143.75
143.25
143.25
142.0
142.0
142.0
142.75
143.5
143.5
142.75
142.75
142.25
142.0
142.0
142.75
142.75
142.75
142.75
141.75
141.5
141.5
139.5
139.5
138.5
138.5
139.5
138.75
138.75
137.5
137.5
137.0
137.0
137.0
137.0
136.75
136.75
136.25
136.25
137.5
138.0
138.0
139.75
139.75
140.75
140.5
140.5
140.0
140.0
141.25
141.25
142.0
141.0
141.0
141.5
141.5
141.75
142.25
142.25
143.0
143.0
144.0
144.0
142.75
142.75
142.0
142.0
140.75
140.75
142.0
142.0
142.0
139.5
139.5
138.25
138.25
135.25
135.25
135.25
135.5
135.5
135.0
135.0
135.75
135.75
135.75
135.0
135.0
135.0
135.0
134.25
135.0
135.0
134.75
134.75
134.25
134.25
134.25
134.25
134.0
134.0
134.0
134.75
134.75
134.5
134.5
134.5
133.75
133.75
133.5
133.5
133.25
133.25
134.75
134.75
135.25
135.5
135.5
136.75
136.75
136.75
136.75
136.75
137.25
137.25
137.25
137.25
137.75
138.5
138.5
139.5
139.5
140.5
141.5
141.5
142.0
142.0
142.0
142.0
142.25
142.25
142.25
142.75
142.75
143.0
143.0
143.0
143.25
143.25
142.25
142.5
142.5
141.75
141.75
142.0
143.25
143.25
143.25
143.25
142.25
142.25
141.75
139.25
139.25
136.0
136.0
133.5
133.5
129.5
129.5
127.0
127.0
125.25
125.25
125.25
125.25
124.75
125.25
125.25
125.75
125.75
126.25
126.25
125.75
125.75
126.75
126.75
128.0
128.0
129.5
130.75
130.75
132.0
132.0
131.75
131.75
131.75
131.75
131.75
131.75
131.75
131.0
131.0
131.5
131.5
131.5
131.5
131.5
131.5
131.25
131.25
131.75
131.5
131.5
131.5
131.5
130.75
130.75
131.5
131.5
131.5
131.25
131.25
130.0
130.0
130.75
130.75
131.5
131.5
132.0
132.0
132.0
132.0
132.5
133.5
133.5
132.0
132.0
131.5
131.5
131.25
129.25
129.25
128.25
128.25
128.0
128.0
127.5
127.5
128.5
128.5
128.25
128.25
129.0
131.25
131.25
132.75
132.75
134.25
134.25
136.0
135.75
135.75
139.0
139.0
139.25
142.25
142.25
142.5
142.5
143.25
145.0
145.0
146.75
146.75
147.75
148.5
148.5
149.25
149.25
148.5
148.25
148.25
148.25
147.0
147.0
146.0
146.0
143.5
143.5
138.0
134.25
134.25
132.75
132.75
132.0
132.0
132.75
132.75
133.0
133.0
133.5
135.75
135.75
137.0
137.0
137.75
137.0
137.0
136.0
136.0
135.0
135.0
134.5
134.5
134.25
134.0
134.0
134.0
134.0
134.5
134.5
137.25
136.75
136.75
137.0
137.0
136.25
136.25
134.75
134.75
134.25
134.25
134.25
134.0
134.0
134.25
134.25
134.25
134.25
134.25
134.25
134.25
134.75
134.75
135.75
136.5
136.5
136.75
136.75
137.5
137.5
137.25
137.5
137.5
138.5
138.5
139.5
139.5
140.75
140.5
140.5
140.0
140.5
140.5
141.0
141.0
141.75
141.75
142.0
142.75
142.75
143.25
143.25
143.25
143.5
143.5
143.5
143.5
143.0
143.5
143.5
143.25
143.25
142.0
142.25
142.25
142.0
142.0
141.5
140.75
140.75
139.5
139.5
137.25
137.25
135.5
134.25
134.25
132.5
132.5
130.25
130.25
129.0
129.0
127.5
127.5
127.0
127.0
125.25
125.25
126.5
126.5
127.5
128.5
128.5
129.25
129.25
129.5
129.5
129.0
129.0
129.5
129.5
130.75
132.25
132.25
133.0
133.0
133.75
133.75
135.25
135.25
135.75
137.5
137.5
138.75
138.75
139.0
139.75
139.75
140.25
140.25
140.25
140.25
141.5
141.5
143.0
142.5
144.0
144.0
144.0
144.0
144.0
144.0
143.75
143.75
143.75
143.75
143.75
144.0
150.0
150.0
150.0
149.5
149.5
149.5
149.5
149.5
149.5
149.25
149.25
149.25
149.25
149.25
149.25
149.25
149.5
149.5
149.5
146.55434782608697
143.6086956521739
140.66304347826087
137.7173913043478
134.77173913043478
131.82608695652175
128.8804347826087
125.93478260869566
122.98913043478261
120.04347826086956
117.09782608695652
114.15217391304348
111.20652173913044
108.26086956521739
105.31521739130434
102.36956521739131
99.42391304347827
96.47826086956522
93.53260869565217
90.58695652173913
87.6413043478261
84.69565217391305
81.75
81.75
82.0
82.0
82.0
82.0
81.75
81.75
82.0
81.75
90.75
99.75
108.75
117.75
126.75
126.75
126.75
126.75
130.75
130.75
134.5
134.5
134.5
134.25
134.75
134.75
141.75
141.75
141.5
142.0
142.0
142.0
142.0
143.25
143.5
143.5
144.75
144.75
145.25
145.25
145.25
145.5
145.5
147.25
147.25
147.25
147.25
147.25
147.5
147.5
147.5
144.75
144.75
136.25
136.25
136.25
136.25
136.25
136.25
136.5
136.5
136.25
136.25
136.25
136.25
136.25
134.3
132.35
130.4
128.45
126.5
126.5
127.25
127.25
129.0
127.25
127.25
128.5
128.5
128.5
129.0
129.0
129.25
129.25
130.25
130.25
130.75
130.75
130.75
130.75
130.75
130.75
130.75
130.75
130.75
131.0
131.0
131.0
131.0
131.0
130.71428571428572
130.42857142857142
130.14285714285714
129.85714285714286
129.57142857142858
129.28571428571428
129.0
129.0
128.5
128.5
130.75
130.75
132.75
131.0
131.0
131.75
131.75
134.0
133.0
133.0
132.5
132.5
133.0
130.5
130.5
131.75
131.75
131.25
131.25
131.25
130.25
130.25
130.5
130.25
130.25
130.25
130.25
131.0
131.0
132.0
132.0
131.5
131.0
131.0
135.0
135.0
133.75
133.75
132.75
132.0
132.0
131.25
131.25
132.75
132.75
132.75
132.75
134.75
134.75
135.25
134.25
134.25
132.0
132.0
130.25
130.25
130.25
130.75
130.75
130.75
130.25
130.25
130.25
130.25
130.25
129.0
129.0
129.75
129.75
129.0
129.0
130.25
130.25
130.75
130.75
131.5
131.5
131.0
131.75
131.75
129.75
129.75
129.5
129.5
128.75
128.75
129.0
129.0
130.0
130.0
129.75
129.75
130.0
130.0
128.5
128.5
131.25
131.25
130.75
130.75
130.75
130.5
130.5
130.75
130.75
129.5
129.5
132.0
132.0
132.0
130.25
130.25
130.0
130.0
130.25
130.25
132.25
132.25
132.5
132.5
130.25
128.5
128.5
126.25
126.25
127.0
127.0
127.75
127.75
129.5
129.5
130.25
131.5
131.5
132.25
132.25
133.0
133.0
134.25
134.25
134.75
134.75
133.0
133.0
133.0
133.25
133.25
133.0
135.0
135.0
136.0
136.0
135.75
136.25
136.25
137.0
137.0
136.25
136.25
136.25
136.25
137.5
137.5
135.0
134.75
134.75
135.25
134.5
134.5
134.25
134.25
133.5
133.5
134.0
134.0
134.0
133.75
133.75
133.75
133.75
134.25
134.25
134.75
134.75
135.0
135.5
135.5
135.0
135.0
134.5
134.5
134.25
133.0
133.0
132.0
132.0
131.0
131.0
130.25
130.25
130.25
130.25
130.75
131.5
131.5
131.25
131.25
130.75
130.75
130.5
130.5
126.5
126.5
125.5
125.5
125.75
125.75
126.25
126.25
128.5
129.5
129.5
130.75
130.75
131.25
131.25
131.75
131.75
129.75
131.75
131.75
130.75
130.75
130.75
130.75
130.75
130.75
131.0
131.0
131.0
131.0
127.25
127.25
124.0
124.0
121.5
121.5
120.5
120.5
121.5
121.5
121.75
121.75
121.25
121.25
120.5
120.5
121.0
121.0
121.25
121.75
121.75
123.25
123.25
125.0
125.0
125.75
125.75
126.25
126.25
128.0
128.0
130.25
130.25
134.75
134.25
134.25
136.5
136.5
137.5
140.5
140.5
141.5
141.5
140.25
140.25
138.25
134.25
134.25
125.0
125.0
125.0
118.25
118.25
116.0
114.25
114.25
114.25
114.5
114.5
111.75
112.5
112.5
113.75
113.75
115.75
115.75
116.0
116.0
116.75
116.75
117.5
117.5
117.5
119.75
119.75
121.25
121.25
123.0
123.0
123.0
123.0
124.0
124.0
125.25
125.25
125.25
125.25
125.25
125.25
125.25
125.25
125.0
125.0
124.0
124.0
124.25
124.25
124.25
120.0
120.0
120.0
120.0
119.75
119.75
119.75
120.0
119.75
119.75
120.34375
120.9375
121.53125
122.125
122.71875
123.3125
123.90625
124.5
126.0
126.0
112.0
112.0
112.0
112.0
111.75
112.0
112.0
111.75
111.75
112.0
112.0
112.0
112.0
113.9
115.8
117.7
119.6
121.5
121.5
121.5
121.5
121.5
121.25
121.25
121.25
121.25
121.5
121.5
121.5
121.83333333333333
122.16666666666667
122.5
122.83333333333333
123.16666666666667
123.5
123.5
124.25
123.5
123.5
126.5
126.5
126.75
126.75
125.75
125.75
128.5
128.5
128.25
128.25
128.75
128.75
127.25
127.25
127.0
127.0
127.25
127.25
126.25
126.25
124.0
124.0
123.75
123.75
123.0
123.0
125.0
125.0
125.75
126.75
126.75
126.75
126.75
126.75
126.75
125.75
125.75
128.0
129.0
129.0
129.0
129.0
130.0
130.0
128.0
128.0
129.25
129.25
130.25
130.25
128.75
128.75
127.5
127.5
127.25
126.75
126.75
127.25
127.25
127.25
127.25
129.5
129.5
129.5
129.5
129.0
129.0
130.5
130.5
129.25
129.75
129.75
127.75
127.75
128.0
128.0
128.0
128.25
128.75
128.75
132.0
131.5
131.5
131.25
131.25
129.5
129.5
126.25
126.25
126.25
125.0
125.5
125.5
124.5
124.5
124.5
123.5
124.5
124.5
124.5
123.5
123.5
126.25
126.25
126.25
128.0
128.0
128.0
128.0
130.25
130.25
129.0
129.0
130.25
130.25
132.5
132.25
132.25
133.75
133.75
135.0
135.0
135.5
134.0
134.0
134.0
134.0
136.75
136.75
138.5
138.5
137.5
138.0
138.0
138.5
138.5
140.25
140.25
140.25
140.25
140.5
140.75
140.75
141.0
141.0
141.0
142.25
142.5
142.5
143.0
143.0
139.5
139.5
134.0
134.0
131.75
131.75
131.0
130.25
130.25
129.25
129.25
127.75
127.75
126.25
126.25
123.0
123.0
121.5
121.5
122.25
122.25
124.5
124.5
127.25
127.25
131.75
131.75
132.0
132.0
132.0
132.0
132.0
132.0
132.0
132.0
132.0
132.0
132.0
132.0
134.5
132.0
132.0
133.0
133.0
135.75
135.75
137.0
137.0
138.5
139.0
139.0
137.75
137.75
138.0
136.75
136.75
135.25
135.25
131.5
131.5
130.25
130.25
128.25
128.25
131.0
133.25
133.25
134.25
134.25
135.75
135.75
137.75
138.5
138.5
139.5
139.5
141.75
144.5
144.5
144.5
144.5
145.5
145.5
147.0
148.25
148.25
148.25
147.5
151.25
151.25
152.0
152.0
152.0
152.25
152.25
152.5
152.5
152.5
152.5
152.5
152.0
150.25
150.25
147.5
144.25
144.25
135.0
135.0
129.5
129.5
127.0
127.0
126.25
126.25
126.25
126.25
125.5
125.5
126.25
126.25
128.25
128.25
131.5
134.0
134.0
132.75
132.75
133.5
133.5
133.75
133.75
133.75
132.0
132.0
131.5
131.5
131.25
131.25
131.75
131.75
131.5
131.0
131.0
132.75
132.75
133.75
133.75
133.5
133.5
133.5
134.25
134.25
134.5
134.5
134.75
134.75
134.25
134.25
131.75
132.0
132.0
132.0
132.0
131.25
131.25
130.75
130.75
131.0
132.0
132.0
132.0
132.0
132.25
132.25
130.25
130.25
130.25
130.25
131.5
131.5
134.25
134.25
134.25
135.0
135.0
136.75
136.75
136.75
137.0
137.0
137.5
137.5
137.5
137.0
137.0
137.5
137.5
137.5
137.5
139.0
139.0
139.0
136.5
136.5
136.25
136.25
136.75
136.75
136.75
136.75
136.75
136.75
136.75
137.0
136.75
136.75
129.08333333333334
121.41666666666667
113.75
106.08333333333333
98.41666666666667
90.75
90.75
90.75
93.25
93.25
94.25
94.25
93.5
93.5
93.5
93.0
93.0
93.0
93.0
93.0
93.25
93.25
93.5
93.5
93.5
93.25
93.25
93.25
93.25
93.25
93.5
93.5
98.90625
104.3125
109.71875
115.125
120.53125
125.9375
131.34375
136.75
136.5
136.5
136.5
136.5
136.75
136.75
138.5
138.25
138.25
138.75
138.75
140.0
142.25
142.25
142.0
142.0
142.0
141.75
141.75
140.25
140.25
138.75
136.75
136.75
135.0
135.0
130.0
130.0
128.5
128.5
131.25
131.25
133.5
133.5
135.5
136.75
136.75
137.5
137.5
138.5
138.5
138.75
138.75
138.75
137.5
137.5
138.75
138.75
139.25
139.0
139.0
139.5
139.5
142.0
142.0
141.25
143.0
143.0
143.0
147.0
148.0
148.0
147.25
148.25
148.25
147.5
147.5
147.75
144.5
144.5
146.25
146.25
144.0
145.5
145.5
145.5
145.5
144.5
146.0
146.0
143.25
143.25
139.0
139.0
139.5
139.5
146.75
146.75
146.75
146.75
146.75
146.75
146.75
146.75
146.75
146.75
146.75
146.75
146.75
147.0
147.0
147.0
160.0
160.75
160.75
161.0
161.25
160.75
160.75
161.5
162.25
161.5
161.5
164.0
164.0
164.0
166.25
166.25
163.5
166.0
169.25
169.25
167.75
169.5
169.5
164.25
161.5
161.5
164.75
161.75
161.75
163.75
163.75
163.75
163.75
161.25
161.25
164.25
164.0
162.5
162.5
161.5
162.75
162.75
161.5
162.25
162.25
159.5
158.25
158.25
158.25
158.75
158.75
157.5
157.5
155.25
152.25
152.25
151.25
149.5
149.5
146.0
146.0
148.5
148.5
148.75
150.25
150.25
150.75
150.75
150.5
150.5
150.5
150.5
150.5
150.25
150.25
150.25
156.0
156.0
157.5
157.5
157.5
157.5
157.5
157.5
157.5
157.5
157.5
158.75
158.0
158.0
158.0
158.0
158.0
157.75
158.0
158.0
157.75
155.46875
153.1875
150.90625
148.625
146.34375
144.0625
141.78125
139.5
139.5
137.5
138.5
138.5
135.75
135.75
133.5
133.5
133.5
133.5
133.5
133.5
133.5
133.25
133.25
133.25
133.25
133.25
133.25
134.69642857142858
136.14285714285714
137.58928571428572
139.03571428571428
140.48214285714286
141.92857142857142
143.375
144.82142857142858
146.26785714285714
147.71428571428572
149.16071428571428
150.60714285714286
152.05357142857142
153.5
153.75
153.75
152.75
152.75
154.5
154.5
155.5
154.75
154.75
155.25
156.0
156.0
154.5
156.0
156.0
156.5
156.5
156.5
156.5
155.5
155.5
155.5
155.5
155.5
155.5
155.5
155.5
155.25
149.75
149.75
148.0
148.0
147.0
147.0
139.5
139.5
139.5
140.75
140.75
137.75
137.75
135.75
135.75
134.25
134.25
132.75
131.0
131.0
130.5
130.5
128.5
128.5
126.75
126.75
124.75
124.75
124.75
124.75
122.75
122.75
123.25
123.25
121.75
121.75
122.0
122.0
120.25
120.25
119.5
119.5
118.0
118.0
118.75
118.75
116.75
116.75
117.0
117.0
117.5
117.5
117.5
118.5
118.75
118.75
122.25
122.25
125.75
125.75
127.25
127.25
128.0
129.0
129.0
129.5
129.5
129.75
129.75
126.75
126.75
126.75
126.75
126.5
126.5
126.0
126.0
126.0
126.0
125.5
126.75
126.75
128.0
128.0
126.25
126.25
125.0
125.0
126.25
126.25
125.25
125.25
125.25
125.25
126.0
126.0
125.75
126.25
126.25
126.25
126.25
126.25
126.25
126.25
126.25
126.25
126.25
126.25
126.25
126.25
126.5
126.5
125.24264705882354
123.98529411764706
122.7279411764706
121.47058823529412
120.21323529411765
118.95588235294117
117.69852941176471
116.44117647058823
115.18382352941177
113.92647058823529
112.66911764705883
111.41176470588235
110.15441176470588
108.8970588235294
107.63970588235294
106.38235294117646
105.125
103.86764705882354
102.61029411764706
101.3529411764706
100.09558823529412
98.83823529411765
97.58088235294117
96.32352941176471
95.06617647058823
93.80882352941177
92.55147058823529
91.29411764705883
90.03676470588235
88.77941176470588
87.5220588235294
86.26470588235294
85.00735294117648
83.75
83.75
83.0
83.0
83.0
82.25
82.25
82.25
82.5
82.5
82.25
82.25
82.25
82.5
82.5
82.25
82.25
82.25
82.25
87.35714285714286
92.46428571428571
97.57142857142857
102.67857142857143
107.78571428571428
112.89285714285714
118.0
118.0
119.25
119.25
119.0
119.0
120.25
120.25
121.5
121.5
121.5
121.5
121.5
121.5
123.5
123.5
121.75
120.25
120.25
120.25
121.5
121.5
121.5
121.5
121.5
121.5
121.25
121.25
121.25
121.25
121.25
121.25
121.25
121.46666666666667
121.68333333333334
121.9
122.11666666666666
122.33333333333333
122.55
122.76666666666667
122.98333333333333
123.2
123.41666666666667
123.63333333333334
123.85
124.06666666666666
124.28333333333333
124.5
124.5
124.5
126.0
126.0
124.0
124.0
123.5
123.5
120.75
120.75
118.75
118.75
115.5
115.5
114.5
114.5
114.75
114.75
115.0
115.0
117.0
117.0
117.75
117.75
120.75
120.75
123.75
123.75
125.25
125.25
124.0
124.0
124.0
124.0
124.75
124.75
124.5
124.5
130.5
130.5
130.5
130.5
130.25
130.25
130.25
130.25
130.25
130.25
130.5
130.5
121.15
111.8
102.45
93.1
83.75
83.75
83.75
83.75
83.75
84.0
84.0
84.0
84.0
84.0
84.0
84.0
83.75
83.75
83.75
83.75
83.75
84.425
85.1
85.775
86.45
87.125
87.8
88.475
89.15
89.825
90.5
90.5
90.5
90.5
90.5
91.5
91.5
91.5
91.5
91.5
91.5
91.5
90.75
90.75
92.5
92.5
92.5
94.0
94.0
95.0
95.0
95.0
93.0
93.0
93.0
93.0
89.25
89.25
89.25
85.25
85.25
85.25
85.25
83.25
83.25
83.25
82.25
82.25
83.0
83.0
83.0
88.0
88.0
89.0
89.0
90.5
90.5
90.5
90.25
90.25
90.75
90.75
91.25
91.25
91.5
91.5
91.5
91.0
91.0
88.75
88.75
82.75
82.75
82.75
84.0
84.0
84.0
84.25
84.25
84.25
84.5
84.5
88.25
88.25
87.75
87.75
87.75
91.25
91.25
91.75
91.75
91.75
91.0
91.0
91.0
90.25
90.25
90.25
87.5
87.5
87.5
86.25
86.25
86.25
86.25
86.75
86.75
88.0
88.0
88.0
86.75
86.75
88.25
88.25
87.25
87.25
87.25
87.25
87.25
90.75
90.75
90.75
89.0
89.0
89.0
89.0
89.0
89.0
89.0
88.75
88.75
89.0
89.0
89.0
89.0
89.0
89.0
92.95
96.9
100.85
104.8
108.75
112.7
116.65
120.6
124.55
128.5
128.5
130.75
130.75
133.25
134.25
134.25
137.0
137.0
136.25
136.25
134.25
133.5
133.5
133.5
133.5
133.25
133.25
133.25
133.25
133.5
133.5
133.0
133.0
133.5
135.0
135.0
135.75
135.75
134.25
134.25
131.75
131.75
129.75
129.75
125.0
125.0
123.5
123.5
123.0
123.75
123.75
123.75
121.0
121.0
119.75
118.75
118.75
116.5
116.5
116.0
116.0
116.0
116.0
117.25
117.25
118.75
118.75
116.75
116.75
118.5
118.5
118.5
118.0
119.25
119.25
120.0
120.0
118.5
118.5
118.5
116.25
116.25
113.75
113.75
114.5
114.5
114.25
113.5
113.5
113.5
112.75
112.75
112.75
115.5
115.5
118.0
118.25
118.25
117.25
117.25
117.5
117.5
117.5
117.5
117.5
117.25
117.25
117.5
117.5
125.25
125.25
116.75
116.75
115.0
115.0
117.75
115.75
115.75
115.75
114.75
117.25
117.25
130.0
130.0
128.0
128.0
123.5
125.75
125.75
125.75
126.0
126.0
126.0
125.75
125.75
126.0
126.0
125.79891304347827
125.59782608695652
125.39673913043478
125.19565217391305
124.9945652173913
124.79347826086956
124.59239130434783
124.3913043478261
124.19021739130434
123.98913043478261
123.78804347826087
123.58695652173913
123.38586956521739
123.18478260869566
122.9836956521739
122.78260869565217
122.58152173913044
122.3804347826087
122.17934782608695
121.97826086956522
121.77717391304348
121.57608695652173
121.375
121.17391304347827
120.97282608695652
120.77173913043478
120.57065217391305
120.3695652173913
120.16847826086956
119.96739130434783
119.7663043478261
119.56521739130434
119.36413043478261
119.16304347826087
118.96195652173913
118.76086956521739
118.55978260869566
118.3586956521739
118.15760869565217
117.95652173913044
117.7554347826087
117.55434782608695
117.35326086956522
117.15217391304348
116.95108695652173
116.75
116.75
115.75
115.75
114.5
114.5
114.5
114.5
114.5
113.5
113.5
114.5
115.5
115.5
115.5
116.0
115.5
115.5
117.0
117.0
118.75
118.75
118.5
118.5
118.75
118.75
117.75
117.75
117.75
116.75
116.75
116.5
116.5
117.5
117.5
119.25
119.25
119.75
119.75
120.25
120.25
122.0
121.75
121.75
123.75
123.75
123.75
124.75
125.0
125.0
125.0
124.5
124.0
124.0
124.0
124.0
124.5
124.5
125.5
125.5
126.25
126.25
126.75
126.75
128.25
128.25
127.75
127.75
126.75
126.75
125.75
125.75
126.0
126.5
126.5
127.75
127.75
128.0
128.25
128.25
128.5
128.5
128.5
128.5
128.75
128.75
126.5
126.5
128.0
128.0
128.25
128.0
128.0
128.0
126.25
126.25
128.0
128.0
128.0
128.0
127.5
128.25
128.25
127.5
127.5
127.25
127.25
127.25
126.5
126.5
127.5
127.75
127.75
129.25
129.25
129.5
129.5
129.75
129.75
130.0
130.0
130.75
130.75
130.25
130.25
129.75
129.75
129.0
129.0
129.25
130.0
130.0
130.25
130.25
130.0
130.0
130.0
130.0
129.25
129.25
129.5
129.5
128.0
128.0
128.0
129.0
129.0
129.0
129.0
129.75
131.0
131.0
131.0
131.0
130.75
130.75
131.0
131.0
131.0
131.0
131.0
131.0
132.75
132.75
131.25
131.25
132.0
132.0
131.5
131.25
131.25
129.5
129.5
127.0
127.0
128.0
128.0
129.0
129.0
128.0
128.0
127.75
127.75
129.0
129.75
129.75
129.25
129.25
129.5
129.5
130.0
130.0
130.5
130.5
131.0
131.0
130.75
130.75
130.25
128.75
128.75
128.0
128.0
127.25
127.25
127.25
127.25
126.5
126.25
126.25
125.75
125.75
125.25
124.25
124.25
124.25
127.25
126.75
126.75
126.25
126.25
127.0
127.0
128.5
128.5
128.5
128.5
129.0
129.0
129.0
129.0
129.0
129.0
129.5
129.5
128.5
128.5
130.0
130.0
129.75
129.75
129.5
129.75
129.75
130.75
130.75
129.75
129.75
129.5
129.5
129.25
129.25
129.5
129.5
129.5
129.5
129.25
129.25
131.0
131.0
130.25
130.25
129.5
129.5
130.25
130.25
130.25
129.5
129.5
128.25
128.25
129.0
129.0
129.5
129.5
129.5
129.5
129.0
129.0
130.25
130.0
130.0
130.0
130.0
130.0
130.0
129.75
129.75
129.75
131.0
131.0
131.5
131.5
130.5
130.5
131.25
131.25
131.25
130.5
130.5
130.5
130.5
130.5
130.75
130.75
130.25
130.25
130.25
130.25
130.25
130.25
130.25
130.25
130.25
130.25
130.25
130.25
130.75
130.75
130.25
130.25
129.5
129.5
129.0
129.0
129.0
129.5
129.5
129.25
129.25
129.5
129.5
128.75
128.75
130.25
130.25
130.25
130.25
130.25
130.5
130.5
130.5
130.5
132.0
132.0
132.75
132.75
131.5
131.25
131.25
131.0
131.0
131.75
131.75
131.5
131.0
131.0
128.0
128.0
128.0
128.0
127.75
127.75
128.0
128.0
127.75
127.75
129.0
129.0
130.25
130.25
130.25
130.0
130.0
129.5
129.5
129.5
129.5
129.75
129.75
129.0
129.0
129.0
129.0
130.25
129.75
129.75
129.5
129.5
130.75
130.75
131.25
131.25
131.5
131.5
131.25
131.5
131.5
131.0
131.0
130.25
130.25
130.75
130.75
129.5
129.5
129.25
129.25
129.25
129.75
129.75
129.0
129.0
128.75
128.75
129.5
129.5
129.5
130.25
130.25
129.25
129.25
129.25
130.25
130.25
131.25
131.75
131.75
133.0
133.0
132.0
132.0
131.0
131.0
130.75
130.75
130.75
130.75
130.75
130.75
130.75
131.5
131.5
132.0
132.0
132.5
132.5
132.0
132.5
132.5
132.0
132.0
132.5
132.5
132.5
132.5
132.5
132.5
132.5
132.25
133.0
133.0
133.0
133.0
133.25
133.25
132.75
132.75
132.75
131.5
131.5
131.5
131.5
131.5
131.5
131.5
131.5
131.5
131.5
131.25
131.5
131.5
131.5
131.5
130.75
130.75
131.75
131.75
131.25
131.25
131.0
130.25
130.25
130.25
130.25
130.25
130.25
130.25
130.25
130.25
130.25
130.25
130.5
130.5
130.25
130.25
130.5
123.5
116.5
109.5
102.5
95.5
88.5
88.5
88.75
88.75
88.75
89.25
89.25
89.25
89.25
89.25
89.25
89.25
89.5
89.25
89.25
89.25
89.25
89.5
89.5
98.6
107.7
116.8
125.9
135.0
135.0
135.0
135.0
136.25
136.0
136.0
136.5
136.5
135.75
135.75
135.0
135.0
134.25
134.25
134.25
133.75
133.75
133.75
135.0
135.0
136.0
136.0
136.5
136.5
137.25
136.5
136.5
137.5
137.5
137.5
137.5
137.5
137.0
136.75
136.75
136.75
136.75
136.0
136.0
135.5
135.5
135.0
135.0
135.0
135.0
134.75
133.5
133.5
132.75
132.75
132.75
132.75
134.0
134.0
133.75
134.0
134.0
134.25
134.25
134.75
134.75
134.75
133.75
133.75
133.5
133.5
132.25
132.25
131.5
131.5
131.25
131.25
131.25
131.25
131.25
131.5
131.5
132.0
132.0
133.5
133.5
132.0
132.0
135.25
135.0
135.0
135.0
136.0
136.25
136.25
137.25
137.25
136.75
137.25
137.25
137.25
137.25
137.5
137.5
137.75
137.75
137.75
137.0
137.0
137.5
137.5
137.5
136.75
136.75
137.5
137.5
137.5
137.5
136.25
136.25
136.25
136.25
136.25
135.0
135.0
135.25
135.0
135.0
134.25
134.25
134.25
134.25
135.0
135.0
133.5
133.5
132.75
133.5
133.5
133.5
133.5
132.75
132.75
134.25
134.25
132.75
132.75
133.25
132.75
132.75
132.75
132.75
132.75
132.75
132.75
132.75
132.75
132.75
132.75
132.0
132.0
132.0
132.0
132.5
132.75
132.75
133.25
133.25
133.75
133.75
133.25
133.25
133.5
134.25
134.25
134.75
134.75
134.75
136.75
136.75
134.75
134.75
134.25
134.25
134.25
134.0
134.0
133.0
134.25
134.25
134.25
132.5
133.0
133.0
134.25
134.25
134.25
134.25
134.25
134.25
134.0
135.0
135.0
134.25
134.25
135.0
135.0
136.0
136.0
135.0
134.75
134.75
135.75
135.75
136.0
136.0
137.0
136.5
136.5
137.75
137.75
138.5
138.5
138.5
138.5
138.5
138.5
138.5
138.5
138.5
144.75
145.0
145.0
145.0
148.5
148.5
147.0
149.5
149.5
149.25
149.75
149.75
150.5
150.5
150.5
150.5
150.5
150.25
150.25
150.5
150.5
150.5
150.5
149.96428571428572
149.42857142857142
148.89285714285714
148.35714285714286
147.82142857142858
147.28571428571428
146.75
146.21428571428572
145.67857142857142
145.14285714285714
144.60714285714286
144.07142857142858
143.53571428571428
143.0
143.0
143.0
142.75
142.75
143.0
143.0
143.0
142.75
142.75
143.0
139.9090909090909
136.8181818181818
133.72727272727272
130.63636363636363
127.54545454545455
124.45454545454545
121.36363636363636
118.27272727272728
115.18181818181819
112.0909090909091
109.0
109.0
109.0
111.25
111.25
115.5
115.5
118.0
118.0
119.0
119.0
119.25
119.25
121.0
121.0
121.0
121.0
120.25
120.25
119.75
119.75
119.5
119.5
118.25
118.25
117.75
117.75
117.5
117.5
118.75
118.75
120.25
120.25
120.25
121.5
121.5
120.75
120.75
120.25
120.25
120.5
120.5
120.25
120.25
121.75
121.75
125.25
125.25
124.5
124.5
125.75
124.25
124.25
124.5
124.5
126.5
126.5
128.0
128.0
128.25
128.25
130.0
130.0
131.5
131.5
132.5
132.5
133.5
133.5
133.5
135.5
135.5
136.25
136.25
134.0
134.0
131.5
130.25
130.25
130.25
130.25
130.25
130.25
130.75
130.75
129.5
129.5
129.0
129.0
128.5
128.75
128.75
128.75
128.75
128.0
128.0
128.5
128.5
129.0
129.0
128.5
128.5
126.75
126.75
124.5
124.5
125.75
128.0
128.0
132.0
133.75
133.75
133.25
133.25
134.25
134.25
135.0
137.75
137.75
137.75
139.75
139.25
139.25
138.0
138.0
136.5
136.5
133.5
133.5
131.5
130.75
130.75
129.75
129.75
128.75
128.75
126.25
126.25
125.0
125.0
123.5
123.5
122.0
122.0
124.75
124.75
125.75
125.75
123.5
123.5
123.75
123.75
124.25
125.5
125.5
126.75
126.75
127.25
127.25
127.25
127.25
126.25
127.0
127.0
126.0
126.0
126.5
126.5
126.0
126.0
125.5
125.5
126.75
126.75
127.25
127.25
126.25
126.25
127.0
127.25
127.25
127.25
127.25
128.0
128.0
128.5
128.5
128.0
128.0
128.0
128.0
128.5
128.5
128.25
128.25
128.25
128.25
129.5
129.5
129.5
129.5
129.0
129.0
129.0
127.75
127.75
126.5
126.5
127.25
128.0
128.0
126.75
126.75
125.75
125.75
125.75
125.75
125.75
125.75
126.75
126.75
127.75
127.75
128.0
128.0
127.5
127.5
128.0
128.0
127.0
127.0
125.75
125.75
125.0
125.0
125.5
125.75
125.75
124.75
124.75
125.0
125.0
125.75
125.75
126.25
126.25
127.5
127.5
129.0
129.0
128.25
128.25
128.0
127.25
127.25
126.75
126.75
126.25
126.25
126.75
126.75
126.25
126.25
126.75
126.75
127.25
127.25
127.25
127.25
128.0
128.0
128.0
128.0
128.0
128.0
127.25
127.25
125.5
125.75
125.75
125.0
125.0
125.0
123.75
125.0
125.0
126.25
126.25
126.0
126.0
126.0
126.0
126.25
126.25
126.75
126.75
128.0
129.0
129.0
128.5
128.5
129.0
129.0
129.0
129.0
128.5
128.5
129.0
129.0
129.25
129.25
127.25
127.25
127.25
128.25
128.25
128.25
129.0
129.0
128.25
128.5
128.5
129.0
129.0
129.0
129.0
129.5
129.5
129.5
129.5
129.5
129.5
129.75
130.25
130.25
130.5
130.5
129.0
129.0
128.5
128.5
128.5
128.5
128.5
128.5
127.5
127.25
127.25
127.25
127.25
126.5
126.5
127.25
128.5
128.5
129.0
129.0
129.0
129.0
129.0
129.0
129.25
129.25
130.0
129.75
129.75
129.75
129.5
129.5
129.5
129.25
129.25
129.0
129.0
130.25
130.25
129.75
129.0
129.0
128.5
128.5
128.5
126.25
125.5
125.5
125.0
125.0
125.0
125.25
125.25
125.75
125.75
126.5
127.0
127.0
127.75
128.0
128.0
128.0
129.25
129.25
129.5
129.5
129.5
130.0
130.0
130.0
130.0
130.0
129.0
129.0
129.0
129.5
129.5
128.25
130.25
130.25
130.25
130.25
130.75
130.5
130.5
130.5
130.0
130.75
130.75
130.0
130.0
130.0
129.5
128.5
128.5
128.5
128.25
128.25
128.5
128.5
127.5
127.5
128.5
129.5
129.5
129.5
129.5
129.25
129.25
128.0
128.0
129.5
129.5
129.5
130.5
130.5
130.75
130.75
129.5
129.5
128.5
128.5
128.5
128.5
128.5
128.5
128.0
128.0
129.5
129.25
129.25
129.75
129.75
129.5
129.5
129.5
129.5
128.75
128.75
127.75
127.75
128.5
129.25
129.25
130.5
130.5
129.5
129.5
129.25
129.25
129.75
129.75
129.75
129.0
129.0
128.5
128.5
128.0
128.0
128.0
128.0
128.0
128.0
127.25
127.25
127.75
128.0
128.0
128.0
128.0
128.0
128.0
128.0
128.0
128.0
129.25
129.5
129.5
129.0
129.0
129.75
129.75
128.5
128.5
127.75
127.75
127.75
127.75
127.75
127.0
127.0
127.25
127.25
126.25
126.25
126.75
126.75
127.25
129.0
129.0
128.5
128.5
129.25
129.25
128.5
128.5
127.25
127.25
127.25
127.25
125.25
125.25
125.25
125.25
124.0
124.0
122.75
122.75
122.25
122.25
121.75
121.75
121.75
121.75
123.5
123.5
123.5
129.5
129.5
129.5
130.75
130.75
130.75
130.75
130.75
131.0
130.75
130.75
131.0
131.0
130.75
130.75
137.25
137.25
138.5
138.5
138.75
138.75
139.5
139.5
141.25
141.25
141.25
143.5
143.5
143.5
143.5
143.5
143.25
143.25
143.25
143.5
143.5
143.5
143.5
139.875
136.25
132.625
129.0
125.375
121.75
118.125
114.5
110.875
107.25
107.25
106.25
106.25
107.0
107.0
107.25
107.25
107.0
107.0
107.0
107.0
107.75
107.75
108.25
108.25
108.25
109.75
109.75
111.0
111.0
111.0
111.0
116.0
115.5
115.5
114.5
114.5
111.75
111.75
109.5
109.5
106.25
106.25
110.5
110.5
112.0
112.0
115.75
115.75
116.75
116.75
116.0
116.0
117.0
117.0
115.0
115.0
112.75
112.75
112.5
112.5
112.5
113.75
113.75
115.0
115.0
117.25
117.25
118.5
118.5
119.25
119.25
121.5
121.5
122.0
122.0
120.25
120.25
119.5
118.25
118.25
118.25
118.0
118.0
118.75
118.75
117.0
117.0
114.0
114.0
112.75
112.75
114.0
114.0
115.75
115.75
118.75
118.75
121.5
121.5
121.75
121.75
122.75
122.75
124.0
124.0
123.0
123.0
122.0
122.0
121.0
121.0
119.5
119.5
118.75
118.75
119.0
119.0
118.75
118.75
120.25
120.25
120.5
120.5
119.75
119.75
119.25
119.25
119.5
119.5
120.75
120.75
120.75
120.75
121.75
121.75
123.0
123.0
123.5
123.5
123.0
122.25
122.25
122.25
122.25
122.25
122.25
121.75
121.75
120.75
120.75
120.75
120.75
120.5
120.5
121.75
121.75
123.0
123.0
123.5
123.5
125.0
124.5
124.5
125.5
125.5
125.5
125.5
125.5
125.5
127.0
127.0
125.75
125.75
127.25
127.25
126.5
126.5
126.25
126.25
128.5
127.75
127.75
128.0
128.0
126.25
126.25
126.0
126.0
126.25
126.25
125.0
125.0
125.0
125.0
124.0
124.0
125.0
125.0
125.25
125.25
125.0
126.25
126.25
126.75
126.75
127.75
127.75
129.0
129.0
129.5
129.5
129.75
129.75
130.25
130.5
130.5
131.25
131.25
130.25
130.25
129.5
129.5
129.5
129.5
130.0
129.5
129.5
129.75
129.75
129.5
129.5
129.5
129.5
129.75
129.75
130.5
130.5
130.25
129.25
129.25
129.5
129.5
130.0
130.0
130.5
130.5
130.25
130.25
130.75
131.0
131.0
131.25
131.25
131.75
131.75
132.0
132.0
133.25
132.75
132.75
134.0
134.0
135.25
135.25
132.75
132.75
131.75
131.75
131.75
131.25
131.25
132.75
132.75
132.5
132.5
132.75
131.25
131.25
131.5
131.5
131.5
131.5
130.25
130.25
132.0
132.0
130.25
130.25
131.25
130.25
130.25
131.25
131.25
130.75
130.75
131.0
131.0
131.75
132.75
132.75
134.0
134.0
134.75
134.75
134.5
134.5
133.5
133.25
133.25
131.75
131.75
132.75
132.75
134.0
134.0
132.0
130.75
130.75
129.25
129.25
128.0
128.0
126.5
126.5
126.75
126.75
128.0
128.0
128.0
130.0
130.0
131.0
131.0
132.75
132.75
132.5
132.5
133.0
133.0
132.0
131.5
131.5
133.0
133.0
131.75
131.75
132.5
132.5
132.75
134.0
134.0
134.25
134.25
136.5
136.5
138.25
138.75
138.75
138.5
138.5
140.25
139.0
139.0
137.5
137.5
137.25
137.25
135.75
135.75
134.25
134.25
134.25
133.25
133.25
134.0
134.0
135.25
136.75
136.75
137.25
137.25
136.0
136.0
135.5
135.5
134.25
136.25
136.25
134.25
134.25
133.75
133.75
132.75
132.75
132.0
130.25
130.25
129.0
129.0
129.25
129.25
128.0
128.0
128.0
128.0
129.75
129.75
130.75
129.5
129.5
130.75
130.75
130.75
130.75
132.0
132.0
130.5
130.5
132.0
132.0
131.75
131.75
130.75
131.5
131.5
131.0
131.0
132.75
132.75
132.75
132.75
132.75
133.25
133.25
134.75
134.0
134.0
137.0
137.0
135.5
135.5
136.25
136.25
136.25
135.75
135.75
135.75
135.75
134.75
134.75
135.0
134.75
134.75
134.75
134.75
134.0
134.0
133.5
133.5
133.5
133.75
133.75
134.25
134.25
135.75
135.75
135.75
136.0
136.0
137.75
137.75
137.0
137.0
135.75
137.5
137.5
138.5
138.5
140.75
140.75
140.0
142.0
142.0
141.5
141.5
142.0
142.0
142.25
142.25
142.5
142.5
142.5
142.5
142.5
142.5
142.25
142.25
142.25
142.25
142.25
142.5
142.5
148.25
149.75
149.75
151.0
151.0
151.5
151.75
151.75
154.0
154.0
155.75
155.75
156.5
156.25
156.25
156.25
156.75
156.75
157.25
157.0
157.0
157.0
158.0
158.0
158.0
158.0
158.0
158.0
158.0
158.0
158.0
158.0
158.0
158.0
158.0
158.0
158.0
158.0
158.0
157.75
156.075
154.4
152.725
151.05
149.375
147.7
146.025
144.35
142.675
141.0
141.5
141.5
139.75
139.0
139.0
140.25
140.25
144.25
144.25
151.0
154.5
154.5
154.5
154.5
154.5
154.25
154.5
154.5
153.5
155.75
155.75
160.0
159.25
159.25
158.25
157.25
157.25
157.25
157.25
157.25
157.5
157.25
157.25
154.0
154.0
145.5
145.5
141.5
141.5
140.0
139.5
139.5
139.0
139.0
137.75
137.75
136.75
136.75
135.0
132.5
132.5
130.25
130.25
129.75
131.5
131.5
135.5
135.5
141.25
144.5
144.5
147.25
148.5
148.5
150.5
150.5
150.0
158.0
158.0
159.5
159.5
159.5
161.0
161.5
161.25
161.25
161.0
161.0
161.0
161.25
162.25
162.25
162.75
161.75
161.75
162.25
162.25
162.25
162.75
163.25
163.25
164.25
164.0
164.0
163.75
163.5
160.0
160.0
158.25
158.25
156.25
156.25
155.5
155.5
155.5
155.5
153.75
153.75
152.5
152.5
151.25
153.0
153.0
155.5
152.5
152.5
152.75
152.75
152.75
152.75
152.75
152.75
152.75
152.75
153.0
153.0
153.0
152.75
152.75
159.0
161.75
161.75
163.5
163.5
163.5
162.5
163.25
163.25
161.5
161.5
161.5
159.25
159.25
155.75
150.25
150.25
148.0
148.0
145.25
145.25
142.5
142.0
142.0
141.25
141.25
140.25
139.75
139.75
137.75
137.75
137.0
135.75
135.75
137.75
137.75
140.0
140.0
140.0
140.0
138.5
138.5
135.75
136.0
136.0
138.25
138.25
139.25
143.25
143.25
143.5
147.75
147.75
154.75
155.5
155.5
155.25
155.0
155.0
155.75
157.0
157.0
156.75
160.25
160.25
161.75
163.25
163.25
163.25
163.25
163.5
163.5
163.5
163.5
163.5
163.25
163.5
163.5
163.5
163.1
162.7
162.3
161.9
161.5
161.5
161.25
161.25
161.25
161.25
164.75
164.75
160.75
162.5
166.5
166.5
167.75
166.5
166.5
166.5
166.5
166.5
166.25
166.25
166.25
166.5
169.0
169.0
169.25
169.25
168.0
168.0
168.0
166.75
166.75
166.0
165.5
164.5
164.5
162.25
162.25
160.75
155.75
155.75
150.25
150.25
147.75
144.0
144.0
141.5
141.5
138.5
138.5
135.0
132.5
132.5
129.5
129.5
126.5
126.5
124.5
124.5
123.0
123.0
120.25
120.25
120.0
120.0
122.0
122.0
127.25
127.25
130.0
130.0
132.25
134.75
134.75
138.0
138.0
139.5
139.75
139.75
139.5
139.5
140.75
140.75
140.25
139.0
139.0
138.25
138.25
136.75
136.75
135.75
135.75
133.5
132.0
132.0
130.75
130.75
130.75
128.5
126.75
126.75
125.75
125.75
125.0
125.0
124.25
124.25
124.25
125.75
125.75
123.0
123.0
120.75
120.75
120.0
120.0
120.25
120.25
121.0
121.0
123.5
123.5
124.75
124.25
124.25
124.0
124.0
124.0
123.75
123.75
124.25
124.25
126.25
126.25
127.25
127.25
128.75
128.75
127.25
127.25
127.25
125.25
125.25
125.25
125.25
125.0
125.0
124.0
124.0
124.75
124.75
122.5
122.5
122.75
122.75
124.0
124.0
124.0
124.0
124.5
124.5
124.5
124.5
125.25
126.75
126.75
128.25
128.25
128.5
128.5
127.5
127.5
130.5
130.5
129.5
129.5
130.5
130.5
128.0
129.5
129.5
128.5
128.5
129.5
129.5
130.5
130.5
131.25
131.25
130.75
131.5
131.5
130.25
130.25
128.25
128.25
127.5
127.5
127.5
127.5
127.0
127.0
126.5
126.5
126.25
126.0
126.0
126.25
126.5
126.5
126.5
125.75
125.75
127.25
129.5
129.5
128.25
128.25
126.75
126.75
125.75
125.75
125.5
126.75
126.75
126.75
129.25
129.5
129.5
129.5
128.0
128.0
126.75
126.75
125.5
125.5
126.25
126.25
128.0
128.25
128.25
128.0
128.0
127.75
126.5
126.5
124.0
124.0
123.25
123.25
124.75
124.75
124.75
124.75
125.0
125.0
124.75
124.75
124.5
124.5
123.5
123.5
123.25
123.25
124.0
124.0
124.5
124.5
126.0
126.0
125.75
125.75
126.0
126.25
126.25
126.75
126.75
126.75
126.75
126.25
126.25
125.25
125.25
125.25
119.75
119.75
118.0
118.0
117.0
117.0
118.5
118.5
120.25
120.25
124.25
124.25
127.0
127.0
129.5
129.5
129.0
127.75
127.75
126.75
126.75
124.0
124.0
122.5
122.5
121.75
121.75
121.0
121.0
121.75
121.75
121.75
122.0
122.0
124.0
124.0
125.75
125.75
127.0
127.0
126.75
126.75
126.0
126.0
125.75
125.75
125.75
125.25
125.25
123.5
123.5
123.5
123.5
123.25
123.25
122.75
122.75
122.25
122.25
120.75
120.75
120.25
120.25
118.0
118.0
119.0
119.0
118.75
118.75
118.75
119.5
119.5
120.0
120.0
119.75
119.75
122.0
122.0
125.0
125.0
126.25
126.5
126.5
127.25
127.25
127.25
127.25
127.25
126.75
128.25
128.25
129.25
129.25
129.5
129.5
128.5
128.5
127.0
127.0
126.75
126.75
126.25
126.25
124.5
124.0
124.0
125.0
125.0
125.0
125.0
124.5
124.5
124.25
124.25
123.75
123.75
123.5
123.5
125.5
125.5
126.25
126.25
125.5
125.5
127.0
127.0
127.25
127.25
124.0
124.0
122.25
123.75
123.75
124.5
124.5
123.5
123.5
124.5
124.5
124.5
124.5
124.0
124.0
125.75
125.75
125.25
125.25
125.25
125.25
124.75
124.75
125.25
125.25
125.75
125.75
125.75
130.25
130.25
130.25
130.25
130.25
132.5
132.75
132.75
132.0
132.0
132.0
132.0
129.5
129.5
128.5
128.5
126.25
126.25
125.0
125.0
125.0
125.25
125.25
126.25
126.25
127.5
127.5
129.0
129.0
130.25
130.25
130.25
129.5
129.5
128.0
128.0
127.25
127.25
128.0
128.0
128.0
128.0
127.25
127.25
129.0
129.5
129.5
130.75
130.75
130.25
130.25
129.0
129.0
128.25
128.25
129.0
129.0
130.5
130.5
130.25
131.5
131.5
131.5
132.25
132.25
134.0
133.75
133.75
134.25
134.25
134.25
134.25
135.0
135.5
135.5
134.25
134.25
133.75
133.75
132.75
132.75
132.5
131.25
131.25
131.5
131.5
130.75
130.75
128.0
128.0
130.25
130.25
130.75
131.5
131.5
132.0
132.0
132.25
132.25
131.5
131.5
133.0
133.0
132.75
133.0
133.0
132.5
132.5
132.25
132.25
133.0
133.0
133.0
133.25
133.25
134.25
134.25
134.75
134.75
134.5
134.5
133.5
133.75
133.75
132.75
132.75
132.0
132.0
132.75
132.75
130.75
130.75
130.75
130.75
130.75
131.25
131.25
132.75
132.75
133.5
135.0
135.0
134.0
134.0
132.75
132.75
133.0
133.0
131.75
131.75
132.0
131.75
131.75
132.5
132.5
133.25
133.25
133.5
134.0
134.0
134.75
134.75
135.0
135.0
135.5
135.5
135.5
135.5
135.0
135.0
134.75
135.0
135.0
135.25
135.25
134.25
134.25
134.25
134.0
134.0
134.75
134.75
134.25
135.0
135.0
135.5
135.5
135.5
135.5
135.25
134.75
134.75
134.75
134.75
135.0
135.0
134.5
134.5
136.75
136.0
136.0
138.25
138.25
138.5
137.25
137.25
140.75
140.75
141.5
141.5
142.0
142.0
142.0
143.25
143.25
143.75
143.75
143.75
144.5
144.25
144.25
143.25
143.25
145.0
148.25
148.25
147.75
147.75
148.5
150.25
150.25
149.25
149.25
149.25
149.25
149.25
149.25
149.25
149.25
149.25
149.25
149.25
149.25
140.25
131.25
122.25
113.25
104.25
104.25
101.75
101.75
101.25
101.25
101.5
101.5
101.5
102.0
102.0
102.0
101.75
101.75
102.0
102.0
102.0
102.0
102.0
102.0
102.0
106.58333333333333
111.16666666666667
115.75
120.33333333333333
124.91666666666667
129.5
130.25
130.25
130.25
128.25
127.5
127.5
128.0
128.0
127.5
127.5
128.0
128.0
127.75
127.75
127.75
127.75
127.75
129.0
130.75
130.75
132.25
132.25
133.5
133.5
134.25
134.25
134.25
132.75
132.75
131.5
131.5
131.5
130.25
129.25
129.25
128.0
128.0
125.25
125.25
123.0
123.0
123.0
123.0
123.0
123.0
126.75
126.75
130.25
130.25
130.0
130.0
130.0
130.0
129.75
129.75
130.0
130.0
129.5
129.5
129.75
129.75
130.5
130.5
130.25
130.25
130.25
130.25
129.5
129.5
129.5
129.75
129.75
130.5
130.5
132.5
132.5
130.25
130.25
129.75
129.75
130.75
131.5
131.5
131.5
131.75
131.75
133.25
133.5
133.5
133.75
133.75
133.75
140.75
140.75
140.75
140.75
140.75
140.75
140.75
141.0
141.0
141.0
141.0
141.0
140.30769230769232
139.6153846153846
138.92307692307693
138.23076923076923
137.53846153846155
136.84615384615384
136.15384615384616
135.46153846153845
134.76923076923077
134.07692307692307
133.3846153846154
132.69230769230768
132.0
132.0
132.0
131.5
131.5
130.75
130.75
129.75
129.75
130.25
130.25
129.5
130.0
130.0
130.75
130.75
131.5
131.5
131.75
131.75
130.75
130.75
131.75
131.0
131.0
133.0
133.0
130.75
130.75
130.75
128.5
128.5
128.75
130.25
130.25
130.75
130.75
131.5
131.5
132.0
132.0
132.75
131.5
131.5
131.75
132.0
132.0
130.75
130.75
128.75
128.75
127.75
127.75
127.75
130.25
131.5
131.5
134.0
136.25
136.25
138.5
138.5
139.0
140.5
140.5
142.5
142.5
143.5
144.75
145.25
145.25
146.5
146.5
146.25
146.0
146.0
145.0
145.0
143.25
141.0
141.0
140.75
140.75
141.25
141.25
141.25
141.25
141.25
141.5
141.5
141.25
145.75
145.75
146.75
148.0
148.0
148.5
148.0
148.0
149.0
149.25
149.25
149.25
152.5
152.5
152.5
151.75
153.25
153.25
153.25
154.75
154.75
155.5
155.5
156.5
154.75
154.75
157.75
157.75
159.0
158.25
158.25
157.75
157.75
157.75
158.75
158.75
159.25
159.25
159.0
158.25
158.25
158.25
158.0
158.0
158.25
157.5
157.5
157.0
153.75
153.75
149.0
149.0
145.0
142.75
142.75
140.75
140.75
142.0
141.75
141.75
139.75
139.75
141.25
141.25
139.75
139.5
139.5
140.75
140.75
141.25
141.25
143.0
143.0
143.25
143.0
143.5
143.5
144.5
144.5
145.0
145.0
143.0
143.25
143.25
142.75
142.75
142.5
141.25
141.25
142.75
142.75
144.25
142.25
142.25
141.75
141.75
139.5
138.5
138.5
138.0
138.0
137.5
137.5
138.5
136.75
136.75
136.75
135.5
135.0
135.0
135.0
135.0
135.25
135.25
136.0
138.5
138.5
140.5
140.5
140.75
139.75
139.75
140.75
140.75
140.0
140.0
138.0
137.0
137.0
135.5
135.5
134.75
134.75
134.25
134.25
133.0
133.0
133.5
133.5
132.0
132.0
132.0
132.0
132.0
132.75
132.75
132.75
132.0
132.0
131.5
131.5
131.5
132.75
132.75
133.0
133.0
133.25
133.25
134.0
134.25
134.25
134.25
134.0
134.25
134.25
134.25
134.25
134.75
135.25
135.25
137.5
137.5
138.0
138.0
138.0
138.0
139.75
140.5
140.5
141.75
141.75
142.25
142.5
142.5
143.25
143.25
143.0
143.25
143.25
142.75
143.25
143.25
142.5
142.5
142.0
142.25
142.25
140.0
140.0
139.0
139.0
139.25
139.5
139.5
138.0
138.0
137.5
137.25
137.25
137.25
137.25
136.5
136.5
136.5
136.5
136.25
137.25
137.25
137.25
137.25
136.0
137.25
137.25
137.25
137.25
136.75
136.75
137.0
137.75
137.75
137.5
137.5
137.75
137.75
138.0
137.5
137.5
138.5
138.5
138.25
138.25
137.5
137.75
137.75
138.75
138.75
138.5
138.5
138.25
136.75
136.75
137.75
137.75
137.5
137.5
137.25
137.0
137.0
137.5
137.5
137.5
138.5
138.5
138.25
138.25
137.75
137.75
138.75
138.75
138.75
138.25
138.25
138.5
138.5
138.0
137.5
137.5
135.75
135.75
135.25
136.5
136.5
136.25
136.25
136.5
136.5
137.25
137.25
136.5
137.75
137.75
137.0
137.0
137.0
137.0
137.0
137.5
137.5
136.5
136.5
136.75
136.75
135.5
135.5
134.75
133.75
133.75
135.0
135.0
135.75
135.75
136.5
136.25
136.25
135.5
135.5
135.0
135.0
135.75
135.0
135.0
136.25
136.25
135.5
135.5
135.5
135.5
135.5
135.75
135.75
136.5
136.5
136.5
136.5
136.25
136.75
136.75
136.75
136.75
135.75
135.75
135.25
135.25
134.75
134.75
135.75
135.0
135.0
135.5
135.5
135.0
135.0
134.0
134.0
134.25
135.75
135.75
135.25
135.25
135.25
135.25
136.5
136.5
135.5
135.5
136.25
136.25
135.75
135.75
136.0
136.0
136.25
136.75
136.75
138.5
138.5
138.0
138.0
138.5
138.25
138.25
140.0
140.0
140.0
140.75
140.75
142.0
142.0
139.75
139.75
140.75
141.5
141.5
141.75
141.75
142.0
142.75
142.75
143.0
143.0
143.25
144.75
144.75
145.25
145.25
146.0
147.0
147.0
145.0
143.0
143.0
140.5
140.5
138.25
138.25
135.25
135.25
135.75
135.0
135.0
136.25
136.25
134.0
134.0
133.5
133.5
133.5
133.75
133.75
134.25
134.25
134.5
134.5
135.0
137.25
137.25
137.0
137.0
136.75
136.75
135.5
136.75
136.75
133.0
133.0
133.5
133.5
134.25
134.25
135.25
135.0
135.0
135.25
135.25
138.5
139.5
139.5
143.5
143.5
145.25
146.5
146.5
146.75
150.25
150.25
152.25
152.25
153.0
153.0
153.0
152.5
152.5
152.5
154.75
155.75
155.75
155.0
154.0
154.0
156.25
154.0
154.0
152.25
152.25
151.0
150.25
150.25
151.25
151.25
150.5
151.25
151.25
151.75
151.75
150.25
148.25
148.25
145.0
145.0
140.0
137.75
137.75
139.75
139.75
140.25
140.25
139.5
138.75
138.75
136.75
136.75
135.75
135.75
131.25
131.25
129.75
128.5
128.5
126.5
126.5
124.25
124.25
124.0
124.0
124.0
124.5
124.5
125.25
125.25
125.75
125.75
125.75
125.75
125.0
125.0
123.75
123.75
122.5
124.5
124.5
125.5
125.5
124.5
124.5
124.5
124.5
123.5
123.5
123.5
123.5
121.75
121.75
121.75
121.75
122.5
125.25
125.25
126.75
126.75
128.5
128.5
128.5
128.5
126.25
126.25
125.75
125.75
126.25
126.25
126.25
128.0
128.0
128.0
127.0
127.0
127.0
125.0
125.0
124.5
124.75
124.75
124.75
124.75
124.75
123.5
123.5
122.75
122.75
121.5
121.5
122.0
122.0
122.25
122.25
121.5
121.5
121.5
121.5
121.0
121.0
120.25
120.25
120.25
120.25
120.75
120.75
123.25
123.25
122.75
122.75
120.75
120.75
120.0
120.0
120.0
120.0
118.75
118.75
118.0
118.0
120.25
120.25
120.25
120.25
121.0
121.0
121.5
122.25
122.25
124.5
124.5
125.0
125.0
125.75
125.75
125.75
125.75
125.5
125.5
122.25
122.25
120.25
120.25
121.75
121.75
123.0
123.0
126.5
126.5
127.75
128.5
128.5
129.75
129.75
130.0
130.0
129.5
129.5
131.0
131.0
133.25
133.25
134.5
135.5
135.5
133.75
133.75
133.0
133.0
133.25
132.0
132.0
132.0
132.0
131.75
131.75
131.25
131.25
132.75
132.75
132.75
133.5
133.5
134.75
134.75
135.0
135.0
134.25
133.5
133.5
135.25
135.25
135.75
135.75
137.5
137.5
137.5
138.0
138.0
138.25
138.25
137.25
136.5
136.5
135.25
135.25
134.75
134.75
134.25
134.5
134.5
135.0
135.0
134.25
134.25
134.25
134.25
131.5
131.5
130.25
129.0
129.0
127.25
127.25
126.0
126.0
121.5
121.5
121.75
121.75
121.5
121.5
121.75
121.75
123.5
123.5
125.0
125.0
127.25
127.25
128.25
128.25
130.5
131.5
131.5
133.0
133.0
133.75
133.75
135.0
135.25
135.25
135.75
135.75
135.5
135.5
136.5
136.5
135.5
135.75
135.75
136.25
136.25
136.75
136.75
135.75
135.75
135.75
136.25
136.25
136.5
136.5
135.75
135.75
135.75
136.5
136.5
135.0
135.0
135.5
135.0
135.0
134.75
134.75
132.75
132.75
132.75
132.75
133.0
133.0
133.75
134.75
134.75
136.5
136.5
137.0
137.0
138.0
139.5
139.5
139.75
139.75
139.75
137.75
137.75
136.25
136.25
132.5
132.5
131.5
131.5
130.75
130.75
129.75
128.75
128.75
127.25
127.25
127.25
127.25
127.25
127.5
127.5
127.5
127.5
127.25
127.25
125.75
125.75
127.0
128.0
128.0
128.75
128.75
129.0
129.0
129.0
129.0
129.5
129.5
130.75
130.75
131.5
132.75
132.75
132.75
134.75
134.75
135.5
135.5
135.75
135.75
135.75
135.75
135.75
136.0
136.0
137.0
139.0
139.0
138.5
138.5
140.25
141.25
141.25
143.5
143.5
145.25
145.5
145.5
145.5
145.5
146.75
146.0
146.0
147.5
147.5
146.75
147.0
147.0
147.0
148.0
148.0
147.25
147.25
147.0
145.75
145.75
145.0
145.0
142.5
140.25
140.25
137.5
137.5
135.5
133.5
133.5
132.0
132.0
130.75
128.5
128.5
127.25
127.25
126.25
126.25
125.25
125.25
125.25
125.25
126.75
126.75
129.0
129.0
130.25
130.25
129.5
130.0
130.0
131.5
131.5
132.0
132.0
133.5
133.75
133.75
134.75
134.75
135.25
135.25
136.5
136.5
136.75
136.75
136.75
137.5
137.5
137.5
138.25
138.25
139.5
139.5
140.25
140.25
141.0
141.0
143.0
143.25
143.25
144.75
144.75
145.75
147.0
147.0
147.25
150.0
150.0
149.75
149.75
148.5
148.5
150.0
151.75
151.75
151.25
152.25
152.25
153.75
153.75
154.0
154.0
153.25
153.25
154.75
155.25
155.25
154.25
155.5
155.5
155.25
156.5
156.5
157.25
158.75
158.75
158.0
158.0
157.5
156.25
156.25
155.25
155.25
156.0
155.25
155.75
155.75
156.5
157.25
157.25
156.5
156.75
156.75
156.75
157.75
157.75
157.0
154.75
154.75
151.75
150.0
150.0
148.5
148.5
150.0
149.75
149.75
150.0
150.75
150.75
152.0
154.5
154.5
154.0
153.5
153.5
148.0
148.0
145.0
145.0
145.5
145.5
146.5
147.5
147.5
147.5
146.0
146.0
145.0
146.0
146.0
145.75
145.75
145.25
144.5
144.5
143.75
143.75
144.75
144.75
145.75
145.75
145.75
148.25
148.25
148.25
148.25
148.25
148.25
148.5
148.5
148.5
156.0
155.0
155.0
155.0
155.0
156.75
156.75
156.75
158.25
158.5
158.5
158.75
160.0
160.0
160.25
160.75
160.75
160.75
161.75
161.0
161.0
161.5
161.25
161.25
161.0
161.25
161.25
159.25
161.5
161.5
162.25
161.5
161.5
157.25
157.25
150.5
147.25
147.25
144.0
144.0
144.0
145.0
146.25
146.25
146.25
148.25
148.5
148.5
147.75
150.0
150.0
152.0
153.25
153.25
152.75
155.75
155.75
155.25
155.25
156.75
158.0
158.0
158.0
161.75
161.0
161.0
164.0
164.0
165.0
164.75
164.75
164.5
163.75
163.75
164.75
164.75
165.75
165.5
165.5
167.5
167.5
167.75
168.5
167.75
167.75
168.0
168.0
166.5
166.5
169.0
169.0
169.0
169.0
169.0
169.0
169.0
169.0
169.0
169.5
169.5
170.75
172.5
172.5
170.5
169.0
169.0
167.0
167.0
167.0
167.0
167.0
167.0
167.0
166.75
173.5
173.5
174.75
172.0
171.25
171.25
171.5
170.0
170.0
170.5
172.5
172.5
171.5
167.0
167.0
169.75
170.75
170.75
170.0
169.75
170.5
170.5
170.5
170.5
170.5
169.75
169.75
168.5
172.0
172.0
170.75
169.75
169.75
167.0
165.5
163.5
163.5
163.5
162.5
162.5
161.5
161.0
161.0
162.75
159.5
159.5
157.25
158.5
158.5
156.25
156.25
154.5
153.75
153.75
152.75
153.75
153.75
152.25
152.25
151.5
151.5
151.0
148.0
147.5
147.5
148.25
148.25
149.25
149.25
150.0
150.0
154.25
153.5
153.5
155.0
155.5
155.5
156.0
158.75
158.75
162.5
162.5
161.5
161.5
162.75
166.0
166.0
166.5
166.5
164.5
164.5
164.5
164.5
164.5
164.5
164.5
164.5
164.5
164.5
164.5
164.25
165.54166666666666
166.83333333333334
168.125
169.41666666666666
170.70833333333334
172.0
173.75
174.75
174.75
176.0
175.5
175.5
175.0
175.0
175.5
173.75
173.25
173.25
172.5
171.5
171.5
172.25
169.5
169.5
168.25
168.25
169.25
172.0
172.0
169.5
169.5
172.5
172.75
172.75
172.75
172.5
172.5
175.0
175.0
171.5
173.75
173.75
176.25
176.75
176.25
176.25
176.75
176.75
177.0
177.0
176.75
176.75
177.75
178.75
178.75
175.5
177.0
177.0
181.75
181.75
181.75
181.75
181.75
181.75
182.0
181.75
181.25
181.25
175.75
175.75
178.25
178.25
176.75
176.75
178.25
173.75
173.25
173.25
178.75
176.25
176.25
175.5
176.75
176.75
178.25
178.25
178.25
178.0
177.75
177.75
176.0
176.0
178.25
178.0
178.25
178.25
178.0
177.75
177.75
178.75
178.75
178.25
176.25
176.25
175.75
177.0
176.25
176.25
177.25
176.0
176.0
176.0
170.5
170.5
165.5
165.0
163.75
163.75
162.25
162.25
160.25
159.0
159.0
156.75
155.0
155.0
151.5
151.5
148.75
147.0
147.0
143.5
143.5
142.0
141.25
141.25
139.25
139.25
139.75
139.75
141.75
145.0
145.0
147.75
151.0
151.0
154.25
153.5
153.5
156.0
156.75
156.75
157.25
157.25
158.25
157.75
157.75
156.25
154.5
154.5
152.25
152.25
150.75
150.25
150.25
152.0
151.75
151.75
152.75
152.75
152.75
151.25
153.0
153.0
154.0
154.0
154.0
155.0
155.0
157.5
157.0
157.0
158.75
158.75
159.0
159.0
159.0
159.0
159.5
161.25
161.25
162.25
163.25
163.25
163.25
161.25
163.5
163.5
165.0
168.5
163.5
163.5
164.75
165.75
165.75
164.75
164.75
164.75
164.75
164.75
164.75
165.0
165.0
164.75
157.75
157.75
159.0
159.0
158.75
158.75
158.75
158.75
157.75
156.25
156.25
155.75
155.75
153.75
153.0
153.0
152.5
154.75
154.75
154.25
154.25
154.75
156.5
156.5
155.25
155.5
155.5
157.0
155.5
155.5
157.0
156.5
156.5
154.5
153.25
153.25
153.5
154.25
154.25
150.25
150.25
150.0
149.75
149.75
150.75
150.75
152.0
151.75
151.75
153.0
152.0
152.0
151.75
151.75
151.75
150.0
150.0
148.75
145.0
145.0
140.0
140.0
139.5
139.5
139.5
139.25
139.25
132.5
132.5
132.75
132.75
131.75
131.75
131.5
131.5
131.5
130.25
130.25
128.75
128.75
130.25
130.25
130.75
130.75
129.0
129.0
131.0
131.0
131.5
131.5
130.25
130.0
130.0
126.25
126.25
124.5
124.5
125.75
129.5
129.5
134.25
134.25
137.5
140.5
140.5
142.0
142.0
144.5
146.0
146.0
144.5
144.5
145.0
145.0
145.0
146.75
146.75
147.0
147.0
147.0
147.0
147.0
147.25
147.5
147.5
147.75
147.75
148.5
149.75
149.75
150.5
151.25
151.25
151.5
152.25
152.25
152.25
152.25
150.75
150.0
150.0
149.75
149.75
148.5
147.0
147.0
145.0
145.0
143.25
142.0
142.0
141.5
141.5
139.0
139.0
141.75
141.5
141.5
142.25
142.25
142.5
144.25
144.25
145.25
145.25
145.25
143.25
143.25
145.5
145.0
145.0
144.0
144.0
144.0
144.0
144.0
143.25
143.25
143.75
144.5
144.5
144.75
144.75
145.75
145.5
145.5
146.75
146.75
146.25
145.25
145.25
144.5
144.5
143.5
143.75
143.75
143.5
143.5
142.5
142.75
142.75
142.75
142.75
141.5
139.5
139.5
138.5
138.5
138.5
138.5
138.5
139.0
139.0
138.75
138.75
138.75
138.75
137.75
136.75
136.75
135.0
135.0
134.5
134.5
133.75
133.75
132.25
132.25
132.75
132.75
132.75
133.75
133.75
134.75
134.75
135.0
135.0
135.75
136.25
136.25
137.75
137.75
140.75
142.0
142.0
143.0
143.0
141.25
141.25
139.25
139.25
135.75
135.75
135.75
135.5
135.5
134.25
134.25
133.5
132.75
132.75
131.75
131.75
132.0
132.0
132.75
132.75
132.5
131.75
131.75
131.5
131.5
131.5
131.5
132.0
132.0
133.25
134.25
134.25
134.25
134.25
135.25
135.25
135.75
136.25
136.25
137.25
137.25
137.0
137.0
137.5
137.5
138.0
137.75
137.75
137.75
137.75
138.0
137.75
137.75
140.5
140.5
139.75
138.25
138.25
138.25
135.75
133.5
133.5
133.5
133.25
133.25
133.25
133.25
133.25
133.5
133.5
129.25
129.5
129.5
129.25
129.25
129.25
129.25
129.5
129.5
130.75
130.75
130.75
130.75
130.75
131.0
131.0
131.0
131.0
131.5
131.5
131.25
130.5
130.5
128.5
128.5
127.5
127.5
127.25
127.25
127.5
127.5
128.25
128.25
128.5
128.5
130.25
131.75
131.75
132.5
132.5
133.0
133.0
134.25
135.0
135.0
135.75
135.75
136.0
136.0
136.75
137.25
137.25
138.0
138.0
137.75
137.75
136.5
133.5
133.5
132.75
132.75
132.0
132.0
132.5
132.5
132.25
132.25
132.0
131.5
131.5
131.75
131.75
132.75
132.75
132.75
132.75
131.75
132.0
132.0
132.75
132.75
133.5
133.5
133.75
133.75
133.25
133.25
132.0
131.5
131.5
132.0
132.0
132.5
132.5
133.0
133.0
134.0
133.75
133.75
133.5
133.5
133.75
133.75
133.0
133.0
133.5
133.75
133.75
135.0
135.0
135.25
135.25
135.0
134.5
134.5
133.25
133.25
132.25
132.25
132.0
132.0
131.0
131.0
130.25
130.25
128.75
128.0
128.0
127.5
127.5
128.0
128.0
128.0
128.0
129.25
129.25
130.75
130.75
131.5
132.0
132.0
131.5
131.5
132.75
132.75
132.75
132.75
132.75
133.25
133.25
139.0
139.0
139.5
138.75
138.75
139.5
139.5
140.75
141.0
141.0
139.5
139.5
140.5
143.0
143.0
143.5
143.5
143.5
142.0
145.25
145.25
149.5
147.75
147.75
148.25
148.25
150.75
150.75
152.75
152.75
153.5
153.5
152.75
152.75
153.0
154.75
154.75
154.75
154.75
154.75
154.75
154.75
155.0
155.0
155.0
155.0
155.0
155.0
155.0
152.86764705882354
150.73529411764707
148.60294117647058
146.47058823529412
144.33823529411765
142.2058823529412
140.0735294117647
137.94117647058823
135.80882352941177
133.6764705882353
131.5441176470588
129.41176470588235
127.27941176470588
125.1470588235294
123.01470588235294
120.88235294117646
118.75
118.75
119.5
119.5
119.25
119.25
118.0
118.0
118.0
118.0
118.5
118.5
119.75
119.75
119.75
119.75
119.75
119.75
120.0
120.0
119.75
119.75
129.0
129.0
129.0
129.75
129.75
130.0
130.0
130.0
129.75
129.75
125.75
127.0
127.0
127.0
126.0
126.0
127.0
127.0
127.0
126.25
126.25
126.25
126.25
127.25
127.25
128.5
128.5
128.25
128.25
128.25
128.25
128.5
128.5
128.5
128.5
128.5
127.25
127.25
127.25
127.25
126.25
126.25
126.0
126.0
124.75
124.75
123.75
123.75
123.75
123.75
122.75
122.75
123.0
123.0
123.5
123.5
124.75
124.75
126.75
126.75
127.75
127.75
128.5
128.5
128.75
128.75
130.25
130.25
130.75
130.75
132.75
132.75
133.0
133.0
133.0
132.75
132.75
133.0
129.5
129.5
127.75
127.75
126.75
126.75
125.75
125.75
125.75
124.5
125.25
125.25
126.5
126.5
127.75
127.75
129.0
129.0
130.0
130.0
132.0
132.25
132.25
132.75
132.75
133.25
133.25
132.75
132.75
131.75
131.75
133.0
133.0
133.25
133.5
133.5
133.5
133.5
132.75
131.5
131.5
132.0
132.0
130.5
130.5
131.25
131.25
132.0
132.0
131.75
131.0
131.0
130.75
130.75
131.25
132.0
132.0
132.5
132.5
132.75
132.75
133.0
133.0
133.5
132.75
132.75
133.0
133.0
134.25
134.25
133.0
133.0
132.0
132.0
132.75
132.75
135.25
134.75
134.75
134.0
134.25
134.25
133.5
133.5
134.25
134.25
135.5
135.5
135.0
135.0
135.0
135.0
135.75
136.75
136.75
137.5
137.5
135.0
135.0
137.25
137.5
137.5
137.5
136.75
136.75
137.25
137.25
136.0
136.0
135.0
135.0
134.0
134.0
135.0
135.75
135.75
136.75
136.75
135.0
135.0
136.5
136.5
135.75
133.5
133.5
132.25
132.25
133.75
133.75
134.75
134.75
135.5
137.0
137.0
136.25
136.25
135.75
135.5
135.5
134.5
134.5
134.25
134.25
137.25
136.75
136.75
134.25
134.25
132.75
132.75
132.5
132.5
132.75
133.5
133.5
133.0
133.0
132.5
132.5
133.0
133.0
132.5
131.5
131.5
131.5
132.75
132.0
132.0
132.0
132.0
133.0
133.25
133.25
132.25
132.25
131.25
131.25
131.5
131.5
132.0
132.0
134.25
134.25
134.5
135.5
135.5
135.25
135.25
134.75
134.75
135.0
133.75
133.75
132.75
132.75
131.75
131.75
130.75
130.75
131.0
131.0
129.5
130.0
130.0
131.75
131.75
133.75
134.75
134.75
134.75
137.0
138.0
138.0
139.25
139.25
142.0
143.25
143.25
144.0
145.75
145.75
145.5
145.5
146.0
147.0
147.0
147.25
148.25
148.25
146.5
146.5
149.25
149.25
149.25
149.25
149.25
149.25
149.25
149.25
147.25
142.25
142.25
139.75
139.75
132.75
132.75
126.25
126.25
122.75
121.25
121.25
121.25
112.5
112.5
114.5
114.5
116.0
116.0
117.5
117.5
118.75
118.75
118.5
118.5
118.0
118.0
118.0
120.0
120.0
122.75
125.0
125.0
126.25
126.25
127.25
127.25
127.25
127.25
128.0
128.0
126.75
126.75
128.5
128.25
128.25
128.25
128.25
128.25
129.0
129.25
129.25
128.25
128.25
127.25
127.25
126.75
126.75
126.5
126.5
126.0
126.0
126.25
126.25
126.0
126.0
126.75
127.0
127.0
127.0
127.0
126.75
126.75
126.75
126.75
127.5
127.5
127.5
127.5
127.25
127.25
127.25
127.5
127.5
126.5
126.5
126.5
126.75
126.75
127.25
127.25
126.75
126.75
127.25
128.25
128.25
129.0
129.0
129.25
129.25
127.25
128.25
128.25
128.5
128.5
129.75
129.75
131.0
131.5
131.5
129.5
129.5
127.25
127.25
126.5
126.5
127.75
127.75
127.75
127.75
125.0
123.75
123.75
122.75
122.75
123.25
123.25
123.25
124.5
124.5
124.5
124.0
124.0
124.25
124.25
123.25
123.25
123.5
123.5
123.5
123.5
124.0
124.0
125.25
125.25
126.75
126.75
126.75
127.75
127.75
129.25
129.25
130.5
130.5
131.5
132.0
132.0
133.0
133.0
133.25
133.25
132.5
132.5
133.25
133.25
132.25
132.75
132.75
132.5
132.5
132.75
132.75
133.5
133.5
133.5
133.5
132.75
134.25
134.25
134.5
134.5
133.5
135.25
135.25
135.75
135.75
133.5
133.5
131.75
131.75
131.75
130.5
130.5
130.75
133.25
133.25
135.0
135.0
135.0
135.5
137.0
137.0
137.0
140.0
140.0
140.0
140.0
140.0
139.0
139.0
134.5
134.5
132.0
132.0
130.0
130.0
130.0
127.5
127.5
126.25
126.25
125.5
125.5
124.0
124.0
122.75
122.75
121.75
121.75
120.75
120.75
118.75
118.75
118.5
118.5
118.5
118.0
118.0
121.25
122.5
122.5
122.75
122.75
122.75
122.75
123.0
123.0
123.0
123.0
124.0
124.0
124.0
124.0
123.75
123.75
124.0
124.0
124.0
129.75
129.75
129.75
127.5
127.0
127.0
123.0
123.0
120.25
120.25
121.75
120.25
120.25
119.5
119.5
118.75
118.75
118.5
118.5
117.75
117.75
117.75
117.0
118.0
118.0
119.75
119.75
119.75
118.0
121.5
121.5
121.75
121.75
122.25
122.25
125.0
125.0
125.0
125.0
124.75
124.75
125.0
125.0
125.5
125.5
125.5
127.25
127.25
128.5
130.25
130.25
132.25
132.25
132.25
132.5
132.5
133.0
133.0
131.5
133.5
133.5
132.75
132.75
133.0
133.0
134.25
134.25
136.5
136.5
136.75
136.75
137.5
138.0
138.0
137.5
137.5
136.25
136.25
135.25
135.25
135.0
135.75
135.75
135.75
135.75
134.25
134.25
134.25
136.25
138.25
138.25
139.25
139.25
138.5
138.5
138.5
138.25
138.25
139.25
139.25
139.0
139.0
139.0
137.5
137.5
138.5
138.5
136.5
136.5
134.5
133.5
133.5
133.25
133.25
133.5
133.5
133.5
133.5
132.75
131.75
131.75
133.75
133.75
135.0
135.0
137.25
138.25
138.25
140.75
140.75
140.75
141.5
141.5
141.5
141.5
141.0
141.0
139.5
140.25
140.25
140.25
140.25
140.25
139.5
139.5
137.5
137.5
136.5
136.5
135.0
135.0
134.75
134.0
134.0
132.75
132.75
133.5
133.5
132.75
132.75
132.0
132.5
132.5
132.5
132.5
133.25
133.25
134.25
134.25
135.0
134.75
134.75
134.25
134.25
134.75
134.75
135.0
135.25
135.25
134.75
134.75
135.25
135.25
135.75
135.75
135.75
137.0
137.0
135.75
135.75
135.75
135.75
134.5
135.75
135.75
134.25
134.25
134.25
134.25
134.25
134.25
134.75
134.75
134.75
133.5
133.5
133.25
132.5
132.5
131.5
131.5
133.0
133.0
131.75
131.75
131.75
132.0
132.0
132.0
132.0
132.0
132.0
135.25
135.25
136.0
136.0
137.25
137.25
137.25
136.75
136.75
139.5
139.0
139.0
139.75
139.75
142.5
142.5
139.5
140.0
140.0
141.25
141.5
141.5
141.75
141.75
140.75
140.75
140.0
141.5
141.5
142.0
142.0
142.25
143.5
143.5
145.0
145.0
144.75
142.75
142.75
140.25
140.25
138.0
138.0
135.25
135.25
130.5
130.5
128.5
128.5
128.5
127.25
127.25
127.5
127.5
130.0
130.0
130.0
130.0
130.0
130.0
130.0
130.0
127.5
127.5
128.5
128.5
128.5
128.5
128.5
128.25
128.25
128.5
128.5
127.25
127.25
127.25
127.75
127.75
127.5
127.5
127.25
127.25
128.0
128.0
129.0
129.5
129.5
130.25
130.25
130.25
130.25
131.25
131.25
132.0
132.0
131.5
132.5
132.5
132.25
132.25
133.0
133.0
131.5
131.5
131.75
131.75
131.75
132.75
132.75
131.5
131.5
131.0
131.0
133.0
132.5
132.5
132.75
132.75
132.0
132.0
133.0
133.0
133.5
133.5
135.75
136.0
136.0
135.75
135.75
136.75
136.75
138.5
140.75
140.75
141.75
142.25
142.25
143.25
143.25
143.25
143.25
143.25
143.25
143.25
143.5
143.5
143.5
151.0
150.75
150.75
152.0
152.0
153.0
153.75
153.75
154.0
154.5
154.5
155.5
155.0
155.0
156.0
156.0
156.0
155.75
156.0
156.0
156.25
156.25
155.5
154.5
154.5
150.75
147.0
147.0
145.0
145.0
144.0
144.25
144.25
144.25
144.25
144.75
145.0
145.0
146.0
146.0
145.0
145.0
145.0
145.5
145.5
147.25
147.75
147.75
147.0
147.25
147.25
147.25
147.25
148.75
150.75
150.75
151.5
151.0
151.0
151.25
151.25
149.5
148.5
148.5
142.5
142.5
140.0
140.0
138.25
135.75
135.75
133.75
133.75
132.75
132.75
131.5
131.5
130.25
130.25
130.25
130.5
130.5
129.5
129.5
128.5
128.5
127.5
127.5
126.0
126.0
126.0
126.0
125.0
125.0
124.25
124.25
125.0
125.0
124.5
123.5
123.5
125.75
125.75
126.5
126.5
127.75
127.75
128.25
128.25
130.5
131.75
131.75
130.25
130.25
132.75
132.75
132.0
132.0
130.5
130.5
127.5
127.5
126.25
126.25
124.0
124.0
123.5
123.5
122.75
122.75
123.0
124.5
124.5
124.75
124.75
125.0
125.0
125.0
125.0
124.75
124.75
123.5
123.5
125.25
125.25
125.0
125.0
124.25
124.25
125.25
126.25
126.25
127.0
127.0
128.0
128.0
128.25
128.25
129.0
129.0
130.25
132.0
132.0
133.75
133.75
136.25
136.25
135.75
136.75
136.75
137.5
137.5
138.25
138.25
136.75
136.75
137.0
138.25
138.25
139.0
139.0
139.75
142.0
142.0
142.0
142.0
141.25
141.75
141.75
147.0
146.25
146.25
149.5
149.5
146.0
146.0
148.5
152.25
152.25
151.5
151.0
151.0
146.5
141.25
141.25
143.25
143.25
135.75
136.5
136.5
138.0
138.0
142.25
142.25
147.0
146.25
146.25
148.5
148.0
148.0
149.25
149.5
149.5
149.5
146.0
144.25
144.25
142.0
142.0
142.0
142.0
142.0
142.0
141.75
141.75
142.0
142.0
141.75
141.75
141.75
138.66666666666666
135.58333333333334
132.5
129.41666666666666
126.33333333333333
123.25
123.25
130.25
130.25
133.25
133.25
133.25
134.25
134.25
135.25
135.0
135.0
134.75
134.75
134.0
134.0
134.0
134.0
132.5
132.5
136.5
136.75
136.75
137.0
137.0
139.25
139.75
139.75
141.75
141.75
142.0
143.75
143.75
144.75
146.0
146.0
146.0
146.0
146.0
146.0
146.0
146.0
146.0
146.0
146.0
145.75
146.0
146.0
148.5
148.5
148.5
147.0
144.0
144.0
144.75
144.75
142.0
139.5
139.5
137.5
137.5
136.75
135.5
135.5
135.5
134.5
135.0
135.0
135.25
135.25
136.75
136.75
135.5
135.5
133.5
132.75
132.75
129.75
129.75
129.75
129.75
130.75
130.75
129.75
129.75
129.0
130.25
130.25
131.5
131.5
131.5
134.25
134.25
136.75
136.75
136.75
136.75
138.25
138.25
137.0
135.75
135.75
137.5
137.5
137.25
137.25
138.5
139.0
139.0
139.0
140.75
140.75
141.25
141.25
142.5
142.5
143.0
143.0
142.5
143.75
143.75
143.25
143.25
143.25
144.25
144.25
143.5
143.5
142.25
142.0
142.0
143.25
143.25
142.5
142.0
142.0
142.5
142.5
141.75
142.0
142.0
142.25
142.25
143.25
143.5
143.5
143.25
143.25
142.5
143.25
143.25
142.0
142.0
144.0
143.25
143.25
142.5
142.5
142.0
141.5
141.5
141.0
141.0
141.0
141.0
139.5
139.0
139.0
139.0
139.0
139.0
139.0
141.5
141.5
141.5
142.0
142.0
141.75
142.5
142.5
142.0
142.0
144.0
144.5
144.5
146.5
146.5
144.75
144.0
144.0
142.0
142.0
140.25
138.5
138.5
136.0
136.0
134.5
134.5
133.0
133.0
132.0
130.0
130.0
129.25
129.25
129.75
129.75
131.25
131.25
129.25
129.25
130.5
130.75
130.75
131.0
131.0
132.0
132.0
133.5
133.5
133.5
133.5
134.0
134.5
134.5
135.0
135.0
135.5
135.5
134.5
132.75
132.75
133.25
133.25
131.5
131.5
130.25
130.25
130.5
130.5
130.75
130.75
129.5
130.25
130.25
130.0
130.0
129.5
129.5
130.75
130.75
132.5
133.0
133.0
135.75
135.75
135.75
133.5
133.5
136.25
136.25
136.5
136.5
136.75
137.5
137.5
136.25
136.25
136.75
136.75
136.75
135.75
135.75
136.5
136.5
136.5
136.5
136.75
136.75
135.75
138.75
138.75
137.0
137.0
137.5
137.5
136.75
137.0
137.0
137.75
137.75
137.5
137.5
138.75
137.5
137.5
138.5
138.5
138.5
140.25
140.25
142.5
142.5
142.0
142.0
142.0
142.0
142.0
140.75
140.75
138.75
138.75
138.0
138.0
138.0
136.75
136.75
135.75
135.0
135.0
134.5
134.5
133.5
133.5
133.75
133.75
133.0
133.0
132.0
132.0
131.5
130.0
130.0
130.25
130.25
130.25
130.25
130.25
130.25
130.25
130.25
130.5
129.5
129.5
129.5
128.75
128.5
128.5
128.5
128.5
128.75
128.75
129.25
129.25
129.75
129.75
130.75
130.75
130.5
132.5
132.5
134.25
134.25
132.75
132.75
133.0
132.25
132.25
129.5
129.5
131.5
131.5
129.25
129.25
129.0
129.0
128.0
128.0
127.75
127.5
127.5
128.0
128.0
127.25
127.25
129.0
129.0
129.25
129.25
128.0
128.5
128.5
128.5
129.5
129.5
129.5
131.25
131.25
130.5
132.75
132.75
132.5
132.5
132.0
132.0
132.0
132.0
133.0
133.0
132.75
132.75
132.75
132.0
132.0
132.75
132.0
132.0
132.0
132.0
132.0
132.0
132.0
133.0
131.75
131.75
132.0
132.5
132.5
132.75
132.75
133.25
133.25
133.75
133.75
133.25
133.25
133.25
132.0
132.0
132.75
132.75
130.75
130.75
130.5
130.5
129.5
129.5
131.5
131.5
130.75
130.75
130.75
131.25
131.25
131.5
131.5
132.75
132.75
132.25
133.0
133.0
133.75
133.75
133.25
133.25
132.75
132.75
132.5
133.5
133.5
135.5
135.5
135.0
135.0
137.5
137.75
137.75
139.25
139.25
140.25
142.5
142.5
142.75
142.75
142.5
142.5
140.75
141.0
141.0
140.75
140.75
142.25
143.25
143.25
143.25
143.25
143.25
144.25
144.25
144.0
144.0
143.0
140.75
140.75
139.25
139.25
139.0
139.0
138.25
137.0
137.0
134.75
134.75
133.75
133.75
133.0
133.0
132.0
130.75
130.75
129.5
129.5
128.5
128.5
128.75
128.25
128.25
127.5
127.5
126.25
126.25
126.0
126.0
126.25
126.25
126.75
126.75
127.0
127.0
128.0
128.0
128.75
128.75
128.75
128.0
128.0
127.75
127.75
128.0
128.0
127.25
127.25
126.0
126.0
125.0
125.0
125.25
125.25
128.0
128.0
128.5
128.5
127.0
127.0
128.5
128.5
130.0
130.0
131.5
131.5
132.5
130.75
130.75
132.0
132.0
130.75
130.75
130.0
130.0
129.5
128.25
128.25
127.5
127.5
126.25
126.25
126.25
124.75
121.75
121.75
121.75
121.75
129.5
129.5
129.5
131.5
131.5
134.25
134.25
135.25
135.25
135.75
135.75
135.75
135.75
137.5
137.5
140.0
141.25
141.25
140.25
140.25
141.0
145.0
145.0
145.0
143.5
143.5
150.0
150.0
149.75
147.75
147.75
151.5
151.5
146.25
140.25
140.25
140.25
126.5
126.5
126.5
126.5
126.5
126.5
126.25
126.25
126.25
126.25
126.25
126.25
123.75
121.25
118.75
116.25
113.75
111.25
111.25
111.25
111.25
113.25
113.25
114.5
114.5
114.5
114.5
116.25
116.25
119.75
119.75
120.0
120.0
120.0
120.0
120.0
118.5
118.5
118.5
118.5
118.5
118.5
118.5
118.5
118.5
118.5
118.5
118.5
118.5
118.5
114.5
114.5
116.25
116.25
116.25
118.0
117.25
117.25
116.5
116.5
117.0
117.0
117.0
117.0
116.75
116.75
116.75
117.75
117.5
117.5
122.5
122.5
123.5
123.5
125.75
125.75
126.75
126.75
124.75
124.75
124.75
124.75
124.75
124.75
124.75
124.5
124.5
125.5
125.5
125.0
125.0
125.25
125.25
124.0
124.0
124.0
124.0
123.0
123.0
124.0
124.0
125.0
125.0
125.5
125.75
125.75
125.5
125.5
125.5
125.75
126.5
126.5
127.0
127.0
127.25
127.25
127.25
127.25
127.5
127.5
127.5
128.0
127.75
127.75
127.25
129.0
129.0
129.0
128.5
126.75
126.75
126.25
126.25
126.25
126.25
125.75
125.75
127.25
127.25
127.0
127.0
129.25
127.75
127.75
128.75
128.75
129.5
129.5
128.5
128.5
129.0
129.0
127.25
126.25
126.25
128.0
128.0
128.0
128.0
127.5
127.5
127.5
127.5
127.5
127.25
127.25
127.25
127.25
134.25
134.25
134.25
135.5
135.5
135.5
138.5
140.0
140.0
140.75
140.75
141.25
141.25
141.25
141.25
141.25
141.25
141.25
141.5
141.5
141.5
141.5
141.5
