145.0
145.0
145.5
145.5
146.25
146.25
146.25
146.25
146.25
146.25
146.25
146.5
146.5
146.5
146.25
146.25
146.5
146.5
147.125
147.75
148.375
149.0
149.625
150.25
150.25
150.25
150.0
148.75
148.75
149.0
149.0
149.0
148.75
148.75
149.0
149.0
149.0
149.0
149.0
148.25
148.0
148.0
148.5
149.0
149.0
150.0
150.0
148.75
149.5
149.5
149.25
148.25
148.25
147.5
147.5
148.25
148.25
148.25
148.0
148.0
148.0
148.25
148.25
148.25
148.75
148.75
148.75
148.75
149.5
149.5
151.25
152.25
152.25
150.75
150.75
150.25
150.0
150.0
150.25
150.5
150.5
150.5
150.5
150.5
151.75
151.75
150.75
151.5
151.5
151.5
151.0
151.0
151.25
151.25
150.5
151.0
151.0
152.0
152.0
150.75
150.75
151.25
150.75
150.75
149.75
149.75
150.0
150.25
150.25
150.25
150.25
150.5
151.25
151.25
152.5
152.75
152.75
152.75
153.0
153.0
153.25
152.25
152.25
153.25
153.25
153.25
153.0
153.0
153.0
152.5
152.5
152.0
152.25
152.25
152.5
152.5
152.5
152.25
152.25
153.75
154.0
154.0
154.75
154.75
154.75
155.0
155.0
155.0
156.25
156.5
156.5
157.0
157.25
157.25
157.0
157.0
157.0
157.75
157.75
157.5
157.5
157.75
157.75
157.0
157.0
157.0
157.25
157.25
157.25
157.25
157.5
157.5
157.5
157.75
157.75
158.5
158.75
158.75
160.0
160.0
160.0
158.25
158.25
157.0
158.0
158.0
158.75
158.75
158.75
157.75
157.0
157.0
157.25
157.0
157.0
157.0
157.5
157.5
157.5
157.75
157.75
157.5
157.5
157.5
157.75
157.5
157.5
157.5
157.5
157.25
157.75
157.75
158.25
158.25
158.25
158.75
156.75
156.75
159.25
158.5
158.5
159.5
159.25
159.25
159.0
158.75
158.75
157.75
158.0
158.0
156.5
157.75
157.75
160.25
156.75
156.75
155.5
157.75
157.25
157.25
157.25
159.0
158.5
158.75
158.75
159.0
159.25
159.25
159.5
160.0
160.0
160.0
159.5
159.5
159.25
159.0
159.0
159.0
159.0
158.75
158.5
158.75
158.75
158.25
158.25
157.5
157.5
157.5
157.25
158.5
158.5
158.25
158.25
158.25
157.5
158.0
158.0
157.25
157.25
158.0
158.75
158.75
158.75
159.5
159.5
158.75
159.25
159.25
157.5
160.0
160.0
160.25
158.5
158.5
156.75
158.25
158.25
157.25
157.25
158.5
159.5
159.5
156.5
156.5
156.5
158.5
160.5
160.5
161.0
159.25
159.25
160.5
158.5
158.5
158.75
158.5
158.5
158.5
158.75
158.75
159.0
158.75
158.75
158.75
158.75
158.75
159.0
158.75
158.75
158.25
158.25
158.25
158.25
156.75
156.75
157.25
158.0
158.0
158.5
158.75
158.75
158.5
158.25
158.25
158.25
158.75
158.75
158.0
158.0
157.5
157.75
157.75
157.5
157.75
157.75
157.75
157.75
158.0
158.0
157.5
157.25
157.25
157.25
157.25
157.5
157.5
157.5
157.5
157.5
157.75
157.75
158.25
158.0
158.0
158.0
158.0
158.0
156.75
156.25
156.25
156.5
157.0
157.0
157.0
157.25
157.25
156.5
156.5
156.75
157.0
157.0
157.5
157.5
155.5
155.0
155.0
154.75
155.5
155.5
155.5
157.0
157.0
157.25
156.75
156.75
157.25
157.5
157.5
157.0
156.75
156.75
155.75
156.0
156.0
155.5
156.0
156.0
155.5
155.5
154.5
154.5
154.75
154.75
154.5
154.0
154.0
153.5
153.5
153.5
154.0
154.25
154.25
155.0
155.0
155.5
155.75
155.75
156.5
156.5
156.5
156.75
157.0
157.0
157.75
157.75
158.0
158.25
158.25
157.75
158.5
158.5
158.0
158.25
158.25
158.0
158.25
158.25
158.25
157.25
157.25
158.5
160.0
160.0
160.75
161.25
161.25
160.75
161.25
161.25
161.0
160.75
160.75
160.75
160.75
160.75
161.5
159.25
159.25
160.25
158.5
158.5
158.75
160.0
160.0
161.75
161.75
161.75
162.25
162.0
162.0
160.75
159.25
159.25
160.25
160.75
160.75
161.25
160.5
160.5
159.0
159.0
159.0
158.0
158.25
158.25
159.5
158.25
158.25
158.0
158.75
158.75
158.75
158.75
160.5
160.5
160.0
161.25
161.25
160.25
159.5
159.5
158.0
158.0
159.5
159.5
159.5
159.5
159.5
159.5
159.25
159.25
161.0
161.0
160.5
158.25
158.25
158.75
159.0
159.25
159.25
158.75
159.0
159.0
159.25
159.0
159.0
159.25
159.5
159.5
160.0
161.25
161.25
161.25
160.75
160.75
161.25
159.5
159.5
160.5
160.0
160.0
160.5
160.5
160.5
159.5
160.5
160.5
161.0
161.0
160.5
159.5
159.5
159.5
159.5
159.5
158.5
159.5
159.5
161.25
161.25
161.25
161.75
161.75
160.5
161.0
161.0
160.75
160.75
160.0
160.5
160.5
160.5
161.0
161.0
160.75
160.5
160.5
160.25
160.5
160.5
160.25
160.5
160.5
160.75
160.75
160.75
160.75
160.75
160.75
160.25
161.25
161.25
161.5
161.25
161.25
161.25
161.25
161.25
161.5
161.25
161.25
161.0
161.0
161.0
162.25
162.75
162.75
162.25
161.75
161.75
161.5
161.25
161.25
162.75
161.5
161.5
163.25
161.5
164.0
164.0
164.0
164.0
164.0
164.0
164.0
164.0
164.0
162.75
162.75
161.5
160.25
160.25
162.25
161.75
161.75
162.0
162.0
162.0
162.25
162.25
162.25
162.5
163.25
163.25
163.25
163.25
163.25
162.5
162.25
162.25
162.25
162.0
162.0
164.0
164.0
164.0
164.0
163.75
163.75
164.0
162.75
162.75
163.25
163.25
164.0
164.0
164.0
163.75
163.75
163.75
163.75
163.5
163.5
163.75
163.75
163.75
164.0
163.75
163.75
164.0
164.0
164.0
163.75
164.25
164.25
163.75
163.75
163.75
163.75
163.75
163.75
164.0
163.75
163.75
163.75
163.75
165.75
165.75
164.75
165.5
165.5
165.5
165.0
166.5
166.5
164.5
164.5
164.5
164.5
164.5
165.0
165.0
165.0
165.75
165.75
165.75
165.75
165.75
165.75
165.75
165.5
165.5
164.5
164.5
165.0
165.0
164.5
164.5
164.5
164.5
163.75
163.5
163.5
163.5
163.5
164.25
164.25
162.75
162.75
162.5
162.5
162.5
162.5
162.5
162.5
162.5
163.25
163.5
163.5
163.5
164.25
164.25
161.75
161.75
163.25
163.25
161.5
162.0
162.0
162.0
162.5
162.5
162.25
162.25
162.25
161.5
162.0
162.5
162.5
162.75
162.75
163.5
165.5
164.0
164.0
164.25
162.0
162.0
164.5
163.75
163.75
163.25
164.25
164.25
164.0
163.5
163.5
164.5
162.5
162.5
163.75
163.5
163.5
164.5
164.0
164.0
164.75
164.5
164.5
166.75
166.5
166.5
166.5
166.75
164.75
164.75
163.75
163.75
163.75
164.5
163.75
163.75
164.5
164.5
164.5
164.25
164.25
164.25
164.25
164.0
164.0
164.0
164.5
165.0
165.0
165.5
166.0
162.0
162.0
161.25
162.25
162.25
163.75
164.5
164.5
163.5
162.75
162.75
161.75
161.75
161.5
161.75
161.75
162.0
162.25
162.25
162.5
161.0
161.25
161.25
161.25
162.25
162.25
161.75
162.25
162.25
162.75
163.5
163.5
162.25
162.5
162.5
162.5
161.25
161.25
160.0
159.0
159.0
158.5
152.75
152.75
158.25
162.0
162.0
163.5
162.0
161.5
161.5
158.75
158.75
159.5
160.25
160.25
160.25
160.25
160.25
160.0
160.25
160.75
160.75
161.25
161.25
160.75
160.75
161.5
162.0
162.0
162.25
162.25
161.25
161.25
161.75
161.0
161.0
161.0
161.0
161.5
161.5
160.75
161.75
161.75
162.75
162.75
162.75
163.5
163.75
163.75
163.75
163.75
162.75
162.75
161.75
161.75
163.5
162.5
162.25
162.25
161.5
162.0
162.0
161.25
161.25
161.25
161.0
159.5
159.5
161.75
162.0
162.0
161.5
161.75
161.75
161.25
161.25
161.25
162.0
162.25
162.25
161.75
161.5
161.5
162.0
162.0
162.0
162.75
162.25
162.25
162.25
163.25
163.25
162.75
162.5
162.5
162.5
162.5
162.75
162.75
162.5
162.5
162.5
163.5
162.75
162.75
162.75
161.5
161.5
164.25
163.75
163.75
163.5
163.5
162.5
162.5
161.5
161.5
162.5
162.25
162.25
162.5
162.75
162.75
162.25
162.25
162.0
162.0
162.25
162.75
162.75
163.5
163.5
163.5
162.25
162.5
162.5
162.75
164.0
164.0
163.75
163.5
163.5
164.25
163.75
163.75
162.75
162.0
162.0
163.75
165.0
164.25
164.25
163.5
163.5
163.5
163.5
163.25
163.25
162.75
162.25
162.25
161.5
161.75
161.75
161.75
161.5
161.5
162.0
161.75
161.75
161.5
161.25
161.25
162.0
162.75
162.75
161.25
160.75
160.75
159.5
159.25
159.25
161.75
155.25
155.25
155.0
154.0
154.0
156.75
157.75
157.75
159.0
159.5
159.5
159.0
159.5
159.5
160.25
160.5
160.5
160.5
160.5
160.5
160.25
160.5
160.5
159.5
160.0
160.0
160.25
160.75
160.75
161.25
161.5
161.5
161.25
161.25
161.25
160.75
161.5
161.5
161.25
161.0
161.0
160.75
161.25
161.25
160.25
160.5
160.5
160.5
160.5
160.5
160.5
159.5
159.5
160.25
160.5
160.5
160.5
160.75
160.75
161.0
161.0
161.0
160.25
160.25
161.75
161.75
161.5
161.5
162.0
159.25
161.25
161.25
161.25
162.0
162.0
163.5
162.75
162.75
163.25
162.5
162.5
161.5
162.25
162.25
162.25
162.0
162.0
161.5
161.5
161.5
161.75
162.25
162.25
162.0
162.5
162.5
163.5
163.75
163.75
163.25
163.25
162.75
162.75
163.5
164.0
164.0
162.5
162.75
162.75
162.5
161.25
161.25
159.5
162.5
162.5
162.0
162.25
162.25
162.25
162.25
162.25
162.5
162.25
162.25
162.25
162.25
162.25
162.5
162.75
162.75
161.0
162.0
162.0
161.0
162.5
162.5
162.75
162.5
162.5
161.5
161.5
161.5
161.0
160.75
160.75
160.75
160.25
161.25
161.25
161.0
161.75
161.75
162.25
161.25
161.25
161.0
161.75
161.75
162.25
162.0
162.0
162.5
162.75
162.75
161.75
162.5
162.5
162.5
162.5
162.5
161.0
161.25
161.25
161.75
163.5
163.5
161.25
163.5
165.0
165.0
163.25
163.25
162.75
164.25
164.0
164.0
163.25
165.75
165.75
164.25
164.75
164.75
164.5
165.5
165.5
163.75
163.5
163.5
163.75
163.75
162.5
162.5
162.0
161.75
161.75
161.25
161.75
161.75
162.0
162.0
162.0
161.75
162.0
162.0
162.25
161.75
161.75
161.75
161.5
161.5
161.75
162.0
162.0
162.25
162.75
162.75
162.25
162.5
162.5
162.0
162.25
162.25
162.25
163.5
166.0
166.0
164.0
164.75
164.75
163.75
164.75
164.75
164.25
164.5
164.5
164.5
164.75
164.75
164.25
164.0
164.0
163.25
163.25
162.75
162.75
163.5
164.0
164.0
163.75
163.5
163.5
163.25
162.75
162.75
162.0
163.5
163.5
161.0
162.25
162.25
160.75
162.5
162.5
162.5
162.75
162.75
161.0
161.5
161.5
162.0
162.5
162.5
162.5
162.25
164.0
164.0
162.5
163.25
163.25
163.5
164.0
164.0
164.0
163.5
163.5
161.25
161.25
161.25
161.5
161.75
161.75
161.5
161.0
161.0
159.5
159.0
159.0
159.0
161.5
161.5
160.75
160.5
160.5
162.75
161.75
161.75
161.25
161.25
161.25
161.75
161.25
161.25
162.0
162.25
162.25
161.75
160.75
160.75
161.5
161.5
161.5
161.5
162.25
161.75
161.75
161.25
161.25
161.25
162.25
161.25
161.25
161.5
161.75
161.75
161.5
160.25
160.25
161.0
162.25
162.25
161.5
162.25
162.25
159.25
160.0
160.0
160.25
161.0
161.0
162.5
163.25
163.25
161.5
162.25
162.25
162.0
161.5
161.5
161.75
160.75
160.75
160.5
160.75
160.75
160.75
160.5
160.5
159.0
159.5
159.5
159.25
159.25
159.25
159.5
159.5
159.5
159.5
159.5
159.5
159.25
159.5
159.5
159.5
159.66666666666666
159.83333333333334
160.0
160.16666666666666
160.33333333333334
160.5
160.66666666666666
160.83333333333334
161.0
161.0
162.0
162.5
162.5
163.5
161.75
161.75
162.75
164.25
164.25
164.25
160.0
160.0
160.0
160.0
160.0
159.75
159.75
159.0
159.0
170.5
163.75
163.75
161.75
159.5
159.5
158.25
158.25
158.25
160.5
160.0
160.0
160.0
161.0
161.0
161.5
161.75
161.75
162.5
163.25
163.25
163.75
161.75
161.75
163.25
163.25
163.75
163.75
163.75
162.25
162.5
162.5
161.25
159.5
159.5
160.75
160.0
160.0
161.0
164.75
164.75
162.5
163.25
163.25
163.25
163.25
163.25
163.25
163.25
163.25
163.25
162.0
160.0
160.0
158.5
158.5
158.75
154.75
154.75
155.0
153.75
153.75
152.75
152.25
152.25
152.0
152.0
151.25
151.25
151.25
153.25
154.75
154.75
155.5
157.0
157.0
157.75
157.5
157.5
155.5
154.75
154.75
155.75
156.5
156.5
154.5
153.0
153.0
152.25
152.25
150.25
149.5
149.5
149.25
150.75
150.75
153.0
155.0
155.0
156.75
158.0
158.0
158.75
159.25
159.25
160.25
160.5
160.5
160.75
161.0
161.0
161.25
160.25
160.25
164.25
162.25
162.25
162.25
162.25
162.25
162.25
162.25
162.25
164.75
164.75
164.0
167.5
167.5
164.5
167.0
167.0
167.75
165.0
166.0
166.0
166.75
165.5
165.5
166.5
166.75
166.75
167.0
163.5
164.5
164.5
165.75
164.75
164.75
163.75
166.25
166.25
166.5
166.5
166.5
165.75
166.75
166.75
164.25
166.25
166.25
162.5
162.75
162.75
160.25
164.75
164.75
163.75
162.5
163.25
163.25
162.5
161.25
161.25
162.75
162.75
163.25
162.5
162.5
161.5
159.25
159.25
160.5
161.0
160.0
160.0
160.0
160.0
159.5
160.25
161.5
161.5
161.0
160.25
160.25
160.5
160.5
161.75
162.25
162.25
162.25
162.75
162.75
163.25
163.75
163.75
164.0
162.5
162.5
162.0
161.75
161.75
162.25
160.75
160.75
160.5
158.75
158.75
159.5
159.0
159.0
159.0
157.75
157.75
160.25
160.75
160.75
160.5
160.0
160.0
160.0
160.75
160.75
159.5
160.25
160.25
160.5
160.0
160.0
159.0
158.0
158.0
158.0
157.5
157.5
158.0
157.75
157.75
158.75
158.75
158.75
160.5
159.5
159.5
160.0
160.0
160.0
160.0
160.5
160.5
160.5
160.25
160.25
160.0
159.5
159.5
158.5
157.25
157.25
157.0
157.0
156.75
157.25
157.25
156.5
156.0
156.0
156.5
156.25
156.25
158.0
159.25
159.25
158.5
158.75
158.75
159.25
160.25
160.25
161.25
161.25
161.25
160.0
159.5
159.5
159.25
157.75
157.75
158.75
158.25
158.25
161.0
160.0
160.0
160.75
161.5
161.5
162.0
159.5
159.5
156.75
155.25
155.25
153.5
152.5
152.5
152.5
152.5
152.5
151.75
151.75
150.25
150.0
150.0
150.75
151.5
151.5
152.75
152.75
153.75
154.5
154.5
155.25
154.75
154.75
154.75
155.0
155.0
156.0
157.25
157.25
159.5
161.25
161.25
162.75
162.75
162.75
162.0
162.0
162.0
161.25
161.0
161.0
161.0
161.25
161.0
161.0
160.75
160.75
160.25
160.0
160.5
160.5
160.75
161.75
161.75
161.5
161.75
161.75
162.0
162.25
162.25
162.75
163.25
163.25
163.75
165.0
165.0
165.5
165.5
165.75
165.75
166.25
166.25
166.25
166.25
166.75
166.75
166.75
166.5
166.5
165.0
165.0
165.5
165.5
163.5
163.5
163.5
162.0
161.5
161.5
161.0
160.25
160.25
160.0
160.0
160.0
160.0
159.5
159.5
160.5
158.75
158.75
158.25
158.25
158.25
157.75
157.75
157.75
157.25
157.25
156.0
157.0
157.0
157.5
157.75
157.75
157.5
158.25
158.25
158.25
159.0
159.0
159.5
160.25
160.25
160.75
160.25
160.25
160.5
160.25
160.25
160.25
160.25
159.0
159.0
155.5
156.0
156.0
157.25
157.75
157.75
158.75
159.25
159.25
156.75
156.75
157.5
157.5
156.0
157.75
157.75
156.75
158.5
158.5
158.0
159.0
159.0
160.25
158.5
158.5
158.75
158.75
158.75
157.5
159.0
159.0
155.5
155.75
155.75
156.5
154.75
154.75
157.0
157.0
158.0
158.75
158.75
155.0
155.0
159.25
159.25
154.75
158.75
158.75
160.0
160.0
157.25
156.25
156.25
150.75
157.5
157.5
154.75
160.5
160.5
160.5
160.5
160.5
160.5
160.5
160.25
160.25
157.08333333333334
153.91666666666666
150.75
147.58333333333334
144.41666666666666
141.25
139.75
139.75
139.75
139.75
129.75
131.0
131.0
124.0
124.0
129.0
129.0
128.75
128.75
129.0
129.0
129.0
129.0
129.0
129.0
129.0
128.75
128.75
128.75
128.75
129.82608695652175
130.90217391304347
131.97826086956522
133.05434782608697
134.1304347826087
135.20652173913044
136.2826086956522
137.3586956521739
138.43478260869566
139.51086956521738
140.58695652173913
141.66304347826087
142.7391304347826
143.81521739130434
144.8913043478261
145.9673913043478
147.04347826086956
148.1195652173913
149.19565217391303
150.27173913043478
151.34782608695653
152.42391304347825
153.5
153.5
149.75
149.75
149.75
149.75
149.75
149.75
149.75
150.0
149.75
149.75
149.75
149.75
149.75
149.75
150.825
151.9
152.975
154.05
155.125
156.2
157.275
158.35
159.425
160.5
160.0
160.0
161.0
161.0
161.0
161.0
161.0
161.0
161.0
161.0
161.0
164.0
164.0
164.0
164.0
164.0
164.0
164.0
164.0
164.0
164.0
164.0
164.0
164.0
164.66216216216216
165.32432432432432
165.98648648648648
166.64864864864865
167.3108108108108
167.97297297297297
168.63513513513513
169.2972972972973
169.95945945945945
170.6216216216216
171.28378378378378
171.94594594594594
172.6081081081081
173.27027027027026
173.93243243243242
174.59459459459458
175.25675675675674
175.9189189189189
176.5810810810811
177.24324324324326
177.90540540540542
178.56756756756758
179.22972972972974
179.8918918918919
180.55405405405406
181.21621621621622
181.8783783783784
182.54054054054055
183.2027027027027
183.86486486486487
184.52702702702703
185.1891891891892
185.85135135135135
186.51351351351352
187.17567567567568
187.83783783783784
188.5
188.5
188.5
188.25
188.25
188.25
178.0
178.0
180.0
179.0
179.0
179.0
179.0
179.0
179.0
178.75
178.75
178.75
177.65
176.55
175.45
174.35
173.25
173.25
173.25
173.25
173.25
173.25
173.25
173.25
173.25
173.25
173.25
173.25
173.5
173.5
174.5625
175.625
176.6875
177.75
178.8125
179.875
180.9375
182.0
183.0625
184.125
185.1875
186.25
186.25
190.0
185.25
182.0
182.0
179.75
180.0
181.25
181.25
181.75
181.75
182.5
182.75
182.75
182.75
182.75
182.75
183.0
183.0
183.0
182.0
184.75
186.75
187.5
187.5
186.75
187.75
187.75
188.5
188.5
187.0
188.0
188.0
188.0
188.0
188.0
188.0
187.75
187.75
187.75
187.75
187.75
192.0
192.75
192.0
192.0
191.5
190.75
192.25
192.75
194.5
194.5
193.5
192.75
193.5
193.5
192.75
192.75
192.0
192.0
193.5
193.5
191.5
192.25
192.25
192.5
192.25
192.5
192.5
192.5
192.5
192.25
193.55
194.85
196.15
197.45
198.75
198.25
198.25
198.25
198.25
198.25
198.25
198.25
198.25
198.25
198.25
198.5
198.5
198.3125
198.125
197.9375
197.75
197.5625
197.375
197.1875
197.0
197.0
197.66666666666666
198.33333333333334
199.0
199.0
197.5
197.0
195.75
196.25
196.25
194.25
191.5
191.5
195.0
195.0
195.0
195.0
195.0
194.5
195.0
195.0
196.5
197.0
199.5
199.5
199.25
199.25
199.5
199.5
199.25
199.5
199.5
195.5
195.5
194.25
194.5
194.5
195.0
195.0
195.0
192.75
193.5
193.75
193.75
193.75
193.5
193.5
193.0
193.0
193.0
191.0
191.0
193.0
192.0
192.0
192.0
191.0
193.5
193.25
193.25
193.5
193.5
193.5
194.5
195.0
193.75
189.5
189.5
192.0
193.0
193.75
194.5
194.5
194.5
193.75
193.75
193.5
194.25
194.25
194.25
194.25
193.75
194.25
194.25
194.25
195.5
192.75
192.75
192.75
193.0
193.0
193.0
192.75
192.75
194.5
194.5
197.75
197.5
197.5
198.25
198.25
198.75
197.75
197.75
197.75
197.75
198.0
198.0
198.0
198.75
198.75
198.75
198.75
199.0
199.0
195.0
195.0
194.5
195.0
195.0
195.0
194.25
193.75
193.5
193.5
194.25
194.25
196.25
195.5
195.5
195.5
195.5
195.25
195.25
195.25
196.25
196.25
196.25
197.75
198.75
198.75
198.75
196.25
195.0
195.75
195.75
198.75
196.5
199.5
199.5
199.5
200.0
200.0
199.5
199.5
199.5
199.5
199.5
197.75
197.75
197.75
197.75
196.25
195.0
192.75
190.0
190.0
188.0
185.5
183.0
183.0
178.75
176.0
176.0
174.5
173.25
173.25
171.0
170.5
169.5
169.5
169.25
169.75
169.75
168.25
168.25
168.25
168.25
168.25
168.5
168.5
168.5
168.5
173.75
173.75
175.5
176.25
177.75
177.75
178.75
179.0
179.25
179.25
179.75
181.25
182.5
182.5
181.75
182.5
183.5
183.75
183.75
183.75
184.25
184.75
184.75
185.25
184.5
185.5
186.75
186.75
186.0
186.25
186.25
186.25
188.5
188.5
190.0
192.0
192.0
191.5
191.0
190.75
191.0
191.0
191.0
192.25
193.5
193.5
193.5
193.25
193.25
193.25
193.5
196.25
197.5
197.0
196.25
196.25
196.5
196.5
196.25
196.25
196.25
195.5
195.5
195.5
195.75
195.5
196.25
195.75
196.25
196.25
196.25
197.0
196.5
197.5
197.5
197.0
197.0
196.25
195.75
195.75
196.25
195.0
193.5
191.5
191.5
189.5
187.5
183.5
183.5
182.5
181.25
180.0
180.0
180.25
180.75
179.0
179.0
178.75
180.25
176.75
176.75
176.75
174.75
174.75
173.75
174.0
173.25
173.25
172.25
172.0
172.0
171.25
172.0
172.75
172.75
173.5
172.25
172.25
172.0
172.25
171.25
171.25
171.25
171.0
171.0
170.75
171.0
170.5
170.5
170.75
172.0
172.0
171.5
172.0
171.25
171.25
170.5
170.5
170.5
169.0
168.25
168.25
168.5
168.25
168.5
168.5
167.5
165.5
165.5
164.25
162.75
162.75
162.0
160.5
160.5
159.5
158.75
158.75
158.5
158.25
158.25
157.0
158.0
158.0
158.5
159.5
159.5
160.5
160.0
160.0
160.0
160.0
158.5
159.0
159.0
160.25
160.25
160.25
160.0
159.0
159.0
159.0
159.0
160.25
160.5
160.5
161.75
161.75
162.5
164.75
164.75
166.0
167.75
168.5
168.5
168.5
169.0
169.0
169.75
171.5
171.5
171.5
171.0
171.0
171.0
170.5
170.0
170.0
168.25
162.5
166.25
166.25
164.25
162.25
162.25
162.75
162.75
163.75
162.75
162.75
161.75
161.75
162.75
162.75
164.0
163.75
163.75
163.5
164.5
164.5
163.5
163.25
163.75
163.75
163.75
162.75
162.75
163.5
162.75
162.75
162.0
161.75
161.75
161.75
162.0
162.0
162.5
162.25
162.25
162.25
164.5
165.5
164.25
164.25
165.0
165.5
165.5
166.0
167.5
166.5
166.5
167.0
167.75
167.75
169.0
166.5
166.5
166.0
165.0
165.0
165.5
164.75
164.75
163.25
162.75
162.75
161.5
161.5
161.25
159.5
159.5
158.75
159.5
159.5
159.5
161.0
161.0
161.5
161.5
161.5
160.75
159.25
159.25
159.0
158.0
158.0
157.5
157.5
157.5
158.0
158.0
158.25
156.75
156.75
156.75
157.0
157.0
156.5
156.0
156.0
157.25
157.5
157.5
156.75
156.25
156.25
156.75
156.75
156.25
156.0
156.0
156.25
155.5
155.5
155.0
155.0
155.0
156.25
156.75
156.75
156.5
156.75
156.75
156.75
157.75
157.75
158.0
158.0
158.25
158.25
158.25
158.25
158.25
158.25
158.25
158.5
158.5
158.5
156.75
156.75
156.75
157.5
157.5
157.5
158.5
158.5
158.75
159.25
159.25
159.25
159.25
159.25
159.25
159.0
159.0
158.75
158.25
158.25
158.25
158.0
158.0
158.0
158.0
158.0
158.0
155.75
155.75
154.75
155.5
155.5
155.5
156.75
155.25
155.25
156.25
156.25
158.0
158.0
157.25
158.0
158.0
157.75
158.25
158.0
158.0
157.75
157.0
157.0
157.25
157.25
156.5
157.25
157.25
157.25
157.75
157.75
157.0
157.25
157.25
157.0
157.0
157.0
156.0
156.0
156.0
155.25
155.25
156.5
155.5
155.5
156.0
156.25
156.25
156.5
157.5
157.5
157.75
157.75
157.75
158.75
159.5
159.5
158.0
158.0
158.0
158.25
158.5
158.5
157.75
159.0
159.0
158.0
158.5
158.5
158.0
160.0
160.0
156.5
157.0
157.0
159.0
159.0
157.75
157.0
157.0
156.75
158.75
158.75
156.5
156.25
156.25
156.25
157.0
157.0
157.25
156.75
156.75
156.5
157.75
157.75
157.75
157.5
157.5
157.5
156.0
156.0
155.5
155.75
155.75
156.25
156.0
156.0
157.25
157.25
155.5
155.25
155.25
155.0
156.0
156.0
155.75
155.75
155.75
156.5
157.5
157.5
156.0
155.75
155.75
156.0
156.25
156.25
156.25
155.75
155.75
157.25
157.25
155.25
156.5
156.5
156.75
156.5
156.5
156.75
157.75
157.75
157.25
155.5
155.5
154.25
156.25
156.25
154.75
154.75
155.5
155.75
155.75
155.75
156.5
156.5
155.75
155.25
155.25
155.25
155.25
155.25
155.0
155.75
155.75
155.5
155.5
155.5
154.0
154.0
153.25
153.5
153.5
153.75
153.75
153.75
155.0
155.25
155.25
154.5
155.0
155.0
154.25
154.25
155.75
156.5
157.0
157.0
154.0
156.25
156.25
155.5
155.5
156.25
157.25
157.25
155.5
156.25
156.25
155.5
155.25
155.25
155.75
155.75
156.5
155.75
155.75
156.5
155.5
155.5
157.25
157.0
157.0
157.0
156.0
156.0
156.0
157.5
157.5
157.25
158.0
158.0
157.75
157.25
157.25
155.75
155.75
155.5
154.0
154.0
155.5
155.25
155.25
155.75
155.5
155.5
154.0
153.5
153.5
155.5
154.25
154.25
154.5
154.5
154.25
155.75
155.75
156.75
157.5
157.5
157.5
156.75
155.0
155.0
154.25
154.25
154.75
154.25
154.25
153.5
153.5
153.5
153.25
153.25
153.75
154.5
154.5
154.5
153.25
153.25
153.0
153.5
153.5
153.0
153.0
153.0
153.25
153.25
153.5
153.75
153.75
153.5
154.5
154.5
153.75
154.25
154.25
154.25
154.0
154.0
154.0
154.0
154.25
153.25
153.25
153.5
154.75
154.75
155.25
156.0
156.0
155.75
154.25
154.25
155.0
154.0
154.0
153.25
153.25
152.75
152.75
152.75
151.75
150.75
150.75
150.25
150.25
150.25
150.0
150.0
150.25
152.25
152.25
151.75
151.75
151.75
151.75
151.75
152.0
152.25
152.25
153.5
152.75
152.75
154.0
153.5
153.5
153.5
153.5
151.5
150.5
150.5
151.75
151.75
152.5
152.75
153.0
153.0
154.5
154.5
156.0
158.75
156.75
156.75
158.0
158.0
159.5
161.0
161.0
162.0
163.5
165.75
165.75
166.0
164.0
164.0
163.75
164.75
164.75
162.25
162.25
162.25
162.25
162.25
162.25
162.25
162.25
162.25
162.5
163.70833333333334
164.91666666666666
166.125
167.33333333333334
168.54166666666666
169.75
169.75
171.25
171.25
172.0
172.0
172.5
172.5
172.5
172.25
170.75
170.0
170.0
170.5
173.5
173.25
173.25
173.25
174.5
173.75
173.75
175.5
175.5
175.5
176.0
176.0
180.25
177.25
178.75
178.75
180.0
180.0
178.75
179.25
179.75
179.75
182.5
182.25
182.5
182.5
182.25
181.0
183.0
182.75
182.75
182.5
180.75
180.75
182.75
183.5
183.5
183.75
183.75
184.5
184.25
184.25
185.25
185.25
185.25
184.25
184.75
184.75
184.5
184.5
184.5
184.5
182.75
184.25
185.5
184.75
184.75
187.5
187.0
186.75
186.0
186.0
187.5
187.5
186.75
186.75
187.0
186.75
186.75
187.75
187.75
187.75
187.0
187.0
187.0
186.25
184.75
185.5
186.25
186.25
186.25
186.5
186.25
186.25
187.5
186.0
185.5
185.5
186.0
186.0
186.25
186.75
186.75
186.0
184.75
186.0
186.0
186.0
186.0
186.75
185.5
185.5
185.5
187.75
187.75
187.75
187.75
187.75
187.75
187.75
178.0
174.0
174.0
174.0
173.75
173.5
173.5
172.5
169.5
169.5
173.5
172.5
172.25
172.25
172.5
172.5
172.5
172.75
172.75
172.5
172.5
172.5
172.25
172.25
172.25
172.25
171.25
171.25
170.75
170.0
170.0
169.75
170.75
170.75
170.75
171.25
171.5
171.5
173.25
173.75
172.75
172.75
172.0
172.25
172.25
172.0
167.75
167.75
167.0
168.0
168.0
168.0
167.0
166.0
166.0
165.5
164.25
164.25
163.25
163.25
163.25
162.5
162.0
162.0
161.5
162.25
162.25
162.75
162.75
162.75
162.75
162.5
162.25
162.25
163.25
164.5
164.5
164.75
164.0
164.0
164.0
164.75
164.25
164.25
159.5
159.5
161.0
161.0
161.0
161.0
160.75
160.75
160.75
160.5
160.75
160.75
160.75
160.75
161.25
161.25
161.5
161.5
160.5
160.5
160.25
160.5
160.5
160.75
160.5
160.5
160.75
161.25
161.25
162.0
161.5
161.5
162.0
161.5
161.5
161.75
162.75
163.25
163.25
162.25
161.25
161.25
162.75
164.25
164.25
162.5
164.25
164.25
165.5
167.5
166.5
166.5
165.5
167.75
167.75
168.5
166.25
166.25
165.75
167.5
167.5
164.5
164.75
164.75
166.25
166.75
166.25
166.25
165.75
164.25
164.25
166.25
165.75
165.75
165.75
166.0
166.25
166.25
166.25
166.25
166.25
166.25
166.5
166.5
166.5
169.5
169.75
169.75
169.0
168.5
168.5
167.75
167.0
167.0
166.5
166.75
166.0
166.0
167.0
167.75
167.75
168.0
167.0
167.0
163.5
165.5
166.0
166.0
168.5
168.5
166.75
165.5
165.0
165.0
165.75
165.5
164.0
164.0
161.75
161.75
162.0
161.75
161.75
161.25
161.5
161.5
160.75
160.75
160.75
160.5
160.5
160.5
159.5
160.25
160.25
160.5
160.75
160.75
160.25
160.25
160.25
160.5
160.75
160.75
159.5
158.5
158.25
158.25
158.25
158.25
158.5
159.25
159.25
160.75
160.0
160.0
160.0
159.5
160.0
160.0
160.0
160.0
159.0
157.75
157.75
157.75
158.0
158.0
158.0
156.5
156.5
157.25
157.25
157.25
157.75
157.25
157.25
157.5
156.5
156.5
155.0
155.0
156.25
157.25
156.75
156.75
158.0
158.0
158.0
157.0
157.0
157.0
157.5
157.5
157.25
157.75
157.75
156.75
156.25
156.25
155.5
155.5
155.5
156.25
157.25
157.25
157.75
157.75
157.75
157.25
157.5
157.5
156.25
156.25
156.75
157.5
157.5
156.0
155.5
154.75
154.75
155.0
155.0
153.75
154.75
154.75
155.5
155.25
155.25
155.5
155.0
155.0
154.25
154.25
154.25
157.75
157.75
158.5
158.25
158.25
157.0
158.0
158.0
158.5
157.25
157.25
156.0
154.0
154.0
153.25
153.75
153.75
153.75
152.75
152.75
154.0
154.0
153.25
154.0
154.0
154.0
153.5
153.5
154.75
154.0
154.0
154.5
154.5
153.5
153.0
153.5
153.5
153.75
153.75
154.5
155.0
155.0
156.5
156.75
156.75
157.25
157.0
157.0
157.25
157.0
157.0
156.5
156.5
155.5
154.5
154.5
153.75
153.75
153.75
153.25
154.0
154.0
154.5
154.0
154.0
154.0
154.0
153.25
153.25
153.25
153.25
154.75
155.5
155.5
154.0
154.0
154.0
154.25
154.25
153.75
153.75
153.75
152.75
152.75
154.5
155.75
155.25
155.25
156.0
157.0
157.0
157.0
155.5
155.5
156.5
156.5
157.0
155.75
155.75
156.25
156.25
157.0
157.25
157.25
157.75
157.75
158.5
158.5
158.0
158.75
158.75
158.75
158.25
158.25
159.0
158.5
158.5
158.25
158.25
158.25
156.0
156.0
155.25
157.0
157.0
158.25
158.0
158.0
159.0
160.0
160.0
159.5
160.25
160.25
161.0
160.25
160.25
160.5
159.25
159.25
159.25
160.75
160.75
160.0
160.0
160.0
160.0
160.0
160.0
160.0
159.5
159.5
158.75
158.75
159.0
159.25
159.25
159.0
159.0
158.75
158.75
158.75
158.75
158.75
158.75
158.75
158.75
160.25
161.75
161.75
161.75
164.25
164.25
164.0
164.0
164.0
163.5
164.75
164.75
164.75
164.75
165.75
165.75
166.25
166.75
166.25
166.25
166.25
166.75
166.75
166.0
166.0
166.0
166.0
166.0
166.0
166.0
165.75
166.0
166.0
166.0
166.0
166.0
166.0
165.75
171.5
171.5
172.25
172.75
172.0
172.0
171.25
171.25
172.0
172.0
173.5
174.75
174.75
173.5
177.25
177.25
177.25
177.25
177.25
177.25
177.25
177.25
177.5
177.25
177.25
178.25
177.75
177.75
177.75
177.75
176.75
176.75
178.75
179.0
179.25
179.25
176.75
177.0
176.75
176.75
173.25
172.0
172.0
172.25
172.5
172.5
172.5
172.5
172.5
172.25
172.5
172.5
172.5
172.765625
173.03125
173.296875
173.5625
173.828125
174.09375
174.359375
174.625
174.890625
175.15625
175.421875
175.6875
175.953125
176.21875
176.484375
176.75
176.75
182.0
180.0
182.75
182.75
181.25
182.0
183.75
184.5
184.5
183.75
183.0
184.5
184.5
183.0
183.0
183.0
183.0
183.0
183.0
183.0
183.0
183.0
182.75
183.0
183.0
183.95833333333334
184.91666666666666
185.875
186.83333333333334
187.79166666666666
188.75
188.0
188.0
188.5
189.25
189.5
189.5
189.5
189.5
189.5
189.5
189.5
189.5
189.5
189.5
189.5
189.5
189.72916666666666
189.95833333333334
190.1875
190.41666666666666
190.64583333333334
190.875
191.10416666666666
191.33333333333334
191.5625
191.79166666666666
192.02083333333334
192.25
192.47916666666666
192.70833333333334
192.9375
193.16666666666666
193.39583333333334
193.625
193.85416666666666
194.08333333333334
194.3125
194.54166666666666
194.77083333333334
195.0
193.5
192.75
192.75
192.25
192.25
192.25
192.25
192.25
192.25
192.25
192.25
187.0
187.0
186.0
186.0
189.25
189.25
189.25
189.25
189.25
189.25
189.25
189.25
189.25
189.25
189.25
189.5
178.0
178.0
177.0
177.0
177.0
177.25
177.0
176.0
176.0
175.0
174.75
173.75
173.75
173.25
172.75
172.75
172.25
172.0
170.75
170.75
170.0
169.75
169.75
169.75
172.25
171.5
171.5
172.25
170.75
170.75
169.5
169.25
169.25
169.25
169.5
169.5
169.5
169.5
169.25
169.25
169.25
169.5
162.5
161.25
161.25
161.25
161.25
161.0
161.0
161.0
161.25
161.25
161.75
162.5
162.5
162.25
162.75
162.75
162.75
163.25
163.25
162.5
162.25
162.25
162.25
161.25
160.25
160.25
160.25
160.25
161.5
161.75
162.0
162.0
161.25
160.25
160.25
161.0
161.5
161.5
161.5
161.0
161.0
160.5
160.5
160.5
160.75
160.0
160.0
160.0
160.5
160.5
160.0
159.25
159.25
158.0
158.5
158.5
158.75
158.75
158.0
158.5
158.5
159.0
158.75
158.75
159.25
159.0
159.0
159.0
158.5
158.5
158.75
158.5
158.5
157.75
157.5
157.5
157.75
158.0
158.0
158.0
157.5
157.5
158.25
159.5
159.5
159.5
159.25
159.25
158.0
156.75
156.75
156.25
156.25
156.25
157.0
158.0
158.0
157.25
157.75
157.75
157.5
157.5
157.25
158.0
158.5
158.5
159.0
159.0
159.25
161.0
162.0
162.0
160.5
159.5
159.5
160.25
159.5
159.5
160.25
160.75
160.75
160.5
160.5
160.5
161.25
160.5
160.5
160.75
161.5
161.5
161.0
158.75
158.75
160.25
161.0
161.0
162.0
161.75
161.75
162.25
162.25
162.25
161.25
161.0
161.0
161.5
161.5
161.5
162.5
161.0
161.0
162.0
161.5
161.5
161.0
160.75
160.75
161.25
161.75
161.75
160.75
161.0
161.0
162.5
162.5
161.75
161.75
160.75
161.0
161.0
161.25
159.5
159.5
161.75
158.75
158.75
159.5
159.5
160.0
160.5
160.5
160.25
159.0
159.0
159.0
159.25
160.5
160.5
160.0
160.0
160.25
158.75
158.75
158.75
159.5
160.0
160.0
159.25
159.25
159.0
159.25
159.25
159.0
159.0
159.0
158.5
159.5
159.5
160.25
158.75
158.75
157.75
157.0
157.0
157.75
157.75
157.75
158.0
158.75
158.75
158.75
158.5
158.5
158.5
158.75
158.75
158.75
159.0
159.0
158.5
158.5
158.5
158.0
157.0
157.0
156.5
156.5
156.5
157.75
157.75
158.0
157.5
157.5
157.75
158.5
158.5
158.25
158.0
158.0
155.75
154.5
154.5
154.5
154.25
154.25
156.5
156.5
154.25
154.25
153.75
153.75
159.25
159.25
159.5
160.25
160.25
160.75
160.75
160.75
160.75
160.75
160.75
161.0
161.0
161.0
161.0
161.0
161.0
160.75
156.0
156.0
156.25
157.5
157.5
157.0
158.0
158.0
157.75
157.75
157.75
157.75
157.75
157.75
157.75
158.0
158.0
157.75
157.75
157.75
157.75
157.75
142.0
145.75
145.75
147.0
147.0
146.75
146.75
145.75
144.0
144.0
142.75
140.75
140.75
139.25
139.25
138.25
138.25
138.25
138.5
138.75
138.75
139.25
139.25
139.75
139.75
140.5
139.5
139.5
141.75
141.75
141.5
143.0
143.0
144.25
144.25
143.25
143.0
143.0
142.25
142.25
140.5
140.5
138.0
138.0
136.75
136.75
138.5
138.5
139.75
141.75
141.75
141.25
141.25
139.5
140.5
140.5
141.75
142.25
142.25
145.25
145.25
143.0
143.0
146.25
148.25
148.25
145.0
149.0
149.0
146.0
146.0
146.75
149.25
149.25
148.25
147.0
147.0
149.5
149.5
149.25
150.5
150.5
150.5
150.5
152.0
152.0
152.0
147.75
147.75
150.0
150.0
149.25
148.0
148.0
147.0
147.0
147.5
148.0
148.0
146.5
148.0
148.0
147.25
147.25
147.25
149.0
149.0
145.0
145.0
147.75
148.0
148.0
146.5
144.25
144.25
144.5
144.5
143.5
142.0
142.0
142.5
142.5
141.25
141.25
141.25
143.25
143.25
142.75
142.75
143.5
142.75
142.75
137.75
137.75
140.75
142.25
142.25
140.25
140.25
143.25
144.75
144.75
143.0
143.0
146.25
146.5
146.5
141.75
141.75
145.75
145.75
143.0
143.0
141.0
141.75
141.75
141.75
141.25
141.25
140.0
139.5
139.5
139.5
143.5
143.5
143.0
143.0
140.75
140.75
140.75
140.75
140.75
140.75
141.0
141.0
140.75
140.75
142.0
149.5
147.25
147.25
145.0
145.0
153.0
153.0
149.0
145.0
145.0
152.75
149.5
149.5
146.25
146.25
149.5
146.75
146.75
145.0
147.75
147.75
145.25
145.25
147.0
147.75
147.75
147.0
147.0
145.25
150.75
150.75
145.5
145.5
143.0
143.0
144.25
142.0
142.0
142.75
142.75
146.25
146.25
142.0
142.0
140.25
140.25
142.25
142.25
139.75
140.25
140.25
140.5
140.5
139.5
139.5
140.5
140.5
144.0
144.0
142.5
142.5
143.75
143.75
142.25
142.25
143.5
141.5
141.5
140.75
140.75
140.75
139.75
139.75
138.5
138.5
140.5
140.5
140.75
140.75
140.75
140.0
140.0
140.5
140.5
138.5
138.25
138.25
138.5
138.5
139.25
139.25
138.5
138.0
138.0
138.5
138.5
138.5
138.5
138.5
138.5
138.75
138.75
142.0
142.75
142.75
145.5
145.5
147.0
146.25
146.25
146.25
147.0
147.75
147.75
147.75
147.75
141.75
146.0
146.0
146.0
140.75
140.75
140.0
140.0
140.0
140.0
140.0
140.0
140.0
140.0
140.0
140.0
140.0
140.0
140.0
140.0
139.75
138.94642857142858
138.14285714285714
137.33928571428572
136.53571428571428
135.73214285714286
134.92857142857142
134.125
133.32142857142858
132.51785714285714
131.71428571428572
130.91071428571428
130.10714285714286
129.30357142857142
128.5
128.5
128.5
126.75
126.75
122.25
122.25
122.25
122.25
122.25
122.25
122.5
122.5
122.25
122.25
122.25
122.25
122.25
122.25
123.08695652173913
123.92391304347827
124.76086956521739
125.59782608695652
126.43478260869566
127.27173913043478
128.1086956521739
128.94565217391303
129.7826086956522
130.6195652173913
131.45652173913044
132.29347826086956
133.1304347826087
133.9673913043478
134.80434782608697
135.6413043478261
136.47826086956522
137.31521739130434
138.15217391304347
138.98913043478262
139.82608695652175
140.66304347826087
141.5
141.5
141.25
141.25
142.5
140.5
140.5
143.5
143.5
145.0
145.0
145.25
144.75
144.75
143.75
143.75
144.75
144.75
147.75
146.75
146.75
146.75
146.75
146.75
146.75
146.75
146.75
146.75
146.75
146.75
146.75
146.75
146.75
146.75
146.75
146.75
146.45833333333334
146.16666666666666
145.875
145.58333333333334
145.29166666666666
145.0
145.0
144.5
143.75
143.75
144.0
144.0
147.0
146.0
146.0
146.5
147.0
147.0
145.75
145.75
145.75
145.75
145.75
145.75
145.75
145.75
145.75
146.0
146.0
145.75
145.75
145.75
145.75
145.75
152.65
159.55
166.45
173.35
180.25
178.0
178.0
180.75
181.0
181.0
181.0
181.0
181.0
181.0
181.0
181.0
180.75
177.75
177.75
177.75
177.75
177.75
177.75
177.75
177.75
177.75
175.55
173.35
171.15
168.95
166.75
166.75
164.25
159.0
159.0
153.75
153.75
150.5
149.0
149.0
148.0
146.0
146.0
144.75
144.75
141.5
141.5
138.0
136.75
136.75
135.5
135.5
135.75
135.75
135.0
135.0
135.0
136.5
136.5
138.25
138.25
139.5
140.0
140.0
140.0
140.0
141.5
142.75
142.75
142.25
142.25
143.25
144.5
144.5
145.0
145.0
145.5
145.5
145.5
145.0
145.0
143.75
143.75
142.0
140.0
140.0
137.75
136.0
136.0
136.0
136.0
136.5
136.5
137.5
138.5
138.5
139.5
139.5
140.25
140.25
140.75
142.0
142.0
142.5
143.25
143.25
143.5
143.5
144.0
145.25
145.25
146.5
146.5
142.5
142.5
141.25
139.5
139.5
136.25
136.25
135.0
135.0
134.75
134.75
134.75
132.75
132.75
132.5
132.5
133.5
133.5
135.0
135.75
135.75
138.0
138.0
140.75
143.0
143.0
145.5
148.5
148.5
148.25
148.25
151.0
152.75
152.75
152.75
153.5
153.5
152.5
152.5
153.75
154.5
154.5
154.25
156.0
156.0
152.0
154.25
154.25
152.25
152.25
152.0
151.75
151.75
151.25
151.5
151.5
150.75
151.0
151.0
151.25
150.5
150.5
151.25
151.25
151.25
152.25
152.25
152.25
152.25
152.0
154.0
154.0
149.75
150.75
150.75
151.25
151.25
151.25
153.25
153.25
150.5
150.5
153.0
153.0
151.75
151.5
151.5
154.0
153.75
153.75
152.25
154.25
154.25
153.75
152.0
152.0
154.0
153.0
153.0
154.5
154.5
153.25
152.75
152.75
152.0
152.0
145.0
145.0
145.0
149.5
148.75
148.75
145.25
147.75
147.75
147.75
147.75
148.5
148.5
148.5
148.5
147.0
147.0
147.25
147.25
152.75
152.75
152.25
152.25
149.25
148.5
148.5
148.25
148.25
147.0
147.25
147.25
147.25
146.75
146.75
146.25
147.75
147.75
146.5
146.5
147.0
146.0
146.0
147.0
147.0
148.5
147.25
147.25
149.0
149.5
149.5
148.0
148.0
149.0
146.5
146.5
148.25
148.25
147.0
144.5
144.5
146.25
146.25
145.25
145.0
145.0
146.75
146.75
144.75
144.25
144.25
145.0
145.25
145.25
143.75
143.75
144.5
144.5
144.75
145.75
145.75
146.0
146.25
146.25
146.0
146.0
147.0
146.75
146.75
145.5
145.5
146.0
145.0
145.0
144.0
144.0
143.75
143.25
143.25
143.5
143.5
143.75
144.0
144.0
143.5
143.5
143.5
142.5
142.5
142.25
142.25
142.0
142.5
142.5
141.5
141.5
140.0
140.0
139.75
138.5
138.5
138.75
138.75
139.75
139.75
141.0
142.75
142.75
144.5
144.5
144.75
144.25
144.25
142.5
142.5
143.0
141.75
141.75
139.75
139.75
139.5
139.5
138.0
136.25
136.25
135.75
135.75
133.0
133.0
134.75
135.25
135.25
137.0
137.0
136.75
136.75
136.75
137.5
137.5
136.75
136.75
138.0
138.0
136.75
135.75
135.75
136.75
136.75
136.75
136.75
134.75
137.75
137.75
137.0
137.0
137.0
137.0
138.0
142.5
142.5
144.25
144.25
145.0
147.0
147.0
146.5
146.75
146.75
148.25
148.25
143.25
143.5
143.5
143.25
143.25
139.5
138.5
138.5
139.5
139.5
136.75
136.75
138.25
139.5
139.5
138.5
138.5
138.5
138.5
138.5
138.5
138.5
138.5
138.5
138.5
138.5
138.5
138.5
138.5
145.5
145.5
145.5
145.5
145.5
145.5
145.5
145.5
145.5
145.5
145.5
145.5
145.5
145.25
145.25
145.5
145.07638888888889
144.65277777777777
144.22916666666666
143.80555555555554
143.38194444444446
142.95833333333334
142.53472222222223
142.11111111111111
141.6875
141.26388888888889
140.84027777777777
140.41666666666666
139.99305555555554
139.56944444444446
139.14583333333334
138.72222222222223
138.29861111111111
137.875
137.45138888888889
137.02777777777777
136.60416666666666
136.18055555555554
135.75694444444446
135.33333333333334
134.90972222222223
134.48611111111111
134.0625
133.63888888888889
133.21527777777777
132.79166666666666
132.36805555555554
131.94444444444446
131.52083333333334
131.09722222222223
130.67361111111111
130.25
130.25
132.5
132.5
132.5
132.5
132.0
132.0
131.25
130.0
130.0
130.75
130.75
130.75
132.0
133.75
133.75
133.75
133.75
131.75
130.5
130.5
130.5
132.25
132.5
132.5
136.0
136.0
136.0
136.0
136.0
136.0
136.0
136.0
136.0
135.75
135.75
135.75
135.75
135.75
136.0
136.39772727272728
136.79545454545453
137.1931818181818
137.5909090909091
137.98863636363637
138.38636363636363
138.7840909090909
139.1818181818182
139.57954545454547
139.97727272727272
140.375
140.77272727272728
141.17045454545453
141.5681818181818
141.9659090909091
142.36363636363637
142.76136363636363
143.1590909090909
143.5568181818182
143.95454545454547
144.35227272727272
144.75
144.75
144.75
144.75
150.0
150.0
146.25
146.25
146.25
146.25
146.25
146.25
146.25
146.5
146.5
146.5
146.25
146.25
145.05
143.85
142.65
141.45
140.25
139.05
137.85
136.65
135.45
134.25
134.25
136.75
136.75
137.0
137.0
137.0
137.0
136.75
136.75
137.0
137.0
136.75
136.75
136.625
136.5
136.375
136.25
136.125
136.0
135.875
135.75
135.625
135.5
135.375
135.25
135.125
135.0
134.875
134.75
134.75
134.0
134.0
133.5
133.5
133.25
130.75
130.75
132.0
132.0
131.5
131.5
131.75
131.75
131.5
131.5
132.0
132.0
134.25
134.25
135.5
136.75
136.75
136.75
136.75
137.5
136.25
136.25
137.25
139.0
139.0
138.5
138.5
138.5
138.5
139.25
138.25
138.25
138.5
138.5
138.25
138.25
138.25
139.25
139.25
138.5
137.5
137.5
137.5
135.75
135.75
134.75
134.75
134.75
134.75
134.75
134.75
135.0
135.0
135.0
135.0
135.0
135.0
135.0
134.75
134.75
135.3452380952381
135.9404761904762
136.53571428571428
137.13095238095238
137.72619047619048
138.32142857142858
138.91666666666666
139.51190476190476
140.10714285714286
140.70238095238096
141.29761904761904
141.89285714285714
142.48809523809524
143.08333333333334
143.67857142857142
144.27380952380952
144.86904761904762
145.46428571428572
146.0595238095238
146.6547619047619
147.25
147.25
147.5
146.25
146.25
144.75
144.75
143.25
143.25
143.25
142.5
142.5
141.5
141.0
141.0
140.5
140.5
139.0
139.0
139.25
138.5
138.5
138.5
138.5
139.0
139.0
138.5
139.0
139.0
139.5
139.5
139.5
139.5
139.5
140.25
140.25
141.0
141.0
140.75
142.0
142.0
142.0
142.0
142.0
142.0
142.0
142.0
142.0
142.0
142.0
142.0
141.54166666666666
141.08333333333334
140.625
140.16666666666666
139.70833333333334
139.25
139.25
140.0
140.0
140.0
140.0
138.75
138.75
138.75
138.75
138.5
138.5
138.0
138.0
137.5
137.5
135.75
135.75
135.75
136.25
136.25
136.0
136.0
136.25
136.25
136.5
136.5
137.5
137.5
137.0
137.0
137.25
137.25
137.25
138.0
138.0
138.75
138.75
138.0
138.5
138.5
138.5
138.5
138.0
138.0
138.25
139.5
139.5
139.25
139.25
140.75
140.75
139.5
139.5
139.25
139.25
139.25
139.75
139.75
139.75
139.75
138.5
138.5
138.5
138.5
138.5
138.5
138.5
138.5
138.5
138.5
138.5
138.25
138.25
138.25
138.25
138.25
137.41666666666666
136.58333333333334
135.75
134.91666666666666
134.08333333333334
133.25
132.41666666666666
131.58333333333334
130.75
130.75
130.75
130.75
130.25
130.25
130.25
130.25
129.75
129.75
135.0
135.25
135.25
137.5
137.5
141.0
141.0
141.0
141.0
141.0
141.0
141.0
141.0
141.0
141.0
141.0
141.0
141.0
141.0
141.0
142.54166666666666
144.08333333333334
145.625
147.16666666666666
148.70833333333334
150.25
150.25
150.25
154.0
148.5
148.5
152.75
150.75
150.75
152.5
152.5
155.25
153.5
153.5
154.75
154.25
154.25
153.0
155.75
155.75
154.0
158.75
158.75
159.25
159.25
159.25
158.5
159.0
159.0
162.0
153.5
153.5
160.25
157.25
157.25
163.75
160.75
160.75
155.75
157.25
157.25
154.5
154.5
155.25
153.75
153.75
153.25
153.25
153.25
150.75
128.0
128.0
128.0
128.0
128.0
128.0
128.0
128.0
128.0
128.0
128.0
128.0
128.0
130.54166666666666
133.08333333333334
135.625
138.16666666666666
140.70833333333334
143.25
143.25
144.75
147.0
147.0
148.75
148.75
148.75
150.5
150.5
147.75
147.75
137.75
137.75
137.75
139.25
139.25
147.75
147.75
153.25
156.25
156.25
154.5
154.5
155.25
150.0
150.0
151.75
151.75
152.0
152.0
152.0
152.0
152.0
152.0
151.75
151.75
152.0
152.0
140.0
128.0
116.0
104.0
92.0
92.0
92.0
92.0
92.25
92.25
92.25
92.25
91.75
91.75
91.75
91.75
91.75
91.75
91.75
92.0
92.0
91.75
91.75
91.75
105.16666666666667
118.58333333333333
132.0
145.41666666666666
158.83333333333334
172.25
170.5
170.5
166.5
166.5
162.0
160.5
160.5
156.0
154.0
154.0
151.25
151.25
147.5
142.0
142.0
136.75
136.75
135.25
135.25
134.5
134.5
135.0
135.0
132.5
131.5
131.5
131.5
131.5
132.25
132.25
133.5
133.5
133.5
133.5
132.0
133.75
133.75
134.5
134.5
134.5
136.5
136.25
136.25
137.5
137.5
139.25
139.75
139.75
139.5
139.5
141.75
143.25
143.25
143.25
144.5
144.5
142.25
142.25
141.0
141.0
139.25
139.25
138.75
137.0
137.0
135.25
135.25
135.0
135.0
135.0
134.5
134.5
134.25
134.25
134.25
134.25
135.25
135.25
135.0
135.0
135.75
135.75
137.5
137.5
137.5
136.75
135.25
135.25
136.25
136.25
138.0
138.5
138.5
138.75
138.75
139.5
139.5
139.5
139.5
139.0
139.0
142.0
141.75
141.75
141.0
141.0
140.75
139.5
139.5
139.5
139.5
139.5
139.5
137.25
137.25
138.0
135.75
135.75
136.0
136.0
134.25
134.25
133.25
133.25
134.75
134.75
135.5
135.5
135.75
135.75
136.75
138.0
138.0
138.75
138.75
140.5
141.25
141.25
141.5
141.5
143.5
145.0
145.0
145.5
145.5
145.25
145.25
145.25
145.25
145.0
144.0
144.0
144.5
144.5
143.75
143.75
142.75
143.0
143.0
143.25
143.25
142.75
142.25
142.25
142.0
142.0
141.5
139.75
139.75
140.0
140.0
139.5
139.5
140.5
140.75
140.75
140.75
140.75
140.75
141.75
141.75
142.25
142.25
142.75
143.0
143.0
143.25
143.25
142.0
142.0
141.5
141.5
141.5
141.0
141.0
140.75
140.75
140.75
140.75
140.75
141.5
142.25
142.25
142.0
142.0
142.25
142.5
142.5
142.0
142.0
142.25
142.75
142.75
143.25
143.25
143.5
143.25
143.25
143.25
143.25
143.5
143.75
143.75
145.0
145.0
146.0
146.5
146.5
146.25
146.25
146.0
146.5
146.5
147.0
147.75
147.75
147.0
147.0
147.5
147.5
147.5
147.75
147.75
147.5
147.5
147.5
147.75
147.25
147.25
146.75
146.75
145.25
145.0
145.0
145.0
145.0
145.0
145.0
145.0
145.0
145.0
144.5
145.5
145.5
145.0
145.0
146.25
146.5
146.5
146.5
145.25
145.25
144.75
144.75
145.25
145.25
145.0
145.0
145.0
144.75
144.25
144.25
144.25
144.25
143.25
143.25
143.25
143.5
143.5
143.75
144.0
144.0
143.75
143.75
144.25
144.5
144.5
144.25
144.25
144.5
144.5
144.5
143.25
143.25
143.25
143.25
143.25
143.25
143.25
145.0
146.5
146.5
146.5
146.5
146.0
145.0
145.0
150.0
152.25
152.25
152.25
152.25
152.25
152.25
152.25
152.25
152.25
152.5
148.5
148.5
145.0
145.0
148.75
153.5
153.5
150.5
150.5
149.75
151.5
151.5
149.0
149.0
149.0
149.5
149.5
149.25
149.75
149.75
149.25
147.25
147.25
150.0
150.0
150.25
151.5
151.5
150.0
148.5
148.5
150.0
150.0
152.25
153.75
153.75
154.25
153.25
153.25
149.5
151.75
151.75
153.75
153.75
150.0
150.0
150.0
150.0
150.0
149.75
149.75
149.75
149.75
149.75
150.33
150.91
151.49
152.07
152.65
153.23
153.81
154.39
154.97
155.55
156.13
156.71
157.29
157.87
158.45
159.03
159.60999999999999
160.19
160.77
161.35
161.93
162.51
163.09
163.67
164.25
164.25
162.75
163.75
163.75
163.75
163.75
163.75
163.75
164.0
164.0
164.0
164.0
164.47222222222223
164.94444444444446
165.41666666666666
165.88888888888889
166.36111111111111
166.83333333333334
167.30555555555554
167.77777777777777
168.25
167.75
167.75
167.75
166.5
168.0
168.0
167.75
168.25
168.25
167.75
169.75
169.5
169.5
165.75
169.0
169.0
172.0
172.0
172.0
172.0
172.0
172.0
172.0
171.75
171.75
171.75
168.5
168.5
165.5
162.0
162.0
162.0
166.0
165.5
165.5
163.25
163.25
163.25
160.5
162.25
162.25
154.75
154.75
154.75
154.75
154.75
154.75
154.75
154.75
154.75
154.75
154.75
154.75
154.75
154.75
154.75
152.71
150.67
148.63
146.59
144.55
142.51
140.47
138.43
136.39
134.35
132.31
130.27
128.23
126.19
124.15
122.11
120.07
118.03
115.99
113.95
111.91
109.87
107.83
105.78999999999999
103.75
103.75
103.0
103.0
103.0
101.75
101.75
101.75
101.75
102.0
102.0
102.0
102.0
102.0
102.0
102.0
102.0
103.61111111111111
105.22222222222223
106.83333333333333
108.44444444444444
110.05555555555556
111.66666666666667
113.27777777777777
114.88888888888889
116.5
118.11111111111111
119.72222222222223
121.33333333333333
122.94444444444444
124.55555555555556
126.16666666666667
127.77777777777777
129.38888888888889
131.0
132.61111111111111
134.22222222222223
135.83333333333334
137.44444444444446
139.05555555555554
140.66666666666666
142.27777777777777
143.88888888888889
145.5
145.5
145.5
144.0
144.0
144.0
141.0
141.0
140.25
134.5
134.5
134.5
134.5
134.5
134.5
134.5
134.5
134.25
134.25
134.25
134.25
131.65277777777777
129.05555555555554
126.45833333333333
123.86111111111111
121.26388888888889
118.66666666666667
116.06944444444444
113.47222222222223
110.875
108.27777777777777
105.68055555555556
103.08333333333333
100.48611111111111
97.88888888888889
95.29166666666667
92.69444444444444
90.09722222222221
87.5
87.5
88.5
88.5
88.5
89.0
89.0
90.5
90.5
93.0
93.0
98.25
98.25
99.5
99.5
101.0
101.0
103.0
103.0
103.0
104.0
105.0
105.0
105.0
105.0
105.0
105.0
105.0
105.0
106.0
106.0
108.0
108.0
111.75
111.75
115.75
115.75
121.5
121.5
123.75
123.75
122.5
122.5
122.0
122.0
122.0
121.75
121.75
121.75
122.0
122.0
122.0
111.75
111.75
111.75
111.75
111.75
111.75
111.75
111.75
111.75
111.75
112.0
112.0
112.0
111.75
111.75
111.75
111.75
112.0
112.0
113.98684210526316
115.97368421052632
117.96052631578948
119.94736842105263
121.9342105263158
123.92105263157895
125.90789473684211
127.89473684210526
129.8815789473684
131.8684210526316
133.85526315789474
135.8421052631579
137.82894736842104
139.81578947368422
141.80263157894737
143.78947368421052
145.7763157894737
147.76315789473685
149.75
149.75
150.25
150.75
150.75
153.75
154.0
154.0
153.5
155.75
155.75
155.25
155.25
155.25
155.25
157.0
157.0
160.75
162.75
162.75
161.75
162.0
162.0
161.5
165.75
162.25
162.25
162.25
166.0
166.0
167.0
163.75
163.75
156.25
156.25
156.25
162.625
169.0
175.375
181.75
181.75
181.75
181.75
181.75
181.75
181.75
181.75
181.75
181.75
181.75
181.75
180.75
179.75
178.75
177.75
176.75
176.75
173.5
173.75
173.75
172.75
171.5
172.75
172.75
172.75
173.75
172.25
172.25
172.25
173.75
173.75
173.75
173.25
176.0
176.0
173.5
177.0
177.0
175.0
174.5
176.25
176.25
176.25
176.25
176.25
176.25
176.5
176.5
176.5
176.25
176.11290322580646
175.9758064516129
175.83870967741936
175.7016129032258
175.56451612903226
175.42741935483872
175.29032258064515
175.15322580645162
175.01612903225808
174.8790322580645
174.74193548387098
174.6048387096774
174.46774193548387
174.33064516129033
174.19354838709677
174.05645161290323
173.91935483870967
173.78225806451613
173.6451612903226
173.50806451612902
173.3709677419355
173.23387096774192
173.09677419354838
172.95967741935485
172.82258064516128
172.68548387096774
172.5483870967742
172.41129032258064
172.2741935483871
172.13709677419354
172.0
169.5
169.5
169.25
167.0
167.0
168.0
166.75
167.0
167.0
167.0
167.0
167.0
167.0
167.0
167.0
167.0
167.0
167.0
167.0
168.7
170.4
172.1
173.8
175.5
172.5
172.5
169.5
169.5
169.5
169.5
169.5
169.5
169.5
169.25
169.25
169.5
169.5
