113.5
113.5
113.5
113.5
114.5
114.5
114.75
114.75
114.75
113.75
113.75
117.5
117.5
119.75
120.25
120.25
122.25
122.25
117.75
117.75
116.5
116.5
115.75
115.75
116.75
116.75
118.75
118.75
120.75
120.75
119.5
119.5
121.0
121.0
124.25
124.25
125.75
125.75
124.0
124.0
125.75
125.75
125.75
125.75
125.75
125.75
126.25
126.25
126.25
121.0
121.0
121.0
125.0
125.0
125.0
126.0
126.0
125.0
125.0
124.0
124.0
124.0
124.0
121.25
121.25
119.0
119.0
115.5
115.5
112.25
112.25
112.0
112.0
112.75
112.75
115.0
115.0
119.0
119.0
120.5
122.25
122.25
122.25
122.25
121.75
121.75
121.75
121.75
122.0
122.0
122.0
121.75
121.75
122.25
122.25
122.5
122.5
122.75
122.75
123.0
123.0
122.0
122.0
123.0
123.0
122.0
122.0
123.5
123.5
124.5
124.5
125.0
125.0
124.0
122.75
122.75
121.75
121.75
122.25
122.25
122.0
122.0
122.0
123.5
122.75
122.75
125.75
125.75
125.75
125.75
128.0
128.0
127.0
127.0
124.25
124.25
123.5
123.5
125.25
125.25
125.25
124.5
124.5
123.5
123.5
123.0
123.0
123.0
111.5
111.5
116.0
116.0
115.25
115.25
113.25
113.25
115.0
115.0
116.75
116.75
118.5
118.5
120.25
120.25
120.0
120.0
122.25
122.25
121.0
121.0
121.0
122.0
122.0
122.25
122.25
130.25
130.25
129.5
129.5
128.5
128.5
127.25
127.25
127.25
127.25
125.0
125.0
122.25
122.25
122.75
122.75
121.75
121.75
121.0
121.0
121.0
121.0
121.0
121.0
121.0
121.0
120.75
120.75
120.75
121.25
121.25
121.25
121.25
120.25
120.25
120.25
120.0
118.5
118.5
119.5
119.5
119.5
119.5
119.0
119.0
119.5
119.5
119.5
119.5
119.25
119.25
120.0
120.0
122.5
122.5
122.25
122.25
123.0
123.0
124.0
124.0
125.0
125.75
125.75
129.0
129.0
129.0
131.5
131.5
131.5
131.5
128.75
125.75
125.75
129.0
129.0
127.25
127.25
127.5
127.5
128.0
128.0
130.0
130.0
131.5
130.75
130.75
128.0
128.0
128.75
128.75
128.5
128.5
129.5
129.5
130.5
130.5
130.25
130.25
129.5
130.25
130.25
129.5
129.5
125.0
125.0
126.75
126.75
128.0
128.0
125.5
125.5
125.75
125.75
126.25
126.25
127.0
127.5
127.5
128.25
128.25
128.0
128.0
128.5
128.5
128.0
128.0
125.75
125.75
125.75
125.75
126.0
126.0
129.5
129.5
129.5
131.5
131.5
133.5
133.5
132.75
132.75
132.0
132.75
132.75
132.75
132.75
132.0
132.0
129.5
129.5
124.5
124.5
123.5
123.5
122.75
122.75
122.25
122.25
121.75
121.75
121.75
121.75
123.25
123.25
125.0
126.75
126.75
126.75
126.75
126.5
126.5
127.25
127.25
128.5
128.5
128.5
128.5
128.5
129.5
129.5
130.75
130.75
131.5
131.5
132.25
132.25
132.5
132.0
132.0
130.5
130.5
130.25
130.25
131.5
131.5
134.25
134.25
134.25
134.25
134.25
134.0
134.0
133.75
133.75
134.0
134.0
134.75
135.75
135.75
134.25
134.25
131.75
131.75
129.0
129.0
124.75
124.75
123.5
123.0
123.0
123.25
123.25
123.75
123.75
123.75
123.5
125.5
125.5
125.0
125.0
123.25
123.25
122.75
122.75
120.25
120.25
119.0
119.0
119.5
119.5
119.75
119.75
119.25
119.25
118.75
118.75
120.0
120.0
120.75
120.75
122.25
122.25
121.0
121.0
117.75
117.75
116.75
116.75
116.75
111.0
111.0
106.75
106.75
106.75
103.25
103.25
103.0
103.0
103.5
103.5
106.5
106.5
106.5
107.5
107.5
109.0
109.0
111.75
111.75
112.0
112.0
112.25
112.25
113.0
113.0
115.0
115.0
117.5
117.5
117.5
117.5
118.75
118.75
118.75
118.75
117.75
117.75
120.0
120.0
119.5
119.5
120.0
120.0
116.25
116.25
118.75
118.75
118.0
118.0
119.75
119.75
117.25
117.25
117.25
119.25
119.25
119.25
126.75
126.75
128.5
128.5
129.0
129.0
129.0
129.75
129.75
129.25
129.25
129.0
129.0
127.5
127.5
126.75
126.75
125.75
125.75
125.0
125.0
126.0
126.0
125.75
125.75
125.0
125.0
124.5
125.75
125.75
127.25
127.25
127.0
127.0
125.75
125.75
126.25
126.25
126.75
126.75
127.5
127.5
127.25
127.25
127.5
127.25
127.25
128.0
128.0
126.75
126.75
126.25
126.25
125.25
125.25
126.5
126.5
128.25
128.25
129.25
129.25
129.25
128.75
128.75
128.75
128.75
127.5
127.5
128.5
128.5
127.5
127.5
127.25
127.25
125.25
125.25
124.5
124.5
125.0
126.0
126.0
126.25
126.25
126.75
126.75
127.25
127.25
128.75
128.75
128.0
128.0
127.0
127.0
126.25
126.25
128.5
129.5
129.5
128.75
128.75
129.0
129.0
130.75
130.75
130.75
130.75
129.5
129.5
129.5
129.5
129.5
129.25
129.25
129.5
129.5
129.25
129.25
130.0
130.0
129.0
129.0
130.25
130.75
130.75
128.25
128.25
125.25
125.25
123.0
123.0
123.5
123.5
124.5
124.5
122.75
122.75
121.75
121.75
124.5
124.5
125.75
125.75
126.75
126.75
125.0
125.0
127.5
128.5
128.5
129.5
129.5
130.25
130.25
129.75
129.75
130.5
130.5
130.75
130.75
130.25
130.25
130.25
131.0
131.0
130.75
130.75
130.0
130.0
130.75
130.75
131.0
129.75
129.75
128.0
128.0
127.5
127.5
127.25
127.25
124.5
124.5
126.5
126.5
125.5
125.5
125.0
125.0
127.25
127.25
130.5
131.5
131.5
130.75
130.75
128.5
128.5
126.75
126.75
120.5
120.5
122.75
122.75
120.0
120.0
119.5
119.5
121.75
121.75
122.75
122.75
122.75
122.75
123.0
123.0
123.5
123.5
123.0
123.0
121.5
121.5
116.5
116.5
116.5
116.5
119.5
119.5
122.75
122.75
122.75
122.75
124.0
124.0
124.0
129.5
129.5
129.0
129.0
128.0
128.0
126.5
126.5
127.75
127.75
127.75
127.75
125.5
125.5
125.0
125.0
124.5
124.5
125.0
125.0
125.25
125.25
125.25
125.75
125.75
125.5
125.5
126.0
126.0
125.25
125.25
125.25
125.25
125.75
125.75
124.75
124.75
126.75
126.75
123.5
123.5
122.75
122.75
124.5
127.5
127.5
129.5
129.5
131.5
131.5
132.25
132.25
132.0
132.0
132.75
133.75
133.75
134.5
134.5
132.75
132.75
131.5
131.5
132.0
132.25
132.25
123.5
123.5
118.75
118.75
121.75
121.75
123.0
123.0
122.75
122.75
122.25
122.25
123.0
123.0
120.0
120.0
120.25
120.25
120.0
120.0
120.0
120.0
120.0
120.0
120.0
119.75
119.75
120.0
120.0
120.0
123.0
123.0
122.75
121.25
121.25
117.75
117.75
117.75
117.75
119.75
119.75
119.25
119.25
120.0
120.0
122.25
123.5
123.5
127.25
127.25
127.25
127.25
127.25
139.0
139.0
135.75
135.75
138.25
136.75
136.75
135.0
135.0
130.25
130.25
125.5
125.5
124.0
124.0
123.75
123.75
124.0
128.5
128.5
131.5
131.5
133.75
133.75
135.75
139.0
139.0
137.75
137.75
136.75
136.75
132.5
132.5
128.5
128.5
125.0
125.0
122.25
122.25
121.0
121.0
120.5
120.5
121.0
121.0
120.25
120.25
120.5
120.5
121.5
124.0
124.0
125.0
125.0
126.0
126.0
127.0
127.0
128.0
128.0
127.75
127.75
129.0
130.25
130.25
130.75
130.75
130.75
130.75
131.0
131.0
131.5
131.5
131.75
132.0
132.0
131.25
131.25
128.75
128.75
129.25
129.25
130.0
130.0
129.5
129.5
130.0
130.75
130.75
131.5
131.5
131.25
131.25
130.0
130.0
128.5
128.5
125.75
125.75
124.0
124.0
123.5
123.5
123.75
123.75
125.0
125.75
125.75
126.5
126.5
126.25
126.25
125.0
125.0
123.5
123.5
119.5
119.5
115.75
115.75
115.75
115.75
112.0
112.0
110.25
110.25
109.0
109.0
107.5
107.5
107.5
104.0
104.0
99.5
99.5
99.5
99.5
99.5
99.5
100.0
100.0
100.0
99.25
99.25
102.0
102.0
105.25
105.25
105.75
105.75
105.75
100.0
100.0
100.0
100.0
99.75
99.75
99.75
99.75
89.25
89.25
89.25
83.25
83.25
83.75
83.75
84.0
84.0
84.75
84.75
84.75
85.75
85.75
85.5
85.5
82.5
82.5
82.5
82.5
82.5
82.5
82.5
82.5
82.25
82.25
82.25
82.25
82.25
81.5
80.75
80.0
79.25
78.5
78.5
78.5
75.75
75.75
75.75
72.75
72.75
72.75
70.5
70.5
70.5
70.25
70.25
70.25
72.75
72.75
72.75
73.25
73.25
73.5
73.5
73.5
73.5
73.25
73.25
73.25
73.25
73.5
73.5
75.75
75.75
75.75
82.5
82.5
82.5
88.25
88.25
90.0
90.0
86.5
86.5
86.5
84.75
84.75
84.75
84.75
84.75
84.75
84.75
91.5
91.5
102.5
102.5
103.25
103.25
103.75
103.75
103.75
104.75
104.75
105.25
105.25
104.75
104.75
104.75
104.75
104.75
104.75
104.75
104.25
104.25
104.25
103.75
103.75
103.75
103.75
105.0
105.0
105.0
105.0
105.25
105.25
106.0
106.0
105.25
105.25
105.25
109.75
109.75
108.5
108.5
106.5
106.75
106.75
108.75
108.75
110.75
110.75
110.25
110.25
116.5
116.5
115.5
115.5
115.5
116.5
116.5
116.5
116.5
127.25
127.25
127.25
120.25
120.25
119.5
119.5
120.75
121.5
121.5
121.5
116.5
116.5
112.75
112.75
111.25
111.25
109.5
109.5
108.0
108.0
108.0
107.5
107.5
107.0
107.0
108.0
108.0
109.0
109.0
111.25
111.25
113.25
113.25
115.0
115.0
115.0
114.25
114.25
112.5
112.5
112.5
112.5
112.75
112.75
112.75
112.75
113.25
113.25
117.5
117.5
120.75
120.75
121.75
121.75
121.5
121.5
121.5
121.0
121.0
121.75
121.75
126.25
126.25
129.0
129.0
130.0
130.0
129.0
129.0
124.75
124.75
124.5
124.5
122.25
122.25
122.25
122.25
121.25
121.25
120.75
120.75
121.0
121.0
123.0
123.0
125.0
125.0
127.25
128.75
128.75
126.75
126.75
124.25
124.25
122.75
122.75
122.75
115.5
115.5
114.0
114.0
115.25
115.25
114.25
114.25
114.5
114.5
116.5
116.5
117.5
117.5
118.25
118.25
118.75
118.75
121.75
121.75
123.0
123.0
123.0
123.0
122.5
122.5
121.5
121.5
121.0
125.25
125.25
126.25
126.25
125.25
125.25
124.5
124.5
123.75
123.75
123.25
123.25
122.75
122.75
122.25
122.25
122.25
122.25
125.0
125.0
126.75
126.75
124.5
124.5
123.0
123.0
123.25
123.25
120.75
120.75
121.0
121.0
112.25
112.25
113.75
113.75
115.5
115.5
116.5
116.5
115.0
115.0
115.5
115.5
115.5
115.5
115.75
115.75
115.75
121.5
121.5
125.75
128.0
128.0
127.25
127.25
126.75
126.75
128.0
129.0
129.0
128.75
128.75
126.75
126.75
122.75
122.75
121.75
121.75
124.5
124.5
126.25
126.25
126.75
126.75
125.25
125.25
123.0
123.0
120.5
120.5
114.5
114.5
112.5
112.5
112.5
112.75
112.75
112.5
112.5
113.0
113.5
113.5
114.5
114.5
114.5
116.75
116.75
116.75
118.0
118.0
118.0
127.5
127.5
127.5
128.5
128.5
130.0
130.0
130.75
130.75
129.0
129.0
125.25
122.75
122.75
122.75
118.5
118.5
119.5
119.5
119.5
119.5
119.5
119.5
119.5
119.5
119.25
119.25
123.75
123.5
123.5
122.25
122.25
126.5
126.5
126.75
126.75
125.5
125.5
124.75
124.75
123.5
123.5
123.5
123.5
121.75
121.75
116.0
116.0
114.75
114.75
114.25
114.25
116.0
116.0
116.25
116.25
119.0
119.0
118.5
118.5
118.5
119.25
119.25
119.75
119.75
120.75
121.5
121.5
123.25
123.25
123.0
123.0
121.5
121.5
120.0
120.0
118.5
118.5
118.5
118.5
119.0
119.0
119.25
119.25
119.5
119.5
119.75
119.75
119.0
119.0
118.0
118.0
118.25
118.25
116.5
116.5
116.5
115.0
115.0
114.0
114.0
114.0
114.0
112.25
112.25
110.5
110.5
109.75
109.75
109.75
110.5
110.5
108.75
108.75
109.5
109.5
109.25
109.25
108.0
108.0
108.0
108.75
108.75
109.5
109.5
109.25
109.25
109.75
109.75
109.75
109.25
108.5
108.5
107.25
107.25
107.25
107.25
107.5
107.5
107.5
107.5
107.5
107.5
107.5
107.5
102.95833333333333
98.41666666666667
93.875
89.33333333333333
84.79166666666667
80.25
80.25
80.25
80.25
80.25
79.75
79.75
79.75
80.25
80.25
80.75
80.75
80.75
80.75
80.75
80.5
80.5
80.25
80.25
80.25
80.25
79.5
79.5
79.5
79.0
79.0
71.5
71.5
71.5
64.0
64.0
64.0
64.75
64.75
64.75
64.75
64.75
64.75
65.0
65.0
65.0
65.0
64.75
64.75
69.66666666666667
74.58333333333333
79.5
84.41666666666667
89.33333333333333
94.25
94.25
96.5
96.5
97.0
97.0
97.0
96.0
96.0
95.0
95.0
94.75
94.75
94.75
94.5
94.5
94.5
93.75
93.75
93.75
94.0
94.0
94.0
94.0
93.75
93.75
93.75
94.0
94.0
94.0
94.0
94.0
94.20833333333333
94.41666666666667
94.625
94.83333333333333
95.04166666666667
95.25
95.25
94.75
94.75
94.5
94.5
94.5
95.25
95.25
95.25
95.75
95.75
95.25
95.25
95.25
94.75
94.75
94.75
94.75
94.75
94.75
94.75
94.75
94.75
94.75
95.0
95.0
94.75
103.3
111.85
120.4
128.95
137.5
137.5
137.0
137.25
137.25
137.5
137.5
137.5
141.5
141.5
141.5
141.5
141.5
141.25
141.25
141.5
141.25
141.25
141.25
141.25
136.875
132.5
128.125
123.75
119.375
115.0
110.625
106.25
106.25
107.0
107.0
106.75
106.75
106.0
106.0
106.0
106.0
105.75
105.75
105.75
105.75
105.75
105.5
105.5
104.5
104.5
104.5
104.5
104.5
104.5
104.5
104.5
104.5
104.5
104.25
104.25
104.25
104.25
104.25
107.5
107.5
106.75
106.75
107.0
107.0
109.0
109.0
110.0
110.0
109.75
109.75
111.0
111.0
112.0
112.0
117.0
117.0
117.0
109.5
109.5
109.5
121.25
121.25
121.25
121.25
121.25
121.25
121.25
121.5
121.5
121.25
121.25
108.0
108.0
108.5
108.5
108.5
109.0
109.0
109.0
109.0
109.5
109.5
110.0
110.0
111.0
111.0
112.0
112.0
114.0
114.0
116.25
116.25
116.25
126.25
126.25
126.0
126.0
126.0
123.25
123.25
121.0
121.0
119.5
119.5
113.25
113.25
115.0
115.0
115.25
115.25
117.0
117.0
119.5
119.5
124.25
124.25
123.0
123.0
123.0
123.0
121.0
121.0
117.75
117.75
112.25
112.25
115.25
115.25
117.0
117.0
119.25
119.25
119.75
119.75
119.5
119.5
118.5
118.5
117.5
117.5
119.25
119.25
117.5
120.75
120.75
120.75
121.75
121.75
122.0
122.0
122.0
121.5
121.5
121.5
121.5
121.5
121.25
121.5
121.5
132.5
132.5
136.5
136.5
136.25
136.25
136.25
136.5
136.25
136.25
136.5
136.5
136.5
131.9
127.3
122.7
118.1
113.5
113.5
113.5
116.25
116.25
119.5
122.75
122.75
122.75
124.5
124.5
127.0
127.0
128.0
128.0
127.0
127.0
125.25
125.25
123.5
123.5
123.5
123.5
123.5
126.5
126.5
125.5
125.75
125.75
125.75
125.5
125.0
125.0
125.25
125.25
125.0
125.0
123.75
123.75
123.0
123.0
121.75
121.75
122.25
122.25
119.25
119.25
116.75
116.75
115.0
115.0
113.75
113.75
113.25
113.25
112.75
112.75
112.5
112.5
113.0
113.0
118.75
118.75
122.75
122.75
123.0
123.0
123.75
123.75
124.5
124.5
124.0
124.0
121.75
121.0
121.0
121.0
120.0
120.0
122.25
122.25
124.5
125.0
125.0
125.75
125.75
126.0
126.0
126.25
126.25
126.25
126.25
129.0
131.5
131.5
131.5
131.5
127.25
127.25
125.75
125.75
122.75
122.75
122.25
122.25
125.75
125.75
125.0
125.0
126.25
122.75
122.75
120.0
120.0
119.25
119.25
118.75
120.0
120.0
120.0
122.0
122.0
123.0
123.0
124.0
124.25
124.25
124.25
124.75
124.75
123.0
122.75
122.75
124.5
124.5
124.5
124.5
124.5
124.5
124.5
124.5
124.5
124.5
124.5
124.5
124.25
124.25
129.0
129.0
132.75
132.75
134.0
134.0
135.25
137.0
137.0
135.25
135.25
132.0
132.0
132.0
117.75
117.75
116.75
116.75
117.75
117.75
120.0
120.0
122.75
122.75
122.25
122.25
120.25
120.0
120.0
119.5
119.5
119.25
119.25
118.5
118.5
120.25
120.25
122.75
122.75
122.75
122.75
122.5
122.5
121.75
121.75
121.5
121.5
122.0
122.0
125.75
129.0
129.0
135.25
135.25
133.5
133.5
131.75
132.25
132.25
132.25
128.5
128.5
128.75
129.75
129.75
130.25
130.25
130.0
130.0
128.25
128.25
128.25
128.25
129.0
128.0
128.0
129.75
129.75
129.5
129.5
128.0
128.0
126.5
126.5
127.0
127.0
127.5
127.5
124.25
122.25
122.25
122.75
122.75
122.0
122.0
124.0
124.0
122.25
122.25
124.5
124.5
122.25
122.25
122.75
122.75
123.5
123.5
123.5
123.5
121.0
121.0
121.0
121.0
121.0
121.0
121.25
121.25
120.0
120.0
120.25
120.25
120.25
120.25
121.75
121.75
126.25
126.25
128.5
128.0
128.0
129.0
129.0
128.0
128.0
127.25
127.25
126.0
126.0
126.75
126.75
125.0
121.75
121.75
120.25
120.25
120.75
120.75
122.25
122.25
122.75
122.75
124.5
124.5
125.75
125.75
127.0
128.5
128.5
129.25
129.25
129.25
128.75
128.75
129.0
129.0
127.25
127.25
127.5
127.5
128.0
127.75
127.75
128.0
128.0
129.5
129.5
131.5
131.5
130.5
130.5
126.75
126.75
125.75
125.75
125.75
127.25
127.25
126.75
126.75
127.25
127.25
128.25
128.25
128.5
128.5
127.25
127.25
128.75
128.75
129.0
128.75
128.75
127.25
127.25
125.75
125.75
125.75
125.75
124.5
124.5
126.25
126.25
126.25
126.75
126.75
127.0
127.0
128.0
128.0
128.25
128.25
127.5
127.5
126.75
126.75
126.25
126.25
126.0
126.0
125.5
125.5
125.5
126.75
126.75
124.75
124.75
122.75
122.75
122.25
122.25
122.75
122.75
122.75
122.75
122.25
122.25
120.75
120.75
122.0
122.0
122.5
122.5
122.5
122.5
123.0
123.0
122.25
122.25
123.0
123.0
122.75
122.75
122.5
122.5
123.5
123.5
124.0
124.0
123.75
123.75
123.5
121.25
121.25
120.25
120.25
120.25
121.75
122.0
122.0
121.25
121.25
122.75
122.75
122.75
125.0
126.75
126.75
128.5
128.5
128.25
128.25
125.5
125.5
126.0
126.0
125.25
125.5
125.5
125.75
125.75
126.75
126.75
127.25
127.25
128.75
128.75
129.0
129.0
129.5
129.5
130.25
130.25
130.75
131.0
131.0
130.75
130.75
130.25
130.25
130.25
130.25
131.25
131.25
130.75
131.25
131.25
131.0
131.0
131.0
131.0
132.75
132.75
134.25
135.0
135.0
133.5
133.5
126.75
126.75
127.25
127.25
128.25
128.25
128.25
130.5
130.5
132.5
132.5
136.25
136.25
138.75
142.0
142.0
140.25
140.25
142.0
141.75
141.75
142.5
142.5
144.0
145.0
145.0
146.5
146.5
144.0
144.25
144.25
145.25
145.25
145.0
145.0
145.0
143.25
143.25
144.5
145.0
145.0
145.25
145.25
143.25
143.25
143.25
143.5
143.5
143.5
143.0
143.0
143.75
143.75
143.5
143.5
143.5
144.25
144.25
143.75
144.75
144.75
146.25
146.25
146.75
145.25
145.25
145.25
146.0
146.0
146.25
146.25
145.25
143.5
143.5
136.75
136.75
127.75
127.75
125.75
125.75
121.75
121.75
119.25
119.25
117.0
117.0
116.0
116.0
115.0
115.0
114.75
114.75
114.75
112.25
112.25
112.25
112.25
101.0
101.0
101.75
101.75
102.75
102.75
102.75
102.75
105.25
105.25
104.0
104.0
104.25
104.25
105.25
105.25
107.0
107.0
107.0
107.25
107.25
108.25
108.25
106.0
106.0
106.0
100.25
100.25
97.25
97.25
97.25
98.5
98.5
99.25
99.25
99.25
101.25
101.25
104.25
104.25
107.0
107.0
109.0
109.0
109.25
109.25
109.0
109.0
108.75
108.75
109.0
109.0
109.0
109.0
108.75
109.0
109.0
109.0
109.0
117.35
125.7
134.05
142.4
150.75
150.75
162.25
162.25
156.25
156.25
152.25
152.25
152.25
152.25
152.25
152.5
152.25
152.25
152.25
152.22916666666666
152.20833333333334
152.1875
152.16666666666666
152.14583333333334
152.125
152.10416666666666
152.08333333333334
152.0625
152.04166666666666
152.02083333333334
152.0
151.97916666666666
151.95833333333334
151.9375
151.91666666666666
151.89583333333334
151.875
151.85416666666666
151.83333333333334
151.8125
151.79166666666666
151.77083333333334
151.75
151.72916666666666
151.70833333333334
151.6875
151.66666666666666
151.64583333333334
151.625
151.60416666666666
151.58333333333334
151.5625
151.54166666666666
151.52083333333334
151.5
151.5
145.25
145.25
145.25
151.25
152.25
152.25
151.0
151.0
151.0
150.75
150.75
151.0
151.0
151.0
151.0
151.0
151.0
151.0
151.05
151.1
151.15
151.2
151.25
151.25
151.25
151.25
151.25
151.25
151.5
151.5
151.25
151.25
151.25
151.25
151.5
147.56666666666666
143.63333333333333
139.7
135.76666666666668
131.83333333333334
127.9
123.96666666666667
120.03333333333333
116.10000000000001
112.16666666666667
108.23333333333333
104.3
100.36666666666667
96.43333333333334
92.5
92.5
93.25
93.25
93.25
93.5
93.5
93.5
93.5
93.5
93.5
93.5
93.25
93.25
94.23076923076923
95.21153846153847
96.1923076923077
97.17307692307692
98.15384615384616
99.13461538461539
100.11538461538461
101.09615384615384
102.07692307692308
103.0576923076923
104.03846153846153
105.01923076923077
106.0
106.0
107.25
107.25
111.25
111.25
107.5
107.5
107.5
104.25
104.25
104.25
104.25
101.75
101.75
101.75
100.75
100.75
101.0
101.0
101.0
101.0
101.0
101.0
100.75
100.75
100.75
100.75
100.75
109.5
110.5
110.5
110.5
111.0
111.0
110.75
110.75
110.75
110.75
110.75
110.75
110.75
110.75
110.75
115.0
115.0
115.0
115.0
115.0
115.0
115.0
115.0
115.0
115.0
120.75
120.75
120.75
120.75
120.25
120.25
120.25
120.25
120.25
120.25
120.5
120.25
120.25
120.25
120.23214285714286
120.21428571428571
120.19642857142857
120.17857142857143
120.16071428571429
120.14285714285714
120.125
120.10714285714286
120.08928571428571
120.07142857142857
120.05357142857143
120.03571428571429
120.01785714285714
120.0
120.0
120.0
120.0
119.5
119.5
121.0
121.5
121.5
120.5
120.5
120.5
121.5
121.5
121.5
121.5
121.75
121.75
122.25
122.25
122.5
122.5
122.5
123.0
123.0
123.0
123.5
123.5
123.25
123.25
123.75
123.75
123.75
123.75
123.75
123.75
124.0
124.0
123.75
123.75
123.75
123.75
124.05
124.35
124.65
124.95
125.25
125.25
125.25
125.25
126.25
127.25
127.25
126.75
126.75
125.25
125.25
124.5
122.5
122.5
122.5
122.25
122.25
124.5
124.5
125.25
125.25
125.25
126.25
126.25
125.25
125.25
126.25
126.25
127.25
127.25
126.75
126.75
127.5
127.5
127.0
127.0
125.0
125.0
125.0
125.0
123.5
123.5
123.5
123.25
123.25
123.25
123.25
123.5
123.5
123.5
123.5
122.0
122.0
124.5
124.5
124.5
124.5
124.75
124.75
124.5
124.5
125.25
125.25
125.25
125.25
125.25
125.25
129.0
129.0
127.25
127.25
127.0
125.5
125.5
124.0
124.0
124.0
124.0
123.0
123.0
124.0
124.0
124.25
124.25
125.0
125.0
124.75
124.75
125.25
125.25
126.75
126.75
124.0
124.0
122.75
122.75
119.75
119.75
121.0
121.0
123.0
123.0
122.25
122.25
124.75
124.75
122.75
122.75
124.25
124.25
124.25
124.25
124.5
124.5
124.25
124.25
124.5
124.5
123.25
123.25
122.75
121.75
121.75
123.0
123.0
123.0
123.0
122.25
122.25
122.0
122.0
121.75
121.75
122.25
122.25
123.0
123.0
121.75
121.75
121.5
121.5
120.0
120.0
121.75
121.75
122.25
122.25
123.5
123.5
124.75
124.75
125.5
125.5
125.75
125.0
125.0
125.0
125.0
125.0
125.75
125.75
124.5
124.5
125.0
125.0
125.0
125.25
125.25
125.75
125.75
126.25
126.25
126.25
126.25
124.0
124.0
125.25
125.25
124.75
123.5
123.5
124.0
124.0
123.25
123.25
123.5
123.5
123.25
123.25
123.0
123.0
121.0
121.0
122.25
122.25
121.75
121.75
122.5
122.5
123.5
123.5
124.75
124.75
126.0
126.0
126.5
126.5
125.25
125.75
125.75
123.75
123.75
123.75
125.75
126.0
126.0
124.25
124.25
125.0
125.0
125.0
125.0
125.5
125.5
125.5
122.75
122.75
124.0
124.0
123.5
123.5
122.75
122.75
122.75
121.0
121.0
120.0
120.0
120.0
121.5
122.75
122.75
124.0
124.0
124.5
124.25
124.25
124.5
124.5
124.5
124.5
125.5
125.5
126.25
126.25
126.0
126.0
126.5
126.5
127.75
127.75
129.5
129.5
129.75
130.25
130.25
128.5
128.5
128.5
125.75
125.75
125.25
125.25
126.25
126.0
126.0
125.75
125.75
126.0
126.0
127.0
127.0
126.75
126.75
126.75
126.75
127.25
127.25
127.5
127.5
126.75
126.75
127.5
127.5
126.5
126.5
128.0
128.0
125.75
125.75
125.25
125.25
125.75
125.75
125.25
125.25
125.5
125.5
126.75
127.25
127.25
127.25
126.0
126.25
126.25
126.25
124.25
123.25
123.25
122.75
122.75
122.75
121.75
122.0
122.0
122.0
119.75
119.5
119.5
120.25
120.25
120.0
120.0
120.0
119.5
119.5
119.75
119.5
119.5
119.75
119.75
120.0
120.0
118.5
118.5
120.5
120.5
119.75
119.75
119.75
117.75
118.0
118.0
117.75
117.75
117.75
118.5
118.5
118.75
118.75
118.75
118.75
118.75
118.75
118.75
118.75
118.75
118.75
118.75
118.75
121.0
121.0
121.0
121.0
121.0
121.0
121.0
121.0
121.0
121.0
121.0
121.0
121.0
121.67857142857143
122.35714285714286
123.03571428571429
123.71428571428571
124.39285714285714
125.07142857142857
125.75
125.75
126.75
126.75
124.5
124.5
124.0
124.0
121.0
121.0
120.5
120.5
121.5
121.5
122.25
122.25
122.0
123.25
123.25
123.0
123.0
124.25
124.25
125.25
125.25
125.0
125.0
124.5
124.5
124.5
124.0
124.0
124.0
124.0
123.75
124.0
124.0
123.75
123.75
123.75
123.75
127.0
127.0
127.25
127.5
127.5
129.0
129.0
129.0
127.25
127.25
127.25
127.25
127.25
128.75
128.75
128.0
126.25
126.25
125.75
125.75
125.25
125.25
124.25
124.25
119.5
119.5
122.75
122.75
122.75
122.75
121.75
121.75
124.5
124.5
124.25
124.25
126.5
126.5
128.25
128.25
128.0
128.0
126.0
126.0
126.0
126.0
126.0
126.0
125.75
125.75
125.75
125.75
125.75
130.75
131.25
131.25
131.5
131.5
132.75
132.75
132.25
132.25
132.0
132.0
133.75
130.25
130.25
133.75
133.75
132.75
132.75
131.5
131.5
132.0
132.0
130.5
130.25
130.25
129.0
129.0
129.0
129.0
127.5
127.5
126.5
126.5
126.25
126.25
125.25
125.25
125.75
125.75
127.0
126.75
126.75
127.25
127.25
127.5
127.5
125.25
125.25
124.5
124.5
124.5
124.5
125.75
125.75
125.0
125.0
125.25
125.25
125.75
125.75
124.5
124.5
124.0
124.0
123.75
123.75
122.0
122.0
123.0
123.0
123.25
126.5
126.5
127.5
127.5
127.25
127.25
125.75
125.75
127.25
127.25
126.0
126.0
127.25
127.25
127.0
127.0
127.0
126.75
128.5
128.5
130.5
130.5
129.0
129.0
128.0
129.0
129.0
128.75
128.75
126.75
126.75
128.5
129.25
129.25
128.75
128.75
130.5
130.5
130.25
130.25
128.0
128.0
128.5
128.5
126.5
126.5
129.25
129.25
130.75
130.75
131.75
131.75
132.75
132.75
132.75
132.25
134.5
134.5
134.75
134.75
132.5
132.5
133.25
133.25
130.75
132.0
132.0
132.25
132.25
131.0
131.0
131.5
131.5
131.75
131.75
128.0
128.0
128.0
128.0
127.5
127.5
128.0
128.0
128.0
128.0
129.25
128.5
128.5
128.5
128.0
128.0
128.5
128.5
130.5
130.5
130.25
130.25
130.0
130.0
130.25
130.25
130.5
129.25
129.25
129.5
129.5
128.25
128.25
128.5
128.5
128.75
128.75
128.5
128.5
127.25
127.25
128.0
128.0
128.5
129.5
129.5
128.0
128.0
127.75
127.75
127.75
127.75
128.25
128.25
128.25
129.25
129.25
129.25
129.25
130.75
130.75
132.0
132.0
132.75
132.75
133.25
131.5
131.5
130.0
130.0
130.0
129.75
129.75
129.75
125.25
125.25
128.75
128.75
126.0
131.25
131.25
131.75
131.75
131.75
131.75
133.25
133.25
131.75
131.75
130.25
130.25
129.25
129.0
129.0
129.5
129.5
129.5
129.5
129.5
127.75
130.25
130.25
130.5
130.5
128.5
128.5
129.0
130.25
130.25
125.0
125.0
125.75
125.75
125.0
125.0
125.25
125.25
125.5
125.5
125.0
125.0
125.0
125.0
126.5
126.5
128.5
127.5
127.5
129.5
129.5
127.25
127.25
128.0
128.0
128.0
128.0
126.75
126.75
124.75
124.75
124.25
124.5
124.5
125.75
125.75
126.5
126.5
127.75
127.75
128.5
128.5
125.25
125.25
123.0
123.0
123.0
125.25
125.25
125.25
125.25
125.5
125.5
125.5
125.5
125.25
125.25
125.5
125.5
155.5
153.75
153.75
152.25
152.25
152.25
152.25
152.25
152.5
152.5
152.5
152.5
152.25
152.25
152.25
152.25
152.5
143.80555555555554
135.11111111111111
126.41666666666667
117.72222222222223
109.02777777777777
100.33333333333333
91.63888888888889
82.94444444444444
74.25
74.25
75.0
75.0
75.0
75.0
76.5
76.5
75.75
75.75
76.0
76.0
76.0
76.0
76.0
75.75
75.75
76.0
76.0
75.75
75.75
75.75
82.41666666666667
89.08333333333333
95.75
102.41666666666667
109.08333333333333
115.75
115.75
116.75
116.75
115.75
115.75
111.5
111.5
110.75
110.75
110.0
110.0
113.25
113.25
113.25
113.5
113.5
115.0
115.0
115.0
115.0
110.0
110.0
125.75
125.75
124.5
124.5
123.0
123.0
122.5
122.5
122.5
122.75
122.75
123.25
123.25
124.0
124.0
124.5
124.5
124.25
125.5
125.5
126.25
126.25
127.0
127.0
126.5
126.5
126.0
126.0
126.25
126.25
127.0
127.0
127.0
127.0
126.25
126.25
119.25
119.25
121.0
121.0
117.75
117.75
116.75
116.75
117.0
117.0
117.75
117.75
118.5
118.5
118.75
118.75
119.75
119.75
121.0
121.0
121.75
121.75
122.5
122.5
123.0
123.0
123.75
123.75
123.25
123.25
123.0
123.0
122.25
122.25
122.5
123.0
123.0
122.75
122.75
122.75
122.75
122.75
122.75
123.25
123.25
124.0
124.0
147.5
147.5
147.5
147.5
147.5
147.5
147.5
147.5
147.25
147.25
147.5
147.5
142.6
137.7
132.8
127.9
123.0
123.0
123.5
123.5
124.5
124.5
126.0
126.25
126.25
129.25
129.25
129.0
129.0
130.25
130.5
130.5
131.0
131.0
131.25
131.25
131.0
131.0
131.5
131.5
133.25
133.5
133.5
132.0
132.0
130.5
130.5
131.25
131.25
131.75
131.75
130.75
130.75
130.25
131.25
131.25
128.75
128.75
129.5
129.5
129.75
129.75
129.0
129.0
128.0
125.75
125.75
125.75
124.0
121.75
121.75
120.25
120.25
120.25
120.25
120.25
119.0
119.0
119.25
119.25
119.25
119.25
119.75
119.75
121.75
122.25
122.25
123.0
123.0
123.75
123.75
120.75
120.75
120.75
120.75
123.5
123.5
125.75
125.75
123.5
123.5
125.25
125.25
123.5
123.5
123.0
123.0
125.75
125.75
125.75
125.75
125.25
127.25
127.25
127.75
127.75
126.75
126.75
126.0
126.0
125.75
125.75
125.75
125.75
126.5
126.5
126.75
126.75
127.5
127.5
128.0
128.75
128.75
129.75
129.75
130.25
130.25
130.25
130.25
131.75
131.75
133.5
132.75
132.75
132.5
132.5
133.0
133.0
132.25
132.0
132.0
132.0
128.25
129.5
129.5
128.5
128.5
123.0
123.0
123.75
123.75
123.75
123.75
123.75
123.75
123.75
124.0
124.0
123.75
124.0
124.0
124.1875
124.375
124.5625
124.75
124.9375
125.125
125.3125
125.5
125.6875
125.875
126.0625
126.25
126.4375
126.625
126.8125
127.0
127.1875
127.375
127.5625
127.75
127.75
127.75
121.0
121.0
121.0
120.75
120.75
121.0
121.0
121.0
120.75
120.75
120.75
121.0
121.09615384615384
121.1923076923077
121.28846153846153
121.38461538461539
121.48076923076923
121.57692307692308
121.67307692307692
121.76923076923077
121.86538461538461
121.96153846153847
122.0576923076923
122.15384615384616
122.25
122.34615384615384
122.4423076923077
122.53846153846153
122.63461538461539
122.73076923076923
122.82692307692308
122.92307692307692
123.01923076923077
123.11538461538461
123.21153846153847
123.3076923076923
123.40384615384616
123.5
123.59615384615384
123.6923076923077
123.78846153846153
123.88461538461539
123.98076923076923
124.07692307692308
124.17307692307692
124.26923076923077
124.36538461538461
124.46153846153847
124.5576923076923
124.65384615384616
124.75
124.75
124.75
124.75
126.75
126.75
130.75
130.75
130.75
130.75
130.75
130.75
130.75
131.0
131.0
131.0
131.0
131.0
135.45
139.9
144.35
148.8
153.25
153.25
163.75
163.75
163.75
163.75
163.75
163.75
163.75
163.75
163.75
163.75
156.47916666666666
149.20833333333334
141.9375
134.66666666666666
127.39583333333333
120.125
112.85416666666667
105.58333333333334
98.3125
91.04166666666667
83.77083333333334
76.5
76.5
77.75
77.75
77.75
80.5
80.5
80.5
81.5
81.5
80.5
80.5
80.5
80.5
80.5
82.25
82.25
82.25
83.25
83.25
83.25
83.25
83.25
83.5
83.5
83.5
83.5
83.5
83.5
83.5
84.66666666666667
85.83333333333333
87.0
88.16666666666667
89.33333333333333
90.5
91.66666666666667
92.83333333333333
94.0
95.16666666666667
96.33333333333333
97.5
98.66666666666667
99.83333333333333
101.0
102.16666666666667
103.33333333333333
104.5
105.66666666666667
106.83333333333333
108.0
109.16666666666667
110.33333333333333
111.5
112.66666666666667
113.83333333333333
115.0
116.16666666666667
117.33333333333333
118.5
118.5
118.5
118.5
118.5
118.5
118.5
118.5
118.5
118.5
118.5
118.5
118.25
118.25
118.5
118.5
119.375
120.25
121.125
122.0
122.875
123.75
123.75
123.5
123.5
124.5
124.5
124.5
125.25
125.25
125.25
125.5
125.5
125.25
125.5
125.5
132.75
132.75
132.75
132.75
132.75
132.75
133.0
133.0
133.0
133.0
133.0
131.86363636363637
130.72727272727272
129.5909090909091
128.45454545454547
127.31818181818181
126.18181818181819
125.04545454545455
123.9090909090909
122.77272727272727
121.63636363636364
120.5
120.5
121.75
121.75
121.75
121.75
121.75
122.25
122.25
122.5
122.5
124.5
122.25
122.25
121.75
121.0
121.0
121.0
122.5
122.5
123.75
123.5
123.5
122.25
122.25
125.75
125.75
126.0
126.0
128.0
128.0
127.25
127.25
126.0
126.0
120.5
120.5
120.5
120.5
120.5
120.5
120.5
120.5
120.25
120.25
120.25
120.25
120.67307692307692
121.09615384615384
121.51923076923077
121.9423076923077
122.36538461538461
122.78846153846153
123.21153846153847
123.63461538461539
124.0576923076923
124.48076923076923
124.90384615384616
125.32692307692308
125.75
125.75
125.25
125.25
125.25
125.25
125.5
125.5
125.5
125.5
125.5
125.25
125.25
125.25
125.25
125.25
125.67857142857143
126.10714285714286
126.53571428571429
126.96428571428571
127.39285714285714
127.82142857142857
128.25
128.75
128.75
129.0
129.0
130.75
130.75
131.5
133.0
133.0
133.75
133.75
133.5
133.5
133.25
133.25
133.5
134.25
134.25
131.5
131.5
135.0
135.0
133.0
132.0
132.0
129.25
129.25
126.25
126.25
128.75
128.75
129.75
129.75
125.75
125.75
126.75
126.75
125.5
125.5
125.5
125.5
125.0
125.0
123.0
123.0
123.0
123.0
123.5
123.5
123.0
123.0
123.75
123.75
124.25
124.25
124.25
125.75
125.75
125.5
125.5
125.5
125.5
125.25
125.25
125.25
125.25
126.25
126.25
126.25
126.25
126.25
126.25
125.75
125.75
125.75
125.75
125.75
123.5
123.5
131.5
131.5
125.5
125.5
126.0
126.0
124.75
124.75
122.75
122.75
122.75
122.75
123.0
123.0
123.0
123.0
123.0
123.0
123.0
123.0
123.0
123.0
122.75
124.1875
125.625
127.0625
128.5
128.5
128.0
128.0
127.0
127.0
127.0
127.0
127.0
127.0
127.0
127.0
127.0
126.75
126.75
126.75
126.75
126.75
126.75
127.0
127.56666666666666
128.13333333333333
128.7
129.26666666666668
129.83333333333334
130.4
130.96666666666667
131.53333333333333
132.1
132.66666666666666
133.23333333333332
133.8
134.36666666666667
134.93333333333334
135.5
135.5
131.25
132.0
132.0
132.0
132.75
132.75
132.75
132.75
132.0
132.0
137.5
137.5
141.75
141.75
142.0
142.0
142.0
142.0
142.0
149.25
149.25
149.25
149.25
149.25
149.25
149.25
149.25
149.5
149.5
149.5
149.25
149.25
148.29375
147.3375
146.38125
145.425
144.46875
143.5125
142.55625
141.6
140.64375
139.6875
138.73125
137.775
136.81875
135.8625
134.90625
133.95
132.99375
132.0375
131.08125
130.125
129.16875
128.2125
127.25625
126.3
125.34375
124.3875
123.43125
122.475
121.51875
120.5625
119.60625
118.65
117.69375
116.7375
115.78125
114.825
113.86874999999999
112.9125
111.95625
111.0
111.0
109.25
109.25
109.25
107.75
107.75
108.0
108.0
108.0
108.0
108.0
108.0
108.0
108.0
108.0
107.75
109.38
111.01
112.64
114.27
115.9
117.53
119.16
120.78999999999999
122.42
124.05
125.67999999999999
127.31
128.94
130.57
132.2
133.82999999999998
135.46
137.09
138.72
140.35
141.98
143.60999999999999
145.24
146.87
148.5
148.5
148.5
142.25
142.25
138.0
138.0
138.0
138.0
138.0
138.0
138.0
138.0
138.0
138.0
137.75
137.75
137.5
137.25
137.0
136.75
136.5
136.25
136.0
135.75
135.5
135.25
135.0
134.75
134.5
134.25
134.0
133.75
133.5
133.25
133.0
132.75
132.5
132.25
132.0
131.75
131.5
131.25
131.0
130.75
130.5
130.25
130.25
130.25
130.25
130.25
130.25
130.5
130.5
130.5
130.25
130.25
129.15625
128.0625
126.96875
125.875
124.78125
123.6875
122.59375
121.5
121.5
121.5
121.5
121.25
121.25
121.25
121.25
121.25
121.25
121.5
121.5
121.65
121.8
121.95
122.1
122.25
122.25
121.75
121.75
122.5
122.5
122.25
122.25
120.25
120.25
122.25
122.25
123.75
123.75
123.5
123.5
123.0
123.0
124.0
124.0
123.5
123.5
122.5
122.5
122.75
122.75
125.0
125.0
124.0
124.0
126.0
126.0
124.5
124.5
125.0
125.0
124.5
124.5
124.5
124.5
124.5
125.25
125.25
125.0
125.0
125.0
125.0
126.75
126.75
128.5
128.5
129.0
129.0
131.25
130.5
130.5
129.5
129.5
129.5
131.5
132.0
132.0
130.5
130.5
128.0
128.0
123.5
123.5
121.75
121.75
121.75
121.75
115.75
115.75
117.0
117.0
119.25
119.25
120.25
120.25
119.5
122.75
122.75
122.75
122.75
122.75
122.75
123.0
123.0
122.75
122.75
127.25
127.25
126.0
126.0
125.5
125.5
126.0
125.75
125.75
125.25
125.25
124.75
124.75
124.5
124.5
125.0
125.0
124.75
124.75
125.75
125.75
126.25
126.25
127.25
127.25
127.25
127.25
126.75
126.75
127.0
128.5
128.5
126.5
126.5
122.75
122.75
122.5
122.5
121.0
121.0
121.5
121.5
121.75
121.75
124.0
124.0
125.5
125.5
128.75
128.75
130.5
131.5
131.5
130.0
130.0
128.75
128.75
129.0
129.0
132.0
132.0
139.5
139.5
139.5
139.5
139.5
139.5
139.5
139.5
139.25
139.25
139.25
137.25
135.25
133.25
131.25
129.25
127.25
125.25
125.25
125.25
125.5
125.5
125.5
125.5
125.25
128.25
128.25
126.25
126.25
126.5
126.5
126.25
126.25
126.25
126.25
126.25
126.25
126.25
126.25
126.875
127.5
128.125
128.75
129.375
130.0
130.0
131.5
131.5
131.25
132.0
132.0
131.75
131.75
132.75
132.75
133.0
133.0
132.75
133.25
133.25
133.5
133.5
134.25
134.25
133.75
133.75
133.25
133.25
131.25
131.5
131.5
128.25
128.25
125.0
125.0
124.5
124.5
122.5
122.5
122.75
122.75
123.75
123.75
124.0
124.0
123.5
123.5
123.5
123.5
122.25
122.25
123.5
124.5
124.5
123.25
123.25
123.25
122.0
121.75
121.75
120.25
120.25
120.25
122.75
122.75
126.0
126.0
126.5
126.5
125.25
125.25
129.0
130.75
130.75
130.5
130.5
130.25
130.25
130.0
131.5
131.5
131.5
131.0
130.25
130.25
132.5
132.5
133.0
133.0
143.75
143.75
142.25
142.25
144.0
146.25
146.25
145.75
148.25
148.25
148.25
148.25
148.25
148.25
148.25
148.5
148.25
148.25
141.5681818181818
134.88636363636363
128.20454545454547
121.52272727272728
114.8409090909091
108.1590909090909
101.47727272727273
94.79545454545455
88.11363636363636
81.43181818181819
74.75
74.75
73.5
73.5
73.5
73.5
72.0
72.0
72.0
72.0
72.0
71.75
71.75
71.75
71.75
71.75
71.75
72.0
71.75
71.75
72.625
73.5
74.375
75.25
76.125
77.0
77.875
78.75
78.75
80.5
80.5
80.5
80.5
77.0
77.0
76.75
76.75
76.75
76.75
76.75
77.25
77.25
77.25
78.0
78.0
78.25
78.25
77.75
77.75
77.75
78.25
78.25
79.25
79.25
80.5
80.5
80.5
80.75
80.75
80.75
82.25
82.25
82.25
82.25
82.5
82.5
81.75
81.75
81.75
78.75
78.75
81.25
81.25
81.25
81.25
81.25
81.25
82.75
82.75
82.75
82.0
82.0
82.0
81.25
81.25
82.5
82.5
82.5
82.75
82.75
81.5
81.5
81.25
81.25
81.25
79.5
79.5
79.5
79.5
79.5
79.5
79.5
79.25
79.25
79.5
79.5
79.5
79.5
79.5
86.07142857142857
92.64285714285714
99.21428571428571
105.78571428571428
112.35714285714286
118.92857142857143
125.5
126.25
126.25
125.75
125.75
127.25
127.25
123.75
123.75
127.25
128.5
128.5
129.75
129.75
129.0
129.0
130.25
130.25
131.75
131.75
130.25
130.25
130.25
130.25
129.0
129.0
129.0
129.0
129.5
129.5
132.75
133.75
133.75
130.25
130.25
128.75
129.25
129.25
129.25
129.25
129.5
129.5
129.5
129.5
129.5
129.5
129.5
129.5
129.5
129.5
129.5
129.25
129.25
129.5
129.5
128.96666666666667
128.43333333333334
127.9
127.36666666666666
126.83333333333333
126.3
125.76666666666667
125.23333333333333
124.7
124.16666666666667
123.63333333333334
123.1
122.56666666666666
122.03333333333333
121.5
121.5
124.5
124.5
127.5
127.5
127.75
127.75
126.25
126.25
125.75
125.75
126.75
127.5
127.5
127.5
126.5
126.5
127.5
127.5
129.0
129.25
129.25
130.25
130.25
129.5
129.5
130.0
132.25
132.25
132.5
132.5
132.75
132.75
132.75
134.25
134.25
134.0
134.0
134.25
134.25
134.75
134.5
134.5
135.5
135.5
135.0
135.0
134.25
134.25
133.0
133.0
133.75
130.75
130.75
128.0
128.0
126.25
126.25
126.75
126.75
125.75
125.75
125.25
125.25
125.25
125.25
125.25
125.25
125.25
125.5
125.5
125.5
125.0
124.75
124.75
126.75
126.75
130.0
132.0
132.0
131.5
131.5
131.5
130.5
130.5
128.5
128.5
128.5
126.5
126.5
126.25
126.25
126.25
126.25
128.25
128.25
128.25
127.75
129.0
129.0
130.25
130.25
130.25
132.25
132.25
132.25
132.25
132.25
132.25
132.5
132.5
132.25
132.25
131.75
129.75
129.75
130.25
130.25
130.75
130.75
131.5
131.5
131.25
131.25
131.5
132.5
132.5
133.5
133.5
133.75
133.75
133.5
135.0
135.0
135.0
135.0
135.75
135.75
134.25
134.25
133.75
135.0
135.0
133.5
133.5
131.0
131.0
133.0
133.0
130.25
130.25
130.25
127.75
127.75
127.5
127.5
129.0
129.0
124.25
124.25
125.0
125.0
126.75
126.75
128.75
128.75
130.25
130.25
130.5
130.5
130.75
131.75
131.75
131.5
131.5
131.5
131.5
132.25
132.25
132.0
130.75
130.75
130.75
127.75
127.75
128.5
127.75
127.75
128.25
128.25
129.5
129.5
130.25
130.25
131.0
131.0
131.5
130.25
130.25
132.0
132.0
126.25
126.25
126.0
126.0
127.5
127.5
127.0
127.0
127.75
127.75
127.25
127.25
126.75
125.0
125.0
131.75
131.75
131.5
131.5
130.25
130.25
129.5
129.5
129.75
129.75
130.75
131.75
131.75
132.5
132.5
133.5
133.5
134.25
134.0
134.0
132.75
132.75
133.75
133.75
134.5
134.5
134.0
134.0
134.0
135.0
135.0
134.0
134.0
134.25
134.25
133.5
133.5
133.5
133.5
133.5
134.25
134.25
135.0
135.0
134.0
132.25
132.25
129.5
129.5
128.5
128.5
127.5
127.5
130.0
130.0
126.75
126.75
125.75
125.75
128.5
128.5
126.25
126.25
126.25
126.5
126.5
126.5
127.0
126.75
126.75
128.0
128.0
129.25
129.25
128.5
128.5
128.5
128.5
128.75
128.75
128.75
129.5
129.5
130.25
130.25
128.5
128.5
129.0
129.0
128.5
128.5
127.75
127.75
128.5
128.5
128.25
126.25
126.25
126.5
126.5
126.5
126.5
125.25
125.25
126.25
126.25
127.25
127.25
127.75
129.0
129.0
129.0
129.0
129.75
129.75
129.0
129.0
129.25
129.25
128.5
128.5
129.5
129.5
129.5
129.5
129.5
129.5
129.5
130.25
130.25
130.75
130.75
131.0
131.5
131.5
132.0
132.0
132.75
132.75
132.0
132.0
132.0
131.5
131.5
133.0
133.0
132.75
132.75
135.0
135.0
133.75
134.0
134.0
133.75
133.75
133.75
133.75
133.75
128.5
128.5
129.25
133.75
133.75
127.0
127.0
116.75
116.75
116.75
117.0
117.0
117.0
117.0
117.0
117.0
117.0
117.0
117.0
119.0
121.0
123.0
125.0
127.0
127.0
125.75
125.75
125.75
124.5
124.5
124.5
123.5
123.5
123.5
123.5
123.5
123.25
123.25
123.5
123.5
123.5
123.5
123.5
123.703125
123.90625
124.109375
124.3125
124.515625
124.71875
124.921875
125.125
125.328125
125.53125
125.734375
125.9375
126.140625
126.34375
126.546875
126.75
126.75
126.75
124.75
124.75
124.75
124.75
124.75
124.75
125.0
125.0
125.0
125.0
124.75
124.75
120.85416666666667
116.95833333333333
113.0625
109.16666666666667
105.27083333333333
101.375
97.47916666666667
93.58333333333333
89.6875
85.79166666666667
81.89583333333333
78.0
78.0
77.5
77.5
76.75
76.75
76.75
76.5
76.5
77.0
77.0
77.0
77.0
77.0
76.25
76.25
76.25
77.25
77.25
77.25
76.25
76.25
76.25
76.25
76.25
76.25
76.25
76.25
76.25
76.25
76.5
76.5
76.80555555555556
77.11111111111111
77.41666666666667
77.72222222222223
78.02777777777777
78.33333333333333
78.63888888888889
78.94444444444444
79.25
79.25
79.25
79.25
79.25
79.5
79.5
79.25
79.25
79.25
79.25
79.5
79.5
79.65
79.8
79.95
80.1
80.25
80.4
80.55
80.7
80.85
81.0
81.0
80.5
80.5
80.5
80.5
80.5
80.5
80.5
77.5
77.5
77.0
77.0
77.0
77.0
77.0
77.75
77.75
77.75
78.5
78.5
78.5
81.0
81.0
81.0
80.25
80.25
80.25
80.25
80.25
80.25
80.25
80.25
80.25
80.25
80.25
80.25
80.25
80.25
80.5
80.5
81.69444444444444
82.88888888888889
84.08333333333333
85.27777777777777
86.47222222222223
87.66666666666667
88.86111111111111
90.05555555555556
91.25
92.44444444444444
93.63888888888889
94.83333333333333
96.02777777777777
97.22222222222223
98.41666666666667
99.61111111111111
100.80555555555556
102.0
103.19444444444444
104.38888888888889
105.58333333333333
106.77777777777777
107.97222222222223
109.16666666666667
110.36111111111111
111.55555555555556
112.75
113.94444444444444
115.13888888888889
116.33333333333333
117.52777777777777
118.72222222222223
119.91666666666667
121.11111111111111
122.30555555555556
123.5
123.5
122.25
122.25
120.0
122.5
122.5
122.25
122.25
122.25
120.75
120.75
120.75
120.75
120.25
120.25
120.25
120.25
120.25
120.25
120.5
120.5
120.5
120.5
117.25
117.25
117.5
117.5
117.75
117.75
117.0
117.0
119.5
119.5
121.5
121.5
121.75
121.75
123.0
123.0
122.25
122.25
123.25
123.25
123.5
123.5
123.5
123.5
123.5
123.5
123.25
124.25
124.25
124.0
124.0
125.75
125.75
126.75
126.75
128.5
128.5
128.5
128.5
128.5
128.25
128.25
128.25
128.25
127.5
127.5
126.25
126.25
124.0
124.0
121.75
121.75
121.5
121.5
122.75
122.75
123.0
123.0
123.75
123.75
126.0
126.0
129.25
129.25
129.0
129.0
129.0
131.0
131.0
131.0
131.0
131.0
131.0
131.0
131.0
130.75
130.75
128.5
128.5
128.5
128.5
128.5
128.25
128.25
126.75
126.75
127.25
127.25
127.25
127.25
128.0
128.0
127.5
127.5
128.5
128.5
128.5
130.25
130.25
128.75
128.75
132.0
132.0
131.0
132.5
132.5
132.25
132.25
132.75
132.75
130.75
130.75
128.0
128.0
127.0
127.0
123.5
123.5
121.0
121.0
120.25
120.25
120.75
120.75
121.0
121.0
124.5
126.25
126.25
127.25
127.25
126.25
126.25
126.75
126.75
127.25
127.25
128.0
128.0
128.0
128.0
128.0
128.0
127.75
128.0
128.0
126.75
126.75
125.75
125.75
125.75
126.0
127.25
127.25
127.25
127.25
127.25
127.25
127.5
127.5
127.5
127.5
128.75
128.75
128.75
129.75
129.75
132.75
132.75
132.5
132.25
132.25
132.0
132.0
132.0
132.0
132.75
132.75
132.75
132.75
133.25
132.75
132.75
130.75
130.75
130.5
130.5
128.75
127.0
127.0
123.5
123.5
123.5
124.0
124.0
125.5
125.75
125.75
125.75
125.75
126.0
126.0
126.5
126.5
125.25
125.25
125.25
125.25
125.25
125.25
125.5
125.5
125.0
125.0
125.25
125.25
125.0
125.0
125.5
125.5
125.5
126.25
126.25
126.0
126.0
127.5
127.5
127.5
126.75
126.25
126.25
129.0
129.0
130.0
130.25
130.25
130.25
130.25
130.25
130.25
130.0
130.0
131.5
132.0
132.0
130.75
130.75
129.5
129.5
129.5
129.5
129.5
129.5
129.5
129.5
129.5
130.25
130.25
133.75
133.75
132.75
132.75
132.75
132.75
132.0
131.5
131.5
131.75
131.75
130.25
130.25
129.75
129.75
129.0
129.0
128.0
128.0
127.25
126.5
126.5
126.0
126.0
125.25
125.25
124.5
124.5
124.25
124.25
124.75
124.75
124.75
124.75
124.5
124.5
125.75
125.75
126.75
126.75
126.75
126.75
127.5
127.25
127.25
127.25
128.25
129.25
129.25
129.0
129.0
129.75
129.75
128.5
128.25
128.25
127.75
127.75
128.0
128.0
128.5
128.5
128.75
128.75
128.5
128.5
128.5
128.5
128.25
128.25
128.25
127.5
127.5
127.25
127.25
128.0
128.0
128.5
128.5
128.0
128.0
128.5
128.5
128.75
127.25
127.25
126.75
126.75
127.75
127.75
128.75
128.75
131.25
131.25
130.0
130.0
131.0
131.0
131.5
130.5
130.5
130.25
130.25
130.25
130.25
128.5
128.5
128.0
128.0
126.75
126.75
125.75
126.75
126.75
125.25
125.25
126.5
126.5
127.25
127.25
127.25
127.25
127.25
127.25
128.5
128.5
129.0
129.0
129.0
127.75
127.75
126.0
126.0
126.0
126.0
123.5
123.5
121.5
121.5
118.75
118.75
119.5
119.5
120.0
120.0
120.0
120.0
121.75
121.75
126.0
126.0
127.5
127.5
128.0
128.0
129.5
129.5
129.0
129.0
129.0
129.0
129.0
127.75
128.0
128.0
128.5
128.5
128.5
129.5
129.5
129.25
129.25
130.25
131.5
131.5
131.0
131.0
129.25
129.25
125.0
125.0
122.25
122.25
122.25
122.25
122.25
122.25
123.0
123.0
123.5
123.5
123.0
122.75
122.75
122.25
122.25
124.0
124.0
124.5
124.5
124.75
124.75
124.75
124.75
123.25
123.25
124.0
124.0
124.0
124.0
124.0
124.0
123.75
123.75
123.5
123.5
123.5
123.5
123.5
123.5
123.5
123.5
123.25
123.25
123.25
123.25
126.5
126.5
127.25
126.75
126.75
126.5
126.5
126.75
126.75
126.25
126.25
126.0
126.0
126.0
125.25
125.25
125.0
125.0
123.5
123.5
123.5
123.5
123.0
123.0
121.0
121.0
121.75
121.75
121.75
122.0
122.0
122.0
121.75
121.75
122.0
122.0
122.0
122.0
126.21875
130.4375
134.65625
138.875
143.09375
147.3125
151.53125
155.75
154.5
154.5
153.0
148.0
148.0
147.25
151.0
151.0
152.5
152.5
151.0
155.75
155.75
157.0
157.0
157.0
157.0
157.0
157.0
157.0
157.0
157.0
157.0
157.0
154.35
151.7
149.05
146.4
143.75
141.1
138.45
135.8
133.15
130.5
127.85
125.2
122.55
119.9
117.25
117.25
117.25
114.25
114.25
114.25
114.25
114.25
114.25
114.25
114.5
114.5
114.5
114.25
114.25
