142.0
142.0
144.25
140.25
139.5
139.5
140.75
140.75
139.75
138.5
138.5
130.75
130.75
134.75
134.75
134.75
129.25
129.25
129.25
130.5
130.5
132.5
132.5
132.75
134.0
134.0
133.0
133.0
132.5
132.5
133.5
133.5
133.5
133.5
133.5
133.5
133.25
133.25
133.25
133.25
133.25
133.25
133.25
133.25
133.25
133.25
133.25
135.0
135.0
135.0
135.0
135.75
135.75
135.75
135.75
135.75
135.75
138.25
139.5
139.5
139.75
139.75
140.0
140.75
140.75
142.0
142.0
141.75
142.75
142.75
142.0
142.0
142.75
143.25
143.25
142.25
142.25
144.0
143.0
143.0
144.0
144.0
143.0
143.0
143.25
143.25
143.0
142.25
142.25
142.25
144.0
145.0
145.0
145.0
145.0
144.0
143.25
143.25
144.75
144.75
141.5
141.5
144.0
143.5
143.5
143.5
143.5
143.5
143.5
143.25
145.0
145.0
144.75
145.0
145.0
144.0
144.0
143.75
145.0
145.0
144.5
144.5
144.25
144.25
144.25
145.25
145.25
145.75
146.25
146.25
145.0
145.0
144.0
144.0
144.5
144.5
144.5
144.25
144.25
144.25
142.0
142.0
141.25
142.0
142.0
142.5
142.5
142.0
143.5
143.5
141.25
141.25
142.0
141.5
141.5
141.25
141.25
143.0
143.0
143.25
141.25
141.25
142.5
142.5
143.5
142.0
142.0
141.0
141.0
144.0
143.75
143.75
142.5
142.5
142.5
142.25
142.25
142.0
142.0
142.25
142.25
141.25
142.0
142.0
140.0
140.0
138.5
138.5
140.75
139.25
139.25
138.5
138.5
138.5
138.5
140.5
142.25
142.25
142.5
143.0
143.0
143.25
143.25
143.25
143.25
143.25
145.0
145.0
142.0
143.5
143.5
142.0
142.0
142.0
143.25
143.25
142.25
142.25
141.0
141.0
142.5
140.5
140.5
139.5
139.5
141.75
142.5
142.5
142.5
142.5
143.25
143.25
143.25
145.0
145.0
147.5
146.5
146.5
146.5
146.5
146.5
145.0
145.0
143.5
143.5
143.25
142.25
142.25
141.75
141.75
140.75
142.25
142.25
142.0
142.0
141.0
140.75
140.75
140.75
140.75
141.25
141.25
140.5
139.5
139.5
138.0
138.0
138.5
140.25
140.25
138.75
138.75
141.25
141.25
141.25
141.25
141.25
141.5
141.5
141.25
141.25
142.25
142.25
142.25
143.25
145.0
145.0
145.5
145.5
145.5
146.0
146.0
146.25
147.25
147.25
148.0
148.0
147.0
146.25
146.25
147.5
147.5
148.25
147.25
147.25
149.25
149.25
144.75
143.25
143.25
147.5
147.75
147.75
146.75
146.75
146.0
146.0
142.0
142.0
143.75
144.5
144.5
143.75
143.75
143.0
144.5
144.5
145.0
145.0
144.75
145.25
145.25
145.0
145.0
145.0
147.0
147.0
145.0
145.25
145.25
146.0
146.0
143.75
143.5
143.5
146.0
146.0
143.25
143.25
141.5
141.25
141.25
140.0
140.0
142.0
142.75
142.75
142.0
142.0
143.25
143.25
143.25
143.75
143.75
147.0
146.5
146.5
147.75
147.75
147.0
148.25
148.25
149.5
148.75
148.75
148.0
148.5
148.5
147.75
147.75
146.75
145.25
145.25
145.25
145.25
144.5
143.25
143.25
143.0
143.0
142.5
142.5
142.5
141.25
141.25
145.5
145.5
139.25
136.75
136.75
139.25
139.25
140.5
140.5
135.75
134.0
134.0
135.5
135.5
137.25
137.25
139.25
137.5
137.5
138.0
138.0
137.5
138.5
138.5
141.25
141.25
141.25
141.25
142.5
144.5
144.5
144.0
143.0
143.0
146.25
146.25
146.75
146.0
146.0
146.25
146.25
146.75
146.75
147.0
147.0
147.5
147.5
146.0
144.75
144.75
144.75
146.75
146.0
146.0
148.5
147.5
147.5
146.25
146.25
146.5
146.25
146.25
147.0
147.0
146.25
146.0
146.0
145.0
145.0
145.5
144.5
144.5
145.25
145.25
143.25
143.75
143.75
144.75
144.75
146.25
145.0
145.0
144.5
146.5
146.5
146.5
146.5
146.75
147.0
147.0
147.0
147.0
147.0
146.75
146.75
146.75
149.25
149.25
150.5
150.5
149.25
149.5
149.5
151.0
151.5
151.5
150.25
149.0
149.0
149.0
149.0
148.0
148.0
148.0
148.25
148.25
146.5
146.5
145.5
147.25
147.25
143.25
143.25
146.0
144.5
144.5
138.0
138.0
137.75
138.25
138.25
138.0
138.0
138.75
138.75
139.75
138.5
138.5
140.5
140.5
140.75
141.75
141.75
141.0
141.0
139.5
139.5
138.25
136.75
136.75
136.5
136.5
138.25
138.25
139.0
139.75
139.75
140.0
140.0
138.75
139.25
139.25
138.5
138.5
136.75
136.75
135.5
135.5
132.75
132.5
132.5
133.0
133.0
133.5
133.5
131.5
131.5
131.5
132.0
132.0
130.75
130.75
130.25
130.25
131.0
131.0
132.25
131.75
131.75
132.75
132.75
134.0
134.0
134.25
134.25
136.75
137.5
137.5
136.5
136.5
137.25
137.25
139.25
137.5
137.5
137.25
137.25
140.0
142.0
142.0
141.0
141.0
139.0
139.0
141.25
142.0
142.0
142.75
142.75
143.25
143.25
143.25
143.25
143.25
143.25
143.75
143.75
145.0
145.0
145.0
146.75
146.75
144.5
144.5
145.0
146.5
146.5
143.0
143.0
141.75
142.0
142.0
137.75
137.75
140.0
140.0
137.5
137.25
137.25
137.5
137.5
137.75
137.25
137.25
136.25
136.25
136.5
136.5
132.0
132.0
130.75
130.75
113.5
113.5
118.0
118.0
122.5
122.5
119.5
119.5
121.25
121.25
122.0
122.0
124.0
124.0
124.75
124.75
126.25
127.25
127.25
126.75
126.75
128.0
128.0
127.25
127.25
129.0
129.0
129.25
129.25
131.0
131.0
131.0
130.5
130.5
133.25
133.25
133.25
133.25
133.5
133.5
135.75
135.25
135.25
135.0
135.0
135.75
138.5
138.5
139.5
139.5
138.5
141.5
141.5
144.0
144.0
142.0
142.0
144.5
144.5
144.5
140.75
140.75
144.0
142.25
142.25
140.0
140.0
140.75
142.25
142.25
137.5
137.5
140.75
140.0
140.0
139.25
139.25
142.0
142.0
140.75
138.25
138.25
136.75
136.75
137.25
137.25
134.75
135.0
135.0
137.0
137.0
135.75
135.75
136.75
137.0
137.0
135.75
135.75
135.75
135.75
132.75
132.75
133.5
133.5
129.0
129.0
129.0
126.5
126.5
126.5
126.5
123.25
123.25
123.5
123.5
123.0
123.0
124.0
124.0
124.5
124.5
126.25
126.25
127.75
127.75
129.0
129.0
130.75
130.75
130.0
130.25
130.25
131.25
131.25
130.25
131.0
131.0
132.25
132.25
133.25
133.25
132.0
135.75
135.75
136.25
136.25
139.75
139.75
140.5
140.5
141.5
142.25
142.25
143.0
142.5
142.5
142.5
142.5
142.5
142.5
142.25
143.25
143.25
145.0
145.25
145.25
144.25
144.25
145.0
145.75
145.75
145.5
146.75
146.75
143.75
143.75
144.0
144.0
145.25
146.75
146.75
146.0
146.0
145.5
145.0
145.0
142.75
142.75
145.75
145.0
145.0
145.0
145.0
145.0
144.75
144.75
144.75
144.75
143.0
143.0
140.75
140.5
140.5
139.75
139.75
138.0
138.0
137.0
135.75
135.75
138.5
140.75
140.75
139.0
139.0
140.5
140.5
142.25
140.75
140.75
141.5
141.5
142.0
142.0
142.0
142.75
142.75
143.75
141.75
141.75
140.75
140.75
139.5
139.5
139.5
137.5
137.5
137.25
137.25
136.75
136.75
130.25
129.25
129.25
130.25
130.25
131.0
131.0
131.5
131.5
132.0
132.0
133.5
133.5
133.5
134.0
134.0
133.75
133.75
135.5
135.5
137.75
138.5
138.5
139.25
139.25
139.75
140.0
140.0
141.5
141.5
141.0
141.25
141.25
142.0
142.0
140.25
140.25
140.25
140.25
140.25
140.25
140.5
140.5
140.5
137.75
137.75
137.25
136.75
136.75
137.5
137.5
135.5
135.0
135.0
135.25
135.25
135.75
135.75
135.75
135.75
135.5
135.5
135.5
135.5
135.5
135.5
135.5
135.5
135.5
135.5
135.5
136.5
136.5
135.75
135.75
137.25
137.25
138.25
138.25
135.75
138.25
138.25
139.5
139.5
139.25
139.25
139.25
139.25
139.25
141.25
142.5
142.5
141.75
141.75
142.0
142.0
141.5
141.0
141.0
143.0
143.0
143.25
143.25
143.25
144.0
144.0
142.0
143.25
143.25
140.0
140.0
142.0
136.5
136.5
138.25
138.25
135.75
135.75
137.0
137.0
136.75
136.25
136.25
138.5
138.5
138.5
138.5
139.0
140.0
140.0
139.5
139.5
139.25
142.0
142.0
142.5
142.5
142.25
143.25
143.25
143.25
143.25
140.75
140.5
140.5
141.5
141.5
141.5
141.5
141.5
141.5
141.5
141.25
141.25
141.25
140.0
140.0
139.0
139.0
138.5
138.5
138.5
137.25
137.25
137.5
137.5
136.0
136.0
134.5
133.5
133.5
134.25
134.25
133.25
133.25
131.75
131.75
131.5
135.75
135.75
135.0
135.0
135.5
135.5
135.25
136.5
136.5
137.25
137.25
136.75
136.75
138.25
138.25
139.5
139.75
139.75
139.25
139.25
139.0
139.0
137.5
135.75
135.75
135.75
135.75
135.75
135.75
136.0
135.75
135.75
139.25
139.25
140.0
141.0
141.0
140.0
140.0
141.25
142.5
142.5
140.25
140.25
140.75
140.75
140.75
139.5
139.5
140.5
140.75
140.75
138.0
138.0
140.25
141.25
141.25
137.25
137.25
136.25
136.25
137.5
137.5
139.25
141.0
141.0
141.0
141.0
140.75
140.75
140.75
141.0
141.0
142.5
143.0
143.0
145.0
145.0
146.5
146.0
146.0
145.25
145.25
146.5
146.0
146.0
145.5
146.5
146.5
145.25
145.25
145.5
146.25
146.25
144.75
144.75
142.0
142.0
141.0
144.5
144.5
144.25
144.25
143.25
142.75
142.75
144.75
144.75
144.75
145.0
145.0
145.0
145.0
146.5
147.75
147.75
150.0
147.0
147.0
149.25
149.25
150.0
149.25
149.25
148.25
147.5
147.5
145.75
145.75
143.25
143.25
142.75
143.25
143.25
143.25
143.75
143.75
144.75
144.75
144.75
144.75
144.25
145.0
145.0
145.75
147.0
147.0
146.0
146.0
145.25
148.0
148.0
150.0
151.75
151.75
150.5
150.5
148.5
150.0
150.0
148.75
148.75
146.25
145.75
145.75
146.0
146.0
145.5
144.25
144.25
142.25
142.25
141.25
142.75
142.75
143.25
141.0
141.0
138.25
138.25
137.0
137.0
139.5
139.0
139.0
139.0
136.75
137.0
137.0
136.75
136.75
136.25
136.25
140.0
137.5
137.5
137.5
136.75
136.75
138.0
138.0
138.0
138.0
139.5
138.25
138.25
137.25
137.25
138.5
138.5
132.5
132.5
132.0
133.0
133.0
131.0
131.0
130.25
130.25
131.25
131.25
134.0
134.0
134.75
136.25
136.25
137.25
137.25
138.0
138.0
140.0
141.5
141.5
142.5
142.5
143.0
143.25
143.25
143.5
143.5
145.0
146.0
146.0
146.75
147.0
147.0
147.25
147.25
147.5
147.75
147.75
145.5
145.5
143.25
143.25
140.0
138.75
138.75
137.0
137.0
138.75
139.5
139.5
140.0
140.0
140.75
140.75
142.0
142.25
142.25
142.5
142.5
144.0
145.25
145.25
145.25
146.5
146.5
147.0
147.0
149.5
147.0
147.0
146.25
147.75
147.75
146.75
146.75
146.0
145.75
145.75
145.25
145.25
145.0
145.0
143.75
144.5
144.5
144.25
140.75
140.75
138.5
138.5
135.5
135.5
137.5
136.75
136.75
134.0
134.0
133.0
133.0
134.25
134.25
132.25
132.25
132.0
132.0
132.0
133.5
133.5
130.25
130.25
129.5
129.5
129.0
129.0
130.0
131.0
131.0
138.5
138.5
133.25
133.25
134.25
134.25
133.75
134.75
134.75
132.25
132.25
133.5
133.5
134.25
135.75
135.75
136.5
136.5
137.0
137.0
137.75
137.75
137.75
138.75
138.75
138.0
138.0
138.5
139.5
139.5
139.75
139.75
141.0
139.75
139.75
139.25
139.25
139.5
139.5
139.5
139.5
139.5
139.5
139.5
139.25
139.0
139.0
138.25
138.25
137.25
137.25
137.0
136.0
136.0
137.25
137.25
136.75
136.75
136.0
138.5
138.5
136.5
136.5
134.75
134.75
138.5
138.0
138.0
137.0
137.0
140.0
140.0
135.75
135.75
135.25
135.25
135.25
135.25
135.25
135.25
135.25
135.25
135.5
135.75
135.75
137.75
137.75
139.5
139.5
140.5
140.5
142.5
141.0
141.0
139.5
139.5
141.5
142.5
142.5
139.75
139.75
138.25
138.25
136.25
136.25
136.0
137.75
137.75
138.0
138.0
136.5
136.5
135.75
135.75
135.75
136.75
136.75
136.25
136.25
138.0
139.5
139.5
139.75
139.75
140.0
139.75
139.75
137.5
137.5
137.5
137.5
139.75
137.75
137.75
137.5
137.5
136.75
136.75
137.0
137.0
137.0
138.0
138.0
139.5
139.5
140.25
140.5
140.5
140.75
140.75
139.5
140.75
140.75
138.0
138.0
136.5
136.5
138.5
139.5
139.5
135.0
135.0
136.75
136.75
139.25
138.5
138.5
139.75
139.75
140.0
140.75
140.75
140.5
140.5
142.0
142.0
141.5
141.75
141.75
141.75
141.75
143.25
143.25
143.25
142.0
142.0
141.75
141.5
141.5
142.75
142.75
143.25
144.25
144.25
144.0
144.0
144.5
144.75
144.75
146.0
146.0
146.75
146.75
146.75
146.75
146.75
145.0
145.0
145.0
140.75
140.75
139.25
137.5
137.5
130.75
130.75
132.0
132.0
132.5
132.5
132.25
134.75
134.75
134.75
134.75
133.5
133.5
131.5
131.5
133.0
135.0
135.0
135.0
135.0
136.0
136.0
136.25
136.25
140.25
140.0
140.0
140.0
140.0
140.75
140.5
140.5
140.75
140.75
139.25
137.75
137.75
136.75
136.75
136.75
136.75
137.5
137.25
137.25
137.25
137.25
138.0
138.0
138.5
138.5
138.5
138.25
138.25
137.5
137.5
138.75
137.5
137.5
136.75
136.75
136.75
137.75
137.75
137.5
137.5
139.25
139.25
138.5
139.5
139.5
141.0
141.0
140.5
140.0
140.0
141.5
141.5
140.25
140.25
139.75
140.0
140.0
140.5
140.5
140.75
140.75
142.75
143.25
143.25
143.75
143.75
144.25
145.0
145.0
145.25
145.25
145.75
146.5
146.5
145.5
145.0
145.0
145.25
143.0
143.0
144.0
144.0
142.5
142.5
142.5
142.5
142.5
142.25
142.25
142.0
141.5
141.5
141.5
141.5
141.5
141.5
141.5
141.25
141.25
142.0
142.0
141.25
142.0
142.0
140.0
140.0
139.0
138.5
138.5
138.25
138.25
139.25
139.25
140.5
141.25
141.25
142.0
142.0
145.0
145.75
145.75
144.5
144.5
145.75
145.75
145.75
143.5
143.5
142.0
136.5
136.5
138.0
138.0
137.25
137.25
137.25
140.25
140.25
138.75
138.75
137.5
137.5
138.0
137.0
137.0
135.75
135.75
135.75
135.75
137.0
136.75
136.75
135.75
135.75
135.75
135.75
135.75
135.75
135.75
134.25
134.25
132.75
132.75
131.25
131.25
130.5
130.5
130.75
130.75
127.5
127.5
125.75
127.25
127.25
126.0
126.0
126.0
126.0
125.75
125.75
127.25
127.25
126.75
126.75
125.75
125.75
128.25
128.25
130.5
128.0
128.0
126.25
126.25
127.25
127.25
129.0
129.0
130.75
130.75
130.75
130.75
131.5
134.5
134.5
135.0
135.0
134.0
133.25
133.25
134.25
134.25
134.25
134.25
135.75
137.5
137.5
140.75
140.75
142.0
142.5
142.5
143.25
143.25
143.5
143.75
143.75
144.25
144.25
145.0
146.0
146.0
144.5
144.5
146.5
146.5
146.75
147.0
147.0
147.0
147.5
147.5
148.0
148.0
146.0
146.0
146.0
144.75
140.75
140.75
139.75
139.75
140.5
140.5
142.5
140.75
140.75
140.0
140.0
140.25
140.25
139.75
141.75
141.75
142.0
142.0
136.75
134.5
134.5
134.25
134.25
135.0
135.0
133.25
133.25
134.25
133.5
133.5
135.75
135.75
134.75
134.75
134.0
133.25
133.25
135.0
135.0
134.0
134.0
133.5
133.5
134.5
134.25
134.25
134.25
134.25
135.75
135.75
138.25
137.75
137.75
137.25
137.25
136.25
136.25
134.75
134.75
133.5
135.0
135.0
135.0
135.0
135.75
135.75
136.75
136.75
137.5
137.5
136.5
136.25
136.25
138.5
137.5
137.5
138.5
138.5
138.5
138.5
137.75
138.0
138.0
137.75
137.75
137.25
137.25
135.0
134.75
134.75
135.25
135.25
135.75
135.75
135.75
137.0
137.0
136.5
136.5
136.75
136.75
137.5
138.0
138.0
138.5
138.5
138.75
138.75
139.5
139.5
140.75
140.75
140.75
140.75
140.75
140.75
141.25
141.25
140.5
140.5
141.0
142.75
142.75
143.0
143.0
141.75
140.75
140.75
139.0
139.0
137.25
137.25
136.5
133.5
133.5
133.25
133.25
132.0
132.0
132.5
132.5
130.25
130.25
130.25
132.0
132.0
134.25
134.25
135.0
135.0
135.0
135.5
135.5
135.0
135.0
136.75
136.75
134.25
134.25
132.5
132.5
132.5
131.5
131.5
130.75
130.75
131.75
131.75
132.0
131.75
131.75
132.0
132.0
133.25
133.25
134.5
134.5
136.0
136.75
136.75
137.25
137.25
137.0
137.0
136.75
135.25
135.25
137.75
137.75
134.25
134.25
135.0
137.0
137.0
133.5
133.5
133.75
133.75
133.75
133.75
132.5
134.25
134.25
131.5
131.5
131.0
131.0
132.75
132.75
126.5
126.5
127.25
127.25
128.75
128.75
127.75
127.0
127.0
127.0
127.0
129.0
129.0
129.5
129.5
130.25
130.25
130.75
132.75
132.75
132.0
132.0
133.5
133.5
136.75
140.25
140.25
141.75
141.75
141.5
142.25
142.25
141.75
141.75
143.25
145.25
145.25
147.25
147.25
148.25
148.5
148.5
150.25
150.0
150.0
150.25
150.25
148.25
142.75
142.75
140.0
140.0
139.25
139.25
132.25
132.25
128.25
130.5
130.5
124.0
124.0
123.5
123.5
124.25
124.25
128.0
128.0
128.0
128.0
127.25
127.25
129.5
129.5
128.5
128.5
127.0
128.5
128.5
130.25
130.25
132.0
132.0
132.5
132.5
132.75
133.75
133.75
133.75
133.75
132.5
132.5
132.75
132.75
133.25
134.5
134.5
133.25
133.25
131.0
131.0
129.75
129.75
128.75
128.75
127.5
127.5
128.0
128.0
129.5
129.5
129.5
130.0
130.0
127.5
127.5
128.0
128.0
129.5
129.5
129.0
129.25
129.25
130.75
130.75
132.0
132.0
134.25
134.25
134.25
134.25
134.25
133.5
133.5
134.25
134.25
136.0
136.25
136.25
136.75
136.75
136.5
136.5
132.0
132.0
128.0
128.0
128.25
128.25
128.0
128.0
125.0
125.0
122.0
122.0
122.75
122.75
121.0
121.0
120.75
120.75
120.25
120.25
118.25
118.25
120.5
120.5
121.0
121.0
121.0
121.5
121.5
121.75
121.75
123.5
123.5
125.0
125.0
126.25
126.25
128.0
128.0
130.5
134.5
134.5
136.75
136.75
139.0
139.0
137.75
137.75
135.75
138.0
138.0
136.75
136.75
131.5
131.5
130.5
130.5
128.5
128.5
125.75
125.75
126.25
126.25
124.5
124.5
124.0
124.75
124.75
123.5
123.5
123.5
123.5
123.5
123.5
123.5
123.5
123.25
123.25
123.5
123.5
128.5
128.25
128.25
129.25
129.25
127.25
127.25
128.25
128.25
128.5
128.5
127.25
127.25
128.0
128.0
127.25
127.25
126.75
126.75
124.5
124.5
124.5
124.5
124.5
124.5
124.5
124.5
124.5
124.25
124.25
124.5
124.5
125.5
125.5
126.25
126.25
126.5
127.25
127.25
129.25
129.25
131.0
131.0
131.75
131.75
131.5
131.5
131.5
131.5
131.5
131.5
131.5
131.5
131.5
131.5
131.5
131.5
131.5
131.5
131.5
128.5
128.5
129.25
130.75
130.75
130.75
130.75
131.25
131.25
131.25
131.25
131.25
131.25
131.25
131.5
131.5
131.5
131.5
131.5
131.5
131.5
131.5
131.5
131.1
130.7
130.3
129.9
129.5
129.5
131.5
131.5
130.25
130.25
129.5
129.5
129.5
127.75
127.75
127.25
127.25
122.75
122.75
122.75
122.75
126.25
126.25
126.25
126.25
126.5
126.5
126.5
126.5
126.5
126.25
126.25
126.5
126.16666666666667
125.83333333333333
125.5
125.16666666666667
124.83333333333333
124.5
124.5
126.0
128.25
128.25
130.5
130.5
131.25
131.25
130.75
130.75
131.25
131.25
132.5
132.5
132.75
133.75
133.75
135.75
135.75
137.0
137.0
138.25
140.25
140.25
140.75
140.75
141.5
138.75
138.75
139.25
139.25
139.25
138.25
138.25
143.0
143.0
143.0
143.25
143.25
143.0
143.0
142.0
142.0
141.75
137.25
137.25
135.0
135.0
135.0
135.0
130.5
130.5
128.5
128.5
126.0
126.0
126.25
126.25
125.75
125.75
125.5
125.5
125.75
125.75
124.5
123.0
123.0
122.75
122.75
122.25
122.25
121.0
121.0
119.75
119.75
119.75
118.75
118.75
117.5
117.5
118.0
118.0
118.0
118.0
119.0
119.0
121.5
125.25
125.25
126.5
126.5
126.25
126.25
128.0
128.0
129.5
131.25
131.25
132.0
132.0
133.0
133.0
133.5
133.5
132.75
132.75
131.5
129.5
129.5
129.0
129.0
129.5
129.5
130.25
129.5
129.5
128.0
128.0
127.5
127.5
127.5
127.75
127.75
128.25
128.25
128.75
128.0
128.0
127.25
127.25
126.75
126.75
126.75
126.75
126.0
126.0
127.25
127.0
127.0
127.0
127.5
127.5
126.5
126.25
126.25
126.25
126.25
126.25
126.25
126.0
126.0
128.5
128.5
128.5
128.5
128.25
129.25
129.25
129.0
129.0
130.25
130.25
129.0
128.0
128.0
127.0
127.0
126.25
126.25
125.25
125.25
125.0
125.0
122.25
122.25
125.25
125.25
128.5
128.5
132.0
132.0
134.5
135.0
135.0
135.0
135.0
135.0
135.75
135.75
139.0
139.0
138.5
138.5
138.5
139.25
139.25
139.25
139.25
139.5
139.5
138.5
135.25
135.25
133.5
133.5
133.25
134.0
134.0
134.0
132.75
131.5
131.5
132.75
132.75
132.5
132.5
132.75
132.75
132.75
130.5
130.5
129.5
129.5
129.0
129.0
128.75
128.75
128.5
128.5
127.5
128.5
128.5
127.75
127.75
128.5
128.5
128.5
128.5
128.75
128.75
128.75
129.0
129.0
129.0
128.75
128.75
128.75
127.25
127.25
126.25
126.25
126.5
126.5
126.5
126.5
126.75
126.75
126.25
126.25
126.75
126.75
126.75
126.75
126.75
128.0
128.0
128.5
128.5
128.5
128.5
128.5
128.5
128.75
128.75
130.75
131.5
131.5
131.5
131.5
132.75
132.75
132.5
132.5
134.25
133.75
133.75
132.0
132.0
132.0
132.0
132.0
132.0
131.75
131.75
130.0
130.75
130.75
131.75
131.75
128.75
128.75
128.5
128.5
129.5
129.5
130.75
130.75
129.0
130.0
130.0
132.75
132.75
133.75
133.75
134.0
134.0
134.25
131.75
131.75
131.75
133.0
134.25
134.25
135.0
133.5
133.5
130.25
130.25
132.5
132.5
133.75
133.75
133.0
133.0
130.75
130.75
129.25
129.0
129.0
131.0
131.0
132.0
132.0
131.0
131.0
131.5
131.5
133.0
133.0
133.25
134.75
134.75
133.75
133.75
134.0
134.0
134.25
134.25
134.25
132.75
132.75
131.5
131.5
130.75
130.75
129.5
129.5
130.5
130.5
131.0
131.0
132.25
131.25
131.25
129.5
129.5
130.25
130.25
130.5
130.5
129.5
129.75
129.75
131.25
131.25
131.75
131.75
132.75
131.5
131.5
131.5
131.5
132.0
133.5
133.5
132.75
132.75
132.75
132.75
134.5
134.5
135.5
135.5
135.5
135.5
135.75
136.5
136.5
135.75
135.75
136.25
138.0
138.0
139.5
139.5
137.0
137.0
138.75
139.5
139.5
140.25
140.25
140.5
139.75
139.75
138.5
138.5
141.0
141.0
140.0
139.5
139.5
140.0
140.0
141.25
140.75
140.75
140.25
140.25
141.25
143.0
143.0
142.25
142.25
140.5
140.5
139.75
140.25
140.25
140.0
138.75
138.75
138.5
138.5
139.25
139.25
136.0
136.0
132.75
136.0
136.0
135.75
135.75
135.0
135.0
136.0
136.0
132.75
132.5
132.5
134.75
134.75
132.75
132.75
132.25
132.25
132.75
132.75
132.25
132.25
132.0
134.25
134.25
131.75
131.75
133.0
135.0
135.0
133.75
133.75
135.5
135.5
137.5
137.5
136.5
133.5
133.5
135.75
135.75
137.5
137.5
137.5
137.5
136.5
139.25
139.25
135.25
135.25
134.5
134.5
135.0
136.75
136.75
135.5
135.5
132.25
132.25
133.75
133.75
135.25
135.75
135.75
135.75
135.75
134.5
134.5
136.75
135.0
135.0
132.75
132.75
136.0
136.0
137.75
135.75
135.75
136.0
136.0
139.5
139.5
138.5
136.75
136.75
136.75
136.75
138.5
138.5
137.25
135.75
135.75
137.75
137.75
137.5
137.5
134.25
134.25
135.25
136.0
136.0
136.75
136.75
139.5
139.5
139.5
136.75
136.75
139.75
139.75
136.75
136.75
135.75
137.5
137.5
134.0
134.0
132.0
132.0
134.25
136.0
136.0
133.5
133.5
134.0
134.0
135.0
135.0
132.75
132.75
131.25
131.0
131.0
130.75
130.75
129.5
129.5
129.5
129.5
131.0
131.0
130.0
129.75
129.75
130.75
130.75
132.75
132.75
132.5
132.5
131.5
134.25
134.25
135.25
135.25
139.5
139.5
135.25
139.0
139.0
138.0
138.0
139.0
139.0
140.75
141.5
141.5
140.75
140.75
141.5
141.75
141.75
141.75
141.75
141.75
139.25
139.25
140.5
140.5
141.25
141.25
140.0
138.5
138.5
138.75
138.75
138.75
138.75
139.5
142.0
142.0
136.75
136.75
138.75
143.25
143.25
136.0
136.0
136.75
136.75
138.0
137.5
137.5
138.0
138.0
140.75
140.75
139.75
139.5
139.5
142.5
142.5
144.0
142.5
142.5
141.75
141.75
139.75
140.75
140.75
138.5
138.5
133.75
133.75
140.25
140.25
133.5
133.75
133.75
135.75
135.75
135.25
135.25
133.5
135.75
135.75
137.5
137.5
133.0
133.0
134.25
134.25
137.25
135.0
135.0
132.75
132.75
134.5
134.5
136.0
132.25
132.25
131.0
131.0
133.25
133.25
134.25
134.25
133.25
133.25
132.0
133.25
133.25
135.0
135.0
133.75
133.75
134.75
136.25
136.25
137.5
137.5
137.5
137.5
137.75
138.25
138.25
139.5
139.5
138.75
138.75
137.0
137.25
137.25
138.5
138.5
134.75
134.75
132.25
132.25
136.75
133.75
133.75
130.25
130.25
131.25
131.25
133.0
133.0
132.75
132.0
132.0
131.75
131.75
133.25
133.25
133.75
133.75
134.25
131.5
131.5
129.5
129.5
130.0
130.0
133.75
133.75
133.75
133.75
133.0
133.25
133.25
133.75
133.75
134.25
134.25
135.0
135.0
133.25
134.0
134.0
133.25
133.25
132.75
132.75
132.25
132.25
131.5
129.5
129.5
129.5
129.5
129.0
129.0
127.0
127.0
125.25
125.25
125.75
125.75
126.5
126.5
127.0
127.0
128.0
129.25
129.25
130.25
130.25
131.75
131.75
132.0
132.0
130.25
130.25
129.75
129.5
129.5
129.5
126.5
127.25
127.25
127.25
127.25
126.75
126.75
126.75
127.5
127.5
128.0
128.0
127.25
127.25
126.75
126.75
127.25
126.75
126.75
126.5
126.5
127.0
127.0
127.0
125.5
125.5
126.5
126.5
125.0
125.0
122.75
122.75
123.25
123.25
122.25
122.25
122.25
122.25
122.75
122.75
122.75
122.75
123.0
123.0
123.0
122.75
122.75
124.75
124.75
124.75
127.5
128.0
128.0
131.0
131.0
129.5
132.75
132.75
135.75
135.75
138.25
138.25
139.5
140.0
140.0
140.5
140.5
141.5
139.5
139.5
141.25
141.25
142.25
142.25
142.0
143.0
143.0
142.0
143.25
143.25
142.25
142.25
140.5
145.75
145.75
140.75
140.75
142.0
142.0
143.25
143.25
142.5
142.5
140.25
141.0
141.0
140.25
139.5
139.5
137.5
137.5
135.75
135.25
135.25
134.0
134.0
133.25
133.25
132.0
132.0
132.0
132.0
132.0
132.0
131.75
131.75
132.0
132.0
129.0
129.0
129.25
126.75
126.75
126.5
126.5
124.5
124.5
126.75
126.75
126.75
126.75
126.5
126.5
125.75
125.75
123.0
125.25
125.25
125.75
125.75
128.0
128.0
128.5
128.5
133.0
133.75
133.75
132.25
132.25
132.25
132.25
134.25
134.25
135.75
135.75
134.0
134.0
133.75
133.75
134.75
133.5
133.5
134.25
133.5
133.5
132.75
132.75
133.25
133.25
134.0
134.0
134.5
134.5
134.5
135.0
135.0
135.0
135.0
134.75
134.75
134.75
134.0
134.0
133.5
133.5
134.25
134.25
134.75
134.25
134.25
133.5
133.5
133.5
133.5
134.75
134.75
132.75
131.5
131.5
133.0
133.0
130.75
130.75
129.0
129.0
131.5
131.5
132.0
130.75
130.75
132.5
132.5
134.25
134.25
135.0
135.0
135.0
135.5
135.5
135.0
135.0
135.25
135.25
137.75
136.0
136.0
135.75
135.75
136.0
136.0
135.0
133.25
133.25
133.5
133.5
135.0
135.0
133.25
133.25
132.0
132.0
131.75
132.5
132.5
133.75
133.75
132.75
132.75
132.25
132.25
133.0
132.75
132.75
131.75
131.75
130.5
130.5
130.5
130.5
128.5
128.5
128.5
129.25
129.5
129.5
130.25
130.25
131.5
131.5
132.5
132.5
132.75
132.75
132.0
131.5
131.5
130.5
130.5
132.5
132.5
129.25
131.25
131.25
131.25
132.75
130.75
130.75
133.25
133.25
135.5
135.5
135.0
135.0
135.0
135.0
135.0
135.0
134.75
135.0
135.0
139.5
139.5
139.0
139.75
139.75
142.5
142.5
138.5
138.5
138.5
140.0
140.0
135.75
135.75
129.75
129.75
131.5
131.5
128.5
128.5
127.5
128.5
128.5
131.5
131.5
133.5
133.5
135.0
136.75
136.75
137.25
137.25
138.75
138.75
139.5
139.25
139.25
137.0
137.0
136.75
136.75
136.25
136.75
136.75
137.0
137.0
135.5
135.5
135.0
135.0
135.0
135.25
135.25
134.75
134.75
133.5
133.5
132.25
132.25
132.0
132.75
132.75
132.0
132.0
131.5
131.5
132.75
132.75
134.25
132.25
132.25
131.75
131.75
133.25
133.25
132.75
132.75
133.0
132.75
132.75
133.25
133.25
132.75
132.75
134.0
134.0
134.25
135.5
135.5
135.75
135.75
134.75
134.75
133.75
133.75
133.5
133.25
133.25
133.0
133.0
133.25
133.25
132.75
132.75
132.0
132.0
131.75
131.75
131.75
132.0
132.0
132.0
132.0
132.0
132.0
132.0
133.1875
134.375
135.5625
136.75
136.75
136.25
136.25
135.75
135.75
135.25
135.25
134.25
134.0
134.0
134.25
134.25
135.0
135.0
135.5
136.0
136.0
136.0
136.0
137.25
137.25
137.0
137.0
137.0
136.5
136.5
136.0
136.0
135.75
135.5
135.5
135.0
135.0
133.75
133.75
133.25
133.25
132.0
132.0
132.75
132.75
132.75
132.0
132.0
131.25
131.25
131.75
131.75
130.25
130.25
129.5
130.25
130.25
131.5
131.5
132.0
132.0
133.25
133.25
135.0
136.25
136.25
137.5
137.5
138.75
138.75
138.75
140.5
140.5
141.5
141.5
141.5
143.0
143.0
143.75
143.75
143.75
144.25
144.25
142.0
142.0
141.0
142.25
142.25
138.5
138.5
137.5
139.5
139.5
138.25
138.25
138.5
138.5
139.25
139.75
139.75
140.25
140.25
140.75
141.0
141.0
140.25
140.25
139.5
139.5
137.25
135.75
135.75
133.5
133.5
130.75
130.75
129.75
129.75
128.75
128.75
128.75
128.75
128.5
128.5
129.25
129.25
129.25
130.0
130.0
130.0
130.0
129.75
129.75
130.25
130.25
130.75
132.0
132.0
134.25
134.25
135.0
135.0
132.5
132.5
128.25
128.25
124.5
125.25
125.25
125.25
125.25
126.25
126.25
127.0
127.0
127.75
127.75
128.5
128.5
129.0
129.0
128.5
129.0
129.0
130.25
130.25
131.25
131.25
131.25
131.25
130.5
130.5
130.25
130.25
128.75
126.75
126.75
125.0
125.0
127.0
127.0
130.25
130.25
130.25
127.0
127.0
128.0
131.5
131.5
131.5
131.5
133.25
134.25
134.25
135.75
135.75
135.25
135.25
133.75
133.75
132.25
132.0
132.0
131.0
131.0
131.25
131.25
130.5
130.5
130.25
130.25
130.5
130.5
130.5
127.5
127.5
127.75
128.0
128.0
129.5
129.5
129.0
129.0
131.25
131.25
130.75
130.75
131.5
131.5
131.5
131.5
130.25
130.25
127.5
127.5
127.0
127.0
128.5
129.0
129.0
129.75
129.75
131.0
131.0
131.5
131.5
131.75
132.75
132.75
133.75
133.75
133.0
133.0
132.5
132.5
133.5
135.5
135.5
136.25
136.25
137.25
137.25
138.25
138.0
138.0
137.75
137.75
137.0
137.0
136.0
133.5
133.5
132.75
132.75
133.25
133.25
133.75
133.75
131.5
131.5
130.0
126.75
126.75
126.25
126.25
126.25
126.25
127.25
127.25
129.5
129.5
131.75
131.75
132.75
132.0
132.0
130.75
130.75
129.5
129.5
128.5
128.5
127.0
127.0
125.5
125.5
125.0
125.0
124.25
124.25
124.25
125.0
125.0
126.0
126.0
128.5
128.5
131.25
131.25
132.25
132.25
133.5
135.0
135.0
136.5
136.5
137.5
137.5
136.5
135.0
135.0
135.5
135.5
135.25
135.25
135.0
135.0
134.5
134.75
134.75
135.25
135.25
135.0
135.0
134.75
135.0
135.0
136.25
136.25
137.25
137.25
137.75
138.0
138.0
138.75
138.75
139.5
140.25
140.25
140.75
140.75
140.5
140.5
140.25
141.25
141.25
141.0
141.0
142.0
141.75
141.75
143.0
143.0
142.0
142.0
141.25
140.75
140.75
140.25
140.25
138.5
137.5
137.5
135.0
135.0
133.5
133.5
133.5
133.5
133.25
133.25
133.25
133.5
133.5
134.25
134.25
135.0
135.0
136.25
136.75
136.75
137.0
137.0
137.5
137.5
138.0
138.75
138.75
138.5
138.5
139.0
140.25
140.25
140.0
140.0
139.0
139.0
139.25
137.5
137.5
137.75
137.75
137.5
137.5
136.75
136.75
136.5
134.5
134.5
134.25
134.25
134.0
134.0
134.0
134.25
134.25
135.0
135.0
135.75
135.75
135.75
133.75
133.75
134.25
134.25
135.0
135.0
135.25
135.25
135.25
135.25
134.0
133.5
133.5
133.75
133.75
133.75
133.75
134.25
134.25
134.25
134.25
134.25
133.75
133.75
133.75
133.75
133.75
133.75
133.75
134.0
134.0
135.0
135.0
134.75
136.0
136.0
135.75
135.75
136.25
136.25
136.5
136.75
136.75
136.0
136.0
136.75
136.75
137.5
137.5
136.5
136.5
136.5
136.5
136.5
136.0
136.0
136.5
136.75
136.75
136.75
136.75
135.75
135.75
132.75
132.5
132.5
132.25
132.25
132.0
132.0
130.75
130.75
128.5
128.5
128.75
128.75
129.5
129.5
123.5
123.5
126.5
130.25
130.25
128.5
128.5
125.75
125.75
123.5
123.5
124.0
124.0
121.0
121.0
123.0
123.0
125.5
125.5
125.5
125.5
125.5
125.5
125.5
125.5
125.25
125.25
128.5
128.5
127.25
127.25
127.5
127.5
126.25
126.25
127.75
127.75
128.0
128.75
128.75
129.5
129.5
129.5
130.5
130.5
131.0
131.75
131.75
132.0
132.0
131.25
131.25
131.25
131.25
130.25
130.25
129.75
129.75
130.75
129.75
129.75
130.5
130.5
130.75
130.75
130.75
130.75
130.25
130.25
130.25
130.5
130.5
130.75
130.75
131.75
131.75
131.25
131.25
130.75
130.75
129.5
129.25
129.25
129.75
129.75
128.25
128.25
128.25
128.25
130.5
130.5
126.75
126.75
125.75
125.75
125.75
125.75
125.75
126.25
126.25
128.5
128.5
129.0
129.0
130.25
130.25
130.5
130.5
131.0
132.75
132.75
133.0
133.0
132.0
132.0
130.75
130.75
129.75
129.75
131.5
130.0
130.0
129.25
129.25
129.25
129.25
130.25
130.25
130.75
130.75
130.25
131.5
131.5
133.5
133.5
133.5
133.5
133.5
133.5
136.25
136.0
136.0
138.5
138.5
138.5
138.0
138.0
138.0
138.0
139.0
139.0
139.25
138.75
138.75
136.25
136.25
138.5
138.5
138.25
138.0
138.0
137.25
137.25
137.5
137.5
138.5
135.75
135.75
135.75
135.75
135.75
135.75
134.5
134.5
134.75
135.5
135.5
136.5
136.5
136.5
136.5
136.5
136.25
136.25
136.5
136.5
137.5
137.5
135.0
135.0
135.0
133.25
133.25
132.75
132.75
133.75
133.75
133.25
133.25
132.0
132.75
132.75
133.25
133.25
134.25
134.25
134.5
134.5
135.0
134.0
134.0
134.0
134.0
133.5
133.5
132.75
132.75
133.0
131.75
131.75
131.25
131.25
130.75
130.75
129.75
129.75
130.0
130.0
129.5
129.5
127.75
127.25
127.25
128.5
128.5
125.75
125.75
123.5
123.5
124.5
124.5
127.75
127.75
126.25
126.25
125.75
125.75
123.25
123.25
125.25
125.25
126.25
126.0
126.0
126.5
126.5
128.25
128.25
129.5
129.5
129.25
129.25
127.5
127.5
127.5
131.0
127.0
127.0
127.0
127.0
127.25
127.25
130.25
130.25
131.0
131.0
131.25
124.5
124.5
130.0
130.0
126.75
126.75
127.0
127.0
128.25
128.25
127.5
127.5
127.25
127.25
128.5
129.0
129.0
127.5
127.5
127.5
127.25
127.25
127.25
127.25
128.0
128.0
128.75
128.75
128.0
128.0
128.0
127.25
127.25
126.75
126.75
126.25
126.25
127.25
127.25
127.0
127.0
127.75
127.75
126.75
126.75
126.25
126.25
125.25
125.25
124.75
124.75
124.75
125.25
125.25
126.0
126.0
126.0
126.0
126.25
126.25
128.5
128.5
126.25
126.25
129.5
129.5
130.25
130.25
128.25
128.25
128.75
128.75
128.0
128.0
129.0
129.0
128.5
128.5
128.25
128.25
126.25
126.75
126.75
127.25
127.25
128.0
128.0
130.5
130.5
131.75
131.75
132.75
133.0
133.0
133.0
133.0
133.0
132.0
132.0
132.0
133.75
133.75
134.25
134.25
133.5
133.5
133.5
133.5
132.25
132.25
131.0
131.0
129.5
129.5
129.5
129.0
129.0
129.0
129.0
129.75
129.75
128.25
128.25
130.25
130.25
130.25
130.25
130.25
130.5
130.5
130.5
130.5
130.25
130.25
130.25
130.25
130.25
130.25
130.77777777777777
131.30555555555554
131.83333333333334
132.36111111111111
132.88888888888889
133.41666666666666
133.94444444444446
134.47222222222223
135.0
135.0
130.25
130.25
129.0
129.0
128.75
127.25
127.25
126.25
126.25
126.25
126.25
126.5
126.5
126.25
126.25
135.0
135.0
134.25
135.0
135.0
136.5
136.5
138.0
138.0
138.0
140.0
138.5
138.5
137.25
137.25
137.25
137.5
137.25
137.5
137.5
137.5
137.5
137.0
137.0
136.75
136.75
137.25
136.5
136.5
135.5
135.5
134.5
134.5
134.5
135.75
135.75
137.25
137.25
136.5
136.5
135.5
135.5
135.0
135.0
134.5
134.75
134.75
133.25
133.25
133.5
133.5
133.0
132.75
132.75
132.75
132.75
132.75
132.25
132.25
132.25
132.0
133.75
133.75
133.75
133.75
135.0
135.0
135.0
135.0
135.0
135.0
135.0
134.5
134.5
135.0
135.0
136.25
136.75
136.75
137.25
137.25
138.0
138.75
138.75
138.75
138.75
140.0
140.75
140.75
139.5
139.5
138.5
138.5
137.5
137.5
137.5
137.0
137.0
136.5
136.5
136.75
137.5
137.5
138.75
138.75
139.5
140.25
140.25
140.75
140.75
141.0
141.0
140.75
139.75
139.75
139.75
139.75
138.5
138.5
137.5
137.5
134.75
134.75
132.5
131.5
131.5
131.5
131.5
131.5
131.5
132.5
132.75
132.75
133.25
133.25
134.0
134.0
132.75
132.75
132.75
134.75
134.75
135.0
135.0
135.0
135.0
134.0
134.0
136.5
136.5
133.75
133.75
136.5
136.5
136.75
136.75
136.75
136.75
138.75
138.75
138.25
140.0
140.0
140.0
139.25
139.25
140.0
140.0
139.75
139.75
138.5
138.75
138.75
138.5
138.5
137.25
137.25
138.25
138.25
138.25
138.25
138.25
138.25
138.25
138.25
138.25
138.25
138.25
138.25
138.25
138.25
138.25
