118.25
118.25
116.75
116.75
115.5
115.5
115.25
115.25
114.25
114.25
114.25
111.25
111.25
110.75
110.75
110.75
110.75
110.75
110.75
111.0
111.0
111.0
109.75
109.75
108.75
108.75
109.5
109.5
113.0
113.0
112.5
112.5
114.25
114.25
114.25
115.5
115.0
115.0
115.0
116.0
116.0
114.75
114.75
111.75
111.75
111.75
111.75
111.25
111.25
111.25
108.25
108.25
109.25
109.25
110.0
110.0
110.5
110.5
111.25
111.25
113.0
113.0
116.5
116.5
119.0
119.0
121.0
121.0
122.0
122.0
122.0
122.0
120.75
120.75
120.0
120.0
118.75
118.75
115.75
115.75
113.0
113.0
112.0
112.0
112.0
111.25
111.25
112.5
112.5
114.75
114.75
115.75
115.75
114.75
114.75
114.0
114.0
114.75
114.75
115.0
115.0
115.0
115.0
115.25
115.25
114.5
114.5
114.5
113.5
113.5
113.5
113.5
115.75
115.75
117.5
117.5
119.25
119.25
121.75
121.75
123.5
123.5
125.0
126.75
126.75
128.5
128.5
129.5
129.5
125.5
125.5
123.5
123.5
121.5
121.5
120.0
120.0
119.5
119.5
118.5
118.5
120.25
120.25
121.75
121.75
122.5
122.5
122.75
122.75
122.75
122.75
125.0
125.0
126.0
126.0
127.25
128.75
128.75
130.25
130.25
130.25
130.25
130.25
130.25
130.5
129.5
129.5
129.75
129.75
127.25
127.25
125.75
125.75
125.75
125.75
125.0
125.0
123.0
123.0
122.25
122.25
120.75
120.75
120.0
120.0
117.75
117.75
116.0
116.0
114.25
114.25
114.5
114.5
115.25
115.25
117.0
117.0
119.25
119.25
120.5
120.5
121.5
121.5
122.0
122.0
123.0
123.0
123.0
123.0
124.75
124.75
125.25
125.25
125.5
125.5
125.0
125.0
121.5
121.5
116.5
116.5
116.0
116.0
114.0
114.0
113.5
113.5
112.0
112.0
112.0
111.0
111.0
109.5
109.5
108.5
108.5
108.75
108.75
108.75
111.0
111.0
112.75
112.75
113.0
113.0
113.0
113.0
113.5
113.5
114.75
114.75
115.5
115.5
115.5
115.5
116.75
116.75
117.75
117.75
118.0
118.0
117.25
117.25
116.75
116.75
115.75
115.75
115.5
115.5
115.5
114.0
114.0
115.5
115.5
116.5
116.5
116.0
116.0
115.25
115.25
115.5
115.5
115.0
115.0
114.5
114.5
113.5
113.5
116.25
116.25
116.75
116.75
119.5
119.5
121.75
121.75
122.75
122.75
123.5
123.5
123.5
123.5
123.75
123.75
126.25
126.25
127.0
127.0
127.25
127.25
128.0
128.5
128.5
128.5
128.5
129.25
129.25
130.75
130.75
130.0
130.0
127.0
127.0
123.25
123.25
118.75
118.75
117.0
117.0
115.25
115.25
115.5
115.5
115.0
115.0
114.0
114.0
114.25
114.25
114.25
114.25
114.25
113.75
113.75
114.5
114.5
114.75
114.75
115.75
115.75
116.0
116.0
116.25
116.25
119.0
119.0
120.25
120.25
120.0
120.0
120.25
120.25
122.0
122.0
122.75
122.75
122.75
122.75
121.0
121.0
121.25
121.25
118.25
118.25
117.75
117.75
118.0
118.0
118.5
118.5
118.5
118.5
117.75
117.75
117.5
117.5
117.0
117.0
117.75
117.75
117.5
117.5
116.25
116.25
116.75
116.75
118.5
118.5
119.0
119.0
118.25
118.25
117.0
117.0
117.0
115.75
115.75
118.0
118.0
119.5
120.25
120.25
121.25
121.25
121.5
121.5
121.75
121.75
122.25
122.25
121.5
121.5
120.75
120.75
119.75
119.75
118.0
118.0
117.0
117.0
117.0
117.5
118.75
118.75
119.75
119.75
120.0
120.0
120.75
120.75
123.0
123.0
123.75
123.75
124.5
124.5
126.0
126.0
127.0
127.0
128.0
128.0
127.5
127.5
122.25
122.25
116.0
116.0
115.5
115.5
113.75
113.75
111.25
111.25
111.0
111.0
111.0
111.75
111.75
111.75
111.75
112.25
112.25
114.0
114.0
114.25
114.25
115.0
115.0
117.0
117.0
117.75
117.75
118.75
118.75
120.75
120.75
122.25
122.25
122.75
122.75
124.0
124.0
123.0
123.0
119.25
119.25
118.75
118.75
120.0
120.0
121.5
121.5
122.75
122.75
123.0
123.0
124.0
124.0
125.25
125.25
126.75
127.25
127.25
128.25
128.25
129.75
129.75
130.25
130.25
130.75
130.75
129.0
129.0
121.25
121.25
113.25
113.25
107.0
107.0
107.25
107.25
107.25
106.0
106.0
106.75
106.75
108.75
108.75
112.5
112.5
115.25
115.25
114.75
114.75
114.5
114.5
115.75
115.75
119.0
119.0
119.0
122.25
122.25
120.75
122.25
122.25
125.75
125.75
125.75
125.75
127.25
127.25
128.0
128.0
128.0
128.0
128.5
128.5
128.5
128.5
128.5
128.5
128.5
128.25
134.25
134.25
133.25
133.25
135.75
135.75
137.5
137.5
136.75
136.75
136.5
136.5
135.25
135.25
136.25
136.25
135.0
137.25
137.25
134.75
134.75
136.0
136.0
136.75
136.25
136.25
135.75
135.75
138.5
138.5
137.0
136.0
136.0
136.0
136.0
136.0
136.0
136.0
135.75
135.75
136.0
127.25
127.25
127.5
127.5
127.25
127.5
127.5
131.25
131.25
129.75
129.75
129.75
129.75
133.0
133.0
132.5
132.5
131.5
131.5
131.5
132.0
132.0
130.75
130.75
131.5
131.5
130.75
130.75
130.75
131.5
131.5
131.25
131.25
129.5
129.5
129.0
129.0
125.75
119.25
119.25
115.25
115.25
114.0
114.0
116.0
116.0
118.5
118.5
118.5
117.5
118.25
118.25
118.0
118.0
118.75
118.75
117.0
117.0
117.75
117.75
117.75
122.75
122.75
122.75
122.75
122.75
125.25
125.25
127.0
127.0
128.5
128.5
128.5
128.5
129.0
129.0
129.0
129.0
129.0
129.0
129.0
129.0
129.0
129.0
129.0
129.0
125.95833333333333
122.91666666666667
119.875
116.83333333333333
113.79166666666667
110.75
110.75
109.5
110.25
110.25
112.5
112.5
112.5
117.0
117.0
117.0
119.0
119.0
118.75
119.0
119.0
119.0
119.0
123.75
123.75
124.75
124.75
124.75
124.75
125.75
125.75
125.75
125.75
125.75
125.75
126.0
125.75
126.0
126.0
126.0
126.0
126.0
126.0
125.66935483870968
125.33870967741936
125.00806451612904
124.6774193548387
124.34677419354838
124.01612903225806
123.68548387096774
123.35483870967742
123.0241935483871
122.69354838709677
122.36290322580645
122.03225806451613
121.70161290322581
121.37096774193549
121.04032258064517
120.70967741935483
120.37903225806451
120.04838709677419
119.71774193548387
119.38709677419355
119.05645161290323
118.7258064516129
118.39516129032258
118.06451612903226
117.73387096774194
117.40322580645162
117.0725806451613
116.74193548387098
116.41129032258064
116.08064516129032
115.75
115.75
114.75
114.75
114.5
114.5
115.5
115.5
117.0
117.0
118.0
118.0
119.5
119.5
123.5
123.5
126.5
126.5
123.5
123.5
119.25
119.25
119.25
113.75
113.75
113.75
114.0
114.0
113.75
113.75
113.75
113.75
113.75
113.75
113.75
113.95
114.15
114.35
114.55
114.75
114.95
115.15
115.35
115.55
115.75
115.95
116.15
116.35
116.55
116.75
116.95
117.15
117.35
117.55
117.75
117.75
116.0
116.0
115.75
115.75
116.0
115.75
115.75
115.75
115.75
115.75
115.75
116.5
116.5
115.75
115.75
115.25
115.25
115.25
115.25
113.25
113.25
112.5
112.5
112.5
109.25
109.25
109.75
109.75
109.25
109.25
109.25
110.75
110.75
110.75
114.75
114.75
115.0
115.0
115.0
115.0
115.0
115.0
115.0
114.75
107.66666666666667
100.58333333333333
93.5
86.41666666666667
79.33333333333333
72.25
72.25
72.25
72.25
72.5
72.5
72.5
72.5
72.5
72.25
72.25
72.5
72.5
72.5
72.25
72.25
76.28571428571429
80.32142857142857
84.35714285714286
88.39285714285714
92.42857142857143
96.46428571428571
100.5
100.5
104.0
104.0
104.0
108.75
108.75
111.5
111.5
114.5
114.5
114.75
114.75
112.25
112.25
112.25
112.25
112.25
110.0
110.0
110.25
110.25
111.75
111.75
113.5
113.5
114.0
114.0
112.75
112.75
112.75
110.5
109.5
109.5
109.5
106.0
106.0
106.0
106.0
106.0
114.0
114.0
114.0
110.5
110.5
110.5
110.5
110.5
110.5
110.5
110.5
106.75
106.75
107.0
107.0
106.75
106.75
106.75
106.75
119.0
119.0
120.25
120.25
121.5
121.5
121.0
121.0
121.0
121.0
121.0
121.0
120.75
121.0
121.0
121.0
121.0
106.5
106.5
108.5
108.5
108.5
111.0
110.25
110.25
111.75
111.75
112.5
112.5
112.5
113.0
113.0
114.25
114.25
116.0
116.0
116.75
116.75
118.0
118.0
116.0
116.0
115.75
115.75
117.5
117.5
117.75
117.75
116.75
116.75
115.25
115.25
115.0
115.0
117.25
117.25
121.25
121.25
122.75
122.75
123.75
123.75
124.5
124.5
125.75
125.75
124.5
124.5
122.75
122.75
118.5
118.25
118.25
118.25
118.25
118.25
118.25
118.25
118.25
118.25
116.5
116.5
114.75
114.75
114.75
114.75
114.75
114.75
115.0
115.0
114.75
114.75
115.5
115.5
115.5
118.0
118.0
117.75
117.5
117.5
117.5
117.5
117.5
117.25
117.5
117.5
117.5
117.5
117.5
109.25
109.25
109.75
109.75
110.5
110.5
110.5
110.5
111.0
111.0
111.75
111.75
111.25
111.25
112.25
112.25
113.25
113.25
114.0
114.0
114.0
114.5
114.5
114.75
114.75
117.0
117.0
117.75
117.75
116.75
117.0
117.0
117.0
117.0
116.25
116.25
116.25
114.25
114.25
116.5
117.5
117.5
118.75
118.75
118.25
118.25
118.25
118.5
118.5
118.5
118.5
118.5
118.5
118.5
118.5
118.5
117.27777777777777
116.05555555555556
114.83333333333333
113.61111111111111
112.38888888888889
111.16666666666667
109.94444444444444
108.72222222222223
107.5
107.5
107.75
107.75
108.5
108.5
108.5
110.25
110.25
111.0
111.0
111.5
111.5
112.25
112.25
112.25
112.25
115.0
114.75
114.75
115.25
115.25
116.0
116.0
115.25
115.25
115.0
115.0
115.0
116.0
116.0
114.25
114.25
112.75
112.75
112.75
112.0
112.0
111.75
111.75
111.25
111.25
112.5
112.5
112.5
112.5
112.5
112.75
113.75
113.75
113.75
113.5
113.5
113.5
115.0
115.0
115.0
115.0
115.25
115.25
115.75
115.75
116.0
116.0
116.75
116.75
115.75
115.75
115.0
113.75
113.75
113.75
113.0
113.0
113.0
112.25
112.25
111.75
111.75
113.5
113.5
114.25
114.25
113.75
113.75
113.5
113.5
113.5
113.0
111.0
111.0
111.25
111.25
111.5
111.5
111.75
111.75
112.5
112.5
114.5
114.5
113.75
113.75
113.75
113.5
113.5
114.0
114.0
114.0
113.5
113.5
113.5
113.5
113.5
114.25
114.25
115.5
115.5
115.75
115.75
118.5
118.5
119.75
119.75
120.0
120.0
119.75
119.75
118.75
118.75
114.25
114.25
114.25
114.25
114.25
114.25
114.25
114.5
114.5
114.5
114.5
114.5
114.25
112.6
110.95
109.3
107.65
106.0
106.0
107.5
107.5
111.0
111.0
114.0
114.0
116.5
116.5
119.25
119.25
121.0
121.0
119.25
119.25
115.75
115.75
113.75
113.75
115.0
115.0
115.0
117.75
117.75
119.5
116.5
116.5
116.5
112.75
112.75
112.75
112.75
114.25
114.25
115.25
115.25
114.25
114.25
114.25
111.75
112.0
112.0
112.0
112.0
112.0
112.0
112.0
112.0
111.0
111.0
112.25
112.25
116.75
116.75
118.0
118.0
118.0
124.0
124.0
124.5
124.5
125.5
125.5
124.0
123.0
123.0
122.5
122.5
123.0
123.0
123.0
122.75
122.75
123.0
123.0
123.0
123.0
124.5
124.5
123.0
123.0
122.25
121.0
121.0
122.25
122.25
122.25
124.0
124.0
124.0
125.0
125.0
124.75
124.75
124.75
124.75
124.75
125.0
125.0
124.75
124.75
124.75
133.0
133.75
133.75
133.75
133.75
133.75
133.75
133.75
133.75
133.75
133.75
133.75
133.75
133.0
133.0
133.25
133.25
132.25
132.25
131.5
133.5
133.5
133.25
133.25
132.75
132.75
132.75
132.75
132.5
132.5
134.25
134.25
134.75
134.75
134.25
134.25
134.5
134.0
134.0
134.25
134.25
132.5
134.25
134.25
136.25
139.5
139.5
136.25
136.25
140.75
139.5
139.5
141.0
141.0
141.0
140.0
140.0
140.75
140.75
140.5
140.25
140.25
139.5
139.5
140.75
140.75
138.25
138.25
132.0
127.5
127.5
129.0
129.0
131.75
131.75
132.0
132.25
132.25
131.75
131.75
132.5
131.25
131.25
130.75
130.75
130.5
130.5
129.75
129.5
129.5
129.0
129.0
129.0
129.0
127.25
126.25
126.25
126.5
126.5
126.75
126.75
126.25
126.25
126.75
126.75
126.25
126.25
126.0
126.0
124.5
122.5
122.5
120.0
120.0
120.25
120.25
120.0
120.0
119.25
119.5
119.5
118.5
118.5
117.75
117.75
118.0
118.0
117.25
117.25
117.75
117.75
118.5
118.5
118.75
119.75
119.75
120.25
120.25
120.25
120.25
120.25
121.0
121.0
121.25
121.25
121.75
121.5
121.5
121.5
121.5
121.5
121.5
122.25
122.25
121.75
121.75
121.0
121.0
121.0
120.0
120.0
118.5
118.5
118.5
118.5
119.25
119.25
120.25
120.25
121.0
121.5
121.5
122.25
122.25
122.75
122.75
123.0
123.0
123.0
123.0
123.25
123.25
123.25
123.5
123.5
123.75
123.75
125.5
125.5
125.5
125.25
125.25
124.75
124.75
124.75
124.75
122.75
122.75
121.75
121.75
121.5
121.5
120.75
120.75
120.75
120.75
120.75
120.75
121.0
121.0
120.75
120.75
121.5
121.5
122.75
122.75
123.0
123.0
123.0
123.0
124.0
124.0
123.5
123.5
122.25
122.25
121.25
121.25
120.75
120.75
119.75
119.75
117.75
117.75
118.75
118.75
120.25
120.25
120.25
120.25
120.5
120.5
121.5
121.5
121.5
121.0
121.0
121.0
121.0
121.5
121.5
123.25
123.25
125.0
125.0
125.5
125.5
126.5
126.5
126.5
124.5
124.5
124.5
126.0
126.0
125.5
125.5
125.5
125.5
125.0
125.0
124.75
124.75
124.5
124.5
124.5
124.5
126.0
126.0
126.75
127.5
127.5
127.5
128.0
127.25
127.25
127.25
127.25
127.25
127.25
126.25
126.25
125.75
125.75
126.0
125.25
125.25
125.25
125.25
125.75
125.75
125.75
126.0
126.0
126.0
126.0
127.0
127.0
128.0
128.0
128.5
128.5
128.5
129.0
129.0
129.5
129.5
128.5
128.5
128.25
128.25
127.5
127.5
127.0
127.0
125.25
123.0
123.0
123.0
123.0
123.75
122.25
122.25
122.25
120.75
120.75
120.25
120.25
121.5
121.5
121.5
122.25
122.25
123.0
123.0
123.75
123.75
123.75
123.5
123.5
123.5
125.5
125.5
126.0
126.0
126.5
126.5
128.0
128.0
129.25
129.25
132.0
132.0
132.0
132.0
132.25
132.25
129.0
129.0
125.25
125.25
123.0
123.0
122.5
122.5
121.0
121.0
118.75
118.75
118.75
118.75
119.5
119.5
121.0
121.0
121.0
123.0
124.0
124.0
125.0
125.0
126.0
126.0
127.5
128.5
128.5
128.5
128.5
128.5
128.5
128.5
128.5
129.0
129.0
130.0
130.0
128.0
128.0
125.25
125.25
123.0
123.0
123.0
123.0
123.0
123.0
123.0
123.0
123.0
118.75
118.75
116.25
116.25
115.75
115.75
116.75
116.75
117.0
117.0
117.0
118.0
118.0
119.25
119.25
119.25
120.75
122.25
122.25
123.5
123.5
123.5
123.5
125.75
125.75
126.5
127.25
127.25
127.25
129.0
130.25
130.25
130.25
130.75
130.75
132.5
132.0
132.0
133.5
133.5
133.75
133.75
132.75
132.75
132.75
133.5
133.25
133.25
132.75
132.75
132.75
132.75
133.0
133.0
132.25
131.5
131.5
132.25
132.25
132.0
132.0
131.75
131.75
131.75
131.75
132.0
132.0
132.25
132.25
132.5
132.5
132.75
133.5
133.5
133.5
133.5
133.25
133.25
133.25
134.0
134.0
134.25
133.75
133.75
134.25
134.25
133.75
133.75
133.5
133.5
133.0
132.75
132.75
133.75
133.75
132.25
132.25
133.5
133.5
133.5
132.75
132.75
133.5
133.5
132.25
132.25
132.25
134.0
134.0
133.25
133.25
133.25
133.25
132.0
130.25
130.25
127.0
127.0
127.25
127.25
126.25
126.25
127.0
127.0
125.5
125.5
124.75
124.25
124.25
124.5
124.5
124.0
124.0
124.0
124.0
124.5
124.5
124.0
124.0
122.75
122.75
122.25
122.25
121.25
121.25
120.25
120.25
120.0
120.0
120.0
119.25
120.25
120.25
120.75
120.75
120.75
122.0
122.0
121.75
123.0
123.0
123.5
123.5
124.5
124.5
124.5
124.5
125.0
127.0
127.0
126.75
126.75
126.75
128.0
127.0
127.0
127.25
127.25
126.5
126.5
125.75
125.75
125.25
125.25
125.25
125.25
124.5
124.5
124.5
125.0
125.0
125.0
125.0
125.25
125.25
125.25
125.25
125.0
125.0
125.75
125.75
126.0
126.0
126.25
126.25
125.5
125.5
125.0
125.0
124.5
124.0
124.0
124.0
124.0
124.0
124.0
125.25
125.25
125.75
125.75
126.25
126.25
127.5
127.5
126.75
126.75
125.75
125.75
125.75
126.25
126.25
126.25
126.25
126.25
126.25
125.25
125.25
124.5
124.5
122.5
122.5
121.0
119.5
119.5
119.5
119.5
119.25
119.25
120.25
120.25
120.75
120.75
120.75
120.75
121.5
121.5
122.5
122.5
123.75
123.75
125.0
125.0
126.5
126.5
129.0
129.0
129.5
130.75
130.75
131.5
131.5
131.5
130.0
130.0
129.5
129.5
127.25
127.25
124.5
124.5
125.0
125.0
122.75
122.75
121.75
121.75
122.0
122.0
122.25
122.25
122.25
124.5
125.25
125.25
125.75
125.75
125.0
125.0
122.5
122.5
122.5
116.0
116.25
116.25
117.75
117.75
116.75
116.75
114.75
114.75
114.75
114.75
114.75
115.0
115.0
112.75
112.75
112.75
112.75
114.0
114.0
113.5
113.5
114.25
114.25
116.0
116.0
116.75
116.75
117.75
117.75
119.25
119.25
118.5
118.5
118.25
118.25
118.5
118.5
118.5
118.25
118.25
118.5
118.5
118.75
118.75
118.75
118.75
119.25
119.25
118.5
118.5
118.0
118.0
119.0
119.0
119.25
119.25
119.0
119.0
119.0
119.0
118.75
118.75
119.5
119.5
120.0
120.0
120.25
120.25
120.75
120.75
121.5
121.5
121.25
121.25
121.25
121.25
121.5
121.5
122.25
122.25
121.75
120.75
120.75
120.25
120.25
121.25
121.25
120.0
120.0
119.75
119.75
119.75
119.75
119.75
119.5
119.5
119.5
120.25
120.25
120.25
120.25
119.25
119.25
119.25
119.25
123.25
123.25
124.5
124.75
124.75
125.25
125.25
125.75
125.75
126.5
126.5
126.5
129.25
130.25
130.25
131.0
131.0
129.0
129.0
129.75
129.75
129.75
130.25
130.25
129.5
129.5
129.5
129.5
130.25
130.25
130.75
130.75
130.75
130.75
130.75
130.75
130.75
133.75
133.75
133.5
133.5
134.25
134.25
137.0
137.0
135.75
135.75
135.75
135.75
135.75
135.75
135.75
135.75
135.75
135.75
135.75
135.75
135.75
136.0
136.0
136.0
136.26136363636363
136.52272727272728
136.7840909090909
137.04545454545453
137.3068181818182
137.5681818181818
137.82954545454547
138.0909090909091
138.35227272727272
138.61363636363637
138.875
139.13636363636363
139.39772727272728
139.6590909090909
139.92045454545453
140.1818181818182
140.4431818181818
140.70454545454547
140.9659090909091
141.22727272727272
141.48863636363637
141.75
141.75
140.75
140.25
140.25
139.5
139.5
140.25
140.25
140.25
138.5
138.5
139.5
139.5
140.0
140.0
140.75
141.75
141.75
142.0
142.0
142.0
142.0
142.0
142.5
142.25
142.25
142.5
142.5
142.25
139.75
139.75
140.0
140.0
140.0
140.0
140.0
140.0
140.0
139.75
139.75
138.33333333333334
136.91666666666666
135.5
134.08333333333334
132.66666666666666
131.25
129.83333333333334
128.41666666666666
127.0
125.58333333333333
124.16666666666667
122.75
121.33333333333333
119.91666666666667
118.5
117.08333333333333
115.66666666666667
114.25
112.83333333333333
111.41666666666667
110.0
108.58333333333333
107.16666666666667
105.75
105.75
105.75
105.75
105.75
106.25
106.25
107.25
107.25
107.5
107.5
107.5
107.25
107.25
107.25
107.5
107.5
108.12857142857143
108.75714285714285
109.38571428571429
110.01428571428572
110.64285714285714
111.27142857142857
111.9
112.52857142857142
113.15714285714286
113.78571428571429
114.41428571428571
115.04285714285714
115.67142857142858
116.3
116.92857142857143
117.55714285714285
118.18571428571428
118.81428571428572
119.44285714285714
120.07142857142857
120.7
121.32857142857142
121.95714285714286
122.58571428571429
123.21428571428571
123.84285714285714
124.47142857142858
125.1
125.72857142857143
126.35714285714286
126.98571428571428
127.61428571428571
128.24285714285713
128.87142857142857
129.5
129.5
130.25
131.0
131.0
131.5
131.5
132.0
132.5
132.5
132.5
132.5
132.5
132.5
132.5
132.25
132.25
132.0
132.0
132.0
130.75
130.75
129.5
129.5
128.0
128.0
126.75
126.75
126.5
126.5
127.5
127.5
127.5
127.5
127.0
127.0
126.75
126.75
126.75
127.0
127.0
127.0
127.0
127.0
127.0
127.0
123.0
123.0
123.75
123.75
123.0
123.0
123.75
123.75
122.0
120.25
120.25
120.25
118.75
118.75
118.75
117.75
117.5
117.5
117.0
117.0
116.75
116.75
117.0
117.0
116.75
116.75
116.75
116.75
117.0
117.0
117.11538461538461
117.23076923076923
117.34615384615384
117.46153846153847
117.57692307692308
117.6923076923077
117.8076923076923
117.92307692307692
118.03846153846153
118.15384615384616
118.26923076923077
118.38461538461539
118.5
118.5
119.5
119.5
119.5
119.5
119.5
119.75
121.75
121.75
122.25
122.25
124.0
124.0
123.75
123.75
123.0
123.0
123.0
121.75
121.75
112.25
112.25
113.5
113.5
112.75
112.75
113.75
113.75
113.75
113.75
113.75
113.75
113.75
114.0
114.0
114.0
114.0
116.0
116.0
116.5
116.75
116.75
116.75
116.75
116.75
116.75
116.75
116.75
117.0
117.0
117.0
117.0
117.6
118.2
118.8
119.4
120.0
120.0
120.0
121.0
121.0
121.75
121.75
122.25
122.25
122.25
122.25
121.5
121.5
121.75
121.75
121.75
121.75
121.5
122.25
122.25
121.0
121.0
121.75
121.75
121.75
121.75
121.0
121.0
121.0
121.0
122.75
122.75
122.75
123.0
123.0
123.0
123.25
123.25
121.75
121.75
121.5
121.5
122.75
122.75
123.0
123.0
124.0
124.0
123.75
123.75
121.75
121.75
121.75
121.75
120.0
120.0
119.75
119.75
118.75
118.75
119.5
119.5
120.25
120.25
120.0
120.0
120.5
120.5
121.0
121.75
121.75
121.75
122.5
122.5
124.0
123.5
123.5
126.0
126.0
126.25
126.25
127.25
127.25
128.25
128.25
129.5
129.5
129.0
129.0
128.75
128.75
128.75
128.75
128.75
128.75
134.25
134.25
134.25
135.0
135.0
135.25
135.25
135.0
135.0
135.0
136.0
137.75
137.75
137.5
137.25
137.25
137.0
137.0
137.0
137.5
137.5
137.0
137.0
137.5
139.0
139.0
139.5
139.5
139.5
139.5
140.75
140.75
143.25
143.25
143.0
143.0
142.0
142.0
142.25
142.25
141.75
141.5
141.5
141.75
142.0
142.0
142.75
142.75
142.75
142.75
142.75
142.75
142.75
142.75
142.75
142.75
141.0
141.0
141.0
142.0
140.25
140.25
142.75
142.75
142.5
142.5
142.5
143.25
143.75
143.75
144.75
145.0
145.0
145.75
145.75
144.0
145.25
145.25
145.25
145.25
144.5
144.5
144.5
144.5
144.5
144.5
144.5
144.5
139.25
139.25
137.75
138.5
138.5
138.5
138.5
138.0
138.0
138.5
138.0
138.0
138.75
138.75
140.75
140.75
140.75
141.25
141.25
142.5
142.25
142.25
142.25
142.25
143.0
142.5
142.5
143.0
143.0
143.0
142.25
142.25
142.25
139.25
139.25
139.25
122.75
122.75
121.5
121.5
120.75
120.75
120.0
120.0
121.5
121.5
123.5
123.5
124.5
124.5
126.75
126.75
127.0
127.0
129.0
129.0
129.75
129.75
128.75
128.75
127.25
127.25
127.25
128.0
128.0
128.5
128.5
128.5
130.25
130.25
130.75
130.75
131.5
131.5
131.5
131.5
131.5
131.5
131.25
131.25
131.25
131.5
131.5
131.5
131.25
131.25
117.5
118.5
118.5
118.0
118.0
118.0
118.0
118.0
118.0
120.0
120.0
120.75
120.75
121.0
121.0
121.0
121.0
121.0
121.0
121.5
121.5
123.25
123.25
124.5
124.5
124.5
124.5
124.25
125.75
125.75
125.75
125.75
125.75
127.25
130.0
130.0
128.5
128.5
130.75
130.75
132.0
132.0
133.5
134.75
134.75
134.75
134.75
137.5
137.5
136.75
136.25
136.25
136.75
136.75
137.75
137.75
141.0
140.75
140.75
141.75
141.75
143.0
143.5
143.5
143.5
143.5
146.25
146.25
146.25
146.25
146.25
147.25
143.75
143.75
144.75
145.25
145.25
145.25
144.25
145.0
145.0
144.25
144.25
144.25
149.0
149.0
149.0
149.0
149.0
149.0
149.0
149.0
149.0
149.0
149.0
149.0
148.05769230769232
147.1153846153846
146.17307692307693
145.23076923076923
144.28846153846155
143.34615384615384
142.40384615384616
141.46153846153845
140.51923076923077
139.57692307692307
138.6346153846154
137.69230769230768
136.75
137.75
137.75
139.0
142.0
142.0
142.0
142.75
145.25
145.25
147.5
147.5
147.75
147.25
147.25
147.75
149.0
149.0
149.0
149.0
153.25
153.25
151.0
149.75
149.75
149.75
154.75
154.75
155.0
155.0
155.0
155.0
155.0
155.0
155.0
154.75
154.75
155.0
153.03125
151.0625
149.09375
147.125
145.15625
143.1875
141.21875
139.25
139.25
138.75
138.75
139.5
139.5
139.5
137.75
137.75
136.75
134.75
134.75
134.75
133.5
131.75
131.75
132.0
132.0
130.75
130.75
130.75
129.5
129.5
130.25
130.25
130.25
130.25
130.25
130.5
130.5
130.5
130.5
130.5
130.25
130.25
130.25
130.25
130.5
128.07142857142858
125.64285714285714
123.21428571428571
120.78571428571429
118.35714285714286
115.92857142857143
113.5
113.5
113.5
113.5
113.5
113.25
113.25
113.25
113.25
113.25
115.75
115.5
115.5
116.25
116.25
114.75
114.75
115.25
113.25
113.25
113.25
114.0
114.0
114.0
114.0
113.5
114.0
114.0
114.0
112.25
112.25
112.25
110.75
110.75
111.25
111.25
111.25
111.25
111.5
111.5
111.5
111.5
111.5
112.0
112.0
112.0
111.75
111.75
112.0
112.0
111.75
112.0
112.02272727272727
112.04545454545455
112.06818181818181
112.0909090909091
112.11363636363636
112.13636363636364
112.1590909090909
112.18181818181819
112.20454545454545
112.22727272727273
112.25
112.25
112.25
112.25
112.5
112.5
112.5
112.5
112.25
112.25
112.5
112.5
113.0
113.5
114.0
114.5
115.0
115.5
116.0
116.5
117.0
117.0
117.0
117.0
116.75
116.75
118.75
118.75
118.0
118.0
119.25
119.25
119.25
120.0
118.0
118.0
118.75
118.75
120.0
120.0
118.25
118.25
118.25
118.25
118.25
118.25
118.5
118.5
118.5
118.5
116.75
116.75
119.0
119.0
120.25
120.25
121.0
121.0
123.0
123.0
124.0
124.0
123.0
123.0
124.25
124.25
124.75
124.75
123.75
123.75
121.5
121.5
122.25
122.25
123.0
123.0
122.75
122.75
121.0
121.0
116.0
116.0
116.0
116.0
116.0
116.0
116.0
116.0
115.75
115.75
113.25
114.25
114.25
114.5
114.5
114.5
114.0
114.0
114.0
114.5
114.5
116.25
116.25
119.25
119.25
118.5
118.5
118.0
118.0
117.75
117.75
117.0
117.0
116.5
116.5
118.0
118.0
118.0
118.0
119.25
119.25
118.75
118.75
119.25
119.25
119.25
119.25
121.0
121.0
121.0
121.0
119.5
119.5
120.25
120.25
123.5
123.5
124.75
124.75
125.25
125.25
125.25
125.0
125.0
124.75
124.75
123.5
123.5
123.5
123.5
124.75
124.75
125.75
125.75
125.0
125.0
126.25
126.25
126.75
126.75
128.5
127.75
127.75
128.5
128.5
127.75
127.75
128.0
128.0
127.75
127.75
127.5
127.5
127.5
127.5
127.25
128.75
128.75
128.75
128.75
130.0
130.0
130.25
130.25
130.5
130.5
130.0
130.25
130.25
131.0
131.0
130.25
130.25
129.5
129.5
128.5
128.5
129.5
129.5
130.25
130.25
130.25
131.5
131.5
131.5
131.5
132.5
132.5
133.0
132.25
132.25
133.75
133.75
132.75
132.75
133.5
133.5
133.5
133.75
133.75
133.5
133.5
132.75
132.75
133.25
133.25
133.25
133.25
133.0
133.75
133.75
133.5
133.5
134.25
134.5
134.5
134.5
134.5
135.0
135.0
135.0
134.25
134.5
134.5
134.5
134.5
135.75
135.75
136.0
137.75
137.75
137.25
137.25
137.75
137.75
137.75
138.0
138.0
138.25
138.25
138.5
138.5
140.0
140.25
140.25
140.5
140.5
140.5
141.25
141.25
141.5
141.5
142.5
143.5
143.5
143.75
143.75
144.0
145.0
145.0
145.0
146.25
146.25
146.75
146.75
147.0
147.0
147.75
147.75
147.75
149.5
149.5
150.25
151.5
151.5
150.75
151.25
151.25
152.25
152.0
152.0
152.25
152.25
152.75
153.25
153.25
152.75
152.5
152.5
152.75
151.75
151.75
153.25
153.25
153.25
153.0
152.25
152.25
151.5
151.5
154.0
152.25
152.25
152.25
152.25
152.25
152.25
152.25
152.25
152.25
152.25
152.25
152.5
152.5
152.5
151.0
151.0
151.0
151.0
151.0
150.75
150.75
151.0
151.0
151.0
151.0
151.0
151.0
151.0
151.0
149.91071428571428
148.82142857142858
147.73214285714286
146.64285714285714
145.55357142857142
144.46428571428572
143.375
142.28571428571428
141.19642857142858
140.10714285714286
139.01785714285714
137.92857142857142
136.83928571428572
135.75
135.75
135.5
135.5
134.5
135.25
135.25
135.25
135.5
135.5
135.5
135.25
135.25
135.25
135.25
135.25
135.25
135.3815789473684
135.51315789473685
135.64473684210526
135.77631578947367
135.9078947368421
136.03947368421052
136.17105263157896
136.30263157894737
136.43421052631578
136.56578947368422
136.69736842105263
136.82894736842104
136.96052631578948
137.0921052631579
137.22368421052633
137.35526315789474
137.48684210526315
137.6184210526316
137.75
137.8815789473684
138.01315789473685
138.14473684210526
138.27631578947367
138.4078947368421
138.53947368421052
138.67105263157896
138.80263157894737
138.93421052631578
139.06578947368422
139.19736842105263
139.32894736842104
139.46052631578948
139.5921052631579
139.72368421052633
139.85526315789474
139.98684210526315
140.1184210526316
140.25
140.25
140.0
140.0
140.0
143.0
143.25
143.25
143.75
143.75
143.75
143.75
151.25
148.75
148.75
146.75
146.0
146.0
145.5
145.0
145.0
144.25
142.5
142.5
135.0
135.0
135.0
134.75
134.75
134.75
134.75
134.75
134.75
135.0
134.75
134.75
130.04166666666666
125.33333333333333
120.625
115.91666666666667
111.20833333333333
106.5
106.5
108.0
108.0
107.75
107.75
108.0
108.0
108.0
108.0
107.75
107.75
107.0
107.0
107.0
105.75
105.75
103.75
103.75
103.75
101.5
101.5
100.0
100.0
100.0
98.25
98.25
96.0
96.0
96.0
91.75
91.75
91.25
91.25
91.25
92.0
92.0
92.0
92.75
92.75
93.5
93.5
93.5
95.75
95.75
96.25
96.25
96.25
95.25
95.25
98.5
98.5
100.0
100.0
118.25
118.25
124.0
124.0
126.5
126.5
128.0
132.25
132.25
134.25
134.25
134.0
134.0
132.0
132.0
133.5
136.75
136.75
139.5
139.5
137.5
137.5
130.75
130.75
122.75
122.75
124.25
124.25
126.0
126.25
126.25
126.75
126.75
128.5
128.5
129.5
129.5
129.25
129.25
130.0
130.0
132.75
133.5
133.5
135.0
135.0
134.25
134.25
132.5
132.5
133.0
133.5
133.5
133.25
133.25
126.25
126.25
126.25
126.25
125.0
125.0
127.25
127.25
122.25
122.25
122.25
97.5
97.5
91.0
91.0
91.0
92.0
92.0
98.25
98.25
98.25
108.75
111.25
111.25
111.25
111.25
88.25
88.25
91.25
91.25
91.25
97.25
97.25
104.5
104.5
113.75
113.75
132.0
131.5
131.5
132.75
132.75
141.0
141.0
137.25
137.25
138.75
138.25
138.25
138.5
138.5
139.5
140.25
140.25
142.25
142.25
141.5
143.25
143.25
144.0
144.0
146.75
150.25
150.25
151.25
151.25
151.5
153.0
153.0
150.0
152.75
152.75
151.25
150.25
150.25
150.25
150.25
150.25
150.25
150.25
150.25
150.5
150.5
150.5
150.5
143.25
136.0
128.75
121.5
114.25
107.0
107.0
107.75
107.75
109.75
109.75
113.25
113.25
118.25
118.25
121.5
121.5
122.25
122.25
123.25
125.25
125.25
126.5
126.5
128.0
128.0
129.75
129.75
129.75
129.75
130.5
129.5
129.5
128.5
128.5
126.0
126.0
126.75
126.75
125.75
125.75
126.5
126.5
126.25
126.25
128.25
128.25
128.5
129.75
129.75
129.75
129.75
129.75
129.75
130.0
130.0
130.0
130.0
142.75
140.75
140.75
136.75
136.75
135.75
135.75
135.75
135.75
135.75
135.75
135.75
135.75
135.75
129.25
129.25
130.25
130.25
129.5
129.5
130.5
130.5
130.75
133.0
133.0
132.0
132.0
133.25
133.25
134.0
135.25
135.25
136.25
136.25
136.5
136.5
134.5
136.25
136.25
133.75
133.75
134.25
134.25
134.25
133.5
128.5
128.5
128.5
128.5
131.0
131.0
131.75
131.75
132.75
132.75
131.5
131.5
131.0
131.0
132.5
132.5
131.25
131.25
129.0
129.0
126.25
126.5
126.5
129.0
129.0
131.0
131.0
131.0
131.0
132.0
132.75
132.75
134.5
134.5
135.5
135.5
136.0
137.0
137.0
137.5
137.5
135.75
135.75
134.25
134.25
132.5
132.5
129.25
128.0
128.0
129.25
129.25
130.5
130.5
132.0
132.0
134.25
137.0
137.0
136.5
136.5
134.75
134.75
130.25
130.25
128.0
128.0
125.75
125.75
126.25
126.25
127.0
127.0
127.5
127.5
128.0
128.0
128.0
128.25
128.25
131.0
131.0
134.5
134.5
136.75
136.75
138.25
138.25
138.75
138.5
138.5
138.75
138.5
138.5
139.5
138.5
138.5
135.75
135.75
132.75
132.75
130.25
130.25
128.5
128.5
128.25
128.25
130.75
130.75
129.75
129.75
130.5
129.0
129.0
128.5
128.5
127.5
127.5
125.75
125.75
126.25
126.25
126.25
126.25
127.0
127.0
127.25
127.25
127.5
128.25
128.25
127.5
127.5
128.0
128.0
128.0
129.0
129.0
130.5
130.5
130.5
130.5
129.0
129.0
129.25
129.25
129.0
130.25
130.25
131.75
131.75
131.5
131.5
130.5
130.5
129.75
129.75
129.0
129.25
129.25
130.25
130.25
131.25
131.25
133.25
133.25
133.5
133.5
132.0
131.0
131.0
129.0
129.0
127.25
127.25
128.0
128.0
129.0
129.0
131.5
132.75
132.75
132.75
132.75
133.75
133.75
132.75
132.75
129.0
129.0
130.5
130.5
130.0
130.0
130.75
131.0
131.0
131.25
131.25
129.5
129.5
129.75
130.0
130.0
131.0
131.0
130.25
130.25
130.75
130.75
131.5
131.5
132.5
132.75
132.75
130.75
130.75
127.5
127.5
126.0
126.0
125.25
124.5
124.5
124.5
123.0
122.25
122.25
123.0
123.0
122.75
122.75
124.75
124.75
125.75
125.75
126.5
127.0
127.0
127.0
126.5
127.25
127.25
128.75
128.75
129.75
129.75
129.75
126.25
126.25
124.25
124.25
123.75
123.75
122.25
122.25
123.25
123.25
124.0
124.0
124.0
126.0
126.0
126.0
128.0
128.0
128.25
128.25
130.25
130.25
132.5
133.5
133.5
132.0
132.0
130.0
130.0
127.0
127.0
124.75
124.75
124.25
124.25
124.0
124.0
124.75
124.75
123.25
123.25
122.25
122.25
121.75
121.75
121.75
120.5
120.5
120.5
122.25
122.75
122.75
125.0
125.0
128.0
128.0
128.75
128.75
128.0
128.0
128.5
128.5
130.25
131.75
131.75
130.75
130.75
129.75
129.75
126.5
126.5
124.25
124.25
124.25
119.5
119.5
118.75
118.75
118.75
118.0
118.0
117.0
117.0
116.0
116.0
118.0
118.0
120.25
120.25
122.0
124.0
124.0
124.5
124.5
122.75
122.75
122.25
122.25
121.75
121.75
121.75
120.25
120.25
119.0
119.0
119.0
119.0
119.0
119.5
120.0
120.0
122.25
122.25
122.5
122.5
124.5
124.5
122.25
122.25
123.5
123.5
124.25
124.25
122.5
122.5
121.5
121.5
121.5
121.5
118.5
118.5
117.5
117.5
120.25
120.25
120.5
120.5
121.75
121.75
122.25
122.25
123.25
121.75
121.75
122.25
122.25
121.5
121.5
120.75
120.75
120.5
120.5
118.75
118.75
118.25
118.25
118.5
118.5
118.75
118.75
120.25
120.25
120.0
120.0
122.25
122.25
121.75
121.75
121.75
121.75
122.0
122.0
122.75
122.75
122.0
121.5
121.5
120.75
120.75
122.25
122.25
122.25
122.25
122.25
122.25
122.25
122.25
122.5
122.5
129.5
129.5
130.75
133.25
133.25
133.0
133.0
134.75
135.25
135.25
135.5
135.5
138.5
138.5
139.5
139.5
141.25
141.0
141.0
142.0
142.0
142.0
143.25
143.25
144.0
146.5
146.5
147.25
147.25
148.0
147.25
147.25
147.5
147.75
147.75
150.5
150.5
150.5
150.5
150.5
150.5
150.5
150.5
150.5
150.5
150.5
150.5
150.5
148.0
137.5
137.5
133.25
133.25
127.0
127.0
127.0
127.0
127.0
126.75
126.75
126.75
126.75
126.75
126.75
127.0
122.14285714285714
117.28571428571429
112.42857142857143
107.57142857142857
102.71428571428572
97.85714285714286
93.0
93.0
93.0
105.0
104.75
104.75
106.0
106.0
113.75
113.75
114.25
114.25
114.25
114.25
114.25
114.25
114.25
114.25
114.5
114.5
114.5
114.5
125.75
125.25
125.25
123.75
123.75
123.75
123.75
123.75
123.75
123.75
123.75
124.0
124.0
124.0
123.75
123.75
