150.75
151.25
151.25
151.5
152.0
152.0
152.0
152.0
152.25
151.75
151.75
152.5
153.75
153.75
154.25
154.25
154.25
154.5
155.25
155.25
156.0
156.0
156.5
156.25
156.25
156.5
156.75
156.75
157.0
158.5
158.5
158.5
158.25
158.25
157.75
158.5
158.5
159.0
159.5
159.5
158.75
160.0
160.0
156.75
155.75
155.75
153.5
150.75
150.75
149.5
149.5
147.5
147.0
147.0
147.0
147.0
147.0
147.0
147.0
147.75
147.75
148.75
149.75
149.75
150.75
151.75
151.75
152.25
152.5
152.5
152.75
153.5
153.5
154.5
154.5
155.25
155.75
155.75
156.25
156.75
156.75
157.25
157.5
157.5
157.5
158.25
158.25
158.5
159.0
159.0
159.25
160.0
160.0
160.0
159.5
159.5
160.0
160.0
160.0
160.25
160.25
160.25
160.25
160.0
160.0
160.75
161.0
161.0
160.5
160.25
160.25
159.0
158.5
158.5
158.0
158.0
158.0
158.0
157.75
157.75
157.75
158.0
158.0
158.25
158.0
158.0
158.25
158.25
158.0
157.75
157.75
158.0
158.25
158.25
158.5
158.75
158.75
158.5
158.5
158.5
158.5
158.25
158.25
158.5
159.0
159.0
159.25
159.25
159.25
159.0
159.5
159.5
159.0
158.5
158.5
159.0
159.25
159.25
159.5
160.0
160.0
159.5
159.5
159.5
159.25
159.5
159.5
160.0
160.5
160.5
160.0
159.25
159.25
159.5
160.25
160.25
160.75
160.75
160.75
160.75
160.75
160.75
161.0
161.75
161.75
161.0
162.0
162.0
162.0
161.75
161.75
161.75
162.25
162.25
162.5
162.5
162.25
162.25
161.25
161.25
161.25
161.25
161.5
161.5
161.75
161.75
161.5
160.75
160.75
160.75
161.25
161.5
161.5
162.25
162.25
162.25
161.75
161.75
161.75
162.0
162.25
162.25
162.5
162.5
162.5
162.25
162.5
162.5
162.5
163.25
163.25
163.25
162.75
162.0
162.0
162.5
161.5
161.5
160.5
159.0
159.0
158.75
158.75
157.25
158.0
158.0
157.0
157.0
157.0
158.25
158.25
159.0
159.0
157.0
157.25
157.25
156.0
156.75
157.75
157.75
157.0
157.0
157.25
157.5
157.5
157.25
157.25
157.25
157.25
157.5
157.5
157.25
159.25
159.25
159.25
160.5
160.5
160.5
160.5
160.5
160.5
160.5
160.5
160.75
160.25
160.25
159.25
158.75
158.75
157.75
157.25
157.25
156.0
155.25
155.25
154.75
153.5
153.5
150.0
150.0
150.5
150.75
150.75
151.0
152.75
152.75
153.0
153.0
153.5
152.75
152.75
153.25
153.75
153.75
154.0
155.25
155.25
156.5
157.5
157.5
158.0
157.5
157.5
158.25
158.25
158.25
157.75
158.75
158.75
158.75
159.0
159.0
159.25
158.5
158.5
159.0
159.5
159.5
159.25
159.25
159.25
158.5
158.25
158.25
158.25
158.25
158.5
159.0
159.0
159.25
159.0
159.0
159.5
160.0
160.0
160.25
160.5
160.5
160.75
161.75
161.0
161.0
162.5
162.75
162.75
162.25
162.5
162.5
163.5
163.5
163.5
164.0
163.25
163.25
163.25
163.75
163.75
163.75
164.0
164.0
163.5
163.5
163.75
163.75
164.5
164.75
164.75
165.0
165.0
165.0
164.75
164.5
164.5
164.75
165.5
165.5
165.0
165.75
165.75
165.75
165.0
165.0
165.0
165.0
164.5
164.5
163.5
163.75
163.75
163.25
162.0
162.0
162.25
160.5
160.5
160.0
159.5
159.5
157.25
157.0
157.0
157.25
156.5
156.5
156.75
156.0
156.0
154.0
152.5
152.5
150.25
150.25
150.5
151.0
151.0
151.5
151.0
151.0
149.5
149.5
149.5
150.0
150.0
150.0
150.0
149.75
149.25
149.25
150.0
150.75
150.75
151.5
150.75
150.75
150.5
150.5
151.25
151.25
151.25
152.25
151.25
151.25
151.0
151.0
150.5
149.75
149.75
148.75
149.0
149.0
150.0
150.0
150.25
148.5
148.5
148.0
148.0
147.0
145.75
145.75
146.25
145.5
145.5
145.75
145.75
145.75
144.75
144.75
146.0
146.0
146.75
145.75
145.75
147.0
147.0
148.0
148.25
148.25
148.75
148.25
148.25
148.75
148.75
149.0
149.25
149.25
150.0
149.75
149.75
150.25
150.25
150.25
149.75
149.75
150.5
150.0
150.0
151.0
151.0
151.0
150.0
150.0
150.75
150.0
150.0
149.75
150.5
150.5
151.25
151.25
151.25
152.5
152.5
152.75
154.0
154.0
154.5
153.75
153.75
154.0
155.5
155.5
155.75
155.75
155.75
155.25
155.25
155.5
154.75
154.75
155.25
155.25
155.25
154.5
153.75
153.75
154.5
154.5
153.25
153.0
153.0
152.75
153.5
153.5
153.75
153.5
153.5
153.5
155.0
155.0
155.5
155.5
155.0
154.25
154.25
154.25
154.75
154.75
156.0
156.5
156.5
156.75
157.25
157.25
157.25
157.5
157.5
157.25
158.25
158.25
158.25
158.5
158.5
159.25
160.25
160.25
158.75
158.25
158.25
157.5
156.25
156.25
156.75
156.75
156.75
156.25
156.25
156.25
154.75
154.75
156.0
156.25
156.25
157.25
157.25
157.25
156.0
157.0
157.0
156.5
157.0
157.0
157.75
158.0
158.0
157.5
158.25
158.25
158.75
159.25
159.25
159.5
159.25
159.25
160.5
159.0
159.0
159.5
159.5
159.5
160.5
161.0
161.0
160.75
160.25
160.25
160.5
161.0
161.0
159.5
159.25
159.25
159.5
159.25
159.25
158.25
158.75
158.75
158.25
158.25
159.0
159.25
159.25
158.5
157.75
157.75
156.75
157.0
157.0
157.75
158.0
158.0
157.25
156.75
156.75
157.5
158.75
158.75
157.5
158.5
158.5
158.25
157.5
157.5
158.5
158.0
158.0
158.75
159.25
159.25
160.0
159.0
159.0
160.0
160.75
160.75
160.25
160.75
160.75
160.75
160.25
160.25
160.25
161.25
161.25
160.25
161.0
161.0
161.25
160.25
160.25
161.0
160.75
160.75
161.5
161.5
161.5
161.5
161.5
161.5
161.75
162.5
162.5
162.25
162.5
163.75
163.75
163.25
163.75
163.75
164.25
164.5
164.5
163.25
161.75
161.75
161.5
161.0
161.0
160.25
160.0
160.0
160.25
159.5
159.5
160.0
160.25
160.25
160.25
161.0
161.0
161.5
161.5
161.5
161.5
161.75
161.75
161.5
162.75
162.75
162.25
162.25
162.25
162.0
162.0
162.0
162.25
162.25
161.75
161.75
161.75
161.5
161.5
161.5
160.25
160.25
162.5
161.0
161.0
162.0
162.0
161.75
162.25
162.25
163.25
163.5
163.5
163.75
162.25
162.25
161.75
162.0
162.0
162.25
162.25
162.25
162.0
161.75
161.75
161.75
162.0
162.0
162.25
161.0
161.0
160.5
160.25
160.25
160.5
160.75
160.75
161.0
161.0
161.0
161.5
161.25
161.25
161.25
161.25
161.25
161.75
162.5
162.75
162.75
163.25
163.75
163.75
164.25
164.25
164.25
164.0
164.0
164.0
163.5
163.25
163.25
163.25
162.75
162.75
163.5
163.75
163.75
164.0
164.5
164.25
164.25
163.25
162.75
162.75
163.25
162.5
162.5
162.25
162.0
162.0
162.25
161.75
161.75
160.75
160.25
160.25
160.0
158.0
158.0
157.25
157.25
157.25
157.25
157.0
157.0
156.75
156.75
157.0
157.5
157.5
157.5
158.0
158.0
158.5
158.25
158.25
158.5
159.0
159.0
159.25
159.5
159.5
160.0
160.25
160.25
159.5
159.5
159.5
160.0
160.5
160.5
160.5
160.25
160.25
160.25
160.25
160.25
160.5
160.0
160.0
160.0
160.25
160.25
160.5
160.75
160.75
160.75
160.5
160.5
161.0
160.25
160.25
160.0
160.5
160.5
160.25
160.25
160.25
159.0
158.0
158.0
158.25
158.5
158.5
160.5
159.25
159.25
161.5
158.75
166.5
166.5
178.0
176.25
176.25
174.5
174.5
174.5
174.25
174.25
174.25
174.25
174.25
174.5
174.5
170.6
166.7
162.8
158.9
155.0
155.0
155.0
154.0
154.0
154.5
154.5
154.75
154.0
154.0
153.0
151.75
151.75
151.25
151.25
149.75
148.75
148.75
148.5
148.75
148.75
149.5
149.5
147.75
147.5
147.5
148.5
148.5
148.5
148.25
148.25
147.5
147.0
147.0
146.25
146.25
146.0
146.0
146.0
145.75
145.75
146.75
147.25
147.25
147.5
147.5
146.25
144.75
144.75
144.0
144.0
144.75
146.25
146.25
147.5
148.75
148.75
149.75
149.75
150.0
150.0
150.0
150.5
150.75
150.75
151.0
151.5
151.5
150.75
150.75
151.25
151.75
151.75
151.75
152.0
152.0
151.5
151.5
151.25
150.75
150.75
151.0
150.25
150.25
150.0
150.0
149.25
148.5
148.5
147.75
147.75
147.0
145.5
145.5
145.0
145.0
145.0
145.0
145.0
144.25
144.25
145.0
145.0
145.0
145.5
144.5
144.5
143.5
143.5
143.75
143.75
143.75
143.0
143.0
143.25
143.75
143.75
143.25
143.25
143.5
143.5
143.75
144.25
144.25
144.75
145.0
145.0
145.0
145.0
143.75
143.75
143.75
143.5
143.5
143.75
143.5
143.5
142.75
142.75
143.0
143.0
143.5
144.25
144.25
145.0
146.0
146.0
146.5
146.5
147.5
148.75
148.75
147.0
147.0
145.25
145.75
145.75
145.0
145.0
144.75
145.0
145.0
143.75
143.75
140.5
140.5
137.5
137.5
137.0
137.0
137.75
137.5
137.5
137.0
137.0
136.0
136.0
136.75
136.5
136.5
136.25
136.25
137.0
137.0
137.5
136.75
136.75
136.5
136.5
137.5
137.5
138.5
138.5
137.5
137.5
136.5
137.25
137.25
136.75
136.75
135.75
135.75
136.25
136.25
136.25
138.0
138.0
137.5
138.5
138.5
139.5
139.5
139.75
139.75
141.25
142.0
142.0
142.0
142.0
142.0
142.0
142.0
142.5
142.5
143.25
143.25
143.25
143.25
143.25
144.25
144.25
144.25
144.0
144.0
144.25
144.5
144.5
144.5
143.25
143.25
141.0
140.75
140.75
141.25
141.25
141.25
142.0
142.0
142.5
142.25
142.25
142.75
142.75
143.25
143.25
142.75
142.25
142.25
143.0
143.0
143.0
143.25
143.25
142.25
142.25
142.75
144.0
144.0
144.25
144.25
145.75
145.0
145.0
146.75
147.75
147.75
148.75
148.75
149.5
150.25
150.25
152.0
152.25
152.25
152.0
152.25
152.25
152.0
152.0
151.0
151.75
151.75
151.5
151.75
151.75
151.25
151.25
150.25
149.75
149.75
150.0
150.25
150.25
150.25
150.25
150.0
151.5
151.5
150.75
150.5
150.5
151.75
152.25
152.25
152.25
152.25
152.25
152.5
152.5
152.5
152.25
152.25
152.0
152.0
151.75
151.5
151.5
151.0
151.5
151.5
152.5
153.0
153.0
152.75
152.75
153.25
154.0
154.0
153.25
151.75
151.75
150.5
150.5
149.75
150.0
150.0
150.0
151.25
151.25
150.75
150.5
150.5
152.0
152.0
151.75
152.0
152.0
152.75
152.5
152.5
152.5
151.5
151.5
150.75
150.75
151.25
153.0
153.0
153.25
152.25
152.25
151.75
151.75
152.5
152.5
152.5
153.5
153.0
153.0
151.0
151.0
143.5
143.0
143.0
140.25
140.25
137.75
136.75
136.75
135.0
135.0
133.0
133.0
132.5
132.5
134.25
134.25
137.5
141.0
141.0
144.5
146.5
146.5
147.0
147.0
146.25
146.0
146.0
144.75
144.75
144.75
145.25
145.25
147.0
147.0
146.25
146.0
146.0
145.5
145.5
144.5
143.5
143.5
142.75
142.75
143.25
144.0
144.0
145.0
145.0
146.75
147.75
147.75
148.25
149.0
149.0
150.0
150.75
150.75
150.75
150.75
150.0
149.75
149.75
149.5
149.0
149.0
149.0
149.0
147.75
146.5
146.5
145.0
145.0
145.5
145.0
145.0
143.5
143.5
143.0
143.0
142.25
140.25
140.25
137.5
137.5
136.25
136.25
135.0
135.0
135.0
135.0
135.0
135.0
134.25
134.25
134.0
134.0
135.5
135.5
135.0
135.5
135.5
135.75
135.75
137.5
137.5
139.0
139.25
139.25
138.75
138.75
138.75
138.75
137.25
136.75
136.75
135.75
135.75
135.25
135.25
135.75
135.0
135.0
135.0
135.0
134.75
134.75
135.5
136.75
136.75
137.0
137.0
137.5
137.5
137.5
139.0
139.0
140.25
140.25
141.25
141.25
142.25
143.25
143.25
144.5
144.5
146.0
147.0
147.0
148.25
148.5
148.5
148.75
148.75
150.0
150.75
151.25
151.25
151.5
151.5
151.5
151.5
148.75
147.25
147.25
145.75
145.0
145.0
145.75
145.75
146.0
146.0
146.25
145.75
145.75
144.25
141.75
141.75
135.5
135.5
134.25
134.25
135.0
134.75
134.75
135.0
135.0
135.75
135.75
135.5
135.5
136.75
137.5
137.5
137.25
137.25
136.25
136.25
136.75
136.75
136.75
136.0
136.0
136.75
137.5
137.5
137.25
137.25
138.0
138.0
137.5
137.5
136.75
135.75
135.75
132.0
132.0
132.75
132.75
134.25
135.75
135.75
137.0
137.0
139.0
139.0
139.5
139.5
139.5
138.75
138.75
137.5
137.5
137.5
138.0
138.0
138.75
138.75
140.5
140.5
139.75
139.75
140.25
142.0
142.0
142.0
145.0
145.5
145.5
147.0
147.0
147.75
147.75
149.25
150.25
150.25
150.5
150.5
150.5
151.25
151.25
151.75
151.0
151.0
151.5
152.5
152.5
152.5
152.5
152.25
153.0
153.0
153.5
152.25
152.25
152.5
153.75
153.75
154.25
153.75
153.75
153.5
153.5
153.0
152.0
152.0
151.5
153.25
153.25
152.25
152.75
152.75
152.25
152.25
152.5
151.75
151.75
150.25
151.25
151.25
151.25
151.25
150.5
150.5
150.5
150.0
150.0
150.0
150.0
150.0
149.75
149.75
151.75
151.75
150.25
150.0
150.0
150.25
151.25
151.25
151.75
151.75
154.25
153.5
153.5
154.25
153.75
153.75
154.75
154.0
154.0
155.25
155.25
155.25
154.75
157.5
157.5
156.5
155.0
155.0
157.75
157.75
158.0
157.75
157.75
158.25
159.0
159.0
158.25
158.75
158.75
158.5
158.25
158.25
159.25
158.75
158.75
157.25
157.5
157.5
156.5
157.25
157.25
156.0
156.75
156.75
155.5
156.75
156.75
156.0
155.25
155.25
156.75
156.75
155.75
154.5
154.5
155.25
155.25
155.25
155.0
155.25
155.25
156.25
156.25
156.25
156.5
157.25
157.25
158.25
158.0
158.0
159.0
157.5
157.5
157.75
158.0
158.0
160.0
159.25
159.25
160.0
159.25
159.25
160.75
161.25
161.25
160.5
160.25
160.25
160.75
160.5
160.5
159.0
158.75
158.75
158.0
158.75
158.75
159.25
159.25
159.25
159.25
159.25
156.75
157.75
157.75
157.75
158.25
158.25
158.5
158.25
159.0
159.0
159.25
159.5
159.5
160.0
160.0
159.5
159.5
160.25
160.25
160.25
160.0
160.75
160.75
160.5
160.0
160.0
159.25
159.25
159.25
160.0
159.5
159.5
158.75
158.5
158.5
158.25
158.0
158.0
158.0
158.5
158.5
158.5
158.75
158.75
158.5
157.5
157.5
157.25
157.0
157.0
157.25
157.25
157.5
157.75
157.75
158.0
157.75
157.75
157.0
157.25
157.25
158.0
157.75
157.75
158.0
158.75
158.75
159.0
159.25
159.25
159.5
160.25
160.25
160.5
160.0
160.0
159.5
159.25
159.25
160.25
161.0
161.0
160.0
160.25
160.25
160.25
161.25
161.25
162.25
162.0
162.0
161.25
161.0
161.0
162.25
160.75
160.75
157.5
160.0
160.0
159.5
160.25
160.25
159.0
159.0
159.0
159.25
159.0
159.0
158.25
160.0
160.0
157.75
156.5
156.5
156.25
150.75
150.75
145.75
145.75
153.25
153.25
153.25
153.25
153.25
153.25
153.25
153.5
153.5
153.5
144.3
135.1
125.9
116.7
107.5
107.5
112.25
112.25
120.75
120.75
122.0
122.0
121.75
121.75
122.5
122.5
122.5
122.5
122.5
122.5
123.75
125.25
125.25
126.25
126.25
130.0
130.0
131.0
131.0
132.5
132.5
135.5
135.5
137.5
137.5
140.75
140.75
141.25
142.0
142.0
142.0
142.0
143.25
143.75
143.75
146.25
146.25
148.0
148.75
148.75
149.75
150.75
150.75
151.0
150.0
150.0
150.0
150.0
152.0
151.5
151.5
152.0
152.25
152.25
152.5
152.5
152.75
152.5
152.5
152.75
152.0
152.0
152.75
151.25
151.25
152.0
152.0
153.25
153.0
153.0
152.5
153.5
153.5
153.25
154.0
154.0
154.75
155.25
155.25
155.5
155.0
155.0
155.0
155.0
154.5
155.25
155.25
155.25
155.5
155.5
155.25
155.0
155.0
155.25
154.5
154.5
153.0
153.0
152.25
151.75
151.75
151.0
152.0
152.0
151.75
151.75
151.75
152.25
152.25
151.75
151.75
151.75
152.25
152.75
152.75
153.75
154.0
154.0
154.25
154.25
154.25
155.5
155.5
156.25
156.25
156.25
154.0
157.75
157.75
156.0
155.0
155.0
153.5
153.5
151.0
150.0
150.0
149.25
149.0
149.0
149.0
149.0
148.25
146.5
146.5
147.5
147.5
146.75
146.5
146.5
146.5
146.75
146.75
147.0
147.0
147.0
146.25
146.25
146.25
146.75
146.5
146.5
147.25
147.25
148.75
152.5
152.5
150.5
151.0
151.0
150.75
151.25
151.25
151.5
151.5
151.25
151.25
151.25
151.25
151.5
151.5
151.5
151.5
151.5
151.75
151.75
151.25
151.25
151.25
151.0
150.5
150.5
150.5
150.5
150.75
150.75
150.75
150.75
150.75
150.75
150.0
150.0
150.0
150.5
150.5
149.0
149.0
149.0
148.75
148.75
149.0
149.75
149.75
149.75
149.75
149.75
150.5
150.5
151.0
150.0
150.0
150.0
150.0
150.0
150.25
150.25
150.25
151.0
151.0
152.25
152.5
152.5
153.75
153.75
153.75
153.75
153.75
154.0
154.5
154.5
154.75
155.25
155.25
155.25
155.5
155.5
155.75
156.0
156.0
156.25
156.5
156.5
156.5
156.5
156.0
155.25
155.25
156.0
156.5
156.5
156.25
155.75
155.75
156.25
156.75
156.75
156.25
157.0
157.0
157.25
157.0
157.0
156.25
155.75
155.75
156.25
157.25
157.25
157.0
157.0
156.0
156.5
156.5
156.75
157.25
157.25
156.75
156.25
156.25
156.5
157.0
157.0
157.75
157.25
157.25
156.25
156.75
156.75
156.75
157.5
157.5
158.25
158.0
158.0
157.25
157.25
156.25
157.25
157.25
155.5
159.25
159.25
159.0
158.25
158.25
157.75
157.75
157.75
157.75
158.0
158.0
157.75
158.25
158.25
158.5
158.25
158.25
158.0
158.0
158.0
158.5
158.5
158.5
158.5
158.5
158.5
158.75
159.5
159.5
158.75
158.75
158.75
159.5
157.75
157.75
158.0
158.5
158.5
159.0
159.5
159.5
159.5
159.5
159.5
160.0
160.25
160.25
159.25
158.75
158.75
158.75
158.75
159.25
159.0
159.0
158.75
157.25
157.25
158.25
157.0
157.0
157.75
160.0
160.0
158.75
159.0
159.0
158.5
158.0
158.0
158.75
159.5
159.5
159.0
158.0
158.0
157.0
156.5
156.5
156.5
156.5
156.5
156.75
157.5
157.5
157.25
157.5
157.5
157.25
157.25
157.0
157.75
157.75
157.5
157.75
157.75
157.5
157.75
157.75
158.25
158.25
158.25
158.5
158.25
158.25
159.0
159.0
159.0
159.5
159.5
159.5
159.5
159.25
159.25
159.0
159.25
159.25
159.25
159.5
159.5
159.5
160.5
160.5
160.75
161.0
161.0
161.0
160.25
160.25
159.5
159.5
159.5
160.25
160.25
160.25
160.75
160.5
160.5
160.25
160.5
160.5
160.25
160.25
160.25
160.0
159.25
159.25
159.5
160.0
160.0
160.25
160.0
160.0
159.5
159.5
159.5
159.5
159.5
159.5
160.0
159.25
159.25
159.5
160.0
160.0
160.0
160.0
160.0
160.25
160.25
160.25
160.25
158.75
158.75
160.0
159.5
159.5
160.0
160.25
160.25
160.5
160.75
160.75
160.5
160.5
160.5
160.25
160.25
160.25
160.75
160.5
160.5
159.0
159.25
159.25
159.5
160.25
160.25
160.75
160.75
160.75
160.75
161.0
161.0
161.25
161.0
161.0
160.75
160.25
160.25
159.5
159.5
159.5
159.5
160.0
160.0
159.25
159.25
159.25
158.25
158.0
158.0
158.5
158.25
158.25
158.25
158.5
158.5
158.75
159.0
159.0
159.0
158.75
158.75
158.5
158.75
158.75
159.0
159.5
159.5
159.25
159.25
159.25
159.25
159.25
159.25
159.0
159.0
159.0
159.0
160.0
160.0
159.5
159.0
159.0
159.5
160.25
160.25
160.25
160.0
160.0
159.5
159.25
159.25
159.25
159.25
159.25
160.0
159.5
159.5
159.5
159.5
159.5
159.5
159.25
159.25
159.25
159.25
159.25
159.0
159.25
159.25
159.0
159.5
159.5
160.0
159.5
159.5
159.5
159.25
159.25
159.0
159.5
159.5
159.25
159.25
160.25
160.0
160.25
160.25
159.25
159.25
158.75
158.75
158.75
159.0
159.5
159.5
159.5
159.5
159.5
159.5
158.75
158.75
158.5
159.0
159.0
159.25
159.0
159.0
158.5
159.5
159.5
159.0
159.5
159.5
160.0
159.5
159.5
160.0
159.5
159.5
159.0
158.25
158.25
158.75
159.0
159.0
159.0
159.0
159.0
159.0
158.75
158.75
158.0
157.5
157.5
158.5
158.5
158.5
158.75
159.0
159.0
158.75
158.5
158.5
158.25
157.75
157.75
157.75
157.75
156.25
155.5
155.5
155.0
154.5
154.5
154.25
154.0
154.0
153.25
153.25
152.25
151.5
151.5
150.0
150.0
150.0
149.75
149.75
149.75
150.25
150.25
150.5
150.75
150.75
151.25
151.0
151.0
150.5
150.5
150.0
150.75
150.75
151.25
150.25
150.25
148.5
148.5
146.25
144.25
144.25
142.75
142.75
143.25
143.25
143.5
143.5
143.5
144.25
144.25
144.25
144.5
144.5
145.0
144.5
144.5
145.0
145.0
144.75
145.0
145.0
145.25
145.25
145.75
146.5
146.5
146.75
146.75
147.0
147.5
147.5
147.75
147.75
147.75
147.75
147.75
147.5
146.5
146.5
145.25
145.25
145.0
145.0
145.0
145.0
145.0
145.25
145.75
145.75
146.0
146.0
147.25
147.0
147.0
147.25
147.5
147.5
146.75
146.75
147.0
147.25
147.25
148.0
148.75
148.75
148.75
148.75
149.25
150.0
150.0
151.0
151.25
151.25
151.25
151.25
152.0
152.25
152.25
152.5
152.5
152.5
152.0
152.0
152.0
152.5
152.5
153.25
153.75
153.75
154.0
154.0
154.0
153.5
154.25
154.25
154.5
154.5
154.5
154.25
154.25
154.5
154.75
154.75
155.25
154.75
154.75
154.25
154.0
154.0
154.0
153.75
153.75
154.0
154.0
154.0
154.25
154.25
154.25
154.25
154.25
153.75
153.75
153.75
152.75
152.75
151.5
150.25
150.25
149.75
150.0
150.0
150.25
150.25
150.0
150.5
150.5
151.0
151.25
151.25
151.25
151.25
151.25
151.0
151.0
151.25
151.25
151.25
151.5
151.75
151.75
151.75
151.75
151.75
151.75
151.75
151.25
150.75
150.75
151.0
151.25
151.25
151.0
151.0
150.75
150.25
150.25
150.0
149.75
149.75
149.0
149.0
149.0
149.25
149.25
149.75
150.25
150.25
150.75
150.75
151.5
151.25
151.25
151.5
151.75
151.75
151.75
151.75
152.0
152.0
152.0
152.0
152.25
152.25
152.25
152.5
152.5
151.5
151.5
150.0
147.75
147.75
146.25
146.25
145.25
145.0
145.0
145.75
145.75
146.0
147.0
147.0
146.75
146.5
146.5
146.75
146.75
146.75
147.25
147.25
147.25
147.25
147.25
148.0
148.0
148.0
147.5
147.5
148.75
148.75
149.25
150.0
150.0
150.75
151.0
151.0
150.75
150.75
151.75
153.0
153.0
153.25
153.25
153.25
153.25
153.75
153.75
152.75
152.75
152.75
152.75
152.75
153.0
153.0
153.0
153.25
152.75
152.75
153.25
153.25
152.75
152.5
152.5
152.5
151.75
151.75
151.5
151.5
151.5
150.5
150.5
148.0
149.25
149.25
149.0
149.0
149.0
149.0
149.0
149.25
149.75
149.75
150.0
150.0
150.5
151.25
151.25
151.5
151.75
151.75
151.0
152.25
152.25
153.0
153.0
153.0
152.75
152.75
152.75
151.5
151.5
151.75
152.0
152.0
152.25
152.25
152.5
153.0
153.0
152.75
152.25
152.25
150.5
150.5
151.75
151.75
151.75
151.75
152.0
152.0
152.5
152.5
152.5
153.0
153.25
153.25
153.25
153.25
154.75
155.5
155.5
155.25
154.5
154.5
154.75
155.0
155.0
155.0
155.5
155.5
155.25
155.25
155.5
157.0
157.0
155.5
155.5
155.5
155.75
156.25
156.25
156.5
156.5
156.5
156.25
156.0
156.0
155.5
155.75
155.75
156.0
156.0
156.5
156.75
156.75
157.0
157.25
157.25
157.25
157.25
157.25
158.0
158.0
158.0
157.25
157.5
157.5
158.0
158.25
158.25
158.0
158.0
158.0
158.25
158.0
158.0
157.5
158.0
158.0
158.25
157.5
157.5
157.75
158.0
158.0
158.0
158.5
158.5
158.75
158.75
158.75
158.25
158.25
158.0
158.75
158.75
159.0
160.0
160.0
159.0
158.5
158.5
158.75
158.75
158.75
159.5
159.25
159.25
159.25
159.0
159.0
158.75
158.75
158.75
158.0
156.25
156.25
155.75
156.75
156.75
156.75
157.25
157.25
157.25
157.75
157.75
158.0
158.0
157.25
156.0
156.0
156.0
155.0
155.0
154.75
154.75
154.5
153.25
153.25
152.0
151.5
151.5
150.25
150.25
149.25
149.25
149.25
149.25
149.75
149.75
150.0
150.75
150.75
152.5
153.5
153.5
152.75
152.75
152.75
153.0
154.25
154.25
154.75
154.75
155.5
156.25
156.25
156.5
156.0
156.0
155.0
154.5
154.5
156.25
156.5
156.5
156.5
156.0
156.0
155.75
156.75
156.75
157.25
157.25
157.75
158.0
157.75
157.75
157.75
157.75
157.5
157.0
157.0
156.5
156.75
156.75
157.25
157.75
157.75
157.0
156.5
156.5
156.25
156.0
156.0
156.0
155.75
155.75
155.0
155.0
154.25
153.75
153.75
153.0
152.75
152.75
152.25
152.5
152.5
153.25
153.25
150.75
153.25
153.25
152.0
150.5
150.5
151.75
152.25
152.25
152.75
152.75
153.25
153.25
153.25
153.5
153.75
153.75
154.25
153.25
153.25
153.0
153.0
152.5
152.25
152.25
152.5
152.75
152.75
152.25
151.25
151.25
151.25
151.25
151.5
151.75
151.75
151.75
151.25
151.25
151.0
151.0
150.75
151.0
151.0
150.75
151.0
151.0
151.5
151.5
151.75
150.75
150.75
150.75
150.5
150.5
149.75
149.75
149.75
150.0
150.0
149.75
149.0
149.0
149.0
149.0
148.25
148.0
148.0
148.25
148.25
148.5
149.5
149.5
150.0
150.25
150.25
150.0
150.0
150.0
150.75
150.75
150.75
151.5
151.5
152.5
153.25
153.25
153.5
153.75
153.75
153.75
153.75
153.25
153.75
153.75
153.5
153.5
153.5
153.75
153.75
153.75
153.75
153.5
153.5
153.75
153.75
153.5
153.5
153.5
153.25
153.5
153.5
152.25
152.25
152.25
148.75
147.5
147.5
147.5
148.25
148.25
148.25
148.25
149.0
149.5
149.5
149.75
149.75
149.75
149.5
149.5
148.75
147.0
147.0
145.5
145.5
146.5
147.0
147.0
145.5
145.5
146.25
147.0
147.0
146.5
147.0
147.0
147.0
147.0
147.0
147.25
147.25
148.5
148.5
147.0
148.0
148.0
149.5
149.5
149.5
149.5
149.5
149.25
149.25
149.5
151.75
151.75
152.0
152.0
152.5
152.5
152.5
152.75
152.25
152.25
152.5
151.75
151.75
150.75
150.75
150.75
149.75
149.75
149.25
150.0
150.0
150.5
150.5
150.25
150.0
150.0
149.25
149.75
149.75
150.25
150.25
150.75
150.5
150.5
150.75
151.75
151.75
148.75
150.75
150.75
151.75
151.75
151.75
151.5
151.5
151.75
150.5
150.5
150.25
150.25
152.25
153.75
153.75
152.25
153.5
153.5
154.5
154.5
154.5
156.25
156.0
156.0
155.5
155.5
155.0
154.5
154.5
154.25
154.5
154.5
155.0
155.5
155.5
156.0
156.0
156.0
155.75
155.75
155.75
155.25
155.25
155.5
154.75
154.75
152.5
155.25
155.25
155.0
155.0
155.0
155.5
155.75
155.75
155.75
155.0
155.0
155.25
155.25
155.25
155.0
155.0
155.25
155.5
155.5
155.25
155.0
155.0
155.25
155.25
155.25
155.75
155.75
155.75
154.75
154.75
156.0
156.25
156.25
156.5
157.0
157.0
157.25
157.25
157.25
157.0
157.25
157.25
157.5
158.0
158.0
158.0
157.75
157.75
158.0
157.25
157.25
158.25
157.5
157.5
157.75
157.75
158.25
158.25
158.25
158.0
158.5
158.5
157.75
158.0
158.0
158.25
159.0
159.0
158.25
157.25
157.25
158.0
160.25
160.25
158.5
157.0
157.0
160.25
159.0
159.0
159.25
160.0
160.0
160.5
160.5
160.5
160.5
160.75
160.75
161.0
161.0
161.0
160.75
161.25
161.25
161.25
161.0
161.75
161.75
160.75
161.0
161.0
162.5
162.25
162.25
161.25
161.25
161.75
161.75
161.5
161.25
161.25
161.75
162.0
162.0
161.25
161.5
161.5
162.5
164.0
164.25
164.25
164.25
162.75
162.75
164.5
164.25
164.25
164.0
164.75
164.75
165.75
165.5
165.5
166.25
164.75
164.75
162.5
161.75
161.75
159.25
153.75
153.75
145.0
145.0
141.25
139.75
139.75
138.0
138.0
137.0
137.0
136.0
136.25
136.25
135.75
137.0
137.0
138.75
138.75
141.25
141.25
142.5
142.5
143.0
143.75
143.75
144.25
144.25
145.0
145.25
145.25
146.0
148.5
148.5
151.25
151.25
153.75
153.75
154.0
155.25
155.25
155.5
157.25
157.25
158.25
158.75
158.75
158.25
159.0
159.0
159.25
159.0
159.0
159.0
160.0
160.0
159.5
161.25
161.25
161.5
161.0
161.0
162.25
162.5
162.5
161.5
161.75
161.75
162.25
161.0
161.0
159.0
157.75
157.75
157.0
156.25
156.25
155.25
156.0
156.0
155.25
155.25
153.75
153.0
153.0
152.25
152.5
152.5
152.25
152.25
151.75
151.5
151.5
151.5
151.25
151.25
152.0
153.0
153.0
154.0
154.5
154.5
154.25
154.25
154.25
154.25
154.25
153.25
153.5
153.5
154.75
154.75
154.75
155.0
155.0
155.0
155.0
155.0
155.5
155.25
155.25
156.0
157.0
157.0
156.75
156.5
156.5
156.5
156.5
156.5
157.0
157.75
157.75
158.5
159.0
159.0
159.5
160.0
160.0
160.25
160.75
160.75
161.0
161.5
161.5
162.0
162.75
162.75
163.25
163.5
163.5
164.0
163.75
163.75
163.75
164.0
164.25
164.25
164.25
164.25
164.25
164.5
164.25
164.25
164.5
165.5
165.5
165.75
165.0
165.0
164.0
163.75
164.0
164.0
164.5
164.5
164.5
164.75
165.0
165.0
165.0
165.5
165.5
165.75
165.75
165.0
165.0
164.5
164.5
164.5
164.75
164.75
164.75
166.0
164.75
164.75
164.0
163.5
163.5
163.25
162.75
162.75
163.25
163.5
163.5
163.5
162.75
162.75
162.75
162.5
162.5
162.25
162.25
162.25
162.75
162.75
162.75
162.75
162.75
162.25
162.25
162.0
162.0
162.0
161.75
161.5
161.5
161.5
161.75
161.75
161.5
161.5
161.5
161.25
161.5
161.5
161.25
161.25
161.25
161.0
160.5
160.5
161.0
161.0
161.0
161.0
161.0
161.0
161.75
161.5
161.5
161.5
160.5
160.5
160.0
159.25
159.25
159.0
159.25
159.25
159.25
159.0
159.0
158.25
159.0
159.0
159.0
159.5
159.5
159.5
159.25
159.25
159.25
159.25
159.25
159.5
160.0
160.0
159.25
158.5
158.5
159.25
159.5
159.5
160.0
159.25
159.25
158.5
159.0
159.0
160.25
160.75
160.75
161.75
161.0
161.0
161.75
162.0
162.0
162.0
161.75
161.75
161.5
161.5
161.5
161.5
161.5
161.5
161.25
161.0
161.0
161.5
161.0
161.0
160.5
160.5
160.5
160.25
160.0
160.0
160.0
160.25
160.25
160.5
160.5
160.5
160.5
160.25
160.25
160.5
161.0
161.0
160.5
160.5
160.5
160.25
160.25
160.25
160.75
161.0
161.0
161.0
161.5
161.5
161.5
161.5
160.75
160.75
161.0
161.25
161.25
161.0
161.25
161.25
161.25
161.0
161.0
161.75
162.0
162.0
162.0
162.0
162.0
161.75
161.5
161.5
162.0
162.25
162.25
162.25
162.75
162.75
162.5
162.5
162.5
162.25
162.25
162.25
162.25
162.0
162.0
162.0
162.0
162.5
162.5
162.5
162.25
162.25
162.0
162.25
162.25
162.25
162.0
162.0
162.0
162.0
162.0
162.0
162.0
162.0
161.75
162.0
162.0
162.0
162.0
162.0
162.0
161.75
161.75
161.75
162.0
162.0
162.25
162.25
162.25
162.25
162.5
162.5
163.25
163.25
163.25
163.25
163.5
163.25
163.25
163.25
162.5
162.5
162.5
163.25
163.25
163.25
162.75
162.75
162.75
162.75
162.75
162.75
163.25
163.25
163.25
163.25
163.25
162.75
163.25
163.25
163.25
162.5
162.25
162.25
162.5
162.25
162.25
163.25
161.5
161.5
161.5
162.5
162.5
162.5
163.5
163.5
163.5
163.25
163.25
162.75
162.25
162.25
163.25
162.75
162.75
162.75
162.25
162.25
162.5
162.75
162.75
161.75
161.25
161.25
161.5
162.25
162.5
162.5
162.0
162.0
162.0
161.75
161.5
161.5
161.5
161.75
161.75
161.75
162.5
162.5
162.0
163.25
163.25
162.25
162.25
162.25
162.25
161.75
161.75
162.75
162.5
162.5
162.75
163.25
163.25
163.25
162.75
163.75
163.75
164.25
163.5
163.5
163.25
162.75
162.75
162.75
162.5
162.5
162.25
162.25
162.25
161.75
161.5
161.5
161.75
161.5
161.5
160.75
160.5
160.5
159.5
158.5
158.5
158.0
157.75
157.75
158.0
158.0
158.0
157.25
156.5
156.5
156.0
156.0
156.0
156.75
156.75
156.5
156.0
156.0
156.5
156.75
156.75
157.0
157.0
157.0
157.0
157.25
157.25
157.25
157.75
157.75
157.75
157.75
157.75
158.0
158.25
158.25
158.25
158.25
158.25
158.5
158.25
158.25
158.5
158.5
158.5
158.5
158.75
158.75
158.75
158.75
159.0
159.0
159.0
159.0
159.0
159.0
159.0
159.0
159.0
158.75
158.75
158.75
158.75
158.75
158.75
158.75
158.0
158.0
158.25
158.75
158.75
157.75
158.0
158.0
157.75
158.0
158.0
158.5
158.0
158.0
158.0
157.5
157.5
157.5
157.5
157.5
157.75
157.75
157.75
157.0
157.0
157.0
157.25
157.5
157.5
157.5
157.5
156.75
157.0
157.0
158.75
159.25
159.25
158.25
157.5
157.5
157.5
157.0
157.0
157.5
157.75
157.75
158.0
158.0
158.0
158.0
157.5
157.5
157.5
158.25
158.25
158.75
158.75
158.75
158.25
158.75
158.75
158.25
158.75
158.75
159.0
158.25
158.25
160.0
157.25
157.25
159.5
159.5
159.5
159.5
159.5
159.5
159.25
159.5
159.5
158.25
160.25
160.25
159.5
159.5
159.5
159.5
159.0
159.0
159.5
160.75
160.75
160.25
159.5
159.5
159.5
159.5
159.25
159.25
159.25
159.25
159.0
159.0
158.75
159.0
159.0
158.75
158.25
158.25
158.25
158.25
158.25
157.25
156.75
156.75
156.5
155.75
155.75
155.0
155.25
155.25
155.75
155.75
153.75
152.0
152.0
150.25
150.0
150.0
149.0
149.0
147.5
147.0
147.0
146.5
146.5
146.5
147.25
147.25
147.5
148.5
148.5
147.75
147.75
148.75
145.5
145.5
149.25
162.25
162.25
162.25
156.5
156.5
150.0
151.25
151.25
150.25
150.25
150.0
150.0
150.5
150.5
150.5
150.0
150.75
150.75
150.5
151.25
151.25
152.0
152.0
151.5
151.75
151.75
151.75
151.25
151.25
150.25
150.25
150.5
150.75
150.75
150.75
150.75
150.75
150.75
150.75
151.0
149.5
149.5
148.75
148.75
148.75
148.25
148.25
149.5
149.5
149.5
149.25
150.75
150.75
151.5
151.5
151.75
151.0
151.0
151.75
152.5
152.5
153.25
153.25
152.75
153.25
153.25
154.0
154.5
154.5
155.0
155.0
155.0
155.25
155.75
155.75
155.75
156.25
156.25
156.25
156.5
156.5
156.5
156.5
156.75
156.5
156.5
157.0
157.0
157.0
157.25
157.25
157.25
157.25
157.25
157.25
156.75
156.25
156.25
157.25
157.75
157.75
158.25
158.0
158.0
157.75
158.0
158.0
158.0
157.75
157.75
157.5
157.5
157.5
157.25
157.25
157.25
157.0
157.0
156.75
157.25
157.25
157.0
156.5
156.5
156.5
156.25
156.25
156.0
155.75
155.75
155.75
155.25
155.25
155.5
155.5
155.25
155.5
155.5
155.0
153.5
153.5
153.5
153.5
153.5
154.25
155.75
155.75
153.5
153.5
153.5
154.25
154.25
153.75
152.75
152.75
151.25
151.25
155.0
155.0
156.5
155.5
155.5
155.5
154.0
154.0
153.0
153.0
152.5
152.5
153.5
153.0
153.0
152.25
152.25
152.25
151.75
151.75
151.25
151.25
151.25
151.25
152.0
152.0
152.0
152.0
152.25
151.5
151.5
152.25
152.5
152.5
153.25
153.5
153.5
153.25
153.25
153.25
153.75
153.75
154.25
154.75
154.75
154.5
153.25
153.25
154.5
154.5
154.5
154.75
154.75
154.5
154.5
154.5
154.75
155.0
155.0
156.75
156.5
156.5
154.75
154.75
154.75
154.25
154.75
154.75
154.75
154.75
155.25
156.0
156.0
156.25
156.0
156.0
155.75
155.75
155.75
156.25
155.25
155.25
155.25
156.0
156.0
155.25
155.25
156.0
156.0
156.0
156.25
156.25
156.25
156.0
156.5
156.5
156.75
157.0
157.0
157.0
157.0
157.0
157.25
157.0
157.0
157.0
157.0
157.0
156.75
157.0
157.0
157.0
157.0
157.0
157.0
157.0
156.5
156.75
156.75
156.75
156.75
156.75
157.0
157.25
157.25
157.25
155.75
155.75
156.75
156.25
156.25
157.75
158.25
158.25
156.75
156.25
156.25
157.25
157.0
157.0
156.5
156.5
157.25
157.5
157.5
156.75
157.0
157.0
157.0
156.25
156.25
156.75
156.25
156.25
156.25
156.0
156.0
157.0
156.5
156.5
156.0
156.0
156.0
156.5
156.5
156.75
156.25
156.25
156.75
156.0
156.0
157.0
158.5
158.5
156.75
155.75
155.75
156.5
157.0
157.0
157.25
157.5
157.5
157.5
157.0
157.0
158.25
158.0
158.0
157.0
157.0
156.75
157.5
157.5
157.25
157.5
157.5
157.5
157.75
157.75
157.5
157.75
157.75
157.25
157.5
157.5
157.75
157.5
157.5
158.0
158.25
158.25
157.75
158.0
158.0
157.5
157.5
157.5
157.75
157.75
157.75
157.5
157.5
157.5
157.5
157.5
158.25
158.5
158.5
157.5
157.0
157.0
157.25
157.25
157.25
157.5
157.25
157.25
157.25
157.5
157.5
157.75
157.75
157.75
157.25
156.75
156.75
157.25
157.5
157.5
157.5
157.5
157.5
158.5
158.0
158.0
157.25
157.25
157.5
158.0
158.0
158.0
158.0
158.0
158.5
158.5
158.5
157.75
157.75
157.75
157.75
158.75
158.75
158.75
158.25
158.25
158.0
157.5
157.5
157.25
158.0
158.0
159.0
159.25
159.25
157.25
158.25
158.25
157.5
157.5
158.25
158.0
158.25
158.25
159.25
159.25
158.0
158.5
158.5
159.0
159.0
159.0
158.75
161.0
161.0
158.5
161.75
161.75
161.75
159.0
159.0
160.25
160.0
160.0
160.75
162.5
162.75
162.75
162.0
162.25
162.25
159.5
160.75
160.75
162.75
162.25
162.25
162.0
162.5
162.5
161.25
161.25
161.25
160.75
156.0
156.0
144.75
144.75
144.75
132.75
132.75
126.0
126.0
127.25
127.25
126.25
126.25
126.0
126.0
123.0
123.0
123.25
123.25
126.0
129.75
129.75
130.75
130.75
130.25
130.25
132.5
132.5
132.5
134.25
134.25
136.5
136.5
139.25
142.0
142.0
143.75
143.75
147.25
147.25
149.25
151.0
151.0
152.25
152.25
152.25
154.25
154.25
155.75
157.25
157.25
157.5
157.75
157.75
158.0
158.75
158.75
159.25
159.25
159.25
160.0
160.5
160.5
160.0
160.75
160.75
161.75
162.75
165.0
165.0
163.5
162.5
162.5
162.75
162.5
162.5
161.0
159.0
159.0
158.75
158.75
156.5
156.75
156.75
156.0
155.75
155.75
155.25
153.75
153.75
153.75
154.25
154.25
153.0
153.0
153.75
153.75
153.75
153.0
153.25
153.25
153.75
154.0
154.0
153.5
153.5
152.75
152.5
152.5
152.0
153.0
153.0
153.25
151.5
151.5
152.75
152.75
153.0
152.75
152.75
152.75
153.0
153.0
153.0
153.25
153.25
153.25
153.25
152.5
152.25
152.25
152.0
152.25
152.25
152.75
153.5
153.5
153.5
153.5
153.5
153.5
153.5
153.5
153.5
153.5
155.0
155.5
155.5
155.0
154.0
154.0
154.5
154.5
155.25
155.5
155.5
155.0
155.5
155.5
155.75
154.5
154.5
154.0
154.0
154.0
154.25
154.25
154.0
154.25
154.25
154.0
154.25
154.25
154.5
154.5
154.5
154.75
155.0
155.0
155.5
155.5
155.0
154.75
154.75
154.5
154.25
154.25
154.75
155.25
155.25
155.25
155.5
155.5
155.75
156.0
156.0
155.5
155.5
155.5
156.25
156.25
156.25
156.5
156.5
156.75
157.0
157.0
157.0
156.5
156.5
156.75
156.75
156.75
156.75
157.25
157.25
157.5
157.5
157.5
157.25
157.25
157.25
157.75
157.75
157.75
157.25
157.25
157.75
158.0
158.0
157.75
158.0
158.0
157.25
158.0
158.0
157.75
158.0
158.0
157.75
157.5
157.5
157.25
156.75
156.75
156.75
156.25
156.25
156.75
156.25
156.25
155.5
155.5
155.0
154.75
154.75
154.75
155.25
155.25
155.75
153.75
153.75
153.0
153.0
152.75
152.5
152.5
152.5
152.0
152.0
151.75
151.75
151.75
150.75
150.75
150.25
150.75
150.75
150.25
149.75
149.75
149.25
149.25
149.75
149.25
149.25
148.25
148.25
148.0
148.0
148.0
147.25
146.75
146.75
146.75
146.75
147.25
147.0
147.0
147.5
147.5
147.75
148.0
148.0
148.5
149.25
149.25
149.0
149.0
149.25
149.0
149.0
149.5
149.75
149.75
149.75
149.75
149.75
150.0
150.0
150.0
149.75
149.75
149.75
149.75
149.75
150.0
150.0
150.0
150.25
150.25
150.25
150.25
150.5
150.25
150.25
150.5
150.75
150.75
150.25
150.25
151.5
151.5
151.5
151.0
150.5
150.5
151.0
151.5
151.5
152.5
152.5
152.5
152.5
152.5
151.5
152.25
152.25
153.25
153.25
153.75
153.75
153.75
152.75
151.5
151.5
152.0
154.0
154.0
154.5
154.75
154.75
153.75
153.75
152.0
151.5
151.5
151.25
152.5
152.5
153.75
153.75
153.75
152.0
152.0
152.5
153.0
153.0
153.75
153.75
153.75
154.0
154.25
154.25
154.0
154.0
154.0
154.25
154.25
154.25
154.5
154.5
154.75
155.0
155.0
155.0
155.0
155.0
154.75
154.75
154.75
154.75
154.75
154.75
155.0
155.0
155.0
155.0
155.0
155.0
154.5
154.5
154.5
154.5
154.5
155.0
155.0
155.0
154.0
154.0
154.0
155.25
155.25
155.0
154.25
154.25
154.5
154.5
154.5
155.0
155.0
154.75
155.0
155.0
155.25
155.5
155.5
155.0
155.0
155.0
154.5
153.75
153.75
153.5
153.5
153.75
154.0
154.0
153.25
152.0
152.0
150.0
150.0
148.5
147.5
147.5
145.0
145.0
145.0
145.0
146.75
146.75
148.25
148.25
148.25
148.5
145.75
145.75
141.0
141.0
140.5
140.5
140.5
140.5
125.75
125.75
123.0
123.0
119.5
119.5
119.5
116.25
116.25
99.25
99.25
99.25
100.75
100.75
100.5
100.5
85.0
85.0
91.75
91.75
91.75
91.75
91.75
92.25
92.25
82.75
82.75
82.75
87.0
87.0
86.5
86.5
81.25
81.25
81.25
80.25
80.25
83.75
83.75
83.75
83.75
74.0
74.0
74.0
74.0
74.0
74.0
74.0
74.5
74.5
74.5
74.0
74.0
74.0
75.5
75.5
75.5
75.75
75.75
75.75
76.0
76.0
76.0
76.0
76.0
76.75
76.75
76.75
76.75
76.75
76.75
76.75
76.75
76.75
76.75
76.75
76.75
76.75
76.75
76.75
76.75
76.75
76.75
77.0
77.0
77.0
77.0
75.79166666666667
74.58333333333333
73.375
72.16666666666667
70.95833333333333
69.75
69.75
69.75
69.75
70.75
70.75
70.75
70.0
70.0
70.0
70.0
70.0
70.0
70.0
69.25
69.25
69.25
69.25
69.25
69.25
69.25
68.75
68.75
68.75
68.75
72.75
72.75
77.0
77.0
77.0
79.5
79.5
79.5
83.25
83.25
87.5
87.5
89.75
89.75
89.75
89.75
95.5
95.5
101.25
101.25
107.5
107.5
112.0
112.0
115.5
115.5
120.5
120.5
125.0
125.0
129.25
129.25
132.0
137.75
137.75
136.75
136.75
136.5
136.5
136.5
136.5
136.5
136.25
136.25
136.25
138.25
138.25
139.0
139.0
142.0
144.0
144.0
145.25
148.0
148.0
150.25
151.25
151.25
151.5
151.5
154.25
156.5
158.0
158.0
159.5
162.5
162.5
162.75
165.75
165.75
164.25
166.0
166.0
163.25
160.75
160.75
160.0
158.5
158.5
152.0
152.0
144.0
142.25
142.25
141.25
141.25
140.75
140.75
137.25
132.75
132.75
132.75
121.0
121.0
120.75
120.75
121.0
121.0
120.75
120.75
121.0
121.0
121.0
121.0
120.5
120.0
119.5
119.0
118.5
118.5
118.5
118.5
118.5
118.5
118.5
118.25
118.25
118.5
118.5
118.5
118.25
117.33333333333333
116.41666666666667
115.5
114.58333333333333
113.66666666666667
112.75
112.75
112.75
113.0
113.0
112.75
112.75
113.0
113.0
113.0
112.75
120.375
128.0
135.625
143.25
150.875
158.5
160.25
160.25
162.25
164.5
166.0
166.0
167.0
168.25
168.25
168.25
169.25
170.0
170.0
169.75
171.0
172.0
172.0
172.75
173.5
173.5
173.75
172.5
171.25
171.25
168.5
165.5
165.5
161.0
161.0
158.0
151.0
151.0
137.5
137.5
144.0
145.25
145.25
141.75
141.75
135.75
135.75
134.0
135.5
135.5
134.75
134.75
134.0
134.0
131.0
131.0
129.0
128.75
128.75
134.75
134.75
144.0
144.0
142.5
142.5
140.5
144.0
144.0
148.25
151.75
151.75
153.25
154.5
154.5
154.75
157.25
157.25
159.5
160.5
160.5
160.75
161.25
161.25
161.25
161.5
161.5
163.75
163.75
166.0
166.25
166.25
165.5
164.75
164.75
164.25
163.25
163.5
163.5
161.75
161.75
159.5
154.5
154.5
150.0
150.0
147.0
147.0
147.75
147.75
146.0
144.75
144.75
147.25
147.25
149.25
150.0
150.0
148.5
148.5
146.25
135.25
135.25
134.0
134.0
137.25
137.25
140.0
140.75
140.75
142.0
142.0
142.5
144.5
144.5
146.0
149.25
149.25
150.5
150.5
150.75
150.75
150.75
149.5
148.5
148.5
147.75
147.75
145.25
141.5
141.5
135.0
135.0
134.75
134.75
132.25
132.25
131.25
131.25
129.5
129.5
127.25
127.25
124.75
124.75
122.75
122.75
121.75
121.75
120.25
120.25
118.75
118.75
117.5
117.5
104.0
104.0
109.5
109.5
114.75
114.75
117.75
117.75
117.75
120.25
125.25
125.25
128.0
128.0
128.25
128.25
126.75
126.75
124.0
124.0
123.25
123.25
123.0
123.0
122.75
122.75
123.5
123.5
123.25
123.25
123.25
122.5
122.5
123.0
123.0
121.75
121.75
120.25
120.25
121.75
121.75
123.0
123.0
124.25
124.25
127.25
127.25
130.25
130.25
130.75
130.75
131.75
133.5
133.5
135.0
135.0
132.0
132.0
135.25
132.0
132.0
132.25
132.25
131.5
131.5
131.75
131.75
130.5
130.5
129.5
131.75
131.75
131.5
131.5
137.0
137.0
138.5
140.75
140.75
142.25
142.25
143.25
143.75
143.75
144.25
144.25
145.0
143.75
143.75
144.0
144.0
143.0
143.75
143.75
142.0
142.0
143.25
143.25
139.25
138.5
138.5
137.75
137.75
137.5
137.5
137.5
137.25
137.25
136.0
136.0
133.5
133.5
132.25
132.5
132.5
131.25
131.25
132.0
132.0
128.5
128.5
124.0
124.0
122.25
122.25
121.25
121.25
121.0
121.0
121.5
121.5
121.5
121.5
122.25
122.25
123.0
123.0
124.25
124.25
124.75
124.75
124.0
124.0
124.0
125.0
125.0
124.5
124.5
125.0
125.0
125.0
125.0
127.25
127.25
130.75
130.75
134.5
136.75
136.75
137.0
137.0
137.5
137.5
137.5
136.75
136.75
136.25
136.25
136.75
138.5
138.5
136.75
136.75
136.75
136.75
136.25
135.5
135.5
135.0
135.0
135.25
135.25
134.25
134.25
133.0
133.0
133.75
134.0
134.0
135.25
135.25
136.25
137.25
137.25
138.5
138.5
138.5
138.5
139.5
140.25
140.25
140.75
140.75
139.75
139.75
140.0
139.0
139.0
137.5
137.5
136.75
136.75
136.75
137.0
137.0
137.0
137.0
135.0
135.0
136.25
136.75
136.75
135.75
135.75
132.25
132.25
135.5
135.75
135.75
135.75
135.75
135.25
135.25
136.0
136.75
136.75
138.0
138.0
135.75
135.75
134.5
134.5
135.0
135.25
135.25
135.75
135.75
136.75
136.75
136.25
137.25
137.25
138.75
138.75
141.0
141.75
141.75
142.0
142.0
139.75
139.75
136.75
136.0
136.0
137.5
137.5
138.0
138.0
139.75
140.0
140.0
139.25
139.25
138.25
137.0
137.0
137.5
137.5
137.5
137.5
136.75
136.0
136.0
136.25
136.25
136.0
136.0
137.0
135.5
135.5
134.0
134.0
132.75
132.75
134.0
134.0
137.0
139.75
139.75
139.25
139.25
138.0
138.0
139.0
139.75
139.75
139.25
139.25
139.25
138.5
138.5
139.0
139.0
138.25
138.25
140.75
140.75
140.75
141.5
141.5
139.5
139.25
139.25
137.5
137.5
135.75
135.75
138.0
137.5
137.5
138.25
138.25
139.25
139.25
140.25
140.5
140.5
140.25
140.25
139.5
140.25
140.25
138.75
138.75
138.75
138.75
137.0
137.0
137.0
137.25
137.25
138.5
138.25
138.25
139.0
139.0
139.25
139.25
139.5
140.25
140.25
140.25
140.25
141.0
142.0
142.0
142.5
142.5
142.25
142.25
142.0
142.5
142.5
142.5
142.75
142.75
142.75
142.75
143.5
144.5
144.5
145.0
145.0
146.5
145.0
145.0
146.0
146.0
144.5
144.75
144.75
145.0
145.0
144.5
145.25
145.25
143.5
143.5
142.0
141.5
141.5
142.5
142.5
142.75
142.75
142.75
142.0
142.0
142.0
142.0
142.0
142.25
142.25
143.5
143.5
142.0
142.0
142.0
142.25
142.25
143.25
143.25
143.25
142.5
142.5
142.0
141.0
141.0
142.0
142.0
142.25
143.25
143.25
143.25
143.25
144.0
145.25
145.25
145.0
145.0
146.5
145.5
145.5
146.0
146.0
144.75
146.25
146.25
146.25
146.25
146.5
146.75
146.75
146.5
146.5
146.5
146.75
146.75
147.25
147.5
147.5
147.25
147.25
147.25
147.25
147.25
147.0
147.0
146.25
145.75
145.75
146.0
146.0
146.0
146.5
146.5
147.25
148.0
148.0
149.0
150.0
150.0
149.75
149.75
149.5
147.75
147.75
147.0
147.0
147.0
146.5
146.5
146.75
147.0
147.0
147.0
147.0
147.25
147.5
147.5
147.75
147.75
148.5
148.75
148.75
149.5
149.5
149.5
149.5
149.5
148.0
147.5
147.5
147.5
147.75
147.75
147.5
147.5
147.5
147.0
147.0
147.0
147.0
148.25
147.75
147.75
148.0
148.75
148.75
149.5
149.5
149.25
149.5
149.5
149.0
148.0
148.0
147.75
147.75
148.25
147.25
147.25
147.5
147.5
148.0
148.25
148.25
148.75
149.0
149.0
149.25
149.25
150.0
149.75
149.75
150.0
150.0
150.0
150.0
150.0
149.75
149.25
149.25
150.0
150.0
150.0
149.5
149.5
149.25
148.25
148.25
148.0
148.25
148.25
148.25
150.0
149.25
149.25
149.5
149.5
150.0
150.75
150.75
149.75
149.0
149.0
149.0
149.0
149.5
149.75
149.75
150.25
150.5
150.5
150.0
150.0
149.75
150.0
150.0
150.5
150.5
150.5
150.0
150.0
150.0
150.0
150.0
150.0
150.0
150.0
150.0
150.0
150.0
149.75
149.75
150.0
150.25
150.25
150.5
150.5
150.5
151.25
151.25
151.5
152.75
152.75
153.75
154.75
154.75
154.75
154.75
156.25
156.25
152.0
152.0
156.5
155.75
155.75
156.5
156.5
156.25
156.5
156.5
157.25
157.25
157.25
157.75
158.5
158.5
157.5
158.25
158.25
157.5
158.0
158.0
158.75
159.0
159.0
157.75
157.5
157.5
156.5
155.5
155.5
156.25
156.25
156.0
156.75
156.75
155.25
154.75
154.75
154.25
154.75
154.75
154.75
153.75
153.75
153.25
153.25
152.0
151.25
151.25
151.0
150.75
150.75
150.0
150.0
149.0
148.5
148.5
148.0
148.5
148.5
149.25
149.25
150.25
151.5
151.5
150.0
152.5
152.5
154.0
154.0
152.5
153.5
153.5
154.5
155.25
155.25
156.5
156.0
156.0
156.25
157.0
157.0
157.25
157.5
157.5
157.75
158.25
158.25
158.0
157.5
157.5
157.75
157.5
157.5
157.5
157.5
157.25
155.5
155.5
153.5
152.5
152.5
151.5
151.5
151.0
150.25
150.25
150.5
150.25
150.25
151.0
151.5
151.5
150.75
150.75
150.75
151.0
151.0
151.25
151.25
151.25
151.75
151.75
151.75
151.0
151.0
151.0
151.25
151.25
149.5
150.0
150.0
149.5
149.5
150.25
150.5
150.5
150.75
150.25
150.25
151.25
151.25
151.5
152.0
152.0
153.5
154.75
154.75
154.75
154.75
154.75
155.75
156.75
156.75
157.25
157.25
155.5
156.75
157.75
157.75
156.25
156.25
153.5
150.75
150.75
149.0
145.75
145.75
141.5
141.5
141.0
141.25
141.25
142.75
144.5
144.5
145.0
145.0
147.5
147.5
147.5
147.0
147.0
144.25
144.25
144.25
144.25
144.25
144.25
144.25
144.25
144.25
144.25
144.25
144.25
137.5
130.75
124.0
117.25
110.5
110.5
109.75
109.75
109.75
110.75
110.75
111.0
111.0
110.25
110.25
110.0
110.0
110.75
110.75
112.0
112.0
114.0
114.0
115.75
115.75
118.5
118.5
119.75
119.75
121.0
124.0
124.0
126.75
126.75
131.25
131.25
133.5
133.5
135.0
135.0
136.0
137.75
137.75
139.25
139.25
140.5
141.25
141.25
140.75
140.75
142.0
142.75
142.75
143.75
143.75
143.75
142.75
142.75
142.75
143.5
143.5
144.25
143.5
143.5
144.0
144.0
144.25
144.25
144.75
144.75
145.5
145.25
145.25
145.5
145.5
145.75
145.25
145.25
146.0
145.75
145.75
145.5
145.5
146.25
148.0
148.0
148.75
148.75
148.75
149.0
149.0
149.25
149.0
149.0
148.25
148.25
147.75
148.0
148.0
147.75
147.75
146.75
146.25
146.25
146.0
146.0
146.0
145.75
145.75
146.25
146.0
146.0
145.75
145.75
146.25
146.0
146.0
145.5
145.5
145.25
146.0
146.0
146.25
146.25
146.5
146.75
146.75
147.0
147.0
147.0
147.25
147.25
147.5
147.25
147.25
147.0
147.0
147.25
147.75
147.75
149.0
149.0
148.5
147.5
147.5
148.0
149.25
149.25
148.5
148.5
148.25
148.25
148.25
148.5
148.0
148.0
148.25
148.25
148.75
149.0
149.0
149.0
149.0
148.25
148.5
148.5
148.75
149.0
149.0
149.25
149.25
148.75
148.75
148.75
149.25
149.5
149.5
148.75
148.75
148.0
148.25
148.25
148.75
149.0
149.0
150.0
150.0
150.75
148.75
148.75
147.75
148.5
148.5
149.25
149.25
148.75
149.75
149.75
149.75
149.75
148.5
148.75
148.75
149.0
148.5
148.5
148.5
148.5
148.25
148.0
148.0
147.75
147.75
148.25
148.25
147.75
148.0
147.5
147.5
147.5
147.5
147.5
147.5
147.5
147.5
148.25
148.25
148.75
148.75
149.0
149.0
149.0
149.0
149.0
148.75
148.75
148.75
149.25
149.75
149.75
150.25
150.25
150.5
150.5
150.5
151.0
151.5
151.5
151.25
151.0
151.0
150.0
150.0
148.25
148.25
148.75
148.75
148.75
149.0
148.0
148.0
148.25
148.25
148.5
148.5
147.0
147.0
147.0
147.5
148.0
148.0
148.5
148.75
148.75
149.25
150.0
150.0
151.0
151.0
153.5
153.5
152.25
152.25
152.5
152.75
152.75
153.25
153.0
153.0
154.75
153.5
153.5
155.0
155.0
154.25
152.75
151.75
151.75
152.0
152.0
152.5
152.75
152.75
153.75
154.5
154.5
154.75
154.75
153.0
153.0
153.0
152.0
152.0
152.5
152.0
152.0
151.25
151.25
151.5
151.25
151.25
151.0
151.5
151.5
151.25
151.25
151.25
152.25
152.25
152.5
153.0
153.0
152.0
152.75
152.75
153.0
153.0
153.0
152.5
152.5
151.25
149.75
149.75
147.75
147.75
148.25
148.0
148.0
147.5
147.5
147.0
147.5
147.5
148.25
148.25
146.25
145.5
145.5
145.5
145.25
145.25
145.0
145.0
145.25
145.25
145.0
145.0
145.0
145.0
144.0
144.0
143.25
143.25
141.5
141.5
140.75
140.75
140.75
140.75
140.75
140.75
138.25
138.25
138.0
138.0
137.75
137.25
137.25
138.5
138.5
138.5
138.5
137.5
137.75
137.75
136.75
137.0
137.0
137.25
137.25
137.75
137.75
138.5
138.5
139.5
139.25
139.25
139.5
139.5
138.75
138.5
138.5
136.25
136.25
138.75
139.0
139.0
139.5
139.5
140.75
140.75
141.5
141.25
141.25
143.25
143.25
143.25
144.25
144.25
143.75
143.75
142.75
143.0
143.0
144.0
144.5
144.5
144.75
144.75
144.5
145.0
145.0
144.75
144.75
144.75
142.5
142.5
142.25
142.25
141.5
141.5
141.75
143.0
143.0
142.5
143.5
143.5
141.25
141.25
140.75
140.75
140.25
140.75
140.75
141.0
141.0
141.25
142.5
142.5
142.25
142.25
143.25
144.5
144.5
145.0
145.0
144.5
144.25
144.25
145.0
145.0
144.0
144.75
144.75
144.5
144.5
146.5
146.0
146.0
147.0
147.5
147.5
148.25
148.25
148.25
148.75
148.75
149.0
149.0
149.0
149.25
149.25
148.0
148.25
148.25
148.25
148.25
148.5
148.75
148.75
148.0
148.5
148.5
147.0
147.0
146.0
146.5
146.5
147.0
147.0
146.25
146.75
146.75
147.5
147.5
147.75
148.0
148.0
148.0
148.25
148.25
150.0
150.0
149.5
148.0
148.0
148.0
147.75
147.75
148.0
148.0
147.75
147.5
147.5
147.0
147.0
147.0
145.75
145.75
146.75
146.75
147.25
146.75
146.75
147.25
146.5
146.5
147.0
147.0
147.25
148.25
148.25
148.25
148.5
148.5
147.25
147.25
147.25
148.25
148.25
148.25
148.25
149.0
149.25
149.25
149.25
150.0
150.0
150.0
150.0
150.0
151.0
151.0
150.75
151.5
151.5
151.5
151.25
151.25
151.25
151.25
151.25
151.25
150.75
150.75
150.5
150.0
150.0
150.0
148.75
148.75
148.5
148.5
149.0
149.25
149.25
149.5
149.5
149.5
149.5
149.5
149.5
149.25
149.25
149.25
149.0
149.0
149.25
149.25
149.25
150.0
150.0
151.0
150.75
150.75
151.75
152.25
152.25
151.25
151.25
151.5
152.0
152.0
151.75
152.0
152.0
152.25
153.0
153.0
153.0
153.0
153.0
153.0
153.0
153.0
153.25
153.25
153.75
153.5
153.5
153.25
153.25
152.5
153.25
153.25
153.25
153.5
153.5
152.75
152.5
152.5
153.0
153.0
152.5
153.5
153.5
153.0
152.75
152.75
152.5
152.25
152.25
152.5
152.5
152.25
152.0
152.0
152.25
152.75
152.75
152.75
151.75
151.75
152.25
152.25
153.0
153.75
153.75
153.5
153.75
153.75
154.0
154.0
154.0
153.5
154.0
154.0
154.0
154.0
154.25
154.25
154.25
154.0
153.75
153.75
153.5
153.75
153.75
154.25
154.25
154.0
153.25
153.25
154.25
154.75
154.75
155.75
155.75
155.75
155.75
155.75
155.75
155.75
155.5
155.5
155.75
155.75
156.0
155.25
155.25
155.25
155.0
155.0
154.75
154.25
154.25
154.25
154.75
154.75
153.75
153.75
153.25
153.5
153.5
153.5
154.0
154.0
153.25
153.5
153.5
153.25
153.5
153.5
153.0
153.0
152.25
152.75
152.75
154.0
153.5
153.5
154.75
154.25
154.25
154.25
154.25
154.25
154.5
154.5
153.75
154.25
154.25
154.0
154.25
154.25
154.5
154.25
154.25
154.5
154.5
154.25
154.25
154.25
154.5
153.5
153.5
153.5
153.5
153.5
153.25
152.75
152.75
153.25
153.25
153.5
153.75
153.75
153.25
154.25
154.25
154.25
155.25
155.25
154.25
154.25
154.0
155.0
155.0
155.5
156.5
156.5
157.0
157.75
157.75
156.25
154.25
154.25
155.0
154.25
154.25
152.25
152.25
152.0
153.0
153.0
151.5
150.25
150.25
151.0
151.75
151.75
152.0
152.0
152.0
151.75
151.75
152.75
153.0
153.0
153.0
153.0
153.0
152.75
152.75
152.75
152.75
152.75
152.5
153.25
153.25
153.0
152.25
152.25
152.25
152.25
151.25
151.5
151.5
151.5
151.5
148.75
148.75
149.25
149.25
150.75
150.75
153.0
153.0
150.25
152.75
152.75
153.75
152.5
152.5
153.25
153.25
152.25
149.75
149.75
149.75
148.25
148.25
148.25
148.25
148.25
148.25
148.25
148.25
148.5
148.5
148.25
148.25
140.16666666666666
132.08333333333334
124.0
115.91666666666666
107.83333333333333
99.75
99.75
103.25
103.25
105.75
105.75
108.75
108.75
110.75
110.75
111.75
111.75
112.0
112.0
111.75
111.75
112.5
112.5
112.5
112.75
115.0
115.0
117.5
117.5
117.5
124.75
124.75
126.75
126.75
126.25
126.25
126.25
126.25
125.0
125.0
121.5
121.5
120.25
120.25
120.25
120.25
119.25
119.25
117.5
116.5
116.5
116.75
116.75
117.5
117.5
118.0
118.5
118.5
118.5
118.5
120.0
120.0
121.75
121.75
123.0
123.0
123.0
123.0
121.75
121.75
123.25
123.25
124.0
124.0
125.75
125.75
128.5
130.75
130.75
132.75
132.75
133.75
133.75
133.75
133.75
133.5
131.75
131.75
130.5
130.5
130.75
130.75
128.75
130.0
130.0
130.0
133.0
134.25
134.25
133.5
133.5
132.5
132.5
130.0
130.0
130.75
130.75
131.5
132.0
132.0
135.0
135.0
135.75
136.75
136.75
135.75
135.75
137.5
138.5
138.5
139.25
139.25
141.0
141.0
141.0
142.75
142.75
143.0
143.0
144.0
144.0
141.0
142.25
142.25
142.75
142.75
142.5
141.25
141.25
141.75
141.75
142.0
142.75
142.75
143.25
143.5
143.5
143.25
143.25
143.25
143.25
144.5
145.75
145.75
145.75
145.0
145.0
145.25
145.25
145.25
146.25
146.25
147.0
147.0
147.0
147.0
147.0
147.0
147.0
148.0
148.5
148.5
148.25
148.25
148.25
148.0
148.0
148.25
148.75
148.75
149.25
149.75
149.75
149.75
150.0
150.25
150.25
150.5
150.25
150.25
150.25
150.25
150.5
150.75
150.75
151.25
151.0
151.0
150.75
150.75
150.75
150.75
150.75
151.25
151.75
151.75
152.0
152.75
152.75
152.5
152.5
151.5
152.25
152.25
151.75
153.0
153.0
152.5
152.5
151.5
151.75
151.75
151.25
152.75
152.75
152.75
151.5
151.5
152.0
152.0
151.75
152.0
152.0
151.75
151.75
151.75
151.75
152.25
152.25
152.0
152.0
152.5
153.75
153.75
154.5
154.25
154.25
153.75
154.0
154.0
153.75
153.5
153.5
153.75
153.75
153.5
153.25
153.25
153.5
153.25
153.25
153.0
152.75
152.75
152.5
152.5
152.25
152.5
152.5
152.75
152.25
152.25
152.5
152.5
152.5
152.5
152.5
152.75
153.0
153.0
152.5
153.25
153.25
153.75
154.0
154.0
154.0
154.0
154.0
154.0
154.0
153.0
153.0
153.0
153.0
153.25
153.25
153.5
153.5
153.25
153.0
153.0
153.25
153.25
153.25
153.5
153.5
153.5
153.5
153.5
153.0
153.0
153.0
152.75
152.75
152.75
153.0
153.75
153.75
154.0
153.75
153.75
153.0
153.0
152.5
152.5
152.5
152.75
153.0
153.0
153.25
153.75
153.75
153.75
153.75
154.0
153.75
153.75
153.75
154.25
154.25
155.25
155.0
155.0
154.25
153.5
153.5
153.75
153.75
153.75
153.75
153.75
154.0
155.0
155.0
155.25
154.75
154.75
154.25
154.5
154.5
153.75
153.75
154.5
154.5
154.5
154.0
154.25
154.25
154.25
154.5
154.5
155.5
155.75
155.75
155.25
155.25
155.0
154.5
154.5
154.0
153.5
153.5
153.5
153.5
153.5
153.5
153.75
153.75
153.5
153.5
153.25
153.0
153.0
153.25
153.25
153.25
153.0
153.25
153.25
153.5
153.5
153.5
153.75
153.75
153.5
153.5
153.5
153.5
153.25
153.25
153.25
153.25
153.0
153.5
153.5
154.0
154.25
154.25
154.5
154.25
154.25
154.25
153.75
153.75
153.25
153.25
153.5
153.75
153.75
153.75
154.25
154.25
154.5
154.25
154.25
154.5
154.75
154.75
154.75
154.75
154.75
155.0
155.0
155.25
155.75
155.75
155.25
155.5
155.5
154.5
155.25
155.25
155.0
154.5
154.5
154.25
154.25
154.25
154.25
154.25
154.5
154.5
154.5
154.5
154.5
154.5
154.25
154.0
154.0
154.25
154.25
154.5
154.5
154.5
154.5
155.0
155.0
155.25
155.0
155.0
155.0
155.25
155.25
155.25
155.25
155.25
155.0
155.0
154.75
155.25
155.25
154.5
154.25
154.25
154.5
155.25
155.25
154.75
154.25
154.25
154.5
154.5
154.75
154.75
154.75
155.0
154.75
154.75
154.75
154.75
154.75
155.0
155.0
155.0
155.0
155.0
155.0
154.75
154.75
155.0
155.0
155.0
154.25
154.5
154.5
155.0
154.75
154.75
154.75
154.75
154.75
155.0
155.0
154.75
154.5
154.5
154.0
153.75
153.75
153.5
153.5
153.5
153.5
153.25
153.25
153.0
153.0
153.0
153.0
153.0
152.75
152.75
152.75
153.5
153.75
153.75
153.5
153.5
152.5
151.75
151.75
152.25
151.75
151.75
152.25
152.25
152.75
152.5
152.5
152.0
151.75
151.75
151.75
152.0
152.0
151.5
151.5
151.0
151.25
151.25
151.5
151.75
151.75
152.25
152.75
152.75
152.0
152.0
152.75
152.75
152.75
153.25
152.5
152.5
152.25
151.75
151.75
151.75
151.75
152.25
152.5
152.5
153.0
153.0
153.0
152.25
152.25
152.25
152.75
152.75
152.75
152.75
152.75
153.25
153.25
153.25
153.25
153.5
153.5
153.5
153.5
154.75
155.0
155.0
154.75
155.25
155.25
155.5
155.75
155.75
155.5
155.75
155.75
155.75
156.0
156.0
156.5
156.5
156.25
155.5
155.5
156.0
157.25
157.25
157.0
156.5
156.5
156.25
156.5
156.5
156.75
156.5
156.5
156.0
157.0
157.0
156.75
155.0
155.0
155.5
155.5
153.75
152.25
152.25
151.75
152.25
152.25
150.0
150.0
149.0
151.0
151.0
152.25
153.0
153.0
154.25
153.5
153.5
154.25
154.25
154.75
156.0
156.0
154.75
153.0
153.0
149.75
149.75
149.0
149.0
150.0
150.0
150.5
150.5
150.5
150.5
150.5
150.5
150.5
150.5
150.5
150.5
150.5
138.5
138.5
138.5
138.5
139.0
143.75
143.75
145.0
145.0
145.0
146.25
146.75
146.75
144.25
144.25
144.25
146.75
147.5
147.5
148.25
148.25
148.5
147.5
147.5
147.75
147.75
147.75
146.5
148.25
147.75
147.75
148.0
147.5
147.5
147.75
147.75
147.5
147.5
146.0
146.0
144.5
143.5
143.5
142.0
142.0
142.0
139.75
139.75
138.5
138.5
138.5
138.5
138.5
137.0
137.0
134.75
132.75
132.75
130.75
130.75
131.5
131.5
131.75
131.75
132.75
134.0
134.0
134.25
134.25
134.25
134.25
134.25
134.5
134.5
134.5
134.5
134.5
134.5
134.5
134.25
135.85
137.45
139.05
140.65
142.25
142.25
141.0
141.0
142.0
142.0
142.0
142.5
142.5
142.75
143.25
143.25
143.5
143.5
145.0
145.0
145.0
145.75
145.75
146.25
146.25
146.25
146.5
147.5
147.5
147.75
147.75
147.75
147.5
147.5
146.5
146.5
147.25
148.0
148.0
146.5
146.5
147.25
147.75
147.75
147.75
148.0
148.0
147.25
147.25
150.0
149.5
149.5
149.25
149.0
149.0
149.5
150.0
150.0
149.75
149.75
149.75
148.5
148.5
147.0
147.0
148.0
148.25
148.25
148.5
148.5
147.5
148.5
148.5
149.0
149.0
149.0
148.25
148.25
148.0
149.25
149.25
150.0
150.0
150.0
150.25
150.25
151.5
152.0
152.0
152.25
152.0
152.0
151.75
151.5
151.5
152.25
152.25
153.5
153.5
153.5
152.75
152.75
152.75
152.5
153.0
153.0
154.0
153.75
153.75
154.0
154.0
154.0
154.25
154.25
154.5
154.75
154.75
155.0
154.75
154.75
155.5
155.75
155.75
155.5
155.5
155.25
155.5
155.5
155.75
155.75
155.75
155.5
155.5
155.5
154.75
154.75
154.75
155.0
155.0
155.0
155.0
155.25
155.25
155.75
155.75
155.75
156.0
156.0
155.75
156.0
156.0
156.25
156.0
156.0
155.75
156.0
156.0
155.5
155.75
155.75
155.25
155.25
154.25
153.25
153.25
154.25
153.75
153.75
153.75
153.25
153.25
153.25
153.25
153.0
152.5
152.5
153.25
153.25
153.25
153.5
153.75
153.75
153.75
153.75
153.75
153.5
153.5
154.0
154.5
154.5
155.5
156.0
156.0
155.5
155.75
155.75
155.75
156.25
156.25
156.25
156.0
156.0
155.0
155.0
153.75
153.0
153.0
151.5
151.5
151.5
151.5
151.5
152.0
152.0
152.0
151.5
151.5
151.5
150.5
150.75
150.75
150.5
150.5
151.0
151.0
151.0
151.25
151.25
151.25
151.0
151.0
152.25
151.25
151.25
151.25
151.0
151.0
152.0
152.0
152.25
152.75
152.75
153.5
153.0
153.0
151.75
151.0
151.0
150.5
150.5
149.75
150.5
150.5
149.5
150.0
150.0
150.25
151.25
151.25
150.75
150.75
151.0
151.0
151.0
150.75
151.0
151.0
152.25
152.25
153.25
153.75
153.75
154.75
155.5
155.5
156.0
156.5
156.5
157.5
157.25
157.25
157.5
156.75
156.75
156.75
157.75
157.75
157.75
155.75
155.75
156.25
156.25
156.25
156.5
156.5
155.5
155.25
155.25
157.0
156.0
156.0
154.75
153.5
153.5
154.25
154.75
154.75
154.0
154.0
152.5
152.5
152.5
153.75
152.5
152.5
150.5
150.5
150.0
147.75
147.75
146.25
146.25
145.75
144.25
144.25
143.5
143.5
142.75
142.25
142.25
140.75
140.75
140.0
140.0
138.75
139.75
139.75
139.75
139.75
140.75
141.0
141.0
142.0
141.75
141.75
141.5
141.5
141.5
141.5
141.75
142.25
142.25
142.5
142.5
142.25
143.25
143.25
147.25
147.25
148.5
148.75
148.75
148.75
149.5
149.5
149.0
149.0
149.0
148.75
148.75
147.75
147.0
147.0
147.75
147.75
149.25
150.25
150.25
151.0
151.25
151.25
151.5
151.5
151.75
152.0
152.0
150.0
150.25
150.25
150.5
150.5
150.5
150.75
150.75
150.0
149.5
149.5
151.0
151.0
150.5
150.0
150.0
150.75
150.25
150.25
150.0
149.75
149.75
149.5
149.5
150.0
150.5
150.5
150.5
150.5
150.0
150.5
150.5
152.25
151.75
151.75
152.0
152.0
151.25
152.0
152.0
152.0
150.75
150.75
151.25
150.25
150.25
149.75
149.75
147.5
148.0
148.0
147.0
147.0
145.0
147.25
147.25
149.0
149.0
149.0
148.5
149.5
149.5
148.75
148.5
148.5
149.75
149.75
150.75
150.75
150.75
149.5
149.5
150.0
150.0
150.75
151.0
151.0
151.0
151.75
151.75
151.0
152.25
152.25
151.75
151.75
151.5
151.75
151.75
152.25
152.25
152.25
152.25
152.5
152.5
152.75
152.75
153.5
154.0
154.0
154.0
155.25
155.25
155.25
154.5
154.5
156.5
156.75
156.75
156.75
155.5
155.5
156.25
156.25
156.5
157.0
157.0
157.0
156.25
156.25
157.75
157.5
157.5
157.25
158.0
158.0
158.0
157.75
157.75
158.0
156.75
156.75
156.5
156.75
156.75
156.25
156.5
156.5
156.75
157.0
157.0
156.75
156.75
156.0
155.5
155.5
154.5
153.75
153.75
154.25
153.75
153.75
153.0
153.0
154.0
155.75
155.75
155.75
155.5
155.5
155.25
155.5
155.5
155.75
154.75
154.75
155.5
155.5
155.5
155.25
155.75
155.75
156.75
156.0
156.0
156.25
156.5
156.5
157.75
157.75
157.25
156.75
156.75
155.5
155.0
155.0
155.25
154.75
154.75
154.75
154.5
154.5
153.5
153.5
153.5
153.25
153.25
153.5
152.5
152.5
152.5
152.25
152.25
152.5
153.25
153.25
153.5
153.5
154.0
153.75
153.75
153.75
153.75
153.75
153.75
153.75
153.75
153.25
153.25
152.5
152.75
152.75
152.5
152.0
152.0
152.5
153.0
153.0
153.5
153.5
153.25
153.0
153.0
153.0
152.75
152.75
153.0
153.5
153.5
153.5
153.5
153.75
154.5
154.5
155.0
154.75
154.75
155.25
155.5
155.5
156.0
156.5
156.5
156.75
157.0
157.0
157.5
158.0
158.0
157.75
158.25
158.25
158.25
158.5
158.5
158.5
158.25
158.25
158.0
158.0
157.75
157.0
157.0
156.5
155.75
155.75
155.5
155.5
155.5
155.0
155.25
155.25
155.0
155.5
155.5
155.75
155.5
155.5
155.5
155.5
155.5
155.5
155.5
155.5
155.25
155.25
155.0
155.0
155.0
155.0
155.0
155.0
154.5
154.5
154.75
154.5
154.5
154.25
154.25
154.25
154.0
153.75
153.75
153.5
153.0
153.0
153.0
153.0
153.0
152.5
152.5
152.25
151.5
151.5
151.5
151.5
150.75
150.75
150.75
151.25
151.0
151.0
151.0
151.5
151.5
151.25
151.25
150.75
151.0
151.0
151.75
152.25
152.25
153.75
155.0
155.0
154.25
154.25
156.0
156.5
156.5
155.0
154.5
154.5
154.0
151.5
151.5
151.5
151.5
150.75
149.5
149.5
149.75
150.5
150.5
149.25
149.25
150.0
149.25
149.25
150.0
150.0
150.0
149.0
149.0
148.0
148.25
148.25
149.25
149.5
149.5
148.75
148.75
148.25
146.5
146.5
146.75
146.75
146.25
146.5
146.5
146.0
146.0
145.0
143.25
143.25
143.75
143.75
144.75
144.75
144.75
145.5
144.75
144.75
144.75
144.75
145.25
145.25
144.75
146.25
146.25
150.0
149.25
149.25
150.25
150.75
150.75
150.5
150.5
150.0
151.25
151.25
151.25
144.25
144.25
144.75
144.5
144.5
143.25
143.25
142.5
142.5
143.75
143.0
143.0
141.75
141.75
138.5
138.5
138.0
136.75
136.75
137.5
137.5
137.5
137.5
137.5
137.5
137.5
137.25
137.25
137.5
137.5
137.25
137.25
137.25
138.05
138.85
139.65
140.45
141.25
141.25
141.25
142.0
142.0
142.0
143.25
143.25
144.0
144.0
145.0
145.0
144.0
144.25
144.25
144.25
145.0
145.0
146.5
146.5
145.0
145.0
145.0
145.0
145.5
145.25
145.25
146.75
147.0
147.0
147.25
147.25
148.0
148.75
148.75
149.0
149.0
149.25
149.5
149.5
150.0
150.5
150.5
150.25
150.25
150.25
151.0
151.0
151.0
151.0
151.0
151.0
151.0
150.0
150.0
149.0
149.0
149.0
150.25
150.25
148.5
148.75
148.75
147.75
147.75
147.75
147.5
147.5
148.0
148.0
148.0
147.0
147.0
147.25
147.0
147.0
146.25
146.25
145.0
144.5
144.5
142.5
142.5
142.0
142.0
142.25
143.5
143.5
143.0
143.0
143.0
142.75
142.75
143.75
144.0
144.0
144.75
144.75
144.25
144.0
144.0
143.25
143.25
144.0
144.75
144.75
145.0
145.0
145.5
146.5
146.5
147.0
147.0
147.25
147.0
147.0
147.5
147.5
147.0
147.0
147.0
147.5
148.5
148.5
148.5
148.5
148.5
148.25
148.25
147.75
147.25
147.25
146.75
146.75
146.0
147.0
147.0
147.25
147.25
147.5
148.75
148.75
148.75
147.75
147.75
147.5
147.5
147.0
147.0
147.0
147.0
147.0
147.5
147.75
147.75
147.0
148.25
148.25
147.75
147.75
149.75
149.25
149.25
149.0
149.0
148.75
148.5
148.5
149.25
149.75
149.75
150.0
150.0
150.0
150.25
150.25
150.5
150.5
150.5
150.0
150.0
150.25
150.75
150.75
151.25
151.75
151.75
151.75
151.5
151.5
151.75
151.75
152.25
152.25
152.25
152.25
152.0
152.0
152.25
153.0
153.0
152.75
152.75
152.5
152.25
152.25
152.5
152.5
152.5
152.25
153.0
153.0
152.0
152.0
153.0
152.0
152.0
152.25
152.5
152.5
152.75
152.75
152.75
152.5
152.5
152.5
152.75
152.75
152.5
152.5
152.5
152.0
152.0
152.0
152.0
152.0
151.25
151.0
151.0
151.75
152.5
152.5
152.5
152.75
152.75
152.5
152.5
151.5
152.75
152.75
151.25
152.5
152.5
153.5
154.0
154.0
153.25
153.25
153.75
154.75
154.75
154.0
154.0
154.0
153.25
153.5
153.5
154.75
155.25
155.25
154.0
154.0
153.5
153.5
153.5
153.75
154.0
154.0
154.25
154.0
154.0
153.75
153.75
152.75
152.5
152.5
152.25
153.0
153.0
152.5
152.75
152.75
152.75
152.75
153.0
151.5
151.5
151.25
151.25
151.25
150.5
150.5
152.5
152.25
152.25
152.0
152.0
152.0
151.5
152.25
152.25
152.75
153.5
153.5
154.5
154.5
154.25
155.0
155.0
154.75
153.75
153.75
153.5
154.25
154.25
154.25
154.25
153.75
154.0
154.0
153.75
153.5
153.5
153.0
152.75
152.75
152.75
152.75
153.0
153.5
153.5
153.5
154.0
154.0
154.5
154.5
154.5
154.75
155.0
155.0
154.75
154.75
154.25
154.25
154.25
155.0
155.0
155.0
154.75
154.5
154.5
153.0
154.0
154.0
154.25
154.25
154.25
153.5
153.5
155.25
156.25
156.25
154.5
153.75
153.75
154.0
154.25
154.25
154.0
154.0
153.5
153.0
153.0
153.5
154.0
154.0
154.0
154.0
154.0
154.25
154.25
154.25
154.5
154.5
155.0
154.25
154.25
154.25
154.25
154.25
155.0
155.5
155.5
154.5
155.0
155.0
155.0
155.0
154.75
155.25
155.25
155.75
155.75
155.75
154.25
154.5
154.5
154.75
154.25
154.25
154.5
154.5
154.75
154.75
154.75
154.25
154.25
154.25
154.25
154.5
154.5
154.5
154.25
154.25
154.0
154.0
153.75
154.5
154.5
154.25
153.75
153.75
153.75
154.25
154.25
154.75
155.5
155.5
155.5
155.25
155.25
155.0
155.0
155.0
154.75
154.75
154.5
154.5
154.5
154.0
154.5
154.5
155.0
154.75
154.75
155.0
155.25
155.25
156.5
156.5
155.0
155.0
155.0
155.25
155.25
155.25
155.25
155.0
155.0
155.0
154.75
154.75
154.75
154.75
153.75
154.0
154.0
154.25
154.25
154.25
154.5
154.25
154.25
154.75
155.5
155.5
155.0
155.0
154.0
154.0
154.0
153.5
153.25
153.25
153.5
154.75
154.75
155.0
154.75
154.75
154.25
154.25
153.5
153.75
153.75
155.0
155.75
155.75
155.25
154.75
154.75
154.5
153.75
153.75
154.0
154.0
153.75
154.25
154.25
153.75
153.5
153.5
153.25
153.5
153.5
153.5
153.75
153.75
153.5
153.5
153.25
153.0
153.0
153.0
153.0
153.0
153.0
153.5
153.5
153.5
153.5
152.75
152.75
152.75
152.75
153.0
153.0
153.5
153.25
153.25
153.75
153.75
153.75
153.25
153.25
153.25
153.25
153.25
153.5
152.75
152.75
152.5
152.5
151.75
151.5
151.5
151.5
151.75
151.75
151.5
151.5
151.5
151.5
151.5
151.75
152.25
152.25
152.5
152.25
152.25
152.75
153.25
153.25
152.25
152.25
152.5
152.25
152.25
152.25
151.75
151.75
151.75
151.75
151.75
152.0
152.0
151.75
152.0
152.0
150.5
150.75
150.75
150.75
150.75
151.25
151.5
151.5
150.75
151.25
151.25
151.75
151.75
151.5
151.5
151.75
151.75
152.0
151.5
151.5
152.75
151.75
151.75
150.25
150.25
150.5
150.75
150.75
150.75
151.25
151.25
150.5
150.5
150.0
150.0
150.0
150.0
150.5
150.5
150.25
150.25
150.25
150.25
151.25
150.25
150.25
151.25
151.75
151.75
151.0
151.0
152.25
152.0
152.0
152.25
153.0
153.0
152.75
152.75
153.25
153.5
153.5
153.5
153.75
153.75
154.75
154.5
154.5
154.5
154.25
154.25
154.25
154.25
153.25
153.5
153.5
154.0
154.25
154.25
154.75
153.75
153.75
155.5
156.0
156.0
156.25
156.25
155.5
154.0
154.0
153.5
151.75
151.75
150.25
150.25
151.0
150.0
150.0
150.0
149.5
149.5
149.25
149.25
150.0
149.75
149.75
150.0
150.0
150.0
150.0
150.0
149.5
149.75
149.75
148.75
148.0
148.0
149.0
149.0
150.0
147.0
147.0
149.75
149.75
149.75
149.5
149.5
149.5
150.0
150.0
149.5
149.5
149.5
150.75
150.75
150.75
150.75
150.75
151.0
151.0
151.0
152.25
153.0
153.0
152.0
152.0
151.5
152.0
152.0
152.75
153.75
153.75
153.75
153.5
153.5
153.25
153.25
154.25
154.25
154.5
154.25
154.25
152.75
152.75
153.25
155.5
155.5
154.75
155.0
155.0
155.75
155.75
155.75
155.25
155.5
155.5
156.5
154.75
154.75
154.25
155.25
155.25
156.0
156.0
154.5
154.5
156.0
154.75
154.75
155.0
155.0
155.0
155.0
155.0
154.75
154.25
154.25
154.5
154.25
154.25
154.0
153.75
153.75
153.75
153.75
152.5
152.25
152.25
152.25
151.5
151.5
150.5
150.5
150.75
150.5
150.5
150.0
148.75
148.75
147.0
147.0
145.0
140.75
140.75
138.75
138.75
138.5
138.5
139.5
141.75
141.75
143.0
143.0
143.0
143.0
143.0
143.0
142.75
142.75
143.0
152.25
152.25
151.75
151.75
152.75
150.75
150.75
150.75
149.25
149.25
152.0
152.0
152.0
149.25
149.25
150.25
150.25
150.25
150.25
150.25
150.25
150.25
150.5
150.5
150.5
146.0
146.0
146.0
146.0
146.0
146.0
146.0
146.0
151.5
151.375
151.25
151.25
151.5
151.5
151.25
151.25
151.25
151.25
151.25
149.5
147.75
146.0
144.25
142.5
140.75
140.75
141.5
142.0
142.0
143.0
143.0
142.0
142.0
143.25
144.0
144.0
144.75
145.0
145.0
146.75
146.75
147.75
148.5
148.5
149.5
150.0
150.0
150.5
151.0
151.0
150.5
150.5
152.75
152.5
152.5
152.5
153.75
153.75
155.5
156.0
156.0
155.25
155.5
155.5
156.0
156.75
156.75
157.5
157.5
157.5
157.25
157.25
157.0
156.5
156.5
155.25
153.25
153.25
151.0
151.0
149.25
149.25
131.75
131.75
131.75
108.0
108.0
100.25
100.25
100.0
100.0
100.0
113.75
113.75
121.75
121.75
123.75
123.75
123.75
105.25
105.25
90.0
90.0
90.0
88.5
88.5
88.5
87.5
87.5
87.5
90.75
90.75
90.75
91.75
91.75
91.75
92.75
92.75
93.25
93.25
93.25
95.75
95.75
100.75
100.75
102.0
102.0
102.0
103.0
103.0
101.5
101.5
101.75
101.75
101.75
101.25
101.25
100.0
100.0
100.5
100.5
100.5
101.0
101.0
101.0
100.75
100.75
100.75
100.75
100.75
100.75
100.75
100.75
100.75
101.0
139.25
139.25
139.25
139.25
139.25
139.25
139.25
139.25
139.25
139.25
139.25
139.25
139.25
139.25
139.25
139.25
138.91666666666666
138.58333333333334
138.25
137.91666666666666
137.58333333333334
137.25
136.91666666666666
136.58333333333334
136.25
135.91666666666666
135.58333333333334
135.25
134.91666666666666
134.58333333333334
134.25
133.91666666666666
133.58333333333334
133.25
132.91666666666666
132.58333333333334
132.25
132.25
132.75
132.75
134.25
134.25
135.5
136.75
136.75
137.0
137.0
136.75
136.75
136.75
136.75
136.0
136.0
136.75
137.25
137.25
137.25
137.25
138.0
139.25
139.25
140.0
140.0
140.25
140.25
139.5
138.5
138.5
138.75
138.75
140.0
140.0
140.5
142.0
142.0
142.0
142.0
142.0
141.75
141.75
141.5
141.5
142.5
142.25
142.25
143.25
143.25
143.0
144.25
144.25
144.0
144.0
144.25
144.75
144.75
144.25
144.25
144.25
142.5
142.5
145.0
145.0
143.5
145.0
145.0
144.0
144.0
143.0
143.5
143.5
145.0
145.0
146.0
145.5
145.5
146.5
146.5
146.0
145.25
145.25
144.75
144.75
144.75
145.75
145.75
146.0
145.25
145.25
144.5
144.5
144.25
143.75
143.75
145.0
145.0
145.25
146.5
146.5
147.75
147.75
148.25
148.5
148.5
148.25
148.25
148.25
147.75
147.75
145.25
145.25
145.25
146.25
146.25
147.25
147.75
147.75
147.75
148.25
148.25
148.0
148.0
147.75
148.0
148.0
148.0
148.0
147.5
147.5
147.5
147.75
148.5
148.5
147.0
147.0
148.25
149.5
149.5
150.0
150.0
150.25
150.0
150.0
150.5
149.5
149.5
150.0
150.0
150.25
150.5
150.5
151.5
151.5
151.5
151.25
151.75
151.75
151.0
151.0
151.5
151.0
151.0
150.25
149.75
149.75
149.75
149.75
148.75
148.5
148.5
146.25
146.25
146.5
146.75
146.75
147.5
148.0
148.0
148.25
148.25
148.25
148.25
148.25
147.0
147.0
147.75
148.75
148.75
149.75
150.0
150.0
151.25
152.0
152.0
152.5
152.5
153.0
153.25
153.25
153.75
153.25
153.25
153.0
153.0
152.5
152.5
152.5
153.0
152.75
152.75
152.75
152.75
152.75
152.0
151.75
151.75
151.5
151.5
150.5
150.75
150.75
150.5
150.0
150.0
150.0
150.0
149.75
150.0
150.0
150.25
150.25
150.25
150.75
150.75
151.25
151.5
151.5
151.75
151.5
151.5
151.75
151.75
153.0
153.5
153.5
153.25
152.25
152.25
151.75
151.5
151.5
151.25
151.25
151.25
150.5
150.5
150.5
150.75
150.75
151.0
151.0
151.0
152.25
152.25
151.0
151.0
151.0
151.0
151.0
150.0
149.75
149.75
147.75
148.75
148.75
148.5
148.5
148.5
148.25
148.25
148.75
148.75
149.25
149.25
149.25
148.5
149.25
149.25
149.25
149.25
149.0
149.0
147.25
147.25
147.0
148.0
148.0
149.5
149.5
149.5
150.25
150.25
150.0
150.25
150.25
150.0
150.25
150.25
150.25
150.25
149.25
148.25
148.25
147.75
147.5
147.5
148.0
148.0
148.0
148.75
148.75
148.75
148.75
149.0
148.75
148.75
148.75
148.75
148.25
148.5
148.5
150.0
149.75
149.75
150.25
151.0
151.0
148.75
148.75
151.25
152.0
152.0
152.0
152.25
152.25
151.0
151.0
150.75
150.0
150.0
151.0
150.0
150.0
151.5
151.5
152.0
152.0
151.0
151.5
151.5
151.5
152.0
152.0
151.25
151.25
151.25
151.25
152.5
153.5
153.5
153.0
153.0
153.5
153.5
153.25
153.25
153.25
153.25
153.25
154.0
153.75
153.75
152.5
152.0
152.0
152.25
152.25
153.0
151.75
151.75
152.25
152.5
152.5
151.5
151.25
151.25
152.25
152.25
153.0
153.5
153.5
154.0
154.5
154.5
155.0
155.75
155.75
156.0
156.25
156.25
156.25
156.25
156.25
156.75
157.5
157.5
157.5
159.5
159.5
157.75
158.5
158.5
160.25
161.0
161.0
161.5
161.75
161.75
161.75
163.25
163.25
163.25
163.25
163.25
163.5
162.0
162.0
160.25
161.0
161.0
161.0
147.75
147.75
147.75
147.75
147.75
147.75
147.75
147.75
147.75
148.0
148.0
143.44444444444446
138.88888888888889
134.33333333333334
129.77777777777777
125.22222222222223
120.66666666666667
116.11111111111111
111.55555555555556
107.0
107.0
103.25
103.25
103.25
104.75
104.75
104.75
104.75
106.5
106.5
108.75
108.75
111.75
111.75
115.75
115.75
119.25
119.25
119.25
123.75
128.5
128.5
130.0
130.0
134.25
134.25
136.25
136.25
138.75
140.5
140.5
141.75
141.75
142.25
143.0
143.0
144.0
145.0
145.0
146.5
146.5
146.5
147.0
147.0
146.75
146.75
144.0
143.0
143.0
143.25
143.25
143.25
144.5
144.5
145.0
145.0
145.0
144.75
144.75
144.0
143.25
143.25
142.0
142.0
141.0
141.0
140.5
142.0
142.0
142.5
142.5
143.0
143.0
143.25
143.5
143.5
144.0
144.0
144.25
145.5
145.5
147.0
148.0
148.0
147.5
147.5
149.75
149.25
149.25
149.5
150.25
150.25
150.75
151.25
151.25
151.75
151.75
152.75
152.75
152.75
153.75
154.0
154.0
153.75
154.75
154.75
155.25
155.5
155.5
155.0
155.0
154.25
154.5
154.5
154.25
154.75
154.75
154.5
153.75
153.75
154.0
153.75
153.75
153.25
153.25
152.75
152.0
152.0
153.0
152.75
152.75
153.25
153.25
153.25
153.25
153.25
156.0
154.25
154.25
154.75
155.75
155.75
156.25
155.0
155.0
154.25
154.75
154.75
154.5
155.5
155.5
156.25
156.25
156.25
156.75
156.75
156.0
155.75
155.75
155.0
151.75
151.75
152.25
152.25
152.25
153.5
153.5
153.0
153.5
153.5
152.75
155.25
155.25
154.5
154.0
154.0
153.5
153.5
154.0
154.5
154.5
153.75
153.0
153.0
152.25
151.5
151.5
151.5
151.5
152.0
151.25
151.25
152.0
153.25
153.25
153.75
153.25
153.25
154.0
154.0
154.0
154.0
154.0
154.0
154.25
154.25
154.0
154.0
154.0
154.0
154.5
154.5
153.75
153.75
153.5
153.5
153.5
153.5
152.5
152.5
152.5
152.25
152.25
152.0
152.0
152.0
152.25
152.25
152.75
153.75
153.75
153.75
153.75
153.75
153.25
153.25
153.0
153.25
153.25
153.5
153.75
153.75
153.5
154.0
154.0
154.25
154.5
154.5
155.0
155.0
154.25
154.5
154.5
154.25
154.75
154.75
155.0
154.5
154.5
153.5
152.75
152.75
152.5
152.5
153.25
153.5
153.5
153.0
153.25
153.25
153.25
153.75
153.75
154.0
154.0
154.0
153.75
153.75
153.75
153.5
153.5
153.5
152.75
152.75
152.5
152.5
152.75
153.25
153.25
153.5
153.0
153.0
153.25
153.75
153.75
154.0
154.0
153.5
154.0
154.0
154.0
154.0
154.0
155.25
155.0
155.0
154.75
155.0
155.0
155.0
154.5
154.5
156.0
156.5
156.5
156.5
156.5
156.5
156.25
156.25
156.5
156.0
156.0
155.25
155.0
155.0
155.0
155.75
155.75
155.0
155.0
155.25
155.5
155.5
156.0
155.75
155.75
156.25
157.0
157.0
157.0
157.5
157.5
158.0
158.5
158.5
157.75
157.75
157.75
157.75
157.5
157.5
158.25
157.75
157.75
157.75
157.5
157.5
157.5
157.5
157.5
157.5
157.5
157.0
157.0
157.0
157.5
158.0
158.0
157.75
157.75
157.75
157.5
157.5
157.5
156.75
156.0
156.0
155.25
155.5
155.5
155.5
156.0
156.0
154.5
154.5
154.5
154.75
154.75
154.25
154.5
154.5
155.5
155.25
155.25
155.0
154.75
154.75
155.25
155.25
155.0
154.75
154.75
154.75
155.5
155.5
153.75
154.75
154.75
155.5
154.0
154.0
153.25
149.75
149.75
144.5
144.5
146.0
146.0
145.75
146.25
146.25
143.75
143.75
140.25
140.25
140.25
138.25
138.25
138.5
138.5
137.5
138.5
138.5
138.5
138.5
138.5
138.5
138.5
138.5
138.5
138.5
138.5
138.25
149.75
149.75
150.0
150.75
150.75
151.0
151.0
151.75
152.75
153.75
153.75
155.0
155.0
155.75
155.25
155.25
155.75
156.0
156.0
156.75
157.25
157.25
158.0
157.5
157.5
157.75
158.25
158.25
157.75
157.5
157.5
158.75
158.5
158.5
157.75
155.75
155.75
154.0
154.0
153.0
153.0
148.75
148.75
148.75
148.75
148.75
148.75
148.75
148.75
148.75
148.75
148.75
148.75
149.0
149.0
149.0
147.75
147.75
149.75
151.5
151.5
152.25
152.25
152.5
153.0
153.0
152.25
152.0
152.0
152.5
152.75
152.75
153.25
153.25
154.25
154.5
154.5
154.75
154.5
154.5
154.75
155.5
155.5
155.75
155.0
155.0
155.25
155.0
155.0
154.5
155.0
155.0
153.5
153.5
153.5
154.5
154.5
152.5
152.5
151.75
151.75
151.5
151.75
151.75
151.75
151.75
151.75
152.0
151.75
152.0
152.15625
152.3125
152.46875
152.625
152.78125
152.9375
153.09375
153.25
153.40625
153.5625
153.71875
153.875
154.03125
154.1875
154.34375
154.5
155.0
155.0
155.0
154.5
153.75
153.75
153.5
153.5
153.5
153.5
153.5
153.5
153.25
153.25
153.75
153.75
153.75
153.75
153.75
153.75
153.5
154.0
154.0
154.5
154.5
153.75
153.25
153.25
153.75
153.5
153.5
153.5
154.25
154.25
154.25
153.75
153.75
152.5
152.5
151.25
149.75
149.75
148.0
148.0
146.0
145.75
145.75
146.0
146.0
146.5
146.0
146.0
146.25
145.5
145.5
145.5
145.5
146.0
146.5
146.5
147.0
147.0
147.75
148.75
148.75
149.5
150.0
150.0
150.5
150.5
151.75
151.75
151.75
151.5
153.0
153.0
151.25
151.25
151.25
151.25
151.25
151.25
151.25
151.25
151.25
142.0
142.0
144.75
144.75
144.75
144.75
144.75
144.75
144.75
145.0
145.0
147.5
147.5
147.5
148.25
148.75
148.75
148.75
148.75
148.75
148.75
149.0
149.0
149.0
149.0
149.0
149.0
149.0
149.0
149.0
149.0
149.1
149.2
149.3
149.4
149.5
149.5
150.0
150.0
150.5
151.0
151.0
151.75
152.25
152.25
153.25
153.75
153.75
155.0
155.0
155.0
155.0
155.5
155.5
155.5
156.25
157.0
157.0
158.25
157.5
157.5
158.25
157.75
157.75
156.75
157.25
157.25
158.0
158.25
158.25
159.25
159.25
159.25
158.5
158.5
158.5
158.75
158.5
158.5
158.5
159.5
159.5
158.75
158.75
158.0
158.25
158.5
158.5
158.0
158.0
158.25
158.0
158.0
158.0
158.0
158.0
157.5
158.0
158.0
157.5
157.75
157.75
157.5
157.25
157.25
157.5
157.5
157.5
157.5
157.5
157.5
156.75
157.25
157.25
158.75
159.0
159.0
159.0
158.5
158.5
158.5
157.75
157.75
158.0
158.0
158.0
158.75
158.75
159.0
159.0
159.0
158.75
158.5
158.5
157.0
157.5
157.5
157.75
158.25
158.25
158.0
158.25
158.25
158.0
158.5
158.5
158.0
158.0
158.0
157.75
158.0
158.0
159.25
159.25
159.25
158.25
158.25
158.25
158.5
158.25
158.25
158.25
159.0
159.0
159.5
160.0
160.0
158.25
158.25
158.25
158.25
158.25
157.5
157.5
157.5
156.25
155.25
155.25
154.25
154.25
154.25
153.5
152.25
152.25
152.75
152.75
152.75
153.25
153.25
153.5
154.25
154.25
154.5
154.75
154.75
154.5
154.75
154.75
154.0
154.0
155.25
155.25
155.25
156.5
156.5
156.5
155.0
155.5
155.5
155.5
156.0
156.0
156.0
154.5
154.5
154.5
154.5
155.25
152.75
152.75
152.0
152.25
152.25
153.0
153.5
153.5
154.0
154.0
155.25
156.0
156.0
156.5
157.25
157.25
157.75
159.5
159.5
161.0
161.5
161.75
161.75
162.0
162.0
162.0
162.5
163.75
163.75
163.5
163.25
163.25
163.25
162.5
162.5
162.25
161.5
161.5
160.25
158.25
158.25
157.75
155.5
155.5
153.0
153.0
148.75
150.0
150.0
151.75
151.75
151.75
150.75
150.75
150.25
151.5
151.5
152.75
153.0
153.0
150.5
150.5
145.75
141.75
141.75
137.75
137.75
130.75
130.75
129.0
129.0
129.25
130.75
130.75
134.5
134.5
138.5
138.5
141.75
140.75
140.75
145.25
145.25
146.75
147.25
147.25
148.75
149.75
149.75
151.25
151.25
150.0
149.5
149.5
150.75
151.75
151.75
153.0
153.25
153.25
152.5
152.5
154.5
150.0
150.0
151.25
151.25
149.0
149.25
149.25
149.75
150.0
150.0
150.0
150.0
150.0
150.0
150.0
149.75
149.75
149.75
148.5
148.25
148.25
148.5
148.5
148.5
148.5
149.5
150.0
151.0
151.0
150.75
150.75
149.75
151.0
151.0
153.0
152.75
152.75
151.5
151.5
151.75
151.0
151.0
151.0
151.25
151.25
152.0
152.0
151.75
152.25
152.25
153.0
152.25
152.25
153.0
153.0
153.25
152.0
152.0
152.0
151.0
151.0
151.25
150.0
150.0
149.75
149.75
149.25
148.25
148.25
148.5
148.75
148.75
148.5
148.5
147.25
145.25
145.25
145.5
145.5
145.25
145.5
145.5
145.75
145.75
146.5
147.0
147.0
147.0
147.0
146.75
146.25
146.25
145.5
146.25
146.25
145.5
145.5
146.0
145.0
145.0
146.25
146.25
146.5
146.0
146.0
145.0
145.0
144.5
145.5
145.5
145.25
146.25
146.25
146.5
146.5
146.25
147.5
147.5
147.75
147.75
145.5
146.75
146.75
147.25
147.25
147.5
148.25
148.25
149.0
148.25
148.25
149.0
149.0
149.75
148.75
148.75
148.25
149.0
149.0
149.25
149.25
149.0
150.0
150.0
150.5
150.5
150.5
151.0
151.0
151.25
150.0
150.0
149.25
150.0
150.0
150.0
150.0
150.0
150.25
150.25
152.5
152.0
152.0
152.5
152.5
152.25
152.75
152.75
152.5
152.5
152.5
152.5
152.75
152.75
152.25
152.25
152.25
152.25
152.25
152.75
152.75
152.75
153.0
153.25
153.25
153.5
153.5
153.75
154.25
154.25
155.25
155.75
155.75
155.75
156.25
156.25
155.75
156.0
156.0
155.75
156.0
156.0
156.75
157.0
157.0
157.0
157.0
156.5
156.75
156.75
157.0
157.75
157.75
157.75
157.75
157.75
157.5
157.25
157.25
157.0
157.0
157.0
157.0
157.0
157.0
157.0
157.5
157.5
158.25
157.5
157.5
157.25
157.25
157.25
157.5
158.25
158.25
158.5
158.5
158.5
159.0
159.0
158.25
158.0
158.0
158.0
158.25
158.25
156.5
156.0
156.0
157.0
157.25
157.25
156.5
157.25
157.25
157.0
157.5
157.5
158.0
158.0
158.0
158.0
158.25
158.25
158.5
158.75
158.75
158.75
159.0
159.0
159.0
158.75
158.75
158.75
158.75
159.5
160.25
160.25
160.25
159.5
159.5
160.0
160.5
161.0
161.0
161.5
160.75
160.75
161.0
161.5
161.5
161.25
161.0
161.0
161.25
161.5
161.5
160.5
159.5
159.5
160.75
161.5
161.5
160.75
160.25
160.25
160.25
160.5
160.5
160.75
161.0
161.0
161.0
161.5
161.5
161.5
161.0
161.0
161.25
161.25
161.25
161.25
161.0
161.0
161.75
162.0
162.0
161.5
161.5
161.5
161.25
160.75
160.75
161.25
161.75
161.75
162.0
161.0
161.0
160.75
160.25
160.25
160.5
160.5
160.5
159.5
160.75
160.75
160.0
160.0
160.0
160.0
160.25
160.25
160.75
160.75
160.75
160.5
160.5
160.5
160.75
160.75
160.75
160.75
160.75
160.75
160.75
160.75
160.75
160.75
160.75
160.75
161.0
161.5
161.5
161.5
161.25
161.25
161.25
161.5
161.5
161.5
161.25
161.0
161.0
160.25
161.5
161.5
161.75
161.5
161.5
161.75
161.75
161.75
161.5
161.25
161.25
161.0
161.5
161.5
161.75
162.0
162.0
162.5
162.5
162.5
162.0
161.25
161.25
161.0
161.0
161.0
162.0
162.25
162.25
162.0
161.5
161.5
161.25
161.0
161.0
160.75
161.25
161.25
161.5
161.25
161.25
161.0
161.0
161.0
161.0
160.25
160.25
160.75
160.75
160.75
160.5
160.5
160.5
161.25
161.25
161.25
161.25
161.25
161.25
161.25
161.25
161.5
161.5
160.75
160.75
160.25
160.0
160.0
160.0
160.25
161.5
161.5
161.5
161.25
161.25
160.75
161.0
161.0
161.25
161.0
161.0
162.0
162.25
162.25
161.75
161.25
161.25
161.0
161.0
161.0
161.0
161.0
161.0
161.0
160.25
160.25
160.5
160.75
160.75
160.0
161.25
161.25
160.75
160.25
160.25
159.5
160.0
160.0
160.75
158.5
158.5
161.25
161.0
161.0
160.75
160.5
160.5
160.0
160.0
160.0
159.5
159.5
159.5
160.25
160.25
160.25
160.25
160.75
160.75
160.75
160.75
160.75
160.25
160.25
160.25
160.0
160.25
160.25
160.75
160.0
160.0
160.5
160.75
160.75
160.75
160.25
160.25
160.25
160.25
160.25
159.25
160.0
160.0
160.75
160.5
160.5
160.0
160.0
160.0
160.0
160.0
160.0
160.0
160.25
160.25
159.25
160.0
160.0
160.0
159.0
159.0
159.25
160.0
160.0
160.0
159.25
159.25
159.0
160.25
160.25
160.0
159.5
159.5
159.5
159.25
159.25
159.25
159.0
159.0
158.75
158.75
158.75
159.0
160.25
160.25
160.0
159.25
159.25
159.25
159.25
159.25
158.5
158.5
157.5
157.75
158.25
158.25
158.0
158.0
158.0
158.0
158.0
158.0
157.75
157.75
157.5
158.0
158.0
158.25
158.25
158.25
158.5
158.25
158.25
159.0
158.0
158.0
158.75
158.75
158.75
158.25
156.5
156.5
157.0
156.5
156.5
156.25
156.5
156.5
157.25
157.25
157.5
156.25
156.25
156.5
155.75
155.75
157.5
158.25
158.25
158.25
158.25
158.25
158.25
158.25
158.5
158.5
158.5
158.5
158.5
158.5
158.5
158.5
158.5
158.55555555555554
158.61111111111111
158.66666666666666
158.72222222222223
158.77777777777777
158.83333333333334
158.88888888888889
158.94444444444446
159.0
159.05555555555554
159.11111111111111
159.16666666666666
159.22222222222223
159.27777777777777
159.33333333333334
159.38888888888889
159.44444444444446
159.5
159.55555555555554
159.61111111111111
159.66666666666666
159.72222222222223
159.77777777777777
159.83333333333334
159.88888888888889
159.94444444444446
160.0
159.75
159.75
160.0
160.0
160.0
160.0
160.0
160.0
160.0
160.0
160.0
160.0
158.1206896551724
156.24137931034483
154.36206896551724
152.48275862068965
150.60344827586206
148.72413793103448
146.8448275862069
144.9655172413793
143.08620689655172
141.20689655172413
139.32758620689654
137.44827586206895
135.56896551724137
133.68965517241378
131.8103448275862
129.9310344827586
128.05172413793105
126.17241379310344
124.29310344827586
122.41379310344827
120.53448275862068
118.6551724137931
116.77586206896551
114.89655172413794
113.01724137931035
111.13793103448276
109.25862068965517
107.37931034482759
105.5
105.5
103.25
103.25
103.25
103.25
103.75
103.75
103.75
103.75
103.75
103.75
103.75
103.75
103.75
103.75
103.75
103.75
103.75
104.0
104.0
104.0
104.0
104.0
104.0
104.0
104.59210526315789
105.1842105263158
105.77631578947368
106.36842105263158
106.96052631578948
107.55263157894737
108.14473684210526
108.73684210526315
109.32894736842105
109.92105263157895
110.51315789473684
111.10526315789474
111.69736842105263
112.28947368421052
112.88157894736842
113.47368421052632
114.0657894736842
114.65789473684211
115.25
115.25
115.25
115.25
115.25
115.25
115.25
115.25
115.25
115.25
115.25
115.25
115.25
115.5
115.5
115.5
121.625
127.75
133.875
140.0
146.125
152.25
152.25
152.25
153.5
153.5
154.25
154.25
154.25
155.75
155.75
155.75
155.75
155.75
155.75
155.75
155.75
155.75
156.0
156.0
156.0
155.9191176470588
155.83823529411765
155.75735294117646
155.6764705882353
155.59558823529412
155.51470588235293
155.43382352941177
155.35294117647058
155.27205882352942
155.19117647058823
155.11029411764707
155.02941176470588
154.9485294117647
154.86764705882354
154.78676470588235
154.7058823529412
154.625
154.5441176470588
154.46323529411765
154.38235294117646
154.3014705882353
154.22058823529412
154.13970588235293
154.05882352941177
153.97794117647058
153.89705882352942
153.81617647058823
153.73529411764707
153.65441176470588
153.5735294117647
153.49264705882354
153.41176470588235
153.3308823529412
153.25
153.25
167.0
176.25
176.25
176.25
176.5
176.5
176.5
176.25
176.5
176.5
176.5
176.5
176.5
170.64285714285714
164.78571428571428
158.92857142857142
153.07142857142858
147.21428571428572
141.35714285714286
135.5
135.5
134.5
134.5
135.75
135.0
135.0
134.5
134.5
135.75
135.75
135.0
135.0
135.75
136.0
136.0
136.75
136.75
136.75
136.75
136.75
136.75
136.75
136.75
136.75
136.75
136.75
136.75
136.75
145.25
139.5
139.5
140.75
140.75
144.75
144.75
144.75
144.75
144.75
144.75
144.75
145.0
145.0
145.0
144.75
145.10714285714286
145.46428571428572
145.82142857142858
146.17857142857142
146.53571428571428
146.89285714285714
147.25
147.0
147.0
147.0
147.0
147.5
148.25
148.25
148.5
148.5
148.25
148.5
148.5
149.0
148.75
148.75
148.0
148.0
148.0
148.25
148.25
147.5
146.75
146.75
146.5
146.5
145.75
146.5
146.5
146.25
146.25
146.25
146.25
146.25
146.0
147.0
147.0
146.75
146.75
146.75
146.75
146.75
147.0
147.0
147.0
147.0
146.66129032258064
146.32258064516128
145.98387096774192
145.6451612903226
145.30645161290323
144.96774193548387
144.6290322580645
144.29032258064515
143.9516129032258
143.61290322580646
143.2741935483871
142.93548387096774
142.59677419354838
142.25806451612902
141.91935483870967
141.58064516129033
141.24193548387098
140.90322580645162
140.56451612903226
140.2258064516129
139.88709677419354
139.5483870967742
139.20967741935485
138.8709677419355
138.53225806451613
138.19354838709677
137.8548387096774
137.51612903225808
137.17741935483872
136.83870967741936
136.5
136.5
135.75
135.75
139.5
139.5
142.5
143.25
143.25
145.25
145.25
145.25
146.75
146.75
148.0
150.0
150.0
152.25
153.0
153.0
153.5
154.25
154.25
157.25
157.0
157.0
158.5
159.25
159.25
160.75
162.25
162.25
162.75
162.25
162.25
163.75
163.5
163.5
163.5
163.25
163.25
164.5
165.5
165.5
165.5
165.5
165.5
165.25
165.5
165.5
165.5
165.25
158.25
158.25
158.25
158.25
158.25
158.25
158.25
158.5
158.5
158.5
158.5
158.5
158.5
158.5
158.25
158.25
162.95
167.65
172.35
177.05
181.75
181.75
181.75
181.75
182.0
182.0
182.0
182.0
182.0
182.0
182.0
182.0
180.97413793103448
179.94827586206895
178.92241379310346
177.89655172413794
176.8706896551724
175.8448275862069
174.81896551724137
173.79310344827587
172.76724137931035
171.74137931034483
170.7155172413793
169.68965517241378
168.66379310344828
167.63793103448276
166.61206896551724
165.58620689655172
164.5603448275862
163.5344827586207
162.50862068965517
161.48275862068965
160.45689655172413
159.4310344827586
158.4051724137931
157.3793103448276
156.35344827586206
155.32758620689654
154.30172413793102
153.27586206896552
152.25
155.25
155.25
154.0
153.75
153.75
156.5
156.5
156.5
156.5
156.5
156.5
156.5
156.25
156.25
156.25
156.25
156.25
156.25
155.7608695652174
155.27173913043478
154.7826086956522
154.29347826086956
153.80434782608697
153.31521739130434
152.82608695652175
152.33695652173913
151.84782608695653
151.3586956521739
150.8695652173913
150.3804347826087
149.8913043478261
149.40217391304347
148.91304347826087
148.42391304347825
147.93478260869566
147.44565217391303
146.95652173913044
146.4673913043478
145.97826086956522
145.4891304347826
145.0
145.0
145.0
145.5
145.5
146.5
146.5
146.5
147.25
147.25
146.5
146.5
146.5
146.75
147.5
147.5
148.75
150.75
150.75
151.75
151.75
151.75
152.25
153.0
153.0
153.5
153.5
153.0
154.0
154.0
153.75
154.0
154.0
152.75
154.0
154.0
154.0
154.0
150.75
150.75
153.25
153.25
154.0
154.0
150.75
150.75
150.75
150.75
150.75
150.75
150.75
151.0
151.0
151.0
151.0
151.0
151.0
151.0
151.0
151.0568181818182
151.11363636363637
151.17045454545453
151.22727272727272
151.2840909090909
151.3409090909091
151.39772727272728
151.45454545454547
151.51136363636363
151.5681818181818
151.625
151.6818181818182
151.73863636363637
151.79545454545453
151.85227272727272
151.9090909090909
151.9659090909091
152.02272727272728
152.07954545454547
152.13636363636363
152.1931818181818
152.25
154.25
154.25
154.25
154.0
154.0
154.0
154.75
154.75
155.5
155.5
155.5
155.5
155.5
155.5
155.75
155.75
154.75
154.0
154.0
155.25
154.25
154.25
154.75
153.25
153.25
154.5
154.5
155.0
154.5
154.5
154.25
154.5
154.5
154.25
154.75
154.75
156.25
154.25
154.25
154.5
154.25
154.25
155.75
155.75
156.5
157.0
158.5
158.5
158.5
158.5
157.5
157.5
157.5
157.75
157.75
157.75
158.25
159.0
159.0
158.5
159.5
159.5
160.25
160.0
160.0
159.5
159.5
159.5
160.0
160.5
160.5
160.5
161.0
161.0
160.75
161.25
161.25
162.0
161.75
161.75
161.5
161.5
161.5
161.25
161.0
161.0
161.5
161.75
162.25
162.25
162.5
161.0
161.0
160.5
160.25
160.25
160.0
160.0
159.5
159.25
160.0
160.0
159.0
159.25
159.25
160.25
159.0
159.0
158.25
158.25
158.75
158.5
158.5
158.5
158.75
158.75
159.5
160.5
160.5
160.5
160.75
160.75
161.0
161.25
161.25
161.25
161.25
160.5
160.5
161.75
161.75
161.75
160.75
161.5
161.5
161.25
161.75
161.75
161.0
161.25
161.25
162.75
162.5
162.5
163.25
161.0
161.0
162.75
162.75
162.75
162.75
162.75
162.75
162.75
163.25
163.25
163.75
163.75
163.25
163.25
163.5
163.75
163.75
164.5
163.75
163.75
163.75
164.5
164.5
164.75
164.75
164.75
165.75
165.5
166.0
166.0
166.25
165.75
165.75
165.0
165.5
165.5
165.75
164.75
165.75
165.75
165.75
165.75
165.75
166.25
165.5
165.5
165.5
166.0
166.0
166.75
166.25
166.25
166.0
165.75
165.5
165.5
165.5
165.75
165.75
165.5
165.5
165.5
165.0
164.5
164.5
164.5
165.0
165.0
164.5
164.5
165.0
165.0
165.5
166.0
166.0
166.0
166.25
166.25
166.25
166.25
166.25
166.0
165.75
166.0
166.0
166.5
166.5
166.5
166.25
166.0
166.0
166.0
165.75
165.75
166.0
166.5
166.75
166.75
166.75
166.25
166.25
166.0
166.25
166.25
166.25
167.0
167.0
167.0
166.75
167.0
167.0
166.25
166.25
166.25
166.25
166.5
166.5
167.5
167.0
167.0
166.5
166.75
166.75
166.75
167.75
167.75
167.75
167.75
167.0
168.0
168.0
168.25
168.0
168.0
167.5
168.0
168.0
168.5
168.5
169.5
169.5
169.75
169.5
169.5
169.5
168.5
168.5
169.25
168.25
168.0
168.0
168.0
169.0
169.0
165.0
158.75
158.75
156.5
156.5
151.75
155.0
155.0
151.25
150.25
150.25
148.75
148.75
150.75
150.75
150.25
150.25
149.75
147.25
147.25
146.5
146.5
146.25
147.5
147.5
147.75
150.0
150.0
150.5
150.5
150.5
150.5
150.5
150.25
150.25
150.25
155.75
155.75
156.5
157.75
157.75
156.75
156.75
156.75
156.5
156.5
157.75
159.5
160.5
160.5
161.5
161.0
161.0
158.75
158.75
159.25
162.0
162.0
161.75
159.0
159.0
160.75
160.25
160.25
158.75
158.75
160.75
159.0
160.0
160.0
160.5
161.0
163.25
163.25
162.5
162.5
162.5
162.5
162.5
162.25
162.25
162.25
164.25
165.0
165.0
165.0
166.0
164.0
164.0
167.0
164.75
164.25
164.25
164.25
164.25
164.25
164.5
164.5
164.5
164.25
164.25
156.25
156.25
156.25
161.0
161.0
161.0
161.0
161.0
161.0
160.75
160.75
161.0
161.0
141.3
121.6
101.9
82.2
62.5
62.5
62.5
62.25
62.25
62.25
62.0
62.0
62.0
62.0
62.0
61.75
61.75
61.75
62.0
62.0
62.0
62.0
61.75
66.88888888888889
72.02777777777777
77.16666666666667
82.30555555555556
87.44444444444444
92.58333333333334
97.72222222222223
102.86111111111111
108.0
113.13888888888889
118.27777777777779
123.41666666666667
128.55555555555557
133.69444444444446
138.83333333333334
143.97222222222223
149.11111111111111
154.25
154.5
154.5
154.75
154.75
156.0
156.0
154.25
154.25
154.25
155.25
154.75
154.75
156.0
155.75
155.75
155.25
155.25
155.25
155.75
155.75
155.75
155.75
155.75
155.75
155.75
155.75
155.75
157.5
158.25
158.25
157.75
157.75
156.5
158.75
158.75
158.0
157.5
157.5
157.75
156.5
156.5
157.0
156.0
156.0
156.75
156.75
156.75
156.75
156.75
156.75
157.0
157.0
152.0
153.5
153.5
152.75
152.25
152.25
152.0
151.25
151.25
151.25
151.25
150.5
150.0
150.0
149.25
150.5
150.5
150.0
149.0
149.0
149.0
149.0
149.0
148.75
148.75
149.0
149.0
150.0
150.25
150.25
149.0
151.5
151.5
151.75
151.75
151.75
150.25
150.25
152.25
152.75
152.75
154.0
155.5
155.5
155.25
155.0
155.0
155.75
155.75
155.75
156.5
158.75
158.75
159.5
157.5
157.5
157.25
158.25
158.25
156.75
156.75
159.5
158.25
157.75
157.75
157.75
157.0
157.0
157.25
157.25
157.25
157.25
157.25
156.25
156.25
156.25
155.5
156.75
156.75
155.0
155.0
154.25
158.0
158.0
156.5
156.5
156.5
156.25
155.5
155.5
155.0
155.0
155.75
154.75
154.75
155.75
155.75
156.25
155.5
155.5
156.25
156.5
156.5
157.0
155.25
155.25
158.25
157.5
157.5
157.5
157.25
157.25
158.25
159.0
159.0
158.0
158.0
158.75
158.5
158.5
159.0
160.0
160.0
160.0
159.5
159.5
160.5
159.0
159.0
158.0
160.5
161.25
161.25
161.25
161.0
161.0
161.25
161.25
161.5
161.5
160.5
160.25
160.25
158.5
157.75
157.75
159.25
161.0
161.0
160.75
159.5
159.5
158.75
157.75
157.75
158.5
158.5
158.75
158.75
160.25
160.25
159.0
158.25
158.25
158.0
158.25
158.25
158.0
158.5
158.5
158.25
157.75
157.75
158.5
157.75
157.75
159.0
158.25
158.25
158.5
158.75
158.75
159.25
159.0
159.0
158.5
160.0
160.0
159.25
159.25
159.25
160.5
160.25
160.25
160.25
161.25
161.25
161.0
160.25
160.25
162.25
160.0
160.0
160.25
160.5
160.5
161.75
160.0
160.0
160.75
160.75
160.75
160.75
160.75
160.75
161.0
160.75
162.5
162.5
164.75
164.25
164.25
163.75
163.75
163.75
163.75
164.25
164.25
164.25
164.0
164.0
163.5
162.0
162.0
161.25
159.5
159.5
159.5
160.75
160.75
158.25
157.0
157.0
155.25
155.25
153.5
153.75
153.75
154.5
151.75
151.75
151.75
151.25
151.75
151.75
153.25
153.0
153.0
153.5
153.5
155.0
155.75
155.75
156.0
156.25
156.25
155.75
156.0
156.0
157.25
156.5
156.5
157.25
159.0
159.0
156.75
158.25
158.25
158.0
158.0
158.0
160.25
158.5
158.5
160.5
158.25
158.25
161.0
161.75
161.75
160.75
161.25
161.25
161.75
161.0
161.0
161.75
161.75
162.0
163.25
163.25
161.5
161.5
161.5
161.25
161.75
161.75
162.5
162.5
162.5
161.75
161.75
161.75
161.5
163.25
162.0
162.0
163.25
162.25
162.25
163.25
163.25
163.25
162.75
162.5
162.5
162.75
162.75
162.75
164.0
163.5
163.5
163.75
162.75
162.75
163.25
162.5
163.25
163.25
163.5
164.75
164.75
163.75
163.25
163.25
163.25
164.0
164.0
163.5
164.5
164.5
164.0
163.75
163.75
164.0
164.25
164.25
164.25
164.0
163.5
163.5
163.5
164.5
164.5
164.75
163.75
163.75
162.0
162.0
162.0
163.75
163.75
163.75
164.0
160.5
160.5
159.5
159.5
159.5
159.5
159.5
159.5
159.5
159.5
160.25
160.25
160.75
159.5
159.5
161.25
162.25
162.25
161.0
161.5
161.5
160.5
161.5
161.5
161.75
163.25
162.5
162.5
163.25
163.75
163.75
163.5
162.25
162.25
163.25
163.75
163.75
163.75
163.75
163.75
164.0
163.75
163.75
162.0
161.75
162.0
162.0
160.75
160.75
160.75
161.5
161.5
160.5
159.5
159.5
160.25
158.5
158.5
158.25
159.5
159.5
158.5
158.5
158.5
159.5
159.5
159.5
160.0
158.75
160.25
160.25
159.25
159.25
159.5
158.75
158.75
160.0
160.0
160.0
160.25
157.75
157.75
158.25
158.0
158.0
158.0
158.25
158.25
160.25
159.25
159.25
158.5
160.0
160.0
160.75
159.25
159.25
157.5
159.25
159.25
160.5
158.5
158.5
158.0
158.0
158.75
159.25
159.25
158.5
159.0
159.0
158.25
158.25
157.75
157.5
158.25
158.25
156.5
156.5
159.0
157.25
157.25
157.25
155.75
155.75
155.5
156.25
156.25
154.75
154.75
155.25
155.25
154.75
154.5
154.5
154.5
154.5
154.5
154.5
154.5
154.5
154.5
154.5
154.5
154.5
154.5
154.5
150.35
146.2
142.05
137.9
133.75
133.0
133.0
133.0
132.5
132.5
132.5
132.5
132.5
132.5
133.5
133.5
133.0
133.0
135.0
135.0
138.25
137.5
137.5
138.5
138.5
139.25
139.25
139.5
140.25
140.25
140.75
140.75
140.75
140.75
140.75
140.75
140.75
140.75
140.75
140.75
140.75
140.75
140.75
140.75
140.75
140.75
142.0
143.25
144.5
145.75
147.0
148.25
148.25
146.5
146.5
146.5
146.5
146.5
146.5
146.5
146.5
146.5
146.5
146.5
146.5
146.5
146.5
146.5
146.675
146.85
147.025
147.2
147.375
147.55
147.725
147.9
148.075
148.25
148.425
148.6
148.775
148.95
149.125
149.3
149.475
149.65
149.825
150.0
150.175
150.35
150.525
150.7
150.875
151.05
151.225
151.4
151.575
151.75
151.75
152.75
152.75
147.75
147.75
156.25
151.75
151.75
151.75
153.75
154.25
154.25
154.0
152.75
152.75
153.0
153.5
153.5
154.5
154.5
154.5
154.5
154.75
154.75
154.25
154.25
154.75
155.0
155.0
154.0
155.0
155.0
154.0
154.25
154.25
154.5
155.25
155.25
155.5
155.25
155.25
155.5
155.5
156.25
155.75
155.75
155.5
155.0
155.0
155.5
150.0
142.25
142.25
152.75
152.75
146.75
153.5
153.5
155.75
155.25
155.25
157.0
156.75
156.75
157.5
157.5
156.75
158.0
158.0
156.75
157.5
157.5
157.0
156.5
156.5
155.75
155.75
155.75
155.75
155.75
156.0
156.0
155.75
155.75
156.0
156.0
153.75
152.5
153.25
153.25
153.5
153.5
153.5
154.25
154.25
153.5
152.75
152.75
152.75
152.75
154.0
154.25
154.25
154.5
155.5
155.5
154.0
154.25
154.25
155.25
155.25
155.25
155.25
155.25
155.25
155.5
155.5
154.0
156.25
156.25
155.75
156.75
156.75
156.0
157.0
157.0
157.0
157.0
157.0
156.75
156.75
157.0
157.75
158.25
158.25
158.0
157.25
157.25
155.75
158.25
158.25
155.25
157.0
157.0
159.5
159.5
159.5
158.25
158.25
158.25
158.75
159.0
159.0
158.75
158.75
158.75
158.75
158.75
159.0
159.0
159.0
158.75
160.75
160.75
159.5
159.0
159.0
160.0
159.0
159.0
159.5
159.25
159.25
160.0
159.25
159.25
160.0
158.25
158.25
158.5
158.75
158.75
158.5
159.5
159.5
158.75
158.5
158.5
158.75
158.75
158.75
157.75
158.5
158.5
158.25
159.0
159.0
159.25
158.75
158.75
158.5
159.0
159.0
158.75
158.75
158.75
158.25
158.75
158.75
159.25
160.5
160.5
159.5
161.25
161.25
157.75
158.75
158.75
159.0
159.0
158.75
158.75
158.5
160.0
160.0
158.25
160.0
160.0
157.5
159.5
159.5
158.75
157.75
157.75
159.25
157.25
157.25
157.75
159.25
159.25
159.0
159.25
159.25
159.0
156.75
156.75
159.5
159.5
159.5
158.75
158.5
158.5
158.5
158.25
158.75
158.75
159.0
160.0
160.0
157.5
159.5
159.5
159.5
160.25
158.75
158.75
160.0
160.5
159.0
159.0
159.5
160.25
160.25
159.5
159.5
158.25
159.25
158.5
158.5
159.25
159.5
159.5
158.75
159.5
159.5
159.25
159.25
159.25
159.0
159.0
160.0
160.75
160.25
160.25
159.0
159.0
159.0
159.5
159.0
159.0
159.0
159.0
159.0
158.0
158.0
159.0
159.0
159.0
159.0
159.0
159.25
159.25
159.25
160.25
159.5
159.5
158.75
158.5
158.5
158.25
158.0
158.0
158.5
157.75
157.75
156.75
156.5
156.5
157.25
157.5
157.5
157.75
156.25
156.25
156.25
157.0
157.0
157.75
157.75
157.75
155.75
155.75
153.5
153.5
147.25
147.25
147.25
147.25
147.25
147.25
147.25
147.25
158.0
158.0
157.75
157.0
157.0
158.75
157.75
157.75
158.5
158.5
158.5
157.5
156.75
156.75
156.75
156.75
156.5
156.0
156.0
156.25
155.75
155.75
155.0
156.0
156.0
155.5
155.5
154.25
154.5
154.5
154.75
154.75
153.0
152.75
152.75
153.75
153.75
151.0
152.25
152.25
151.0
151.0
149.75
149.75
149.75
147.75
150.0
150.0
149.5
149.5
149.5
149.5
149.5
149.5
149.5
149.5
149.5
149.5
149.5
149.5
149.5
149.5
149.5
149.5
149.39655172413794
149.29310344827587
149.18965517241378
149.08620689655172
148.98275862068965
148.8793103448276
148.77586206896552
148.67241379310346
148.56896551724137
148.4655172413793
148.36206896551724
148.25862068965517
148.1551724137931
148.05172413793105
147.94827586206895
147.8448275862069
147.74137931034483
147.63793103448276
147.5344827586207
147.43103448275863
147.32758620689654
147.22413793103448
147.1206896551724
147.01724137931035
146.91379310344828
146.81034482758622
146.70689655172413
146.60344827586206
146.5
146.5
147.75
147.75
150.25
150.25
150.25
150.25
150.25
150.75
152.5
152.5
153.75
153.75
151.75
152.5
152.5
151.25
151.25
151.25
151.25
151.25
151.25
151.25
151.25
151.25
151.25
151.25
151.5
151.5
151.5
151.5
146.61363636363637
141.72727272727272
136.8409090909091
131.95454545454544
127.06818181818181
122.18181818181819
117.29545454545455
112.4090909090909
107.52272727272727
102.63636363636363
97.75
97.75
97.75
97.75
97.75
97.75
97.0
97.0
97.0
97.0
97.0
97.0
97.0
96.75
96.75
96.75
96.75
96.75
96.75
96.75
96.75
96.75
96.75
97.0
98.5875
100.175
101.7625
103.35
104.9375
106.525
108.1125
109.7
111.2875
112.875
114.4625
116.05
117.6375
119.225
120.8125
122.4
123.9875
125.575
127.1625
128.75
130.3375
131.925
133.5125
135.1
136.6875
138.275
139.8625
141.45
143.0375
144.625
146.2125
147.8
149.3875
150.975
152.5625
154.15
155.73749999999998
157.325
158.9125
160.5
161.0
161.0
163.25
160.0
161.25
161.25
159.25
159.0
159.0
158.75
159.5
159.5
160.25
160.25
160.25
160.25
160.25
160.25
160.25
160.25
160.25
160.25
160.25
160.25
160.5
165.5
165.5
165.5
161.0
161.75
161.75
162.75
162.75
162.5
162.75
162.75
163.5
164.5
163.25
163.25
161.25
163.75
163.75
162.0
159.5
159.5
159.5
160.5
160.5
160.5
160.5
160.5
159.5
160.5
160.5
160.25
158.75
158.75
159.25
160.0
160.0
160.25
160.75
160.75
160.25
158.75
158.75
158.25
158.75
158.75
159.25
159.25
160.5
160.5
160.5
160.5
160.5
160.5
160.5
160.5
160.5
160.5
160.5
160.5
160.5
160.5
160.5
