126.25
126.25
128.5
129.0
129.0
127.0
127.0
128.5
128.5
127.25
127.25
127.5
127.5
127.25
127.25
127.25
127.25
127.0
127.0
127.25
127.25
128.0
128.5
128.5
128.0
128.0
128.0
128.0
128.5
128.5
128.5
128.5
128.5
128.5
128.5
128.25
128.25
129.75
129.75
129.75
129.75
129.75
129.75
129.75
129.75
129.75
129.75
129.75
129.0
129.0
130.25
130.25
130.75
130.75
130.75
130.75
131.5
131.5
130.75
130.75
130.75
130.75
130.75
130.75
130.75
130.75
130.75
130.75
130.75
130.75
130.75
131.0
131.0
131.0
131.0
130.75
130.72435897435898
130.69871794871796
130.67307692307693
130.64743589743588
130.62179487179486
130.59615384615384
130.57051282051282
130.5448717948718
130.51923076923077
130.49358974358975
130.46794871794873
130.44230769230768
130.41666666666666
130.39102564102564
130.3653846153846
130.3397435897436
130.31410256410257
130.28846153846155
130.26282051282053
130.23717948717947
130.21153846153845
130.18589743589743
130.1602564102564
130.1346153846154
130.10897435897436
130.08333333333334
130.05769230769232
130.03205128205127
130.00641025641025
129.98076923076923
129.9551282051282
129.92948717948718
129.90384615384616
129.87820512820514
129.85256410256412
129.82692307692307
129.80128205128204
129.77564102564102
129.75
129.75
129.25
129.25
130.0
129.25
129.25
129.0
129.0
128.0
128.0
128.0
128.0
127.0
127.0
127.5
127.5
127.25
127.25
127.25
127.25
127.25
127.25
127.25
127.75
127.75
128.75
128.75
129.25
129.25
129.25
129.25
129.0
129.0
129.0
130.5
130.5
130.25
130.25
130.75
130.75
130.5
130.5
130.25
130.25
130.25
129.75
129.75
129.75
129.75
130.0
130.0
129.75
129.75
129.0
129.0
129.0
129.0
128.75
128.5
128.5
129.0
129.0
129.0
129.0
129.5
129.5
129.5
129.5
129.25
129.25
129.5
130.25
130.25
129.75
129.75
130.0
130.0
130.75
130.75
130.75
130.75
131.25
132.0
132.0
132.75
132.75
132.75
132.75
132.0
132.0
130.5
130.5
130.25
129.5
129.5
129.75
129.75
130.25
130.25
130.75
130.75
131.5
131.75
131.75
132.5
132.5
133.5
133.5
133.75
133.75
134.0
134.75
134.75
134.75
134.75
134.25
134.25
133.75
133.75
132.75
132.75
132.75
132.75
132.75
131.75
131.75
131.5
131.5
131.75
131.75
131.75
131.5
131.5
131.25
131.25
131.75
131.75
133.5
133.5
134.0
134.25
134.25
134.5
134.5
134.0
134.0
134.5
134.75
134.75
133.75
133.75
133.5
133.5
133.0
133.0
132.75
132.75
132.75
132.0
132.0
131.5
131.5
131.5
133.25
133.25
132.75
131.75
131.75
131.0
131.0
129.25
129.25
127.75
127.75
125.25
125.25
125.5
125.5
125.75
125.75
124.5
124.5
125.25
125.25
126.25
127.25
127.25
128.0
128.0
128.5
128.5
128.0
128.0
128.0
132.0
132.0
131.75
131.75
132.0
132.0
133.0
133.0
132.25
132.25
132.0
132.0
132.75
133.0
133.0
132.75
132.75
132.75
132.75
133.75
133.75
133.5
132.75
132.75
132.0
132.0
131.75
131.75
131.75
131.75
132.5
132.75
132.75
131.5
131.5
131.75
131.75
131.0
131.0
131.5
131.5
131.0
130.75
130.75
130.75
130.75
132.25
132.25
131.75
131.75
130.25
130.25
130.75
132.0
132.0
131.5
131.5
131.5
131.5
130.0
130.0
129.0
129.0
129.5
129.5
129.5
129.5
129.0
129.0
130.25
130.25
130.75
130.75
130.0
129.5
129.5
131.0
131.0
131.5
131.5
132.0
132.0
132.0
132.0
132.5
132.0
132.0
132.25
132.25
132.75
132.75
132.75
132.75
132.25
131.75
131.75
131.75
132.75
132.75
131.5
131.5
132.75
132.75
132.75
133.75
133.75
134.25
134.25
132.5
132.5
132.0
132.0
131.5
131.0
131.0
131.0
130.75
130.75
131.5
131.5
130.5
130.5
129.75
129.75
130.25
131.75
131.75
130.5
130.5
131.0
131.0
131.5
131.5
131.75
131.0
131.0
130.75
130.75
130.75
130.75
130.5
130.5
129.75
129.75
130.25
130.25
129.75
129.75
129.75
130.25
130.25
130.25
130.25
130.75
130.75
130.25
130.25
129.5
130.75
130.75
132.25
132.25
132.75
132.75
132.75
132.75
132.25
133.25
133.25
134.25
134.25
134.75
134.75
134.75
134.5
134.5
134.0
134.0
133.5
133.5
133.25
133.25
133.75
133.75
131.75
132.25
132.25
132.75
132.75
131.0
131.0
132.0
132.0
132.5
132.75
132.75
132.75
132.75
132.0
132.0
132.0
132.0
130.5
130.5
132.0
130.75
130.75
129.75
129.75
131.0
131.0
131.75
131.75
131.5
131.5
131.5
132.0
132.0
132.5
132.5
133.5
133.5
133.25
133.25
131.5
127.25
127.25
126.75
126.75
125.75
125.75
125.25
125.25
126.5
126.5
126.75
126.75
129.0
129.0
130.5
131.75
131.75
132.75
132.75
134.25
134.25
134.0
134.0
134.25
134.75
134.75
133.5
133.5
134.75
134.75
134.25
133.5
133.5
133.5
133.5
133.75
133.75
134.25
134.25
134.5
133.5
133.5
133.5
133.5
134.0
134.0
133.5
133.5
132.75
133.5
133.5
133.0
133.0
133.25
133.25
133.5
133.5
133.0
132.75
132.75
132.0
132.0
132.0
132.0
132.5
132.5
132.75
133.75
133.75
134.75
134.75
134.75
134.75
135.0
135.0
134.25
136.5
136.5
134.25
134.25
130.75
130.75
129.75
129.75
130.0
130.0
131.25
132.25
132.25
129.0
129.0
130.0
130.0
130.0
130.0
129.75
129.75
129.75
129.75
125.0
128.5
128.5
128.25
128.25
130.0
130.0
130.25
130.25
131.25
132.75
132.75
133.25
133.25
134.0
134.0
135.0
135.0
135.5
136.5
136.5
137.25
137.25
138.5
139.5
139.5
140.75
140.75
141.0
141.0
141.25
141.75
141.75
142.0
142.0
142.0
142.0
142.0
139.75
139.75
138.5
138.5
138.5
138.0
138.0
137.5
137.5
137.5
137.5
137.5
137.5
137.5
137.25
137.25
137.5
137.25
137.25
137.5
137.5
137.5
137.5
138.5
138.5
138.5
136.75
136.75
136.75
136.75
137.5
139.5
139.5
139.0
139.0
138.75
138.75
138.5
139.0
139.0
139.25
139.25
138.5
139.5
139.5
139.5
139.5
139.75
139.75
140.75
140.25
140.25
142.25
142.25
142.5
143.25
143.25
143.75
143.75
143.0
143.75
143.75
142.0
142.0
143.5
147.0
147.0
145.75
145.75
145.75
145.75
145.75
145.75
146.0
146.0
146.0
146.5
146.5
146.0
146.0
145.25
145.25
145.25
145.25
145.75
145.0
145.0
143.5
143.5
143.5
143.5
143.5
143.5
143.5
143.5
143.5
143.5
143.5
143.5
143.5
143.5
143.5
143.5
143.5
143.5
142.85
142.2
141.55
140.9
140.25
139.6
138.95
138.3
137.65
137.0
136.35
135.7
135.05
134.4
133.75
133.1
132.45
131.8
131.15
130.5
129.85
129.2
128.55
127.9
127.25
126.6
125.95
125.3
124.65
124.0
124.0
124.0
124.25
124.25
123.5
123.5
125.25
125.75
125.75
125.25
125.25
125.0
125.0
125.25
125.25
125.25
125.25
125.25
125.25
125.5
125.5
125.5
125.25
130.25
130.25
130.25
129.5
129.5
127.5
127.5
124.5
124.5
124.5
124.5
124.5
124.5
124.5
124.5
124.5
124.5
124.5
124.5
124.5
124.5
124.5
124.5
124.5
123.65277777777777
122.80555555555556
121.95833333333333
121.11111111111111
120.26388888888889
119.41666666666667
118.56944444444444
117.72222222222223
116.875
116.02777777777777
115.18055555555556
114.33333333333333
113.48611111111111
112.63888888888889
111.79166666666667
110.94444444444444
110.09722222222223
109.25
109.25
109.25
111.0
113.5
113.5
113.5
113.5
113.5
113.5
113.5
113.25
113.25
113.25
113.25
113.25
113.25
114.75
116.25
117.75
119.25
120.75
122.25
123.75
123.75
124.5
124.5
125.0
125.0
130.5
130.5
132.0
134.25
134.25
135.0
135.0
135.5
135.5
136.25
137.5
137.5
138.5
138.5
139.5
139.5
139.75
138.75
138.75
138.75
137.5
137.5
140.0
140.0
140.25
140.25
140.75
140.75
141.0
142.25
142.25
143.25
144.25
144.25
143.5
143.5
142.5
142.5
141.25
141.25
141.25
138.75
138.75
139.75
140.0
140.0
140.0
140.0
140.0
140.0
140.0
140.0
140.0
146.0
147.0
147.0
147.25
147.25
148.5
149.25
149.25
147.0
148.25
148.25
148.5
148.5
149.5
149.75
149.75
149.75
149.75
149.75
149.75
150.0
150.0
150.0
150.0
149.75
149.75
148.5
149.0
149.0
146.25
144.25
144.25
141.75
141.75
139.0
139.0
131.5
131.5
132.75
132.75
130.0
130.0
129.25
130.0
130.0
130.0
130.0
130.0
130.0
130.0
130.0
131.0
131.0
130.5
130.5
129.5
129.0
129.0
126.75
126.75
126.75
126.75
126.25
126.25
127.0
127.0
127.25
127.25
128.5
128.5
129.0
130.75
130.75
130.75
130.75
130.75
130.75
131.0
131.0
131.0
131.0
140.25
140.25
140.75
140.75
141.25
141.25
141.25
142.75
142.75
144.5
144.5
143.5
145.5
145.5
147.5
147.5
148.25
149.0
149.0
149.5
148.5
148.5
148.5
148.5
148.0
148.75
148.75
148.75
149.5
149.5
150.0
150.0
151.75
153.25
153.25
152.5
153.0
153.0
153.5
152.5
152.5
154.5
154.5
153.25
152.25
152.25
151.0
150.0
150.0
148.75
148.75
147.0
146.75
146.75
145.75
145.75
144.0
143.25
143.25
141.75
141.75
143.25
143.25
143.25
125.75
125.75
126.25
126.25
127.0
127.0
129.5
129.5
131.5
131.5
132.25
131.75
131.75
131.75
131.75
131.75
131.75
132.0
132.75
132.75
132.75
132.75
132.75
132.75
132.75
132.75
132.75
133.0
133.0
133.0
133.0
138.5
140.25
140.25
137.5
137.5
137.5
146.25
146.25
140.25
140.25
141.75
141.75
144.0
144.0
144.5
144.5
144.25
140.5
140.5
143.5
143.5
143.0
143.25
143.25
144.0
144.0
144.0
146.0
146.0
145.0
145.25
145.25
145.75
146.5
146.5
146.0
146.0
146.0
146.0
146.0
144.75
144.75
143.5
143.5
140.0
136.0
136.0
134.75
134.75
134.25
134.25
133.0
133.0
131.5
131.5
130.0
129.5
129.5
129.0
129.0
128.0
128.0
127.75
127.75
125.25
125.25
124.0
124.0
123.5
123.5
122.25
122.25
122.5
122.5
122.0
122.0
121.5
121.5
120.25
120.25
119.25
120.0
120.0
121.25
121.25
121.0
121.0
120.75
120.75
121.0
121.0
122.0
122.0
123.5
123.5
125.0
125.0
126.25
126.25
126.0
126.0
126.75
126.75
127.0
127.0
128.0
128.0
128.25
128.25
126.75
126.75
126.25
126.25
125.5
125.75
125.75
126.75
126.75
126.25
126.25
125.5
125.5
125.75
125.75
126.25
126.25
126.75
126.75
125.5
125.5
124.75
124.75
125.5
125.5
125.0
124.5
124.5
124.0
124.0
123.5
123.5
123.75
123.75
123.5
123.5
123.5
123.5
123.25
123.25
123.0
123.0
123.5
123.5
124.25
124.25
123.0
122.75
122.75
124.5
124.5
124.5
124.5
124.75
124.75
124.75
125.0
125.25
125.25
125.25
125.25
126.5
126.5
127.5
127.5
127.5
127.5
127.25
127.25
127.5
127.5
127.25
127.5
127.5
126.25
126.25
124.0
124.0
125.0
125.0
125.75
125.75
126.25
126.25
127.25
127.25
128.75
128.75
130.0
131.25
131.25
131.0
131.0
131.25
131.25
131.25
131.25
131.25
131.75
131.75
131.5
131.5
131.75
131.75
131.5
131.5
131.0
131.0
131.25
130.75
130.75
130.75
130.75
130.75
130.75
130.5
130.5
129.75
129.75
129.75
129.75
130.0
130.0
129.75
129.0
129.0
128.5
128.5
128.0
128.0
128.0
128.0
128.25
128.25
126.25
126.25
126.75
126.75
127.25
126.5
126.5
126.75
126.75
126.5
126.5
127.0
127.0
127.0
127.0
127.0
127.0
126.75
126.75
126.5
126.5
126.5
127.0
127.0
126.0
126.0
125.25
125.25
125.0
125.0
125.0
125.0
125.25
125.25
125.0
125.0
125.0
125.0
125.25
125.25
124.5
124.5
124.5
124.5
124.0
124.0
124.0
124.5
124.5
125.0
125.0
125.25
125.25
126.0
126.0
126.25
126.25
127.25
127.25
126.5
126.5
127.0
127.25
127.25
128.0
128.0
128.5
128.5
128.5
128.5
128.5
128.5
129.0
129.0
128.75
128.75
128.75
128.5
128.5
129.0
129.0
129.75
129.75
130.75
130.75
131.5
131.5
132.0
132.25
132.25
132.5
132.5
133.0
132.25
132.25
132.25
132.25
131.0
129.5
129.5
129.5
129.0
129.0
128.25
128.25
128.0
128.0
128.25
128.25
128.5
128.5
128.5
127.75
127.75
128.5
128.5
128.5
128.5
129.0
129.0
129.0
129.0
129.5
129.5
129.75
130.0
130.0
130.0
129.5
129.25
129.25
129.5
129.5
129.5
129.5
130.5
131.25
131.25
132.0
132.0
131.5
131.5
131.0
131.0
129.5
129.5
128.5
128.5
128.5
128.25
128.25
129.0
129.0
129.0
129.0
129.25
129.25
130.0
130.0
130.25
130.75
130.75
130.75
130.75
130.0
130.0
129.5
129.5
129.25
129.25
129.25
129.25
128.0
128.0
128.5
128.75
128.75
128.5
128.5
128.75
128.75
128.5
128.5
128.5
128.5
129.0
129.0
129.5
129.5
129.5
130.25
130.25
130.0
130.0
130.0
130.0
130.0
130.0
129.75
130.25
130.25
130.75
130.75
131.25
131.25
131.5
131.5
130.75
130.75
131.5
131.25
131.25
131.25
131.25
130.25
130.25
130.25
130.25
130.25
130.25
130.75
132.75
132.75
132.0
132.0
131.25
131.25
130.25
130.25
131.5
131.5
131.5
131.5
131.5
131.25
131.25
131.25
131.25
131.75
131.75
131.75
131.75
131.75
132.5
132.5
131.5
131.5
131.0
131.0
130.25
130.25
130.5
130.5
129.0
129.0
129.0
129.0
129.0
129.0
129.0
128.75
128.75
128.75
128.75
129.5
129.5
129.5
129.5
129.5
129.5
129.5
129.25
129.25
129.0
129.0
129.0
129.0
129.25
129.25
130.0
129.5
129.5
129.25
129.25
128.5
128.5
128.5
128.5
128.0
128.0
127.0
127.0
127.0
127.0
127.25
127.25
127.25
128.25
128.25
129.0
129.0
130.25
130.25
129.5
129.5
129.75
132.25
132.25
132.0
132.0
131.75
131.75
131.0
131.0
131.25
131.25
132.0
131.75
131.75
132.0
132.0
133.0
133.0
132.75
132.75
132.0
132.0
132.0
132.75
132.75
132.0
132.0
131.25
131.25
131.5
131.5
131.25
131.5
131.5
131.25
131.25
131.5
131.5
131.75
131.75
131.5
131.5
131.75
131.75
131.75
132.0
132.0
132.5
132.5
132.5
132.5
132.25
132.5
132.5
133.5
133.5
133.5
133.5
133.25
133.25
133.5
133.25
133.25
133.0
133.0
132.75
132.75
132.0
132.0
131.5
131.0
131.0
131.75
131.75
131.75
131.75
131.25
131.25
130.75
130.75
131.0
131.75
131.75
131.5
131.5
131.0
131.0
130.75
130.75
130.25
130.25
130.25
130.25
130.25
130.25
130.25
130.0
130.0
130.5
130.5
131.0
131.0
131.5
130.0
130.0
131.25
131.25
130.75
130.75
130.25
130.25
130.25
130.25
130.25
130.25
130.25
130.75
130.75
131.0
131.0
130.75
130.75
130.25
130.25
130.25
130.25
130.0
130.75
130.75
130.75
130.75
132.75
132.75
132.5
132.5
132.5
132.0
132.0
133.0
133.0
134.0
134.0
134.25
134.25
134.25
135.0
135.0
136.75
136.75
138.75
139.5
139.5
139.5
139.5
141.0
140.75
140.75
141.25
141.25
143.25
143.25
144.0
144.0
144.0
144.25
145.0
145.0
145.5
145.5
147.25
147.75
147.75
147.75
147.75
148.0
148.5
148.5
149.0
149.25
149.25
149.75
149.75
150.5
150.25
150.25
150.75
150.5
150.5
151.0
150.75
150.75
151.25
151.25
152.0
152.75
152.75
153.25
153.75
153.75
153.75
153.75
153.75
154.75
155.0
155.0
155.0
155.0
154.75
154.5
154.5
154.25
155.25
155.25
155.25
155.5
155.5
155.5
155.0
155.0
154.5
154.5
153.75
153.25
153.25
152.75
152.75
152.5
152.5
152.5
150.0
151.25
151.25
151.25
151.5
151.5
151.75
151.75
151.75
151.0
151.0
151.25
150.25
150.25
147.5
147.5
146.0
146.0
146.0
146.0
146.0
146.0
146.0
146.0
145.75
145.75
145.75
132.0
132.0
132.0
132.0
132.0
132.0
132.0
132.0
132.0
132.0
131.75
131.75
132.0
132.0
119.25
119.25
125.75
125.75
123.25
123.25
123.0
123.0
122.75
122.75
123.0
123.0
123.0
122.75
122.75
123.0
123.0
122.75
121.6
120.45
119.3
118.15
117.0
115.85
114.7
113.55
112.4
111.25
111.25
110.5
110.5
114.5
114.5
114.25
114.25
114.25
113.25
113.25
113.25
110.5
110.5
109.5
109.5
109.5
109.5
109.25
109.25
109.25
109.25
109.25
109.25
109.25
109.25
109.25
109.25
109.25
109.25
109.25
112.75
116.25
119.75
123.25
126.75
130.25
133.75
137.25
137.25
137.25
137.5
137.5
138.5
139.0
139.0
140.75
140.75
141.25
141.25
140.75
139.5
139.5
138.25
138.25
137.75
137.75
137.75
137.0
137.0
129.5
129.5
129.25
129.25
129.25
129.25
129.0
137.75
137.75
135.75
135.75
132.25
132.25
130.25
130.25
131.25
131.25
127.25
127.25
128.25
127.25
127.25
127.25
127.25
126.75
126.75
125.75
125.75
125.25
125.25
125.75
125.75
125.5
125.5
125.0
125.0
122.75
122.75
120.75
120.75
121.5
121.5
122.5
122.5
123.5
124.0
124.0
122.5
122.5
122.25
122.25
123.0
123.0
122.75
122.75
121.75
121.75
121.5
121.5
121.75
121.75
121.75
121.75
123.25
123.25
125.0
125.0
125.5
125.5
125.25
125.25
124.5
124.5
125.0
125.0
126.25
126.25
127.0
126.25
126.25
126.0
126.0
126.25
126.25
126.75
126.75
126.25
126.25
126.75
126.75
127.5
127.5
127.5
127.5
127.25
126.75
126.75
126.0
126.0
125.75
125.75
126.0
126.0
127.25
127.25
128.5
128.5
126.25
126.25
124.75
124.75
126.5
126.5
123.5
123.5
122.5
122.5
121.75
121.75
122.25
122.25
122.75
122.75
122.75
123.25
123.25
122.75
122.75
121.75
121.75
121.75
121.75
122.75
122.75
120.5
120.5
118.25
118.25
118.5
118.5
119.25
119.25
120.25
120.25
121.5
121.5
124.0
124.0
122.25
122.25
121.25
121.25
122.75
122.75
123.0
123.0
124.0
124.0
123.5
123.5
122.25
122.25
123.0
123.0
126.0
126.0
125.75
125.75
126.5
124.5
124.5
124.0
124.0
122.5
122.5
121.25
121.25
121.5
121.5
121.25
121.25
120.75
120.75
120.25
120.25
119.25
119.25
118.5
118.5
119.25
119.25
120.0
120.0
120.0
120.0
122.0
122.0
121.75
121.75
120.5
120.5
121.5
121.5
121.25
121.25
120.0
120.0
120.25
120.25
121.5
121.5
122.0
122.0
123.0
123.0
124.25
124.25
123.0
123.0
122.5
122.5
123.0
123.0
122.25
122.25
121.75
121.75
121.5
121.5
121.75
121.75
122.5
122.5
123.0
123.0
123.75
123.75
122.75
122.75
122.25
122.25
122.75
122.75
122.5
122.5
122.75
122.75
122.25
122.25
123.25
123.75
123.75
124.0
124.0
123.5
123.5
123.0
123.0
123.0
123.0
122.75
122.75
123.75
123.75
124.0
124.0
123.75
123.75
125.0
125.0
124.25
124.25
124.5
124.5
124.0
124.0
123.5
123.5
123.5
123.5
124.0
125.0
125.0
125.5
125.5
124.0
124.0
123.25
123.25
123.0
123.0
123.5
123.5
123.25
123.25
124.0
124.0
124.0
124.0
123.5
123.5
124.5
124.5
125.25
125.25
125.75
125.75
125.75
125.75
125.5
125.25
125.25
125.25
125.25
123.75
123.75
123.5
123.5
123.0
123.0
123.0
123.0
123.0
123.0
123.5
123.5
124.25
124.25
124.25
124.25
124.5
124.5
124.75
124.75
125.0
125.0
125.75
125.75
125.25
124.75
124.75
124.5
124.5
123.5
123.5
124.75
124.75
125.0
125.0
125.75
125.75
126.5
126.5
126.5
126.5
125.75
125.75
126.5
126.5
127.25
127.25
125.25
125.25
125.25
124.5
124.5
125.75
125.75
126.0
126.0
127.25
127.25
129.5
129.5
129.5
129.5
129.0
129.0
128.25
127.25
127.25
126.5
126.5
127.0
127.0
127.0
127.0
125.75
125.75
125.25
125.25
124.5
124.5
124.5
124.5
124.25
124.25
124.75
124.75
125.0
125.0
126.25
126.0
126.0
125.25
125.25
125.0
125.0
125.25
125.25
125.25
125.25
126.0
126.0
125.75
125.75
126.75
126.75
127.0
127.0
126.0
126.0
125.25
125.0
125.0
125.75
125.75
125.0
125.0
125.5
125.5
126.25
126.25
125.75
125.75
126.25
126.25
126.25
126.25
127.0
127.0
126.75
126.75
126.25
126.25
125.0
124.75
124.75
125.25
125.25
124.5
124.5
125.25
125.25
125.75
125.75
127.25
127.25
127.0
127.0
128.25
128.25
128.0
128.0
128.0
128.0
128.0
126.75
126.75
126.5
126.5
127.5
127.5
128.0
128.0
128.5
128.5
128.75
128.75
127.75
128.0
128.0
128.5
128.5
129.0
129.0
129.75
129.75
129.0
129.0
129.0
129.0
129.5
129.75
129.75
130.25
130.25
129.75
129.75
129.5
129.5
129.75
129.75
129.0
129.0
129.25
129.25
129.25
129.5
129.5
129.0
129.0
128.75
128.75
128.75
128.75
128.0
128.0
127.0
127.0
128.0
128.75
128.75
129.0
129.0
129.5
129.5
129.5
129.5
129.0
129.0
129.0
129.0
129.75
130.5
130.5
130.25
130.25
129.75
129.75
129.0
129.0
129.0
129.0
128.25
128.25
127.25
127.0
127.0
127.25
127.25
128.0
128.0
129.5
129.5
129.5
129.5
129.0
129.0
129.25
129.25
130.25
129.5
129.5
129.25
129.25
129.0
129.0
129.5
129.5
130.25
130.25
130.25
130.75
130.75
130.25
130.25
130.25
130.25
130.25
130.25
129.75
129.75
130.25
130.25
130.25
130.5
130.5
131.75
131.75
132.0
132.0
133.0
133.0
133.5
133.5
133.75
134.25
134.25
135.0
135.0
135.0
135.5
135.5
135.5
136.75
138.75
138.75
138.5
138.5
138.5
141.25
142.0
142.0
142.0
142.0
141.0
141.0
141.0
138.5
134.5
134.5
133.75
133.75
134.75
134.75
132.5
132.5
132.25
131.75
131.75
130.5
131.5
131.5
131.5
131.5
131.5
130.5
130.25
130.25
131.0
131.0
130.0
130.0
129.0
129.0
125.5
125.5
124.5
124.5
124.5
124.5
124.5
124.5
124.5
124.5
124.25
124.25
124.25
123.25
123.25
125.0
125.0
126.0
126.0
126.0
126.0
126.0
126.0
125.75
125.75
125.75
125.75
125.75
125.75
125.75
125.75
126.0
121.35
116.7
112.05
107.4
102.75
102.75
102.25
102.25
102.25
102.25
102.25
102.25
102.25
102.25
102.25
102.25
102.25
102.5
102.5
102.25
102.25
103.125
104.0
104.875
105.75
106.625
107.5
108.375
109.25
110.125
111.0
111.0
111.0
111.0
110.75
110.75
110.75
110.75
110.75
110.75
110.75
110.75
110.75
110.75
110.75
110.75
111.0
111.0
111.0
111.0
111.0
112.04411764705883
113.08823529411765
114.13235294117646
115.17647058823529
116.22058823529412
117.26470588235294
118.30882352941177
119.3529411764706
120.3970588235294
121.44117647058823
122.48529411764706
123.52941176470588
124.57352941176471
125.61764705882354
126.66176470588235
127.70588235294117
128.75
128.75
129.75
129.75
129.75
129.75
129.5
129.5
129.5
129.5
129.0
126.25
126.25
126.25
126.25
126.25
126.25
126.25
126.25
126.25
126.25
126.25
126.25
126.25
132.4375
138.625
144.8125
151.0
151.0
152.5
151.25
151.25
151.25
151.25
151.25
151.5
151.5
151.5
151.5
151.25
151.25
151.25
151.25
150.64473684210526
150.03947368421052
149.43421052631578
148.82894736842104
148.22368421052633
147.6184210526316
147.01315789473685
146.4078947368421
145.80263157894737
145.19736842105263
144.5921052631579
143.98684210526315
143.3815789473684
142.77631578947367
142.17105263157896
141.56578947368422
140.96052631578948
140.35526315789474
139.75
144.0
144.0
145.25
145.25
146.0
145.25
145.25
143.0
143.0
143.0
143.0
142.75
142.75
142.75
142.75
143.0
143.0
143.0
143.0
139.0
135.0
131.0
127.0
127.0
135.0
135.0
140.75
140.75
143.25
143.75
143.75
144.0
144.0
143.25
143.25
143.25
140.0
140.0
136.75
136.75
135.0
135.0
133.75
133.75
131.75
130.75
130.75
129.75
129.75
129.25
129.25
129.0
129.0
131.25
131.25
131.5
132.5
132.5
132.0
132.0
132.0
132.0
130.75
130.75
133.75
134.0
134.0
133.5
133.5
134.0
134.0
133.25
133.25
132.75
132.5
132.5
132.5
132.5
131.25
131.25
131.5
131.5
131.25
131.25
132.25
132.75
132.75
132.75
132.75
133.5
133.5
131.5
131.5
131.5
131.5
131.5
131.5
131.5
131.5
131.75
131.75
132.0
132.0
131.5
131.5
130.5
130.0
130.0
129.75
129.75
130.75
130.75
131.0
131.0
130.5
130.5
130.5
129.0
129.0
128.25
128.25
128.5
128.5
128.5
128.5
128.0
128.0
128.5
128.5
128.5
128.5
128.0
127.5
127.5
126.5
126.5
127.25
127.25
126.25
126.25
125.25
125.25
125.0
125.0
124.5
124.5
124.25
124.25
124.5
124.5
124.5
124.5
124.5
124.5
123.75
123.75
122.25
122.25
123.25
123.25
122.75
122.75
122.5
124.25
124.25
125.0
125.0
124.5
124.5
123.75
123.75
124.75
124.75
125.0
125.0
124.75
124.75
124.5
124.5
124.25
124.25
125.0
125.0
125.0
125.0
125.0
125.0
125.0
125.0
124.75
125.0
125.0
125.25
125.25
125.25
125.25
125.5
125.5
125.25
125.25
124.0
124.0
124.0
124.0
124.0
124.0
124.5
124.5
125.0
125.0
125.0
125.0
125.0
124.75
124.25
124.25
125.0
125.0
125.0
125.25
125.25
125.25
125.25
125.75
125.75
125.75
125.75
125.75
125.75
126.0
126.0
125.5
125.5
125.75
125.75
125.75
125.75
125.75
126.0
126.0
125.75
125.75
125.5
125.5
125.25
125.25
126.0
126.0
126.0
126.0
126.0
126.0
126.5
126.5
126.5
126.75
126.75
127.25
127.25
127.25
127.25
126.25
126.25
126.25
126.25
126.25
126.25
126.25
126.25
126.5
126.75
126.75
126.75
126.75
126.75
126.75
126.25
126.25
125.75
125.75
125.75
125.75
125.75
125.75
126.25
126.25
126.5
126.5
126.25
126.25
126.0
126.0
126.0
125.75
125.75
125.75
125.75
125.75
125.75
125.0
125.0
124.5
124.5
124.0
124.0
125.0
125.0
124.5
124.5
124.5
124.5
125.0
125.0
125.0
125.75
125.75
126.25
126.25
126.75
126.75
127.0
127.0
126.5
126.5
127.25
127.25
127.75
127.75
128.5
128.75
128.75
129.0
129.0
128.75
128.75
128.75
128.75
128.5
128.5
128.25
128.25
127.75
127.75
127.25
127.25
127.25
127.25
127.25
127.25
127.25
126.5
126.5
127.0
127.0
126.75
126.75
127.25
127.25
128.0
128.0
128.0
127.75
127.75
127.5
127.5
127.25
127.25
127.75
127.75
127.5
127.5
127.25
127.25
127.75
127.75
127.5
127.25
127.25
127.0
127.0
128.0
128.0
128.0
128.0
128.0
128.0
128.0
128.0
128.25
128.25
128.25
128.0
128.0
127.5
127.5
127.75
127.75
127.5
127.5
127.75
127.75
128.0
128.0
128.5
128.25
128.25
128.75
128.75
128.5
128.5
128.5
128.5
129.0
129.0
128.75
128.75
128.5
128.5
127.5
127.25
127.25
127.25
127.25
127.25
127.25
128.0
128.0
128.25
128.25
128.5
128.5
129.0
129.0
128.5
128.5
128.5
128.0
128.0
127.75
127.75
128.5
128.5
128.25
128.25
128.0
128.0
128.0
128.0
128.0
128.0
129.25
129.5
129.5
129.75
129.75
130.0
130.0
129.75
129.75
129.5
129.5
129.0
128.5
128.5
129.0
129.0
129.0
129.0
129.0
129.0
128.5
128.5
127.75
127.75
128.5
128.75
128.75
128.5
128.5
128.5
128.5
128.5
128.5
128.25
128.25
128.25
128.5
128.5
128.5
128.5
128.5
128.5
129.65
130.8
131.95
133.1
134.25
134.25
135.5
135.5
135.75
136.0
136.0
137.5
137.5
137.5
137.75
137.75
137.5
137.75
137.75
138.0
138.0
138.0
138.0
138.5
139.25
139.25
137.25
137.25
136.0
136.0
133.75
133.75
126.25
126.25
126.25
126.25
126.25
126.25
126.25
126.25
126.5
126.5
126.25
126.25
126.25
126.25
126.25
127.25
127.25
128.0
128.0
128.75
130.25
130.25
134.25
134.25
135.75
135.75
136.0
136.75
136.75
137.0
137.0
135.75
135.75
133.5
133.5
131.75
131.75
129.0
128.25
128.25
128.5
128.5
127.75
127.75
127.5
127.5
128.5
128.5
128.5
128.5
128.5
128.5
128.5
128.5
128.5
132.5
132.5
135.25
135.25
135.25
135.25
135.5
132.25
132.25
132.75
132.75
133.0
133.0
133.25
133.5
133.5
134.25
134.25
135.0
135.0
135.75
136.75
136.75
136.75
136.75
136.75
136.75
136.75
136.75
136.75
145.25
145.25
144.5
144.5
147.25
147.25
147.25
148.5
148.5
148.0
148.0
148.75
148.75
149.25
149.75
149.75
149.25
149.25
147.25
145.0
145.0
141.5
141.5
140.0
140.0
135.25
135.25
129.0
128.0
128.0
127.25
127.25
125.25
125.25
124.0
124.0
125.25
125.25
130.0
130.0
134.25
137.0
137.0
138.5
138.5
140.0
142.0
142.0
143.75
143.75
144.75
146.5
146.5
147.5
147.5
147.25
148.0
148.0
147.0
152.5
152.5
153.5
153.5
151.25
155.5
155.5
154.0
154.0
154.0
156.25
156.75
156.75
157.25
156.25
156.25
157.5
157.5
158.25
154.0
154.0
154.25
155.75
155.75
156.75
155.5
155.5
154.0
149.75
151.25
151.25
151.25
151.25
151.25
151.5
151.5
151.5
151.5
151.25
151.25
138.75
138.75
138.75
140.75
141.0
141.0
143.25
142.5
142.5
142.0
142.0
142.0
142.0
142.0
142.5
143.5
143.5
145.0
146.25
146.25
145.0
145.0
141.75
141.75
140.75
141.5
141.5
140.5
140.5
141.25
142.0
142.0
142.75
142.75
143.25
144.25
144.25
145.5
148.0
148.0
149.0
149.0
150.0
150.0
150.25
150.25
150.5
150.25
150.25
151.75
152.0
152.0
154.25
154.5
154.5
156.0
154.25
154.25
153.75
153.75
156.0
156.0
157.25
157.25
157.0
157.0
157.0
157.25
157.0
157.0
157.25
157.25
155.75
155.0
155.0
157.0
158.0
158.0
158.0
157.75
157.75
155.75
156.0
156.0
156.5
157.25
157.25
155.75
156.25
156.25
156.25
158.0
158.0
159.25
158.75
158.75
158.25
158.25
158.25
157.0
157.0
156.75
158.25
158.25
158.75
159.5
159.5
159.0
158.75
158.75
155.0
155.0
155.75
155.75
155.5
156.25
156.25
156.25
156.25
156.25
157.0
158.0
158.0
158.25
156.25
156.25
154.25
154.25
153.25
154.75
154.75
154.5
154.25
154.25
154.5
154.25
154.25
154.75
155.5
155.5
155.75
156.0
156.0
156.75
156.75
156.75
157.0
157.0
156.5
156.25
156.25
156.0
155.75
155.75
155.75
155.75
155.75
155.25
155.0
155.0
155.0
155.0
154.25
154.0
154.0
154.5
154.5
154.5
154.5
153.25
153.25
153.25
150.25
150.25
154.5
154.5
154.0
153.75
153.75
153.25
153.0
153.0
152.75
152.75
152.75
152.25
152.25
151.5
151.0
151.0
151.5
151.5
151.5
151.5
151.5
151.25
151.5
151.5
150.25
150.25
150.25
149.0
149.0
147.75
146.0
146.0
146.25
146.25
145.5
144.25
144.25
143.0
143.0
142.0
142.0
142.0
140.75
140.75
139.25
139.25
138.25
138.5
138.5
138.5
138.5
137.5
137.5
136.75
136.75
136.75
136.75
136.75
135.75
135.75
135.75
135.75
133.0
133.0
132.75
132.75
132.75
132.75
133.0
133.0
133.0
133.25
133.25
133.5
133.5
133.5
139.5
140.75
140.75
143.0
143.0
143.0
142.5
142.5
142.5
142.5
142.5
142.5
142.5
142.5
142.5
143.25
143.25
144.25
144.25
144.25
144.75
144.75
146.0
146.0
146.75
146.75
147.75
147.75
148.25
147.0
147.0
146.25
146.25
145.25
145.0
145.0
146.75
146.75
147.0
147.25
147.25
147.75
148.0
148.0
148.0
148.0
147.75
147.0
147.0
147.0
147.0
147.75
148.0
148.0
147.5
147.0
147.0
147.5
147.5
148.5
150.0
150.0
151.5
152.5
152.5
152.25
152.25
152.25
152.25
152.25
154.5
154.5
154.5
154.5
154.5
154.5
154.5
154.5
154.25
154.25
157.75
157.75
158.25
159.25
159.25
158.5
158.5
158.5
158.0
158.0
159.25
158.25
158.25
156.5
156.5
154.75
152.5
152.5
150.75
150.75
150.25
149.75
149.75
149.25
148.75
148.75
149.0
149.0
149.0
148.0
148.0
148.25
148.5
148.5
147.5
147.5
145.0
143.25
143.25
141.75
141.75
143.0
142.75
142.75
144.0
144.0
144.75
146.25
146.25
147.75
147.75
149.25
150.0
150.0
151.25
151.5
151.5
151.0
151.5
151.5
152.0
152.0
153.25
153.75
153.75
154.25
154.25
154.25
155.0
154.75
154.75
154.75
154.25
154.25
154.5
154.5
154.5
153.5
153.5
152.75
152.75
152.75
152.5
152.75
152.75
152.75
152.75
152.0
152.25
152.25
152.25
152.0
152.0
152.25
152.25
152.25
152.25
153.75
153.75
153.25
152.5
152.5
152.25
152.5
152.5
151.75
151.75
151.5
150.0
150.0
148.5
147.75
147.75
147.25
147.25
146.5
145.5
145.5
145.0
145.0
145.0
144.5
144.5
142.5
142.5
142.5
142.25
142.25
141.75
141.75
140.75
140.75
140.5
140.25
140.25
140.5
140.5
140.25
139.5
139.5
139.5
139.5
139.5
139.5
139.25
138.5
138.5
138.0
138.0
137.5
137.5
137.5
137.75
137.75
138.0
138.0
137.5
137.5
137.5
137.5
137.5
137.25
137.25
137.5
137.5
137.5
137.75
137.75
138.25
138.25
137.5
137.5
136.25
136.0
136.0
136.0
136.0
136.5
136.5
136.25
135.75
135.75
135.75
135.75
136.75
136.75
137.0
137.0
136.75
136.75
136.75
137.25
137.25
137.5
137.25
137.25
137.25
137.25
137.25
137.25
137.5
137.5
137.75
135.75
135.75
136.5
136.5
136.25
136.25
135.75
135.0
135.0
134.75
134.75
135.0
135.0
135.0
135.0
134.75
134.0
134.0
132.25
132.25
129.5
129.5
128.0
128.0
127.0
127.0
127.0
127.0
127.0
127.0
127.0
126.75
126.75
128.5
128.5
128.5
128.5
129.5
129.5
131.5
131.5
132.0
132.5
132.5
132.75
132.75
135.0
137.25
137.25
139.75
139.75
141.5
141.5
142.25
142.75
142.75
143.25
143.25
143.75
146.0
146.0
146.5
149.0
149.0
149.0
149.0
149.0
149.0
149.0
149.0
149.0
143.0
139.0
139.0
136.75
136.75
136.0
136.0
134.25
134.25
132.0
131.5
131.5
129.25
129.25
128.25
128.25
128.0
128.0
126.0
126.0
126.0
126.0
125.75
125.75
125.25
125.25
126.25
126.25
126.25
126.25
126.25
126.25
126.75
127.25
127.25
128.0
128.0
127.5
127.5
127.5
127.5
128.25
128.25
128.0
128.0
127.75
128.0
128.0
128.5
128.5
128.0
128.0
128.0
128.0
128.0
128.0
129.0
129.0
130.25
130.25
129.75
130.25
130.25
131.25
131.25
130.0
130.0
129.0
129.0
128.5
128.5
129.5
130.5
130.5
131.0
131.0
131.0
131.0
130.25
130.25
129.25
129.25
129.25
129.25
129.25
129.25
129.0
129.5
129.5
128.0
128.0
128.0
128.0
127.75
127.75
127.75
127.75
128.0
128.0
128.0
128.5
128.5
130.5
130.5
128.5
128.5
129.5
129.5
129.5
129.5
129.75
129.75
130.0
129.75
129.75
129.75
129.75
129.25
129.25
127.75
127.75
128.0
128.0
126.25
127.25
127.25
126.75
126.75
126.0
126.0
128.0
128.0
127.25
127.25
128.75
128.75
129.5
129.5
129.0
129.0
128.5
128.5
128.5
129.0
129.0
129.75
129.75
132.5
133.5
133.5
133.0
133.0
133.0
133.0
134.25
134.25
134.5
134.5
134.5
134.5
134.5
134.5
134.5
134.5
134.5
134.5
134.5
134.5
134.5
134.25
134.25
134.5
135.475
136.45
137.425
138.4
139.375
140.35
141.325
142.3
143.275
144.25
144.25
144.5
144.5
144.25
144.25
143.25
142.25
142.25
142.0
142.0
141.5
142.25
142.25
142.0
142.0
142.0
142.0
142.0
142.0
142.0
141.75
141.75
141.75
141.75
141.75
141.75
148.25
148.25
148.25
148.25
148.25
148.25
148.25
148.25
148.25
148.25
148.25
148.25
148.25
148.25
148.5
122.75
126.5
126.5
125.5
125.5
125.75
125.75
125.75
125.75
125.75
125.75
125.75
125.75
126.0
126.0
126.0
126.0
126.0
126.0
126.0
126.0
126.78571428571429
127.57142857142857
128.35714285714286
129.14285714285714
129.92857142857142
130.71428571428572
131.5
131.5
132.0
130.0
130.0
128.75
128.75
128.5
128.5
128.5
128.5
128.5
128.5
128.25
128.25
128.25
128.25
138.0
139.0
139.0
136.75
136.75
141.75
140.0
140.0
138.75
138.75
133.25
139.25
139.25
140.75
140.75
138.25
142.5
142.5
145.0
145.0
147.0
148.5
148.5
149.75
150.75
150.75
152.25
151.5
151.5
152.5
153.0
153.0
153.0
153.25
153.25
151.75
151.75
152.0
150.0
150.0
142.25
135.0
135.0
135.25
135.25
134.0
134.0
131.5
130.75
130.75
130.75
130.25
130.25
130.75
130.75
129.0
129.0
128.0
128.0
128.0
128.0
129.0
129.0
126.5
126.5
122.75
122.75
122.75
118.0
118.0
116.0
116.0
118.75
118.75
127.75
127.75
131.75
131.75
130.25
130.25
127.75
127.75
126.25
126.25
129.5
130.75
130.75
130.75
132.5
132.5
130.5
130.5
127.25
127.25
126.75
126.75
126.25
126.25
122.0
122.0
124.25
124.25
124.75
124.75
125.25
125.25
125.25
125.75
125.75
124.5
124.5
123.75
123.75
123.0
123.0
123.5
123.5
123.25
123.25
122.25
122.25
122.25
122.25
122.25
122.25
122.5
122.5
122.25
122.25
123.5
123.5
123.0
123.0
122.0
122.0
122.5
122.5
124.5
127.0
127.0
129.5
129.5
132.75
132.75
136.25
137.25
137.25
138.5
138.5
138.0
138.0
140.75
141.5
141.5
142.25
142.25
143.0
143.0
143.0
143.75
145.25
145.25
146.5
146.5
147.0
148.75
148.75
146.75
146.75
150.0
150.0
150.0
151.5
153.0
153.0
155.25
155.25
155.0
155.0
156.0
153.75
153.75
151.25
151.25
145.0
145.0
143.0
143.0
143.75
143.75
143.75
145.0
145.0
145.0
145.0
144.75
143.25
143.25
142.5
142.5
139.75
135.25
135.25
132.0
132.0
132.5
132.5
133.0
133.0
135.25
137.5
137.5
138.75
138.75
140.75
141.0
141.0
141.0
141.0
143.0
145.25
145.25
147.0
147.0
147.5
147.5
147.75
147.75
148.5
150.25
150.25
152.25
152.75
152.75
153.5
153.5
152.75
153.75
155.25
155.25
155.25
155.25
156.25
156.25
157.0
159.0
159.0
157.75
157.75
157.75
161.75
163.25
163.25
162.25
161.5
161.5
161.25
161.75
161.75
161.75
161.5
161.5
162.0
161.25
161.25
160.5
159.0
159.0
156.75
156.5
156.5
156.0
155.0
155.0
154.0
154.0
152.5
152.5
150.5
150.0
150.0
148.5
148.25
148.25
148.25
148.25
148.25
145.75
145.75
143.25
141.25
141.25
142.0
142.0
144.0
145.75
145.75
147.0
147.0
145.75
145.0
145.0
144.25
144.25
141.75
138.75
138.75
136.75
136.75
136.5
136.5
136.75
136.75
135.75
135.25
135.25
137.5
137.5
139.75
141.0
141.0
141.75
141.75
143.25
145.0
145.0
145.5
145.5
147.75
147.75
147.5
147.5
148.25
148.0
148.0
146.75
146.75
146.75
147.0
147.0
145.75
145.75
145.75
143.75
143.75
142.0
142.5
142.5
141.0
141.0
140.5
139.5
139.5
139.0
139.0
139.0
137.25
137.25
135.25
135.25
135.75
135.75
136.75
134.5
134.5
133.0
133.0
131.5
131.5
131.75
131.75
132.0
132.0
132.0
132.0
132.0
131.5
131.5
130.5
130.5
132.0
132.0
131.5
132.25
132.25
133.0
133.0
131.75
131.75
131.75
131.75
132.5
133.5
133.5
134.25
134.25
133.75
133.75
132.75
132.75
133.0
133.0
133.0
132.75
132.75
132.0
132.0
131.5
131.5
130.75
130.75
131.5
130.5
130.5
130.0
130.0
129.0
129.0
129.0
129.0
129.0
127.25
127.25
128.0
128.0
128.0
128.5
127.25
127.25
127.25
128.0
128.0
126.25
127.25
127.25
128.0
128.0
127.5
127.5
128.0
128.0
128.75
129.0
129.0
130.5
130.5
131.5
131.5
130.25
130.25
130.25
130.75
130.75
131.25
131.25
130.75
130.75
130.75
130.25
130.25
130.25
130.25
129.75
129.75
126.75
126.75
121.75
121.75
122.0
122.0
122.0
122.0
122.0
122.0
121.75
121.75
116.0
116.0
116.0
124.5
124.5
125.0
125.0
124.5
124.5
125.75
125.75
126.75
126.75
127.25
128.25
128.25
128.5
128.5
129.0
129.0
129.75
129.75
129.75
129.75
129.0
129.0
128.5
128.5
130.5
130.5
131.25
131.25
131.5
131.5
131.5
132.25
132.25
131.75
131.75
131.75
131.0
131.0
131.0
131.0
130.5
130.5
129.75
130.25
130.25
129.5
129.5
129.5
129.5
129.0
129.0
129.5
129.5
129.0
129.0
128.5
129.0
129.0
129.5
129.5
130.25
130.25
130.0
130.0
128.75
128.75
128.25
128.25
128.5
129.0
129.0
129.5
129.5
129.0
129.0
129.0
129.0
129.0
129.0
128.25
128.25
128.75
128.5
128.5
127.75
127.75
128.5
128.5
127.0
127.0
127.75
127.75
127.25
127.25
127.25
127.25
128.0
128.0
127.25
127.75
127.75
127.25
127.25
126.25
126.25
124.5
124.5
125.0
125.0
125.75
125.75
127.25
127.25
127.25
126.0
126.0
125.25
125.25
125.75
125.75
126.0
127.5
127.5
128.5
127.75
127.75
127.25
127.25
126.75
126.75
126.0
126.0
126.5
126.5
125.75
125.75
125.75
125.75
124.75
124.25
124.25
124.0
124.0
123.5
123.5
123.5
123.5
123.5
123.5
123.5
123.5
123.75
123.75
124.25
124.25
124.5
124.5
122.75
122.75
124.75
124.75
125.75
126.25
126.25
125.75
125.75
125.25
125.25
125.25
125.25
126.0
126.0
125.75
125.75
125.5
125.5
125.5
125.5
125.75
125.75
126.25
126.25
126.25
126.25
126.25
127.5
127.5
126.5
126.5
128.0
128.0
128.0
128.0
128.5
128.5
127.25
127.25
127.5
127.5
127.5
127.5
127.5
126.75
126.75
126.5
126.5
126.75
126.75
127.5
127.5
128.0
128.0
128.0
128.0
127.25
127.25
127.25
127.25
127.25
127.0
127.0
128.25
128.25
127.75
127.75
127.0
127.0
126.75
126.75
126.5
126.5
126.25
126.25
126.25
126.75
126.75
125.75
125.75
125.5
125.5
125.75
125.75
125.75
125.75
126.0
126.0
125.75
125.75
125.5
125.5
126.25
126.25
126.25
126.25
125.75
126.0
126.0
126.5
126.5
126.75
126.75
127.25
127.25
127.0
127.0
127.25
127.25
128.0
128.0
127.25
128.5
128.5
128.0
128.0
128.0
128.0
128.5
128.5
128.5
128.5
128.5
128.75
128.75
128.25
128.25
128.0
128.0
128.0
128.5
128.5
129.0
129.0
127.75
127.75
126.75
126.75
127.25
126.75
126.75
126.0
126.0
125.75
125.75
125.75
126.25
126.25
126.25
126.25
126.25
126.25
126.25
126.25
127.25
127.25
126.0
126.0
127.5
127.5
128.25
128.25
128.25
128.5
128.5
127.25
127.25
128.5
128.5
128.75
128.75
128.5
128.5
128.75
128.5
128.5
128.75
128.75
129.0
129.0
128.25
128.25
127.25
127.25
127.75
127.75
127.5
127.5
127.25
127.25
127.25
127.25
128.0
128.0
128.5
128.5
128.5
128.5
128.0
128.0
128.5
128.5
128.25
127.5
127.5
128.25
128.25
128.0
128.0
127.75
127.75
130.0
130.0
130.0
130.0
130.0
130.0
129.75
129.75
129.75
129.0
129.0
129.0
129.0
127.75
127.75
128.0
128.0
128.0
128.0
128.5
128.5
128.75
128.0
128.0
128.0
128.5
128.5
128.5
130.0
130.0
130.25
130.25
130.25
130.5
130.5
129.75
129.75
130.25
130.25
129.75
129.5
129.5
129.0
129.0
128.75
128.75
128.5
128.5
128.5
129.0
129.0
129.5
129.5
129.25
129.25
129.25
129.25
129.25
129.25
128.0
128.0
128.0
128.0
128.0
127.0
127.0
127.25
127.25
128.5
128.5
128.75
128.75
128.5
128.5
129.0
129.5
129.5
129.5
129.5
128.75
128.75
128.5
128.5
128.25
128.25
128.25
128.25
128.5
128.5
129.75
129.75
130.25
130.25
130.25
130.25
130.25
130.25
130.25
130.0
130.0
129.5
129.75
129.75
130.0
130.0
130.5
130.5
130.25
130.25
130.0
130.0
130.25
129.5
129.5
129.0
129.0
130.25
130.25
130.25
130.25
130.0
130.0
129.75
129.75
129.75
130.25
130.25
130.5
130.5
130.75
130.75
130.5
130.5
130.25
130.25
131.0
130.5
130.5
130.75
130.75
130.0
130.0
129.0
129.0
129.0
129.0
130.0
130.0
130.0
130.25
130.25
130.25
130.25
130.0
130.0
130.0
130.0
130.0
130.0
130.0
131.0
131.0
129.75
129.75
130.75
130.75
131.25
131.25
131.5
131.5
131.25
130.75
130.75
130.75
130.75
130.75
130.75
131.0
131.0
130.75
130.75
130.75
130.75
130.75
130.5
130.5
130.0
130.0
129.25
129.25
129.75
129.75
129.5
129.5
129.75
130.25
130.25
130.25
130.25
130.0
130.0
130.0
130.0
130.25
130.25
129.75
130.25
130.25
129.75
129.75
130.25
130.25
130.25
130.25
130.0
130.0
130.75
131.25
131.25
131.0
131.0
131.0
131.0
131.25
131.25
131.0
131.0
131.5
131.5
131.5
130.75
130.75
130.75
130.75
131.25
131.25
131.5
131.5
131.75
130.75
130.75
130.5
130.5
131.5
131.5
132.5
132.5
132.25
132.0
132.0
132.0
132.0
132.0
132.0
131.25
131.25
131.5
131.5
131.5
131.5
131.5
131.5
131.5
131.5
131.5
131.5
131.5
131.75
131.75
131.5
131.75
131.75
131.0
131.0
131.75
131.75
132.5
132.5
132.0
132.0
132.0
131.75
131.75
132.25
132.25
132.25
132.25
132.75
132.75
132.25
132.0
132.0
132.0
132.0
132.25
132.25
132.75
132.75
132.5
132.0
132.0
132.0
132.0
131.5
131.5
131.5
131.5
131.75
131.75
131.0
130.75
130.75
132.75
132.75
132.75
132.75
132.5
132.5
132.75
132.0
132.0
132.75
132.75
132.0
132.0
131.75
131.75
131.5
131.5
131.5
131.75
131.75
131.25
131.25
131.25
131.25
130.75
130.75
131.0
131.0
131.5
131.75
131.75
131.5
131.5
132.0
132.0
131.75
131.75
130.75
130.75
131.75
132.0
132.0
131.5
131.5
131.5
131.5
131.5
131.5
130.75
131.0
131.0
130.75
130.75
131.0
131.0
132.5
132.5
131.75
131.75
131.5
133.25
133.25
133.5
133.5
132.75
132.75
132.75
132.75
133.0
132.25
132.25
132.75
132.75
133.0
133.0
132.25
132.25
132.5
132.75
132.75
132.25
132.25
132.75
132.75
133.0
133.0
133.5
132.75
132.75
132.25
132.25
132.5
132.5
132.25
132.25
133.0
133.0
132.25
132.0
132.0
131.5
131.5
132.0
132.0
132.25
132.25
132.75
132.25
132.25
131.75
131.75
131.0
131.0
131.5
131.5
132.0
132.0
132.0
132.0
131.5
131.5
131.5
132.0
132.0
132.0
132.0
132.0
132.5
132.5
131.75
131.75
131.5
131.5
130.75
130.75
130.75
130.75
130.0
130.0
130.25
129.75
129.75
130.5
130.5
130.5
130.5
130.5
130.5
130.5
130.5
130.5
130.5
130.25
130.25
132.0
132.0
133.0
133.0
134.0
135.75
135.75
138.75
140.5
140.5
139.5
139.5
140.75
140.75
121.5
121.5
118.5
118.5
118.5
116.25
118.0
118.0
118.0
118.0
115.0
115.0
115.0
115.0
115.25
115.25
117.5
120.75
120.75
123.25
123.25
124.5
124.5
124.5
124.5
123.5
123.5
122.75
122.75
123.75
123.75
123.0
123.0
123.0
123.0
123.0
123.0
123.0
122.75
123.0
123.0
123.0
123.0
123.0
122.75
122.88461538461539
123.01923076923077
123.15384615384616
123.28846153846153
123.42307692307692
123.5576923076923
123.6923076923077
123.82692307692308
123.96153846153847
124.09615384615384
124.23076923076923
124.36538461538461
124.5
124.63461538461539
124.76923076923077
124.90384615384616
125.03846153846153
125.17307692307692
125.3076923076923
125.4423076923077
125.57692307692308
125.71153846153847
125.84615384615384
125.98076923076923
126.11538461538461
126.25
126.38461538461539
126.51923076923077
126.65384615384616
126.78846153846153
126.92307692307692
127.0576923076923
127.1923076923077
127.32692307692308
127.46153846153847
127.59615384615384
127.73076923076923
127.86538461538461
128.0
128.0
138.25
141.0
141.0
141.0
141.0
141.0
140.75
140.75
140.75
140.75
140.75
140.75
140.75
140.75
139.44444444444446
138.13888888888889
136.83333333333334
135.52777777777777
134.22222222222223
132.91666666666666
131.61111111111111
130.30555555555554
129.0
129.0
130.75
130.75
130.75
130.75
131.5
133.25
133.25
134.5
134.5
134.5
131.75
131.75
138.0
138.0
136.75
136.75
136.25
136.25
136.25
136.75
136.75
133.5
133.5
133.0
133.0
130.75
130.75
127.75
127.75
126.75
126.75
126.25
126.25
126.0
126.0
124.25
124.5
124.5
125.75
125.75
125.75
120.75
120.75
120.75
120.75
120.75
120.75
121.0
121.0
120.75
120.75
126.5
126.5
127.25
127.25
128.5
129.0
129.0
127.75
127.75
127.75
127.75
127.75
127.75
127.75
128.0
128.0
127.75
127.75
118.5
118.5
122.0
122.0
124.0
124.0
121.0
124.0
124.0
124.25
124.25
124.5
124.5
124.5
124.5
125.25
125.25
126.0
126.0
126.25
126.25
126.75
126.75
128.5
129.5
129.5
128.75
128.75
128.0
128.0
127.0
127.0
126.75
126.75
126.75
126.75
126.25
126.25
125.25
125.25
125.0
125.25
125.25
126.5
126.5
126.5
128.25
128.0
128.0
127.75
127.75
128.0
128.0
127.25
127.25
126.5
126.5
126.0
126.0
125.75
125.75
125.75
125.25
125.25
125.75
125.75
125.0
125.0
125.25
125.25
125.75
125.75
126.5
126.5
125.5
125.5
125.0
125.0
124.5
124.5
124.5
124.5
123.25
123.25
123.5
123.5
123.5
123.5
123.5
123.5
123.5
123.0
123.0
123.5
123.5
124.0
124.0
123.25
123.25
122.75
122.75
122.0
122.0
122.25
122.25
123.0
123.0
123.0
123.0
124.25
124.25
124.75
124.75
124.5
124.5
124.5
125.0
125.75
125.75
126.5
126.5
126.75
126.75
127.25
127.25
125.5
125.5
125.5
125.5
125.75
125.75
125.75
125.75
124.0
124.0
122.25
122.25
120.75
120.75
121.5
121.5
122.5
122.5
122.5
122.5
122.0
122.0
122.5
122.5
122.25
122.25
122.5
122.5
122.5
123.75
123.75
123.5
123.5
121.75
121.75
123.0
123.0
123.0
123.0
123.0
123.0
123.0
123.0
125.0
125.0
125.0
125.0
125.0
125.0
124.75
124.75
124.75
125.5
125.5
125.5
124.5
125.5
125.5
125.25
125.25
124.25
124.25
124.75
124.75
124.25
124.25
124.0
124.0
123.0
123.0
123.25
123.25
123.75
123.75
123.25
123.25
125.0
125.0
123.25
123.25
123.0
123.0
123.25
123.25
123.5
123.0
123.0
123.5
123.5
123.5
123.5
123.0
123.0
124.0
124.0
124.5
124.5
125.25
125.25
126.25
126.25
126.5
126.5
125.0
125.0
125.25
125.25
125.75
125.5
125.5
125.75
125.75
124.25
124.25
125.5
125.5
126.0
126.0
126.25
126.25
126.5
126.5
126.25
125.25
125.25
125.25
126.25
126.25
125.75
125.25
125.25
125.25
125.25
127.75
127.75
128.25
128.25
128.0
128.0
128.0
128.0
126.5
126.5
125.0
125.0
125.25
125.25
126.0
125.75
125.75
127.25
127.25
126.5
126.5
126.75
126.75
125.25
125.25
124.75
124.75
125.0
125.0
125.25
125.25
125.75
125.75
125.75
125.75
125.75
126.5
126.5
127.0
127.0
125.75
125.75
126.25
126.25
126.25
126.25
127.0
127.0
127.5
127.25
127.25
126.75
126.75
126.5
126.5
127.0
127.0
127.25
127.25
127.0
127.0
127.75
127.75
127.25
127.25
127.0
127.0
126.75
127.25
127.25
127.75
127.75
128.5
128.5
127.75
127.75
128.5
128.5
128.0
128.5
128.5
129.25
129.25
130.5
130.5
130.0
130.0
130.25
130.25
129.0
129.0
129.5
130.25
130.25
130.25
129.0
129.0
129.25
129.25
129.25
129.25
129.5
129.5
129.5
130.25
130.25
130.5
130.5
130.75
130.75
130.25
130.25
130.0
130.0
130.0
130.0
130.0
129.5
129.5
129.5
129.5
129.5
129.5
129.75
129.75
130.25
130.25
130.0
129.25
129.25
129.25
129.25
129.5
129.5
129.5
129.5
130.25
130.25
130.0
130.25
130.25
130.5
130.5
130.25
130.25
130.75
130.75
131.25
131.25
130.75
130.75
130.5
130.25
130.25
130.25
130.25
130.75
130.75
130.5
130.5
131.25
131.25
131.5
130.75
130.75
130.75
130.75
130.75
130.75
131.5
131.5
131.5
131.5
131.0
132.0
132.0
132.5
132.5
132.0
132.0
131.5
131.5
131.5
132.75
132.75
132.25
132.25
132.0
132.0
132.0
132.0
131.75
131.75
132.0
131.5
131.5
130.25
130.25
131.0
131.0
131.0
131.0
131.0
131.0
131.5
131.5
131.5
131.5
131.5
131.5
131.5
131.25
131.25
130.75
130.75
131.5
130.25
130.25
130.25
130.25
131.0
131.0
131.25
131.25
131.25
132.0
132.0
132.0
132.0
132.5
132.5
132.75
132.75
133.5
133.5
132.75
133.0
133.0
132.5
132.5
132.75
132.75
132.25
132.25
133.0
132.75
132.75
132.0
132.0
132.75
132.75
132.5
132.5
132.0
132.75
132.75
132.5
132.5
131.5
131.5
131.5
131.5
132.0
132.0
131.75
131.75
131.75
132.75
132.75
132.25
132.25
131.5
131.5
132.75
132.75
132.75
132.75
132.75
132.75
132.75
133.5
133.5
133.5
133.25
133.25
132.75
132.75
132.75
132.75
132.75
132.75
133.25
133.25
133.0
133.5
133.5
134.25
134.25
134.5
134.5
134.25
133.0
133.0
132.0
132.0
132.0
132.0
132.5
132.5
132.5
132.5
132.25
132.25
132.25
132.75
132.75
132.75
132.75
132.75
132.75
133.5
132.75
132.75
131.5
131.5
133.0
133.0
134.25
134.25
133.0
132.75
132.75
132.75
132.75
132.75
132.75
132.75
132.75
132.75
132.75
131.75
132.75
132.75
131.25
131.25
131.5
131.5
131.0
131.0
133.0
134.25
134.25
134.0
134.0
133.5
133.5
134.0
134.0
134.25
134.25
134.25
133.75
133.75
134.0
134.0
134.0
134.0
133.25
133.5
133.5
134.25
134.25
134.0
134.0
132.75
133.5
133.5
132.75
132.75
133.5
133.5
109.25
109.25
109.25
109.25
132.0
132.0
132.0
133.0
133.0
133.0
133.0
133.5
133.5
133.5
133.25
133.25
133.25
133.25
133.0
133.0
134.0
134.0
132.75
132.75
133.0
133.0
132.75
132.75
132.75
132.75
132.75
132.75
132.75
132.75
131.63095238095238
130.51190476190476
129.39285714285714
128.27380952380952
127.1547619047619
126.03571428571429
124.91666666666667
123.79761904761905
122.67857142857143
121.55952380952381
120.44047619047619
119.32142857142857
118.20238095238095
117.08333333333333
115.96428571428571
114.8452380952381
113.72619047619048
112.60714285714286
111.48809523809524
110.36904761904762
109.25
109.25
109.25
108.0
108.0
108.0
108.0
108.0
108.0
107.75
108.0
108.0
107.75
108.0
108.0
108.21428571428571
108.42857142857143
108.64285714285714
108.85714285714286
109.07142857142857
109.28571428571429
109.5
109.71428571428571
109.92857142857143
110.14285714285714
110.35714285714286
110.57142857142857
110.78571428571429
111.0
111.21428571428571
111.42857142857143
111.64285714285714
111.85714285714286
112.07142857142857
112.28571428571429
112.5
112.71428571428571
112.92857142857143
113.14285714285714
113.35714285714286
113.57142857142857
113.78571428571429
114.0
114.21428571428571
114.42857142857143
114.64285714285714
114.85714285714286
115.07142857142857
115.28571428571429
115.5
115.5
115.5
115.5
115.5
115.5
115.5
115.5
115.5
115.5
115.5
115.5
115.5
115.5
115.5
115.5
116.01851851851852
116.53703703703704
117.05555555555556
117.57407407407408
118.0925925925926
118.61111111111111
119.12962962962963
119.64814814814815
120.16666666666667
120.68518518518519
121.20370370370371
121.72222222222223
122.24074074074073
122.75925925925925
123.27777777777777
123.79629629629629
124.31481481481481
124.83333333333333
125.35185185185185
125.87037037037037
126.38888888888889
126.9074074074074
127.42592592592592
127.94444444444444
128.46296296296296
128.98148148148147
129.5
129.5
129.25
130.25
130.25
129.25
129.25
129.25
129.25
129.25
129.25
129.5
129.5
129.25
129.25
125.25
125.25
124.75
124.75
125.0
125.0
125.0
124.25
124.25
125.0
125.0
124.75
124.75
125.25
125.0
125.0
123.5
123.5
123.0
123.0
123.5
123.5
124.5
124.5
125.0
125.0
124.75
124.75
125.0
125.0
125.5
125.5
125.5
125.5
125.5
125.5
125.25
125.5
125.5
125.0
125.0
125.0
125.0
123.5
123.5
123.5
123.5
123.75
123.75
124.0
124.0
123.75
123.75
125.0
125.0
125.25
125.25
125.25
126.25
126.25
126.75
126.75
127.25
127.25
128.0
128.0
128.0
128.0
127.0
127.0
126.0
126.0
125.5
125.25
125.25
124.5
124.5
124.5
125.5
125.5
125.75
125.75
126.0
126.0
126.25
126.25
125.75
125.75
125.75
125.75
125.75
125.75
125.75
125.75
125.75
126.75
126.75
127.5
127.5
127.5
127.5
127.5
127.5
127.25
127.25
127.25
127.5
127.5
126.0
126.0
125.5
125.5
125.75
125.75
126.0
126.0
126.0
126.25
126.25
125.75
125.75
126.25
126.25
126.75
126.75
127.25
127.25
127.75
127.75
126.75
127.25
127.25
127.25
127.25
126.5
127.25
127.25
125.0
125.0
125.25
125.25
126.75
126.75
126.75
126.25
126.25
126.75
126.75
126.75
126.5
126.5
126.25
126.25
125.75
125.75
125.0
125.0
125.25
125.25
125.25
125.25
125.0
125.0
125.75
125.75
126.0
126.0
126.0
126.25
126.25
126.25
126.25
126.25
126.25
126.25
125.75
125.75
125.5
125.5
125.75
125.75
126.25
126.25
127.0
127.0
126.0
126.0
126.25
126.25
127.75
128.0
128.0
125.75
125.75
126.25
126.25
126.25
126.25
126.25
126.25
126.5
126.5
126.5
126.5
127.25
127.0
127.0
126.75
126.75
127.5
127.5
128.0
128.0
128.25
128.25
127.25
127.25
126.75
126.75
126.75
126.75
126.75
126.75
126.75
127.25
127.25
127.5
127.5
128.0
128.0
127.75
127.75
127.5
127.5
127.5
127.5
127.5
127.5
127.5
127.25
127.25
128.25
128.25
128.0
128.0
127.5
127.5
128.0
128.0
128.0
128.0
128.0
128.0
128.0
128.5
128.5
128.0
128.0
128.5
128.5
128.0
128.0
127.75
127.75
127.75
127.75
127.75
127.5
127.5
127.5
127.5
127.5
127.5
128.5
128.5
128.5
128.5
129.25
129.25
129.5
129.5
129.0
129.25
129.25
128.75
128.75
128.5
128.5
128.25
128.25
128.5
128.5
128.75
128.75
128.0
129.25
129.25
127.25
127.25
127.5
127.5
128.75
128.75
129.5
129.5
129.75
129.75
130.0
130.0
130.0
129.75
129.75
129.75
129.75
130.0
130.0
130.0
130.0
129.75
129.75
129.5
129.5
128.0
128.0
128.0
129.25
129.25
127.5
127.5
128.5
128.5
129.0
129.0
129.25
129.25
129.25
129.25
129.25
129.5
129.5
129.0
129.0
129.5
129.5
129.75
129.75
129.5
130.25
130.25
130.75
130.75
130.75
130.75
130.5
130.5
130.5
130.5
130.5
130.75
130.75
130.25
130.25
130.75
130.75
130.25
130.25
129.5
129.5
129.5
129.5
129.0
129.5
129.5
130.25
130.25
129.75
129.75
129.75
129.75
130.0
130.0
130.25
130.25
130.75
130.25
130.25
130.75
130.75
130.75
130.75
130.5
130.5
130.75
130.75
131.5
131.25
131.25
132.0
132.0
132.25
132.25
132.0
132.0
131.5
131.5
131.5
131.75
131.75
131.25
131.25
131.25
131.25
131.0
131.0
130.25
130.25
129.5
130.25
130.25
130.75
130.75
128.5
128.5
130.25
130.25
130.5
130.5
131.0
131.0
131.0
131.5
131.5
131.25
131.25
130.75
130.75
130.75
130.75
131.25
131.75
131.75
131.75
131.75
131.75
131.75
132.75
132.75
132.5
131.5
131.5
132.75
132.75
133.0
133.0
132.75
132.75
132.5
132.25
132.25
132.0
132.0
131.75
131.75
131.75
131.75
132.0
132.25
132.25
132.25
132.25
132.5
132.5
132.25
132.25
132.75
132.75
132.75
132.75
132.75
132.75
132.75
132.0
132.0
132.75
132.75
132.75
132.75
132.75
133.0
133.0
133.0
133.0
133.25
133.25
132.5
134.5
134.5
132.75
132.75
132.5
132.5
132.5
132.5
133.0
133.5
133.5
133.5
133.5
133.75
133.75
133.5
133.5
133.5
134.5
134.5
135.25
135.25
135.0
135.0
134.0
134.0
133.75
134.25
134.25
134.25
134.25
134.0
134.0
133.75
133.75
134.75
133.5
133.5
134.5
134.5
134.5
134.5
134.0
134.5
134.5
134.5
134.5
137.25
137.25
137.25
137.25
134.25
134.25
134.25
134.25
134.25
133.75
133.75
133.75
133.75
134.25
134.25
133.75
133.75
135.75
136.25
136.25
136.25
136.25
134.75
135.0
135.0
135.75
135.75
136.0
136.0
136.25
135.75
135.75
135.75
133.75
133.75
134.25
134.5
134.5
134.5
136.5
136.5
136.5
136.5
136.5
136.5
136.5
136.5
136.5
136.5
136.5
136.5
136.5
136.5
136.25
136.25
135.12
133.99
132.86
131.73
130.6
129.47
128.34
127.21000000000001
126.08
124.95
123.82000000000001
122.69
121.56
120.43
119.3
118.17
117.04
115.91
114.78
113.65
112.52
111.39
110.26
109.13
108.0
108.0
109.0
109.0
108.5
108.5
108.5
108.25
108.25
108.25
108.25
108.25
108.25
108.25
108.25
108.5
108.82926829268293
109.15853658536585
109.48780487804878
109.8170731707317
110.14634146341463
110.47560975609755
110.8048780487805
111.13414634146342
111.46341463414635
111.79268292682927
112.1219512195122
112.45121951219512
112.78048780487805
113.10975609756098
113.4390243902439
113.76829268292683
114.09756097560975
114.42682926829268
114.7560975609756
115.08536585365853
115.41463414634147
115.7439024390244
116.07317073170732
116.40243902439025
116.73170731707317
117.0609756097561
117.39024390243902
117.71951219512195
118.04878048780488
118.3780487804878
118.70731707317073
119.03658536585365
119.36585365853658
119.69512195121952
120.02439024390245
120.35365853658537
120.6829268292683
121.01219512195122
121.34146341463415
121.67073170731707
122.0
120.25
120.25
119.25
119.25
118.5
118.5
119.0
119.0
119.25
119.25
119.5
119.5
119.75
119.75
120.0
120.0
121.0
121.0
121.25
121.25
121.75
121.75
122.75
122.75
123.5
123.5
124.5
124.5
124.5
125.25
125.25
123.5
123.5
124.5
124.5
125.75
125.75
126.25
126.25
126.25
126.25
127.25
127.25
126.5
126.5
126.5
126.5
127.0
127.0
127.0
127.5
127.5
127.25
127.25
127.5
127.5
127.25
127.25
127.25
127.25
127.0
127.0
127.25
127.25
127.0
127.25
127.25
127.5
127.5
127.5
126.5
126.5
127.5
127.5
126.75
126.75
127.5
127.5
129.0
129.0
129.0
129.0
129.0
129.0
129.0
129.0
128.5
128.5
128.5
128.5
129.25
129.25
129.0
128.75
128.75
128.5
128.5
128.5
128.5
128.5
128.5
128.5
128.5
129.5
129.25
129.25
129.25
129.25
129.25
129.25
129.5
129.5
129.5
129.5
128.25
128.25
128.5
128.5
128.5
128.5
129.0
129.0
127.0
127.25
127.25
127.25
127.25
128.5
128.5
128.0
128.0
128.0
128.0
127.75
127.75
127.75
127.75
127.5
127.75
127.75
128.0
128.0
128.5
128.5
128.25
128.25
128.5
128.5
128.75
128.75
129.0
128.5
128.5
129.0
129.0
129.5
129.5
129.0
129.0
129.0
128.5
128.5
128.0
128.0
128.25
128.25
127.5
127.5
127.5
127.5
127.75
127.75
128.0
128.0
128.0
128.0
127.5
127.75
127.75
127.25
127.25
126.75
126.75
127.25
127.25
127.5
127.5
128.0
128.0
128.5
129.0
129.0
128.25
128.25
128.25
128.25
128.0
128.0
129.0
129.0
128.5
128.5
129.0
129.0
128.5
128.5
128.5
128.5
128.25
129.0
129.0
129.5
129.5
129.0
129.0
129.0
128.5
128.5
128.75
128.75
129.5
129.5
129.0
129.0
129.0
128.0
128.0
128.0
128.0
128.0
128.0
128.0
128.5
128.5
128.75
128.75
128.75
128.5
128.5
128.75
128.75
129.0
129.0
128.25
128.25
127.75
127.75
127.0
127.0
127.0
128.0
128.0
128.75
128.75
129.25
129.25
129.0
129.0
129.0
129.0
129.25
129.25
129.5
129.5
129.5
129.5
129.5
129.5
129.5
129.0
129.0
129.5
129.5
130.0
129.75
129.75
129.25
129.25
129.75
129.75
130.25
130.25
130.25
130.25
129.75
129.75
129.5
130.25
130.25
130.25
130.5
129.5
129.5
130.5
130.5
130.5
130.25
130.25
129.5
129.5
129.5
129.25
129.25
129.5
129.5
129.5
130.0
130.0
130.5
130.5
129.5
129.5
129.5
129.75
129.75
130.25
130.25
130.25
130.25
130.0
130.0
130.0
130.0
130.0
130.25
130.25
130.5
130.5
130.25
130.25
131.75
131.75
131.75
131.75
132.0
132.0
132.0
131.75
131.75
131.5
131.5
131.5
131.5
131.25
131.25
131.25
131.25
131.25
131.0
131.0
130.75
130.75
131.25
131.25
131.5
131.75
131.75
132.25
132.25
131.5
131.5
131.25
131.25
131.5
131.5
129.5
130.25
130.25
132.0
132.0
131.75
131.75
130.75
130.75
131.0
131.0
130.75
131.0
131.0
131.25
131.25
131.25
131.25
131.5
131.5
131.5
130.75
130.75
131.75
131.75
131.75
131.75
132.0
132.0
132.0
132.0
132.5
132.5
132.5
132.75
132.75
132.5
132.5
132.5
132.5
132.75
132.5
132.5
132.5
132.5
132.75
132.75
132.0
132.0
132.75
132.75
133.5
132.5
132.5
131.25
131.25
132.0
132.0
132.25
132.5
132.5
132.75
132.75
133.75
133.75
132.75
132.75
132.75
132.75
133.25
133.0
133.0
134.25
134.25
133.5
133.5
133.5
133.5
133.0
133.0
133.5
133.5
133.5
133.5
133.5
133.5
133.5
133.5
134.0
134.0
134.0
134.0
133.75
133.75
134.25
133.25
133.25
133.5
133.5
133.75
133.75
133.25
133.25
133.5
133.25
133.25
133.0
133.0
132.75
132.75
133.0
133.0
133.75
133.5
133.5
133.5
133.5
133.5
133.5
133.75
133.75
133.5
134.25
134.25
134.25
134.25
133.5
133.5
134.25
134.25
134.75
134.5
134.5
134.5
134.5
135.0
135.0
135.5
135.0
135.0
134.75
134.75
135.0
135.0
134.5
134.5
135.75
135.75
132.5
132.5
132.5
133.25
133.25
133.5
133.5
133.5
133.75
133.75
133.5
133.5
133.75
133.75
134.0
135.0
135.0
135.25
135.25
135.0
135.0
135.0
135.0
135.0
135.5
135.5
135.25
135.25
135.5
135.5
135.75
135.75
135.75
135.25
135.25
135.25
135.25
135.75
136.0
136.0
135.25
135.25
135.0
135.0
135.0
135.0
134.5
135.25
135.25
134.75
134.75
134.75
134.75
134.75
134.75
134.75
134.75
134.75
134.75
134.75
134.75
134.75
134.75
134.75
134.75
135.0
135.0
135.0
135.0
135.25
135.25
135.25
135.25
135.25
135.5
135.5
135.5
135.5
135.0
135.5
135.5
135.0
135.0
135.0
135.0
135.0
135.0
135.5
135.75
135.75
135.75
135.75
135.25
135.25
135.0
135.0
135.0
134.75
134.75
134.5
134.5
134.25
134.25
134.25
134.25
134.25
134.25
134.25
134.5
134.5
134.75
135.0
135.0
135.25
135.25
134.75
134.75
136.0
136.0
136.25
135.75
135.75
136.0
136.0
136.25
136.25
135.5
134.5
134.5
135.0
135.0
134.25
134.25
135.0
135.0
134.75
134.75
134.75
134.25
134.25
135.0
135.0
135.0
135.75
135.75
135.75
135.75
135.75
135.75
135.5
135.5
135.75
135.75
135.75
135.75
135.75
134.25
134.25
135.75
135.75
135.75
135.75
135.75
135.75
135.75
135.75
135.75
135.75
135.75
135.75
135.75
135.75
136.25
136.25
135.5
135.25
135.25
136.25
136.25
135.5
135.5
134.75
134.75
134.75
134.75
134.75
134.75
134.75
135.0
135.75
135.75
136.0
136.0
136.0
136.0
135.75
135.75
135.75
135.75
135.75
135.75
135.75
135.75
135.75
132.0
128.25
124.5
120.75
117.0
113.25
109.5
105.75
102.0
102.0
102.0
102.0
102.0
102.0
102.0
102.0
102.0
102.0
102.0
102.0
102.0
102.0
102.0
102.0
102.0
102.42857142857143
102.85714285714286
103.28571428571429
103.71428571428571
104.14285714285714
104.57142857142857
105.0
105.0
105.0
105.0
105.0
105.0
105.0
105.0
105.0
105.0
105.0
105.0
105.0
105.0
104.75
104.75
104.75
104.75
104.75
104.75
104.75
