142.5
142.5
142.25
143.25
143.25
143.25
143.25
143.25
143.25
143.25
143.25
143.25
143.25
143.25
143.5
143.5
143.5
143.5
143.25
143.625
144.0
144.375
144.75
145.125
145.5
145.5
146.5
147.75
147.75
148.0
148.0
149.0
150.0
150.0
150.0
150.25
150.25
150.75
152.5
152.5
153.0
153.0
143.0
150.5
150.5
150.75
148.5
148.5
147.0
147.0
148.75
146.25
146.25
146.25
147.25
147.25
145.75
145.75
146.75
146.75
146.75
146.75
146.75
146.75
146.75
147.0
147.0
147.0
149.0
149.0
149.0
149.25
149.25
150.0
151.25
151.25
152.25
151.0
151.0
151.0
152.25
152.25
153.25
153.25
153.25
154.0
154.0
153.25
152.75
152.75
151.25
150.5
150.5
150.75
150.75
150.75
151.5
151.5
152.5
153.75
153.75
153.5
153.75
153.75
153.0
153.0
153.25
154.75
154.75
156.0
155.0
155.0
155.25
157.25
157.25
151.75
151.75
152.25
156.0
156.5
156.5
156.75
157.75
157.75
159.0
160.0
160.0
158.25
158.5
158.5
157.25
157.25
155.25
153.0
153.0
151.25
151.25
148.5
147.0
147.0
146.5
146.5
145.75
145.75
145.75
145.75
145.75
146.0
146.0
145.75
144.0
144.0
145.0
145.0
143.5
143.5
143.5
144.25
144.25
145.0
145.25
145.25
146.0
147.0
147.0
148.0
148.75
148.75
150.0
150.25
150.25
150.0
150.75
150.75
150.25
150.25
150.0
149.75
149.75
148.75
148.75
147.75
147.5
147.5
147.25
148.75
148.75
150.0
150.0
150.5
151.25
151.25
152.0
152.75
152.75
153.0
152.75
152.75
152.25
152.25
151.75
150.75
150.75
150.25
150.25
150.25
151.0
151.0
151.0
151.25
151.25
152.25
154.75
154.75
152.5
150.0
150.0
149.5
149.5
149.25
148.75
148.75
148.25
148.25
150.0
150.75
150.75
150.5
149.25
149.25
150.0
151.25
151.25
151.5
151.5
149.5
148.0
148.0
146.25
146.25
143.75
143.0
143.0
143.75
143.75
143.25
144.5
144.5
145.0
145.0
146.0
146.75
146.75
147.75
147.75
147.75
148.0
148.0
149.25
149.75
149.75
150.0
150.0
150.0
151.0
151.0
151.25
151.0
151.0
150.75
151.75
151.75
151.5
151.5
152.25
153.25
153.25
154.5
155.5
155.5
154.75
155.75
155.75
155.75
154.75
154.75
154.75
154.75
154.75
154.75
154.75
154.5
151.5
151.5
151.0
150.0
150.0
150.0
150.0
150.0
150.0
150.0
150.25
150.25
150.25
150.0
150.0
149.5
149.75
149.75
150.25
151.25
151.25
153.25
154.75
154.75
154.0
154.0
153.5
153.25
153.25
152.5
153.0
153.0
151.75
151.75
148.75
148.25
148.25
148.75
147.75
147.75
147.75
147.75
148.0
149.5
149.5
149.5
150.0
150.0
151.5
151.5
152.5
153.25
153.25
154.25
155.0
155.0
154.25
151.75
151.75
150.0
150.0
149.75
149.0
149.0
148.25
148.25
148.25
148.75
148.75
148.75
149.5
149.5
150.0
150.0
149.75
150.5
150.5
151.25
151.5
151.5
151.0
151.75
151.75
152.25
152.25
151.75
151.5
151.5
151.25
150.75
150.75
151.0
151.25
151.25
152.0
152.0
152.75
153.5
153.5
153.25
152.25
152.25
151.25
151.25
151.75
151.75
152.0
152.0
155.25
152.75
152.75
152.0
152.25
152.25
152.5
150.75
150.75
150.75
150.75
149.5
149.75
149.75
150.0
148.75
148.75
147.75
147.75
147.25
147.75
147.75
148.5
148.5
150.75
152.75
152.75
153.75
154.0
154.0
154.25
155.5
155.5
154.25
153.25
153.25
153.25
152.0
152.0
152.75
153.0
153.0
152.25
152.25
152.25
152.25
152.25
151.75
151.25
151.25
151.0
151.0
151.25
151.5
151.5
152.0
150.5
150.5
151.5
151.5
151.0
150.75
150.75
151.5
152.25
152.25
152.75
152.75
152.75
151.75
151.75
152.0
152.25
152.25
151.5
150.25
150.25
151.0
151.25
151.25
151.75
151.75
151.0
150.75
150.75
151.0
151.0
151.0
151.75
151.75
152.0
152.0
152.0
150.25
150.5
150.5
151.0
151.0
151.75
151.25
151.25
151.5
151.25
151.25
151.0
151.0
151.25
150.5
149.5
149.5
148.5
148.5
148.0
148.25
148.25
149.0
149.0
149.0
148.5
148.0
148.0
149.25
149.5
149.5
149.5
149.5
149.25
148.25
148.25
147.25
147.25
147.0
147.5
147.5
148.25
149.0
149.0
149.0
149.0
149.25
150.0
150.0
151.0
152.5
152.5
153.75
155.25
155.25
154.75
154.75
154.25
155.0
155.0
155.5
155.0
155.0
154.75
154.5
154.5
153.5
152.75
152.75
151.5
151.5
150.5
150.5
150.5
151.25
149.75
149.75
149.25
149.25
150.0
150.75
150.75
151.25
151.75
151.75
151.25
151.25
151.5
151.25
151.25
151.25
151.25
151.25
151.0
151.0
150.5
150.25
150.25
150.25
150.5
150.5
151.25
151.25
152.5
152.75
152.75
153.0
152.0
152.0
152.0
152.0
152.0
151.5
151.5
151.0
150.75
150.75
151.0
151.5
151.5
151.0
151.0
150.75
150.75
150.75
151.0
151.0
151.0
151.25
151.5
151.5
151.0
151.0
150.75
150.75
150.75
150.5
151.0
151.0
151.5
151.5
151.75
152.25
152.25
151.75
151.75
151.75
151.75
151.75
152.25
151.5
151.5
151.75
150.75
150.75
150.5
151.25
151.25
150.75
150.75
150.5
150.75
150.75
151.0
151.0
149.75
149.75
149.75
150.5
151.25
151.25
151.75
150.5
150.5
151.0
151.0
152.5
151.75
151.75
151.0
150.5
150.5
150.25
150.25
150.25
150.0
150.0
149.75
151.25
151.25
152.0
152.5
152.5
151.75
151.75
150.25
150.0
150.0
150.25
150.5
150.5
149.75
149.75
148.5
146.75
146.75
144.5
144.5
143.75
144.25
144.25
145.5
145.5
147.0
149.25
149.25
151.5
154.0
154.0
155.0
156.25
156.25
155.5
155.5
155.5
157.5
157.5
157.5
157.5
157.5
158.25
159.0
159.0
159.0
159.0
159.0
158.75
158.75
159.0
160.0
160.0
158.5
157.5
157.5
156.0
153.5
153.5
152.0
152.0
149.75
147.5
147.5
146.25
146.5
146.5
146.5
146.25
146.25
146.25
146.25
146.5
146.5
146.5
142.625
138.75
134.875
131.0
131.0
131.5
131.5
131.25
131.25
131.25
131.25
130.75
130.75
130.75
130.75
130.75
130.75
130.75
131.0
131.0
131.0
130.75
134.10714285714286
137.46428571428572
140.82142857142858
144.17857142857142
147.53571428571428
150.89285714285714
154.25
154.25
154.25
154.25
154.75
153.25
153.25
149.25
149.25
147.0
147.0
147.0
147.0
147.0
147.0
147.0
147.0
147.0
147.0
147.0
147.0
147.0
147.0
147.0
147.3409090909091
147.6818181818182
148.02272727272728
148.36363636363637
148.70454545454547
149.04545454545453
149.38636363636363
149.72727272727272
150.0681818181818
150.4090909090909
150.75
150.75
149.0
149.0
147.0
144.75
144.75
146.25
140.5
140.5
140.5
140.5
140.5
140.5
140.5
140.5
140.25
139.0
137.75
136.5
135.25
134.0
132.75
131.5
130.25
129.0
127.75
126.5
125.25
124.0
122.75
121.5
120.25
119.0
117.75
117.75
121.0
124.0
124.0
124.0
124.0
123.75
123.75
123.75
123.75
123.75
123.75
123.75
124.52083333333333
125.29166666666667
126.0625
126.83333333333333
127.60416666666667
128.375
129.14583333333334
129.91666666666666
130.6875
131.45833333333334
132.22916666666666
133.0
133.0
133.0
133.0
134.25
134.25
131.25
129.0
129.0
128.0
128.0
126.25
126.25
124.75
124.75
123.25
123.25
121.5
121.5
120.0
120.0
119.0
119.0
119.0
119.0
119.0
119.0
119.5
119.5
120.5
120.5
122.5
129.5
129.5
133.75
133.75
138.5
144.25
144.25
147.5
147.5
148.5
148.5
151.25
151.25
152.75
155.0
155.0
155.75
158.25
158.25
159.5
160.5
160.5
162.5
163.75
163.75
164.75
166.0
166.0
168.0
168.5
170.75
170.75
167.5
169.25
169.25
170.5
170.5
171.0
171.0
172.0
170.5
170.5
169.0
169.75
169.5
169.5
170.0
170.5
170.5
170.5
170.75
169.5
169.5
167.5
166.0
166.0
167.0
166.25
166.25
166.0
165.0
165.0
164.25
162.75
162.75
161.75
160.5
160.5
158.25
158.25
158.25
157.25
156.25
156.25
156.0
154.75
154.75
153.5
153.5
152.75
152.0
152.0
152.25
153.0
153.0
152.75
152.25
152.25
150.75
150.75
150.25
149.25
149.25
149.0
149.5
149.5
147.75
147.75
148.5
148.75
148.75
150.0
150.0
150.75
152.25
152.25
152.75
153.5
153.5
154.0
154.0
154.0
154.25
155.5
155.5
154.0
153.25
153.25
153.0
153.0
153.75
153.25
153.25
154.0
154.75
154.75
155.0
156.25
156.25
156.75
157.0
157.0
157.25
158.75
158.75
159.0
157.0
157.0
156.5
156.5
156.25
156.0
156.0
155.25
154.0
154.0
154.0
153.25
153.25
153.0
153.0
153.0
153.0
153.0
151.75
151.25
151.25
151.25
153.25
153.25
152.0
152.0
152.25
152.5
152.5
152.25
152.75
152.75
153.0
152.75
152.75
154.0
155.5
155.5
156.25
157.5
157.5
158.5
158.5
158.25
157.75
157.25
157.25
156.25
156.0
156.0
155.0
155.0
153.5
152.25
152.25
152.25
152.0
151.25
151.25
151.75
151.75
152.5
153.75
153.75
154.25
154.75
154.75
154.75
155.5
155.5
156.75
157.25
157.25
157.25
157.0
157.0
156.5
156.5
156.5
156.5
156.5
157.5
158.0
158.5
158.5
157.25
157.25
157.25
156.25
156.25
155.5
155.5
155.5
154.25
153.75
153.75
152.5
152.25
152.25
151.0
151.0
151.25
151.25
151.25
152.5
153.0
153.0
152.5
152.5
153.75
154.5
154.5
154.5
154.25
154.25
154.25
153.75
153.75
153.25
152.0
152.0
150.75
150.75
149.75
147.75
147.75
147.0
147.0
147.0
147.0
147.0
147.25
147.0
147.0
146.25
146.25
146.25
146.25
146.25
147.0
147.0
147.0
147.0
147.0
147.75
147.75
148.5
148.0
148.0
148.5
148.5
148.5
149.5
149.5
150.5
151.0
151.0
150.0
149.5
149.5
147.75
147.75
146.5
146.0
146.0
146.25
146.25
145.5
144.5
144.5
144.75
144.75
145.25
146.5
146.5
146.5
146.5
147.0
147.25
147.25
149.5
150.75
150.75
152.25
152.25
152.25
153.25
154.0
154.0
153.25
153.25
152.75
152.75
152.75
153.25
153.0
153.0
153.5
153.25
153.25
154.0
154.0
154.25
154.25
154.25
154.75
155.25
155.25
156.0
156.75
156.75
157.25
157.25
157.25
158.0
158.25
158.25
158.75
159.25
159.25
160.0
160.25
160.25
160.75
160.75
160.75
160.5
160.5
160.5
160.75
159.5
159.5
160.75
161.75
161.75
161.0
161.5
161.5
160.75
160.5
160.5
160.5
161.75
161.75
161.75
161.25
161.25
159.25
158.75
158.75
159.0
159.0
159.0
158.25
158.75
158.75
158.0
158.25
158.25
157.0
156.5
156.5
156.5
156.0
156.0
156.5
156.5
156.5
158.25
161.25
161.25
161.5
162.25
162.25
163.5
162.75
162.75
162.25
162.5
162.5
162.5
162.75
162.75
162.0
162.0
162.0
162.25
163.25
163.25
163.25
162.75
164.25
164.25
164.25
164.25
164.25
162.75
163.75
163.75
163.5
162.25
162.25
161.25
161.0
161.0
161.0
160.5
160.5
159.5
159.0
159.0
158.5
158.25
158.25
157.75
158.25
158.25
158.25
157.75
157.75
157.25
157.0
157.0
157.5
157.5
158.25
157.75
157.75
157.75
157.75
157.75
157.5
157.25
157.25
157.75
157.5
157.5
157.0
156.0
156.0
154.75
154.0
154.0
154.5
154.5
154.25
155.25
155.25
155.75
154.25
154.25
155.0
155.5
155.5
155.75
153.5
153.5
152.25
152.25
152.5
151.0
151.0
151.0
150.5
150.5
149.75
149.75
149.75
149.75
149.75
150.0
150.5
150.5
151.25
151.25
150.5
150.5
150.5
150.5
150.75
150.75
151.25
151.25
151.25
150.5
150.5
151.0
150.75
150.75
151.0
151.0
152.5
153.5
153.5
153.5
153.25
153.25
153.75
152.75
152.75
151.75
153.5
153.5
154.0
154.0
153.75
151.0
151.0
151.5
153.5
153.5
151.5
150.5
150.5
150.75
150.75
149.0
147.25
147.25
146.0
146.0
146.0
145.75
145.75
145.25
145.25
145.0
145.0
145.0
146.0
146.0
146.75
147.5
147.5
148.5
149.5
149.5
150.0
150.75
150.75
150.0
150.0
149.5
149.75
149.75
148.75
148.75
148.25
148.0
148.0
148.75
149.5
149.5
149.5
149.5
149.75
148.25
148.25
148.5
148.0
148.0
148.25
148.25
148.25
148.5
148.5
147.75
147.75
147.75
148.5
148.5
148.0
148.25
148.25
148.25
148.25
148.5
148.25
148.25
148.5
148.25
148.25
148.25
148.25
147.75
148.0
148.0
148.5
148.5
148.25
147.5
147.5
148.0
147.5
147.5
147.25
147.25
147.75
148.25
148.25
148.0
147.0
147.0
148.0
148.0
149.25
149.0
149.0
149.25
149.25
147.25
146.5
146.5
147.25
147.0
147.0
146.5
146.5
147.0
145.25
145.25
147.0
147.0
147.0
146.0
146.0
145.75
145.75
145.0
145.0
145.0
144.75
144.75
146.0
146.75
146.75
145.25
145.25
145.5
146.0
146.0
146.5
147.75
147.75
147.0
147.0
147.0
147.0
147.0
146.5
146.5
145.25
147.25
147.25
146.75
147.0
147.0
144.5
144.5
145.25
145.25
144.75
146.0
146.0
147.0
146.5
146.5
147.0
147.0
147.0
147.25
147.25
148.0
148.0
148.0
147.75
147.75
147.75
147.75
147.75
147.0
147.0
147.0
147.0
147.0
147.0
147.0
146.75
145.75
145.75
145.25
145.25
146.0
147.25
147.25
147.5
147.75
147.75
147.25
147.25
146.5
146.0
146.0
146.25
146.25
146.5
146.5
146.5
145.5
145.5
144.5
144.5
144.5
145.0
145.0
146.5
147.0
147.0
147.0
147.5
147.5
147.5
147.5
147.75
148.5
148.5
148.75
148.75
148.5
147.75
147.75
146.5
146.0
146.0
146.5
146.5
147.0
146.5
146.5
146.0
146.0
146.5
147.0
147.0
147.5
147.5
148.0
147.5
147.5
147.0
147.0
147.0
147.25
147.25
147.75
147.5
147.5
147.0
147.0
147.0
147.5
147.5
146.75
146.75
145.75
146.25
146.25
145.0
147.0
147.0
147.5
147.5
146.25
145.0
145.0
145.0
145.0
145.0
145.0
145.0
145.0
145.0
145.0
144.5
144.5
143.25
143.25
142.0
141.75
141.75
140.5
140.5
140.75
140.75
141.75
141.0
141.0
141.25
141.25
142.75
144.25
144.25
145.0
145.0
145.0
145.0
145.0
145.5
145.5
144.75
144.25
144.25
144.0
144.0
143.75
143.75
143.75
143.25
143.25
143.25
143.5
143.5
143.25
143.25
143.5
143.75
143.75
144.5
144.5
145.0
145.0
145.0
145.0
145.0
145.5
145.0
145.0
145.0
145.0
145.25
145.0
145.0
145.0
145.25
145.25
144.75
144.75
144.25
144.25
144.25
144.5
144.5
144.25
144.25
144.25
144.5
144.5
144.5
145.0
145.0
145.0
145.0
144.5
144.75
144.75
145.0
145.0
145.0
145.0
145.0
144.25
144.25
144.25
144.0
144.0
144.25
144.25
144.75
145.0
145.0
144.75
144.75
145.0
145.0
145.0
145.25
145.25
145.25
145.5
145.5
146.5
146.5
146.5
146.25
146.25
145.75
145.75
145.5
145.0
145.0
145.5
145.0
145.0
145.0
145.0
145.0
145.0
144.75
144.25
144.25
144.25
144.0
144.0
144.0
144.0
144.25
145.0
145.0
145.0
145.0
145.0
145.0
145.0
145.0
145.0
145.0
144.5
144.5
144.5
144.5
144.25
144.0
144.0
144.25
144.25
144.75
144.75
144.75
145.0
145.0
145.75
146.25
146.25
146.0
146.0
145.75
145.5
145.5
146.25
146.25
146.25
146.0
146.0
146.0
146.0
145.75
145.75
145.75
145.25
144.25
144.25
142.5
142.5
141.0
141.0
140.5
139.5
139.5
139.25
139.25
139.5
139.5
139.5
140.0
140.0
140.75
140.75
141.25
142.0
142.0
142.75
142.75
142.0
142.0
142.0
142.5
142.5
142.25
142.5
142.5
143.25
143.25
143.25
142.25
142.25
141.75
141.75
140.5
140.5
139.25
138.5
138.5
139.5
139.5
140.75
141.75
141.75
142.0
142.0
142.25
142.25
143.25
142.0
142.0
140.75
140.75
140.5
140.25
140.25
139.5
139.5
139.5
139.5
139.75
140.25
140.25
142.0
142.0
142.25
142.5
142.5
142.75
142.75
144.25
145.0
145.0
146.5
146.5
144.5
144.5
146.0
146.0
144.0
145.75
145.75
145.75
146.5
146.5
147.25
147.25
145.25
146.0
146.0
147.5
147.5
147.0
147.0
147.0
147.0
146.25
148.0
148.0
148.25
148.25
149.0
150.75
149.75
149.75
149.25
150.0
150.0
148.75
148.75
147.0
146.5
146.5
145.25
145.25
144.75
145.5
145.5
145.5
145.5
145.5
145.5
145.5
145.5
145.5
145.5
145.5
145.5
146.0
143.25
143.25
144.5
144.5
143.25
143.75
143.75
143.5
143.5
143.25
142.75
142.75
142.5
142.5
142.25
143.25
143.25
142.0
142.0
142.0
142.0
141.5
143.0
143.0
144.0
143.25
143.25
141.25
141.25
141.0
141.0
137.0
126.5
126.5
122.5
122.5
120.0
120.0
121.5
121.5
121.5
121.5
122.0
122.0
123.25
123.25
126.75
126.75
124.5
124.5
124.0
124.0
125.0
125.0
124.0
124.0
125.25
125.25
125.25
125.25
123.0
123.0
125.0
123.5
123.5
123.5
125.75
125.75
125.75
126.0
125.75
125.75
125.75
125.75
125.75
126.0
126.35
126.7
127.05
127.4
127.75
128.1
128.45
128.8
129.15
129.5
131.75
131.75
131.75
137.0
137.75
137.75
136.75
136.75
133.5
131.5
131.5
128.5
128.5
126.5
126.5
126.5
125.25
125.25
126.75
126.75
128.0
128.0
128.5
128.5
135.0
135.0
137.75
137.75
140.25
140.25
141.5
144.25
144.25
145.25
145.25
145.75
146.75
146.75
147.0
147.5
147.5
149.0
149.0
149.5
149.0
149.0
150.0
151.25
151.25
152.0
152.25
152.25
152.25
152.25
151.75
150.5
150.5
150.0
150.0
148.75
148.0
148.0
147.0
146.0
146.0
144.75
142.25
142.25
140.75
140.75
139.75
139.75
140.75
140.5
140.5
140.5
140.5
141.25
140.75
140.75
140.5
140.5
140.5
140.5
141.75
141.75
142.75
143.5
143.5
142.75
142.25
142.25
140.75
140.75
139.75
139.25
139.25
139.5
139.5
138.75
138.75
139.0
139.0
139.0
139.75
139.75
140.5
140.5
140.75
139.25
139.25
138.75
138.75
138.25
138.25
139.25
140.0
140.0
141.25
141.25
142.0
142.25
142.25
142.25
142.25
142.25
142.25
141.25
140.25
140.25
139.5
139.5
138.75
138.5
138.5
139.0
139.0
140.0
140.0
139.5
139.5
139.5
140.75
140.75
141.0
141.0
141.0
140.75
140.75
141.0
141.0
140.75
140.75
140.75
140.0
140.0
139.5
139.5
139.5
139.5
139.5
139.5
139.5
137.75
139.25
139.25
138.75
138.75
138.25
138.25
139.25
140.0
140.0
141.0
141.0
141.0
142.0
142.0
143.0
143.0
144.0
144.75
144.75
144.25
144.25
143.25
141.0
141.0
140.5
140.5
138.5
138.5
137.5
137.75
137.75
138.0
138.0
138.5
138.5
138.5
139.5
139.5
140.5
140.5
139.5
139.0
139.0
139.25
139.25
138.5
138.5
139.5
141.0
141.0
142.0
142.0
142.5
142.5
142.5
141.0
141.0
139.25
139.25
138.0
136.75
136.75
135.0
135.0
134.75
134.75
135.5
135.75
135.75
137.0
137.0
138.0
138.0
139.25
140.0
140.0
140.75
140.75
141.0
140.25
140.25
138.75
138.75
138.25
138.25
137.5
138.25
138.25
137.5
137.5
138.0
138.5
138.5
138.0
138.0
138.75
139.5
139.5
140.5
140.5
140.75
140.25
140.25
140.5
140.5
140.0
140.0
140.5
141.0
141.0
142.0
142.0
142.25
142.0
142.0
140.5
140.5
140.25
139.5
139.5
139.75
139.75
140.25
140.5
140.5
140.5
140.5
139.5
139.5
139.0
139.0
138.25
137.5
137.5
137.5
137.5
137.25
137.5
137.5
137.25
137.25
137.0
137.0
137.25
138.25
138.25
138.5
138.5
139.5
142.0
142.0
143.0
143.0
143.25
143.25
144.25
144.25
144.0
144.0
143.25
144.0
144.0
144.0
140.5
140.5
139.25
139.25
135.75
134.75
134.75
134.5
134.5
133.5
133.5
133.5
135.25
135.25
133.75
133.75
132.75
132.75
130.25
130.25
127.5
127.5
130.75
130.75
133.75
132.5
132.5
132.5
132.5
132.5
132.5
132.5
132.5
132.5
132.5
132.25
132.25
132.5
129.05
125.6
122.15
118.7
115.25
115.25
115.75
115.75
117.0
119.25
119.25
125.75
125.75
133.25
133.25
135.5
135.0
135.0
134.75
134.25
134.25
133.25
133.25
133.25
133.25
134.25
134.25
135.75
137.5
137.5
138.5
138.5
138.0
139.5
139.5
140.75
140.75
142.25
144.0
144.0
145.0
145.0
145.5
145.75
145.75
146.25
146.75
146.75
146.0
146.0
145.0
145.0
143.25
143.75
143.75
145.5
146.5
146.5
146.25
146.25
145.75
146.5
146.5
146.5
147.5
147.5
147.5
147.5
147.0
147.0
145.75
144.5
144.5
143.5
143.5
143.0
141.5
141.5
140.5
140.5
139.75
140.0
140.0
141.25
141.25
142.25
142.25
141.0
139.5
139.5
138.25
138.25
137.0
137.0
138.25
138.0
138.0
138.25
138.25
138.5
139.0
139.0
137.5
137.5
137.5
137.5
137.75
138.75
138.75
138.5
138.5
138.5
138.5
140.0
141.5
141.5
143.0
143.0
143.5
143.25
143.25
143.25
143.25
143.5
143.5
143.5
143.0
143.0
142.0
140.75
140.75
141.0
141.0
141.0
141.0
141.25
140.75
140.75
140.75
140.75
140.75
141.0
141.0
142.0
142.0
142.25
142.25
142.25
142.0
142.0
142.0
142.25
142.25
145.25
145.25
145.75
145.5
145.5
144.5
144.5
142.5
142.5
142.0
143.0
143.0
144.0
145.0
145.0
145.0
145.0
145.0
143.75
143.75
142.5
142.5
143.5
144.0
144.0
144.75
144.75
145.75
145.75
145.75
145.25
145.25
145.5
146.75
146.75
148.25
148.25
148.5
147.5
147.5
146.25
144.75
144.75
142.5
142.5
142.5
142.5
142.75
143.0
143.0
143.0
143.0
143.5
143.0
143.0
144.0
144.0
145.75
147.75
147.75
148.75
149.5
149.5
149.0
149.0
149.0
149.25
149.25
148.25
148.25
147.0
145.0
145.0
139.5
139.5
136.5
136.5
135.5
136.0
136.0
135.0
135.0
135.0
135.0
136.5
138.0
138.0
140.0
140.0
143.0
145.0
145.0
144.5
144.5
145.0
146.0
146.0
146.5
146.5
145.75
145.25
145.25
144.25
144.25
143.25
142.0
142.0
139.25
139.25
139.5
139.5
138.5
138.25
138.25
138.5
138.5
139.0
139.5
139.5
140.75
140.75
140.75
140.75
140.5
140.75
140.75
140.25
140.25
141.0
140.0
140.0
140.0
140.0
141.75
142.75
142.75
142.5
142.5
141.25
141.25
140.25
138.75
138.75
137.75
137.75
137.25
137.25
137.0
136.75
136.75
137.5
137.5
137.5
137.5
139.0
141.0
141.0
142.0
142.0
142.0
142.75
142.75
143.75
143.75
143.25
143.25
143.25
144.25
144.25
144.75
145.0
145.0
145.0
145.0
146.0
146.25
146.25
145.75
147.0
147.0
149.75
149.75
150.5
150.0
150.0
150.75
150.0
150.0
150.0
150.0
150.0
147.25
147.25
146.75
146.75
146.0
146.0
146.0
145.5
145.25
145.25
144.25
144.25
143.0
143.0
142.75
141.5
141.5
140.75
140.75
140.5
140.75
140.75
141.5
141.5
143.25
144.25
144.25
145.75
145.75
146.0
145.0
145.0
145.0
145.0
146.75
146.25
146.25
146.5
146.5
145.25
146.75
146.75
146.25
146.25
145.0
144.0
144.0
143.25
143.25
142.25
143.25
143.25
143.0
143.0
143.5
143.25
143.25
142.25
142.25
142.25
142.25
142.25
142.5
142.5
142.0
142.5
142.5
142.75
142.75
142.0
142.0
141.0
141.0
141.0
140.75
140.75
141.25
143.0
143.0
143.25
143.25
142.75
143.25
143.25
142.75
142.75
143.25
143.25
143.25
144.0
144.0
145.5
146.75
146.75
147.0
147.0
147.0
147.0
147.0
147.25
147.0
147.0
146.5
146.5
144.25
145.5
145.5
144.5
144.5
143.25
142.0
142.0
140.0
140.0
136.75
136.75
135.75
135.75
135.75
136.0
136.0
136.25
136.25
137.5
138.5
138.5
140.5
140.5
142.0
142.5
142.5
143.5
143.5
144.5
146.75
146.75
147.75
148.25
148.25
148.75
148.75
149.5
150.0
150.0
150.5
151.25
151.25
152.25
152.25
152.75
153.25
153.25
153.75
153.75
153.75
154.25
155.0
155.0
155.75
155.75
155.75
155.0
154.75
154.75
155.25
155.25
155.5
155.25
155.25
155.0
154.75
154.75
154.25
153.25
153.25
152.0
151.75
151.75
152.5
152.5
153.25
155.0
155.0
155.75
156.5
156.5
155.0
154.25
154.25
154.5
154.5
154.5
155.0
155.0
155.25
154.5
154.5
152.75
151.25
151.25
150.25
150.25
150.0
148.75
148.75
147.5
147.25
147.25
146.75
146.75
145.75
145.75
145.75
146.75
146.75
145.5
146.25
146.25
147.0
147.0
147.5
147.75
147.75
148.0
147.5
147.5
147.0
147.0
147.0
147.75
147.75
148.25
148.25
148.0
148.75
148.75
149.75
150.0
150.0
149.5
149.75
149.75
149.25
149.25
150.0
152.0
152.0
151.25
152.25
152.25
152.5
152.5
150.0
150.0
150.75
150.75
149.25
144.75
144.75
141.25
141.25
141.25
141.0
140.25
140.25
142.0
142.0
137.75
137.75
136.5
137.0
137.0
137.5
137.5
138.0
138.0
139.5
141.0
141.0
142.0
142.0
142.75
143.5
143.5
144.5
145.25
145.25
146.25
146.25
147.5
148.25
148.25
149.25
149.0
149.0
146.0
146.0
138.5
138.5
133.75
133.75
133.5
133.75
133.75
134.0
134.0
135.0
135.0
137.5
139.25
139.25
140.5
140.5
141.75
141.0
141.0
142.25
142.25
143.5
146.25
146.25
147.25
147.25
148.5
148.25
148.25
147.0
147.0
146.25
146.25
146.25
145.5
145.0
145.0
145.0
145.0
145.0
145.0
145.0
145.25
145.25
146.25
146.75
146.75
148.0
148.0
147.75
147.0
147.0
145.5
145.5
144.25
143.25
143.25
143.25
145.5
145.5
148.0
148.0
149.25
150.75
150.75
152.25
152.5
152.5
152.5
152.5
152.0
151.75
151.75
151.75
151.75
151.75
150.0
150.0
148.0
147.75
147.75
146.5
146.5
144.75
144.0
144.0
143.5
143.5
144.0
144.25
144.25
144.75
144.75
144.25
144.5
144.5
145.0
147.5
147.5
145.25
145.25
144.25
144.25
141.25
138.5
138.5
136.75
136.75
130.25
130.25
130.25
130.25
130.25
135.25
135.25
139.0
139.0
139.25
142.0
142.0
142.0
142.0
143.25
143.5
143.5
143.5
143.5
144.0
144.75
144.75
145.25
145.25
144.75
144.0
144.0
143.25
143.25
142.25
143.0
143.0
144.5
144.5
145.75
147.0
147.0
148.0
148.0
149.5
150.25
150.25
151.5
152.5
152.5
154.25
154.75
154.75
157.0
157.75
157.75
156.25
155.25
155.25
155.25
156.5
156.5
155.75
155.75
155.5
155.25
155.25
156.75
157.5
157.5
156.75
157.75
157.75
156.25
156.25
156.25
157.0
157.5
157.5
156.5
157.0
157.0
157.25
156.5
156.5
156.75
155.75
155.75
154.75
154.75
154.25
154.0
154.0
153.0
153.25
153.25
153.5
154.75
154.75
153.5
153.5
154.5
153.25
153.25
151.5
151.25
151.25
150.25
150.25
149.75
148.25
148.25
147.25
147.0
147.0
147.5
147.5
147.5
147.0
147.0
147.5
147.5
149.25
150.0
150.0
150.5
151.5
151.5
152.5
152.75
152.75
152.75
152.75
152.75
152.25
152.25
151.25
149.25
149.25
147.75
147.75
147.5
148.0
148.0
146.5
146.5
146.25
145.5
145.5
145.5
145.5
147.0
147.75
147.75
147.25
147.0
147.0
149.0
149.0
150.75
151.5
151.5
151.75
150.25
150.25
151.0
151.0
150.75
150.5
150.5
151.0
150.0
150.0
148.75
148.75
148.75
149.5
149.5
149.5
150.0
150.0
150.0
150.0
150.0
150.0
150.0
150.0
149.75
149.75
150.0
150.0
150.0
151.75
151.75
151.25
151.25
151.25
156.5
156.25
156.25
155.5
156.25
156.25
156.5
156.5
156.5
156.75
157.25
157.25
157.0
156.75
156.75
155.0
155.0
151.75
150.5
150.5
150.25
150.25
150.0
149.75
149.75
149.5
150.0
150.0
150.75
152.0
152.0
152.5
152.5
153.75
154.5
154.5
153.5
155.25
155.25
157.0
157.25
157.25
157.75
157.25
157.25
155.0
155.0
155.0
154.0
154.0
152.5
153.75
153.75
153.5
152.0
152.0
152.0
151.0
151.0
151.0
151.0
150.75
150.75
150.75
150.5
150.0
150.0
148.75
148.75
148.5
149.75
149.75
151.0
152.25
152.25
152.25
152.25
152.25
152.25
152.5
152.25
152.25
155.75
155.75
155.75
155.75
157.25
157.25
157.25
157.0
156.75
156.75
157.75
156.75
156.75
154.75
154.75
153.75
153.5
153.5
152.25
150.75
150.75
149.75
149.75
147.5
144.0
144.0
140.5
140.5
137.0
137.0
140.75
139.5
139.5
139.5
139.5
140.25
141.25
141.25
142.0
142.0
143.25
145.0
145.0
145.0
145.0
145.0
145.75
149.25
151.25
151.25
152.0
152.25
152.25
153.75
151.25
151.25
150.25
150.25
152.75
150.25
150.25
147.0
147.0
146.75
145.0
145.0
141.25
141.25
140.75
140.75
140.25
143.0
143.0
143.0
143.0
142.0
142.0
138.75
138.75
121.75
123.5
123.5
125.0
125.0
125.0
129.25
129.25
127.75
127.75
130.25
130.25
132.25
132.25
133.5
133.0
133.0
131.25
131.25
126.75
126.75
120.0
120.0
115.5
115.5
119.25
119.25
123.25
123.25
132.25
132.25
134.25
135.5
135.5
133.75
133.75
134.25
134.25
134.25
134.25
134.5
134.5
134.5
134.25
134.25
134.25
134.25
134.25
134.25
142.5
143.75
145.0
145.0
144.75
145.5
145.5
147.0
147.0
148.75
150.5
150.5
151.5
153.0
153.0
153.5
154.25
154.25
154.0
154.5
154.5
154.75
154.75
155.0
156.0
156.0
156.0
156.0
156.0
156.0
155.25
155.25
154.75
155.75
155.75
155.25
155.25
155.25
154.5
154.5
154.0
153.0
153.0
150.25
150.0
150.0
149.0
149.0
149.0
148.25
148.25
149.25
150.0
150.0
150.0
149.5
149.5
150.75
150.75
153.0
155.0
155.0
155.0
155.0
155.0
154.75
154.0
154.0
154.0
154.0
154.25
154.0
154.0
153.5
153.25
153.25
154.0
153.0
153.0
152.25
152.25
153.25
154.5
154.5
154.75
155.25
155.25
153.25
152.25
152.25
152.0
152.0
151.5
150.0
150.0
149.75
150.5
150.5
151.75
152.75
152.75
154.75
154.75
155.5
155.25
155.25
154.75
153.75
153.75
153.5
154.0
154.0
153.75
153.75
153.5
152.25
152.25
152.75
153.75
153.75
154.25
154.25
154.25
154.0
154.0
153.75
154.0
154.0
153.75
154.75
154.75
155.25
154.25
154.25
153.25
155.25
155.25
155.25
155.25
155.25
155.25
155.25
155.25
148.25
148.25
151.0
152.75
152.75
153.25
154.0
154.0
154.75
154.75
155.25
154.25
154.25
155.0
157.0
157.0
156.75
157.25
157.25
157.0
157.0
157.0
157.25
159.0
159.0
159.5
159.25
159.25
158.25
158.25
158.25
158.5
159.0
159.0
160.0
159.5
159.5
159.5
159.0
159.0
157.75
157.75
158.25
158.25
158.25
157.75
157.25
157.25
158.0
157.75
157.75
158.75
159.25
159.25
160.75
160.5
161.5
161.5
162.25
164.5
164.5
163.75
162.0
162.0
162.75
164.25
164.25
164.0
162.25
162.25
158.0
158.0
153.0
153.25
153.25
153.5
154.75
154.75
155.0
156.0
156.0
157.25
158.25
158.25
158.5
159.0
159.0
158.75
157.75
157.75
157.5
157.5
157.5
157.5
157.5
157.25
157.25
157.25
157.25
154.0
154.25
154.25
155.0
156.0
153.25
153.25
153.25
153.25
154.25
153.0
153.0
152.5
153.25
153.25
152.75
152.75
153.0
155.25
155.25
154.5
154.75
154.75
154.75
156.25
156.25
156.5
157.0
157.0
158.25
158.25
158.25
156.0
156.0
156.0
155.25
157.0
157.0
156.5
156.5
156.75
156.75
156.75
156.75
156.75
156.75
157.0
157.0
157.0
156.75
156.75
156.75
160.0
160.0
159.5
157.75
157.75
157.75
162.0
160.25
160.25
157.25
162.0
162.0
162.0
162.0
162.0
162.0
162.0
162.0
162.0
162.0
162.0
162.0
162.0
158.75
158.75
158.75
158.5
158.5
159.0
159.0
159.25
159.25
158.5
158.5
157.0
156.25
156.25
156.25
153.25
153.0
153.0
151.75
151.25
151.25
150.0
150.0
150.5
152.5
152.5
154.0
153.0
153.0
155.25
155.25
152.5
150.75
150.75
149.75
150.0
150.0
151.75
151.25
151.25
149.75
149.75
149.25
149.25
146.5
144.75
144.75
144.75
147.0
147.0
147.0
148.5
149.0
149.0
149.0
149.0
148.75
150.25
150.25
150.25
149.75
149.75
152.75
153.0
153.0
153.25
153.25
154.5
154.75
154.75
154.75
154.75
154.75
154.25
154.75
154.75
155.5
155.5
155.5
155.25
156.5
156.5
158.0
158.0
155.75
157.0
157.0
155.0
154.75
154.75
157.25
158.25
158.25
158.75
159.0
159.0
158.25
162.0
162.0
163.5
161.0
161.0
162.25
160.25
160.25
163.25
168.5
165.75
165.75
166.0
164.0
164.0
163.5
162.25
162.25
160.0
160.0
156.25
150.75
150.75
145.75
145.75
142.75
141.75
141.75
139.75
139.75
138.25
138.25
139.25
136.75
136.75
138.5
138.5
140.75
143.5
143.5
145.25
145.25
147.0
148.75
148.75
149.0
150.5
150.5
152.0
152.5
152.5
152.0
152.0
152.25
154.0
154.0
153.75
154.5
154.5
156.5
159.0
159.0
159.5
157.5
157.5
159.0
158.25
158.25
158.25
158.25
158.25
157.5
157.25
157.25
157.25
158.25
158.25
158.75
159.5
159.5
161.0
161.0
161.0
161.25
160.75
160.75
160.75
161.0
161.0
161.5
161.5
161.5
161.75
161.75
161.75
160.5
161.0
161.0
160.25
160.75
160.75
161.5
162.25
162.25
161.75
162.0
162.0
162.25
161.25
161.25
160.5
158.5
158.5
157.5
157.5
157.5
156.5
156.75
156.75
155.25
155.25
154.5
154.5
154.5
150.5
154.5
154.5
155.0
153.75
153.75
154.75
156.75
156.75
157.0
157.5
157.5
157.75
157.5
157.5
157.75
157.75
158.5
158.75
159.0
159.0
159.5
159.5
158.75
158.25
158.25
159.0
158.25
158.25
159.5
158.5
158.5
158.75
160.0
160.0
160.0
159.5
159.5
159.5
159.5
157.0
157.0
161.25
161.25
162.25
164.0
164.0
163.5
163.5
164.75
164.75
164.75
164.75
164.0
164.0
166.25
166.25
167.0
168.25
169.0
169.0
169.5
170.5
170.5
171.0
170.5
169.25
169.25
167.75
166.75
166.75
165.0
161.75
161.75
158.75
157.75
157.75
156.75
156.75
155.5
154.5
154.5
153.25
152.75
152.75
152.5
152.5
152.0
151.75
151.75
154.5
152.5
152.5
153.75
153.25
153.25
155.0
155.0
155.0
160.5
162.25
162.25
159.0
158.5
158.5
158.25
159.0
159.0
157.75
157.75
156.75
158.75
158.75
157.75
158.0
158.0
158.25
159.25
159.25
160.25
160.25
160.0
160.0
160.0
161.5
161.5
161.75
161.5
161.5
161.5
161.5
161.5
161.0
161.25
161.25
160.0
160.25
160.25
160.0
161.25
161.25
160.0
160.5
160.5
156.75
157.25
157.25
157.75
157.75
157.75
157.75
157.75
157.75
157.75
157.75
157.75
157.75
158.0
157.75
157.75
158.0
158.0
158.0
158.0625
158.125
158.1875
158.25
158.3125
158.375
158.4375
158.5
158.5625
158.625
158.6875
158.75
158.8125
158.875
158.9375
159.0
159.0625
159.125
159.1875
159.25
159.3125
159.375
159.4375
159.5
159.5
159.5
160.25
161.0
161.0
161.5
161.0
161.0
161.25
161.5
161.5
162.0
161.0
161.0
161.75
161.25
161.25
161.25
161.25
161.5
161.5
162.0
161.75
161.75
162.75
162.25
162.25
161.75
162.0
162.0
158.0
158.0
158.0
158.0
158.0
158.0
157.75
158.0
158.0
155.75
155.75
154.5
155.0
155.0
156.0
156.25
156.25
157.0
157.0
157.0
157.75
156.75
156.75
158.0
157.0
157.0
158.0
157.25
157.25
156.75
156.75
156.75
156.75
157.0
157.0
159.5
158.5
158.5
157.75
158.0
158.0
157.5
157.25
157.25
157.0
157.5
157.5
157.5
157.5
157.5
157.5
157.5
157.25
157.25
157.25
158.5
158.5
160.5
161.0
161.0
161.75
161.75
162.25
162.25
160.75
162.0
160.25
160.25
161.75
160.75
160.75
161.25
160.25
160.25
161.75
161.75
162.0
162.5
161.5
161.5
161.5
161.5
161.5
160.5
167.75
167.75
163.25
162.5
162.5
160.25
160.25
160.25
160.0
161.0
161.0
159.0
159.0
159.0
159.0
158.5
158.5
158.5
158.25
157.25
157.25
156.5
157.75
157.75
158.0
157.25
157.25
156.75
155.5
155.5
153.75
153.5
153.5
154.25
154.25
152.75
152.75
152.75
154.5
156.25
156.25
157.5
158.0
158.0
160.0
158.5
158.5
158.5
157.25
157.25
158.5
159.0
159.0
160.5
160.75
160.75
160.0
158.25
158.25
155.0
153.75
153.75
150.0
150.0
148.0
145.5
145.5
143.75
143.75
143.25
142.25
142.25
143.0
143.0
146.5
146.5
146.75
146.75
144.0
144.0
142.0
142.0
139.25
139.25
137.25
137.25
137.5
140.25
140.25
140.0
140.0
141.0
139.75
139.75
139.75
139.75
140.25
140.25
140.75
142.25
142.25
144.0
144.0
144.0
144.0
144.0
144.0
144.0
144.0
143.75
143.75
146.15
148.55
150.95
153.35
155.75
152.25
152.25
146.5
146.5
143.25
142.75
142.75
142.75
142.0
142.0
148.0
148.0
148.0
148.0
148.0
148.0
148.0
148.0
148.0
148.0
148.0
148.0
148.0
147.75
147.75
147.33333333333334
146.91666666666666
146.5
146.08333333333334
145.66666666666666
145.25
144.83333333333334
144.41666666666666
144.0
143.58333333333334
143.16666666666666
142.75
142.33333333333334
141.91666666666666
141.5
142.0
142.0
142.25
142.25
140.75
140.0
140.0
140.5
140.5
140.75
141.25
141.25
141.25
141.25
142.0
142.0
142.0
142.0
142.0
147.0
147.0
144.0
144.0
144.0
144.0
144.0
143.75
143.75
143.75
141.25
141.25
141.0
141.0
141.75
141.75
142.0
142.0
142.5
143.75
143.75
143.75
143.25
142.0
142.0
138.75
138.75
136.75
136.75
137.0
137.0
137.5
139.0
139.0
140.0
140.25
140.25
139.25
139.25
138.5
138.5
138.0
138.0
139.5
138.25
138.25
139.0
139.0
140.5
143.0
143.0
145.0
145.0
146.5
149.75
149.75
150.0
152.0
152.0
153.5
153.5
154.5
153.5
153.5
153.0
153.5
153.5
151.75
151.75
151.0
151.0
150.0
149.75
149.75
149.75
145.5
143.5
143.5
143.5
143.5
142.5
139.5
139.5
137.5
137.5
136.5
137.25
137.25
138.5
139.5
139.5
138.5
138.5
137.5
137.5
127.0
127.0
127.25
127.25
129.5
130.25
130.25
126.75
126.75
123.5
123.5
123.5
134.25
134.25
134.25
134.25
134.25
134.5
134.5
134.5
134.5
141.0
138.5
138.5
135.75
135.75
135.75
135.75
125.0
125.0
123.5
123.5
125.75
125.75
122.25
122.25
122.25
122.25
123.25
126.5
126.5
129.75
129.75
132.0
132.0
135.75
139.0
139.0
139.5
139.5
139.5
139.5
139.0
139.0
139.0
139.0
139.0
139.0
138.75
138.75
138.75
138.25
138.25
137.5
137.5
135.75
135.75
133.5
132.0
132.0
131.5
131.5
132.0
132.0
134.0
134.0
134.0
134.0
132.5
132.0
132.0
130.25
130.25
130.5
130.5
131.5
131.5
133.5
136.5
136.5
138.5
138.5
139.25
140.5
140.5
141.75
141.75
143.0
145.75
145.75
150.0
150.0
150.0
150.0
151.75
156.0
156.0
156.0
150.0
150.0
150.5
150.5
150.5
150.75
150.75
150.75
150.75
150.75
150.25
150.0
150.0
149.0
149.0
150.25
150.0
150.0
148.5
150.75
150.75
150.0
150.0
150.25
150.5
150.5
154.75
155.0
155.0
152.5
152.5
152.5
152.5
152.5
152.5
152.5
152.25
152.25
148.5
148.5
145.75
145.0
145.0
145.25
145.25
145.25
144.5
144.5
144.5
144.5
144.5
144.5
144.5
144.5
144.5
144.5
144.25
144.5
144.5
148.75
148.75
148.25
149.25
149.25
151.0
152.75
152.75
152.0
150.25
150.25
148.75
148.75
147.25
145.75
145.75
144.5
144.5
143.25
143.75
143.75
144.5
144.5
144.75
145.5
145.5
148.0
150.75
150.75
152.5
152.5
153.25
153.0
153.0
152.25
152.5
152.5
152.25
152.25
150.0
147.75
147.75
145.5
145.5
145.0
144.25
144.25
144.75
144.75
144.25
143.25
143.25
144.25
144.25
145.0
145.5
145.5
146.75
147.5
147.5
148.5
148.5
147.75
148.0
148.0
147.25
147.0
147.0
147.0
147.0
144.5
144.25
144.25
143.75
143.75
142.75
142.75
143.5
144.25
144.25
143.75
144.5
144.5
145.25
145.25
146.25
146.25
148.75
148.75
150.75
152.75
152.75
154.25
156.75
156.75
156.75
157.0
157.5
157.5
156.75
156.75
155.25
155.0
155.0
155.5
157.0
157.0
158.0
159.0
159.0
158.75
158.0
158.0
157.5
157.75
157.75
159.0
158.75
158.75
158.0
157.25
157.25
157.75
157.75
157.75
158.75
158.75
157.5
154.75
154.75
153.25
153.75
153.75
155.25
156.0
156.0
156.25
157.5
157.5
157.5
157.5
157.5
160.25
159.5
157.5
157.5
159.5
159.5
156.75
157.75
157.75
158.75
158.75
160.75
160.75
160.0
160.5
160.5
157.25
157.25
156.75
156.5
156.5
156.75
157.25
157.25
157.0
157.0
157.0
157.25
157.5
157.5
158.5
159.0
159.0
159.25
159.25
159.25
159.5
159.5
159.5
160.5
160.25
160.25
160.0
160.25
160.25
159.0
159.0
159.25
160.0
160.0
155.0
155.75
155.75
156.5
156.0
156.0
156.75
157.25
157.25
158.5
156.5
156.5
156.0
156.5
156.5
156.0
155.0
155.0
155.75
157.0
157.0
157.75
157.75
159.0
158.75
158.0
158.0
158.5
158.5
160.5
160.5
160.75
161.0
161.0
161.75
162.25
162.25
163.25
164.0
164.0
164.25
164.5
164.5
164.75
164.5
164.5
164.5
164.25
164.75
164.75
165.0
164.75
164.75
164.25
163.5
163.5
163.25
162.75
162.75
162.75
164.5
165.0
165.0
165.0
164.25
164.25
164.0
164.0
164.0
163.5
163.25
163.25
164.0
164.25
164.25
164.25
164.25
164.25
164.25
164.0
164.0
164.0
165.0
165.5
165.5
165.0
165.0
165.0
164.25
163.25
163.25
162.75
162.5
162.5
162.75
161.5
161.5
161.75
162.0
162.0
161.5
164.25
164.25
164.0
164.5
164.25
164.25
165.0
164.75
164.75
164.25
164.75
164.75
165.75
164.25
164.25
164.5
165.0
166.5
166.5
166.25
164.25
164.25
164.25
165.5
165.5
166.0
165.75
165.75
166.0
165.75
165.5
165.5
165.0
165.0
163.5
162.75
161.25
161.25
160.0
160.0
158.25
158.0
158.0
156.75
156.5
156.5
156.75
157.75
157.75
158.25
158.75
158.75
158.75
158.5
158.5
157.75
158.25
158.25
159.5
160.5
160.5
160.75
160.5
160.5
159.25
158.25
158.25
159.5
160.5
160.5
161.25
161.0
161.0
161.0
161.0
161.0
160.5
160.5
160.5
160.25
160.0
160.0
161.0
162.5
162.5
162.75
163.5
163.5
164.0
164.25
164.5
164.5
164.75
164.75
164.75
164.75
165.5
165.5
165.75
166.0
166.0
166.0
166.0
166.0
166.0
165.75
165.5
165.5
165.0
164.75
164.75
164.5
164.25
164.25
164.25
164.0
164.0
164.25
164.5
164.5
164.0
165.0
165.5
165.5
165.5
165.75
165.75
166.5
167.0
167.0
167.5
166.75
166.75
166.75
167.5
167.5
167.5
168.0
168.0
168.0
168.0
167.75
166.5
166.5
165.5
165.0
165.0
165.0
165.75
165.75
166.0
166.25
166.25
165.75
166.25
166.25
166.0
166.5
166.5
166.5
166.75
167.75
167.75
168.0
168.5
168.5
168.5
168.5
169.25
169.25
170.0
170.75
170.75
170.75
170.0
170.75
170.75
171.5
171.5
172.0
171.5
171.5
171.5
171.0
171.0
170.0
169.75
169.25
169.25
168.5
168.5
168.5
168.25
168.25
168.5
168.5
166.75
166.75
166.75
167.75
169.0
169.0
169.0
169.25
170.5
170.5
169.75
168.0
168.0
169.25
169.0
169.0
169.75
169.75
169.75
169.75
168.5
169.0
168.25
168.25
166.5
166.5
165.5
164.5
163.5
163.5
164.0
164.75
164.75
164.5
163.75
163.75
162.75
161.5
161.5
161.25
160.75
160.75
160.0
158.75
158.75
157.75
157.25
157.25
157.0
156.25
156.25
155.0
154.0
154.0
153.25
153.25
154.25
155.0
155.0
155.5
154.5
154.5
154.25
154.5
154.5
153.75
153.75
153.75
154.75
154.75
156.25
157.0
157.0
156.5
156.25
156.25
156.0
156.5
156.5
156.0
156.75
156.75
156.0
156.75
156.75
156.5
156.25
156.25
156.0
156.0
156.75
157.5
157.75
157.75
158.25
158.25
158.5
160.25
160.75
160.75
162.0
160.75
160.75
160.75
160.5
160.25
160.25
160.0
160.0
160.0
158.5
157.75
157.75
156.75
157.25
157.25
156.75
157.75
157.75
157.0
155.75
155.75
156.75
156.75
156.5
156.5
158.75
158.5
158.5
159.25
160.5
160.5
160.75
161.75
161.75
161.75
162.0
162.0
166.25
164.0
163.75
163.75
163.75
163.75
163.75
164.5
163.75
163.75
164.5
164.0
164.75
164.75
164.75
164.75
165.0
163.75
163.75
162.5
166.0
161.25
161.25
162.75
163.25
163.25
162.5
161.0
161.0
160.25
158.25
158.25
157.5
158.25
158.25
158.25
157.5
157.5
158.0
157.5
157.5
158.0
158.0
158.0
159.5
159.25
159.25
160.25
161.25
161.25
161.5
162.25
162.25
161.5
161.5
161.5
163.5
164.75
164.75
165.0
163.75
162.75
162.75
160.5
160.5
158.25
155.5
155.5
153.75
153.75
153.75
153.5
153.5
154.25
153.0
153.0
154.5
154.5
154.75
155.5
155.5
155.75
155.75
155.5
156.0
156.0
157.5
157.5
157.5
157.5
158.25
158.25
158.5
158.5
158.5
158.0
157.5
157.5
157.25
157.75
157.75
157.75
157.25
157.25
157.5
157.75
157.75
157.25
156.75
156.75
157.5
158.25
158.25
157.25
157.0
157.0
156.5
156.5
157.0
157.25
157.25
157.75
158.5
158.5
159.25
159.25
159.25
159.0
158.5
158.5
159.0
158.5
158.5
160.0
161.75
161.75
161.25
159.5
159.5
158.25
157.75
157.75
156.75
156.75
156.75
156.75
157.0
157.0
157.0
158.5
158.5
158.75
158.75
158.75
158.5
157.75
157.75
158.0
158.0
158.5
158.75
158.75
159.0
158.75
158.75
158.5
159.0
159.0
159.25
159.25
159.25
160.25
160.0
160.0
159.5
158.5
158.5
159.0
160.25
160.25
160.5
160.5
160.5
160.5
160.25
160.25
160.5
160.75
160.75
160.0
159.0
159.0
159.0
158.75
158.75
159.25
159.0
159.0
160.25
160.75
160.75
160.0
159.25
159.25
159.25
159.5
159.5
160.0
159.25
159.25
158.75
158.75
158.75
159.25
159.25
159.25
157.75
158.5
158.5
157.0
157.25
157.25
157.75
157.25
157.25
157.25
159.5
159.5
159.0
158.5
158.5
158.25
158.25
158.25
159.0
159.25
159.25
159.5
160.5
160.5
159.25
158.75
158.75
159.25
158.5
158.5
158.75
159.5
159.5
160.25
160.75
160.75
160.5
160.25
160.25
161.25
161.25
161.25
161.75
161.5
161.5
162.0
162.0
162.0
163.25
160.25
160.25
160.25
160.0
160.0
160.75
164.5
164.5
164.0
163.5
163.5
164.25
165.5
165.5
164.75
167.0
166.75
166.75
167.5
166.5
166.5
166.25
166.75
166.75
163.25
163.25
163.25
163.25
163.25
163.25
163.5
163.5
156.0
156.0
154.25
154.5
154.5
153.0
153.0
148.75
146.75
146.75
145.75
145.75
145.75
145.75
145.0
145.0
145.75
146.25
146.25
147.0
147.0
145.5
144.75
144.75
144.25
144.25
143.5
143.5
143.5
143.25
143.25
144.25
145.0
145.0
145.5
145.5
145.5
145.5
145.5
145.0
145.0
145.0
145.25
145.25
145.25
144.25
144.25
144.25
144.25
143.0
143.0
142.75
143.25
143.25
143.25
143.25
143.25
143.25
143.25
143.25
143.25
143.25
143.25
143.25
143.25
143.25
143.25
143.25
144.25
145.25
146.25
147.25
148.25
148.5
148.5
149.0
149.0
149.75
149.25
149.25
148.75
148.75
149.0
149.75
149.75
150.25
150.5
150.5
150.25
150.25
150.25
150.0
150.0
149.75
148.75
148.75
147.0
147.0
146.0
145.75
145.75
145.5
145.5
145.25
145.25
145.25
145.75
145.75
145.75
148.25
148.25
148.25
149.25
149.25
149.75
150.0
150.0
150.25
150.25
149.75
149.75
150.25
150.25
150.25
151.0
151.0
150.0
150.0
150.0
149.75
149.5
149.5
149.75
149.75
150.25
150.75
150.75
151.75
153.0
153.0
154.75
154.0
154.0
154.0
154.0
153.75
153.5
153.5
153.0
152.75
152.75
152.5
152.5
152.5
152.25
152.25
151.5
151.0
151.0
150.75
150.75
149.75
150.25
150.25
151.5
150.25
150.25
151.0
151.5
151.5
152.25
152.0
152.0
152.25
152.25
153.0
153.75
153.75
154.0
154.5
154.5
154.25
153.5
153.5
152.75
152.75
153.75
153.0
153.0
153.0
152.5
152.5
151.25
151.25
150.75
150.75
150.75
150.5
150.0
150.0
149.75
150.0
150.0
148.5
148.5
147.5
147.5
147.5
147.25
148.25
148.25
148.75
148.75
148.75
149.25
150.0
150.0
150.75
150.25
150.25
151.25
151.25
152.25
152.75
152.75
152.75
152.0
152.0
151.25
150.5
150.5
150.5
150.5
150.75
150.5
150.5
151.5
151.5
151.5
151.5
151.5
151.25
151.25
151.25
152.5
150.25
150.25
150.75
151.0
151.0
149.75
149.75
150.75
149.5
149.5
149.0
149.0
149.5
150.0
150.0
148.25
148.0
148.0
148.75
148.75
149.25
150.25
150.25
150.5
151.75
151.75
151.5
151.5
152.0
150.5
150.5
152.25
151.25
151.25
151.5
152.25
152.25
152.75
152.25
152.25
152.0
152.0
151.75
151.75
151.75
151.25
150.0
150.0
150.25
150.25
150.75
151.5
151.5
151.75
150.75
150.75
150.0
150.0
150.25
151.25
151.25
151.75
152.25
152.25
152.75
153.0
153.0
153.75
153.75
153.0
155.0
155.0
155.0
155.0
155.0
155.0
155.0
154.75
154.75
155.0
151.0
151.0
151.5
151.5
153.75
153.5
153.5
153.5
152.75
152.75
153.5
151.5
151.5
151.5
152.0
152.0
150.25
149.25
149.25
150.25
149.25
149.25
149.25
150.0
150.0
150.75
151.0
151.0
151.75
151.75
151.25
151.0
151.0
151.5
150.75
150.75
150.0
150.0
149.25
149.0
149.0
149.75
149.75
148.75
149.25
149.25
148.5
146.75
146.75
145.0
145.0
145.25
145.25
148.5
149.5
149.5
150.0
150.0
149.75
149.75
149.0
149.0
149.75
147.75
147.75
148.5
148.5
147.25
146.25
146.25
144.5
144.5
143.5
143.75
143.75
143.5
143.5
145.0
145.0
145.0
146.0
146.0
147.25
146.75
146.75
147.5
148.25
148.25
149.0
149.5
149.5
148.5
148.5
148.0
147.75
147.75
148.75
148.75
147.25
146.0
146.0
144.75
144.75
145.25
145.75
145.75
146.25
146.25
147.25
148.75
148.75
149.0
150.25
150.25
150.75
151.75
151.75
153.0
153.0
153.5
154.0
154.0
154.0
154.5
154.5
153.75
153.75
153.75
153.0
153.0
152.75
153.25
153.25
153.5
152.75
152.75
152.5
152.25
152.25
153.0
153.25
153.25
153.25
153.25
153.5
153.5
153.5
153.0
153.0
153.0
153.0
153.5
153.5
153.75
153.75
155.0
153.5
153.5
153.5
154.0
154.0
154.25
154.25
154.25
154.0
154.5
154.5
155.25
155.25
155.25
155.5
155.5
153.75
153.5
153.5
153.25
152.5
152.5
152.75
152.75
152.5
152.25
152.25
153.0
152.25
152.25
152.75
153.0
153.0
152.5
152.5
152.0
151.75
151.75
153.0
153.0
153.0
153.0
154.0
154.0
154.5
154.5
153.75
152.5
152.5
152.5
152.75
152.75
153.25
153.25
153.25
154.25
154.0
154.0
153.5
153.5
153.5
153.75
153.75
154.0
154.5
154.5
153.75
153.0
153.0
152.5
152.5
152.75
153.0
153.0
152.75
152.5
152.5
152.5
153.25
153.25
153.25
153.25
153.5
153.5
153.5
153.25
153.0
153.0
153.25
155.25
155.25
151.25
152.25
152.25
153.5
153.5
153.5
153.5
153.5
153.5
153.5
153.5
153.5
154.25
154.25
154.0
154.25
154.25
154.25
154.25
154.0
153.75
153.75
153.5
153.25
153.25
152.75
152.75
152.5
153.25
153.25
154.5
155.0
155.0
154.25
154.75
154.75
156.75
157.0
157.0
157.0
156.0
156.0
155.0
155.0
154.5
154.0
154.0
153.75
153.0
153.0
153.0
152.0
152.0
151.75
151.75
151.5
151.5
151.5
151.75
152.75
152.75
153.5
154.75
154.75
155.5
155.5
155.5
155.75
155.75
155.75
155.75
155.75
155.5
155.5
155.5
156.0
155.75
155.75
155.5
155.75
155.75
155.5
155.0
155.0
154.75
154.75
154.5
154.25
154.25
154.75
154.75
154.75
154.75
153.75
153.75
153.75
153.75
153.75
154.25
154.25
154.0
154.0
154.0
153.75
154.0
154.0
153.75
153.75
153.75
154.0
154.0
154.5
154.75
154.75
155.0
155.0
155.0
153.5
153.25
153.25
154.5
154.75
154.75
155.25
155.25
154.5
154.0
154.0
154.75
155.0
155.0
156.25
156.5
156.5
153.5
153.5
153.5
151.75
156.25
156.25
156.0
155.5
155.5
155.5
155.5
155.25
155.75
155.75
156.5
157.0
157.0
157.5
157.25
157.25
156.75
156.75
156.75
156.75
156.75
156.75
157.0
157.0
155.25
155.5
155.5
155.0
154.5
154.5
154.5
154.0
154.0
154.0
154.0
153.75
153.75
153.75
154.0
154.25
154.25
154.25
154.25
154.25
154.25
153.75
153.75
153.75
153.75
153.75
154.0
154.0
153.25
152.5
152.5
151.0
151.0
151.5
151.25
151.25
153.5
153.5
151.75
151.75
157.75
157.75
156.5
155.25
155.25
153.75
153.75
152.5
150.0
150.0
149.5
149.5
149.5
149.5
149.5
149.5
149.25
149.25
149.25
150.0
150.0
151.0
152.25
152.25
153.0
153.0
154.0
153.0
153.0
151.75
151.0
151.0
151.25
153.0
153.0
153.0
153.0
151.5
151.75
151.75
152.5
152.0
152.0
152.5
152.5
152.75
151.0
151.0
149.75
148.0
148.0
148.75
148.75
148.5
148.0
148.0
148.25
150.0
150.0
150.25
150.25
151.25
150.75
150.75
150.25
149.5
149.5
149.25
149.25
148.25
148.0
148.0
148.25
149.0
149.0
149.0
149.0
148.25
148.25
148.25
148.75
148.75
148.5
148.0
148.0
147.0
147.75
147.75
148.0
148.0
147.25
147.5
147.5
148.25
149.5
149.5
149.75
149.75
149.5
150.0
150.0
150.0
150.0
150.0
149.75
149.75
149.25
149.0
149.0
149.25
149.25
149.25
149.5
149.5
149.75
150.0
150.0
149.75
149.75
149.5
149.5
149.5
149.0
149.0
149.0
148.75
148.75
148.5
148.0
148.0
148.0
148.0
148.0
147.25
147.25
146.25
145.75
145.75
145.5
145.75
145.75
145.25
145.25
145.5
145.75
145.75
146.0
146.0
145.5
144.75
144.75
144.5
144.5
145.0
146.0
146.0
146.75
146.75
146.0
146.0
146.0
145.25
145.25
145.5
145.0
145.0
145.75
145.0
145.0
144.25
144.25
143.75
143.75
144.25
143.75
143.75
143.75
144.25
144.25
144.5
144.5
144.5
144.5
144.0
143.5
143.5
143.75
143.75
143.25
142.75
142.75
142.75
142.75
142.5
142.5
143.0
143.25
143.25
143.5
143.5
143.5
143.25
143.25
143.5
143.5
144.0
143.75
143.75
143.75
143.75
143.25
143.25
143.25
142.75
142.75
142.25
142.75
142.75
143.0
143.0
142.75
143.5
143.5
143.5
143.5
143.25
143.25
143.25
143.5
143.5
143.5
143.0
143.0
143.0
143.0
143.25
143.25
143.25
143.5
143.5
144.5
144.5
144.5
144.75
144.75
145.0
145.0
145.0
145.0
145.0
145.0
145.75
145.75
146.0
146.0
146.25
145.75
145.75
146.0
147.25
147.25
147.0
147.0
146.75
147.0
147.0
145.5
145.5
145.0
144.5
144.5
144.5
144.5
144.5
144.5
144.5
144.5
144.5
144.75
144.75
144.75
145.0
145.0
145.25
145.25
145.25
146.25
146.25
146.25
145.0
145.0
144.25
144.0
144.0
143.75
143.75
144.0
144.0
144.0
143.5
143.5
143.5
143.25
143.25
143.75
143.75
144.5
144.5
144.5
143.25
143.25
143.0
143.0
143.5
144.25
144.25
144.75
143.25
143.25
144.0
144.0
144.0
144.0
144.0
144.0
144.0
143.75
143.75
144.0
144.25
144.25
145.0
145.0
145.0
144.25
144.25
144.0
144.0
144.0
144.25
144.25
144.25
144.25
144.25
144.5
144.5
143.75
143.0
143.0
143.25
144.0
144.0
144.75
144.75
145.0
145.5
145.5
147.0
147.0
147.0
147.25
147.25
148.5
149.25
149.25
149.25
149.25
149.0
148.75
148.75
147.0
147.0
146.25
145.75
145.75
145.75
146.0
146.0
145.75
145.75
145.0
145.0
145.0
145.25
145.25
145.0
145.0
145.0
146.5
146.5
147.0
148.75
148.75
149.75
147.75
147.75
147.0
147.0
146.0
145.75
145.75
145.25
145.25
145.75
145.75
145.25
145.25
145.25
145.25
145.25
145.5
146.75
146.75
147.75
147.5
147.5
148.0
148.25
148.25
148.25
148.25
147.5
147.5
146.5
144.5
144.5
145.75
145.75
146.25
145.25
145.25
146.0
146.0
146.0
146.0
147.0
147.0
147.0
147.25
147.25
148.5
148.5
150.0
150.0
147.0
148.0
148.0
148.75
148.75
148.75
148.5
148.5
148.75
148.0
148.0
148.5
148.5
148.0
147.0
147.0
147.0
147.0
146.75
148.0
148.0
146.25
146.25
146.25
146.25
146.25
146.25
146.5
146.5
146.5
146.5
146.5
146.25
146.25
150.25
150.75
150.75
150.0
148.0
148.0
148.5
148.5
149.25
149.25
149.25
149.25
149.25
149.25
149.25
149.5
149.25
158.0
158.0
158.0
157.75
157.75
158.0
157.75
157.75
158.0
156.375
154.75
153.125
151.5
149.875
148.25
148.0
148.0
147.25
147.25
147.25
147.25
147.25
147.25
147.25
147.5
147.5
147.25
147.25
148.25
148.75
148.75
148.5
148.5
147.75
147.5
147.5
147.25
147.0
147.0
146.25
146.25
145.5
146.25
146.25
145.75
145.75
145.25
145.25
144.5
144.5
144.5
145.0
144.5
144.5
144.0
144.0
144.0
144.0
144.0
144.0
143.75
143.75
144.0
146.5
146.5
146.5
147.0
147.0
146.75
146.75
147.0
146.5
146.5
145.75
145.75
145.0
145.0
143.75
143.75
143.5
143.5
144.5
144.25
144.25
143.5
143.5
143.0
144.0
144.0
143.25
143.25
142.75
142.75
142.75
142.0
142.0
142.0
144.0
144.0
144.0
144.0
143.5
143.5
143.5
144.0
144.0
144.0
143.5
143.5
143.0
143.0
142.5
142.0
142.0
141.0
141.0
141.0
141.0
140.75
141.5
141.5
142.0
142.0
142.0
142.0
142.0
141.5
141.5
141.0
140.75
140.75
140.75
140.75
139.75
139.75
139.75
140.75
140.75
142.0
142.0
141.5
141.0
141.0
139.25
139.25
138.25
138.25
136.75
136.0
136.0
135.75
135.75
135.75
134.75
134.75
135.75
135.75
137.25
138.25
138.25
140.25
140.25
140.75
140.75
139.25
139.25
137.0
137.0
137.0
134.5
134.5
135.0
135.0
135.5
135.5
136.25
137.0
137.0
136.5
136.5
138.5
138.5
138.75
139.5
139.5
139.0
139.0
139.0
139.25
139.25
138.5
140.25
140.25
141.25
141.25
141.0
141.0
140.75
140.25
140.25
140.5
140.5
141.25
141.25
141.25
141.25
141.25
141.0
141.75
141.75
143.0
143.0
144.0
145.0
145.0
148.0
148.0
146.25
149.0
149.0
149.25
149.25
149.25
148.25
148.25
147.0
146.5
146.5
145.75
145.75
145.0
146.25
146.25
146.5
146.5
145.75
145.75
145.5
145.5
145.5
146.25
146.25
147.0
147.75
147.75
146.0
146.0
147.5
147.5
146.0
146.75
146.75
145.0
145.0
146.25
146.25
146.25
147.25
147.0
147.0
147.5
147.5
147.5
146.5
146.75
146.75
147.75
147.75
149.25
150.0
150.0
149.5
150.0
150.0
149.75
149.75
149.75
149.75
149.75
148.5
149.0
149.0
149.0
149.0
148.75
148.5
148.5
148.0
148.0
148.25
147.5
147.5
148.0
148.0
148.0
149.0
149.0
149.25
150.0
150.0
150.25
149.0
149.0
148.0
148.0
148.75
148.75
148.75
149.0
149.0
149.0
150.0
150.0
150.75
150.25
150.25
150.75
150.5
150.5
150.25
150.25
150.25
150.0
150.0
150.5
149.5
149.5
148.5
148.5
150.25
150.0
150.75
150.75
150.75
150.75
151.75
152.25
152.25
152.25
152.25
151.5
153.25
153.25
153.75
154.25
154.25
155.0
153.25
153.25
152.75
152.75
152.25
151.0
151.0
148.5
148.5
147.75
147.5
147.5
147.25
147.5
147.5
147.75
147.75
148.0
148.5
148.5
148.75
149.0
149.0
151.0
151.0
151.25
150.0
150.0
150.5
152.25
152.25
150.0
150.0
151.0
150.75
150.75
151.0
150.5
150.5
150.0
150.0
149.75
149.0
149.0
149.0
149.0
149.0
149.0
149.0
149.0
149.0
149.0
155.0
153.0
153.0
152.25
153.0
153.0
153.0
153.0
153.0
153.0
153.0
153.0
153.0
153.0
153.0
156.75
156.75
155.25
154.75
154.75
155.5
156.0
156.0
155.5
155.5
155.25
155.5
155.5
155.75
155.0
155.0
153.25
152.0
152.0
150.0
150.0
149.75
148.75
148.75
148.5
148.5
148.0
148.0
148.0
149.0
149.0
149.0
149.0
149.0
149.0
149.0
149.0
148.75
148.75
148.75
144.5
144.5
154.5
153.75
152.5
152.5
154.0
154.0
154.0
154.0
154.0
153.75
153.75
154.0
149.0
149.0
148.75
148.75
148.75
149.25
149.25
149.25
149.5
149.5
150.0
150.0
150.0
150.0
150.0
149.5
149.25
149.25
150.0
150.25
150.25
151.5
151.5
152.25
151.0
151.0
151.75
152.0
152.0
152.0
151.5
151.5
151.25
151.25
152.0
153.5
153.5
154.25
154.25
154.25
153.5
152.5
152.5
152.0
152.0
151.5
150.0
150.0
149.25
149.0
149.0
148.25
148.25
148.0
147.75
147.75
148.75
148.75
149.75
150.0
150.0
150.0
150.0
150.0
149.75
149.75
149.75
155.0
154.75
154.75
154.0
154.0
154.25
154.0
154.0
153.75
153.75
153.75
154.25
154.25
154.25
154.0
154.0
153.5
153.25
153.25
153.0
153.5
153.5
154.0
155.25
155.25
155.5
155.5
155.5
155.75
156.0
156.0
155.25
155.25
154.75
155.25
155.25
155.0
154.75
154.75
155.25
156.0
156.0
156.0
156.25
156.25
156.5
156.0
156.0
156.0
156.0
155.25
155.5
155.5
156.5
156.75
156.75
156.25
155.75
155.75
155.25
155.5
155.5
155.25
154.75
154.75
155.0
155.0
156.5
157.5
158.0
158.0
157.5
157.5
155.75
155.5
155.5
154.25
154.0
154.0
153.75
153.75
153.25
151.75
151.75
151.5
151.25
151.25
151.5
151.75
151.75
150.75
150.75
151.25
152.0
152.0
151.75
152.0
152.0
152.0
152.25
152.25
152.75
152.75
153.0
153.25
153.25
153.75
153.75
153.75
153.25
152.75
152.75
152.5
152.5
152.75
153.25
153.25
153.5
153.5
153.5
153.75
152.75
152.75
152.25
152.25
151.5
150.5
150.5
151.75
152.5
152.5
152.0
152.0
152.5
152.75
152.75
153.0
152.0
152.0
152.0
153.25
153.25
154.0
154.5
154.5
153.25
153.25
153.0
153.5
153.5
153.0
152.25
152.25
152.25
152.25
151.5
151.5
151.5
152.25
152.75
152.75
153.0
153.5
153.5
154.5
154.75
154.75
153.25
153.25
154.25
153.5
153.5
152.75
152.75
152.75
153.0
153.0
153.0
152.5
152.5
152.25
153.25
153.25
153.0
152.25
152.25
152.5
153.0
153.0
153.25
153.25
154.75
155.75
155.75
155.25
155.25
155.25
155.0
155.25
155.25
152.5
152.5
150.75
150.75
150.75
150.0
149.25
149.25
149.5
149.5
147.5
147.5
152.75
150.0
150.0
150.25
152.75
152.75
153.75
153.75
154.25
154.25
154.75
154.75
152.75
155.75
155.75
155.75
155.75
155.75
155.75
156.0
156.0
153.75
153.75
153.75
153.0
153.0
152.75
152.25
152.25
151.5
151.5
151.5
151.5
151.5
151.5
151.5
151.5
151.25
151.25
151.5
151.5
148.25
151.25
151.25
151.25
150.75
150.75
150.25
150.25
149.75
149.5
149.5
149.25
149.25
149.25
150.0
150.0
149.0
150.0
150.0
150.0
150.0
150.0
150.0
150.0
150.0
148.75
148.75
150.0
150.0
150.0
150.0
150.0
150.0
149.0
149.0
148.25
147.5
147.5
147.75
147.75
146.25
146.25
146.25
145.75
145.75
145.75
147.75
147.75
148.5
148.5
149.0
149.0
149.0
149.0
148.75
148.75
148.75
148.75
148.75
148.75
148.25
148.25
148.25
148.25
148.25
148.25
148.25
148.5
148.5
148.5
148.5
148.5
148.25
148.25
147.91666666666666
147.58333333333334
147.25
146.91666666666666
146.58333333333334
146.25
147.0
147.0
147.75
147.75
147.75
150.0
150.0
150.0
150.0
150.0
150.0
150.0
150.0
150.0
149.75
150.0
150.0
150.16935483870967
150.33870967741936
150.50806451612902
150.67741935483872
150.84677419354838
151.01612903225808
151.18548387096774
151.3548387096774
151.5241935483871
151.69354838709677
151.86290322580646
152.03225806451613
152.2016129032258
152.3709677419355
152.54032258064515
152.70967741935485
152.8790322580645
153.0483870967742
153.21774193548387
153.38709677419354
153.55645161290323
153.7258064516129
153.8951612903226
154.06451612903226
154.23387096774192
154.40322580645162
154.57258064516128
154.74193548387098
154.91129032258064
155.08064516129033
155.25
155.25
154.0
154.0
153.0
153.75
153.75
153.75
153.75
153.75
153.25
152.5
152.5
153.5
153.5
153.25
153.0
153.0
152.5
152.5
152.5
152.5
152.5
152.5
152.5
152.5
152.5
152.25
153.5
153.5
153.25
150.25
150.25
148.25
148.25
145.0
140.75
140.75
138.75
138.75
135.25
135.25
135.5
135.5
135.25
136.25
136.25
139.0
139.0
140.75
142.75
142.75
144.5
144.5
145.75
145.5
145.5
145.0
145.0
144.25
145.0
145.0
145.5
145.0
145.0
145.0
145.0
145.5
146.25
146.25
145.0
145.0
144.0
143.75
143.75
142.75
142.75
141.5
141.5
140.25
140.25
140.25
140.75
140.75
141.0
141.5
141.5
143.25
143.25
145.0
146.25
146.25
146.25
146.25
146.0
145.5
145.5
145.0
145.0
145.0
144.25
144.25
144.25
144.25
144.5
146.0
146.0
147.5
149.25
149.25
150.0
150.75
150.75
151.25
151.25
151.0
151.75
151.75
150.75
150.5
150.5
150.5
150.5
151.5
151.75
151.75
151.5
152.25
152.25
151.75
153.0
153.0
153.75
153.75
153.5
155.25
155.25
154.25
155.0
155.0
155.5
155.5
155.5
155.25
154.25
154.25
154.25
153.0
153.0
153.5
153.5
152.25
150.5
150.5
153.0
154.0
154.0
153.75
154.25
154.25
154.5
154.75
154.75
154.0
154.0
154.25
154.5
154.5
154.75
153.75
153.75
152.0
152.5
152.5
152.75
152.75
153.0
153.5
153.5
153.0
153.25
153.25
153.0
153.0
153.0
154.0
155.0
155.0
154.5
154.5
154.75
154.75
154.75
155.25
155.5
155.5
156.5
156.5
155.75
155.75
155.75
153.75
153.75
153.0
154.25
154.25
153.5
152.75
152.75
152.75
153.0
153.5
153.5
153.5
153.5
153.5
153.5
153.5
153.5
155.5
155.5
153.75
152.25
152.25
152.75
153.25
153.25
153.25
153.25
153.25
153.0
153.0
153.25
152.5
152.5
151.5
151.5
151.75
151.75
151.75
153.75
153.75
154.25
154.25
153.25
153.25
154.75
154.75
154.75
154.75
154.75
155.0
155.0
154.75
154.75
154.75
154.75
152.75
152.75
154.0
151.5
151.5
151.5
151.25
151.25
151.25
151.5
151.5
151.75
152.25
152.25
153.0
153.75
153.75
155.25
156.75
156.75
156.75
156.75
156.75
155.75
155.75
155.5
154.75
154.75
154.75
154.5
154.5
154.5
154.5
154.5
154.0
155.25
155.25
155.5
155.5
153.0
153.0
153.5
153.5
155.25
154.0
154.0
154.5
154.5
153.25
151.75
151.5
151.5
151.25
151.25
152.75
152.75
152.75
152.75
152.75
152.75
152.75
152.75
152.75
152.75
165.75
165.75
165.75
165.75
165.75
165.75
165.75
165.75
165.75
165.75
166.0
166.0
163.6484375
161.296875
158.9453125
156.59375
154.2421875
151.890625
149.5390625
147.1875
144.8359375
142.484375
140.1328125
137.78125
135.4296875
133.078125
130.7265625
128.375
126.0234375
123.671875
121.3203125
118.96875
116.6171875
114.265625
111.9140625
109.5625
107.2109375
104.859375
102.5078125
100.15625
97.8046875
95.453125
93.1015625
90.75
90.75
88.5
88.5
88.5
86.75
86.75
86.75
86.25
86.25
86.25
100.5
100.0
100.0
100.0
99.75
99.75
99.75
99.75
100.0
100.0
99.75
99.75
100.0
109.83333333333333
119.66666666666667
129.5
139.33333333333334
149.16666666666666
159.0
159.0
159.0
159.0
158.25
158.25
155.25
152.5
152.5
152.0
152.0
150.75
151.75
151.75
151.75
152.75
152.75
154.0
155.25
155.25
156.0
156.0
156.0
154.75
154.75
154.0
152.75
152.75
152.75
152.0
152.0
151.75
153.25
153.25
156.25
156.5
156.5
158.25
159.0
159.0
160.25
161.0
161.0
164.25
164.25
164.25
163.25
162.25
162.25
159.0
156.0
156.0
151.5
151.5
147.5
142.25
142.25
142.25
142.25
142.25
142.25
142.25
142.25
142.5
142.5
129.5
132.0
132.0
133.25
133.25
134.75
134.75
136.75
137.5
137.5
137.5
137.5
137.75
140.75
140.75
145.0
145.0
146.0
146.75
146.75
145.5
145.5
144.25
143.75
143.75
143.25
142.75
142.75
142.75
142.75
142.75
142.75
142.75
142.75
142.75
142.75
142.75
142.75
142.75
142.75
142.75
142.75
141.5
140.25
139.0
137.75
136.5
136.5
136.5
136.5
136.5
136.5
136.5
136.5
136.5
136.5
136.5
136.5
137.234375
137.96875
138.703125
139.4375
140.171875
140.90625
141.640625
142.375
143.109375
143.84375
144.578125
145.3125
146.046875
146.78125
147.515625
148.25
148.984375
149.71875
150.453125
151.1875
151.921875
152.65625
153.390625
154.125
154.859375
155.59375
156.328125
157.0625
157.796875
158.53125
159.265625
160.0
160.0
160.0
160.0
160.0
160.0
160.0
159.75
159.75
159.75
159.75
160.0
159.75
159.75
160.5
161.25
162.0
162.75
163.5
163.75
163.75
163.75
164.0
164.0
164.0
164.0
163.75
163.75
163.75
163.75
163.75
163.75
159.03571428571428
154.32142857142858
149.60714285714286
144.89285714285714
140.17857142857142
135.46428571428572
130.75
130.75
130.75
130.75
129.5
129.5
129.5
130.75
130.75
130.75
130.75
127.5
127.5
127.5
127.5
127.5
127.5
127.5
127.25
127.5
127.5
127.25
127.25
119.0
119.0
119.25
119.25
123.0
123.0
123.25
123.25
123.5
123.5
123.5
123.5
123.5
123.5
123.25
123.25
123.25
123.25
126.11363636363636
128.97727272727272
131.8409090909091
134.70454545454547
137.5681818181818
140.4318181818182
143.29545454545453
146.1590909090909
149.02272727272728
151.88636363636363
154.75
154.75
154.0
154.5
154.5
154.75
154.0
154.0
153.5
152.5
152.5
153.75
153.75
155.0
155.0
155.75
157.25
157.25
159.25
158.75
158.75
158.0
158.0
158.0
157.5
157.0
157.0
157.0
157.0
157.75
157.25
157.25
156.0
156.25
156.25
155.5
156.25
156.25
157.0
157.0
157.0
157.0
157.0
157.0
157.0
157.0
157.0
157.25
157.5
157.5
158.75
158.0
158.0
157.0
157.25
157.25
157.5
157.5
157.75
157.5
157.5
157.75
157.75
157.75
158.25
158.5
158.5
158.25
157.75
157.75
158.0
158.0
158.0
157.75
158.0
158.0
158.0
157.75
157.75
158.25
158.75
158.75
159.25
157.25
157.25
155.25
157.25
157.25
157.25
157.5
157.5
157.5
157.0
157.0
157.75
158.75
158.75
158.0
157.5
157.5
155.25
155.25
154.75
156.5
156.5
157.0
156.75
156.75
156.5
156.25
156.25
156.25
156.5
156.5
156.0
155.75
155.75
156.5
157.5
157.5
158.0
158.0
158.0
158.25
158.25
158.25
158.0
158.0
157.75
157.5
157.5
157.0
156.5
156.5
156.5
157.25
157.25
157.0
157.25
157.25
157.25
157.0
157.0
157.0
157.0
157.0
156.5
156.5
156.5
156.5
156.5
156.5
156.5
156.5
156.5
156.5
156.5
157.25
157.25
157.25
157.0
157.5
157.5
157.5
157.25
157.25
157.0
157.0
157.0
157.5
156.5
156.5
152.75
152.75
154.5
154.75
154.75
154.75
156.0
156.0
157.0
156.25
156.25
155.75
155.25
155.25
155.25
155.5
155.5
157.0
157.0
156.5
155.75
155.75
156.0
156.0
156.0
156.75
156.25
156.25
155.75
156.25
156.25
156.25
156.5
156.5
156.5
156.0
156.0
155.75
155.75
155.5
155.75
155.75
156.25
156.75
156.75
157.0
157.5
157.5
158.0
157.25
157.25
156.0
155.75
155.75
155.75
156.25
156.25
156.5
156.5
156.5
155.0
155.0
154.0
154.5
154.5
155.25
156.0
156.0
156.5
156.5
156.5
156.75
157.0
157.0
157.25
157.75
157.75
158.0
157.25
157.25
156.5
156.25
156.25
156.5
156.5
156.75
156.75
156.75
157.0
155.75
155.75
155.75
156.5
156.5
157.0
157.25
157.25
156.75
155.0
155.0
153.75
153.75
154.25
154.0
154.0
154.5
156.75
156.75
156.75
156.75
156.75
157.0
156.75
156.75
157.0
156.5
156.5
156.5
156.5
156.5
156.5
156.5
156.5
156.5
156.5
156.5
156.5
156.5
156.5
156.5
156.5
156.5
156.25
156.25
157.0
158.0
158.0
157.0
157.5
157.5
157.0
156.25
156.25
155.5
156.0
156.0
154.25
154.25
154.25
154.5
154.5
154.25
154.25
154.5
154.5
154.25
154.5
154.5
149.2
143.9
138.6
133.3
128.0
128.0
125.0
125.0
128.5
128.5
122.75
122.75
116.5
116.5
114.25
114.25
113.5
113.5
110.5
110.5
109.75
109.75
109.75
108.25
108.25
108.25
106.0
106.0
106.0
106.0
107.5
107.5
107.0
107.0
107.0
104.0
104.0
103.0
103.0
103.0
106.0
106.0
105.75
105.75
107.5
107.5
110.75
110.75
109.25
109.25
108.0
108.0
108.0
104.75
104.75
104.5
104.5
104.5
101.75
101.75
101.75
101.75
101.75
101.75
101.75
101.75
102.0
102.0
101.75
109.0
109.0
109.0
110.75
110.75
110.75
109.75
109.75
109.0
109.0
109.0
108.5
108.5
108.25
108.25
109.5
109.5
105.75
105.75
106.5
106.5
108.0
108.0
94.5
94.5
94.5
94.5
103.25
103.25
103.25
103.25
103.25
103.25
103.25
103.5
103.5
103.5
103.5
103.25
103.25
103.25
108.75
108.75
103.0
103.0
106.75
106.75
106.75
106.0
106.0
102.25
102.25
102.25
102.25
102.25
102.5
102.5
102.5
102.5
105.25
105.25
105.25
105.25
91.25
91.25
91.5
91.5
91.5
91.5
91.5
91.25
91.25
91.25
91.25
91.25
104.0
104.0
102.5
102.5
103.0
103.0
103.0
103.25
103.25
103.25
103.25
102.25
102.25
99.0
99.0
98.75
98.75
98.75
93.25
93.25
93.25
93.25
85.25
85.25
85.25
87.5
87.5
89.0
89.0
89.0
92.5
92.5
92.5
92.5
92.5
92.5
92.5
92.5
92.5
92.5
92.25
92.25
92.25
92.25
92.5
92.5
102.375
112.25
122.125
132.0
141.875
151.75
151.75
151.75
151.25
151.25
151.25
151.25
152.0
152.0
152.0
152.25
152.25
153.0
153.0
153.5
153.75
153.75
154.0
154.0
154.0
155.25
155.5
155.5
153.75
153.75
153.25
153.25
153.25
153.0
153.0
153.0
153.75
154.0
154.0
154.75
154.75
154.75
154.5
154.5
154.25
154.25
154.25
154.5
154.5
154.5
154.25
154.0
154.0
154.0
154.0
153.75
154.25
154.25
154.25
154.75
154.75
154.0
154.0
154.0
154.25
154.25
154.25
154.0
154.0
154.0
153.5
153.5
153.25
153.75
153.75
153.25
153.5
153.5
153.75
153.75
153.25
153.25
153.25
153.25
154.25
154.25
154.25
154.25
154.25
154.75
155.0
155.0
154.5
154.5
153.75
154.25
154.25
153.25
152.0
152.0
152.25
153.25
153.25
153.75
154.0
154.0
154.5
154.5
154.25
154.5
154.5
154.5
154.5
154.5
154.75
154.75
154.75
154.75
155.0
155.0
155.25
155.25
155.0
155.25
155.25
155.25
155.0
155.0
154.75
154.5
154.5
155.0
155.5
155.5
155.25
155.25
155.0
154.75
154.75
154.5
154.5
154.5
154.75
155.25
155.25
155.0
153.25
153.25
154.75
154.75
153.0
153.5
153.5
152.75
152.0
152.0
153.0
152.5
152.5
152.75
152.75
152.75
153.0
153.0
153.75
153.75
153.75
153.75
153.75
153.75
153.75
153.75
153.25
153.25
152.5
152.5
153.75
153.75
150.75
150.25
150.25
150.0
150.0
149.0
149.0
149.0
149.0
148.5
148.5
149.0
149.0
149.0
149.75
149.75
147.0
147.0
146.75
145.0
145.0
145.0
145.0
143.25
143.25
143.0
142.25
142.25
141.0
141.0
141.25
143.5
143.5
144.5
144.5
144.5
142.75
142.75
142.75
142.75
142.75
142.75
142.75
142.75
142.75
142.75
142.75
142.75
142.75
142.75
142.75
142.75
141.16666666666666
139.58333333333334
138.0
136.41666666666666
134.83333333333334
133.25
131.66666666666666
130.08333333333334
128.5
126.91666666666667
125.33333333333333
123.75
122.16666666666667
120.58333333333333
119.0
117.41666666666667
115.83333333333333
114.25
112.66666666666667
111.08333333333333
109.5
107.91666666666667
106.33333333333333
104.75
103.16666666666667
101.58333333333333
100.0
98.41666666666667
96.83333333333333
95.25
95.25
92.0
92.0
89.0
89.0
89.0
87.5
87.5
87.5
89.25
89.25
90.0
90.0
90.0
91.5
91.5
99.0
99.0
102.0
102.0
102.0
102.75
102.75
104.75
104.75
106.25
106.25
107.25
107.25
107.25
109.0
109.0
109.75
109.75
112.75
112.75
115.0
115.0
115.5
115.5
116.0
116.0
104.0
104.0
104.0
123.25
121.75
121.75
121.75
111.75
111.75
113.25
113.25
113.25
113.25
113.25
113.25
113.25
113.25
113.25
113.25
113.25
113.25
113.25
113.25
113.25
113.25
113.5
115.20833333333333
116.91666666666667
118.625
120.33333333333333
122.04166666666667
123.75
123.75
121.25
121.25
117.75
117.75
109.75
109.75
109.75
102.25
102.25
103.0
103.0
102.75
102.75
102.75
104.0
104.0
109.5
109.5
112.75
112.75
116.0
116.0
118.0
118.0
119.25
119.25
119.25
119.25
121.75
121.75
114.5
114.5
125.0
126.0
126.0
128.5
128.5
130.5
130.5
132.25
128.5
128.5
128.5
134.25
134.25
125.0
124.5
124.5
126.25
126.25
129.0
129.0
123.0
123.0
122.75
122.75
122.75
121.0
121.0
120.5
120.5
131.5
131.5
122.25
122.25
119.75
119.75
117.25
117.25
116.5
116.5
116.25
116.25
116.5
116.5
118.75
118.75
119.5
119.5
121.75
121.75
124.5
124.5
129.5
129.5
131.5
132.75
132.75
134.5
134.5
134.0
134.0
133.5
136.0
136.0
135.75
135.75
140.5
139.0
139.0
135.5
135.5
140.75
140.75
136.75
141.5
141.5
141.5
140.0
140.0
140.0
147.0
147.0
147.0
147.0
147.0
147.0
147.0
146.75
146.75
146.75
146.75
146.75
149.75
152.75
155.75
158.75
161.75
164.75
162.75
162.75
163.25
162.0
162.0
161.0
160.25
160.25
159.5
159.0
159.0
157.75
157.5
157.5
154.5
153.0
153.0
150.5
150.5
150.0
149.0
149.0
147.0
147.0
144.75
143.5
143.5
141.5
141.5
142.0
142.0
141.25
141.25
143.0
143.0
141.25
141.0
141.0
136.5
136.5
137.25
137.25
137.5
137.5
137.5
137.5
137.5
137.25
137.25
134.25
134.25
135.75
138.25
138.25
141.5
141.5
143.25
143.25
143.25
143.75
143.75
145.0
146.5
146.5
146.75
146.75
147.25
147.0
147.0
147.5
146.5
146.5
146.75
146.75
147.5
148.0
148.0
148.0
148.75
148.75
149.25
149.25
147.5
146.75
146.75
147.0
149.25
149.25
150.0
150.0
151.0
150.75
150.75
151.0
150.0
150.0
150.0
150.0
150.0
150.25
150.25
150.0
150.0
150.0
150.0
151.0
150.75
150.75
150.5
151.0
151.0
153.0
153.0
153.0
155.0
155.0
157.0
156.0
156.0
156.5
155.25
155.25
154.0
150.75
150.75
151.25
151.25
153.5
154.25
154.25
154.75
153.25
153.25
152.25
152.25
152.25
152.25
152.25
152.75
152.5
152.5
152.75
154.0
154.0
155.5
157.0
157.0
157.25
158.0
158.0
158.75
158.5
158.5
160.0
163.75
163.75
164.5
163.75
163.75
162.0
162.0
162.0
162.0
162.0
162.0
161.75
162.0
162.0
161.75
156.07142857142858
150.39285714285714
144.71428571428572
139.03571428571428
133.35714285714286
127.67857142857143
122.0
122.0
120.25
120.25
120.5
120.5
119.5
119.5
119.5
116.75
116.75
117.0
117.0
114.75
114.75
116.0
116.0
118.0
118.0
119.25
119.25
120.0
122.75
122.75
123.0
123.0
120.75
120.75
120.75
117.75
117.75
112.5
112.5
109.75
109.75
110.0
110.0
109.5
109.5
109.5
110.25
110.25
108.5
108.5
101.0
101.0
97.25
97.25
97.25
97.0
97.0
93.25
93.25
93.25
98.0
98.0
100.0
100.0
102.5
102.5
105.75
105.75
105.75
106.0
106.0
107.25
107.25
108.5
108.5
94.25
94.25
94.25
91.0
91.0
91.0
91.0
92.75
92.75
92.75
92.75
94.5
94.5
95.0
95.0
94.75
94.75
96.0
96.0
96.0
94.0
94.0
92.0
92.0
92.0
91.5
91.5
91.5
90.75
90.75
90.75
90.75
90.0
90.0
90.0
87.5
87.5
87.0
87.0
87.0
87.75
87.75
87.75
88.0
88.0
88.0
87.75
87.75
87.75
87.75
87.75
87.75
108.8
129.85
150.9
171.95
193.0
193.0
193.0
193.0
193.0
193.0
193.0
192.75
192.75
192.75
192.75
171.7
150.65
129.6
108.55
87.5
87.5
87.5
86.75
86.75
86.75
86.75
86.75
86.75
87.0
87.0
87.0
87.0
87.0
87.0
87.23214285714286
87.46428571428571
87.69642857142857
87.92857142857143
88.16071428571429
88.39285714285714
88.625
88.85714285714286
89.08928571428571
89.32142857142857
89.55357142857143
89.78571428571429
90.01785714285714
90.25
90.25
91.75
91.75
92.75
92.75
92.75
97.75
97.75
97.25
97.25
101.75
101.75
101.0
101.0
101.0
101.0
101.0
101.0
101.0
101.0
100.75
100.75
100.75
100.75
100.75
109.75
109.75
110.5
110.5
109.5
109.5
106.5
106.5
103.5
103.5
100.5
100.5
100.5
99.75
99.75
99.25
99.25
100.0
100.0
100.0
100.0
89.0
89.0
86.25
86.25
86.25
84.5
84.5
84.5
84.5
84.5
84.5
84.5
84.5
84.5
84.5
84.5
84.5
84.5
84.25
84.25
89.46428571428571
94.67857142857143
99.89285714285714
105.10714285714286
110.32142857142857
115.53571428571429
120.75
120.75
120.25
120.25
120.25
120.25
120.25
120.25
120.25
120.25
120.25
120.25
120.25
120.5
120.5
120.5
120.5
120.5
123.07142857142857
125.64285714285714
128.21428571428572
130.78571428571428
133.35714285714286
135.92857142857142
138.5
138.5
138.5
139.75
140.75
140.75
140.75
140.75
140.75
141.75
142.25
142.25
143.0
143.0
143.5
143.0
143.0
142.5
142.5
142.0
142.25
142.25
143.75
143.75
144.25
144.25
144.25
143.25
143.25
144.0
143.25
143.25
142.25
142.25
142.5
142.5
143.0
143.0
143.0
143.25
144.75
144.75
145.25
145.25
146.0
146.25
146.25
146.0
146.0
145.5
145.75
145.75
145.0
145.0
141.5
140.75
140.75
141.25
141.25
140.75
140.75
141.75
145.0
145.0
144.75
144.75
143.25
145.25
145.25
143.75
143.75
143.5
144.75
144.75
144.5
144.5
144.5
144.5
147.25
147.25
147.75
148.25
148.25
148.25
148.0
148.0
147.0
147.0
148.0
148.0
150.0
150.0
151.5
151.75
151.75
151.75
151.75
151.75
152.75
152.75
150.0
150.0
153.75
153.75
152.25
152.25
152.0
150.0
150.0
150.0
150.75
150.75
150.0
150.0
149.25
149.5
149.5
150.0
150.0
150.0
150.5
150.5
151.0
150.75
150.75
151.5
152.5
152.5
152.75
152.75
152.0
153.5
153.5
154.0
154.5
154.5
152.5
151.75
151.75
152.25
152.5
152.5
153.0
153.0
153.5
153.25
153.25
154.25
152.75
152.75
152.0
151.25
151.25
151.5
151.5
152.0
150.75
150.75
150.0
150.0
150.0
150.0
150.0
150.25
151.5
151.5
152.75
152.25
152.25
153.25
152.5
152.5
152.75
152.75
153.75
154.0
154.0
154.0
154.0
154.0
154.25
153.75
153.75
153.5
153.5
153.5
153.25
153.25
153.5
154.0
154.0
154.75
155.25
155.25
156.0
156.5
156.5
156.75
157.0
157.0
156.0
155.0
155.0
153.75
153.75
153.25
152.5
152.5
152.0
152.0
152.0
152.25
154.0
154.0
152.75
152.75
152.75
153.0
153.0
153.5
153.5
154.25
154.25
154.5
155.5
155.5
156.0
155.0
155.0
155.5
155.75
155.75
155.25
155.25
157.25
157.25
157.75
157.0
157.0
157.25
158.5
158.5
158.5
157.0
157.0
157.25
157.5
157.5
157.5
157.5
155.0
155.0
155.0
155.0
155.0
155.0
155.0
154.75
155.0
155.0
155.0
150.77083333333334
146.54166666666666
142.3125
138.08333333333334
133.85416666666666
129.625
125.39583333333333
121.16666666666666
116.9375
112.70833333333333
108.47916666666666
104.25
104.25
104.25
102.75
102.75
103.25
103.25
102.0
102.0
102.0
103.0
103.0
102.25
102.25
101.75
101.75
101.75
101.75
101.75
102.0
102.0
102.25
102.25
107.75
107.75
108.5
108.5
110.75
110.75
111.75
111.75
111.75
111.5
111.5
111.0
114.0
114.0
114.0
114.0
100.5
100.5
100.5
102.0
102.0
104.25
104.25
103.5
103.5
101.25
101.25
89.25
89.25
89.25
85.25
85.25
85.25
85.75
85.75
85.75
85.75
93.0
93.0
95.5
95.5
95.5
94.75
94.75
95.75
95.75
95.75
92.5
92.5
90.0
90.0
90.25
90.25
88.75
88.75
88.75
86.25
86.25
86.25
86.25
85.5
85.5
93.5
93.5
85.75
85.75
84.0
84.0
84.0
83.75
83.75
83.75
83.75
84.0
84.0
84.0
84.0
84.0
84.0
84.0
84.0
83.75
84.05
84.35
84.65
84.95
85.25
85.25
85.25
85.25
85.25
85.25
85.25
85.25
85.25
85.25
84.0
84.0
84.0
84.0
84.0
84.0
95.75
96.0
96.0
96.0
96.0
96.0
96.0
96.0
96.0
96.0
95.75
95.75
98.20588235294117
100.66176470588235
103.11764705882354
105.57352941176471
108.02941176470588
110.48529411764706
112.94117647058823
115.39705882352942
117.8529411764706
120.30882352941177
122.76470588235294
125.22058823529412
127.67647058823529
130.13235294117646
132.58823529411765
135.04411764705884
137.5
137.5
140.0
140.5
140.5
144.0
146.25
146.25
146.25
146.25
146.5
147.25
147.25
147.0
147.0
148.25
148.25
148.75
148.75
149.5
148.5
148.5
148.0
147.0
147.0
147.0
147.0
147.0
147.25
147.25
148.0
148.0
148.0
147.75
147.75
148.25
148.0
148.0
148.5
148.5
148.5
148.5
148.5
148.25
148.25
148.0
148.5
148.5
148.5
147.5
147.5
147.75
147.75
147.5
148.0
148.0
148.25
148.25
148.25
149.25
149.25
149.25
148.0
148.0
149.0
149.0
150.0
150.25
150.25
150.25
150.0
150.0
149.75
149.5
149.5
149.25
149.25
149.0
149.0
149.0
146.5
146.5
147.0
148.0
148.0
148.5
148.5
148.5
148.0
148.0
148.25
147.75
147.75
148.0
148.0
148.5
148.75
148.75
149.25
149.25
149.25
148.75
148.75
149.25
149.5
149.5
149.5
149.75
149.75
149.25
149.25
150.0
150.25
150.25
150.25
150.25
150.25
150.0
150.0
149.75
150.0
150.0
150.25
150.75
150.75
150.25
150.25
150.0
150.25
150.25
150.0
150.0
150.0
149.5
149.5
149.75
150.25
150.25
151.0
152.0
152.0
152.5
152.0
152.0
152.75
152.75
152.75
152.25
152.25
152.75
152.5
152.5
151.5
151.5
151.75
151.5
151.5
151.75
151.75
151.75
152.5
152.25
152.25
152.25
152.25
152.25
151.75
151.75
151.0
152.25
152.25
152.0
152.0
151.5
152.25
152.25
151.75
151.25
151.25
151.0
151.0
150.5
151.5
151.5
151.5
152.25
152.25
152.75
153.5
153.5
153.75
152.75
152.75
152.0
152.0
152.0
151.75
151.75
151.5
151.5
151.5
151.5
151.5
150.75
151.5
151.5
152.25
153.5
153.5
153.75
153.5
153.5
152.5
152.5
152.75
153.5
153.5
154.0
154.5
154.5
155.25
156.5
156.5
156.75
156.0
156.0
156.0
154.5
154.5
154.5
154.5
153.75
153.75
153.75
153.75
153.75
153.75
153.0
151.75
151.75
152.75
152.75
153.5
154.0
154.0
155.0
154.0
154.0
153.0
154.75
154.75
151.0
151.0
151.0
152.25
152.25
153.25
153.5
153.5
154.0
154.0
154.0
154.5
153.25
153.25
153.0
153.0
152.25
152.75
152.75
153.25
152.5
152.5
151.5
151.5
151.75
152.25
152.25
152.5
152.75
152.75
153.0
153.25
153.25
152.75
152.75
152.5
152.5
152.5
153.25
151.75
151.75
151.25
150.75
150.75
151.25
151.25
149.75
151.0
151.0
148.0
148.0
139.75
136.75
136.75
133.25
133.25
133.5
133.5
133.5
133.5
131.0
131.0
131.25
131.25
131.5
131.5
127.25
127.25
126.75
126.75
125.75
125.75
123.25
123.25
122.0
122.0
114.5
114.5
114.5
116.25
116.25
115.5
115.5
116.75
116.75
119.25
119.25
120.25
120.25
123.0
124.25
124.25
128.25
128.25
130.0
130.0
131.75
131.75
129.5
129.5
130.75
134.25
134.25
134.25
136.25
136.25
135.25
136.0
136.0
137.25
137.25
140.5
135.75
135.75
139.75
139.75
135.75
139.25
139.25
144.25
144.25
140.75
143.25
143.25
139.75
139.75
140.75
140.75
139.75
138.25
138.25
129.0
129.0
138.5
138.5
141.75
144.5
144.5
144.5
142.75
133.5
133.5
139.75
139.75
137.25
141.0
141.0
138.0
138.0
130.5
127.5
127.5
122.25
122.25
121.0
121.0
121.0
121.0
121.0
121.0
120.75
120.75
121.0
121.0
115.0
115.0
116.25
116.25
116.25
117.5
118.5
118.5
119.5
119.5
120.75
120.75
125.0
125.0
126.25
126.25
122.75
122.75
127.75
127.75
126.5
126.5
128.25
128.25
128.25
128.25
131.75
131.75
135.75
134.5
134.5
134.25
134.25
134.25
134.25
135.25
135.25
130.75
132.0
132.0
128.5
128.5
130.25
130.25
136.75
136.75
132.75
132.75
130.75
130.75
136.25
133.5
133.5
131.0
131.0
133.5
133.5
133.75
133.75
130.25
132.75
132.75
136.75
136.75
133.5
133.5
125.0
121.0
121.0
121.0
121.0
120.5
120.5
120.5
120.5
120.5
120.25
120.25
120.25
120.5
120.5
120.25
120.25
120.34375
120.4375
120.53125
120.625
120.71875
120.8125
120.90625
121.0
121.0
123.5
123.5
122.5
122.5
122.5
126.25
126.25
128.0
128.0
130.5
130.5
130.75
132.0
132.0
133.75
133.75
134.25
134.25
138.0
138.0
131.5
140.5
140.5
136.75
136.75
144.25
135.0
135.0
137.75
137.75
140.75
140.75
138.25
137.5
137.5
135.75
135.75
132.75
132.75
133.25
133.25
133.5
132.75
132.75
132.75
136.75
137.75
137.75
137.75
134.25
134.25
129.75
129.75
129.75
129.75
129.75
129.75
129.75
129.75
129.75
129.75
129.75
129.75
129.75
129.75
129.75
129.75
135.83333333333334
141.91666666666666
148.0
154.08333333333334
160.16666666666666
166.25
166.25
167.5
167.75
167.75
171.5
171.5
170.0
170.0
178.0
174.5
174.5
173.25
173.25
173.75
173.75
173.75
173.75
173.25
173.25
173.75
173.75
174.0
174.0
174.0
174.0
174.0
174.0
173.75
173.75
173.75
173.75
170.67857142857142
167.60714285714286
164.53571428571428
161.46428571428572
158.39285714285714
155.32142857142858
152.25
150.0
150.0
148.0
145.5
145.5
143.25
139.25
139.25
136.25
136.25
134.25
135.0
135.0
133.5
133.5
126.25
126.25
127.25
129.75
129.75
136.0
136.0
139.5
141.25
141.25
140.75
140.75
139.0
139.0
138.75
139.75
139.75
140.0
140.0
137.5
137.5
129.0
129.0
128.0
128.0
131.5
136.5
136.5
141.5
145.0
145.0
146.25
146.25
144.25
144.25
140.75
139.5
139.5
136.75
136.75
135.75
135.75
135.0
134.75
134.75
135.0
135.0
133.5
133.5
133.75
133.75
135.75
137.5
137.5
138.5
138.5
134.25
134.25
132.0
132.0
131.25
131.25
131.25
130.25
130.25
132.25
132.25
137.75
137.75
144.0
145.75
145.75
147.0
147.0
146.5
146.5
147.75
147.75
141.75
134.75
134.75
134.25
132.5
132.5
131.5
131.5
131.5
131.5
134.0
134.0
132.5
132.5
134.25
133.0
133.0
132.5
132.5
131.5
131.5
131.5
131.5
130.75
130.75
130.75
130.75
130.75
131.0
131.0
131.0
131.0
130.75
130.75
131.0
131.0
127.25
127.25
127.25
134.5
134.5
134.5
129.25
129.25
118.5
118.5
116.5
108.0
108.0
108.0
105.5
105.5
103.75
103.75
103.75
103.5
103.5
102.0
102.0
102.0
88.75
88.75
88.75
71.0
71.0
71.0
54.25
54.25
54.25
54.25
54.25
54.25
61.25
61.25
61.25
61.5
61.5
61.5
61.5
61.5
61.5
61.25
61.25
61.5
69.46875
77.4375
85.40625
93.375
101.34375
109.3125
117.28125
125.25
125.25
127.25
127.25
119.5
123.5
123.5
128.5
128.5
132.75
135.0
135.0
135.0
135.0
135.0
135.0
135.0
135.0
135.0
135.0
135.0
135.0
135.0
135.0
135.0
135.0
135.11363636363637
135.22727272727272
135.3409090909091
135.45454545454547
135.5681818181818
135.6818181818182
135.79545454545453
135.9090909090909
136.02272727272728
136.13636363636363
136.25
136.36363636363637
136.47727272727272
136.5909090909091
136.70454545454547
136.8181818181818
136.9318181818182
137.04545454545453
137.1590909090909
137.27272727272728
137.38636363636363
137.5
131.5
131.5
130.75
129.0
129.0
122.5
122.5
122.5
116.75
116.75
115.0
109.25
109.25
109.25
107.75
107.75
107.5
107.5
108.25
108.25
110.25
110.25
112.75
112.75
116.75
116.75
119.5
119.5
121.0
121.0
124.25
124.25
128.25
128.25
128.25
128.25
129.0
132.0
132.0
131.5
131.5
131.75
131.75
130.25
130.25
132.75
132.75
132.75
134.0
134.0
131.75
131.75
129.25
129.25
133.0
133.0
132.75
132.75
132.75
133.75
133.75
133.25
133.25
135.25
135.25
135.25
135.25
135.25
135.5
135.5
135.5
135.5
135.5
134.75
134.0
133.25
132.5
132.5
131.75
131.75
132.0
132.0
132.25
132.25
131.5
131.5
131.5
131.5
131.5
131.5
131.5
131.5
131.5
138.25
135.25
135.25
137.75
137.75
137.5
137.25
137.25
134.5
134.5
132.75
132.75
132.75
132.75
132.75
132.75
132.25
132.0
132.0
132.0
132.0
133.5
132.0
132.0
136.5
136.5
156.5
156.5
158.75
161.0
161.0
161.75
162.0
162.0
161.0
159.5
159.5
156.25
152.75
148.75
148.75
149.5
149.5
147.25
148.5
148.5
150.75
153.25
153.25
154.25
156.25
156.25
158.0
160.5
160.5
161.5
163.5
163.5
164.25
164.5
164.5
162.0
160.25
160.25
160.0
161.0
161.0
159.5
158.5
158.5
157.75
158.5
158.5
156.75
156.25
156.25
156.5
156.75
156.75
157.75
159.25
159.25
157.5
159.0
159.0
158.25
157.75
157.75
157.75
157.75
157.75
157.5
157.0
157.0
156.0
156.0
156.0
156.25
156.25
156.75
156.75
156.75
156.75
157.0
157.0
157.25
157.0
157.0
157.0
157.0
157.0
157.25
158.0
158.0
158.5
157.5
157.5
157.5
158.5
158.5
160.5
158.5
158.5
160.0
162.0
162.0
161.25
159.0
159.0
164.25
164.0
164.0
165.5
163.75
163.75
162.0
160.0
160.0
159.0
160.5
160.5
155.5
153.0
153.0
151.5
150.0
150.0
149.75
149.75
147.75
148.75
148.75
150.0
150.0
152.0
153.75
153.75
155.0
156.0
156.0
157.0
158.5
158.5
160.25
160.25
160.25
160.75
160.5
160.5
159.5
158.75
158.75
157.75
158.0
158.0
158.0
158.5
158.0
158.0
157.5
157.5
157.5
157.5
158.5
158.5
160.75
161.75
162.25
162.25
162.5
162.5
162.5
162.25
162.25
162.25
162.75
162.5
162.5
162.75
164.0
164.0
163.5
163.75
163.75
163.75
164.75
164.75
163.5
162.5
161.5
161.5
161.25
161.25
162.5
162.5
162.25
158.5
158.5
151.75
149.5
149.5
154.75
162.25
162.25
149.0
149.0
149.0
149.0
149.0
149.0
148.75
149.0
149.0
149.5
149.5
144.5
145.0
145.0
136.25
136.25
133.5
133.5
133.5
133.5
132.0
132.0
132.5
132.5
140.0
140.0
139.75
139.75
139.75
139.75
139.75
139.75
140.0
140.0
139.75
139.75
137.10714285714286
134.46428571428572
131.82142857142858
129.17857142857142
126.53571428571429
123.89285714285714
121.25
121.25
124.5
123.5
123.5
127.5
127.5
129.75
129.75
131.25
132.5
132.5
132.0
132.0
130.75
130.75
130.75
133.0
133.0
133.0
131.5
131.5
138.0
138.0
138.0
138.0
137.75
137.75
137.75
138.0
138.0
137.75
137.75
133.25
134.75
134.75
134.25
134.25
135.75
135.75
132.25
132.25
133.75
132.0
132.0
133.0
133.0
131.25
131.25
132.0
132.0
129.0
129.0
129.0
129.0
129.0
129.0
129.0
129.0
129.0
129.0
129.0
129.0
129.0
129.0
129.0
130.09375
131.1875
132.28125
133.375
134.46875
135.5625
136.65625
137.75
137.75
137.75
137.0
137.0
136.5
136.5
132.0
132.0
130.25
130.25
130.5
130.5
130.5
130.25
130.5
130.5
130.25
130.25
130.25
130.5
127.33333333333333
124.16666666666667
121.0
117.83333333333333
114.66666666666667
111.5
111.5
114.75
114.75
117.75
117.75
120.0
120.0
123.5
123.5
128.25
130.0
130.0
129.0
129.0
131.0
131.0
131.5
131.5
132.5
134.25
134.25
129.0
129.0
129.0
120.25
120.25
140.5
133.5
133.5
137.0
137.0
137.0
138.75
138.75
141.0
141.0
138.75
138.75
138.5
139.0
139.0
140.0
140.0
137.0
142.75
142.75
139.25
139.25
138.0
138.0
136.5
136.5
138.25
140.25
140.25
135.25
135.25
140.0
139.0
139.0
139.0
139.0
139.0
139.0
139.0
139.0
139.0
138.75
136.53571428571428
134.32142857142858
132.10714285714286
129.89285714285714
127.67857142857143
125.46428571428571
123.25
123.25
125.5
127.25
127.25
128.0
128.0
128.0
128.0
128.0
128.0
128.0
128.0
128.0
128.0
128.0
128.0
128.0
128.0
127.75
127.75
127.75
