134.5
134.5
134.5
134.5
134.5
135.25
135.25
135.25
135.75
135.75
135.75
136.25
136.75
136.75
137.25
137.25
137.25
137.25
137.0
137.0
137.5
137.5
136.0
136.0
135.5
135.5
134.25
134.5
134.5
134.5
134.5
134.75
134.75
134.0
134.75
134.75
133.0
133.0
132.5
132.5
132.5
132.5
134.0
134.0
134.25
134.25
133.0
133.25
133.25
133.25
133.25
133.5
133.5
134.0
134.0
134.0
135.5
135.5
135.0
134.75
134.75
134.5
134.5
134.5
134.5
134.5
134.75
134.75
134.75
135.5
135.5
135.75
135.75
136.25
136.25
136.5
136.5
136.5
139.0
138.75
138.75
137.75
137.75
134.75
134.75
134.25
134.25
133.75
133.75
133.75
134.5
134.5
134.5
134.5
134.25
134.25
133.5
133.5
132.75
132.0
132.0
132.0
132.0
134.0
134.25
134.25
134.25
134.5
134.5
134.5
134.5
134.5
135.5
135.5
135.5
136.5
136.5
136.5
138.0
138.0
138.0
137.0
137.0
137.0
137.0
137.0
137.0
137.0
137.0
137.25
137.25
137.25
136.5
136.5
137.75
137.75
136.75
136.75
137.25
137.25
137.5
134.75
134.75
135.75
135.75
136.25
136.25
136.25
135.75
135.75
135.75
134.75
134.25
134.25
132.75
132.75
133.0
133.0
133.75
133.75
133.75
134.0
134.0
134.0
133.5
133.5
133.5
133.5
134.75
134.75
134.75
134.75
132.5
132.5
132.5
134.75
134.75
134.75
134.75
134.5
134.5
134.5
134.5
134.5
134.25
134.25
134.0
134.0
134.0
134.0
134.0
134.0
131.25
131.25
132.5
133.25
133.25
133.25
133.25
133.25
133.25
132.5
132.5
133.0
133.0
135.5
135.5
135.5
136.5
136.5
132.0
132.0
132.0
132.0
130.5
130.5
130.5
130.5
130.5
130.5
130.5
130.77777777777777
131.05555555555554
131.33333333333334
131.61111111111111
131.88888888888889
132.16666666666666
132.44444444444446
132.72222222222223
133.0
133.27777777777777
133.55555555555554
133.83333333333334
134.11111111111111
134.38888888888889
134.66666666666666
134.94444444444446
135.22222222222223
135.5
135.77777777777777
136.05555555555554
136.33333333333334
136.61111111111111
136.88888888888889
137.16666666666666
137.44444444444446
137.72222222222223
138.0
138.27777777777777
138.55555555555554
138.83333333333334
139.11111111111111
139.38888888888889
139.66666666666666
139.94444444444446
140.22222222222223
140.5
140.5
141.0
141.25
141.25
141.25
138.5
138.5
137.5
137.5
136.25
136.25
135.75
135.75
135.75
136.25
136.5
136.5
136.5
136.5
136.5
136.5
137.25
138.25
138.25
138.25
138.25
138.75
139.75
139.75
140.0
140.0
140.0
139.25
139.25
138.0
138.0
137.25
137.25
135.25
135.25
134.75
134.5
134.5
133.75
133.75
133.5
133.5
132.25
132.25
131.5
131.5
131.5
131.75
131.75
131.75
131.25
131.25
130.25
130.75
130.75
131.0
131.0
131.0
131.0
133.25
133.25
133.25
133.25
133.25
133.25
133.25
133.75
133.75
134.0
134.0
134.0
134.5
134.5
134.75
134.75
135.25
135.25
135.5
135.5
135.5
136.75
136.75
136.25
136.25
136.25
136.25
135.75
134.25
134.25
132.5
132.5
132.5
132.5
131.75
131.75
129.75
129.75
129.5
129.5
129.25
129.25
129.25
129.75
129.75
129.5
129.5
129.5
129.5
129.5
129.5
130.0
130.0
130.5
131.0
131.0
131.0
131.0
131.75
131.75
133.0
133.0
132.75
131.25
131.25
130.5
130.5
129.75
129.75
128.75
128.75
128.75
128.75
129.25
129.25
129.5
129.75
129.75
129.5
129.5
129.75
129.75
129.75
129.75
129.75
129.75
130.0
130.25
130.25
130.5
130.5
130.75
130.75
130.5
130.5
131.0
131.0
132.25
132.5
132.5
132.0
132.0
132.0
132.0
132.25
132.25
132.5
133.0
133.0
133.0
133.0
133.0
133.0
131.0
131.0
131.0
131.0
131.0
131.75
131.75
133.0
133.0
133.25
133.25
133.25
133.25
133.75
133.75
134.25
135.0
135.0
135.5
135.5
135.5
135.5
133.5
133.5
133.5
133.5
134.0
134.0
134.25
133.5
133.5
133.25
133.25
133.25
133.25
134.25
134.5
134.5
135.0
135.0
135.0
135.0
135.0
135.0
134.25
135.25
135.25
135.25
135.25
135.25
135.25
135.5
135.5
135.0
134.75
134.75
134.75
134.75
134.75
134.75
134.75
134.75
134.75
135.0
135.0
135.5
135.5
135.5
135.5
136.0
136.25
136.25
136.5
136.5
136.0
136.0
134.75
134.0
134.0
134.0
134.0
130.75
131.0
131.0
131.0
131.5
131.5
132.0
131.5
131.5
132.5
132.5
132.75
132.75
133.25
133.25
133.5
134.25
134.25
134.25
134.25
134.5
134.5
135.25
135.25
135.75
135.75
136.0
136.0
136.25
136.25
136.75
137.0
137.0
137.0
135.5
135.5
133.75
133.75
133.75
132.25
132.25
133.25
133.25
133.0
133.0
132.75
132.75
132.75
133.0
133.0
133.0
133.0
133.75
133.75
134.75
134.75
135.0
136.0
136.0
136.0
136.0
136.25
136.25
136.75
137.25
137.25
137.5
137.5
138.0
137.75
137.75
137.25
137.25
137.75
137.75
138.75
138.75
138.75
138.75
138.0
138.0
138.75
138.75
137.75
137.75
137.75
137.75
138.25
138.25
138.75
138.75
138.75
138.5
138.5
139.0
139.0
139.25
139.25
139.75
140.25
140.25
140.25
140.75
140.75
140.75
140.75
140.75
141.0
141.0
141.5
141.5
142.25
142.75
142.75
143.0
143.0
143.0
143.5
143.5
143.0
143.0
142.75
142.75
142.75
142.75
142.75
142.75
143.5
143.5
143.75
143.75
143.75
143.75
143.75
143.25
143.0
143.0
143.25
143.25
142.5
141.5
141.5
141.5
141.75
140.0
140.0
138.25
138.25
137.75
137.75
137.75
137.75
137.75
137.75
137.75
137.75
138.0
138.0
137.5
137.5
137.75
137.75
138.0
138.75
138.75
138.0
138.0
138.0
137.0
137.0
136.5
136.5
135.75
135.75
136.0
136.0
135.0
135.0
135.0
135.0
135.0
134.75
134.75
135.0
135.0
131.25
131.25
131.25
131.75
131.75
131.75
131.75
132.5
132.5
128.25
128.25
128.25
133.75
133.75
133.75
133.75
134.0
133.25
133.25
131.5
131.5
128.5
128.5
127.5
127.5
126.5
126.5
124.75
124.75
127.5
127.5
127.5
130.0
130.0
127.0
127.0
126.5
126.5
125.75
125.75
126.75
126.75
118.0
118.0
116.0
116.0
118.0
118.0
118.0
118.75
118.75
118.75
118.75
121.25
121.25
121.25
121.25
121.25
121.25
121.25
114.5
114.5
114.5
114.5
113.75
113.75
113.75
113.75
113.25
113.25
113.25
113.25
113.25
113.25
113.25
113.25
113.25
120.25
120.25
120.25
125.0
125.0
125.0
128.25
128.25
128.5
128.5
128.5
128.5
130.25
130.25
130.25
130.25
130.25
130.25
130.25
134.75
136.75
136.75
138.25
138.25
138.5
138.5
140.5
140.5
141.0
141.0
140.0
140.75
140.75
140.75
141.75
141.75
142.0
142.0
142.0
142.0
142.0
142.75
142.75
143.0
142.25
142.25
141.25
141.25
140.75
140.75
140.75
140.75
142.5
142.5
142.75
142.75
141.25
141.25
144.5
144.5
144.5
144.25
144.25
144.25
144.25
144.25
145.25
145.25
144.5
144.5
141.25
141.25
140.0
140.0
138.75
138.75
137.75
137.75
137.25
137.25
135.75
135.75
136.0
136.0
136.0
140.0
140.0
140.5
141.25
141.25
141.0
141.0
141.25
141.25
141.5
141.5
142.5
142.5
142.5
143.25
142.75
142.75
142.75
142.75
143.0
143.25
143.25
143.25
142.0
142.0
139.75
139.75
142.0
142.0
142.25
142.5
142.5
142.5
142.75
142.75
143.5
143.5
143.75
143.75
144.5
144.5
144.5
145.0
145.0
145.5
146.0
146.0
146.25
146.25
146.5
146.75
146.75
146.75
146.75
146.75
146.75
146.75
145.75
145.5
145.5
144.75
144.75
144.0
144.0
144.0
143.5
143.5
143.0
143.0
143.0
142.5
142.5
143.0
143.0
143.25
143.5
143.5
143.0
143.25
143.25
143.75
143.75
144.0
144.0
144.0
143.5
143.5
143.5
144.75
144.75
144.0
144.0
144.0
143.75
143.75
143.5
143.5
143.5
143.5
143.5
143.0
143.0
143.0
142.0
142.0
142.0
142.0
142.25
142.25
142.25
139.5
139.5
139.0
139.0
139.25
139.25
139.25
139.25
140.25
140.25
140.25
141.25
141.0
141.0
141.0
141.0
141.25
140.5
140.5
140.0
140.0
139.5
139.5
138.25
137.5
137.5
137.5
136.25
136.25
136.25
136.25
136.75
136.75
137.25
137.25
137.75
138.0
138.0
138.25
138.25
138.25
138.25
136.75
136.75
135.0
134.0
134.0
134.0
134.0
134.0
134.0
132.75
132.75
132.0
131.75
131.75
132.25
132.25
132.5
132.5
132.5
133.0
133.0
133.25
133.25
133.5
133.5
133.75
133.75
134.0
134.0
134.0
134.0
134.0
134.25
134.25
134.0
134.0
135.0
135.75
135.75
135.75
135.75
135.75
135.75
136.0
136.25
136.25
135.75
135.75
136.0
136.0
135.25
134.5
134.5
133.75
133.75
133.75
133.75
133.75
133.75
133.5
133.5
134.0
134.25
134.25
134.75
134.75
135.0
135.0
135.25
135.5
135.5
135.5
135.5
136.0
136.0
136.25
136.5
136.5
136.25
136.25
136.0
136.0
136.25
136.25
136.25
136.0
136.0
136.0
136.0
135.5
135.5
135.5
135.25
135.25
134.75
134.75
134.25
134.25
134.25
135.0
135.0
135.0
135.0
134.25
134.25
134.25
134.25
134.75
135.5
135.5
135.5
135.5
135.5
135.5
135.5
135.0
135.0
135.25
135.25
135.5
135.5
136.25
136.5
136.5
136.5
136.25
136.25
136.0
136.0
137.5
137.5
137.5
137.5
137.5
137.5
137.5
137.5
137.5
137.5
137.5
137.5
137.5
137.25
137.0
137.0
137.0
137.0
137.0
137.0
137.25
136.75
136.75
136.75
136.75
136.75
136.75
136.75
137.25
137.25
137.25
137.25
137.25
137.25
138.25
138.5
138.5
138.0
138.0
138.0
138.5
138.5
139.0
139.0
138.75
138.75
139.25
139.75
139.75
139.5
139.5
139.25
139.5
139.5
139.5
139.5
139.25
139.25
138.75
138.0
138.0
136.25
136.25
135.0
135.0
133.25
133.25
133.0
133.0
133.25
133.5
133.5
133.5
133.5
133.5
133.5
132.75
132.75
132.75
131.25
131.25
130.25
130.25
129.5
129.5
129.5
129.5
130.0
130.0
130.25
130.25
128.5
128.5
126.75
126.75
124.75
124.75
122.75
122.75
122.5
122.5
122.5
122.5
122.75
122.75
123.5
123.5
123.5
125.0
125.0
125.0
126.5
126.5
126.5
126.75
126.75
126.75
126.75
126.75
126.75
126.75
127.13636363636364
127.52272727272727
127.9090909090909
128.29545454545453
128.6818181818182
129.0681818181818
129.45454545454547
129.8409090909091
130.22727272727272
130.61363636363637
131.0
131.38636363636363
131.77272727272728
132.1590909090909
132.54545454545453
132.9318181818182
133.3181818181818
133.70454545454547
134.0909090909091
134.47727272727272
134.86363636363637
135.25
135.25
134.25
134.25
132.5
132.5
128.25
128.25
126.0
126.0
125.75
125.75
125.75
124.75
124.75
124.25
124.25
125.25
125.25
125.5
125.5
125.5
125.5
124.25
124.25
122.75
122.75
122.75
122.75
122.0
122.0
122.0
122.0
122.75
122.75
122.75
122.75
127.5
127.5
127.0
126.5
126.5
126.25
126.25
126.25
126.25
126.25
126.25
126.25
126.25
125.5
125.5
126.25
126.25
126.5
126.5
127.5
128.5
128.5
129.0
129.0
129.0
129.0
128.0
128.0
127.25
127.25
127.25
127.25
127.25
129.75
129.75
130.25
130.25
130.75
130.75
130.75
130.75
130.5
130.5
130.5
132.25
132.25
132.5
132.5
132.75
132.75
132.75
131.75
131.75
130.75
130.75
130.75
130.75
130.5
130.5
129.75
129.75
129.75
129.75
130.25
130.25
130.5
130.5
130.25
129.5
129.5
129.25
129.25
129.25
129.25
128.5
128.5
128.5
128.5
130.0
130.25
130.25
130.25
130.25
129.75
129.75
128.5
128.5
128.0
128.0
128.0
128.0
127.75
128.0
128.0
127.25
127.25
127.5
127.5
127.5
127.5
127.25
127.25
126.75
126.75
126.5
126.5
126.75
126.75
127.25
127.25
128.0
128.25
128.25
128.75
128.75
130.5
130.5
129.75
129.75
129.75
129.75
129.25
129.25
127.25
127.25
126.5
126.0
126.0
126.75
126.75
127.25
127.25
127.75
127.75
129.5
129.5
130.25
130.25
131.0
131.5
131.5
131.5
131.5
132.25
131.75
131.75
128.5
128.5
128.5
127.0
127.0
127.0
126.25
126.25
124.75
124.75
124.25
124.25
125.5
125.5
126.5
126.5
127.5
127.5
128.0
128.0
128.25
128.25
128.25
128.0
128.0
128.0
128.0
128.5
128.5
128.75
128.75
128.0
128.0
127.75
127.75
127.75
126.5
126.5
126.25
126.25
125.0
125.0
125.25
125.25
124.5
124.5
124.25
124.25
124.25
124.25
125.0
125.0
125.25
125.25
125.75
125.75
125.75
125.75
125.75
125.75
126.25
126.25
126.25
124.75
124.75
123.5
123.5
122.75
122.75
123.0
123.0
123.0
123.0
126.25
126.25
126.25
126.5
126.5
127.25
127.25
126.75
126.75
126.5
127.0
127.0
127.0
127.5
127.5
127.5
127.75
127.75
128.0
128.0
128.75
128.75
129.5
129.5
129.5
130.0
130.0
130.5
130.5
130.5
130.0
130.0
130.0
131.25
131.25
129.0
127.25
127.25
127.0
127.0
127.25
127.25
128.5
128.5
128.75
128.75
128.75
130.25
130.25
130.25
127.0
127.75
127.75
129.0
129.0
129.0
129.0
129.0
129.0
127.25
127.25
126.5
126.5
127.75
127.75
127.75
127.0
127.0
127.0
127.0
126.25
126.25
126.75
126.75
127.25
127.25
126.25
126.25
125.75
125.75
125.25
125.25
125.25
125.25
125.25
125.25
124.75
124.0
124.0
122.5
122.5
122.5
122.5
122.5
122.5
118.75
118.75
120.0
120.0
120.75
120.75
121.75
121.75
121.75
121.75
125.5
125.5
125.5
125.5
125.75
125.75
125.75
125.75
124.75
124.75
125.25
125.25
125.75
125.75
126.0
126.0
125.25
124.25
124.25
123.5
123.5
122.75
122.75
123.5
123.5
124.25
124.25
125.0
125.0
125.0
125.0
126.25
126.25
125.0
125.0
125.0
125.0
124.5
124.5
124.75
124.75
124.5
124.5
125.0
125.0
126.0
126.0
126.0
126.75
126.75
128.0
128.0
128.25
128.25
128.75
128.75
127.25
125.25
125.25
125.75
125.75
126.0
126.0
126.5
126.5
127.25
127.25
127.25
127.25
127.5
127.5
128.0
129.0
129.0
128.5
128.5
128.0
128.0
128.0
128.0
128.5
128.5
128.25
128.25
128.75
129.5
129.5
130.5
130.5
129.5
129.5
129.0
129.0
129.0
129.0
129.5
129.5
129.75
129.25
129.25
129.25
129.25
129.75
129.75
129.75
129.75
130.25
130.25
131.0
131.5
131.5
131.5
131.5
131.5
131.5
130.0
130.0
130.25
130.25
129.5
129.5
129.0
129.0
128.75
128.75
129.75
130.0
130.0
130.0
130.0
127.5
127.5
126.75
126.75
127.5
127.5
127.5
127.5
127.75
127.75
128.25
128.5
128.5
129.0
129.0
128.5
128.5
128.0
128.0
128.5
128.5
128.75
128.75
129.0
129.0
129.25
129.25
129.25
129.25
129.25
127.5
127.5
126.5
126.5
125.75
125.75
125.75
125.75
125.75
125.75
125.75
125.75
128.0
128.0
128.75
130.0
130.0
129.75
129.75
128.75
128.75
129.5
129.5
130.0
130.0
129.25
129.25
129.25
130.0
130.0
131.0
131.0
131.25
131.25
131.0
131.0
130.75
130.75
130.75
130.75
130.75
130.0
130.0
130.0
130.0
128.25
128.25
128.25
128.0
128.0
128.5
128.5
128.0
128.0
127.5
127.0
127.0
126.5
126.5
126.75
126.75
127.0
127.0
127.0
127.0
128.5
128.5
128.75
128.75
128.25
128.25
128.25
129.0
129.0
130.0
130.0
130.5
130.5
131.25
131.25
132.5
134.0
134.0
135.5
135.5
136.0
136.0
136.0
140.0
140.0
142.0
142.0
140.75
140.75
142.25
142.25
143.0
143.0
143.75
143.75
143.75
143.75
143.25
142.25
142.25
142.25
142.25
142.0
142.0
140.75
139.5
139.5
139.5
133.75
133.75
133.75
134.25
134.25
135.75
135.75
136.25
136.25
135.25
135.25
133.75
133.75
133.75
133.75
133.75
133.75
133.25
133.25
131.75
131.75
132.0
132.0
132.25
132.5
132.5
131.25
131.25
132.5
132.5
133.75
134.75
134.75
134.75
134.75
134.75
134.75
136.5
138.0
138.0
138.0
139.0
140.25
140.25
141.5
141.5
142.0
142.5
142.5
144.25
144.25
144.25
145.0
145.0
145.0
145.25
145.25
145.5
145.5
145.5
147.75
148.0
148.0
148.5
148.5
148.5
147.5
146.5
146.5
146.0
146.0
144.5
144.25
144.25
141.75
141.75
139.75
139.75
139.5
139.5
139.5
139.5
137.0
137.0
137.0
134.25
134.25
133.5
133.5
133.75
133.75
134.25
134.25
133.75
135.25
135.25
135.25
135.25
136.0
136.0
135.75
134.75
134.75
135.5
135.5
132.5
132.5
131.25
131.25
132.25
132.25
133.25
133.25
132.5
131.5
131.5
131.5
130.75
130.75
130.75
132.0
132.0
132.0
133.0
133.0
130.0
130.0
130.25
130.25
131.25
131.25
130.75
130.75
130.75
128.25
128.25
128.25
129.5
130.0
130.0
130.0
129.25
130.0
130.0
128.5
128.5
128.5
129.0
129.0
129.0
129.0
131.0
131.0
132.5
132.5
131.5
130.25
130.25
132.0
132.0
132.0
133.0
133.0
134.0
134.25
134.25
134.5
134.5
134.5
134.5
134.25
134.25
134.0
134.5
134.5
134.5
134.5
133.5
133.5
133.5
133.5
132.0
130.75
130.75
130.75
130.75
130.0
130.0
129.75
129.75
127.5
127.5
127.5
127.5
128.25
130.5
130.5
131.75
131.75
131.5
131.5
132.25
132.25
132.75
133.5
133.5
133.5
133.5
130.5
130.5
129.5
129.5
122.0
122.0
121.5
121.5
123.75
123.75
124.0
124.0
124.0
119.5
119.5
119.0
119.0
122.75
122.75
127.0
127.0
127.0
127.0
126.5
126.5
126.5
126.5
126.5
126.5
122.75
122.75
122.75
122.0
122.0
122.0
122.0
117.25
117.25
117.25
117.25
115.0
115.0
113.5
113.5
113.75
113.75
113.75
115.25
115.25
117.75
117.75
119.25
119.25
123.25
123.25
126.0
126.0
127.75
128.75
128.75
129.25
129.25
129.25
134.0
135.75
135.75
139.0
139.0
140.5
140.5
140.5
140.75
140.75
141.0
140.5
140.5
142.25
142.25
143.75
143.75
143.75
142.75
142.75
143.5
143.5
144.5
144.5
144.75
145.0
145.0
145.0
145.0
146.25
146.25
146.25
143.5
142.75
142.75
142.75
142.75
142.5
137.25
137.25
137.25
137.25
134.5
134.5
134.5
132.75
132.75
132.75
129.5
126.0
126.0
127.0
127.0
128.0
128.0
129.5
129.5
131.5
131.5
131.5
131.5
132.5
132.5
133.0
133.0
135.0
135.0
135.75
135.75
135.75
138.75
138.75
141.5
141.5
142.25
142.25
141.75
141.75
147.0
147.0
148.75
148.75
147.5
147.5
146.75
147.5
147.5
147.5
148.0
148.5
148.5
148.5
148.0
148.0
147.5
147.5
147.5
146.0
144.5
144.5
144.5
138.25
138.25
137.75
137.75
138.0
138.0
138.25
138.25
137.75
138.0
138.0
138.25
138.25
138.25
139.75
139.75
141.25
141.25
142.25
144.25
144.25
143.75
143.75
144.0
144.0
144.0
143.5
143.5
142.0
142.25
142.25
142.25
142.25
142.25
140.75
140.75
139.75
139.75
139.0
139.0
138.25
138.25
136.25
136.25
136.25
136.25
136.25
137.0
137.0
137.0
137.0
136.75
136.75
136.75
137.5
137.5
136.0
136.0
136.0
133.75
133.75
134.75
134.75
134.75
134.75
134.25
134.25
134.75
134.75
134.0
134.0
134.0
134.0
134.0
132.5
132.5
131.75
131.75
131.75
131.75
132.5
132.5
130.25
130.25
129.5
130.5
130.5
130.0
130.0
129.0
129.0
128.5
128.5
128.5
128.5
128.5
128.75
128.75
127.25
126.75
126.75
124.75
124.75
124.75
123.75
123.75
123.75
123.75
123.25
123.25
123.25
123.25
123.25
123.25
125.0
125.0
125.0
126.25
126.25
126.5
126.5
126.0
126.0
126.0
126.0
126.0
126.0
123.0
123.0
126.0
126.0
126.25
126.25
126.25
127.0
127.0
130.25
130.25
131.5
131.5
131.5
131.0
131.0
131.25
131.25
131.75
131.75
132.25
132.25
132.25
132.25
131.75
131.75
131.75
132.5
132.5
132.5
132.5
132.5
132.5
132.75
132.75
132.75
132.0
132.0
132.0
131.5
131.5
131.5
132.75
133.0
133.0
133.0
133.0
131.75
131.75
132.25
132.25
132.75
132.75
132.75
133.75
133.75
134.0
134.0
134.0
134.0
134.0
134.25
134.25
134.25
134.25
134.25
133.0
132.75
132.75
132.0
132.0
130.75
130.75
130.5
130.5
130.75
132.5
132.5
131.75
131.75
131.75
131.5
131.5
131.5
128.0
128.0
128.0
131.5
131.5
131.5
131.5
131.5
130.5
130.5
130.5
130.5
131.5
131.5
130.75
130.75
130.75
130.75
130.75
130.75
130.75
131.5
131.5
132.0
132.0
132.0
132.0
132.0
132.0
132.0
132.0
132.0
132.0
128.53125
125.0625
121.59375
118.125
114.65625
111.1875
107.71875
104.25
104.25
104.25
104.25
104.25
104.25
104.25
104.25
104.25
102.75
102.75
102.75
103.0
103.0
103.0
94.25
94.25
92.75
92.75
92.75
92.75
92.75
95.25
95.25
95.25
86.5
86.5
85.0
85.0
85.0
84.75
84.75
101.66666666666667
118.58333333333334
135.5
135.5
135.5
135.5
135.5
135.5
135.5
136.5
136.5
136.5
136.5
136.5
136.5
136.5
136.5
136.5
136.5
136.5
137.0
137.0
137.0
137.5
137.5
137.5
137.5
137.5
137.5
137.5
137.16666666666666
136.83333333333334
136.5
136.5
136.5
136.5
135.5
134.75
134.75
133.5
133.5
133.25
133.25
133.5
133.5
133.0
133.0
132.25
132.0
132.0
132.75
132.75
133.0
133.0
134.0
134.25
134.25
134.25
134.25
134.0
134.0
134.0
134.0
133.75
133.75
132.25
132.75
132.75
132.75
132.75
133.0
133.0
133.5
133.5
134.5
134.0
134.0
132.25
132.25
131.5
131.5
131.5
131.5
131.0
131.0
130.5
130.5
130.5
129.75
129.75
130.0
130.0
130.5
130.5
130.5
130.5
130.5
130.75
130.75
131.0
131.0
131.25
131.25
131.5
131.5
131.5
131.5
131.5
132.0
132.0
131.75
131.75
131.5
131.5
132.0
132.0
130.5
130.5
129.75
129.75
129.25
129.25
129.25
129.25
127.25
127.25
127.25
127.25
127.25
127.25
127.25
127.25
127.25
127.25
127.25
127.25
127.25
128.0
128.0
128.25
128.25
128.25
128.25
128.5
129.0
129.0
129.5
129.5
129.75
129.75
129.25
129.25
129.25
129.25
129.25
129.25
129.25
128.75
128.75
129.0
129.0
128.5
128.5
128.0
128.0
129.0
130.0
130.0
130.25
130.25
130.25
130.5
130.5
129.25
129.25
129.25
129.25
132.0
132.0
132.25
132.25
132.25
131.5
131.5
130.5
130.5
130.0
130.0
130.5
130.75
130.75
130.75
130.75
130.75
130.75
130.75
130.75
130.75
129.0
129.0
129.0
128.75
127.75
127.75
127.25
127.25
127.25
127.25
127.5
127.5
128.5
128.5
129.0
129.0
127.75
127.75
127.25
127.75
127.75
128.0
128.0
127.25
127.25
126.5
126.5
126.5
126.5
126.25
126.25
126.5
126.5
127.25
127.25
127.75
127.75
127.75
129.25
129.25
130.0
130.0
130.0
130.0
129.75
130.0
130.0
130.0
130.75
130.75
130.75
130.75
130.75
130.75
130.75
130.75
131.25
131.25
131.25
132.0
132.0
132.25
132.25
132.25
132.25
132.25
132.25
132.75
133.5
133.5
133.75
133.75
133.25
133.25
132.5
132.5
132.5
133.0
133.0
133.5
133.5
133.75
133.75
133.75
133.75
131.0
131.0
131.0
131.0
132.5
132.5
132.5
131.25
131.25
130.25
130.25
129.5
128.75
128.75
129.5
129.5
130.0
130.0
130.75
130.75
129.0
129.0
128.75
128.75
130.5
129.75
129.75
130.75
130.75
130.25
130.25
130.25
130.25
130.25
130.25
130.25
127.0
127.0
127.0
133.5
133.5
128.5
128.5
129.0
129.0
130.0
130.0
130.0
136.25
136.25
136.25
137.75
137.75
138.25
137.75
137.75
138.25
138.25
138.0
138.0
138.0
135.5
135.5
131.25
131.25
129.75
129.75
129.75
132.0
132.0
132.0
135.5
135.5
136.25
136.25
137.25
137.25
136.75
136.75
136.75
136.75
136.75
136.25
136.25
133.75
133.75
133.25
133.25
130.75
130.75
134.0
134.0
133.0
133.0
132.75
132.75
132.75
132.75
135.0
135.0
136.5
136.75
136.75
136.75
136.75
138.0
138.0
139.25
139.25
139.5
139.5
139.5
137.0
137.0
138.0
138.0
137.5
137.5
137.5
137.5
137.5
138.5
138.5
137.75
137.75
138.5
138.5
138.5
137.75
137.75
137.75
137.75
137.75
137.75
138.5
138.25
138.25
137.75
137.75
137.25
137.25
137.0
136.5
136.5
136.75
136.75
137.5
137.5
138.25
137.25
137.25
137.25
137.25
136.5
136.5
137.0
137.0
137.0
136.5
136.5
136.5
136.5
136.25
136.25
136.25
136.25
136.25
136.5
136.5
136.75
136.75
136.75
136.25
136.25
136.25
136.5
136.5
136.75
136.75
136.75
136.75
137.25
137.25
137.5
137.5
137.5
138.0
138.0
138.5
138.5
138.75
137.75
137.75
137.5
137.5
137.5
137.5
137.5
137.0
137.0
138.0
138.0
137.25
137.25
136.0
136.0
136.0
135.5
135.5
135.25
135.25
133.5
133.5
133.0
133.0
132.75
132.75
132.5
132.5
132.75
133.5
133.5
133.75
133.75
134.25
134.25
134.5
134.5
134.75
134.75
134.25
134.25
133.25
132.5
132.5
132.75
132.75
132.5
132.5
132.75
132.75
132.75
132.75
132.75
132.0
132.0
133.0
133.0
131.75
131.75
132.0
132.0
132.0
132.25
132.25
132.5
132.5
131.75
131.75
131.75
131.75
130.75
130.75
130.75
129.75
129.75
129.25
129.25
129.0
129.0
129.0
129.0
129.25
129.25
129.5
129.5
129.5
130.75
130.75
130.25
130.25
129.75
129.75
128.0
128.0
128.25
128.25
128.5
128.5
129.25
129.25
130.5
130.75
130.75
131.5
131.5
132.5
132.5
133.0
133.0
133.0
133.0
133.0
132.25
132.25
131.75
131.75
131.75
132.0
132.0
132.25
132.25
132.5
132.5
132.5
133.75
133.75
134.0
134.0
132.0
132.0
130.75
130.75
130.75
131.0
131.0
130.0
130.0
130.0
130.25
130.25
129.75
129.75
129.5
129.5
129.5
128.25
128.25
129.5
129.5
129.5
129.5
129.5
129.5
129.5
129.5
128.75
128.75
128.75
128.25
128.25
128.75
128.75
129.25
129.25
129.5
130.0
130.0
130.25
130.25
130.25
130.25
132.0
132.0
132.25
131.5
131.5
131.0
131.0
130.0
130.0
130.0
130.0
129.25
129.25
129.25
129.25
129.5
130.5
130.5
131.25
131.25
132.0
132.0
132.25
132.25
133.25
133.5
133.5
133.5
133.5
134.25
134.25
134.25
134.25
133.5
133.75
133.75
133.0
133.0
132.25
132.25
131.75
131.75
131.75
130.5
130.5
130.5
130.5
128.25
128.25
129.25
129.25
127.5
128.0
128.0
129.0
129.0
129.75
129.75
129.75
129.75
129.75
129.75
129.75
130.25
130.25
129.5
129.5
128.5
128.5
128.5
128.5
127.75
127.75
128.0
128.0
128.5
128.5
128.75
129.75
129.75
129.75
129.75
129.75
131.75
131.75
131.75
131.75
131.75
132.25
132.25
132.5
132.5
132.25
132.25
132.75
132.75
132.25
130.75
130.75
131.25
131.25
132.25
132.25
134.0
134.0
134.0
134.0
134.0
131.75
131.75
131.75
135.0
135.0
135.0
131.5
131.5
131.5
130.75
130.25
130.25
130.0
130.0
130.0
130.0
128.75
128.75
128.75
130.0
130.0
131.5
131.5
133.0
133.0
133.0
133.0
134.25
134.25
134.5
134.0
134.0
134.25
134.25
134.5
134.5
134.5
134.5
134.5
134.5
134.75
134.75
134.75
134.75
134.75
134.75
134.25
134.25
134.25
134.25
134.25
128.75
128.75
125.0
125.0
122.25
122.25
118.25
118.25
108.5
108.5
108.5
106.5
106.5
114.75
114.75
117.75
117.75
117.75
127.0
127.0
129.25
128.5
128.5
130.5
130.5
130.5
133.0
133.0
131.75
131.75
132.0
132.0
130.25
130.25
128.5
128.5
127.0
127.0
127.0
127.0
123.25
123.25
123.75
123.75
123.75
123.75
127.5
129.75
129.75
131.5
131.5
132.25
132.25
133.5
133.5
134.25
135.0
135.0
135.25
135.25
135.0
135.0
135.25
135.5
135.5
136.0
136.0
135.25
135.25
135.25
135.5
135.5
135.25
135.25
134.75
134.75
135.0
135.0
135.0
135.25
135.25
135.0
135.0
135.0
135.0
135.5
136.0
136.0
136.25
136.25
136.5
136.5
136.0
136.0
136.0
134.75
134.75
134.75
135.0
135.0
134.75
134.75
134.75
133.25
133.25
133.25
133.25
133.25
133.25
133.25
133.25
133.75
134.0
134.0
134.0
134.25
134.25
134.25
134.5
134.0
134.0
132.75
132.75
132.75
132.75
132.0
132.0
132.0
132.0
131.5
131.0
131.0
130.75
130.75
130.75
130.75
131.0
131.0
131.0
132.25
132.25
132.25
132.25
133.25
133.25
133.5
133.5
134.25
134.25
134.25
134.25
134.25
135.25
135.25
135.25
135.75
135.75
135.25
135.25
135.25
135.25
136.0
136.0
136.0
136.0
136.0
134.25
134.25
134.25
134.25
132.5
132.5
132.5
131.75
131.75
131.5
131.5
130.75
130.75
130.75
130.75
130.75
130.75
129.75
129.75
129.25
129.25
129.25
129.5
129.5
129.75
129.75
129.25
129.25
128.5
128.5
128.5
129.0
129.0
129.0
129.0
128.25
128.25
128.0
128.0
128.75
128.75
129.75
129.75
130.25
130.5
130.5
130.5
130.5
130.75
130.75
130.5
130.5
130.75
130.75
130.25
130.0
130.0
129.5
129.5
129.75
129.75
130.5
130.5
131.25
132.75
132.75
133.25
133.25
134.0
134.0
135.0
135.75
135.75
136.0
136.0
135.75
135.75
135.75
135.75
135.75
135.25
135.25
135.0
135.0
134.25
134.25
134.25
134.5
134.5
134.0
134.0
133.75
133.75
133.75
133.75
132.5
131.75
131.75
132.25
132.25
132.75
132.75
134.0
134.0
134.0
129.5
129.5
129.5
126.75
126.75
126.75
126.25
126.75
126.75
126.25
126.25
125.0
125.0
126.25
126.25
127.0
127.0
126.25
126.25
127.25
127.25
125.25
125.25
123.5
123.5
122.0
122.0
123.25
123.25
124.75
128.0
128.0
129.5
129.5
131.75
131.75
133.0
133.0
133.75
134.5
134.5
135.25
135.25
136.5
136.5
136.25
134.25
134.25
133.75
133.75
131.25
131.25
127.75
127.75
124.5
124.5
122.0
122.0
122.5
122.5
126.5
126.5
129.75
129.75
131.25
131.25
131.25
134.25
134.25
134.5
134.5
135.0
135.0
134.25
134.25
134.25
135.5
135.5
135.5
131.0
131.0
131.0
127.75
127.75
127.5
127.5
127.5
127.5
127.5
127.5
127.5
128.5
128.5
129.25
129.5
129.5
129.75
129.75
129.75
129.75
128.5
128.5
127.25
127.25
127.5
127.5
127.0
127.0
127.0
132.5
132.5
133.5
133.5
133.75
133.75
133.75
139.5
139.5
139.5
139.25
139.25
138.75
138.75
139.0
139.0
138.75
138.75
139.25
140.25
140.25
140.25
141.25
141.25
140.25
140.25
140.25
140.25
140.25
141.75
141.75
141.5
141.5
141.5
142.0
142.0
140.75
140.75
140.75
140.75
140.75
139.75
139.75
138.5
138.5
138.0
138.0
138.25
137.75
137.75
137.75
137.75
138.5
138.5
138.25
138.25
138.25
138.25
137.75
137.5
137.5
136.5
136.5
136.75
136.75
136.75
135.75
135.75
135.75
135.75
135.75
133.75
133.75
133.75
134.5
132.0
132.0
131.5
131.5
133.5
133.5
134.25
134.25
134.25
132.5
132.5
133.75
133.75
135.5
135.5
136.25
137.25
137.25
137.25
137.25
136.25
136.25
135.0
135.0
136.0
136.0
136.0
136.5
136.75
136.75
138.0
138.0
141.5
141.5
142.0
141.5
141.5
141.5
141.5
141.5
140.5
140.5
141.5
141.5
143.75
144.0
144.0
144.25
144.25
144.25
144.75
144.75
143.75
143.75
143.25
143.0
143.0
143.75
143.75
143.5
142.0
142.0
141.75
141.75
138.0
138.0
138.0
136.75
136.75
136.75
136.75
136.75
136.75
136.75
136.5
136.5
137.0
137.0
137.25
137.75
137.75
137.75
137.75
138.75
138.75
140.0
140.0
141.25
140.75
140.75
140.75
140.75
141.75
141.75
142.5
142.75
142.75
143.0
143.0
143.75
143.75
143.75
143.75
143.75
144.0
144.0
143.75
142.75
142.75
142.25
142.25
142.0
142.0
141.25
140.75
140.75
139.75
139.75
139.25
139.25
139.0
139.0
138.25
138.25
138.75
138.75
139.0
139.5
139.5
139.5
139.5
139.5
139.5
139.25
138.0
138.0
136.75
136.75
136.25
136.25
136.5
136.75
136.75
137.0
137.0
137.25
137.25
137.0
137.0
137.0
138.0
138.0
139.5
139.5
140.5
140.5
141.75
143.25
143.25
144.25
144.25
146.25
146.25
146.5
146.5
145.75
145.0
145.0
143.75
143.75
142.75
142.75
141.5
141.5
140.25
140.25
139.0
139.0
139.75
139.75
139.75
138.75
138.75
138.75
138.75
138.75
138.75
138.75
138.25
138.25
138.0
137.5
137.5
137.5
137.5
137.5
137.5
137.25
137.25
137.25
137.25
136.5
136.75
136.75
136.75
137.75
137.75
138.0
137.25
137.25
137.25
137.25
137.25
137.25
137.25
137.0
137.0
137.25
137.25
137.25
137.5
136.75
136.75
136.0
136.0
137.5
137.5
137.5
136.75
136.75
136.5
136.5
136.75
136.75
137.25
137.0
137.0
137.0
133.75
133.75
133.25
133.25
132.0
132.0
130.75
130.75
129.75
129.0
129.0
127.5
127.5
127.5
127.5
128.0
128.0
128.75
129.25
129.25
129.25
129.25
131.25
131.25
131.5
131.5
131.75
131.5
131.5
131.75
131.75
132.5
132.5
134.25
134.25
135.25
135.25
135.5
136.25
136.25
136.5
136.5
137.5
137.5
138.25
138.5
138.5
138.5
138.5
138.75
139.0
139.0
139.5
139.5
139.75
139.75
140.0
140.0
140.0
139.5
139.5
139.0
138.5
138.5
138.5
138.5
138.25
138.25
138.25
138.75
138.75
139.25
139.25
139.25
140.5
140.5
140.5
140.75
140.75
140.75
140.75
141.5
141.5
141.5
142.0
142.0
142.5
143.0
143.0
143.25
143.25
143.5
143.0
143.0
143.25
143.25
143.25
143.5
143.5
143.5
143.5
143.5
142.5
142.5
143.0
143.0
143.75
143.75
143.25
143.25
142.75
142.25
142.25
142.0
142.0
142.0
141.25
141.25
141.25
140.25
140.25
139.75
139.75
139.25
138.5
138.5
138.75
138.75
138.75
138.75
138.5
138.5
138.5
138.5
138.5
138.0
137.25
137.25
137.0
137.0
136.0
136.0
136.0
136.0
136.0
136.5
136.5
137.0
137.0
137.25
137.25
137.25
138.0
138.0
138.25
138.25
138.25
137.5
137.5
137.5
137.5
138.25
138.25
138.75
138.75
138.75
138.75
138.75
140.25
140.25
141.5
141.5
141.5
141.5
141.5
142.0
142.0
142.0
141.75
141.75
141.75
141.75
141.75
140.5
140.5
139.75
139.75
139.75
140.0
140.0
140.0
140.0
140.25
139.5
139.5
139.25
139.25
139.5
138.5
138.5
138.0
138.0
137.5
137.5
136.75
136.75
135.75
136.25
136.25
136.75
136.75
137.25
137.25
137.25
137.25
137.25
137.25
137.25
137.5
137.5
137.25
137.25
136.75
136.0
136.0
136.5
136.5
136.5
136.5
136.5
137.5
137.5
138.25
138.25
138.25
138.25
138.25
137.75
137.25
137.25
137.25
137.25
137.25
137.25
137.0
137.0
137.0
136.0
136.0
136.0
136.0
136.0
136.5
136.5
136.5
136.5
136.5
136.5
136.5
136.5
136.5
137.25
136.75
136.75
136.75
136.75
136.25
136.25
136.25
137.0
137.0
137.25
137.25
137.25
137.5
137.5
137.5
137.5
137.5
138.0
138.0
138.25
138.25
139.0
139.0
139.25
139.25
139.5
139.75
139.75
139.75
140.25
140.25
140.5
140.5
141.5
141.5
141.5
141.5
141.5
140.5
140.5
140.5
140.5
140.5
140.5
140.5
140.5
141.25
141.25
140.5
140.5
140.5
140.5
140.5
140.5
140.5
141.0
141.0
139.25
139.25
139.25
139.25
139.25
139.25
139.75
139.75
139.5
139.5
139.25
139.25
139.25
138.75
138.75
138.75
138.75
138.75
138.75
138.75
138.75
138.75
138.75
138.75
139.0
139.0
139.0
139.0
139.0
139.25
139.25
139.75
140.25
140.25
140.25
140.25
140.5
140.5
140.5
140.75
140.75
140.5
140.5
139.5
139.5
139.5
140.0
140.0
140.25
140.25
140.25
140.5
140.5
140.5
140.5
140.75
141.0
141.0
141.0
141.0
141.5
142.0
142.0
142.25
142.25
142.75
142.75
142.75
142.75
142.75
142.75
142.75
142.75
142.5
141.25
141.25
141.0
141.0
141.25
141.0
141.0
141.25
141.25
141.5
141.5
141.5
141.5
141.5
141.5
142.25
142.25
142.25
143.5
143.5
143.75
144.25
144.25
145.0
145.5
145.5
145.5
145.5
145.75
145.75
145.75
146.0
146.0
146.0
146.0
145.25
145.25
145.25
145.25
143.75
143.75
144.25
144.25
144.25
144.25
144.25
144.25
144.25
141.75
141.75
141.75
143.0
143.0
143.0
145.5
145.5
145.0
145.0
143.25
143.25
140.75
140.75
140.5
140.5
139.5
136.75
136.75
132.5
132.5
131.25
131.25
131.0
131.0
131.0
131.0
131.0
131.0
131.0
131.0
125.0
125.0
122.5
122.5
122.5
122.5
122.5
122.5
122.5
122.5
122.5
122.5
122.5
117.70833333333333
112.91666666666667
108.125
103.33333333333333
98.54166666666667
93.75
93.75
93.75
93.75
93.75
95.17857142857143
96.60714285714286
98.03571428571429
99.46428571428571
100.89285714285714
102.32142857142857
103.75
105.17857142857143
106.60714285714286
108.03571428571429
109.46428571428571
110.89285714285714
112.32142857142857
113.75
113.75
116.25
118.75
121.25
123.75
126.25
128.75
131.25
133.75
136.25
138.75
141.25
143.75
146.25
148.75
151.25
153.75
153.75
155.25
155.25
155.5
156.0
156.0
155.0
153.0
153.0
153.0
148.5
148.5
147.75
147.75
149.0
149.0
150.25
149.75
149.75
148.0
149.5
149.5
149.25
149.25
148.5
148.0
148.0
148.0
150.25
150.25
151.75
152.75
152.75
153.75
154.25
154.25
156.5
156.5
156.5
158.25
158.25
158.25
157.5
159.5
159.5
160.5
160.5
162.0
162.0
162.25
162.25
161.25
160.5
160.5
160.25
160.25
160.25
161.75
161.75
161.5
161.5
160.75
159.0
159.0
158.0
158.0
156.0
153.25
153.25
152.5
152.25
152.25
151.5
151.5
151.5
151.5
154.25
154.25
154.0
154.0
156.0
156.0
156.0
156.25
156.25
155.5
155.75
155.75
155.75
156.0
156.0
156.0
160.0
160.0
160.25
160.5
160.5
160.75
160.25
160.25
160.25
159.0
159.0
158.75
158.0
158.0
158.0
156.75
156.75
156.25
155.25
155.25
153.25
153.25
153.0
153.5
153.5
154.0
154.0
154.25
154.25
154.75
154.75
155.0
155.0
155.5
155.5
155.75
155.75
157.0
157.25
157.25
155.25
155.25
155.5
155.5
155.75
155.75
155.75
158.5
158.5
157.5
157.5
157.75
158.25
158.25
157.75
157.75
157.75
157.75
160.25
160.25
160.5
160.0
160.0
160.0
158.0
158.0
157.75
158.75
158.75
159.0
159.0
156.75
156.75
156.75
157.0
157.5
157.5
157.5
157.5
157.5
157.5
157.5
157.75
157.75
156.5
156.5
156.5
154.5
154.5
154.75
153.5
153.5
152.75
152.5
152.5
152.75
152.75
152.75
155.0
155.0
155.5
155.5
154.25
154.25
154.25
154.25
154.25
154.25
154.25
154.25
151.0
151.0
151.5
151.5
151.75
152.0
152.0
152.5
152.5
152.5
152.5
152.5
152.5
152.5
152.5
152.5
152.75
152.75
152.75
152.75
152.0
152.0
152.0
152.25
152.25
152.75
152.75
154.0
154.0
153.75
153.75
153.75
153.75
154.25
154.25
154.5
152.75
152.75
152.0
152.0
151.75
151.75
151.75
151.75
154.25
154.25
155.0
155.25
155.25
155.25
155.5
155.5
155.5
155.5
156.5
156.5
157.75
157.75
158.0
158.0
157.75
158.25
158.25
160.25
160.25
159.75
159.75
158.75
158.75
157.0
157.0
157.0
154.5
154.5
154.5
154.5
155.0
155.0
154.75
153.25
153.25
152.75
152.75
152.75
152.5
152.5
152.5
152.5
152.5
151.5
150.75
150.75
150.0
150.0
149.5
149.5
151.5
151.5
152.75
152.75
153.25
153.25
154.0
154.0
154.0
154.5
154.5
154.5
155.0
155.5
155.5
155.5
155.75
155.75
155.75
155.75
155.75
157.25
157.25
155.5
155.75
156.5
156.5
156.75
157.25
157.25
157.75
157.75
157.75
158.0
158.0
158.25
158.25
158.25
156.25
156.25
156.75
156.75
156.75
157.5
157.5
158.0
158.0
158.25
158.5
158.5
159.0
159.25
159.25
159.25
159.25
159.25
158.5
158.25
158.25
158.25
158.5
158.5
158.5
159.0
159.0
160.25
160.25
161.75
161.75
162.0
162.0
160.75
160.75
160.0
162.75
162.75
164.25
164.25
164.5
164.5
164.75
163.0
163.0
161.75
161.25
160.0
160.0
159.25
159.25
158.75
158.25
158.25
158.25
158.25
158.25
158.25
158.25
157.0
156.5
156.5
156.0
154.25
154.25
154.25
154.75
154.75
154.75
154.75
154.75
154.75
154.75
157.5
157.5
157.5
157.5
157.5
158.75
158.5
158.5
154.5
154.5
153.75
153.75
152.0
152.0
152.0
151.25
151.25
151.0
151.0
151.0
151.0
151.0
151.0
151.0
150.75
150.75
150.75
150.75
150.75
150.75
150.75
150.0
150.0
150.0
150.0
155.5
155.5
155.75
155.75
157.5
157.5
158.5
158.5
158.75
158.75
157.5
156.75
156.75
156.75
156.5
156.5
156.5
156.5
156.5
156.5
148.75
147.75
147.75
147.25
147.25
147.25
147.25
147.25
147.25
147.25
146.0
144.75
143.5
142.25
142.25
143.0
143.0
143.25
143.25
143.25
143.25
147.5
147.5
148.0
148.0
148.25
148.25
148.25
148.25
154.25
154.25
155.75
155.75
159.0
159.0
165.0
165.0
165.75
165.75
166.25
166.25
166.25
166.5
164.16666666666666
161.83333333333334
159.5
159.5
158.5
158.5
157.75
157.75
157.75
157.75
157.75
157.75
157.75
157.75
163.25
163.25
163.25
163.25
163.25
163.25
163.25
161.75
161.75
160.5
160.5
160.5
160.0
160.0
158.75
158.75
157.0
157.0
156.75
156.75
158.0
158.0
158.75
158.75
162.75
162.75
159.25
159.25
158.5
158.25
158.25
158.25
158.25
158.25
158.25
159.5
159.5
159.5
158.5
158.5
158.5
158.5
157.25
157.25
157.0
157.0
157.5
157.5
156.25
156.25
155.25
154.25
154.25
154.25
156.5
156.5
156.5
156.5
156.5
156.5
157.0
157.0
158.0
158.0
156.5
156.5
154.75
154.75
154.5
154.5
153.0
153.0
153.0
152.5
151.75
151.75
151.75
151.0
151.0
152.75
152.75
152.5
152.5
151.0
151.0
151.75
151.75
151.75
153.5
153.5
152.25
151.5
151.5
151.25
151.25
151.25
147.0
146.5
146.5
146.5
149.0
149.0
148.5
148.75
148.75
148.75
148.75
148.75
148.75
146.0
146.0
146.0
143.75
143.75
145.5
145.5
145.75
145.75
145.75
145.75
145.75
146.25
147.75
147.75
150.0
150.0
150.0
148.5
148.5
150.0
150.75
150.75
150.75
149.75
149.75
149.75
149.25
149.25
148.5
148.5
148.5
149.75
149.75
150.0
150.0
147.75
147.75
147.75
151.0
151.0
151.0
149.75
149.75
149.0
149.25
149.25
149.25
149.25
149.25
149.25
149.25
149.25
149.5
149.5
149.5
149.5
149.5
150.0
150.0
149.0
149.0
148.75
148.75
148.75
148.75
148.75
149.0
149.0
148.75
148.75
148.75
148.75
149.0
149.5
149.5
149.75
149.75
150.0
150.0
147.75
147.75
150.0
150.0
149.25
149.25
149.0
149.0
149.0
149.25
149.5
149.5
148.75
148.75
147.25
147.25
146.5
146.5
146.5
146.5
147.5
147.5
149.5
150.0
150.0
150.25
150.25
150.25
149.0
149.0
149.0
146.5
146.5
148.25
148.25
149.25
149.25
149.25
153.5
153.5
153.5
150.5
149.25
149.25
147.25
147.25
147.25
149.25
149.25
146.75
146.75
146.25
145.75
145.75
145.75
145.75
145.75
145.75
145.75
149.0
149.0
149.0
148.25
148.25
147.0
147.0
147.0
146.5
146.25
146.25
146.25
146.25
146.0
146.25
146.25
146.5
146.5
147.0
147.0
147.5
147.5
147.5
150.0
149.5
149.5
149.25
150.25
150.25
151.25
150.75
150.75
150.75
147.75
147.75
147.25
147.25
143.75
143.75
144.25
144.5
144.5
144.75
144.75
144.75
146.0
146.0
147.0
147.0
147.25
148.25
148.25
146.25
146.25
145.75
145.75
145.75
146.0
146.0
146.0
146.0
144.75
144.75
143.5
143.5
146.75
146.75
147.25
147.25
147.5
145.0
145.0
145.25
145.25
145.25
147.0
147.0
147.5
147.5
147.5
147.75
147.75
147.5
147.5
147.5
147.5
151.0
151.0
150.5
150.5
150.25
150.25
150.25
151.25
151.25
151.25
151.5
151.5
151.5
152.0
152.0
152.75
152.75
152.75
153.0
153.0
153.0
153.0
153.0
153.0
153.0
153.0
153.0
150.25
150.25
149.0
149.0
149.0
148.75
148.75
148.75
148.75
148.75
148.75
148.25
148.25
148.25
148.5
148.5
148.5
147.25
147.25
147.25
146.75
146.75
146.75
148.5
148.5
148.0
148.0
149.0
149.0
149.5
149.5
149.5
149.5
149.5
149.5
149.5
149.5
150.0
150.0
150.5
150.5
150.5
150.5
150.5
150.5
150.5
150.5
150.5
148.5344827586207
146.56896551724137
144.60344827586206
142.63793103448276
140.67241379310346
138.70689655172413
136.74137931034483
134.77586206896552
132.81034482758622
130.8448275862069
128.8793103448276
126.91379310344827
124.94827586206897
122.98275862068965
121.01724137931035
119.05172413793103
117.08620689655173
115.12068965517241
113.15517241379311
111.1896551724138
109.22413793103449
107.25862068965517
105.29310344827586
103.32758620689656
101.36206896551724
99.39655172413794
97.43103448275862
95.46551724137932
93.5
93.5
93.5
93.5
93.5
96.25
96.25
96.25
90.75
90.75
89.75
89.75
89.75
93.75
93.75
94.0
94.0
94.0
94.0
94.0
95.25
95.25
90.75
90.75
90.75
89.5
89.5
88.25
88.25
88.25
88.25
88.25
88.25
88.25
88.25
88.25
90.0
90.0
95.5
95.5
95.5
96.75
96.75
96.75
96.75
96.75
96.75
100.17647058823529
103.6029411764706
107.02941176470588
110.45588235294117
113.88235294117646
117.30882352941177
120.73529411764706
124.16176470588235
127.58823529411765
131.01470588235293
134.44117647058823
137.86764705882354
141.2941176470588
144.72058823529412
148.14705882352942
151.5735294117647
155.0
155.0
155.0
154.75
154.75
153.75
153.75
153.25
153.25
152.0
152.0
152.5
152.0
152.0
151.75
151.75
151.75
150.75
150.75
150.75
150.0
150.0
150.0
150.0
150.25
151.0
151.0
151.0
152.5
152.5
152.5
151.5
151.5
148.75
148.75
146.0
146.0
146.75
146.75
147.25
145.5
145.5
144.75
144.75
144.75
144.5
144.5
144.5
144.5
144.0
144.75
144.75
147.0
147.0
147.0
148.0
148.0
148.0
148.0
138.75
138.75
143.75
143.75
145.25
145.75
145.75
147.5
147.5
147.5
151.5
151.5
141.25
141.25
136.75
136.75
137.75
137.75
137.75
145.25
145.25
145.5
146.0
146.0
146.0
142.75
142.75
147.0
147.0
148.5
148.5
148.5
149.75
149.75
150.0
150.0
150.0
150.0
150.0
150.0
150.0
150.0
150.0
153.25
150.0
150.0
150.0
154.25
154.25
153.0
153.0
151.25
150.0
150.0
149.25
149.25
149.25
149.25
149.25
149.25
149.25
149.25
149.25
149.25
145.25
145.25
145.25
144.75
144.75
144.75
144.75
144.75
144.75
144.75
140.17857142857142
135.60714285714286
131.03571428571428
126.46428571428572
121.89285714285714
117.32142857142857
112.75
108.17857142857143
103.60714285714286
99.03571428571429
94.46428571428572
89.89285714285714
85.32142857142857
80.75
80.75
80.75
80.75
80.75
80.75
80.75
80.75
81.91666666666667
83.08333333333333
84.25
85.41666666666667
86.58333333333333
87.75
87.75
86.25
86.25
86.25
86.25
86.0
86.0
86.0
86.0
86.0
86.0
92.75
92.75
92.75
93.5
93.5
93.25
93.25
93.25
93.25
93.25
93.25
93.25
93.25
99.875
106.5
113.125
119.75
126.375
133.0
139.625
146.25
146.25
145.0
145.0
144.5
144.5
152.0
152.0
152.0
152.75
149.0
149.0
143.5
143.5
143.5
142.5
142.5
142.75
143.25
143.25
143.25
144.0
144.0
144.0
144.5
144.5
144.5
143.75
143.75
143.75
142.75
142.75
142.25
142.25
142.0
142.25
142.25
143.0
143.0
143.25
143.25
143.25
143.25
143.75
143.75
144.0
144.0
149.0
149.0
149.0
147.5
147.5
147.0
145.5
145.5
145.5
144.5
144.5
142.75
142.75
142.5
142.5
142.0
142.0
142.75
143.25
143.25
143.25
143.25
143.25
143.25
143.25
142.25
142.25
142.25
141.25
141.25
141.0
141.0
140.5
141.0
141.0
141.0
141.0
141.0
139.25
139.25
140.0
141.5
141.5
142.0
142.0
141.25
141.25
141.0
140.5
140.5
140.75
140.75
142.5
142.75
142.75
141.75
141.75
141.25
141.25
140.5
139.75
139.75
139.75
139.75
139.75
140.0
140.0
142.75
142.75
142.0
142.0
140.5
140.5
140.0
140.0
140.0
140.25
140.25
140.25
140.25
140.25
141.0
141.25
141.25
141.5
141.5
141.25
141.75
141.75
141.75
141.75
141.75
141.75
141.5
141.5
141.5
141.5
141.5
141.5
141.5
141.5
144.0
144.0
144.0
144.0
144.5
145.5
145.5
146.25
146.25
145.5
145.5
146.0
146.0
146.0
146.0
146.0
146.0
145.75
145.75
145.75
145.75
145.75
145.25
145.25
143.5
145.75
145.75
145.75
145.5
145.5
145.5
145.5
145.5
145.5
147.25
147.25
147.25
147.75
147.75
148.0
148.0
145.5
145.5
145.5
145.5
145.25
144.75
144.75
143.75
143.75
142.75
142.75
142.75
146.75
146.75
147.25
144.5
144.5
142.5
142.5
141.5
141.5
142.5
142.5
142.75
142.75
142.75
138.25
138.25
137.5
137.5
136.5
136.5
135.5
135.5
134.0
134.0
134.0
131.25
131.25
130.5
130.5
131.0
131.25
131.25
131.75
131.75
132.25
132.25
132.75
132.75
132.75
134.25
134.25
134.5
134.75
134.75
135.25
135.25
136.5
136.5
136.5
136.5
137.0
137.0
137.25
137.25
137.25
137.75
137.75
137.75
138.5
138.5
138.25
138.25
138.25
138.25
138.75
138.75
138.75
139.0
139.0
139.0
139.0
141.0
141.0
141.0
141.0
137.75
137.75
138.75
138.75
139.0
139.0
139.0
139.25
139.25
140.0
140.0
141.0
141.75
141.75
142.0
142.0
142.0
142.25
142.25
142.5
142.5
142.75
142.25
142.25
142.5
142.5
142.75
142.75
143.0
143.0
143.0
143.0
143.25
143.25
143.75
144.0
144.0
144.0
144.25
144.75
144.75
144.25
143.75
143.75
144.0
144.0
143.5
143.5
143.5
143.5
144.5
144.5
144.5
144.5
143.75
143.75
143.5
143.5
143.5
143.25
143.25
143.75
143.25
143.25
143.25
141.75
141.75
141.75
141.75
141.75
141.75
142.0
142.5
142.5
143.0
143.0
144.25
143.25
143.25
142.5
142.5
142.5
142.5
142.5
142.75
142.75
142.75
143.0
143.0
143.0
143.0
142.0
142.0
141.75
141.75
143.25
143.25
143.25
143.25
143.25
143.25
141.75
141.75
143.75
143.75
144.25
144.5
144.5
144.5
143.0
143.0
142.75
142.75
142.75
142.75
142.75
142.75
142.5
142.5
141.5
141.5
141.5
141.5
141.5
141.25
141.25
141.25
141.25
141.75
142.5
142.5
143.5
143.5
144.0
143.5
143.5
143.0
143.0
143.25
143.25
143.25
143.75
143.75
144.0
144.0
144.0
143.75
143.75
143.25
144.0
144.0
143.75
143.75
144.25
144.25
144.0
144.0
144.0
143.75
143.75
144.0
144.0
144.0
144.25
144.25
144.25
144.25
144.25
144.75
144.75
144.75
145.5
145.5
146.25
146.5
146.5
147.25
147.25
147.75
148.0
148.0
147.5
147.5
147.5
147.75
147.75
147.75
147.75
147.75
147.5
147.5
147.0
147.5
147.5
147.5
147.0
147.0
146.25
146.25
146.25
146.25
146.25
146.5
146.75
146.75
146.25
146.25
145.75
145.75
145.25
144.75
144.75
144.25
144.25
144.0
144.0
144.0
144.25
144.25
144.25
144.0
144.0
144.75
144.75
145.25
145.0
145.0
145.5
145.5
144.5
144.5
144.5
145.0
145.0
146.5
146.0
146.0
146.0
143.0
143.0
142.75
142.75
140.5
140.5
140.0
140.0
140.0
140.75
140.75
140.75
140.5
140.5
141.0
141.0
141.0
141.0
141.0
142.0
142.0
142.0
142.0
141.0
141.0
140.25
140.25
140.25
140.75
140.75
140.5
140.0
140.0
140.5
140.5
140.75
140.5
140.5
140.5
140.5
140.25
140.25
140.0
140.25
140.25
140.75
140.75
141.25
140.75
140.75
141.75
141.75
142.5
142.5
143.0
143.75
143.75
144.25
144.25
144.0
144.0
144.5
144.5
144.25
144.25
146.25
146.25
146.5
146.0
146.0
144.0
144.0
144.5
144.5
144.5
144.5
144.25
144.25
143.5
143.5
142.75
142.75
142.75
142.75
142.75
141.75
140.75
140.75
140.75
140.75
140.75
141.0
141.0
141.0
141.0
141.0
141.0
141.5
141.75
141.75
141.75
143.0
143.0
143.0
140.75
140.75
140.75
139.75
139.75
139.75
139.75
139.75
140.0
140.0
140.0
140.0
140.25
140.75
140.75
141.0
141.0
141.25
141.25
141.25
141.5
141.5
141.5
141.5
141.0
141.0
139.5
139.0
139.0
140.0
140.0
139.5
139.5
139.5
140.0
140.0
140.5
140.5
141.25
141.0
141.0
141.0
141.0
141.0
142.0
142.0
142.0
142.25
142.25
142.5
142.75
142.75
142.25
142.25
142.0
141.0
141.0
141.5
141.5
141.75
141.75
141.75
142.0
142.0
141.5
141.5
141.0
141.0
141.0
141.0
140.5
140.25
140.25
140.25
140.25
139.25
139.25
139.0
139.0
139.0
139.25
139.25
139.25
139.25
139.25
139.5
139.5
139.75
139.75
139.75
139.75
139.75
140.25
140.25
140.25
140.25
140.5
140.75
140.75
141.5
141.5
142.25
142.75
142.75
143.0
143.0
143.5
144.0
144.0
144.75
145.25
145.25
145.75
145.75
146.5
147.25
147.25
147.25
148.0
148.0
148.0
148.0
148.75
148.5
148.5
148.0
148.0
147.0
146.5
146.5
147.0
147.0
146.25
145.75
145.75
145.25
144.0
144.0
143.5
143.5
141.75
141.75
139.75
139.75
138.25
138.25
134.75
134.75
133.25
133.25
133.25
133.25
121.0
121.0
121.0
121.0
120.75
120.75
119.5
119.5
119.75
119.75
119.75
119.75
129.5
129.5
129.75
129.75
129.75
129.75
129.75
129.75
129.75
129.75
121.5
121.5
121.5
119.0
119.0
118.25
118.25
118.0
118.0
118.0
118.0
118.0
118.0
118.0
118.0
123.75
127.25
127.25
127.25
131.0
132.5
132.5
133.0
133.0
133.25
133.25
133.25
134.0
134.0
134.0
134.0
138.75
138.75
136.5
136.5
135.25
135.25
135.25
138.25
138.25
138.25
138.75
139.25
139.25
139.25
139.25
139.25
139.25
139.25
139.5
139.5
139.5
139.5
140.0
140.25
140.25
140.25
140.25
140.25
140.5
140.5
140.75
140.75
140.5
140.5
139.25
138.5
138.5
138.5
138.5
138.25
138.25
138.25
137.75
137.75
138.25
138.25
138.0
138.0
137.5
137.25
137.25
137.75
137.75
137.75
137.75
137.75
137.75
137.75
137.75
137.75
138.0
138.0
138.0
138.0
138.0
138.0
138.0
139.0
139.0
139.0
139.75
139.75
140.25
141.0
141.0
141.75
141.75
141.75
141.75
141.75
141.75
141.75
141.5
141.5
140.0
140.0
140.0
139.25
138.5
138.5
138.25
138.25
137.0
137.0
136.5
136.5
136.25
136.25
135.0
135.0
134.5
134.5
135.5
135.5
135.5
135.5
135.5
135.5
137.5
137.5
137.0
137.0
136.75
137.25
137.25
138.0
138.25
138.25
138.25
138.25
138.25
138.25
137.75
137.75
137.75
137.5
137.5
137.5
137.5
138.0
138.0
139.5
139.5
139.75
139.75
139.25
139.25
139.75
141.0
141.0
141.25
141.25
142.0
142.0
142.0
142.5
142.5
142.75
142.75
143.25
143.25
143.5
141.5
141.5
140.25
140.25
140.5
140.75
140.75
140.25
140.25
140.5
140.5
141.0
141.5
141.5
141.75
141.75
140.5
140.5
139.0
138.5
138.5
138.0
138.0
137.25
137.25
138.0
138.0
138.0
138.25
138.25
138.5
139.0
139.0
139.25
139.25
140.0
140.0
140.0
139.5
139.5
139.25
139.25
138.25
138.25
137.0
137.0
138.0
138.0
137.5
137.5
137.75
137.75
138.0
138.25
138.25
139.0
139.0
139.5
139.5
139.75
140.25
140.25
141.0
141.0
140.25
140.25
141.0
141.0
141.75
141.75
141.75
141.75
141.75
141.75
141.75
138.75
138.75
138.75
138.75
138.25
138.25
137.75
137.75
137.25
137.25
137.0
137.0
137.0
137.0
137.0
137.0
134.5
134.5
135.0
135.0
137.5
137.5
137.25
137.25
136.25
136.25
135.75
135.75
138.5
138.5
138.75
138.75
138.75
138.75
138.75
137.75
137.75
137.5
137.5
137.75
137.75
138.0
138.75
138.75
139.0
139.0
139.25
139.25
139.75
139.75
139.25
139.5
139.5
140.25
140.25
140.25
139.5
139.5
139.5
139.5
138.75
138.0
138.0
136.75
136.75
136.5
135.75
135.75
135.75
135.75
135.75
135.5
135.5
135.5
135.5
135.5
135.75
135.75
136.0
136.0
136.0
135.5
135.5
133.75
133.75
133.75
136.5
136.5
136.5
136.75
136.75
137.0
137.0
137.0
137.0
137.0
137.0
137.0
136.5
136.5
136.25
136.25
137.25
137.25
137.25
137.0
137.0
137.5
137.5
137.75
138.0
138.0
138.0
138.0
137.0
137.0
137.0
139.0
139.0
140.0
140.0
139.5
139.25
139.25
139.25
139.25
139.25
139.25
139.625
140.0
140.0
140.0
140.0
140.25
140.25
140.25
140.25
138.5
138.5
138.5
137.75
137.75
137.75
137.5
137.5
137.5
137.5
137.5
137.75
137.75
137.75
137.75
137.75
137.75
134.0
134.0
132.0
132.0
131.25
131.25
129.75
129.75
127.25
127.25
127.25
126.5
126.5
126.5
126.5
126.5
126.5
126.5
126.5
126.5
114.75
114.75
110.0
110.0
105.0
105.0
105.0
91.25
91.25
91.25
91.25
91.25
91.25
91.25
101.75
101.75
106.75
106.75
106.75
106.75
106.75
108.25
108.25
108.25
108.25
108.25
108.25
108.25
108.25
108.25
106.75
105.25
103.75
102.25
100.75
99.25
97.75
96.25
94.75
93.25
91.75
90.25
88.75
87.25
85.75
84.25
82.75
82.75
85.5
85.5
85.5
86.25
86.25
86.25
86.25
91.54166666666667
96.83333333333333
102.125
107.41666666666667
112.70833333333333
118.0
118.0
120.75
123.5
123.5
125.25
125.25
125.25
125.25
131.75
131.75
132.25
132.25
133.5
134.5
134.5
134.5
137.5
137.5
138.0
138.0
139.25
140.0
140.0
140.75
140.75
141.0
141.0
141.0
141.5
141.5
141.5
141.5
141.5
141.5
141.0
140.75
140.75
140.75
140.75
140.25
140.25
140.5
140.75
140.75
140.75
140.75
140.75
141.25
141.25
141.25
141.25
141.5
141.5
142.0
142.5
142.5
142.5
142.5
142.5
141.75
141.75
141.75
142.25
142.25
142.0
142.0
142.0
141.0
141.0
140.75
140.75
140.75
140.75
140.0
141.5
141.5
142.5
142.5
141.5
141.5
141.0
141.0
141.0
143.0
142.25
142.25
140.75
140.75
139.25
139.25
139.25
137.75
138.75
138.75
139.0
139.0
139.0
139.0
139.0
138.75
138.75
138.75
138.75
140.0
139.5
139.5
139.5
139.0
139.0
137.0
137.5
137.5
138.25
138.25
137.75
137.75
136.75
136.75
135.25
135.25
134.5
134.0
134.0
133.0
133.0
132.75
132.75
132.0
132.0
131.5
131.5
130.5
130.5
129.75
129.75
129.75
129.75
128.5
128.5
128.5
128.5
129.5
129.5
130.5
130.0
130.0
129.5
129.5
129.25
129.25
129.0
129.0
128.75
128.75
129.75
129.75
129.75
129.75
129.75
130.25
130.25
130.25
130.25
130.0
130.0
128.75
128.75
128.75
128.75
129.0
130.0
130.0
130.5
130.5
130.5
130.5
130.75
130.75
130.75
130.75
131.0
131.25
131.25
131.75
131.75
131.75
131.75
130.25
130.25
128.75
128.75
128.25
128.75
128.75
129.0
129.0
129.5
129.5
128.5
128.5
126.75
126.75
126.75
126.75
124.25
124.25
122.75
122.75
125.0
125.0
125.5
125.5
126.25
126.25
127.25
127.25
128.0
128.0
128.0
128.0
128.5
129.5
129.5
130.25
130.25
130.25
130.25
130.0
130.0
130.0
130.0
131.0
131.0
130.5
130.0
130.0
129.75
129.75
128.75
128.75
129.25
129.25
129.25
129.25
129.25
130.0
130.0
130.0
130.0
129.5
130.0
130.0
132.25
132.25
133.0
133.0
133.5
133.5
133.75
133.75
133.75
133.75
134.5
135.0
135.0
135.25
135.25
134.5
134.5
134.5
134.5
134.5
134.5
134.0
134.0
133.0
133.0
133.25
133.25
133.5
133.5
134.0
134.0
134.0
133.75
133.75
131.75
131.75
131.5
131.5
131.75
131.75
131.75
131.75
131.75
132.25
132.25
132.5
132.5
132.0
132.0
132.25
131.5
131.5
131.5
131.5
127.75
127.75
128.0
128.0
129.0
129.0
130.5
130.5
130.75
130.75
130.75
131.25
131.25
132.25
132.25
132.75
132.75
133.75
133.75
134.25
134.25
131.25
130.25
130.25
131.5
131.5
132.0
132.0
132.75
132.75
133.0
133.0
133.0
133.0
133.0
133.0
133.0
132.5
132.5
132.5
132.5
130.75
130.5
130.5
131.75
131.75
132.0
132.0
132.0
133.0
133.0
133.75
133.75
135.0
135.0
135.25
135.25
135.25
136.0
136.0
136.0
136.25
136.25
136.25
136.25
136.0
136.0
135.75
135.75
135.25
135.25
135.25
135.25
135.25
135.0
135.0
135.0
135.0
135.0
135.0
135.0
135.0
135.0
135.25
135.25
135.75
136.0
136.0
136.25
136.25
136.75
137.0
137.0
137.0
137.0
137.5
137.5
137.5
137.5
137.5
137.5
137.5
137.5
137.5
137.83333333333334
138.16666666666666
138.5
138.83333333333334
139.16666666666666
139.5
139.5
139.5
139.5
139.5
139.5
139.5
140.75
140.0
140.0
139.5
139.5
139.5
140.0
140.0
140.75
140.75
140.5
140.5
140.0
140.0
140.0
140.5
140.5
139.25
139.25
137.5
134.25
134.25
131.75
131.75
128.25
128.25
128.25
128.25
126.75
126.75
126.25
126.25
126.25
118.75
118.75
113.75
113.75
111.5
111.5
111.5
107.5
107.5
111.0
111.0
110.0
110.0
108.5
108.5
108.5
108.5
108.5
108.5
108.5
108.5
108.5
108.5
108.5
108.5
108.5
108.5
108.5
85.0
85.0
85.0
81.5
81.5
81.5
78.5
78.5
78.5
87.0
87.0
87.5
87.5
87.5
87.75
87.75
87.75
93.35
98.95
104.55
110.15
115.75
115.75
116.75
116.75
116.75
114.75
114.75
114.25
114.25
112.5
112.5
110.5
110.5
110.5
105.5
105.5
105.5
105.5
109.25
109.25
110.5
110.5
110.5
108.0
108.0
108.0
109.0
109.0
111.75
111.75
119.0
119.0
122.25
122.25
126.25
129.25
129.25
131.75
131.75
132.75
132.75
136.0
137.5
137.5
138.75
138.75
138.75
139.75
139.75
140.0
140.0
141.25
141.25
141.25
142.5
143.75
143.75
144.25
144.25
144.25
144.75
144.75
144.75
144.75
144.0
143.75
143.75
144.25
144.25
144.25
144.25
144.25
144.25
143.75
143.25
143.25
143.0
143.0
143.5
143.75
143.75
144.25
144.25
144.25
143.75
143.75
143.25
143.25
143.5
143.5
143.5
143.5
143.5
143.5
142.75
142.75
141.5
141.5
141.5
140.75
140.75
140.75
140.25
140.25
140.25
140.25
140.25
138.25
138.25
137.5
137.5
137.5
134.25
134.25
136.25
136.25
135.75
135.75
136.0
136.0
134.75
134.75
132.75
132.0
132.0
132.0
132.0
132.0
132.0
130.75
130.75
130.0
130.0
130.25
130.75
130.75
130.25
130.25
129.25
129.25
128.5
128.5
128.25
128.25
128.0
128.0
128.0
128.0
128.0
128.25
128.25
127.5
127.5
127.5
127.5
127.5
127.5
129.5
129.5
131.25
131.25
131.25
133.25
133.25
133.25
133.25
135.0
135.0
135.75
135.75
135.75
137.25
137.25
139.5
139.5
139.5
141.25
141.25
141.25
140.0
140.0
140.0
140.0
142.25
142.25
142.25
142.25
145.5
145.5
145.5
146.25
147.0
147.0
147.0
147.5
147.5
147.75
147.75
148.75
148.75
148.75
149.5
149.5
147.0
147.0
145.5
145.5
143.5
143.5
140.0
140.0
136.25
136.25
133.5
133.5
133.5
132.0
132.0
130.25
130.25
129.5
129.5
129.5
129.5
128.5
120.25
120.25
123.75
123.75
126.25
126.25
127.5
127.5
127.0
127.0
126.25
126.25
125.75
125.75
127.25
129.25
129.25
130.75
130.75
131.75
131.75
133.0
133.0
133.75
134.25
134.25
135.25
135.25
136.25
136.25
136.25
136.25
136.25
136.25
136.25
137.0
137.0
137.25
137.25
137.25
136.25
136.25
136.25
135.5
135.5
136.5
136.5
136.25
136.25
136.25
136.75
136.75
135.5
135.5
134.5
134.5
135.5
135.5
137.0
137.0
137.5
137.5
137.5
138.25
138.25
139.5
139.5
139.25
138.75
138.75
138.5
138.5
137.5
137.5
136.75
137.25
137.25
137.75
137.75
137.5
137.5
137.5
137.5
137.5
137.25
137.25
136.75
136.75
136.25
134.75
134.75
134.75
134.75
135.0
135.0
135.5
135.75
135.75
136.0
136.0
136.0
136.0
136.5
137.25
137.25
138.0
138.0
138.75
138.75
139.25
140.0
140.0
141.0
141.25
141.25
141.25
141.25
142.25
142.75
142.75
143.5
143.5
143.75
144.0
144.0
144.25
144.25
144.25
145.0
145.0
145.25
145.25
145.25
145.5
145.5
146.5
146.5
147.25
147.25
147.25
147.25
148.0
148.0
148.0
148.25
148.25
148.5
148.5
148.75
149.0
149.0
148.25
148.0
148.0
148.0
148.0
148.0
148.25
148.25
148.0
148.0
148.0
148.25
148.25
148.0
148.0
148.0
147.75
147.75
147.5
147.5
147.5
147.25
147.25
147.25
147.25
147.25
147.25
147.5
147.5
147.5
147.5
147.75
147.75
147.75
148.0
148.0
147.25
147.25
146.5
146.25
146.25
146.0
145.5
145.5
145.0
145.0
144.5
144.5
144.5
144.75
144.75
145.25
144.75
144.75
145.0
145.0
145.5
145.75
145.75
146.0
146.0
146.25
146.5
146.5
146.5
146.25
146.25
144.75
144.75
142.25
142.25
135.25
135.25
129.0
129.0
127.25
127.25
119.25
119.25
119.25
119.25
119.25
106.5
106.5
102.5
102.5
102.5
102.5
102.25
102.25
102.25
102.25
102.25
102.25
102.25
102.25
102.25
102.25
96.5
96.5
96.5
96.5
96.5
96.5
96.5
96.5
96.70652173913044
96.91304347826087
97.1195652173913
97.32608695652173
97.53260869565217
97.73913043478261
97.94565217391305
98.15217391304348
98.3586956521739
98.56521739130434
98.77173913043478
98.97826086956522
99.18478260869566
99.3913043478261
99.59782608695652
99.80434782608695
100.01086956521739
100.21739130434783
100.42391304347827
100.6304347826087
100.83695652173913
101.04347826086956
101.25
101.25
101.25
101.25
96.75
96.75
96.75
96.75
96.75
96.75
96.75
95.5
95.5
95.5
95.5
95.5
95.5
95.5
95.5
93.67857142857143
91.85714285714286
90.03571428571429
88.21428571428571
86.39285714285714
84.57142857142857
82.75
82.75
92.5
92.5
93.25
93.25
93.25
93.25
93.25
93.25
93.25
93.25
93.25
93.25
93.25
93.75
93.75
93.75
94.0
94.0
94.0
94.0
94.0
94.0
94.0
94.0
90.5
87.0
83.5
80.0
76.5
73.0
73.0
73.0
73.0
71.5
71.5
71.5
66.75
66.75
66.75
66.75
77.25
77.25
77.25
77.25
77.5
77.5
88.75
88.75
88.75
88.75
88.75
90.75
90.75
90.75
92.25
92.25
92.25
94.5
94.5
94.5
98.75
98.75
98.75
99.25
99.25
99.25
99.25
99.25
90.25
90.25
87.0
87.0
85.25
85.25
85.25
85.0
85.0
85.0
87.25
87.25
87.25
85.0
85.0
84.5
84.5
84.5
84.5
84.5
84.5
82.5
82.5
82.5
80.0
80.0
80.0
77.25
77.25
77.25
77.25
77.25
77.25
77.25
77.25
78.25
78.25
78.25
89.5
89.5
89.5
80.25
80.25
80.25
80.25
73.25
73.25
73.25
70.75
70.75
70.75
73.0
73.0
73.0
73.0
75.0
75.0
75.0
77.75
77.75
77.75
78.0
78.0
78.0
78.0
78.0
78.0
78.0
78.0
78.0
77.84821428571429
77.69642857142857
77.54464285714286
77.39285714285714
77.24107142857143
77.08928571428571
76.9375
76.78571428571429
76.63392857142857
76.48214285714286
76.33035714285714
76.17857142857143
76.02678571428571
75.875
75.72321428571429
75.57142857142857
75.41964285714286
75.26785714285714
75.11607142857143
74.96428571428571
74.8125
74.66071428571429
74.50892857142857
74.35714285714286
74.20535714285714
74.05357142857143
73.90178571428571
73.75
73.75
73.75
72.25
72.25
72.25
72.25
72.25
72.25
72.25
72.25
72.25
72.25
72.25
72.25
73.109375
73.96875
74.828125
75.6875
76.546875
77.40625
78.265625
79.125
79.984375
80.84375
81.703125
82.5625
83.421875
84.28125
85.140625
86.0
86.0
86.0
85.25
85.25
85.25
90.5
90.5
91.0
91.0
91.0
91.0
91.25
91.25
91.25
91.25
91.25
89.0
89.0
89.0
80.25
80.25
80.25
79.25
79.25
79.25
79.25
79.25
79.25
79.25
74.75
74.75
74.75
74.75
74.75
74.75
74.75
74.75
74.75
120.0
165.25
165.25
165.25
168.0
167.75
167.75
167.75
167.75
166.75
166.75
166.75
165.25
165.25
165.25
167.25
167.25
168.75
168.75
170.0
170.0
170.0
170.0
168.75
167.25
167.25
167.25
167.25
169.0
169.0
169.25
169.25
169.5
169.5
169.5
169.5
169.75
169.75
168.0
168.0
169.5
169.5
169.75
169.75
171.0
171.0
169.75
169.75
168.75
168.75
167.75
167.75
166.5
166.5
166.75
166.25
166.25
164.5
163.25
163.25
163.25
161.75
160.0
160.0
158.25
154.5
154.5
153.25
151.5
151.5
153.0
153.0
154.0
154.0
153.5
153.5
152.0
148.5
148.5
146.5
146.5
144.25
144.25
144.25
144.25
144.25
148.0
148.0
151.25
153.25
153.25
155.25
157.0
157.0
158.25
158.25
160.75
160.75
160.75
160.75
159.0
156.75
156.75
155.5
155.5
155.75
155.0
155.0
154.25
154.0
154.0
153.5
153.5
153.5
154.75
155.5
155.5
156.0
156.0
156.5
156.0
156.0
156.5
156.0
156.0
156.25
155.75
155.75
155.0
155.0
155.0
154.0
154.5
154.5
154.5
154.5
153.5
153.25
153.25
153.5
152.75
152.75
150.75
149.5
149.5
148.25
148.25
146.25
145.5
145.5
145.5
143.5
143.5
145.0
145.0
145.5
145.5
148.25
148.25
151.25
152.5
152.5
153.25
153.25
153.25
153.5
153.5
154.75
154.75
154.75
154.25
153.5
153.5
152.25
152.25
151.5
151.5
148.5
148.5
148.0
147.0
147.0
144.0
144.0
144.0
140.5
140.5
140.25
140.25
141.75
141.75
142.0
142.0
142.0
142.0
142.0
142.0
122.5
122.5
119.0
119.0
118.25
118.25
118.25
118.25
118.25
118.25
118.14423076923077
118.03846153846153
117.9326923076923
117.82692307692308
117.72115384615384
117.61538461538461
117.50961538461539
117.40384615384616
117.29807692307692
117.1923076923077
117.08653846153847
116.98076923076923
116.875
116.76923076923077
116.66346153846153
116.5576923076923
116.45192307692308
116.34615384615384
116.24038461538461
116.13461538461539
116.02884615384616
115.92307692307692
115.8173076923077
115.71153846153847
115.60576923076923
115.5
113.25
113.25
113.25
113.25
113.25
112.75
112.75
114.5
114.5
115.25
115.25
113.5
113.5
113.5
113.5
113.5
117.5
117.5
117.0
117.0
116.75
116.75
119.5
119.5
121.0
121.0
121.25
121.25
121.5
121.5
122.0
122.0
122.5
122.5
120.25
120.25
120.25
120.25
118.5
118.5
118.25
118.25
118.75
118.75
120.5
120.5
121.75
121.75
124.75
124.75
124.75
124.75
126.0
125.75
125.75
125.75
125.0
125.0
125.75
125.75
125.75
126.0
124.75
124.75
125.5
125.5
127.25
127.25
127.75
127.75
127.25
127.25
126.5
126.5
127.0
127.0
128.25
128.25
128.25
126.0
126.0
125.75
125.75
125.75
125.75
124.75
124.75
122.75
122.75
123.25
123.25
124.75
124.75
123.5
123.5
121.5
121.5
120.75
120.75
121.0
121.0
120.5
120.5
119.25
119.25
118.25
118.25
115.25
115.25
115.25
115.25
112.75
112.75
112.0
112.0
112.0
112.0
112.0
112.75
112.75
112.75
112.75
112.5
112.5
110.0
110.0
110.0
110.0
110.0
110.0
110.0
110.0
110.0
108.5
108.5
108.5
108.5
108.5
108.5
108.5
108.5
108.5
108.5
107.5
107.5
111.0
111.0
111.0
111.0
119.0
119.0
119.0
112.0
112.0
110.25
110.25
109.5
109.5
109.25
109.25
109.0
109.0
109.0
109.25
109.25
109.25
109.25
109.25
109.25
109.25
109.25
109.25
108.25
108.25
103.5
103.5
103.5
104.75
104.75
104.0
104.0
106.75
106.75
106.75
106.75
106.75
107.0
107.0
109.0
109.0
110.75
110.75
112.5
112.5
113.5
113.5
115.25
115.25
115.75
115.75
115.75
115.75
115.75
119.25
119.25
118.0
118.0
116.5
116.5
116.0
116.0
116.5
116.5
116.5
116.5
117.0
117.0
118.25
118.25
119.5
119.5
119.75
119.75
120.5
120.5
120.5
120.5
116.75
116.75
115.25
115.25
113.75
113.75
112.75
112.75
112.0
112.0
112.0
113.0
113.0
114.0
114.0
115.0
115.0
115.5
115.5
116.75
116.75
118.25
118.25
118.75
118.75
121.5
121.5
121.5
121.5
125.5
125.5
125.5
126.0
126.25
126.25
126.0
126.0
127.0
127.0
127.5
127.5
128.0
128.0
128.25
128.25
128.25
128.25
128.25
128.25
128.25
127.0
127.0
125.25
125.25
124.75
124.75
124.75
124.75
125.0
125.0
125.25
125.25
125.25
125.25
124.75
124.75
124.5
124.5
123.0
123.0
122.25
122.25
122.5
122.5
122.75
122.75
122.75
123.0
123.0
123.0
123.0
122.5
122.5
121.75
121.75
121.75
121.75
122.5
122.5
122.0
122.0
121.0
121.0
120.25
120.25
120.25
120.25
119.5
119.5
118.25
118.25
118.25
118.25
118.25
117.5
117.5
117.5
117.5
119.0
120.0
120.0
121.0
121.0
122.75
122.75
123.75
123.75
124.0
124.0
123.75
123.75
122.25
122.25
120.5
120.5
119.5
119.5
119.25
119.25
119.25
119.25
118.0
118.0
117.0
117.0
117.0
117.0
116.5
116.5
116.5
115.5
115.5
114.0
114.0
113.75
113.75
113.75
113.75
114.5
114.5
114.75
114.75
113.25
113.25
113.75
113.75
114.0
114.0
113.5
113.5
113.5
111.5
111.5
111.75
111.75
111.75
111.75
111.75
111.75
111.75
111.75
111.75
111.75
111.75
109.3125
106.875
104.4375
102.0
102.0
95.75
95.75
97.5
97.5
97.5
98.25
98.25
103.0
103.0
104.75
104.75
105.25
105.25
106.5
106.5
106.5
104.5
104.5
102.0
102.0
102.0
100.5
100.5
99.25
99.25
100.25
100.25
100.25
103.5
103.5
108.75
108.75
110.25
110.25
110.25
110.25
110.25
112.5
112.5
114.25
114.25
116.75
116.75
120.25
120.25
120.25
120.25
125.0
125.0
125.0
125.0
130.0
128.5
128.5
128.5
129.5
129.5
130.0
130.25
130.25
130.5
130.5
130.5
130.5
129.25
129.25
129.25
129.25
130.25
130.25
130.25
131.0
131.0
131.0
131.0
133.0
133.0
134.25
134.75
134.75
136.0
136.0
135.5
135.5
135.5
135.5
135.5
134.75
134.75
134.75
131.75
131.75
131.75
130.75
130.5
130.5
130.0
130.0
130.5
130.5
129.75
129.75
128.5
128.5
128.0
128.0
128.0
128.0
128.0
127.5
127.5
125.25
125.25
125.25
125.25
125.25
124.75
124.75
125.5
125.5
124.75
124.75
124.5
124.5
124.75
124.75
123.25
123.25
124.0
124.25
124.25
124.5
124.5
125.5
125.5
126.25
126.25
127.0
127.0
126.75
126.75
126.75
126.75
126.25
126.5
126.5
126.25
126.25
126.25
126.25
126.25
126.25
125.0
125.0
125.25
125.25
124.5
124.5
126.0
126.0
126.5
126.5
126.5
126.5
127.5
129.0
129.0
129.25
129.25
129.25
129.25
129.5
129.5
129.5
129.5
129.5
129.5
129.5
130.25
130.25
130.5
130.5
130.5
130.5
126.25
125.5
125.5
123.25
123.25
123.25
123.25
119.25
119.25
118.5
118.5
116.25
116.25
115.5
115.5
113.75
113.75
113.75
114.25
114.25
114.5
114.5
115.5
115.5
115.25
115.25
115.25
115.25
115.0
115.0
115.0
115.0
114.0
114.0
114.0
114.0
114.0
112.25
112.25
111.75
111.75
109.25
109.25
108.75
108.75
109.5
109.5
109.5
109.0
109.0
109.5
109.5
112.25
112.25
114.0
114.0
115.75
115.75
116.25
116.25
116.25
116.25
116.25
116.25
115.0
115.0
115.0
112.5
112.5
111.75
111.75
111.25
111.25
110.25
110.25
109.0
109.0
108.75
108.75
108.75
109.75
109.75
110.75
110.75
111.0
111.0
112.5
112.5
112.5
112.5
112.5
111.5
110.5
110.5
109.5
109.5
109.75
109.75
109.75
109.75
109.75
111.25
111.25
111.25
111.25
112.5
112.5
113.0
113.0
113.0
113.0
113.0
113.0
113.0
112.0
112.0
112.5
112.5
112.0
112.0
112.75
112.75
113.25
113.25
115.0
115.0
117.25
117.25
117.25
117.75
117.75
117.75
117.75
119.75
119.75
119.0
119.0
118.75
118.75
119.0
119.0
118.75
118.75
118.5
118.5
117.5
117.5
117.25
117.25
117.25
117.0
117.0
118.25
118.25
118.25
116.75
116.75
115.75
115.75
115.75
115.75
115.75
114.0
114.0
113.25
113.25
113.75
113.75
114.5
114.5
115.75
115.75
116.5
116.5
116.5
116.5
115.25
115.25
113.75
113.75
113.75
112.0
112.0
112.0
112.0
112.25
112.25
113.0
113.0
114.0
114.0
115.75
115.75
117.25
117.25
117.75
117.75
116.75
116.75
116.0
116.0
115.75
115.75
113.75
113.75
113.75
114.25
114.25
114.5
114.5
116.0
116.0
117.75
117.75
119.25
119.25
119.75
119.75
120.0
120.0
119.25
119.25
118.75
118.75
118.0
118.0
117.0
117.0
116.0
116.0
116.25
116.25
115.0
115.0
113.75
113.75
113.5
113.5
111.75
111.75
111.75
112.25
112.25
112.25
112.25
113.25
113.25
113.5
113.5
114.0
114.0
113.0
113.0
113.25
113.25
113.25
114.5
114.5
114.5
114.5
114.25
114.25
114.5
114.5
113.5
113.5
112.25
112.25
111.25
111.25
111.75
111.75
111.75
111.75
111.75
112.25
112.25
112.25
111.75
111.75
112.75
112.75
114.5
114.5
116.25
116.25
117.0
117.0
117.0
117.75
118.0
118.0
118.0
118.25
118.25
118.5
118.5
118.75
118.75
118.0
118.0
118.0
118.0
115.0
115.0
115.0
115.0
115.25
115.25
116.0
116.0
115.5
115.5
114.5
114.5
114.5
114.5
114.5
110.0
110.0
108.75
108.75
109.0
109.0
109.25
109.25
110.5
110.5
111.75
111.75
111.75
112.75
112.75
112.75
112.75
111.75
111.75
109.5
109.5
109.0
109.0
110.0
110.0
110.0
111.25
111.25
113.0
113.0
115.0
115.0
116.25
116.25
116.5
116.5
116.0
116.0
116.0
116.0
115.0
115.0
112.75
112.75
112.75
112.75
112.75
112.75
112.75
114.0
114.0
115.25
115.25
116.25
116.25
116.5
116.5
117.25
117.25
118.75
118.75
119.25
119.25
119.25
119.25
118.5
118.5
118.25
118.25
117.0
117.0
116.0
116.0
115.0
115.0
115.0
115.0
115.0
115.0
116.0
116.0
117.0
117.0
117.5
117.5
117.75
117.75
117.5
117.5
117.0
117.0
117.0
117.0
117.0
117.25
117.25
118.5
118.5
118.0
118.0
117.75
117.75
119.25
119.25
120.75
120.75
120.75
120.75
120.0
120.0
120.0
120.0
116.75
116.75
115.75
115.75
114.75
114.75
114.75
114.75
114.75
114.75
114.5
114.5
115.75
115.75
116.75
116.75
116.75
116.75
119.25
119.25
119.25
120.5
120.5
120.5
120.5
120.0
120.0
120.0
120.0
116.25
116.25
116.25
116.25
116.25
116.25
118.5
118.5
118.75
118.75
118.75
118.75
117.5
117.5
117.0
117.0
117.0
116.0
115.0
115.0
115.0
117.0
117.0
118.25
118.25
118.75
118.75
118.75
118.75
118.75
118.75
118.0
118.0
118.25
118.25
118.25
118.25
118.25
118.25
119.5
119.5
119.5
119.0
119.0
117.0
117.0
117.0
117.0
116.75
116.75
116.75
116.75
116.75
114.75
114.75
114.25
114.25
114.25
114.25
114.25
114.25
114.25
114.25
114.25
114.25
