118.5
120.25
120.25
120.75
120.75
120.25
120.25
119.5
119.5
118.25
118.25
118.25
116.75
116.25
116.25
116.25
114.25
114.25
114.0
114.0
110.75
110.75
109.75
109.75
108.75
108.75
108.75
108.5
108.5
108.5
108.5
108.5
111.0
111.0
111.0
110.75
110.75
110.75
110.75
124.0
124.0
124.0
124.0
128.0
128.0
128.0
125.0625
122.125
119.1875
116.25
116.25
119.25
119.25
118.25
118.25
116.5
116.5
116.0
116.0
116.0
120.25
120.25
115.0
115.0
116.25
116.25
117.75
117.75
113.25
113.25
113.25
112.5
112.5
112.5
112.5
115.5
115.5
117.25
117.25
117.25
117.25
113.75
113.75
113.75
118.0
118.0
119.5
119.5
119.0
119.0
118.5
118.5
118.5
118.75
118.75
118.75
120.5
120.5
120.5
120.5
120.5
121.25
121.25
119.0
119.0
118.25
118.25
118.25
116.5
116.5
112.25
112.25
109.5
109.5
108.75
108.75
108.75
108.75
109.25
109.25
109.25
108.5
108.5
108.5
106.0
106.0
105.75
105.75
105.75
105.75
105.25
105.25
105.25
105.25
114.0
114.0
111.75
111.75
113.75
113.75
114.25
114.25
114.25
115.25
115.25
115.5
115.5
115.5
115.5
114.0
114.0
117.75
117.75
118.75
118.75
115.25
115.25
115.25
115.25
115.25
109.5
109.5
112.25
112.25
114.25
114.25
114.25
114.25
117.0
117.0
118.0
118.0
113.75
113.75
121.5
121.5
121.75
121.75
125.25
125.25
126.25
126.25
126.5
126.5
117.5
117.5
117.5
114.0
114.0
109.25
109.25
109.5
109.5
107.0
107.0
111.25
111.25
112.5
112.5
112.5
112.5
113.25
113.25
113.25
113.25
113.25
115.5
115.5
113.75
113.75
116.5
116.5
117.5
117.5
117.5
117.5
117.5
118.75
118.75
120.0
120.0
120.0
120.0
120.25
120.25
120.25
120.25
120.25
120.25
120.25
120.25
118.75
118.75
118.5
118.5
119.25
119.25
118.5
118.5
118.75
118.75
118.25
118.25
118.25
118.25
118.25
118.25
118.25
118.25
118.25
118.25
118.5
118.75
119.0
119.0
120.0
120.0
121.0
121.0
121.25
121.25
121.25
121.25
117.0
117.0
119.25
119.25
119.0
119.0
116.5
116.5
116.5
116.5
115.5
115.5
114.75
114.75
114.25
114.25
114.5
114.5
114.5
115.0
115.0
114.5
114.5
116.0
116.0
117.0
117.0
121.0
121.0
121.75
121.75
120.75
120.75
121.25
121.25
121.25
121.5
121.5
121.5
121.5
123.5
123.5
123.5
123.5
124.75
124.75
125.25
125.25
124.0
124.0
124.75
124.75
124.25
124.25
124.25
124.25
124.25
122.25
122.25
122.25
122.25
122.25
122.25
122.25
122.25
122.25
127.25
127.25
127.25
127.25
119.75
119.75
119.75
119.75
120.0
120.0
120.25
120.25
121.75
121.75
122.25
123.75
123.75
124.0
124.0
124.0
124.0
125.75
125.75
125.75
125.75
124.5
124.5
124.5
122.0
122.0
122.25
122.25
122.25
122.25
123.25
123.25
119.0
119.0
121.5
121.5
122.75
122.75
124.0
124.0
124.5
124.5
124.5
124.75
124.75
124.75
124.75
125.05
125.35
125.65
125.95
126.25
126.25
126.0
126.0
126.0
126.0
126.0
126.0
126.0
123.75
123.75
120.0
120.0
120.75
120.75
120.5
120.5
119.0
119.0
118.25
118.25
115.0
115.0
115.0
104.5
104.5
104.5
107.5
107.5
112.25
112.25
112.25
112.25
112.75
112.75
109.75
109.75
109.75
109.25
109.25
110.25
110.25
112.5
112.5
115.0
115.0
115.0
112.75
112.75
111.5
111.5
112.75
112.75
113.25
113.25
111.5
111.5
110.25
110.25
112.0
112.0
112.0
112.0
112.0
114.25
114.25
113.75
113.75
113.75
116.0
116.0
115.5
115.5
115.5
115.5
112.25
112.25
111.5
111.5
111.5
110.25
110.25
110.25
110.25
111.5
111.5
112.75
112.75
113.5
113.5
115.0
115.0
116.5
116.5
117.5
117.5
117.25
117.25
117.25
117.25
116.75
116.75
115.25
115.25
114.75
114.75
115.75
115.75
115.75
115.75
115.0
115.0
115.0
110.75
110.75
110.5
110.5
110.5
115.5
115.5
115.5
115.5
114.0
114.0
118.5
118.5
121.75
121.75
120.75
120.75
124.0
124.0
124.0
127.0
127.0
126.25
126.25
126.25
126.25
126.25
126.25
127.0
127.0
126.75
128.25
128.25
129.5
129.5
131.25
131.25
131.25
131.25
131.5
131.5
132.75
133.5
133.5
133.5
132.0
131.0
131.0
129.25
129.25
129.25
127.25
127.25
127.25
130.0
130.0
130.0
130.0
130.0
129.0
129.0
129.0
129.0
129.0
129.0
129.0
130.25
130.25
131.0
131.0
131.0
130.0
130.0
130.25
130.25
129.25
129.25
127.0
127.0
126.5
126.5
127.5
127.5
126.75
126.75
128.0
128.0
128.0
131.0
131.0
131.0
131.25
131.25
131.0
131.0
131.0
131.0
131.0
131.0
131.0
131.0
131.0
131.75
131.75
131.75
131.75
131.75
132.75
132.75
134.75
134.75
136.25
136.25
138.0
139.5
139.5
140.25
140.25
140.25
144.0
140.25
140.25
140.25
137.75
137.75
141.0
141.0
141.0
141.5
141.5
141.5
141.5
141.5
141.5
141.5
146.25
146.25
150.75
150.75
150.75
154.0
149.0
149.0
148.75
148.75
149.5
149.5
149.5
148.5
148.5
148.5
146.75
146.75
146.75
144.0
143.25
143.25
143.25
145.75
145.75
146.0
146.0
146.0
144.5
144.5
143.0
143.0
143.0
142.75
142.75
145.5
145.5
147.25
147.25
139.0
139.0
137.0
137.0
137.0
133.75
133.75
133.5
133.5
133.5
133.5
133.5
133.5
124.5
124.5
127.75
131.0
134.25
137.5
140.75
144.0
144.0
145.75
145.75
146.75
147.0
147.0
147.5
148.75
148.75
149.0
149.0
149.0
149.0
152.5
152.5
152.75
152.75
152.75
156.0
156.0
157.0
157.25
157.25
157.25
157.25
157.25
157.25
157.25
157.25
156.08333333333334
154.91666666666666
153.75
153.75
153.75
153.5
153.5
153.5
153.5
150.75
150.75
149.0
149.0
148.5
148.5
145.0
145.0
144.0
144.0
142.5
142.5
142.75
143.0
143.0
143.0
143.25
143.25
139.25
139.25
137.0
137.0
137.0
138.25
138.25
137.25
137.25
137.5
137.5
137.5
137.5
137.5
137.5
137.5
137.5
137.5
135.5
135.5
135.5
135.25
135.25
136.25
136.25
136.75
136.75
136.75
136.75
136.75
136.75
136.75
137.5
140.25
140.25
141.25
141.25
141.25
141.25
141.25
139.5
139.5
138.0
138.0
136.25
136.25
136.25
136.0
136.0
136.0
136.0
137.25
137.25
137.25
139.5
139.5
141.25
141.25
142.75
143.5
143.5
144.25
144.25
145.0
145.75
145.75
145.5
145.5
144.75
144.5
144.5
143.0
143.0
142.0
142.0
142.0
142.5
142.75
142.75
142.5
142.5
142.0
142.0
141.75
142.0
142.0
142.25
142.25
143.0
143.5
143.5
142.25
142.25
142.25
140.25
140.25
140.25
138.75
138.75
138.75
139.0
139.0
139.0
140.75
140.75
141.5
142.25
142.25
142.25
142.25
142.5
143.5
143.5
144.0
144.0
143.5
143.5
143.5
142.75
142.75
143.75
143.75
143.75
143.25
146.5
146.5
147.75
147.75
149.0
148.5
148.5
148.5
153.5
153.5
152.25
151.25
151.25
150.5
150.5
149.5
149.25
149.25
149.5
149.5
150.0
150.25
150.25
150.5
150.5
150.5
150.5
152.5
152.5
152.0
152.0
151.25
150.75
150.75
150.25
150.25
150.0
150.0
150.0
150.0
150.0
150.0
150.0
150.0
150.0
150.0
150.0
150.25
150.25
150.25
150.25
150.25
150.25
150.0
150.0
150.25
150.25
150.25
150.25
150.25
149.5
149.5
150.25
150.25
150.5
150.5
150.0
150.0
148.75
148.0
148.0
148.0
149.25
149.25
151.5
151.5
152.75
152.75
151.5
151.5
150.75
150.75
150.75
150.75
150.75
150.75
150.75
150.75
150.75
152.0
152.0
152.25
153.25
153.25
154.25
154.25
154.25
158.0
158.0
158.25
158.25
158.25
158.25
158.25
158.25
158.25
158.25
158.25
158.25
158.25
158.25
158.25
158.25
158.25
158.25
158.25
158.25
158.25
161.75
161.75
162.0
162.0
162.0
162.0
162.0
162.0
159.5
159.5
157.5
157.5
157.5
156.0
156.0
159.5
159.5
160.0
160.0
160.25
160.25
160.25
160.25
160.25
160.25
160.25
160.25
159.8125
159.375
158.9375
158.5
158.0625
157.625
157.1875
156.75
156.75
155.0
155.0
155.0
154.75
154.75
154.75
154.75
154.75
154.75
154.75
154.75
154.75
153.3181818181818
151.88636363636363
150.45454545454547
149.02272727272728
147.5909090909091
146.1590909090909
144.72727272727272
143.29545454545453
141.86363636363637
140.4318181818182
139.0
137.5681818181818
136.13636363636363
134.70454545454547
133.27272727272728
131.8409090909091
130.4090909090909
128.97727272727272
127.54545454545455
126.11363636363636
124.68181818181819
123.25
123.25
124.75
124.75
124.75
125.25
125.25
125.25
125.25
125.25
125.25
125.25
125.25
125.25
131.15
137.05
142.95
148.85
154.75
154.75
154.75
154.75
154.75
154.75
151.5
148.25
145.0
141.75
138.5
135.25
132.0
128.75
125.5
122.25
119.0
115.75
115.75
115.75
115.75
115.75
115.75
106.0
106.0
106.0
106.0
106.0
106.0
106.0
106.0
106.0
106.0
106.0
106.0
107.70833333333333
109.41666666666667
111.125
112.83333333333333
114.54166666666667
116.25
116.25
116.25
113.0
113.0
110.75
110.75
109.5
109.5
108.0
108.0
101.25
101.25
101.25
99.5
99.5
99.5
101.25
101.25
101.25
101.5
101.5
101.5
101.5
106.25
106.25
113.5
113.5
114.25
114.25
112.75
112.75
112.75
111.25
111.25
108.25
108.25
105.5
105.5
109.5
109.5
109.5
110.75
110.75
110.75
110.75
113.5
113.5
107.5
107.5
107.5
107.5
109.5
109.5
108.25
108.25
108.25
106.25
106.25
105.75
105.75
109.5
109.5
114.5
114.5
116.0
116.0
112.75
112.75
112.75
112.75
112.75
111.25
111.25
111.25
111.25
110.25
110.25
110.75
110.75
111.75
111.75
111.75
110.75
110.75
110.5
110.5
110.5
110.5
110.5
114.0
114.0
117.75
117.75
118.5
118.5
118.75
118.75
119.0
119.0
120.5
120.5
121.0
121.0
122.5
122.5
123.75
123.75
125.0
125.0
124.5
124.5
124.5
124.5
124.5
124.5
116.75
116.75
111.5
111.5
109.0
109.0
114.75
114.75
117.0
117.0
115.75
115.75
115.75
117.25
117.25
117.25
117.25
118.25
118.25
119.75
119.75
120.0
120.0
120.0
120.0
111.0
111.0
117.25
117.25
118.25
118.25
118.0
118.0
118.5
118.5
119.5
119.5
119.5
119.75
119.75
119.75
119.75
119.75
119.75
119.75
119.25
119.25
119.25
119.25
120.25
120.25
120.25
120.25
120.25
120.25
120.25
120.25
120.25
120.25
120.25
120.25
120.25
120.25
122.08333333333333
123.91666666666667
125.75
125.75
124.5
126.75
126.75
128.25
128.25
122.25
122.25
122.5
122.5
120.25
120.25
120.25
116.75
116.75
115.75
115.75
111.5
111.5
113.5
113.5
124.5
124.5
125.5
125.5
126.0
126.0
126.0
126.0
125.33333333333333
124.66666666666667
124.0
123.33333333333333
122.66666666666667
122.0
121.33333333333333
120.66666666666667
120.0
120.0
120.0
120.0
120.0
120.0
120.0
120.0
116.5
116.5
115.25
115.25
115.25
115.0
115.0
112.0
112.0
116.0
116.0
116.0
118.5
118.5
121.5
121.5
121.5
122.75
122.75
123.0
123.0
116.5
116.5
115.0
115.0
115.0
114.75
114.75
113.5
113.5
117.25
117.25
118.75
118.75
119.25
119.25
117.5
117.5
116.5
116.5
116.5
116.5
116.5
116.5
116.5
116.5
116.5
116.13235294117646
115.76470588235294
115.3970588235294
115.02941176470588
114.66176470588235
114.29411764705883
113.92647058823529
113.55882352941177
113.19117647058823
112.82352941176471
112.45588235294117
112.08823529411765
111.72058823529412
111.3529411764706
110.98529411764706
110.61764705882354
110.25
110.25
114.25
114.25
116.25
116.25
116.25
117.0
117.0
117.0
117.0
117.0
117.0
117.0
117.0
121.84375
126.6875
131.53125
136.375
141.21875
146.0625
150.90625
155.75
155.75
155.75
155.75
151.0
151.0
153.25
153.25
155.0
155.5
155.5
156.25
156.25
156.0
156.25
156.25
156.75
156.75
156.0
155.5
155.5
155.25
155.25
153.25
153.25
155.75
155.75
157.0
157.0
159.25
159.25
160.0
160.25
160.25
160.0
160.0
159.5
158.0
158.0
158.0
154.75
154.75
152.0
150.75
150.75
150.5
150.5
149.25
149.25
149.25
148.75
148.75
150.5
150.5
152.25
152.25
151.25
151.25
151.0
151.25
151.25
151.75
151.75
152.5
152.5
152.75
152.75
153.0
153.0
151.75
151.75
151.5
151.5
156.25
157.25
157.25
158.5
158.5
157.5
157.5
157.25
157.0
157.0
157.5
157.75
157.75
156.75
156.75
157.75
157.75
158.0
158.0
158.0
159.75
159.75
159.0
159.0
157.75
157.75
157.25
157.25
156.5
156.5
156.5
156.5
155.0
155.0
153.75
153.75
154.25
156.5
156.5
156.75
156.25
156.25
156.25
156.75
156.75
156.75
157.5
157.5
157.5
158.0
158.0
158.5
158.5
158.5
158.0
158.0
157.75
157.75
157.0
157.0
157.0
157.0
156.25
156.0
156.0
157.0
158.0
158.0
158.75
158.75
160.25
160.25
158.0
158.25
158.25
158.5
158.0
158.0
157.25
157.25
157.0
157.0
156.5
156.5
156.5
156.5
154.75
154.5
154.5
154.5
154.5
154.5
154.5
155.5
155.5
157.5
157.5
157.5
158.25
158.5
158.5
158.5
158.5
158.5
159.0
159.0
159.75
159.75
159.75
159.75
161.5
161.25
161.25
161.25
161.25
161.25
164.0
164.0
164.25
164.25
163.0
163.0
162.75
162.75
162.75
162.75
162.75
162.75
162.75
162.75
162.75
162.75
162.75
162.75
153.0
143.25
133.5
123.75
124.0
124.0
124.0
122.25
122.25
120.75
121.0
121.0
121.0
121.0
121.0
121.0
121.0
121.0
121.0
119.5
119.5
121.25
121.25
122.0
122.0
120.0
119.75
119.75
119.75
119.75
119.75
112.0
112.0
110.0
110.0
110.0
109.75
109.75
109.75
109.75
114.5
114.5
116.5
116.5
116.5
117.25
117.25
117.25
117.25
117.25
117.25
118.5
118.5
119.0
119.0
119.25
119.25
117.0
117.0
116.75
116.75
118.0
118.0
118.25
118.25
118.25
118.25
117.75
117.75
119.25
119.25
119.75
119.75
119.75
119.75
120.0
120.0
120.0
120.0
118.25
118.25
117.5
117.5
112.25
112.25
110.75
110.75
110.5
110.5
113.734375
116.96875
120.203125
123.4375
126.671875
129.90625
133.140625
136.375
139.609375
142.84375
146.078125
149.3125
152.546875
155.78125
159.015625
162.25
162.25
165.0
163.75
163.75
162.5
162.5
162.5
162.5
162.5
162.5
162.5
165.25
165.25
167.25
167.25
168.0
168.0
168.5
168.5
168.75
168.75
169.0
169.0
166.75
166.75
167.5
168.5
168.5
168.5
169.0
169.0
167.25
167.25
166.5
166.5
165.5
165.5
165.0
165.25
165.25
165.25
163.25
163.75
163.75
163.5
163.5
163.5
163.5
164.0
164.0
163.5
163.5
162.75
162.75
162.75
162.75
161.25
161.25
158.0
158.0
158.75
159.25
159.25
159.25
158.25
158.25
157.0
157.0
156.75
156.5
156.5
156.75
157.5
157.5
158.0
158.5
158.5
158.5
158.5
158.25
157.75
157.75
157.75
157.75
158.0
158.0
159.5
160.25
160.25
160.25
160.5
160.5
161.25
161.25
160.0
160.0
160.5
160.5
160.5
160.5
160.5
160.5
160.5
160.0
160.0
161.25
161.25
161.0
159.25
159.25
158.75
159.0
159.0
159.25
159.0
159.0
159.0
158.0
158.0
159.0
159.5
159.5
158.0
158.0
158.0
158.0
159.0
159.0
159.25
159.25
159.25
159.25
146.25
133.25
120.25
120.25
120.25
120.25
120.25
127.85
135.45
143.05
150.65
158.25
158.25
158.25
157.5
157.5
157.5
156.625
155.75
155.75
157.25
157.25
166.5
166.5
167.0
167.0
164.75
163.5
163.5
164.25
164.25
164.25
164.25
162.5
162.5
167.5
167.5
170.5
170.5
171.0
171.0
162.5
162.5
160.0
161.41666666666666
162.83333333333334
164.25
164.25
164.5
164.5
166.25
166.25
166.75
166.25
166.25
163.75
163.75
164.25
164.25
164.5
165.0
165.0
165.25
165.25
165.25
165.25
165.75
165.75
165.75
165.75
165.75
165.75
165.0
165.0
166.0
166.0
163.25
163.25
161.75
161.75
161.75
161.75
161.75
161.75
161.75
161.75
161.75
152.35
142.95
133.55
124.15
114.75
114.75
114.75
114.75
114.75
114.75
114.75
114.75
114.75
103.5
103.5
103.5
103.5
121.0
138.5
156.0
156.0
156.0
156.0
156.0
158.16666666666666
160.33333333333334
162.5
162.5
162.0
162.0
162.25
162.25
162.5
162.5
161.75
161.75
161.75
162.25
162.25
159.0
160.5
160.5
163.5
163.5
163.5
162.75
162.75
161.25
161.25
161.0
161.0
164.25
164.25
164.0
164.0
164.0
164.0
164.0
164.0
164.0
165.0
166.0
167.0
167.0
168.25
168.25
167.5
167.5
166.0
165.5
165.5
165.5
166.75
166.75
168.75
168.75
168.75
165.75
165.75
165.75
165.75
169.25
169.75
169.75
172.5
172.5
173.0
173.0
172.25
172.25
172.25
172.25
172.25
172.25
172.25
172.25
172.25
171.0
171.0
171.5
172.75
172.75
173.75
173.75
174.0
174.0
175.0
175.0
174.0
174.0
173.0
172.75
172.75
172.75
172.0
171.25
171.25
171.25
171.25
171.25
171.25
171.25
171.25
171.25
171.75
171.75
168.5
167.25
167.25
166.25
166.25
165.5
165.5
165.25
165.25
164.5
164.5
164.25
164.25
163.75
163.75
166.0
166.0
166.25
166.25
164.5
164.5
164.75
164.75
165.25
165.75
165.75
165.75
164.25
164.25
164.0
164.25
164.25
164.25
164.0
164.0
164.0
163.75
163.75
163.75
164.25
163.75
163.75
163.75
163.25
163.25
163.25
163.25
163.25
162.75
162.75
162.75
162.75
163.25
163.75
163.75
163.0
163.0
163.0
164.0
164.25
164.25
164.5
164.5
163.5
160.25
160.25
160.25
158.5
158.25
158.25
156.75
156.75
158.75
158.75
158.5
158.5
158.5
157.75
157.75
160.0
160.0
161.0
161.0
160.75
160.75
160.25
162.5
162.5
162.5
166.0
165.0
165.0
164.25
163.25
163.25
164.25
164.25
164.25
164.5
164.5
164.5
166.75
166.75
168.25
168.25
166.0
166.0
164.25
163.0
163.0
162.75
162.75
162.25
162.25
162.25
162.25
162.25
162.5
162.5
162.5
163.25
163.0
163.0
163.5
165.5
165.5
165.5
166.0
166.0
167.0
166.0
166.0
165.5
165.5
165.25
165.25
165.25
165.25
165.25
165.25
165.25
165.25
165.25
165.25
165.25
165.25
151.83333333333334
138.41666666666666
125.0
125.0
123.75
123.75
122.5
122.5
120.5
120.5
120.0
120.0
120.25
120.25
120.25
122.75
123.0
123.0
126.0
126.0
126.0
126.0
126.0
126.0
123.25
123.25
122.0
122.0
121.75
121.75
121.75
121.75
121.75
121.75
119.5
119.5
118.0
118.0
119.5
119.5
119.75
119.75
120.0
120.0
114.75
114.75
117.0
117.0
117.75
117.75
118.0
118.0
117.25
117.25
117.25
117.25
117.25
117.25
117.25
117.25
117.25
117.5
117.75
118.0
118.25
118.5
118.75
118.75
118.75
118.75
118.75
115.75
115.75
115.75
115.75
115.75
115.75
115.75
115.75
117.0
117.0
117.0
117.5
117.5
117.5
117.5
121.5
121.5
121.5
121.5
123.5
123.5
123.75
123.75
124.25
124.25
124.25
124.25
123.75
123.5
123.5
123.5
123.5
123.5
123.5
123.5
123.5
123.5
123.5
145.375
167.25
167.25
169.0
169.0
169.5
169.5
168.75
168.75
168.5
168.5
169.5
168.75
168.75
168.25
168.25
168.25
168.25
168.25
167.75
167.75
167.75
168.0
168.0
169.25
169.25
168.25
168.25
168.0
168.0
169.0
169.0
169.0
169.0
169.0
169.0
169.0
169.0
169.0
169.0
168.75
168.75
167.75
167.75
167.25
167.25
165.0
165.0
164.25
164.25
164.25
162.75
162.75
164.0
164.0
164.5
164.5
166.5
166.5
165.0
164.0
164.0
164.0
166.25
166.25
164.0
165.0
165.0
164.25
164.25
164.25
164.25
163.75
163.75
163.75
165.25
164.0
164.0
162.5
162.5
163.5
163.5
164.0
164.0
164.0
164.0
164.0
164.0
164.0
164.0
164.0
163.0
161.5
161.5
161.75
161.75
160.75
160.5
160.5
160.5
159.75
160.5
160.5
159.75
159.75
160.25
160.75
160.75
160.75
161.75
162.0
162.0
162.25
162.5
162.5
162.0
162.25
162.25
162.25
162.5
162.0
162.0
161.5
161.5
160.75
161.25
161.25
160.25
159.75
159.75
159.75
160.25
160.25
160.5
160.0
160.0
160.0
160.0
160.25
160.25
159.0
159.0
159.0
158.5
158.5
158.0
157.5
157.5
158.0
157.75
157.75
157.25
157.25
157.25
157.75
157.5
157.5
157.5
158.25
158.25
156.75
156.75
156.75
156.75
157.75
157.75
157.75
158.25
158.25
158.25
158.25
159.0
157.75
157.75
157.75
159.0
159.0
159.25
159.5
159.5
159.5
158.25
158.25
158.25
159.0
159.0
158.5
158.5
158.25
158.25
158.25
158.25
158.25
158.25
158.25
158.25
158.25
137.25
116.25
116.25
116.25
114.75
114.75
114.5
114.5
114.5
114.5
114.5
114.5
119.5
119.5
120.75
120.75
117.75
117.75
116.5
116.5
116.25
116.25
116.25
116.25
116.25
116.25
118.5
118.5
118.0
118.0
116.0
116.0
115.0
115.0
115.25
115.25
114.75
114.75
114.75
116.0
116.0
116.25
116.25
118.0
118.0
119.75
119.75
123.75
123.75
122.25
120.75
119.25
117.75
116.25
116.25
116.25
126.5
126.5
126.5
126.5
126.5
126.5
125.0
122.0
122.0
120.75
120.75
120.25
120.25
120.25
120.25
120.25
135.33333333333334
150.41666666666666
165.5
165.5
166.0
166.0
167.25
167.25
169.75
171.25
171.25
171.75
171.75
167.25
167.25
163.0
163.0
162.25
162.25
162.0
162.0
158.6875
155.375
152.0625
148.75
148.75
148.5
148.5
148.5
148.5
148.5
148.5
139.58333333333334
130.66666666666666
121.75
121.75
119.5
119.5
118.5
118.5
120.0
120.0
119.25
119.25
117.75
117.75
118.75
118.75
120.0
120.0
120.5
120.5
120.5
120.5
120.5
120.5
121.75
121.75
122.5
122.5
122.75
122.75
122.75
122.75
122.75
122.75
122.75
122.75
122.75
122.75
122.75
122.75
122.75
122.75
122.75
122.75
122.75
118.0
118.0
116.25
116.25
116.0
116.0
116.0
116.0
116.0
116.0
125.0
125.0
125.25
125.25
125.25
125.25
125.25
125.25
125.25
125.25
125.25
125.25
125.2
125.15
125.1
125.05
125.0
124.95
124.9
124.85
124.8
124.75
124.75
122.25
122.25
122.5
122.5
123.75
123.75
123.75
123.75
117.0
117.0
117.0
116.75
116.75
116.75
116.75
116.85
116.95
117.05
117.15
117.25
117.25
117.25
117.25
117.25
117.25
117.25
117.25
117.25
133.0
148.75
164.5
164.5
163.5
162.75
162.75
162.0
162.25
162.25
162.25
162.25
162.25
162.25
162.0
162.0
163.25
163.25
165.0
165.0
164.0
164.0
161.75
161.75
163.25
163.25
165.0
165.0
164.75
164.75
164.75
164.75
163.25
163.25
161.5
161.5
161.25
161.25
161.25
161.25
161.25
161.25
161.25
160.5
160.5
160.5
161.0
161.0
161.0
161.0
161.0
161.0
160.25
160.25
158.5
157.0
157.0
158.75
160.0
160.0
160.75
160.75
161.0
155.0
155.0
150.25
149.0
149.0
154.75
154.75
159.75
159.75
161.0
161.0
162.5
162.5
161.25
161.25
159.25
157.75
157.75
157.0
156.5
156.5
155.0
155.0
153.25
152.75
152.75
153.25
154.5
154.5
155.5
156.5
156.5
156.25
156.25
158.25
159.0
159.0
159.0
160.25
161.25
161.25
159.75
159.75
158.75
158.75
157.75
157.75
158.0
158.0
157.5
157.5
157.0
157.0
157.0
157.0
157.0
157.0
157.0
158.5
159.0
159.0
159.25
159.75
159.75
159.75
156.75
157.25
157.25
156.0
156.0
157.0
157.0
157.0
158.5
158.5
159.5
159.75
159.75
159.75
159.75
159.75
159.75
159.25
159.25
159.25
160.75
160.75
162.25
163.25
163.25
163.25
164.75
164.75
162.25
162.25
162.25
164.0
164.0
165.0
165.0
165.0
165.5
165.5
164.75
165.25
165.25
165.25
166.5
166.0
166.0
166.0
169.0
169.0
169.75
169.75
170.0
170.0
170.0
170.0
170.0
170.0
167.5
167.5
167.0
167.0
165.0
165.0
163.25
163.25
162.5
162.5
163.66666666666666
164.83333333333334
166.0
166.0
166.25
166.25
166.25
166.25
166.25
166.25
166.25
153.16666666666666
140.08333333333334
127.0
127.0
127.0
127.0
127.0
127.0
127.0
127.0
127.0
127.0
127.0
127.0
59.5
59.5
59.5
59.5
59.5
59.5
59.5
59.5
59.5
61.5
61.5
61.5
67.5
67.5
67.5
75.25
75.25
75.25
76.25
76.25
81.5
81.5
81.5
84.0
84.0
84.0
84.5
84.5
88.75
88.75
88.75
102.83333333333333
116.91666666666667
131.0
131.0
129.75
129.75
129.5
131.5
131.5
132.0
132.0
132.25
132.25
133.5
133.5
133.5
139.0
139.0
139.0
143.75
145.25
145.25
146.25
146.25
149.0
150.0
150.0
151.5
152.25
152.25
151.75
150.25
150.25
142.5
142.5
139.25
139.25
138.25
138.25
139.0
143.0
143.0
144.25
144.25
141.5
138.75
138.75
138.75
139.75
139.75
140.25
140.25
137.75
137.75
135.25
135.25
134.0
134.0
129.25
129.25
128.5
128.5
130.5
130.5
130.5
138.25
145.0
145.0
148.75
151.75
151.75
153.5
155.0
155.0
154.75
154.75
152.75
150.25
150.25
148.0
148.0
145.25
142.5
142.5
142.5
139.0
139.0
140.5
140.5
140.75
140.75
136.75
136.75
135.5
135.5
127.25
127.25
124.25
124.25
121.5
121.5
121.75
121.75
127.5
127.5
129.5
127.25
127.25
124.5
124.5
120.5
120.5
120.0
120.0
126.75
126.75
128.5
128.5
129.75
130.25
130.25
130.5
130.5
130.5
130.5
130.5
130.5
130.5
144.75
146.05
147.35
148.65
149.95
151.25
151.25
151.25
151.25
151.25
151.25
151.25
151.25
151.25
151.25
150.2962962962963
149.34259259259258
148.38888888888889
147.4351851851852
146.4814814814815
145.52777777777777
144.57407407407408
143.62037037037038
142.66666666666666
141.71296296296296
140.75925925925927
139.80555555555554
138.85185185185185
137.89814814814815
136.94444444444446
135.99074074074073
135.03703703703704
134.08333333333334
133.12962962962962
132.17592592592592
131.22222222222223
130.2685185185185
129.3148148148148
128.36111111111111
127.4074074074074
126.45370370370371
125.5
125.5
125.5
125.5
125.5
125.5
125.5
125.5
125.5
125.5
125.5
125.5
111.25
111.25
107.25
107.25
103.75
103.75
108.75
108.75
110.0
110.0
118.5
118.5
122.0
122.0
125.5
125.5
127.0
127.0
127.0
127.5
129.25
129.25
129.25
129.25
129.25
129.25
129.25
129.25
129.25
129.25
129.25
129.25
129.25
129.25
128.1451612903226
127.04032258064517
125.93548387096774
124.83064516129032
123.7258064516129
122.62096774193549
121.51612903225806
120.41129032258064
119.30645161290323
118.20161290322581
117.09677419354838
115.99193548387098
114.88709677419355
113.78225806451613
112.6774193548387
111.5725806451613
110.46774193548387
109.36290322580645
108.25806451612904
107.15322580645162
106.04838709677419
104.94354838709678
103.83870967741936
102.73387096774194
101.62903225806451
100.5241935483871
99.41935483870968
98.31451612903226
97.20967741935485
96.10483870967742
95.0
95.0
95.0
96.5
96.5
96.75
96.75
96.75
98.25
98.25
98.25
98.25
98.25
98.75
98.75
99.25
99.25
101.5
101.5
101.5
102.0
102.0
93.0
93.0
93.0
91.25
91.25
101.0
101.0
101.0
105.0
105.0
105.5
105.5
105.75
105.75
106.25
106.25
106.25
105.5
105.5
105.5
105.5
105.5
105.5
105.5
105.75
105.75
107.0
107.0
108.25
108.25
109.5
109.5
109.75
109.75
116.5
116.5
117.0
117.0
114.75
114.75
114.75
111.0
111.0
108.25
108.25
106.25
106.25
106.0
106.0
106.0
104.5
104.5
104.5
105.0
105.0
105.0
105.0
105.0
107.5
107.5
109.25
109.25
110.25
110.25
110.25
110.25
110.25
110.25
110.25
105.0
105.0
105.25
105.25
105.25
105.25
105.25
106.5
106.5
108.0
108.0
109.25
109.25
110.0
110.0
110.0
110.0
110.0
107.75
107.75
107.0
107.0
106.25
106.25
106.25
106.25
106.25
104.5
104.5
105.75
105.75
105.5
105.5
105.75
105.75
105.75
105.75
105.75
104.75
104.75
103.75
103.75
104.5
104.5
104.5
104.5
114.25
119.25
119.25
124.75
124.75
127.0
127.0
127.5
127.5
127.5
128.0
128.0
128.0
128.0
128.0
128.0
121.5
121.5
113.0
113.0
113.0
109.0
108.5
108.5
108.5
108.5
108.5
108.5
108.5
100.75
100.75
100.75
100.75
100.0
100.0
100.0
99.25
99.25
98.0
98.0
98.0
99.5
99.5
100.0
100.0
100.5
100.5
100.5
101.0
101.0
101.75
101.75
101.75
103.5
103.5
104.0
104.0
99.75
99.75
98.75
98.75
106.0
106.0
106.0
109.75
109.75
115.0
115.0
116.5
116.5
114.25
114.25
113.25
113.25
118.5
118.5
118.5
121.5
121.5
119.5
119.5
118.5
118.5
118.25
118.25
118.25
118.25
116.5
116.5
116.5
116.5
115.75
115.75
115.75
114.5
113.75
113.75
113.75
124.5
124.5
126.25
126.25
116.0
116.0
113.75
113.75
113.75
111.25
111.25
111.0
111.0
110.75
110.75
110.75
110.75
110.75
110.75
111.75
111.75
112.25
112.25
114.5
114.5
114.75
114.75
115.25
115.25
115.25
115.25
115.25
115.25
115.25
115.25
115.25
115.25
115.25
112.75
112.75
112.0
112.0
112.0
112.0
112.0
108.5
108.5
109.5
109.5
110.25
110.25
110.5
110.5
110.75
110.75
112.25
112.25
107.25
107.25
107.25
115.75
115.75
117.5
117.5
117.5
117.75
117.75
118.0
118.0
118.25
118.25
118.25
118.25
115.5
115.5
114.5
114.5
114.0
114.0
114.75
114.75
114.0
114.0
115.75
115.75
115.75
115.75
115.75
115.75
118.0
118.0
118.25
118.25
118.25
123.25
123.25
123.25
123.25
124.5
124.5
124.5
124.5
129.0
129.0
128.75
128.75
128.5
128.5
131.75
134.5
134.5
136.25
136.25
134.75
134.75
132.0
132.0
129.5
129.5
129.5
124.5
124.5
124.25
124.25
122.25
122.25
122.25
122.25
122.75
122.75
123.25
123.25
122.5
122.5
122.75
122.75
123.25
123.25
122.75
122.75
124.5
124.5
125.5
125.5
125.5
126.75
126.75
128.75
128.75
129.75
129.75
130.25
130.25
130.25
130.25
127.75
127.75
130.75
130.75
132.75
132.75
135.0
135.75
135.75
137.0
137.0
140.75
140.75
142.75
142.75
143.25
143.25
143.25
143.25
143.25
132.75
132.75
132.75
132.75
141.25
149.75
158.25
154.75
154.75
153.0
153.0
152.25
152.25
152.0
152.0
152.0
152.0
152.0
149.0
146.0
143.0
140.0
140.0
140.0
140.0
132.0
132.0
132.0
129.0
129.0
126.75
127.5
127.5
127.75
127.75
127.75
128.0
128.0
130.75
130.0
130.0
132.25
132.25
132.25
136.0
136.0
136.0
136.0
136.0
136.0
139.5
139.5
138.5
138.5
138.5
138.5
138.5
139.5
140.5
140.5
141.25
141.25
140.75
140.75
143.0
143.0
144.0
144.0
148.75
148.75
148.0
148.0
147.5
146.25
146.25
143.25
143.25
139.75
139.75
138.0
135.0
135.0
133.75
133.75
132.5
132.5
132.5
130.25
130.25
130.25
130.25
129.5
129.5
128.25
128.25
127.75
127.75
127.75
127.75
127.75
127.75
127.75
128.75
128.75
128.75
129.5
129.5
129.5
129.5
129.5
133.75
133.75
133.75
136.0
136.0
140.0
140.0
141.25
139.0
139.0
137.75
137.75
138.75
138.75
140.5
140.5
139.0
137.75
137.75
136.0
136.0
135.0
135.0
135.25
136.0
136.0
136.5
136.5
140.0
140.0
143.75
147.0
147.0
147.0
147.25
147.25
145.5
144.5
144.5
144.0
144.0
143.5
143.5
143.5
143.5
143.5
143.5
148.5
148.5
148.5
147.75
147.75
146.75
145.75
145.75
144.5
144.5
143.75
143.75
143.75
143.75
143.75
143.75
160.5
160.5
164.5
165.75
165.75
163.16666666666666
160.58333333333334
158.0
158.0
158.0
153.25
151.0
151.0
151.25
151.5
151.5
151.75
151.75
150.75
149.25
149.25
149.5
149.5
150.0
149.25
149.25
149.25
149.0
149.0
149.0
149.0
147.75
147.75
147.75
146.25
145.5
145.5
143.5
143.5
144.25
144.25
143.75
143.25
143.25
141.5
141.5
140.75
140.75
142.5
142.5
143.25
143.25
139.5
139.5
138.0
138.5
138.5
139.25
139.25
141.75
141.75
142.25
142.25
142.5
142.5
142.5
142.5
142.5
142.5
146.5
146.5
140.5
141.75
141.75
144.0
144.0
145.0
144.75
144.75
145.75
145.75
145.0
143.5
143.5
141.0
141.0
140.75
140.75
140.75
141.75
140.75
140.75
140.75
140.25
142.75
142.75
144.0
145.75
145.75
146.75
146.75
147.0
147.0
147.0
147.5
147.5
148.5
148.5
149.25
149.25
149.25
150.0
150.0
151.75
151.75
152.25
152.25
152.25
150.75
150.75
149.0
149.75
149.75
149.25
149.25
149.75
151.5
151.5
151.5
151.5
158.25
158.25
162.25
162.25
164.0
164.0
164.5
164.5
160.0
160.0
158.75
157.75
157.75
159.75
159.75
155.25
155.25
154.0
154.0
154.5
154.5
154.5
153.5
153.5
155.0
155.0
155.5
154.75
154.75
154.0
155.0
155.0
153.0
150.0
150.0
149.5
149.5
148.5
146.5
146.5
146.5
146.5
148.5
142.5
142.5
143.75
145.0
145.0
145.0
150.0
150.0
150.0
150.0
150.0
150.0
143.25
138.0
138.0
133.5
132.0
132.0
131.25
131.25
137.75
137.75
137.75
151.25
151.25
151.25
149.5
149.25
149.25
149.25
149.25
149.25
149.25
149.25
149.25
147.5
147.5
147.5
148.25
148.25
144.5
144.25
144.25
144.25
144.25
146.75
146.75
146.25
144.25
144.25
140.5
140.5
140.75
140.75
140.75
142.5
142.5
142.5
142.0
142.0
141.5
141.5
142.5
142.5
142.0
137.75
137.75
132.25
132.25
129.25
129.25
129.5
129.5
130.75
130.75
136.25
136.25
139.0
139.0
142.5
143.0
143.0
143.75
143.75
139.25
139.25
135.75
135.75
142.5
142.5
138.0
140.75
140.75
140.75
141.25
140.75
140.75
140.5
140.5
140.75
142.25
142.25
139.5
139.5
138.0
137.0
137.0
137.25
137.25
136.75
136.75
137.5
137.5
139.0
138.0
138.0
137.0
137.0
137.25
137.0
137.0
136.0
136.0
135.75
135.75
136.0
136.0
137.25
138.75
138.75
140.0
140.0
140.5
139.75
139.75
142.75
142.75
147.0
150.0
150.0
148.75
148.75
145.5
146.75
146.75
146.75
146.75
146.5
146.5
148.0
148.0
147.25
144.0
144.0
142.5
142.5
145.0
145.0
143.75
143.75
139.5
138.0
138.0
140.25
140.25
137.5
137.5
139.75
143.5
143.5
145.5
145.5
146.75
147.0
147.0
144.75
144.75
135.0
135.0
135.0
135.0
128.25
128.25
128.25
128.25
137.5
137.5
141.25
141.25
138.5
138.5
137.0
137.0
135.0
135.0
135.0
133.5
133.5
131.5
131.5
132.75
132.75
133.75
134.0
134.0
135.25
135.25
136.5
136.5
137.5
137.75
137.75
138.5
138.5
138.75
138.75
138.0
138.0
138.0
138.25
138.25
137.5
137.5
138.0
138.0
138.5
137.0
137.0
136.5
136.5
135.75
135.75
135.5
135.5
135.0
135.5
135.5
137.0
137.0
137.75
137.75
137.75
137.25
137.25
137.5
137.5
137.75
137.75
138.0
138.0
141.5
141.5
141.5
141.5
142.5
142.5
142.5
142.5
140.0
140.0
139.5
139.5
139.5
143.0
143.0
145.25
145.25
143.75
139.0
139.0
138.0
138.0
139.0
140.25
140.25
140.5
140.5
141.75
141.75
143.75
143.75
145.25
146.5
146.5
146.75
146.75
146.75
147.0
147.0
147.0
147.0
145.25
145.25
141.25
140.0
140.0
139.5
139.5
141.5
144.0
144.0
146.25
146.25
146.0
146.0
146.0
144.0
144.0
144.25
145.25
145.25
142.0
142.0
137.0
137.0
136.75
136.75
136.75
137.5
137.5
137.25
136.0
136.0
135.0
135.0
135.0
135.0
137.25
137.25
137.75
137.75
138.0
138.0
138.0
138.0
138.0
138.0
138.0
138.0
141.0
141.0
142.0
142.0
145.0
145.0
144.5
145.25
145.25
146.75
146.75
147.25
147.25
147.75
147.75
147.75
147.75
147.75
140.5
142.0
142.0
146.75
152.0
152.0
154.0
154.0
154.75
154.75
155.0
155.0
165.0
165.0
166.0
166.0
166.5
166.75
166.75
166.75
166.75
166.75
166.75
166.75
166.75
160.6
154.45
148.3
142.15
136.0
136.0
136.0
141.25
141.25
139.5
139.5
139.25
139.25
139.25
139.25
139.25
139.25
140.25
140.25
138.0
138.0
138.0
136.75
136.75
136.75
136.75
136.75
136.75
136.75
136.75
136.75
138.40625
140.0625
141.71875
143.375
145.03125
146.6875
148.34375
150.0
142.0
142.0
139.75
139.75
139.5
139.5
138.75
138.0
138.0
136.25
136.25
135.5
138.5
138.5
138.5
138.75
138.75
135.5
134.0
134.0
135.0
135.0
136.0
136.0
136.5
136.5
136.5
142.25
142.25
138.25
138.25
136.75
136.75
137.5
138.5
138.5
138.75
138.75
138.75
139.0
139.0
139.0
139.0
139.0
139.0
139.0
139.83333333333334
140.66666666666666
141.5
142.33333333333334
143.16666666666666
144.0
144.0
144.0
144.0
147.25
147.25
146.75
149.0
149.0
149.0
151.25
151.25
151.75
151.75
151.75
151.75
151.75
151.75
151.75
141.6
131.45
121.3
111.15
101.0
101.0
101.0
101.0
101.0
100.75
100.75
100.75
103.0
103.0
103.0
101.25
101.25
101.75
101.75
101.75
102.25
102.25
102.0
102.0
103.5
103.5
103.25
103.25
103.25
102.25
102.25
102.5
102.5
104.75
104.75
104.75
109.25
109.25
109.25
110.5
110.5
110.5
110.5
110.5
110.5
110.5
113.70454545454545
116.9090909090909
120.11363636363636
123.31818181818181
126.52272727272727
129.72727272727272
132.9318181818182
136.13636363636363
139.3409090909091
142.54545454545453
145.75
145.75
149.0
149.75
149.75
149.75
150.25
150.25
150.25
149.75
150.0
150.0
150.75
150.75
150.0
148.0
148.0
146.75
146.75
146.75
147.0
147.0
147.25
148.0
148.0
150.0
150.0
149.25
147.75
147.75
148.0
146.75
146.75
147.5
147.5
149.0
149.0
149.0
151.5
151.5
151.5
149.25
149.25
149.25
157.5
157.0
157.0
150.25
150.25
150.25
148.25
148.25
148.25
148.0
148.0
148.0
148.0
148.0
148.0
147.6320754716981
147.26415094339623
146.89622641509433
146.52830188679246
146.16037735849056
145.79245283018867
145.4245283018868
145.0566037735849
144.68867924528303
144.32075471698113
143.95283018867926
143.58490566037736
143.21698113207546
142.8490566037736
142.4811320754717
142.11320754716982
141.74528301886792
141.37735849056602
141.00943396226415
140.64150943396226
140.27358490566039
139.9056603773585
139.53773584905662
139.16981132075472
138.80188679245282
138.43396226415095
138.06603773584905
137.69811320754718
137.33018867924528
136.96226415094338
136.5943396226415
136.22641509433961
135.85849056603774
135.49056603773585
135.12264150943398
134.75471698113208
134.38679245283018
134.0188679245283
133.6509433962264
133.28301886792454
132.91509433962264
132.54716981132074
132.17924528301887
131.81132075471697
131.4433962264151
131.0754716981132
130.70754716981133
130.33962264150944
129.97169811320754
129.60377358490567
129.23584905660377
128.8679245283019
128.5
128.5
128.25
128.25
128.25
128.25
128.5
128.5
128.75
129.0
129.0
127.5
127.5
125.75
125.75
123.5
123.5
121.25
121.25
118.75
118.75
118.0
118.0
118.75
118.75
119.5
119.5
120.25
120.25
119.25
119.25
119.75
119.75
120.5
120.5
120.75
120.75
122.0
122.0
122.5
122.5
123.5
123.5
124.5
124.5
124.5
124.5
125.5
125.5
126.25
126.25
126.5
126.25
126.25
126.5
126.5
126.5
126.5
125.75
125.75
124.75
124.75
124.75
124.75
123.75
123.75
121.5
121.5
121.5
122.25
122.25
121.0
121.0
120.75
120.75
121.0
121.0
120.0
120.0
119.25
119.25
120.0
120.0
120.75
120.75
121.5
121.5
122.25
122.25
123.0
123.0
122.75
122.75
117.5
117.5
117.5
117.5
118.5
118.5
119.25
119.25
121.0
121.0
121.0
125.25
125.25
125.75
125.75
125.75
126.75
126.75
128.0
128.75
128.75
129.25
129.25
127.5
127.5
126.0
126.0
125.25
125.25
125.25
125.25
125.25
125.25
125.25
125.25
125.25
125.25
126.00925925925925
126.76851851851852
127.52777777777777
128.28703703703704
129.0462962962963
129.80555555555554
130.5648148148148
131.32407407407408
132.08333333333334
132.84259259259258
133.60185185185185
134.36111111111111
135.12037037037038
135.87962962962962
136.63888888888889
137.39814814814815
138.15740740740742
138.91666666666666
139.67592592592592
140.4351851851852
141.19444444444446
141.9537037037037
142.71296296296296
143.47222222222223
144.2314814814815
144.99074074074073
145.75
145.75
149.25
149.25
147.25
147.25
146.5
146.5
146.75
146.0
146.0
147.0
147.75
147.75
148.75
148.75
149.25
149.25
152.0
150.5
150.5
151.0
151.0
150.5
150.25
150.25
150.25
150.25
150.5
150.5
150.5
150.5
151.75
151.75
151.75
150.25
150.25
147.75
146.75
146.75
151.0
151.0
152.25
152.25
153.25
153.25
153.5
153.5
153.5
153.5
153.5
153.5
153.5
153.5
155.25
155.25
153.5
153.5
153.5
153.25
153.25
153.25
150.0
150.0
150.0
160.25
160.25
158.5
158.5
158.5
156.25
155.25
155.25
152.25
150.75
150.75
150.5
150.5
149.25
152.0
152.0
152.0
154.0
154.0
158.0
158.0
158.0
158.75
158.75
159.0
152.5
152.5
146.5
142.5
142.5
144.0
144.0
144.75
143.0
143.0
139.75
139.75
139.75
137.5
137.5
137.5
137.5
137.5
137.5
137.5
137.5
136.3
135.1
133.9
132.7
131.5
131.5
131.5
131.5
131.5
131.5
131.5
131.5
131.5
131.5
133.33333333333334
135.16666666666666
137.0
137.0
138.0
138.0
138.0
138.0
140.75
140.75
139.25
139.5
139.5
141.25
141.25
138.25
138.25
137.0
137.0
136.25
136.25
136.0
136.0
136.0
136.0
136.0
136.0
134.5
141.25
141.25
141.25
144.25
144.25
144.75
144.75
144.75
138.5
138.5
137.8
137.1
136.4
135.7
135.0
135.0
135.0
135.0
135.0
141.0
141.0
142.0
142.0
142.25
142.25
142.25
142.25
138.25
138.25
138.25
138.5
138.5
138.75
138.75
138.75
139.25
139.25
139.25
140.75
140.75
140.75
146.0
146.75
146.75
147.0
147.0
147.25
146.25
146.25
146.25
143.0
142.25
142.25
142.75
142.75
143.25
144.5
144.5
145.25
145.25
145.25
145.75
145.75
145.75
145.75
145.75
145.75
145.75
138.65
131.55
124.45
117.35
110.25
110.25
110.25
110.25
110.25
110.25
110.25
123.0
123.0
126.25
126.25
127.5
127.5
133.0
133.0
143.0
146.25
146.25
148.25
148.25
149.25
149.25
149.5
149.5
149.5
149.5
149.5
149.5
144.33333333333334
139.16666666666666
134.0
128.83333333333334
123.66666666666667
118.5
118.5
118.5
115.5
115.5
115.75
115.75
116.25
116.25
116.25
116.25
116.25
116.25
117.0
117.0
117.0
117.0
122.75
122.75
122.75
122.0
122.0
122.0
124.75
124.75
126.0
126.0
126.25
126.75
126.75
127.0
127.0
127.0
127.0
124.5
124.5
124.25
124.25
124.25
123.25
123.25
123.25
123.25
123.25
123.25
123.25
123.25
123.25
121.25
121.25
121.25
121.25
120.5
120.5
120.5
120.5
118.5
118.5
118.5
118.5
118.5
118.5
118.5
118.5
118.5
118.5
120.25
120.25
122.75
122.75
123.75
123.75
124.5
124.5
124.5
124.5
124.5
124.5
124.5
124.5
117.5
117.5
113.5
113.5
112.5
112.5
112.25
112.25
112.25
112.25
112.25
112.25
112.25
112.70689655172414
113.16379310344827
113.62068965517241
114.07758620689656
114.53448275862068
114.99137931034483
115.44827586206897
115.90517241379311
116.36206896551724
116.81896551724138
117.27586206896552
117.73275862068965
118.1896551724138
118.64655172413794
119.10344827586206
119.5603448275862
120.01724137931035
120.47413793103448
120.93103448275862
121.38793103448276
121.8448275862069
122.30172413793103
122.75862068965517
123.21551724137932
123.67241379310344
124.12931034482759
124.58620689655173
125.04310344827586
125.5
125.5
124.5
124.5
124.5
124.5
124.75
124.75
124.25
124.25
124.75
124.75
124.75
124.75
124.75
124.75
124.75
124.75
127.75
127.75
128.0
128.0
128.0
125.0
125.0
124.5
124.5
123.9375
123.375
122.8125
122.25
122.25
127.0
127.75
127.75
127.75
130.75
130.75
130.75
132.0
132.0
132.0
132.0
132.0
132.0
132.0
132.0
132.0
133.0
133.0
133.25
133.25
133.25
133.25
133.25
133.25
133.25
133.25
133.25
133.33333333333334
133.41666666666666
133.5
133.58333333333334
133.66666666666666
133.75
133.83333333333334
133.91666666666666
134.0
134.08333333333334
134.16666666666666
134.25
134.33333333333334
134.41666666666666
134.5
134.58333333333334
134.66666666666666
134.75
134.75
134.75
134.75
135.0
135.0
135.0
136.08333333333334
137.16666666666666
138.25
138.25
138.25
138.25
138.25
138.25
138.25
138.25
125.0
125.0
121.0
121.0
119.25
119.25
117.5
117.5
117.5
115.75
115.75
115.25
115.25
113.0
113.0
110.25
110.25
109.5
109.5
109.5
107.25
107.25
107.25
107.25
107.0
107.0
108.5
108.5
108.5
109.25
109.25
112.5
112.5
113.5
113.5
113.5
113.75
113.75
114.5
114.5
114.75
114.75
116.0
116.0
113.75
113.75
113.75
113.75
113.25
113.25
113.25
108.0
108.0
107.0
107.0
107.0
107.0
107.0
111.5
111.5
105.0
105.0
105.0
106.0
106.0
108.25
108.25
108.75
108.75
113.5
113.5
114.75
114.75
112.75
112.75
112.0
112.0
112.0
112.0
112.0
100.5
100.5
109.5
109.5
112.0
112.0
112.75
112.75
108.25
108.25
116.0
116.0
118.75
118.75
119.5
119.5
119.25
119.25
128.25
128.25
130.5
130.5
122.75
122.75
120.5
120.5
120.25
120.25
120.75
120.75
121.0
121.0
121.0
121.0
120.5
120.5
120.25
120.25
126.75
126.75
131.0
131.0
131.25
131.25
131.25
131.25
126.75
126.75
126.0
126.0
126.0
126.0
126.0
123.25
122.0
122.0
123.5
123.5
125.5
125.5
126.5
126.5
126.25
126.25
126.5
126.5
126.5
128.75
128.75
130.5
130.5
132.0
132.0
132.0
132.0
132.25
133.5
133.5
133.5
128.0
128.0
126.25
126.25
126.0
126.0
126.25
126.25
133.5
133.5
136.5
136.5
129.5
129.5
125.5
125.5
128.25
128.25
129.5
129.5
129.75
129.75
129.75
130.25
130.25
129.25
129.25
130.0
130.0
131.5
131.5
129.75
129.75
134.25
136.25
136.25
137.0
137.0
137.0
131.5
131.5
131.25
131.25
131.5
131.5
129.75
129.75
128.75
129.0
129.0
128.75
128.75
128.75
128.75
127.0
127.0
127.0
127.0
126.25
126.25
126.25
126.25
130.75
130.75
131.75
132.25
132.25
133.25
133.25
132.25
132.25
132.75
133.25
133.25
132.75
132.75
133.5
133.5
133.75
133.75
131.75
131.75
131.0
129.75
129.75
129.75
129.75
130.25
130.25
128.0
128.0
128.0
128.0
128.0
128.75
128.75
130.25
131.5
131.5
133.0
133.0
135.5
135.5
137.5
137.5
137.5
137.5
137.25
133.25
133.25
131.5
131.5
131.5
131.75
131.75
132.25
132.25
132.75
132.75
133.75
133.75
131.75
131.75
131.5
131.5
131.5
134.25
133.75
133.75
133.75
131.5
131.5
131.5
133.25
133.25
133.25
133.25
133.25
133.25
131.25
131.5
131.5
131.5
131.5
131.5
131.5
134.0
134.0
135.75
135.75
138.75
138.75
138.75
134.25
134.25
134.25
134.25
134.25
133.5
133.5
133.0
133.0
134.0
134.75
134.75
134.75
134.75
135.25
135.25
135.25
135.25
135.25
135.5
135.5
134.25
134.25
136.0
136.0
133.25
133.25
133.25
133.25
133.25
131.75
131.75
131.25
131.25
131.25
131.25
131.25
135.0
135.0
135.25
135.25
135.0
135.0
135.25
136.25
136.25
136.5
136.75
136.75
136.75
136.75
136.75
136.75
136.75
136.75
127.0
127.0
127.0
128.66666666666666
130.33333333333334
132.0
131.25
131.25
128.25
128.25
128.25
120.25
120.25
118.25
118.25
118.25
118.25
118.25
118.25
118.25
118.25
118.25
119.5
119.5
120.25
120.25
120.25
120.25
120.25
120.25
120.25
131.75
131.75
131.75
129.75
129.75
127.5
124.0
124.0
124.0
124.0
124.0
122.25
122.25
124.75
124.75
123.75
123.75
126.75
126.75
125.5
125.5
125.5
125.5
125.5
126.75
124.5
124.5
124.5
123.25
123.0
123.0
126.5
126.5
128.5
128.5
127.25
127.25
125.0
125.0
125.0
125.0
124.25
124.25
125.75
125.75
127.0
127.0
127.5
127.5
127.75
127.75
128.0
128.0
130.5
130.5
130.5
127.75
127.75
124.0
127.25
127.25
132.5
132.5
130.75
130.75
124.0
124.0
122.5
122.5
125.75
125.75
126.5
126.5
123.25
123.25
119.75
119.75
125.0
125.0
124.25
124.25
124.25
124.25
124.25
124.25
124.25
125.0
125.0
125.25
125.25
123.0
123.0
123.25
123.25
123.0
123.0
126.0
126.0
125.0
125.0
124.0
124.0
122.75
122.75
122.75
122.75
122.75
122.75
122.5
122.5
122.5
122.5
122.5
122.5
122.5
124.0
124.0
124.0
124.0
124.0
124.0
124.0
124.0
124.0
125.5
125.5
125.5
126.0
126.0
126.0
126.0
126.0
126.0
122.75
122.75
123.0
123.0
123.0
119.5
119.5
121.5
121.5
124.75
124.75
126.0
126.0
126.25
126.25
127.0
127.0
127.5
130.5
130.5
131.75
131.75
131.75
128.25
128.25
127.5
127.5
129.75
127.75
127.75
127.0
127.0
128.75
128.75
126.25
126.25
124.75
124.75
124.75
124.75
124.5
124.5
127.25
127.25
126.25
128.25
128.25
128.25
128.25
129.0
129.0
127.5
127.5
132.0
132.0
133.75
132.25
132.25
132.0
132.0
132.0
132.0
132.5
132.5
133.0
133.0
133.0
131.0
131.0
134.75
134.75
134.75
134.5
134.5
127.25
127.25
127.25
126.75
126.75
126.75
128.5
128.5
127.25
127.25
127.25
128.25
128.5
128.5
128.0
128.0
130.5
130.5
129.75
129.75
128.5
128.5
129.0
129.0
129.0
130.75
130.75
129.5
129.5
129.5
129.5
129.5
129.5
128.25
128.25
127.25
127.25
127.25
127.75
127.75
129.5
129.5
128.25
128.25
127.0
127.0
126.0
126.0
126.75
126.75
128.0
128.0
125.0
125.0
123.25
124.75
124.75
123.5
123.5
123.5
123.5
125.5
125.5
125.5
125.5
124.0
124.0
129.0
129.0
129.0
133.0
133.0
133.0
127.75
127.75
127.75
127.75
128.25
128.25
128.0
128.0
128.25
128.25
128.25
130.25
130.25
130.25
130.75
130.75
125.75
125.75
127.0
127.0
129.75
129.75
133.5
133.5
133.5
128.5
128.5
127.75
127.75
124.0
124.0
126.0
126.0
127.25
127.25
129.25
129.25
130.75
130.75
128.75
128.75
128.0
128.0
128.0
128.0
128.5
128.5
128.5
129.0
129.0
129.25
129.25
129.25
129.25
126.75
126.75
126.75
125.75
125.75
125.75
125.75
125.75
125.75
125.0
125.0
125.0
124.75
124.75
124.75
127.0
127.0
127.0
127.0
127.0
127.0
126.25
126.25
126.25
126.25
126.25
126.25
121.0
121.0
118.0
118.0
116.75
116.75
116.5
116.5
116.5
116.5
116.5
118.25
118.75
118.75
119.0
119.0
119.0
119.0
119.0
119.0
117.125
115.25
113.375
111.5
111.5
111.5
123.75
123.75
121.0
121.0
120.75
120.75
123.5
123.5
126.75
126.75
127.25
127.25
125.4375
123.625
121.8125
120.0
120.0
120.0
120.0
128.25
128.25
128.25
129.0
129.0
129.0
124.5
123.25
123.25
123.25
123.0
123.0
124.75
124.75
124.75
123.5
123.5
123.5
123.5
123.5
125.25
125.25
125.25
127.5
127.5
127.25
127.25
126.5
126.5
126.25
126.25
126.25
126.25
126.25
126.25
126.25
126.25
125.5
125.5
124.25
123.75
123.75
123.75
123.0
123.0
123.0
124.25
124.25
122.0
122.0
122.0
122.0
121.25
121.25
122.5
122.5
123.25
123.25
123.25
123.25
123.25
123.25
123.25
123.25
123.25
123.25
123.66666666666667
124.08333333333333
124.5
124.91666666666667
125.33333333333333
125.75
126.16666666666667
126.58333333333333
127.0
127.0
127.0
127.0
127.0
127.0
127.0
127.0
127.0
127.25
127.25
125.75
125.75
126.5
126.5
126.75
126.75
124.75
124.75
121.5
121.5
119.0
119.0
119.0
119.0
124.75
124.75
124.75
126.5
126.5
126.75
126.75
126.75
126.75
126.5
126.25
126.0
126.0
125.5
125.5
127.25
127.25
131.25
131.25
131.25
131.25
129.5
130.5
130.5
130.75
130.75
131.75
131.75
133.25
133.25
132.75
128.0
128.0
128.0
128.0
129.0
129.0
127.0
127.0
127.75
127.75
125.75
125.75
126.75
126.75
127.75
127.75
126.0
124.5
124.5
127.25
127.25
127.25
127.25
127.25
127.25
131.0
131.0
131.0
129.75
129.75
129.75
131.25
130.75
130.75
130.5
130.5
130.0
130.0
127.75
127.75
126.0
126.0
128.25
128.25
125.5
125.5
123.25
123.25
122.75
122.5
122.5
120.5
120.5
122.75
122.75
122.75
122.75
126.25
126.25
126.5
126.5
126.5
126.5
126.5
126.5
128.0
128.0
127.0
128.75
128.75
125.25
125.25
125.5
125.5
125.75
125.75
124.75
124.75
126.0
126.0
126.5
126.5
124.25
124.25
124.25
122.75
122.75
122.75
122.0
122.0
114.75
114.75
114.75
112.0
112.0
112.0
112.0
124.0
124.0
124.25
124.25
127.25
127.25
127.25
129.0
129.0
129.0
129.0
129.0
129.0
130.75
130.75
128.5
128.5
126.5
126.5
125.75
125.75
125.75
125.75
125.75
125.75
125.75
125.75
125.75
125.75
122.5
122.5
122.5
122.5
122.5
122.5
122.5
122.5
118.25
118.25
119.25
119.25
119.75
119.75
118.0
118.0
119.0
119.0
119.0
119.0
124.75
124.75
126.25
126.25
125.5
125.5
125.5
125.5
125.5
125.5
125.5
125.5
125.5
125.5
125.5
125.5
125.5
124.5
123.5
122.5
121.5
120.5
119.5
118.5
117.5
116.5
116.5
116.5
116.5
116.5
116.5
120.0
120.0
120.0
120.0
126.0
126.0
125.75
125.75
122.0
122.0
119.5
119.5
117.75
117.75
117.75
117.0
117.0
117.0
117.0
113.5
113.5
111.5
111.5
111.25
111.25
111.25
111.25
111.25
111.25
113.04166666666667
114.83333333333333
116.625
118.41666666666667
120.20833333333333
122.0
122.0
122.0
122.0
122.0
117.75
117.75
117.75
116.75
116.75
116.75
116.75
118.05
119.35
120.65
121.95
123.25
121.25
121.25
120.25
120.25
120.25
120.25
120.25
120.25
120.25
120.5
122.75
122.75
126.5
126.5
122.5
122.5
122.5
121.0
121.0
121.0
121.0
121.0
121.0
121.0
121.0
120.5
120.5
120.5
120.5
120.5
128.25
136.0
143.75
151.5
159.25
159.25
147.25
135.25
123.25
123.25
123.25
123.25
119.75
119.75
124.5
124.5
121.25
121.25
119.75
119.75
118.5
118.5
119.5
119.5
120.0
120.0
120.0
120.0
120.0
120.0
120.0
120.75
120.75
121.0
121.0
121.0
123.75
123.75
123.75
123.75
127.0
127.0
128.0
128.0
118.25
118.25
118.25
118.25
114.75
114.75
114.75
114.75
113.0
113.0
113.0
109.75
109.75
109.0
109.0
109.0
109.0
109.0
109.0
113.75
113.75
114.75
114.75
114.75
115.25
115.25
115.25
115.25
115.25
115.25
117.08333333333333
118.91666666666667
120.75
120.75
120.25
120.25
121.25
121.25
121.5
121.5
121.5
121.5
121.5
121.5
121.5
121.5
121.75
126.5
126.5
128.25
128.25
128.25
128.25
127.75
127.75
126.25
126.25
123.25
123.25
120.25
120.25
119.25
119.25
119.0
119.0
110.25
110.25
110.25
108.0
108.0
107.5
107.5
107.5
107.5
107.5
107.5
107.5
109.5
109.5
109.5
110.0
110.0
112.25
112.25
115.75
115.75
116.75
116.75
118.5
118.5
119.75
120.0
120.0
120.0
122.75
122.75
124.0
124.0
124.75
124.75
124.75
124.75
126.5
126.5
126.5
126.5
126.5
126.5
126.5
126.5
126.5
139.0
139.0
139.0
148.0
148.0
150.0
150.0
151.25
151.25
150.0
150.0
149.25
149.25
149.25
149.25
149.25
149.25
149.25
149.25
149.40625
149.5625
149.71875
149.875
150.03125
150.1875
150.34375
150.5
150.5
150.5
150.5
150.5
149.25
149.5
149.5
148.75
148.75
149.0
149.0
149.0
149.0
147.25
147.25
147.25
150.0
150.0
151.75
151.75
152.5
152.75
152.75
152.5
152.5
152.5
152.5
153.0
153.0
153.25
151.0
151.0
150.25
150.25
150.0
147.25
147.25
146.25
146.25
146.25
146.25
147.5
148.0
148.0
148.0
148.0
147.5
147.5
147.75
147.75
147.75
145.75
143.75
143.75
141.25
141.25
139.25
139.25
139.75
139.75
139.75
138.5
139.75
139.75
139.75
140.75
140.75
140.75
140.75
140.75
140.75
140.75
139.75
139.75
139.5
139.5
139.5
139.5
139.5
139.5
139.5
139.5
139.5
139.5
139.5
139.5
139.5
139.5
139.5
139.5
139.5
142.0
142.0
143.25
143.25
143.25
143.75
143.75
143.75
143.75
143.75
143.75
143.75
143.75
137.25
130.75
124.25
117.75
111.25
104.75
98.25
98.25
98.25
98.25
98.25
98.25
98.25
100.25
102.25
104.25
106.25
108.25
110.25
110.25
106.0
106.0
106.0
106.0
106.0
113.25
113.25
113.25
112.0
112.0
109.0
109.0
110.75
110.75
110.75
111.5
111.5
111.5
111.5
108.75
108.75
112.75
112.75
115.5
115.5
116.25
116.25
116.25
116.5
116.5
116.5
116.5
109.25
109.25
109.25
109.25
109.25
109.25
103.5
103.5
101.0
101.0
101.0
100.25
100.25
110.0
110.0
114.25
114.25
121.5
121.5
121.5
121.5
124.25
124.25
124.25
126.5
126.5
120.75
120.75
120.75
120.75
116.25
116.25
116.25
116.25
113.0
113.0
111.75
111.75
112.0
112.0
112.0
114.25
115.25
115.25
115.25
119.5
119.5
119.5
119.5
119.5
119.0
119.0
119.0
119.0
119.0
122.0
122.0
125.75
125.75
125.0
125.0
123.25
123.25
122.25
122.25
121.5
121.5
121.25
121.25
115.5
115.5
115.5
115.5
116.5
116.5
117.25
117.25
117.25
118.0
118.0
118.25
118.25
118.25
118.25
118.25
118.25
118.25
118.25
120.66071428571429
123.07142857142857
125.48214285714286
127.89285714285714
130.30357142857142
132.71428571428572
135.125
137.53571428571428
139.94642857142858
142.35714285714286
144.76785714285714
147.17857142857142
149.58928571428572
152.0
151.0
151.0
151.5
151.5
150.25
148.5
148.5
149.5
149.5
137.25
137.25
128.75
127.0
127.0
137.5
141.0
141.0
142.5
142.5
142.5
143.5
143.5
144.75
144.75
145.5
146.0
146.0
146.0
146.0
143.5
144.75
144.75
145.5
145.5
146.5
147.75
147.75
148.5
148.5
147.75
145.0
145.0
143.25
143.25
141.0
138.5
138.5
137.0
137.0
136.75
136.75
138.0
139.5
139.5
140.5
140.5
141.0
141.0
141.0
138.75
138.75
138.75
137.5
137.5
136.25
136.25
135.25
135.25
135.25
134.25
134.25
134.0
134.0
134.0
131.5
131.5
131.5
131.5
131.5
131.5
128.5
128.5
128.25
128.25
128.75
128.75
129.5
129.5
129.75
129.75
130.0
130.0
131.5
131.5
131.75
132.25
132.25
132.25
132.25
132.5
132.5
132.5
131.75
131.75
131.75
131.75
132.5
132.5
131.5
131.5
131.0
131.0
132.0
132.75
132.75
132.75
132.5
133.75
133.75
134.25
134.25
134.5
134.0
134.0
134.0
134.0
134.0
134.0
138.25
138.25
138.25
141.75
142.25
142.25
142.5
142.5
142.5
142.5
142.5
142.5
142.5
142.5
153.0
153.0
157.5
157.5
160.0
160.0
160.5
160.75
160.75
160.75
161.25
161.25
160.75
160.75
161.25
161.25
161.25
161.25
159.75
159.0
159.0
159.0
153.75
153.75
149.5
149.5
142.75
142.75
136.75
136.75
128.25
128.25
123.75
123.75
118.5
118.5
116.75
116.75
116.75
116.5
116.5
116.5
116.5
116.5
116.5
117.75
117.75
117.75
117.75
117.75
117.75
116.25
116.25
116.25
116.25
116.25
116.25
116.25
116.25
116.25
108.0
108.0
107.25
107.25
108.75
108.75
109.75
109.75
110.25
110.25
110.25
110.25
110.25
110.25
110.25
110.25
110.25
110.25
109.671875
109.09375
108.515625
107.9375
107.359375
106.78125
106.203125
105.625
105.046875
104.46875
103.890625
103.3125
102.734375
102.15625
101.578125
101.0
101.0
101.0
101.0
107.5
107.5
109.25
109.25
109.25
109.25
115.0
115.0
115.5
115.5
115.75
115.75
115.75
111.75
111.75
113.75
113.75
114.25
114.25
116.0
116.0
114.75
114.75
115.25
115.25
114.25
114.25
114.25
109.5
109.5
109.5
109.5
108.25
108.25
109.75
109.75
109.0
109.0
109.0
109.5
109.5
110.25
110.25
109.5
109.5
109.5
109.5
109.75
109.75
109.75
109.75
109.75
115.0
115.0
114.3125
113.625
112.9375
112.25
111.5625
110.875
110.1875
109.5
109.5
111.75
111.75
112.5
112.5
114.25
114.25
113.90625
113.5625
113.21875
112.875
112.53125
112.1875
111.84375
111.5
111.15625
110.8125
110.46875
110.125
109.78125
109.4375
109.09375
108.75
108.40625
108.0625
107.71875
107.375
107.03125
106.6875
106.34375
106.0
105.65625
105.3125
104.96875
104.625
104.28125
103.9375
103.59375
103.25
102.90625
102.5625
102.21875
101.875
101.53125
101.1875
100.84375
100.5
100.5
91.75
91.75
91.75
88.5
88.5
87.75
87.75
87.75
91.20454545454545
94.6590909090909
98.11363636363636
101.56818181818181
105.02272727272727
108.47727272727273
111.93181818181819
115.38636363636364
118.8409090909091
122.29545454545455
125.75
125.75
126.25
126.25
126.25
126.25
124.0
123.5
123.5
123.5
120.25
120.25
120.25
120.25
120.25
120.25
118.0
118.0
116.0
116.0
116.0
115.75
115.75
115.75
115.75
115.75
115.75
115.75
115.0
115.0
115.25
115.25
119.75
119.75
121.5
121.5
122.5
122.5
123.5
121.75
121.75
121.75
121.0
120.0
120.0
118.0
118.0
117.5
117.5
117.5
116.25
116.25
116.75
116.75
116.75
116.75
117.0
117.0
117.5
117.5
119.0
119.0
121.0
121.0
122.5
122.75
122.75
122.75
123.0
123.0
123.25
123.25
123.25
123.25
123.25
124.0
124.0
124.25
124.25
123.75
123.75
125.0
125.0
127.25
127.25
130.75
130.75
132.25
132.25
131.5
131.5
128.75
128.75
123.5
123.5
120.5
120.5
118.75
118.75
119.25
119.25
119.5
119.5
119.5
118.25
118.25
120.5
120.5
120.0
120.0
119.5
119.5
119.0
119.0
118.0
118.0
118.5
118.5
119.5
119.5
122.75
122.75
124.0
124.0
125.25
125.25
125.5
125.5
125.5
125.5
126.5
126.5
126.75
126.75
126.75
126.75
126.75
126.5
126.5
123.75
121.0
121.0
119.0
119.0
119.0
119.0
119.0
118.25
119.25
119.25
121.5
121.5
124.5
124.5
124.5
124.75
125.25
125.25
125.75
125.75
126.0
126.0
126.75
126.75
126.25
126.25
127.25
128.75
128.75
130.75
130.75
133.0
133.0
133.0
145.25
145.25
146.25
145.25
145.25
144.75
144.75
142.25
142.25
139.0
137.0
137.0
135.5
135.5
134.0
134.0
132.75
132.75
132.25
131.75
131.75
132.25
132.25
134.25
134.25
134.5
134.5
134.5
133.5
133.5
131.5
131.5
131.5
130.75
130.75
130.75
130.75
130.75
130.75
130.75
130.75
130.75
130.75
116.25
101.75
87.25
87.25
87.25
87.25
87.25
76.75
76.75
76.75
74.25
74.25
74.25
74.25
74.25
74.8
75.35
75.9
76.45
77.0
77.55
78.1
78.65
79.2
79.75
80.3
80.85
81.4
81.95
82.5
82.5
82.5
82.5
82.5
83.0
83.0
83.0
87.25
87.25
87.75
87.75
87.75
87.75
87.75
87.75
87.75
89.0
89.0
89.0
80.25
80.25
80.25
77.0
77.0
77.0
77.0
77.0
77.0
77.0
77.0
78.31521739130434
79.6304347826087
80.94565217391305
82.26086956521739
83.57608695652173
84.8913043478261
86.20652173913044
87.52173913043478
88.83695652173913
90.15217391304348
91.46739130434783
92.78260869565217
94.09782608695652
95.41304347826087
96.72826086956522
98.04347826086956
99.35869565217392
100.67391304347827
101.98913043478261
103.30434782608695
104.61956521739131
105.93478260869566
107.25
107.25
107.5
107.5
108.25
108.25
110.0
110.0
112.75
112.75
115.75
115.75
115.75
115.75
115.75
119.5
119.5
119.75
119.75
119.0
119.0
117.25
117.25
115.0
115.0
115.0
115.0
115.0
115.0
115.0
117.75
117.75
119.25
119.25
120.5
120.5
121.5
121.5
121.5
121.5
123.25
123.25
126.25
126.25
127.5
127.5
132.5
135.75
135.75
135.75
138.25
139.5
139.5
140.0
140.0
140.0
140.5
140.5
140.5
142.5
142.5
145.5
145.5
144.5
144.5
143.0
140.5
140.5
139.75
139.75
142.5
142.0
142.0
142.0
140.5
140.5
139.5
139.5
137.75
135.75
135.75
135.75
135.25
136.0
136.0
136.5
136.0
136.0
133.25
133.25
129.75
129.75
127.0
127.0
124.5
124.5
123.75
123.75
124.0
124.0
124.25
124.25
126.0
126.0
126.25
126.25
126.0
126.0
124.5
124.5
121.75
121.75
120.5
120.5
119.5
119.5
117.25
117.25
116.25
116.25
114.0
114.0
111.0
111.0
109.75
109.75
109.75
103.0
103.0
95.75
95.75
94.75
94.75
94.75
94.75
94.75
94.75
94.75
104.25
104.25
104.25
111.0
111.0
114.0
114.0
121.25
121.25
123.5
123.5
125.5
125.5
127.0
127.0
127.75
127.0
127.0
125.25
125.25
124.25
124.25
124.25
124.25
123.25
123.25
123.25
119.75
119.75
119.25
119.25
119.25
119.25
120.5
120.5
120.5
120.5
121.0
121.0
121.0
121.0
121.5
121.5
121.5
122.0
122.0
118.75
118.75
119.0
119.0
117.75
117.75
114.0
114.0
113.0
113.0
118.5
118.5
120.5
120.5
122.0
122.0
122.25
122.25
120.75
120.75
120.75
118.75
118.75
116.25
116.25
114.0
114.0
113.5
113.5
113.5
113.5
119.25
121.25
121.25
121.25
123.75
124.25
124.25
124.25
124.25
123.75
123.75
123.75
123.75
123.0
123.0
123.25
123.25
125.0
125.0
124.75
124.75
125.25
125.25
125.5
125.5
127.75
127.75
128.0
128.0
127.25
127.25
127.25
127.25
127.5
127.5
127.75
127.75
126.5
126.5
126.5
126.5
126.0
126.0
127.25
127.25
127.75
127.75
127.75
127.25
127.25
126.25
126.25
123.75
123.75
121.0
121.0
121.0
121.0
120.0
120.0
119.5
119.5
119.5
119.5
119.5
117.75
122.0
122.0
123.5
123.5
124.0
124.0
124.25
124.25
124.25
124.25
120.35
116.45
112.55
108.65
104.75
100.85
96.95
93.05
89.15
85.25
85.25
85.25
79.25
79.25
79.25
78.75
78.75
78.75
78.75
78.75
78.75
73.0
73.0
73.0
72.75
72.75
72.75
76.5
76.5
76.5
76.75
76.75
76.75
76.75
76.75
76.75
76.75
72.75
72.75
72.75
72.75
72.75
72.75
72.75
72.75
72.75
72.75
71.75
71.75
71.75
71.75
71.75
71.75
71.75
71.625
71.5
71.375
71.25
71.25
71.25
71.25
71.25
71.0
71.0
71.0
71.0
71.0
69.25
69.25
69.25
69.25
69.5
69.5
69.5
69.5
67.5
67.5
67.5
67.5
67.5
67.5
67.5
67.75
67.75
67.75
68.25
68.25
68.25
68.25
68.25
68.25
68.25
68.25
68.25
68.25
69.1875
70.125
71.0625
72.0
72.0
72.0
72.0
72.0
72.0
72.0
72.0
72.0
73.29
74.58
75.87
77.16
78.45
79.74
81.03
82.32
83.61
84.9
86.19
87.48
88.77
90.06
91.35
92.64
93.93
95.22
96.51
97.8
99.09
100.38
101.67
102.96000000000001
104.25
104.25
104.25
104.25
108.75
108.75
108.75
115.5
115.5
119.0
121.75
121.75
123.0
123.0
124.5
124.5
127.5
127.5
130.75
130.75
131.75
140.75
140.75
143.5
143.5
144.25
144.25
143.25
142.75
142.75
142.0
142.0
142.0
142.0
142.0
143.0
143.0
143.0
144.0
144.0
144.5
144.5
144.75
145.25
145.25
145.5
145.5
145.25
144.25
144.25
144.0
144.0
144.0
144.0
144.0
143.75
143.25
143.25
142.75
142.75
141.75
141.25
141.25
139.75
139.75
137.5
137.5
136.75
136.75
136.75
135.5
135.5
134.75
133.75
133.75
133.25
133.25
133.25
133.25
133.75
133.75
133.75
133.75
133.75
132.75
132.75
132.75
132.75
133.25
133.25
133.5
133.5
133.5
134.0
134.0
134.25
134.25
133.5
133.5
132.0
132.0
128.75
128.75
127.75
127.75
128.0
129.75
129.75
131.5
131.5
133.0
133.0
135.0
135.0
135.0
134.25
134.25
134.25
129.75
129.75
129.75
129.25
129.25
129.25
129.5
129.5
129.75
129.75
130.25
130.25
131.5
131.5
132.5
132.75
132.75
133.75
133.75
134.75
134.75
135.25
135.25
134.25
133.5
133.5
132.25
132.25
131.25
131.25
130.75
130.75
130.5
130.5
130.5
131.0
131.0
131.75
131.75
132.5
132.5
132.25
132.25
131.0
131.0
129.0
128.0
128.0
126.25
126.25
124.75
124.75
123.5
123.5
123.25
123.25
123.0
123.0
123.0
123.0
123.0
123.0
123.0
125.75
125.75
125.75
126.75
126.75
125.25
124.75
124.75
124.75
124.75
124.75
123.0
122.25
122.25
122.25
122.25
125.5
125.5
128.0
128.0
129.25
129.25
130.75
130.75
131.0
131.0
131.25
131.25
131.25
131.25
131.125
131.0
131.0
128.75
128.75
128.25
128.25
128.25
128.25
128.25
128.25
128.25
128.25
128.25
128.25
128.25
128.25
128.25
130.83333333333334
133.41666666666666
136.0
135.75
135.75
136.0
136.0
136.25
136.25
138.75
141.25
143.75
143.75
144.75
144.75
145.0
145.0
145.0
145.0
145.0
121.25
121.25
123.0
125.0
125.0
123.75
123.75
124.0
124.0
124.0
124.0
123.5
123.5
123.5
123.5
124.0
124.0
124.0
124.0
125.0
125.0
122.25
122.25
122.5
122.5
122.5
122.75
122.75
122.75
122.75
122.75
122.75
125.0
125.0
127.0
127.0
126.75
127.5
127.5
128.75
128.75
128.5
128.5
127.0
127.0
126.75
126.75
126.5
126.5
127.5
127.5
127.0
126.75
126.75
127.75
127.75
128.0
128.0
127.5
127.5
127.5
127.75
128.5
128.5
130.25
130.25
130.25
131.25
131.25
130.25
130.25
128.0
128.0
125.5
125.5
132.75
132.75
133.25
133.25
131.0
130.0
130.0
125.5
125.5
123.25
123.25
121.5
121.5
122.25
122.25
123.0
123.0
123.0
123.0
123.25
123.25
123.5
123.5
125.25
125.25
125.25
125.75
125.75
125.75
125.75
128.5
128.5
129.75
129.75
129.5
129.5
130.0
130.0
127.75
127.75
127.75
123.5
123.5
122.75
122.75
122.25
122.25
122.25
122.25
118.0
118.0
118.0
118.0
118.25
118.25
119.25
119.25
119.75
119.75
119.75
119.75
120.0
120.0
120.0
139.5
141.0
141.0
141.0
141.5
141.75
141.75
141.75
141.75
141.75
141.75
141.75
141.75
142.66666666666666
143.58333333333334
144.5
144.5
144.5
144.5
144.5
144.5
129.25
129.25
122.75
122.75
123.5
123.5
122.5
122.5
123.25
123.25
125.0
125.0
126.5
126.5
127.5
128.5
128.5
128.75
128.75
127.5
127.5
127.5
131.25
131.25
131.25
131.25
131.75
131.75
131.75
131.75
131.75
131.75
131.75
131.75
131.75
129.3
126.85
124.4
121.95
119.5
119.5
121.25
121.25
121.75
121.75
121.75
131.5
131.5
131.5
122.5
122.5
121.5
121.5
121.5
121.5
121.5
121.5
121.5
121.5
121.5
122.86842105263158
124.23684210526316
125.60526315789474
126.97368421052632
128.3421052631579
129.71052631578948
131.07894736842104
132.44736842105263
133.81578947368422
135.18421052631578
136.55263157894737
137.92105263157896
139.28947368421052
140.6578947368421
142.02631578947367
143.39473684210526
144.76315789473685
146.1315789473684
147.5
147.5
147.5
148.0
148.0
145.0
145.0
143.25
143.25
141.5
139.25
139.25
136.5
136.5
136.5
136.0
136.0
136.0
136.0
136.0
136.0
136.0
136.0
136.0
120.5
120.5
117.5
117.5
116.5
116.5
116.5
116.5
115.0
115.0
116.75
116.75
120.0
120.0
120.0
120.75
120.75
124.25
124.25
126.25
126.25
124.5
124.5
121.25
121.25
118.25
118.25
117.25
117.25
117.0
117.0
119.25
119.25
124.75
124.75
126.75
126.0
126.0
126.5
126.5
126.5
126.5
130.25
130.25
130.5
130.5
132.0
131.75
131.75
131.75
131.75
127.25
127.25
123.75
123.75
123.0
123.0
123.0
123.0
115.25
115.25
115.0
115.0
115.0
115.0
115.0
115.0
115.0
115.0
115.0
117.25
117.25
117.25
117.25
117.0
117.0
117.0
117.0
117.0
117.0
119.0
119.0
117.75
117.75
116.5
116.5
116.5
115.75
115.75
115.0
115.0
115.0
115.0
115.25
115.25
115.25
115.25
111.25
111.25
111.25
111.25
111.25
115.0
115.0
116.0
116.0
117.25
117.25
117.25
117.25
117.25
117.25
117.25
117.25
109.25
109.25
109.25
105.25
105.25
104.75
104.75
104.75
99.5
99.5
99.5
99.25
99.25
99.25
99.25
99.25
118.25
118.25
118.25
120.75
120.75
119.25
119.25
117.75
117.75
125.75
125.75
128.5
128.5
128.5
124.5
124.5
123.5
123.5
123.5
123.0
123.0
123.0
123.0
123.0
123.0
123.0
123.0
115.25
115.25
120.75
120.75
120.75
121.5
121.75
121.75
121.75
121.75
121.75
121.75
121.75
121.75
121.75
121.75
121.75
121.75
121.75
121.75
121.75
121.75
121.75
127.91666666666667
134.08333333333334
140.25
146.41666666666666
152.58333333333334
158.75
158.75
158.75
155.75
155.75
155.25
155.25
155.0
154.75
154.75
154.75
155.75
155.75
156.0
156.0
154.75
154.75
154.75
154.75
154.75
154.75
153.5
152.75
152.75
151.75
151.75
151.75
150.0
149.5
149.5
149.0
148.25
148.25
148.25
150.5
151.0
151.0
151.25
151.5
151.5
152.0
152.0
151.75
151.25
151.25
151.25
151.0
151.0
151.0
153.0
153.0
153.0
151.5
151.5
151.5
151.5
148.25
148.25
148.25
143.5
143.5
143.0
143.0
142.5
142.0
142.0
142.0
142.0
142.0
142.0
142.0
142.0
142.0
142.0
142.0
143.17857142857142
144.35714285714286
145.53571428571428
146.71428571428572
147.89285714285714
149.07142857142858
150.25
150.25
150.25
152.75
152.75
151.0
151.0
153.0
151.75
151.75
150.25
149.25
149.25
149.25
148.75
148.75
149.75
149.75
149.75
150.0
150.0
147.75
147.75
146.5
146.5
146.25
146.25
146.25
146.25
146.25
146.25
146.25
146.25
145.59
144.93
144.27
143.61
142.95
142.29
141.63
140.97
140.31
139.65
138.99
138.33
137.67
137.01
136.35
135.69
135.03
134.37
133.71
133.05
132.39
131.73
131.07
130.41
129.75
129.75
129.75
129.75
128.25
128.25
128.25
128.25
128.25
128.25
128.25
128.25
128.25
128.25
128.25
128.25
128.15
128.05
127.95
127.85
127.75
127.65
127.55
127.45
127.35
127.25
127.15
127.05
126.95
126.85
126.75
126.65
126.55
126.45
126.35
126.25
126.25
127.75
127.75
127.0
127.0
126.5
126.5
128.25
128.25
129.0
129.25
129.25
129.25
129.25
129.25
129.25
129.25
129.25
128.9090909090909
128.5681818181818
128.22727272727272
127.88636363636364
127.54545454545455
127.20454545454545
126.86363636363636
126.52272727272727
126.18181818181819
125.8409090909091
125.5
125.5
124.75
124.75
123.25
123.25
123.0
123.0
123.0
123.0
123.0
123.0
124.625
126.25
127.875
129.5
129.5
130.0
130.0
131.75
131.75
131.75
127.0
127.0
124.5
124.5
129.5
129.5
132.0
137.25
137.25
140.75
140.75
143.25
143.25
144.25
144.25
145.75
145.75
145.0
145.0
146.25
146.75
146.75
147.25
147.25
147.0
147.0
147.0
147.0
147.25
147.25
146.25
147.0
147.0
147.25
147.25
147.5
147.5
147.5
147.75
147.75
148.0
148.0
147.0
146.5
146.5
146.0
146.25
146.25
146.25
146.25
146.25
146.25
146.0
145.0
145.0
144.5
144.5
145.0
145.0
145.0
145.0
146.0
147.0
147.0
148.75
148.75
149.75
149.75
151.25
151.25
152.0
152.0
150.5
150.5
149.75
150.25
150.25
150.5
150.5
150.5
147.25
147.25
147.25
147.25
147.5
148.25
148.25
148.25
149.5
149.5
150.5
150.5
150.5
151.75
151.75
153.25
153.5
153.5
153.25
153.25
153.25
153.5
153.5
153.5
153.0
153.5
153.5
153.75
153.75
154.75
155.75
155.75
156.25
157.0
157.0
158.25
158.25
160.5
160.5
161.25
161.25
161.25
160.75
160.75
160.5
160.0
160.0
159.0
157.75
157.75
157.5
157.25
157.25
157.25
156.75
156.75
156.75
157.0
157.0
157.5
157.75
157.75
158.25
158.5
158.5
158.75
159.0
159.0
159.0
158.75
158.75
158.25
158.25
157.75
157.0
157.0
156.5
155.75
155.75
155.75
156.0
156.5
156.5
156.5
159.0
160.0
160.0
160.0
159.25
159.25
159.25
159.25
159.25
159.25
159.25
159.25
159.25
159.25
159.25
156.5
156.5
156.5
155.5
155.5
154.25
154.25
154.25
154.25
154.5
154.25
154.25
154.5
154.5
154.5
154.5
154.5
154.0
152.75
152.75
151.75
151.75
151.5
151.5
151.5
151.5
151.5
156.0
156.0
156.5
156.5
156.75
156.75
156.75
156.75
156.75
156.75
156.75
156.75
153.75
153.75
153.0
153.0
153.0
153.0
153.0
150.5
148.0
145.5
145.5
145.5
144.0
144.0
144.0
144.0
144.0
144.0
144.0
144.0
143.70454545454547
143.4090909090909
143.11363636363637
142.8181818181818
142.52272727272728
142.22727272727272
141.9318181818182
141.63636363636363
141.3409090909091
141.04545454545453
140.75
140.45454545454547
140.1590909090909
139.86363636363637
139.5681818181818
139.27272727272728
138.97727272727272
138.6818181818182
138.38636363636363
138.0909090909091
137.79545454545453
137.5
137.5
137.5
137.5
137.5
137.5
137.5
140.5
140.5
144.25
144.25
144.25
145.0
145.0
145.0
145.0
145.0
145.0
148.5
152.0
155.5
155.5
157.25
157.25
157.75
157.75
157.75
157.75
157.75
157.75
157.75
157.75
146.75
135.75
124.75
124.75
122.25
122.25
122.25
122.25
122.5
122.5
122.5
122.5
122.5
122.5
122.5
122.5
122.5
122.5
122.5
123.33333333333333
124.16666666666667
125.0
125.0
125.0
122.0
122.0
115.25
115.25
112.25
113.75
113.75
113.75
114.5
114.5
114.5
114.5
114.75
114.75
114.75
114.75
117.45
120.15
122.85
125.55
128.25
128.25
128.25
128.25
128.25
128.25
128.25
128.25
128.25
128.25
128.25
125.16666666666667
122.08333333333333
119.0
119.0
116.25
116.25
114.5
114.5
114.5
113.5
113.5
112.75
112.75
114.75
114.75
118.5
118.5
119.5
119.5
121.25
121.25
121.75
121.75
121.75
121.75
121.75
122.0
122.0
122.0
123.5
123.5
126.25
126.25
126.75
126.75
126.75
124.75
124.75
123.75
123.75
123.25
123.25
123.25
123.25
123.25
123.25
123.25
125.0
127.75
127.75
127.75
127.75
128.75
128.75
129.75
129.75
128.25
128.25
126.25
126.25
127.0
127.0
124.25
124.25
125.0
125.0
126.0
126.0
125.0
125.0
122.5
122.5
123.25
123.25
123.25
123.5
123.5
123.5
123.5
131.0
131.0
129.25
127.5
125.75
125.75
122.75
122.75
123.13888888888889
123.52777777777777
123.91666666666667
124.30555555555556
124.69444444444444
125.08333333333333
125.47222222222223
125.86111111111111
126.25
126.25
128.70454545454547
131.1590909090909
133.61363636363637
136.0681818181818
138.52272727272728
140.97727272727272
143.4318181818182
145.88636363636363
148.3409090909091
150.79545454545453
153.25
153.5
153.5
154.25
154.75
154.75
155.5
156.0
156.0
156.5
157.25
157.25
158.0
158.75
158.75
159.25
159.25
159.25
159.75
159.75
160.0
160.0
159.75
159.5
159.5
159.0
158.5
158.5
158.5
158.0
158.0
158.0
158.0
158.5
158.5
158.5
159.25
159.5
159.5
159.5
159.5
159.0
158.5
158.5
158.25
158.0
158.0
157.5
156.5
156.5
155.5
153.75
153.75
151.5
150.25
150.25
148.25
148.25
145.5
145.5
142.5
142.5
139.5
136.5
136.5
134.5
134.5
133.25
133.25
133.25
133.25
133.25
133.5
133.5
134.5
134.5
134.5
134.5
134.25
134.5
134.5
136.0
136.0
137.75
137.75
139.25
140.25
140.25
141.25
141.25
141.25
140.25
140.25
140.5
140.5
140.5
138.75
138.75
140.5
140.5
142.5
144.25
144.25
146.25
146.25
146.5
148.25
148.25
149.75
149.75
150.75
150.75
150.75
150.75
149.75
149.75
148.25
148.0
148.0
148.0
148.0
149.0
149.75
149.75
150.5
151.25
151.25
152.25
153.25
153.25
154.0
154.0
155.0
156.0
156.0
155.25
155.25
153.0
153.0
152.25
151.75
151.75
151.75
151.75
153.0
153.0
153.0
153.5
153.5
153.0
152.25
152.25
151.75
151.75
151.75
151.75
151.75
151.5
151.0
151.0
150.75
150.75
151.25
152.25
152.25
153.25
153.25
154.0
154.0
154.0
153.5
153.5
153.0
153.0
151.0
151.0
150.75
150.75
150.25
149.25
149.25
148.0
148.0
147.5
147.5
147.5
147.5
147.5
146.5
146.75
146.75
147.5
148.75
148.75
149.5
149.5
149.75
150.25
150.25
150.5
150.5
151.0
151.25
151.25
151.75
152.5
152.5
153.0
154.25
154.25
155.75
155.75
157.0
157.0
157.25
157.25
157.5
157.5
157.5
157.5
160.75
161.75
161.75
165.5
165.5
164.75
164.75
163.0
163.0
161.0
161.0
160.75
160.75
159.5
159.5
159.25
159.25
159.25
153.0
153.0
149.75
147.8
145.85
143.9
141.95
140.0
138.05
136.1
134.15
132.2
130.25
130.25
130.25
130.25
130.25
130.25
130.25
130.25
130.25
130.25
128.2
126.15
124.1
122.05
120.0
117.95
115.9
113.85
111.8
109.75
107.7
105.65
103.60000000000001
101.55
99.5
99.5
107.25
107.25
107.25
105.5
105.5
108.5
108.5
108.5
109.5
109.5
113.0
113.0
115.0
115.0
115.25
115.25
122.5
122.5
121.0
121.0
121.75
121.75
122.0
122.0
120.25
120.25
120.25
120.25
120.0
120.0
113.0
113.0
113.0
112.03571428571429
111.07142857142857
110.10714285714286
109.14285714285714
108.17857142857143
107.21428571428571
106.25
106.25
106.25
106.25
98.5
98.5
102.0
102.0
102.0
102.0
102.75
102.75
102.75
102.75
102.75
102.75
102.75
108.6875
114.625
120.5625
126.5
126.75
126.75
127.5
127.5
127.75
127.75
128.0
128.0
129.25
129.25
130.0
130.0
130.5
131.25
131.25
130.75
130.75
130.5
130.5
131.0
131.0
131.5
132.5
132.5
132.5
132.5
133.25
133.25
136.75
136.75
135.0
134.5
134.5
134.5
134.5
134.25
134.25
130.25
130.25
130.25
129.75
129.75
133.5
133.5
132.5
132.5
131.75
131.75
131.75
131.75
131.75
131.75
131.75
120.91666666666667
110.08333333333333
99.25
99.25
99.75
99.75
99.75
99.75
99.75
99.75
99.75
99.75
99.75
101.5
101.5
101.75
101.75
101.75
103.0
103.0
111.0
111.0
111.0
116.0
116.0
118.0
118.0
120.5
120.5
120.5
126.5
126.5
126.5
127.75
127.75
129.5
129.5
134.0
140.25
140.25
140.25
150.25
152.0
152.0
154.25
156.25
156.25
158.0
158.0
160.0
161.25
161.25
161.75
162.5
162.5
163.0
163.0
162.5
162.5
162.75
162.75
162.75
162.25
162.25
163.0
163.0
163.75
164.0
164.0
164.0
164.0
164.0
165.5
165.5
166.75
166.75
168.75
168.75
169.0
169.0
169.0
168.25
168.25
167.0
167.0
166.0
165.25
165.25
163.25
163.25
161.25
160.0
160.0
158.5
158.5
158.25
158.0
158.0
157.75
157.0
157.0
157.0
157.0
157.5
158.5
158.5
158.5
158.5
160.5
160.75
160.75
160.5
160.5
158.25
158.25
158.25
156.5
156.5
156.5
156.75
157.25
157.25
157.75
157.75
160.0
159.25
159.25
159.25
160.25
160.25
160.75
161.5
161.5
161.75
161.75
160.25
160.25
159.25
158.25
158.25
157.0
156.0
156.0
155.25
153.5
153.5
151.5
151.5
149.25
148.25
148.25
148.75
148.75
150.0
150.0
152.5
153.75
153.75
155.5
155.5
157.0
158.0
158.0
159.5
159.5
160.0
160.5
160.5
161.5
162.25
162.25
162.5
161.75
161.75
160.25
159.0
159.0
157.25
157.25
155.75
154.75
154.75
154.25
154.75
154.75
154.25
155.5
155.5
156.75
156.75
159.5
159.5
161.75
162.25
162.25
161.75
161.75
160.25
160.25
161.25
161.25
161.0
158.5
158.5
158.75
157.25
157.25
155.5
155.5
153.0
153.0
153.0
152.0
151.5
151.5
150.25
150.25
148.75
148.75
147.75
147.75
147.75
153.0
153.0
153.25
153.25
154.0
154.5
154.5
154.75
155.0
155.0
155.0
157.25
157.75
157.75
158.25
157.5
157.5
157.0
157.0
156.75
156.75
156.75
156.0
156.0
156.0
156.0
156.0
152.75
152.25
152.25
152.25
152.25
152.25
151.5
151.5
151.5
151.5
151.5
151.5
153.25
153.25
153.25
153.5
153.5
153.5
154.0
154.0
155.0
155.0
154.5
154.5
154.75
154.75
154.75
153.5
153.5
151.75
150.75
150.75
150.75
151.5
151.5
151.75
151.75
151.0
150.5
150.5
150.0
149.5
149.5
147.0
147.0
143.5
143.5
141.25
140.75
140.75
139.5
139.5
138.5
138.0
138.0
138.0
138.0
138.0
138.75
138.25
138.25
138.25
138.25
137.25
137.25
135.75
135.75
133.5
133.5
133.0
133.5
133.5
133.5
134.0
130.0
130.0
127.5
127.5
126.5
126.5
126.5
126.5
126.5
126.5
126.5
126.5
128.25
128.25
128.25
128.25
128.25
128.25
128.25
128.25
128.25
128.25
128.25
128.0
128.0
128.0
128.0
128.75
128.75
129.25
129.25
129.25
128.25
128.25
127.25
127.25
126.75
126.75
126.75
126.75
127.25
127.25
127.5
127.5
129.75
132.0
132.0
134.25
134.25
136.5
138.25
138.25
139.75
139.75
140.5
140.5
140.5
141.0
141.0
142.0
142.0
142.75
144.5
144.5
145.0
145.75
145.75
146.0
146.0
145.75
146.0
146.0
148.25
148.25
150.0
150.0
150.75
150.75
150.75
151.5
151.5
153.0
153.0
153.5
153.5
154.5
154.5
156.0
156.0
156.0
156.0
154.5
154.5
154.5
155.25
155.75
155.75
156.25
157.5
157.5
159.0
160.25
160.25
162.25
162.25
163.5
163.5
165.0
165.0
165.5
165.5
166.5
166.5
165.75
165.75
166.0
166.0
163.75
163.75
161.5
160.0
160.0
158.25
156.75
156.75
155.5
155.5
154.5
154.5
154.0
153.0
153.0
152.5
152.5
152.5
152.75
152.25
152.25
152.0
152.0
151.25
150.5
150.5
149.5
149.0
149.0
147.5
147.5
146.25
145.25
145.25
143.75
143.75
142.5
142.5
141.5
141.5
139.5
138.75
138.75
138.75
138.75
138.75
139.25
139.25
139.25
139.25
138.5
138.5
139.25
139.75
139.75
140.0
140.0
140.0
140.0
139.5
140.25
140.25
142.25
142.25
144.25
144.25
144.25
144.25
143.75
143.5
143.5
143.75
143.75
145.0
145.5
145.5
145.5
145.5
145.25
144.75
144.75
144.75
145.5
145.5
146.0
146.0
146.75
148.5
148.5
148.5
149.5
150.0
150.0
150.0
150.0
150.0
149.5
149.5
149.25
149.25
149.75
149.75
149.0
147.25
147.25
147.0
147.0
147.0
149.5
149.5
150.75
151.75
151.75
152.5
152.5
153.25
153.25
153.0
153.0
151.25
149.0
149.0
147.75
147.75
147.75
147.25
147.25
147.5
147.5
144.75
144.75
145.5
145.5
145.75
145.75
144.75
144.75
144.25
142.75
142.75
142.75
142.5
142.5
142.75
142.75
141.5
141.5
140.5
140.5
139.5
139.5
139.5
139.5
139.5
139.5
136.0
135.25
135.25
133.75
133.75
133.75
133.75
132.75
132.75
133.0
133.0
133.5
134.75
134.75
135.75
135.75
136.75
138.0
138.0
138.75
138.75
141.0
142.75
142.75
143.75
143.75
143.0
143.0
140.5
138.5
138.5
137.25
137.25
136.5
136.5
132.5
132.5
131.25
132.5
132.5
131.25
131.25
137.5
137.5
141.0
143.75
143.75
143.5
143.5
142.25
142.25
141.0
139.75
139.75
139.0
139.0
137.0
137.0
134.5
134.5
134.5
133.75
133.75
132.5
131.5
131.5
132.0
132.0
131.75
131.75
131.75
136.75
136.75
138.25
138.25
139.5
139.5
140.0
140.25
140.25
139.0
139.0
138.5
138.5
137.0
138.0
138.0
136.75
136.75
136.75
128.5
128.5
128.5
127.25
127.25
126.5
126.5
126.5
126.5
126.5
126.5
126.5
125.75
125.75
126.0
126.0
124.75
124.75
124.5
124.5
125.5
125.5
126.5
126.5
128.25
132.0
132.0
133.0
133.0
131.75
131.75
131.75
130.5
130.5
130.5
130.0
130.5
130.5
131.5
131.5
132.75
132.75
133.5
134.25
134.25
135.5
135.5
135.5
136.0
136.0
136.0
135.0
134.0
134.0
134.0
134.0
134.75
134.75
136.75
137.75
137.75
138.75
138.75
140.5
140.5
140.5
140.75
140.75
141.0
141.0
141.25
143.0
143.0
143.0
143.0
141.75
141.25
141.25
140.0
140.0
140.0
140.0
139.5
139.0
139.0
139.0
139.0
139.25
139.25
139.25
140.5
140.5
141.75
143.0
143.0
144.75
146.25
146.25
146.75
146.75
147.5
148.0
148.0
148.75
149.5
149.5
149.5
149.5
150.75
152.0
152.0
152.0
155.0
156.25
156.25
157.5
158.75
158.75
162.0
162.0
163.5
163.5
164.25
164.25
164.75
164.75
165.5
165.5
164.75
164.75
164.75
164.25
164.0
164.0
164.0
164.0
161.75
159.75
159.75
159.75
156.75
155.75
155.75
154.25
154.25
152.25
150.0
150.0
148.75
148.5
148.5
148.5
145.25
144.0
144.0
144.0
142.25
142.25
142.25
141.25
141.0
141.0
141.0
141.0
141.75
142.0
142.0
142.0
142.0
141.0
140.5
140.5
141.0
141.0
140.5
140.0
140.0
140.0
140.0
140.0
140.0
139.25
138.0
138.0
138.0
135.5
135.5
135.5
136.5
137.0
137.0
137.25
137.25
137.25
137.25
137.0
137.25
137.25
136.5
136.5
135.75
135.75
136.0
136.0
136.75
138.25
138.25
139.75
140.75
140.75
143.25
143.25
143.75
144.75
144.75
144.75
146.5
148.25
148.25
149.25
149.25
149.25
148.75
148.75
149.0
149.0
150.0
150.0
150.25
150.25
149.25
149.25
149.0
149.0
148.5
150.25
150.25
150.25
152.5
152.5
152.75
152.75
152.75
152.75
152.75
152.75
151.0
151.0
149.0
149.0
146.75
146.75
144.0
144.0
143.5
143.75
143.75
143.75
143.75
146.5
147.0
147.0
147.25
147.5
147.5
147.25
147.25
146.25
145.75
145.75
145.75
145.75
142.5
142.5
141.0
141.25
141.25
143.0
143.0
144.5
145.75
145.75
144.25
143.25
143.25
142.75
142.75
140.5
140.5
138.75
139.0
139.0
140.75
140.75
140.75
144.25
145.75
145.75
146.75
148.5
148.5
149.0
149.0
150.25
151.5
151.5
151.5
152.0
152.0
151.5
151.75
151.75
151.75
151.75
151.25
150.0
150.0
148.5
146.75
146.75
144.75
144.75
143.75
143.75
142.75
142.75
142.5
142.5
142.5
142.5
142.5
142.5
142.5
144.25
146.75
146.75
148.75
148.75
149.5
149.75
149.75
149.0
149.0
149.0
145.5
145.0
145.0
145.0
145.0
144.0
144.0
142.5
141.25
141.25
141.25
139.75
139.75
139.75
140.0
141.25
141.25
141.25
141.25
141.25
141.25
141.25
141.25
141.25
140.75
140.25
140.25
139.75
139.75
140.0
140.0
140.0
140.0
140.0
140.25
140.25
140.75
140.75
140.75
140.25
140.25
140.0
140.0
139.5
139.5
139.5
137.75
137.75
136.5
136.25
136.25
137.25
137.25
139.0
139.0
140.5
142.25
142.25
143.25
143.25
144.5
144.75
144.75
144.25
144.25
145.25
146.25
146.25
146.5
145.5
145.5
145.25
145.25
147.0
148.5
148.5
149.25
149.25
149.5
149.75
149.75
150.25
150.75
150.75
150.75
151.0
151.0
151.25
151.25
151.25
151.25
151.25
151.25
151.5
151.5
151.75
152.25
152.25
152.75
152.75
153.5
153.5
153.0
153.0
153.0
152.5
152.5
152.5
151.75
151.75
151.5
151.5
152.75
152.75
153.0
152.75
152.75
152.75
152.75
152.0
152.0
152.0
151.75
152.75
152.75
153.75
154.75
154.75
155.25
155.75
155.75
156.25
156.75
156.75
157.75
158.5
158.5
159.25
160.25
160.25
161.25
162.25
162.25
162.75
162.75
164.25
164.25
164.75
165.75
165.75
165.75
166.5
166.5
166.5
166.25
166.25
166.25
166.25
165.75
165.75
166.0
166.25
166.25
166.25
166.0
164.75
164.75
164.25
164.0
164.0
163.75
163.75
163.25
163.75
163.75
163.5
162.75
162.75
162.75
162.25
161.75
161.75
160.5
160.5
160.0
159.75
159.75
159.25
158.75
158.75
158.25
158.0
158.0
157.5
156.75
156.75
156.0
155.5
155.5
155.5
155.5
155.5
156.0
156.5
156.5
157.0
157.5
157.5
157.75
157.75
158.0
158.0
158.0
157.75
157.75
157.25
157.0
157.0
157.25
157.75
157.75
158.25
158.75
158.75
159.5
159.5
161.0
161.0
161.0
160.5
160.5
160.5
160.25
160.25
159.75
159.25
159.25
159.0
159.5
159.5
159.5
159.75
159.75
160.5
161.5
161.75
161.75
162.25
162.25
162.5
162.5
162.5
162.5
162.0
162.0
161.0
161.0
161.25
161.25
161.25
161.0
161.0
161.0
161.0
161.0
161.25
161.25
161.5
161.5
161.5
161.5
160.25
160.5
160.5
161.5
161.5
162.75
162.75
162.5
161.75
161.75
160.75
160.75
160.75
159.0
159.0
160.75
160.75
161.75
162.25
162.25
161.5
161.5
161.5
161.75
161.75
161.75
161.75
161.75
159.25
159.25
159.5
160.0
160.0
160.25
160.0
160.0
160.25
160.5
160.5
161.0
161.75
161.75
161.75
161.75
161.0
160.25
160.25
159.75
159.5
159.5
159.5
159.25
159.25
158.5
157.5
157.5
155.75
155.75
153.5
153.5
152.5
152.25
152.25
152.5
153.25
153.25
154.0
154.0
154.5
156.0
156.0
157.0
157.75
157.75
158.25
158.25
158.25
158.0
158.0
156.5
156.5
158.0
157.5
157.5
157.5
156.0
154.75
154.75
153.25
153.25
151.75
150.0
150.0
149.25
147.5
147.5
147.25
147.25
147.75
147.75
148.25
148.75
148.75
150.5
151.5
151.5
152.25
152.25
153.25
153.25
154.0
154.0
152.75
151.5
151.5
151.0
151.0
151.0
151.25
151.25
151.25
151.25
151.25
151.25
151.25
151.25
150.75
150.75
151.0
151.25
151.25
151.5
151.5
150.75
150.25
150.25
149.75
148.75
148.75
149.25
149.25
150.25
150.75
150.75
150.75
151.5
151.5
151.0
150.75
150.75
151.5
151.5
151.5
151.5
151.5
152.0
152.0
153.0
153.5
153.5
153.75
153.75
155.5
156.25
156.25
157.0
157.0
157.5
157.75
157.75
157.75
157.75
158.5
158.75
158.75
159.25
159.25
159.25
159.5
159.5
159.5
159.75
159.75
160.0
160.0
160.5
160.5
161.0
161.0
160.75
161.25
161.25
161.0
161.0
161.0
160.75
160.75
160.75
160.25
160.25
159.75
158.75
158.75
158.0
158.0
156.25
156.25
155.0
154.75
154.75
154.25
154.25
153.75
154.5
154.5
155.0
155.25
155.25
157.0
157.5
157.5
157.75
157.75
157.75
157.5
157.5
157.5
157.5
157.75
158.0
158.0
158.0
158.25
158.25
158.25
159.0
159.0
159.5
160.5
160.5
161.25
162.0
162.0
162.5
162.5
163.5
163.5
164.5
164.5
165.0
165.0
165.0
165.25
165.25
166.0
166.0
166.75
166.75
166.75
167.0
167.0
167.0
167.0
167.5
167.5
167.0
167.0
166.75
166.75
167.0
167.0
167.25
167.25
166.5
166.5
166.5
166.5
165.75
165.75
165.0
165.0
164.75
164.75
164.75
164.25
164.75
164.75
164.0
164.0
163.25
163.0
163.0
163.75
163.75
163.75
163.25
163.25
162.75
162.75
162.75
162.5
162.5
162.5
162.5
162.75
162.75
162.75
162.75
162.75
162.75
163.0
163.25
163.25
163.75
163.75
164.0
164.0
163.25
163.25
164.0
164.0
164.0
163.25
163.25
163.0
163.0
163.5
163.75
163.75
162.25
162.25
161.5
161.0
161.0
160.5
160.75
160.75
161.0
161.0
161.25
161.25
162.75
162.75
163.5
163.5
164.0
164.0
165.0
165.5
165.5
165.5
164.5
164.5
165.75
165.25
165.25
165.25
165.25
164.75
164.75
164.75
164.75
164.75
164.75
164.75
164.75
165.25
165.0
165.0
165.0
163.75
163.75
164.0
164.0
164.0
164.25
164.25
163.75
163.75
164.0
164.0
164.0
163.5
163.5
163.25
164.75
164.75
164.75
165.0
165.0
165.25
165.25
165.75
165.0
165.0
164.25
164.25
164.0
164.0
165.25
165.5
165.5
165.5
165.25
165.25
165.25
165.25
165.25
164.0
164.0
162.25
162.25
160.0
160.0
159.75
159.75
158.75
157.75
157.75
157.25
156.25
156.25
155.75
155.75
155.5
155.5
155.5
154.5
154.5
154.0
154.0
155.0
155.5
155.5
156.25
156.75
156.75
156.5
157.25
157.25
157.75
158.5
158.5
159.0
159.0
159.0
159.25
159.25
160.0
160.0
159.25
159.25
159.0
159.0
159.0
157.75
157.0
157.0
157.25
157.25
157.25
156.75
156.75
156.25
156.25
155.75
155.75
154.0
152.25
152.25
150.25
149.75
149.75
149.25
149.25
149.5
149.5
149.5
149.25
149.25
149.25
148.0
148.0
147.0
145.25
145.25
143.25
143.25
142.0
142.0
140.5
139.25
139.25
138.75
138.75
137.75
137.75
136.25
136.25
136.0
136.75
136.75
138.25
138.25
137.75
137.75
137.75
136.5
136.5
135.5
135.5
135.5
135.5
126.25
126.25
126.25
126.25
126.5
127.25
127.25
127.25
129.25
130.5
130.5
130.5
130.5
132.5
132.5
133.5
134.25
134.25
135.25
135.25
136.25
136.5
136.5
138.0
138.0
139.5
139.5
140.75
141.5
141.5
142.25
142.25
143.25
143.25
143.25
144.0
145.25
145.25
146.5
146.5
147.5
147.5
149.5
150.25
150.25
151.0
151.0
152.75
152.75
154.5
156.25
156.25
157.25
157.75
157.75
158.0
158.0
158.0
158.0
158.0
158.0
158.5
159.0
159.0
159.5
159.5
160.25
161.0
161.0
162.0
162.0
163.75
163.75
164.25
164.25
164.5
164.75
164.75
162.75
162.75
161.75
161.0
161.0
160.25
159.75
159.75
159.25
159.0
159.0
158.5
158.75
158.75
159.0
159.25
159.25
160.0
160.75
160.75
161.75
161.75
162.0
162.0
162.5
162.5
162.75
162.75
162.75
163.25
163.25
164.5
164.5
165.0
165.0
166.75
166.75
167.25
167.25
168.0
168.0
168.25
168.25
168.75
168.25
168.25
167.75
167.75
167.5
167.5
167.5
167.5
167.0
167.0
167.25
167.25
167.25
167.25
166.5
166.5
165.75
165.75
165.25
165.0
165.0
164.25
163.75
163.75
163.75
163.75
163.75
163.75
163.25
162.75
162.75
163.25
163.25
163.0
163.0
162.5
162.25
162.25
161.75
161.25
161.25
160.25
159.75
159.75
159.75
159.75
160.0
160.0
160.0
160.0
160.0
159.75
159.75
159.75
159.75
159.5
159.5
159.5
159.0
159.0
158.75
159.0
159.0
159.0
159.5
159.5
159.75
159.75
159.75
160.0
160.0
160.0
160.0
159.5
159.5
159.0
158.25
158.25
159.25
159.5
159.5
159.5
159.25
159.25
159.5
159.75
159.75
159.25
158.75
158.75
158.25
157.25
157.25
156.5
156.5
155.0
155.0
154.25
152.5
152.5
151.0
151.0
150.25
150.25
148.25
146.5
146.5
146.0
146.0
146.0
141.5
141.5
141.5
142.75
143.25
143.25
143.75
143.75
143.75
143.75
143.25
142.25
142.25
142.5
142.5
142.25
142.5
142.5
142.75
142.75
143.5
144.25
144.25
145.25
146.25
146.25
146.5
146.5
147.5
148.75
148.75
149.75
149.75
149.75
150.5
150.5
151.25
151.25
151.25
151.25
151.25
151.25
151.5
151.5
151.5
151.5
151.5
151.25
151.75
151.75
153.0
153.0
154.0
154.0
154.25
153.75
153.75
153.75
152.5
152.5
152.0
152.0
150.75
150.5
150.5
150.0
149.75
149.75
149.5
149.5
147.75
145.75
145.75
142.5
142.5
138.5
138.5
135.5
135.5
134.0
134.25
134.25
135.0
135.0
136.5
136.5
137.75
139.75
139.75
142.0
142.0
142.0
143.5
143.5
143.5
143.75
143.75
143.75
141.0
141.0
143.25
144.0
144.0
144.0
144.0
143.0
143.0
141.75
140.5
140.5
139.25
139.25
137.25
136.5
136.5
135.5
135.5
134.0
134.0
133.0
133.0
131.75
131.75
131.5
135.5
135.5
139.0
140.75
140.75
141.25
141.25
141.25
141.25
141.25
143.0
143.0
141.5
140.75
140.75
141.5
141.5
141.75
141.75
142.5
143.0
143.0
143.75
143.75
145.75
148.0
148.0
150.5
152.5
152.5
154.5
156.5
156.5
158.0
159.0
159.0
159.25
158.75
158.75
157.0
156.5
156.5
156.5
154.0
153.25
153.25
151.25
151.25
149.5
148.25
148.25
146.0
144.25
144.25
144.75
144.75
145.75
148.0
148.0
150.25
153.0
153.0
153.0
153.0
158.5
158.75
159.25
159.25
159.0
159.0
158.25
158.25
155.25
155.25
155.75
155.75
155.75
155.75
155.75
155.75
157.5
157.75
157.75
157.25
156.0
156.0
154.25
150.75
150.75
146.0
146.0
143.5
141.5
141.5
141.5
140.0
140.0
140.0
140.5
140.5
140.75
140.75
141.0
140.5
140.5
140.5
140.5
140.75
140.75
140.5
140.75
140.75
141.5
141.5
141.75
142.25
142.25
142.0
142.0
142.75
142.75
142.75
142.25
142.25
141.5
141.75
141.75
142.0
142.0
144.0
146.5
146.5
148.25
148.25
148.25
148.25
150.25
150.5
150.5
151.0
151.0
151.0
151.0
151.0
150.5
149.75
149.75
149.75
149.5
149.5
149.5
149.5
149.75
149.25
149.25
148.25
148.25
147.75
147.75
147.75
147.25
146.75
146.75
146.0
146.0
144.75
143.5
143.5
142.5
142.5
142.0
142.0
142.25
142.75
142.75
143.0
143.0
144.0
145.5
145.5
146.75
146.75
148.0
148.25
148.25
148.25
148.25
148.25
148.5
148.5
149.0
149.5
149.5
149.75
149.25
149.25
150.25
150.25
150.75
150.75
151.75
151.75
152.0
152.0
152.0
151.25
151.25
149.5
149.5
148.5
148.0
148.0
147.75
147.75
148.0
148.25
148.25
148.25
148.25
148.25
149.25
149.25
150.25
151.0
151.0
151.0
151.25
151.25
151.25
151.25
151.25
151.25
151.25
151.0
150.5
150.5
150.0
150.0
149.0
148.75
148.75
148.5
148.0
148.0
147.75
147.75
148.25
148.5
148.5
149.25
149.25
149.5
149.75
149.75
149.75
150.0
150.0
150.75
151.0
151.0
151.5
151.5
152.25
152.25
152.5
152.5
152.25
151.75
151.75
151.25
150.75
150.75
150.75
150.25
150.25
150.5
150.5
150.5
150.75
150.75
151.25
152.5
152.5
154.25
154.25
154.25
160.75
160.75
162.25
162.25
162.25
163.5
163.5
164.25
164.25
164.25
166.25
166.25
167.25
167.25
168.25
169.0
169.0
168.0
168.0
168.0
168.0
165.5
165.5
165.5
165.0
165.0
165.0
164.25
164.25
162.25
161.25
161.25
158.25
158.25
155.5
155.5
153.0
150.75
150.75
148.25
148.25
145.75
142.5
142.5
140.75
140.75
140.0
140.0
139.5
140.0
140.0
141.25
141.25
142.0
143.25
143.25
145.5
145.5
146.75
148.5
148.5
150.25
150.5
150.5
150.25
150.25
148.25
148.25
145.25
145.25
145.25
146.25
146.25
147.75
148.25
148.25
149.75
149.75
150.25
150.25
150.25
150.25
150.25
150.25
149.5
149.5
148.25
148.25
149.25
150.0
150.0
150.25
150.25
150.75
151.25
151.25
151.25
155.0
154.25
154.25
152.75
152.75
152.75
152.25
152.75
152.75
153.5
153.5
153.5
153.5
158.25
158.25
158.25
155.66666666666666
153.08333333333334
150.5
147.91666666666666
145.33333333333334
142.75
140.16666666666666
137.58333333333334
135.0
135.0
133.25
134.5
134.5
134.25
134.25
134.25
134.25
134.25
135.25
135.25
135.0
135.0
135.0
135.0
134.25
135.0
135.0
135.75
135.75
134.25
134.25
133.5
133.5
135.5
135.0
135.0
133.5
133.5
133.5
133.5
130.5
130.5
130.5
130.5
130.5
130.5
130.5
130.5
130.5
139.75
139.75
141.25
142.0
142.0
138.5
138.5
140.25
140.25
141.0
141.0
141.25
141.25
142.25
142.25
142.5
142.25
142.25
142.25
142.25
142.25
140.5
140.5
140.5
140.5
140.5
140.5
140.5
140.5
140.5
140.5
140.5
144.25
144.25
144.0
144.0
143.75
143.75
143.75
143.75
143.75
143.75
145.25
145.25
146.0
146.0
146.75
146.75
149.0
149.0
150.0
150.0
150.0
150.5
149.25
149.25
150.75
150.75
149.75
149.75
149.0
149.0
149.0
149.0
149.0
149.0
146.25
146.25
146.25
146.25
147.25
147.25
141.75
141.75
143.25
143.25
145.25
144.5
144.5
142.75
142.75
140.25
138.0
138.0
136.25
136.25
138.25
139.25
139.25
139.25
139.25
137.5
137.5
137.5
137.5
136.75
136.75
137.25
137.25
137.25
137.25
137.25
137.25
137.25
137.25
129.0
129.0
129.0
128.80555555555554
128.61111111111111
128.41666666666666
128.22222222222223
128.02777777777777
127.83333333333333
127.63888888888889
127.44444444444444
127.25
127.25
127.25
127.25
140.5
140.5
140.5
131.6875
122.875
114.0625
105.25
105.25
105.25
105.25
105.25
105.25
105.25
105.25
97.5
97.5
96.25
96.25
96.25
96.25
96.25
96.25
96.25
95.79166666666667
95.33333333333333
94.875
94.41666666666667
93.95833333333333
93.5
93.5
102.75
102.75
102.75
103.25
103.25
103.25
103.25
103.25
103.25
107.75
107.75
110.25
110.25
110.25
101.5
101.5
101.5
101.5
101.5
99.0
99.0
99.0
99.0
112.0
125.0
138.0
138.0
137.25
133.5
133.5
134.75
134.75
134.75
136.75
136.25
136.25
136.25
133.5
133.5
129.75
129.75
129.25
129.25
129.25
129.25
129.25
129.25
129.25
129.27884615384616
129.30769230769232
129.33653846153845
129.3653846153846
129.39423076923077
129.42307692307693
129.45192307692307
129.48076923076923
129.5096153846154
129.53846153846155
129.56730769230768
129.59615384615384
129.625
129.65384615384616
129.68269230769232
129.71153846153845
129.7403846153846
129.76923076923077
129.79807692307693
129.82692307692307
129.85576923076923
129.8846153846154
129.91346153846155
129.94230769230768
129.97115384615384
130.0
130.0
129.0
129.0
129.75
129.75
129.75
132.25
132.25
132.75
132.75
134.25
134.25
134.75
134.75
134.25
134.25
133.0
132.75
132.75
132.75
134.25
134.25
135.0
133.25
133.25
135.0
135.0
135.0
136.25
136.25
137.0
137.0
137.75
137.75
144.75
144.75
147.25
147.25
148.0
148.0
148.25
148.25
148.25
148.25
148.25
148.25
161.0
173.75
186.5
199.25
199.25
199.25
199.25
199.25
199.25
199.25
199.25
199.25
195.57894736842104
191.9078947368421
188.23684210526315
184.56578947368422
180.89473684210526
177.22368421052633
173.55263157894737
169.8815789473684
166.21052631578948
162.53947368421052
158.8684210526316
155.19736842105263
151.52631578947367
147.85526315789474
144.18421052631578
140.51315789473685
136.8421052631579
133.17105263157896
129.5
129.5
131.0
131.0
123.25
123.25
121.25
121.25
120.25
120.25
120.0
120.0
120.0
120.0
120.0
120.0
113.1
106.2
99.3
92.4
85.5
85.5
86.0
86.0
86.0
86.0
86.0
87.0
87.0
87.0
86.5
86.5
86.5
86.0
86.0
86.0
85.25
85.25
85.25
85.0
85.0
85.0
84.75
84.75
84.75
83.0
83.0
83.0
83.0
83.0
85.25
85.25
84.75
84.75
84.75
84.75
83.0
83.0
83.0
83.0
83.0
83.0
83.25
83.25
84.0
84.0
84.0
84.25
84.25
84.25
84.75
84.75
84.75
84.75
84.75
84.75
84.5
84.5
84.5
84.25
84.25
86.0
86.0
86.0
83.75
83.75
83.75
83.0
83.0
83.0
83.0
83.0
83.0
83.0
83.0
83.0
81.75
81.75
81.75
81.75
81.75
94.25
94.25
86.25
86.25
86.25
83.5
83.5
83.0
83.0
83.0
82.5
82.5
83.25
83.25
83.25
82.5
82.5
82.5
85.75
85.75
85.75
83.25
83.25
83.25
85.0
85.0
85.75
85.75
85.75
82.25
82.25
82.25
84.0
84.0
84.25
84.25
84.25
83.0
83.0
83.0
83.0
83.0
83.0
83.0
83.0
83.0
83.0
101.5
101.5
101.5
100.33333333333333
99.16666666666667
98.0
98.0
98.0
98.5
98.5
91.0
91.0
91.0
89.25
89.25
89.25
86.75
86.75
86.75
86.75
86.75
92.25
92.25
92.25
92.25
92.25
92.25
92.25
95.25
95.25
95.25
96.0
96.0
96.0
96.0
96.0
96.0
96.0
91.25
91.25
91.25
88.25
88.25
88.25
88.0
88.0
90.0
90.0
90.0
90.75
90.75
90.75
91.25
91.25
89.5
89.5
89.5
87.0
87.0
87.0
86.5
86.5
86.5
88.75
88.75
90.25
90.25
90.25
90.25
90.25
90.25
90.25
90.25
88.0
88.0
88.0
87.75
87.75
87.75
89.25
89.25
91.25
91.25
91.75
91.75
91.75
91.75
91.75
88.0
88.0
88.0
91.75
91.75
92.5
92.5
92.5
94.25
94.25
95.5
95.5
95.5
96.25
96.25
97.0
97.0
97.0
101.5
101.5
100.25
100.25
100.25
100.25
100.25
102.5
102.5
109.5
109.5
101.5
101.5
101.5
97.5
97.5
98.0
98.0
98.0
98.25
98.25
98.25
104.5
104.5
106.0
106.0
112.75
112.75
115.25
115.25
109.5
109.5
115.25
115.25
118.0
118.0
118.0
118.5
118.5
118.5
118.5
118.5
118.5
124.82142857142857
131.14285714285714
137.46428571428572
143.78571428571428
150.10714285714286
156.42857142857142
162.75
162.75
162.75
162.75
162.75
162.75
162.75
162.75
162.75
162.75
162.75
165.75
168.75
168.75
168.75
167.5
167.5
167.5
167.5
167.5
167.5
167.5
167.5
167.5
167.5
167.5
