147.0
145.0
145.0
146.0
146.0
147.0
144.0
144.0
143.0
143.0
139.0
140.0
140.0
138.0
138.0
140.0
140.0
139.0
138.0
138.0
135.0
135.0
133.0
133.0
133.0
133.0
128.0
127.0
127.0
127.0
128.0
128.0
128.0
125.0
125.0
127.0
127.0
124.0
124.0
124.0
124.0
123.0
123.0
125.0
125.0
124.0
124.0
124.0
123.0
123.0
122.0
122.0
120.0
120.0
121.0
121.0
120.0
120.0
120.0
120.0
119.0
119.0
119.0
119.0
119.0
119.0
116.0
116.0
116.0
116.0
115.0
115.0
115.0
115.0
115.0
112.0
112.0
114.0
114.0
111.0
111.0
111.0
111.0
111.0
111.0
111.0
111.0
111.0
109.0
109.0
110.0
110.0
109.0
109.0
107.0
107.0
107.0
109.0
109.0
109.0
109.0
112.0
112.0
111.0
111.0
111.0
111.0
110.0
110.0
109.0
109.0
109.0
108.0
108.0
109.0
109.0
112.0
112.0
114.0
114.0
112.0
112.0
111.0
111.0
111.0
109.0
109.0
107.0
107.0
107.0
107.0
108.0
108.0
111.0
111.0
111.0
112.0
112.0
114.0
114.0
114.0
114.0
111.0
111.0
113.0
113.0
110.0
110.0
111.0
111.0
111.0
111.0
111.0
114.0
114.0
114.0
114.0
115.0
115.0
116.0
116.0
115.0
115.0
116.0
116.0
116.0
116.0
115.0
115.0
111.0
111.0
112.0
112.0
112.0
112.0
112.0
113.0
113.0
115.0
115.0
117.0
117.0
117.0
117.0
115.0
115.0
115.0
115.0
115.0
115.0
116.0
116.0
116.0
116.0
116.0
116.0
116.0
116.0
116.0
116.0
115.0
115.0
117.0
117.0
117.0
115.0
115.0
115.0
115.0
114.0
114.0
115.0
115.0
118.0
118.0
115.0
115.0
116.0
116.0
116.0
116.0
114.0
114.0
116.0
116.0
116.0
116.0
115.0
115.0
115.0
116.0
112.0
112.0
112.0
111.0
111.0
109.0
109.0
107.0
107.0
109.0
109.0
110.0
110.0
110.0
108.0
108.0
107.0
107.0
107.0
104.0
107.0
107.0
107.0
112.0
112.0
115.75
119.5
123.25
127.0
130.75
134.5
138.25
142.0
142.0
144.0
149.0
149.0
147.0
147.0
140.0
147.0
147.0
147.0
147.0
151.0
150.0
150.0
144.0
144.0
132.0
140.0
140.0
141.0
141.0
142.0
141.0
141.0
144.0
144.0
149.0
153.0
153.0
157.0
160.0
160.0
160.0
163.0
163.0
163.0
169.0
168.21428571428572
167.42857142857142
166.64285714285714
165.85714285714286
165.07142857142858
164.28571428571428
163.5
162.71428571428572
161.92857142857142
161.14285714285714
160.35714285714286
159.57142857142858
158.78571428571428
158.0
158.0
158.0
159.0
157.0
157.0
156.0
151.0
151.0
132.0
132.0
131.0
131.0
141.0
141.0
138.0
142.0
142.0
131.0
131.0
127.0
127.0
121.0
121.0
107.0
107.0
107.0
90.0
90.0
94.0
94.0
94.0
103.0
103.0
109.0
109.0
119.25
129.5
139.75
150.0
157.0
157.0
160.0
163.0
163.0
163.0
158.0
158.0
153.0
152.0
152.0
151.0
151.0
151.0
153.0
153.0
155.0
157.0
157.0
158.0
160.0
160.0
158.0
158.0
158.0
160.0
160.0
160.0
160.0
159.0
159.0
158.0
156.0
156.0
153.0
154.0
154.0
151.0
151.0
157.0
160.0
160.0
162.0
163.0
163.0
163.0
163.0
162.0
162.0
160.0
158.0
158.0
153.0
153.0
149.0
144.0
144.0
138.0
138.0
138.0
131.0
135.0
136.0
136.0
142.0
142.0
142.0
144.0
144.0
148.0
148.0
148.0
153.0
155.0
157.0
151.0
151.0
157.0
160.0
160.0
163.0
166.0
166.0
168.0
168.0
168.0
168.0
168.0
168.0
168.0
168.0
167.0
167.0
168.0
167.0
167.0
167.0
169.0
166.0
166.0
168.0
165.0
165.0
163.0
162.0
161.0
160.0
159.0
158.0
157.0
156.0
155.0
154.0
152.0
152.0
148.0
148.0
147.0
148.0
148.0
150.0
150.0
150.0
151.0
151.0
151.0
147.0
147.0
144.0
144.0
139.0
141.0
141.0
143.0
143.0
145.0
146.0
146.0
142.0
142.0
138.0
136.0
136.0
136.0
136.0
136.0
136.0
135.0
135.0
129.0
131.0
131.0
125.0
125.0
132.0
132.0
132.0
132.0
134.0
134.0
127.0
132.0
132.0
132.0
123.5
115.0
106.5
98.0
98.0
100.0
100.0
96.0
96.0
96.0
98.0
98.0
97.0
97.0
97.0
96.0
96.0
94.0
94.0
94.0
89.0
89.0
89.0
89.0
89.0
93.0
93.0
93.0
103.0
103.0
120.0
120.0
130.0
133.0
133.0
143.0
143.0
136.0
139.0
139.0
132.0
131.14634146341464
130.29268292682926
129.4390243902439
128.58536585365854
127.73170731707317
126.8780487804878
126.02439024390245
125.17073170731707
124.3170731707317
123.46341463414635
122.60975609756098
121.7560975609756
120.90243902439025
120.04878048780488
119.19512195121952
118.34146341463415
117.48780487804878
116.63414634146342
115.78048780487805
114.92682926829268
114.07317073170732
113.21951219512195
112.36585365853658
111.51219512195122
110.65853658536585
109.8048780487805
108.95121951219512
108.09756097560975
107.2439024390244
106.39024390243902
105.53658536585365
104.6829268292683
103.82926829268293
102.97560975609755
102.1219512195122
101.26829268292683
100.41463414634147
99.5609756097561
98.70731707317073
97.85365853658537
97.0
97.0
93.0
93.0
93.0
90.0
90.0
90.0
86.0
86.0
89.0
89.0
89.0
89.0
89.0
89.0
85.0
85.0
85.0
87.0
87.0
87.0
82.0
82.0
89.0
89.0
89.0
94.0
94.0
95.0
95.0
95.0
93.0
93.0
93.0
97.0
97.0
101.0
101.0
92.0
92.0
92.0
90.0
90.0
90.0
89.0
89.0
92.0
92.0
92.0
92.0
94.0
96.0
96.0
96.0
94.0
94.0
93.0
93.0
93.0
97.0
97.0
97.0
100.61538461538461
104.23076923076923
107.84615384615384
111.46153846153847
115.07692307692308
118.6923076923077
122.3076923076923
125.92307692307692
129.53846153846155
133.15384615384616
136.76923076923077
140.3846153846154
144.0
144.0
145.0
144.0
144.0
135.0
135.0
134.0
134.0
131.0
131.0
126.0
126.0
125.0
125.0
120.0
120.0
120.0
126.0
126.0
129.0
129.0
123.0
123.0
125.0
125.0
122.0
122.0
120.0
120.0
120.0
120.0
122.0
122.0
121.0
121.0
125.0
125.0
121.0
121.0
123.0
123.0
100.0
100.0
100.0
87.0
87.0
87.0
89.0
89.0
96.0
96.0
103.0
103.0
103.0
103.0
110.0
120.0
120.0
122.0
122.0
126.0
131.0
131.0
124.0
124.0
124.0
124.0
128.0
128.0
128.0
128.0
131.0
131.0
128.0
128.0
127.0
126.0
126.0
124.0
124.0
122.0
122.0
125.0
125.0
125.0
125.0
120.0
120.0
121.0
121.0
119.0
119.0
121.0
121.0
121.0
121.0
116.0
116.0
115.0
115.0
119.0
119.0
118.0
118.0
114.0
114.0
114.0
106.25
98.5
90.75
83.0
83.0
83.0
88.0
88.0
88.0
90.0
90.0
92.0
92.0
92.0
93.0
93.0
93.0
93.0
93.0
94.0
94.0
95.0
95.0
95.0
96.0
96.0
97.0
97.0
97.0
110.0
110.0
117.0
117.0
120.0
120.0
122.0
123.0
123.0
125.0
125.0
124.0
124.0
124.0
103.0
103.0
91.0
91.0
91.0
98.0
98.0
99.0
99.0
101.0
101.0
101.0
102.0
102.0
119.0
119.0
125.0
125.0
128.0
134.0
134.0
133.0
133.0
138.0
138.0
137.0
136.0
136.0
132.0
132.0
131.0
131.0
129.0
129.0
128.0
128.0
126.0
126.0
128.0
131.0
131.0
133.0
133.0
133.0
133.0
136.0
136.0
136.0
136.0
136.0
136.0
136.0
133.0
133.0
131.0
129.0
129.0
128.0
128.0
126.0
126.0
129.0
129.0
131.0
131.0
133.0
133.0
129.0
132.0
132.0
132.0
132.0
135.0
135.0
133.0
133.0
136.0
138.0
138.0
139.0
139.0
142.0
140.0
140.0
141.0
141.0
140.0
143.0
143.0
140.0
140.0
137.0
137.0
135.0
135.0
127.0
129.0
129.0
129.0
129.0
131.0
131.0
130.0
130.0
132.0
132.0
132.0
131.0
131.0
134.0
134.0
136.0
136.0
140.0
139.0
139.0
137.0
137.0
137.0
137.0
134.0
133.0
133.0
132.0
132.0
126.0
126.0
131.0
131.0
128.0
128.0
129.0
131.0
131.0
133.0
133.0
138.0
138.0
139.0
142.0
142.0
142.0
142.0
142.0
144.0
144.0
143.0
143.0
143.0
142.0
142.0
138.0
138.0
136.0
136.0
136.0
137.0
137.0
140.0
140.0
140.0
140.0
144.0
144.0
144.0
146.0
149.0
149.0
149.0
149.0
147.0
148.0
148.0
146.0
146.0
147.0
144.0
144.0
147.0
147.0
144.0
146.0
146.0
147.0
147.0
147.0
145.0
145.0
144.0
143.0
143.0
145.0
145.0
148.0
151.0
151.0
146.0
146.0
142.0
136.0
136.0
135.0
135.0
136.0
136.0
140.0
142.0
142.0
144.0
144.0
147.0
150.0
150.0
149.0
147.0
147.0
150.0
150.0
152.0
150.0
150.0
148.0
144.0
144.0
142.0
142.0
144.0
147.0
147.0
147.0
147.0
150.0
147.0
147.0
145.0
145.0
144.0
147.0
147.0
145.0
145.0
143.0
142.0
142.0
142.0
142.0
146.0
145.0
145.0
147.0
147.0
147.0
149.0
149.0
147.0
142.0
142.0
142.0
142.0
141.0
141.0
141.0
140.0
140.0
142.0
145.0
145.0
146.0
146.0
147.0
146.0
146.0
145.0
145.0
139.0
135.0
135.0
138.0
138.0
141.0
141.0
142.0
140.0
140.0
137.0
137.0
133.0
133.0
125.0
125.0
128.0
131.0
131.0
135.0
135.0
139.0
139.0
145.0
150.0
150.0
152.0
153.0
153.0
151.0
151.0
154.0
153.0
153.0
151.0
152.0
152.0
152.0
150.0
150.0
147.0
147.0
147.0
147.0
147.0
148.0
148.0
148.0
147.0
147.0
146.0
145.0
145.0
145.0
145.0
146.0
147.0
147.0
147.0
147.0
144.0
147.0
147.0
145.0
145.0
144.0
144.0
144.0
143.0
143.0
145.0
147.0
147.0
144.0
144.0
143.0
138.0
138.0
134.0
134.0
128.0
128.0
133.0
133.0
131.0
132.0
132.0
135.0
135.0
137.0
137.0
139.0
141.0
141.0
147.0
147.0
147.0
148.0
148.0
147.0
148.0
148.0
149.0
149.0
148.0
148.0
148.0
147.0
148.0
148.0
146.0
146.0
148.0
147.0
147.0
147.0
147.0
145.0
146.0
146.0
146.0
146.0
150.0
148.0
148.0
150.0
146.0
146.0
144.0
144.0
142.0
142.0
142.0
141.0
141.0
142.0
142.0
142.0
142.0
142.0
142.0
143.0
143.0
141.0
141.0
143.0
143.0
145.0
141.0
141.0
137.0
137.0
133.0
133.0
134.0
136.0
136.0
136.0
136.0
138.0
139.0
139.0
143.0
143.0
140.0
140.0
141.0
144.0
144.0
143.0
143.0
144.0
145.0
145.0
146.0
150.0
150.0
152.0
152.0
153.0
153.0
153.0
150.0
151.0
151.0
152.0
154.0
154.0
156.0
156.0
154.0
153.0
153.0
151.0
148.0
148.0
146.0
146.0
145.0
147.0
147.0
147.0
148.0
148.0
147.0
147.0
149.0
150.0
150.0
149.0
149.0
150.0
147.0
147.0
147.0
147.0
147.0
148.0
148.0
150.0
151.0
151.0
153.0
152.0
152.0
152.0
151.0
151.0
150.0
150.0
151.0
150.0
150.0
151.0
147.0
147.0
142.0
142.0
137.0
137.0
138.0
142.0
142.0
143.0
143.0
142.0
138.0
138.0
135.0
135.0
136.0
136.0
139.0
142.0
142.0
144.0
144.0
145.0
145.0
145.0
146.0
146.0
147.0
147.0
147.0
145.0
145.0
144.0
142.0
142.0
141.0
141.0
142.0
146.0
146.0
144.0
144.0
144.0
144.0
144.0
147.0
147.0
147.0
145.0
145.0
145.0
146.0
146.0
147.0
147.0
148.0
148.0
148.0
145.0
145.0
142.0
140.0
140.0
138.0
138.0
136.0
136.0
139.0
140.0
140.0
139.0
139.0
136.0
137.0
137.0
139.0
139.0
142.0
142.0
144.0
145.0
145.0
146.0
150.0
150.0
149.0
149.0
151.0
154.0
154.0
153.0
151.0
151.0
153.0
154.0
154.0
153.0
153.0
151.0
150.0
150.0
152.0
149.0
149.0
148.0
148.0
145.0
145.0
145.0
147.0
147.0
148.0
147.0
147.0
147.0
147.0
147.0
147.0
147.0
147.0
149.0
149.0
150.0
151.0
151.0
154.0
154.0
153.0
154.0
154.0
153.0
153.0
153.0
153.0
153.0
153.0
152.0
153.0
153.0
150.0
150.0
148.0
147.0
147.0
148.0
148.0
149.0
149.0
149.0
149.0
152.0
152.0
153.0
153.0
153.0
152.0
152.0
153.0
153.0
153.0
153.0
156.0
156.0
154.0
153.0
153.0
156.0
154.0
154.0
155.0
155.0
152.0
151.0
151.0
153.0
154.0
154.0
154.0
153.0
153.0
153.0
153.0
153.0
153.0
153.0
155.0
157.0
157.0
156.0
153.0
153.0
153.0
154.0
154.0
154.0
154.0
154.0
153.0
153.0
156.0
154.0
154.0
154.0
154.0
154.0
156.0
156.0
156.0
157.0
154.0
154.0
156.0
153.0
153.0
154.0
154.0
155.0
154.0
154.0
154.0
153.0
153.0
150.0
151.0
151.0
152.0
152.0
149.0
149.0
149.0
147.0
144.0
144.0
143.0
143.0
144.0
146.0
146.0
147.0
147.0
148.0
150.0
150.0
150.0
153.0
153.0
153.0
153.0
153.0
150.0
150.0
153.0
150.0
150.0
153.0
153.0
153.0
157.0
157.0
155.0
156.0
156.0
156.0
157.0
157.0
156.0
157.0
157.0
157.0
156.0
156.0
157.0
158.0
158.0
159.0
158.0
158.0
159.0
158.0
158.0
157.0
151.0
151.0
138.0
138.0
141.0
141.0
142.0
146.0
146.0
148.0
153.0
153.0
152.0
152.0
153.0
153.0
153.0
153.0
153.0
153.0
153.0
156.0
156.0
155.0
155.0
155.0
156.0
157.0
157.0
155.0
155.0
153.0
151.0
151.0
152.0
151.0
151.0
156.0
154.0
154.0
154.0
154.0
153.0
153.0
153.0
153.0
154.0
154.0
153.0
153.0
153.0
151.0
153.0
153.0
154.0
154.0
153.0
153.0
153.0
153.0
153.0
153.0
155.0
153.0
153.0
153.0
153.0
153.0
152.0
152.0
154.0
155.0
155.0
154.0
155.0
155.0
153.0
153.0
153.0
150.0
150.0
153.0
152.0
152.0
151.0
150.0
150.0
148.0
148.0
150.0
147.0
147.0
149.0
149.0
149.0
152.0
152.0
152.0
151.0
151.0
149.0
149.0
149.0
150.0
150.0
152.0
151.0
151.0
151.0
152.0
152.0
153.0
151.0
151.0
150.0
150.0
150.0
151.0
151.0
150.0
147.0
147.0
148.0
148.0
151.0
150.0
150.0
150.0
147.0
147.0
150.0
150.0
150.0
151.0
151.0
150.0
150.0
150.0
150.0
150.0
147.0
147.0
147.0
147.0
147.0
145.0
144.0
144.0
147.0
144.0
144.0
147.0
147.0
148.0
150.0
150.0
150.0
152.0
152.0
153.0
153.0
152.0
152.0
152.0
151.0
150.0
150.0
150.0
150.0
152.0
150.0
150.0
151.0
150.0
150.0
150.0
150.0
143.0
145.0
145.0
147.0
147.0
147.0
146.0
146.0
144.0
144.0
144.0
148.0
148.0
150.0
151.0
151.0
153.0
153.0
153.0
153.0
153.0
153.0
154.0
154.0
156.0
154.0
154.0
153.0
154.0
154.0
154.0
152.0
152.0
152.0
152.0
153.0
153.0
153.0
154.0
153.0
153.0
154.0
154.0
154.0
155.0
156.0
156.0
155.0
155.0
154.0
154.0
154.0
154.0
151.0
151.0
153.0
153.0
153.0
151.0
151.0
150.0
150.0
150.0
152.0
152.0
152.0
153.0
154.0
154.0
157.0
156.0
156.0
157.0
157.0
157.0
157.0
157.0
156.0
153.0
153.0
154.0
157.0
157.0
156.0
157.0
157.0
157.0
157.0
157.0
157.0
158.0
158.0
158.0
157.0
157.0
157.0
158.0
158.0
158.0
159.0
159.0
159.0
160.0
160.0
161.0
161.0
161.0
162.0
161.0
161.0
161.0
162.0
162.0
160.0
159.0
159.0
160.0
159.0
159.0
159.0
157.0
157.0
156.0
155.0
155.0
153.0
153.0
153.0
154.0
154.0
156.0
157.0
157.0
157.0
157.0
157.0
158.0
157.0
157.0
157.0
158.0
158.0
157.0
156.0
156.0
157.0
157.0
157.0
157.0
158.0
158.0
157.0
157.0
157.0
156.0
156.0
154.0
157.0
157.0
156.0
156.0
156.0
156.0
157.0
157.0
157.0
158.0
158.0
157.0
157.0
157.0
156.0
156.0
156.0
157.0
157.0
157.0
158.0
159.0
159.0
158.0
159.0
159.0
160.0
158.0
158.0
161.0
156.0
156.0
156.0
156.0
152.0
153.0
153.0
153.0
156.0
156.0
157.0
156.0
156.0
157.0
158.0
158.0
157.0
158.0
158.0
158.0
158.0
158.0
157.0
157.0
157.0
158.0
159.0
159.0
159.0
157.0
157.0
157.0
157.0
158.0
159.0
159.0
158.0
158.0
158.0
157.0
158.0
158.0
158.0
158.0
158.0
159.0
159.0
159.0
159.0
160.0
160.0
159.0
161.0
161.0
159.0
162.0
162.0
160.0
162.0
162.0
162.0
163.0
163.0
162.0
161.0
162.0
162.0
160.0
160.0
160.0
160.0
159.0
159.0
161.0
158.0
158.0
160.0
160.0
160.0
159.0
159.0
159.0
157.0
157.0
157.0
157.0
157.0
157.0
158.0
158.0
157.0
156.0
156.0
153.0
154.0
154.0
155.0
156.0
156.0
156.0
157.0
157.0
155.0
154.0
154.0
156.0
156.0
157.0
155.0
155.0
156.0
155.0
155.0
155.0
156.0
156.0
155.0
157.0
157.0
156.0
158.0
158.0
157.0
157.0
157.0
158.0
159.0
159.0
157.0
159.0
159.0
157.0
158.0
158.0
157.0
157.0
157.0
157.0
157.0
156.0
156.0
156.0
157.0
157.0
157.0
158.0
159.0
159.0
159.0
160.0
160.0
160.0
160.0
160.0
160.0
161.0
161.0
161.0
161.0
161.0
161.0
161.0
161.0
160.0
162.0
162.0
159.0
159.0
159.0
159.0
161.0
161.0
161.0
160.0
160.0
160.0
161.0
161.0
159.0
161.0
161.0
160.0
160.0
160.0
160.0
160.0
160.0
159.0
159.0
159.0
160.0
161.0
161.0
160.0
158.0
158.0
157.0
157.0
157.0
157.0
159.0
159.0
158.0
158.0
158.0
158.0
157.0
157.0
157.0
153.0
153.0
155.0
157.0
157.0
157.0
157.0
157.0
157.0
157.0
157.0
159.0
159.0
159.0
158.0
160.0
160.0
159.0
159.0
159.0
159.0
158.0
158.0
159.0
158.0
158.0
160.0
157.0
157.0
157.0
157.0
156.0
157.0
157.0
156.0
157.0
157.0
157.0
157.0
157.0
156.0
156.0
156.0
155.0
157.0
157.0
157.0
157.0
157.0
158.0
159.0
159.0
159.0
161.0
161.0
161.0
162.0
162.0
163.0
161.0
161.0
162.0
161.0
161.0
163.0
162.0
162.0
161.0
159.0
159.0
159.0
158.0
158.0
157.0
157.0
157.0
158.0
159.0
159.0
160.0
160.0
160.0
160.0
161.0
161.0
160.0
161.0
161.0
157.0
159.0
159.0
158.0
158.0
158.0
160.0
159.0
159.0
161.0
160.0
160.0
161.0
160.0
160.0
160.0
160.0
160.0
160.0
160.0
160.0
160.0
159.0
159.0
160.0
160.0
160.0
161.0
160.0
160.0
159.0
159.0
159.0
159.0
160.0
160.0
160.0
160.0
160.0
162.0
163.0
163.0
161.0
163.0
163.0
163.0
163.0
163.0
163.0
163.0
163.0
163.0
164.0
163.0
163.0
163.0
163.0
163.0
162.0
163.0
163.0
163.0
163.0
163.0
163.0
162.0
162.0
159.0
160.0
160.0
159.0
160.0
160.0
159.0
162.0
162.0
161.0
161.0
161.0
159.0
157.0
157.0
157.0
157.0
157.0
157.0
158.0
158.0
159.0
158.0
158.0
160.0
159.0
159.0
161.0
159.0
159.0
159.0
160.0
160.0
161.0
160.0
160.0
161.0
162.0
162.0
162.0
161.0
161.0
162.0
161.0
161.0
160.0
161.0
161.0
162.0
160.0
160.0
161.0
159.0
159.0
158.0
159.0
159.0
157.0
158.0
158.0
158.0
161.0
161.0
161.0
160.0
160.0
163.0
163.0
163.0
163.0
163.0
163.0
163.0
163.0
162.0
162.0
163.0
162.0
162.0
162.0
163.0
163.0
162.0
163.0
163.0
161.0
162.0
162.0
160.0
161.0
161.0
160.0
161.0
161.0
160.0
162.0
162.0
160.0
160.0
160.0
161.0
161.0
161.0
160.0
161.0
161.0
160.0
161.0
161.0
160.0
162.0
162.0
161.0
160.0
160.0
161.0
160.0
160.0
160.0
160.0
160.0
161.0
162.0
162.0
161.0
162.0
162.0
162.0
162.0
161.0
161.0
158.0
160.0
160.0
160.0
160.0
160.0
160.0
160.0
160.0
160.0
160.0
160.0
161.0
161.0
161.0
160.0
159.0
159.0
159.0
158.0
158.0
159.0
159.0
159.0
158.0
161.0
161.0
157.0
159.0
159.0
157.0
157.0
157.0
157.0
157.0
157.0
157.0
157.0
158.0
158.0
158.0
158.0
158.0
158.0
159.0
159.0
159.0
161.0
160.0
160.0
161.0
161.0
161.0
162.0
161.0
161.0
162.0
163.0
163.0
163.0
163.0
163.0
163.0
163.0
164.0
164.0
163.0
163.0
163.0
163.0
163.0
163.0
162.0
163.0
163.0
163.0
163.0
163.0
162.0
162.0
162.0
163.0
161.0
163.0
163.0
161.0
161.0
161.0
161.0
163.0
163.0
163.0
162.0
162.0
162.0
161.0
161.0
162.0
162.0
162.0
163.0
163.0
163.0
163.0
163.0
163.0
162.0
163.0
163.0
162.0
161.0
161.0
162.0
161.0
161.0
163.0
163.0
163.0
163.0
163.0
158.0
158.0
162.0
162.0
162.0
161.0
158.0
158.0
159.0
157.0
157.0
157.0
157.0
150.0
147.0
147.0
141.0
141.0
143.0
145.0
145.0
147.0
149.0
149.0
151.0
151.0
155.0
159.0
159.0
161.0
163.0
164.0
164.0
165.0
165.0
165.0
164.0
163.0
163.0
164.0
163.0
163.0
162.0
163.0
163.0
163.0
165.0
165.0
164.0
165.0
166.0
166.0
166.0
166.0
166.0
166.0
166.0
167.0
165.0
167.0
167.0
165.0
166.0
164.0
164.0
165.0
164.0
164.0
163.0
163.0
163.0
163.0
163.0
163.0
163.0
162.0
162.0
162.0
163.0
163.0
163.0
162.0
162.0
162.0
162.0
163.0
163.0
163.0
162.0
162.0
161.0
162.0
162.0
163.0
163.0
163.0
162.0
163.0
163.0
163.0
163.0
163.0
163.0
162.0
162.0
162.0
162.0
162.0
161.0
160.0
160.0
160.0
157.0
157.0
158.0
158.0
158.0
157.0
157.0
157.0
157.0
155.0
155.0
157.0
154.0
154.0
156.0
157.0
157.0
158.0
160.0
160.0
159.0
159.0
159.0
159.0
158.0
158.0
160.0
159.0
159.0
160.0
158.0
158.0
158.0
157.0
157.0
158.0
158.0
159.0
160.0
160.0
159.0
160.0
160.0
158.0
158.0
158.0
157.0
158.0
158.0
158.0
160.0
160.0
159.0
160.0
160.0
159.0
159.0
159.0
159.0
159.0
159.0
157.0
159.0
159.0
160.0
159.0
159.0
160.0
159.0
159.0
159.0
158.0
158.0
159.0
158.0
158.0
160.0
160.0
160.0
161.0
161.0
161.0
162.0
161.0
161.0
161.0
161.0
161.0
160.0
161.0
161.0
160.0
161.0
161.0
160.0
160.0
160.0
160.0
160.0
160.0
160.0
159.0
159.0
161.0
161.0
161.0
161.0
161.0
162.0
162.0
161.0
160.0
160.0
161.0
162.0
162.0
160.0
161.0
161.0
160.0
160.0
160.0
160.0
161.0
161.0
161.0
162.0
162.0
163.0
162.0
162.0
163.0
162.0
162.0
162.0
161.0
161.0
162.0
161.0
161.0
159.0
161.0
161.0
160.0
158.0
158.0
159.0
160.0
160.0
159.0
160.0
160.0
159.0
159.0
159.0
160.0
160.0
160.0
160.0
160.0
160.0
160.0
159.0
159.0
159.0
158.0
158.0
159.0
159.0
159.0
160.0
159.0
159.0
160.0
160.0
160.0
160.0
157.0
157.0
159.0
159.0
159.0
159.0
159.0
159.0
160.0
159.0
159.0
160.0
160.0
160.0
159.0
159.0
159.0
158.0
158.0
158.0
158.0
159.0
159.0
160.0
158.0
158.0
159.0
159.0
159.0
157.0
155.0
155.0
157.0
157.0
157.0
157.0
158.0
158.0
157.0
159.0
159.0
158.0
159.0
159.0
158.0
158.0
158.0
159.0
159.0
158.0
159.0
159.0
159.0
158.0
158.0
159.0
157.0
157.0
157.0
157.0
157.0
157.0
157.0
157.0
157.0
159.0
159.0
158.0
160.0
160.0
158.0
160.0
160.0
158.0
159.0
159.0
157.0
158.0
158.0
157.0
157.0
157.0
158.0
158.0
158.0
158.0
159.0
159.0
158.0
158.0
158.0
158.0
157.0
157.0
159.0
157.0
157.0
158.0
157.0
157.0
157.0
157.0
157.0
159.0
158.0
158.0
159.0
160.0
160.0
160.0
159.0
159.0
160.0
160.0
160.0
159.0
161.0
161.0
162.0
161.0
161.0
162.0
162.0
162.0
162.0
162.0
162.0
163.0
163.0
163.0
163.0
163.0
163.0
163.0
163.0
163.0
161.0
159.0
159.0
161.0
159.0
159.0
160.0
160.0
160.0
158.0
160.0
160.0
159.0
158.0
158.0
159.0
158.0
158.0
157.0
158.0
158.0
159.0
157.0
157.0
157.0
159.0
159.0
159.0
159.0
159.0
159.0
160.0
160.0
160.0
159.0
159.0
160.0
160.0
160.0
160.0
162.0
162.0
162.0
162.0
162.0
162.0
163.0
163.0
163.0
163.0
163.0
163.0
163.0
163.0
163.0
163.0
162.0
162.0
163.0
162.0
162.0
162.0
162.0
162.0
163.0
161.0
161.0
162.0
162.0
162.0
162.0
163.0
163.0
162.0
162.0
162.0
162.0
162.0
162.0
162.0
161.0
161.0
161.0
162.0
162.0
163.0
162.0
162.0
162.0
162.0
162.0
162.0
161.0
161.0
161.0
161.0
162.0
162.0
161.0
162.0
162.0
162.0
161.0
161.0
162.0
160.0
160.0
160.0
159.0
159.0
159.0
159.0
159.0
158.0
158.0
158.0
159.0
160.0
160.0
159.0
160.0
160.0
161.0
162.0
162.0
163.0
163.0
163.0
162.0
163.0
163.0
163.0
163.0
163.0
161.0
157.0
157.0
156.0
154.0
154.0
153.0
153.0
153.0
152.0
152.0
151.0
153.0
153.0
153.0
154.0
154.0
155.0
157.0
157.0
157.0
158.0
158.0
160.0
158.0
158.0
159.0
160.0
160.0
161.0
159.0
159.0
159.0
159.0
159.0
160.0
159.0
159.0
161.0
160.0
160.0
160.0
160.0
160.0
161.0
161.0
161.0
161.0
162.0
162.0
162.0
163.0
163.0
163.0
163.0
163.0
163.0
162.0
162.0
162.0
163.0
163.0
162.0
163.0
163.0
162.0
163.0
163.0
163.0
162.0
162.0
162.0
163.0
161.0
161.0
162.0
163.0
163.0
163.0
162.0
162.0
162.0
162.0
162.0
162.0
161.0
161.0
162.0
160.0
160.0
160.0
159.0
159.0
159.0
160.0
160.0
159.0
160.0
160.0
160.0
160.0
160.0
161.0
161.0
161.0
162.0
163.0
163.0
163.0
163.0
163.0
163.0
163.0
163.0
163.0
163.0
163.0
163.0
163.0
164.0
164.0
163.0
162.0
162.0
163.0
162.0
162.0
163.0
163.0
163.0
163.0
163.0
163.0
163.0
161.0
161.0
163.0
161.0
161.0
163.0
162.0
162.0
162.0
162.0
163.0
163.0
160.0
161.0
161.0
161.0
162.0
162.0
162.0
161.0
161.0
161.0
161.0
161.0
160.0
157.0
157.0
157.0
157.0
157.0
156.0
157.0
157.0
157.0
158.0
158.0
158.0
159.0
159.0
158.0
158.0
157.0
158.0
158.0
159.0
158.0
158.0
159.0
158.0
158.0
160.0
158.0
158.0
158.0
159.0
159.0
160.0
159.0
159.0
160.0
160.0
160.0
160.0
161.0
161.0
161.0
160.0
160.0
162.0
161.0
161.0
162.0
161.0
160.0
160.0
160.0
161.0
161.0
161.0
160.0
160.0
162.0
161.0
161.0
160.0
161.0
161.0
160.0
159.0
159.0
161.0
160.0
160.0
161.0
161.0
161.0
160.0
160.0
160.0
160.0
160.0
160.0
159.0
159.0
159.0
160.0
161.0
161.0
161.0
162.0
162.0
163.0
163.0
163.0
163.0
163.0
163.0
163.0
164.0
164.0
164.0
165.0
164.0
164.0
164.0
164.0
164.0
164.0
164.0
164.0
164.0
165.0
165.0
163.0
164.0
164.0
164.0
163.0
163.0
164.0
163.0
163.0
163.0
162.0
162.0
162.0
162.0
161.0
161.0
161.0
162.0
162.0
159.0
159.0
159.0
159.0
161.0
161.0
161.0
162.0
162.0
162.0
163.0
163.0
163.0
163.0
163.0
163.0
163.0
163.0
163.0
163.0
163.0
163.0
164.0
164.0
164.0
164.0
163.0
163.0
164.0
163.0
163.0
163.0
165.0
165.0
163.0
164.0
164.0
163.0
163.0
163.0
163.0
163.0
162.0
162.0
161.0
161.0
161.0
161.0
161.0
161.0
161.0
163.0
163.0
162.0
163.0
163.0
163.0
163.0
163.0
163.0
163.0
163.0
164.0
164.0
164.0
164.0
164.0
165.0
165.0
164.0
165.0
165.0
165.0
165.0
165.0
163.0
164.0
164.0
164.0
165.0
165.0
163.0
164.0
164.0
164.0
164.0
164.0
164.0
163.0
164.0
164.0
163.0
164.0
164.0
164.0
165.0
165.0
164.0
164.0
164.0
164.0
163.0
164.0
164.0
164.0
164.0
164.0
164.0
163.0
163.0
164.0
163.0
163.0
162.0
162.0
162.0
162.0
163.0
163.0
162.0
161.0
161.0
162.0
161.0
161.0
161.0
161.0
160.0
160.0
161.0
162.0
162.0
161.0
161.0
161.0
162.0
162.0
162.0
161.0
163.0
163.0
163.0
163.0
163.0
163.0
164.0
164.0
163.0
164.0
164.0
163.0
163.0
163.0
164.0
163.0
164.0
164.0
163.0
164.0
164.0
163.0
163.0
163.0
163.0
163.0
163.0
162.0
163.0
163.0
162.0
161.0
161.0
163.0
161.0
161.0
162.0
162.0
162.0
163.0
163.0
163.0
163.0
163.0
163.0
163.0
163.0
163.0
163.0
163.0
163.0
163.0
162.0
162.0
162.0
163.0
161.0
161.0
163.0
163.0
163.0
163.0
163.0
163.0
163.0
163.0
163.0
163.0
163.0
162.0
162.0
161.0
161.0
161.0
162.0
162.0
162.0
163.0
162.0
162.0
161.0
162.0
162.0
159.0
162.0
162.0
160.0
160.0
160.0
159.0
157.0
157.0
157.0
157.0
157.0
157.0
157.0
157.0
156.0
155.0
155.0
153.0
153.0
154.0
155.0
155.0
154.0
154.0
154.0
156.0
157.0
157.0
157.0
158.0
158.0
158.0
160.0
160.0
160.0
161.0
161.0
161.0
162.0
162.0
162.0
162.0
162.0
162.0
161.0
161.0
162.0
160.0
160.0
161.0
160.0
160.0
160.0
160.0
160.0
160.0
159.0
159.0
157.0
156.0
156.0
155.0
156.0
156.0
155.0
155.0
155.0
156.0
156.0
156.0
157.0
157.0
157.0
157.0
157.0
157.0
157.0
157.0
158.0
159.0
159.0
159.0
159.0
159.0
160.0
161.0
161.0
160.0
161.0
161.0
161.0
160.0
160.0
161.0
161.0
161.0
162.0
162.0
162.0
162.0
162.0
162.0
162.0
161.0
163.0
163.0
161.0
163.0
163.0
162.0
163.0
163.0
162.0
161.0
161.0
163.0
162.0
162.0
162.0
162.0
162.0
161.0
161.0
161.0
161.0
161.0
161.0
161.0
161.0
161.0
160.0
158.0
158.0
160.0
159.0
159.0
158.0
157.0
157.0
157.0
158.0
158.0
157.0
158.0
158.0
157.0
159.0
159.0
157.0
158.0
158.0
159.0
157.0
157.0
159.0
158.0
158.0
159.0
157.0
157.0
157.0
157.0
157.0
156.0
156.0
156.0
155.0
155.0
154.0
154.0
154.0
156.0
156.0
156.0
156.0
157.0
157.0
158.0
159.0
159.0
160.0
159.0
159.0
160.0
161.0
161.0
161.0
161.0
161.0
161.0
161.0
161.0
160.0
160.0
160.0
160.0
161.0
161.0
161.0
161.0
161.0
160.0
160.0
160.0
159.0
160.0
160.0
160.0
160.0
160.0
161.0
161.0
161.0
161.0
161.0
161.0
163.0
163.0
163.0
163.0
163.0
163.0
163.0
163.0
163.0
163.0
163.0
163.0
163.0
164.0
163.0
163.0
163.0
163.0
163.0
163.0
163.0
163.0
160.0
160.0
160.0
161.0
160.0
160.0
161.0
161.0
161.0
162.0
163.0
163.0
163.0
163.0
163.0
163.0
162.0
161.0
161.0
162.0
162.0
162.0
160.0
161.0
161.0
161.0
159.0
159.0
159.0
160.0
160.0
159.0
159.0
159.0
159.0
157.0
157.0
159.0
158.0
158.0
159.0
159.0
159.0
159.0
157.0
157.0
156.0
156.0
153.0
152.0
152.0
153.0
152.0
152.0
153.0
153.0
153.0
155.0
155.0
155.0
157.0
157.0
157.0
157.0
157.0
157.0
157.0
157.0
158.0
159.0
159.0
157.0
158.0
158.0
157.0
156.0
156.0
156.0
157.0
157.0
156.0
154.0
154.0
153.0
153.0
153.0
153.0
153.0
153.0
153.0
153.0
154.0
154.0
154.0
153.0
155.0
155.0
157.0
157.0
157.0
157.0
158.0
158.0
159.0
158.0
158.0
160.0
160.0
160.0
160.0
160.0
160.0
159.0
159.0
159.0
159.0
160.0
160.0
159.0
158.0
158.0
160.0
159.0
159.0
160.0
160.0
160.0
161.0
160.0
160.0
161.0
162.0
162.0
160.0
160.0
160.0
161.0
160.0
160.0
161.0
160.0
160.0
159.0
160.0
160.0
160.0
159.0
159.0
161.0
160.0
160.0
161.0
161.0
161.0
161.0
160.0
160.0
159.0
159.0
159.0
158.0
156.0
156.0
156.0
154.0
154.0
154.0
154.0
153.0
154.0
154.0
152.0
153.0
153.0
153.0
154.0
154.0
154.0
154.0
156.0
157.0
157.0
156.0
158.0
158.0
157.0
159.0
159.0
158.0
159.0
159.0
160.0
160.0
160.0
161.0
161.0
161.0
160.0
161.0
161.0
161.0
161.0
161.0
162.0
162.0
161.0
161.0
161.0
161.0
161.0
161.0
160.0
160.0
159.0
159.0
159.0
159.0
159.0
159.0
158.0
159.0
159.0
159.0
160.0
160.0
159.0
159.0
158.0
159.0
159.0
160.0
159.0
159.0
159.0
160.0
160.0
160.0
160.0
160.0
159.0
161.0
160.0
160.0
160.0
160.0
160.0
160.0
160.0
160.0
159.0
159.0
159.0
158.0
158.0
157.0
159.0
159.0
157.0
159.0
159.0
158.0
159.0
159.0
157.0
157.0
157.0
157.0
156.0
156.0
156.0
154.0
154.0
154.0
153.0
153.0
154.0
153.0
153.0
154.0
154.0
155.0
153.0
153.0
156.0
155.0
155.0
155.0
154.0
154.0
153.0
153.0
153.0
153.0
153.0
153.0
154.0
154.0
156.0
155.0
155.0
154.0
155.0
155.0
156.0
155.0
155.0
156.0
156.0
156.0
157.0
157.0
157.0
157.0
157.0
157.0
158.0
158.0
158.0
158.0
158.0
158.0
159.0
159.0
158.0
158.0
158.0
159.0
159.0
159.0
160.0
158.0
158.0
157.0
157.0
157.0
156.0
156.0
156.0
154.0
155.0
155.0
155.0
154.0
154.0
154.0
154.0
153.0
153.0
153.0
152.0
153.0
153.0
153.0
152.0
152.0
153.0
153.0
150.0
149.0
149.0
147.0
141.0
141.0
142.0
142.0
142.0
142.0
143.0
142.0
142.0
142.0
142.0
144.0
145.0
145.0
147.0
149.0
149.0
150.0
150.0
153.0
153.0
153.0
154.0
154.0
154.0
155.0
157.0
157.0
157.0
158.0
158.0
158.0
159.0
159.0
158.0
160.0
160.0
158.0
158.0
158.0
158.0
158.0
158.0
159.0
159.0
159.0
159.0
158.0
158.0
160.0
157.0
157.0
159.0
159.0
159.0
158.0
158.0
157.0
158.0
158.0
157.0
158.0
158.0
157.0
158.0
158.0
158.0
158.0
158.0
159.0
158.0
158.0
158.0
159.0
159.0
159.0
160.0
160.0
159.0
159.0
159.0
160.0
157.0
157.0
158.0
157.0
157.0
156.0
157.0
157.0
157.0
155.0
155.0
153.0
153.0
153.0
151.0
151.0
153.0
153.0
153.0
150.0
153.0
153.0
153.0
153.0
153.0
153.0
153.0
153.0
154.0
154.0
155.0
156.0
156.0
156.0
156.0
156.0
154.0
153.0
153.0
155.0
155.0
153.0
154.0
154.0
154.0
155.0
155.0
155.0
156.0
156.0
156.0
155.0
155.0
156.0
155.0
155.0
155.0
156.0
156.0
156.0
156.0
154.0
155.0
155.0
154.0
155.0
155.0
155.0
156.0
156.0
156.0
157.0
157.0
157.0
157.0
157.0
157.0
157.0
157.0
157.0
157.0
156.0
155.0
155.0
155.0
153.0
153.0
154.0
153.0
153.0
154.0
153.0
153.0
154.0
154.0
155.0
154.0
154.0
154.0
154.0
154.0
153.0
154.0
154.0
153.0
155.0
155.0
154.0
155.0
155.0
154.0
154.0
156.0
156.0
156.0
157.0
156.0
156.0
157.0
157.0
157.0
157.0
157.0
157.0
156.0
157.0
157.0
157.0
156.0
156.0
156.0
154.0
154.0
155.0
155.0
156.0
155.0
155.0
155.0
156.0
156.0
156.0
156.0
156.0
155.0
154.0
154.0
154.0
152.0
152.0
150.0
150.0
150.0
152.0
152.0
151.0
152.0
152.0
153.0
153.0
153.0
153.0
153.0
153.0
154.0
154.0
154.0
156.0
156.0
156.0
157.0
157.0
157.0
158.0
158.0
158.0
158.0
158.0
159.0
158.0
158.0
158.0
158.0
158.0
157.0
157.0
157.0
157.0
157.0
156.0
156.0
156.0
157.0
157.0
157.0
156.0
157.0
157.0
157.0
157.0
157.0
157.0
157.0
157.0
156.0
157.0
157.0
157.0
157.0
157.0
158.0
158.0
158.0
157.0
158.0
158.0
157.0
157.0
157.0
153.0
153.0
153.0
151.0
151.0
151.0
149.0
149.0
148.0
148.0
144.0
142.0
142.0
140.0
140.0
142.0
144.0
144.0
145.0
145.0
147.0
150.0
150.0
151.0
151.0
151.0
153.0
153.0
154.0
155.0
155.0
157.0
157.0
157.0
157.0
157.0
157.0
157.0
157.0
157.0
157.0
157.0
157.0
157.0
157.0
157.0
157.0
157.0
157.0
157.0
157.0
157.0
157.0
157.0
156.0
155.0
155.0
155.0
155.0
155.0
155.0
157.0
157.0
156.0
155.0
155.0
156.0
155.0
155.0
156.0
156.0
156.0
157.0
157.0
157.0
155.0
155.0
156.0
156.0
156.0
157.0
156.0
156.0
156.0
156.0
156.0
156.0
157.0
157.0
155.0
156.0
156.0
155.0
155.0
156.0
153.0
153.0
154.0
152.0
152.0
155.0
155.0
155.0
154.0
155.0
155.0
155.0
154.0
154.0
154.0
154.0
154.0
153.0
153.0
153.0
153.0
153.0
153.0
154.0
154.0
154.0
154.0
154.0
154.0
154.0
155.0
154.0
154.0
154.0
155.0
155.0
155.0
155.0
155.0
155.0
154.0
154.0
154.0
154.0
154.0
155.0
155.0
155.0
155.0
155.0
155.0
154.0
154.0
156.0
157.0
157.0
157.0
156.0
156.0
157.0
157.0
157.0
157.0
157.0
157.0
157.0
157.0
157.0
158.0
158.0
157.0
157.0
157.0
157.0
156.0
156.0
157.0
157.0
157.0
155.0
157.0
157.0
156.0
155.0
155.0
155.0
156.0
156.0
156.0
156.0
156.0
156.0
156.0
156.0
157.0
157.0
156.0
156.0
156.0
157.0
157.0
157.0
156.0
155.0
155.0
156.0
157.0
157.0
156.0
156.0
156.0
156.0
156.0
155.0
156.0
156.0
155.0
157.0
157.0
156.0
157.0
157.0
155.0
155.0
155.0
156.0
155.0
155.0
155.0
155.0
155.0
155.0
155.0
155.0
156.0
156.0
156.0
155.0
155.0
153.0
155.0
155.0
154.0
153.0
153.0
151.0
151.0
149.0
150.0
150.0
147.0
146.0
146.0
142.0
142.0
142.0
143.0
143.0
144.0
144.0
146.0
146.0
146.0
147.0
147.0
147.0
150.0
150.0
150.0
152.0
152.0
153.0
153.0
153.0
153.0
153.0
153.0
151.0
151.0
152.0
150.0
150.0
146.0
146.0
142.0
144.0
144.0
141.0
141.0
143.0
144.0
144.0
149.0
149.0
148.0
150.0
150.0
151.0
151.0
151.0
153.0
153.0
153.0
155.0
155.0
155.0
155.0
155.0
155.0
156.0
156.0
155.0
153.0
153.0
153.0
153.0
151.0
154.0
154.0
153.0
156.0
156.0
154.0
155.0
155.0
155.0
155.0
155.0
155.0
156.0
156.0
155.0
155.0
154.0
153.0
153.0
153.0
154.0
154.0
154.0
155.0
155.0
156.0
156.0
156.0
156.0
156.0
156.0
155.0
155.0
154.0
153.0
153.0
154.0
154.0
154.0
153.0
153.0
153.0
154.0
153.0
153.0
152.0
152.0
152.0
152.0
152.0
153.0
150.0
150.0
150.0
150.0
151.0
152.0
152.0
151.0
150.0
150.0
150.0
150.0
150.0
150.0
150.0
151.0
152.0
152.0
151.0
152.0
152.0
150.0
150.0
151.0
151.0
151.0
151.0
150.0
150.0
147.0
147.0
147.0
144.0
144.0
144.0
144.0
144.0
144.0
144.0
145.0
147.0
147.0
149.0
149.0
147.0
147.0
147.0
148.0
148.0
148.0
149.0
149.0
147.0
147.0
147.0
145.0
145.0
147.0
148.0
148.0
149.0
149.0
149.0
148.0
148.0
147.0
148.0
148.0
146.0
146.0
147.0
145.0
145.0
145.0
145.0
146.0
146.0
146.0
147.0
147.0
148.0
149.0
149.0
148.0
150.0
150.0
145.0
145.0
145.0
140.0
140.0
136.0
136.0
135.0
135.0
137.0
140.0
140.0
141.0
141.0
142.0
144.0
144.0
145.0
145.0
146.0
149.0
149.0
150.0
149.0
149.0
150.0
150.0
150.0
151.0
151.0
152.0
152.0
152.0
152.0
152.0
150.0
150.0
150.0
150.0
149.0
149.0
149.0
149.0
149.0
148.0
148.0
147.0
151.0
151.0
152.0
152.0
149.0
147.0
147.0
142.0
142.0
145.0
146.0
146.0
142.0
142.0
140.0
140.0
140.0
141.0
141.0
142.0
143.0
143.0
144.0
144.0
144.0
146.0
146.0
147.0
147.0
149.0
149.0
149.0
150.0
150.0
150.0
150.0
150.0
149.0
148.0
148.0
150.0
150.0
150.0
147.0
147.0
147.0
147.0
147.0
147.0
147.0
147.0
149.0
149.0
148.0
147.0
147.0
149.0
149.0
149.0
150.0
150.0
150.0
150.0
150.0
152.0
150.0
150.0
150.0
150.0
149.0
150.0
150.0
147.0
147.0
147.0
147.0
147.0
147.0
150.0
150.0
150.0
150.0
150.0
151.0
151.0
150.0
151.0
151.0
150.0
150.0
152.0
150.0
150.0
150.0
151.0
151.0
150.0
150.0
148.0
147.0
147.0
148.0
150.0
150.0
149.0
149.0
150.0
148.0
148.0
150.0
148.0
148.0
150.0
150.0
147.0
149.0
149.0
148.0
147.0
147.0
146.0
146.0
146.0
146.0
146.0
147.0
147.0
148.0
148.0
148.0
149.0
147.0
147.0
147.0
147.0
147.0
149.0
149.0
147.0
147.0
147.0
147.0
147.0
148.0
147.0
147.0
147.0
147.0
147.0
146.0
146.0
147.0
147.0
147.0
147.0
147.0
147.0
148.0
148.0
147.0
147.0
150.0
148.0
148.0
150.0
150.0
150.0
149.0
149.0
147.0
148.0
148.0
148.0
148.0
150.0
150.0
150.0
151.0
150.0
150.0
148.0
148.0
149.0
145.0
145.0
148.0
147.0
147.0
148.0
148.0
150.0
150.0
150.0
149.0
149.0
145.0
147.0
147.0
142.0
146.0
146.0
144.0
144.0
144.0
144.0
144.0
144.0
144.0
143.0
144.0
144.0
144.0
144.0
143.0
146.0
146.0
145.0
145.0
147.0
147.0
147.0
149.0
149.0
147.0
145.0
145.0
147.0
149.0
149.0
149.0
149.0
149.0
149.0
149.0
148.0
148.0
148.0
147.0
147.0
147.0
144.0
144.0
144.0
144.0
147.0
149.0
149.0
148.0
148.0
149.0
149.0
149.0
150.0
150.0
150.0
150.0
150.0
149.0
147.0
147.0
148.0
146.0
146.0
148.0
148.0
146.0
145.0
145.0
147.0
147.0
147.0
148.0
148.0
149.0
150.0
150.0
151.0
151.0
150.0
152.0
152.0
150.0
150.0
150.0
149.0
149.0
150.0
149.0
149.0
150.0
151.0
151.0
150.0
150.0
150.0
150.0
150.0
147.0
148.0
148.0
147.0
147.0
145.0
144.0
144.0
143.0
143.0
145.0
144.0
144.0
146.0
146.0
145.0
146.0
146.0
146.0
146.0
146.0
147.0
147.0
147.0
149.0
149.0
146.0
146.0
149.0
148.0
148.0
149.0
148.0
148.0
150.0
150.0
149.0
151.0
151.0
149.0
150.0
150.0
150.0
150.0
148.0
149.0
149.0
149.0
149.0
148.0
150.0
150.0
148.0
150.0
150.0
147.0
147.0
150.0
151.0
151.0
150.0
152.0
152.0
150.0
152.0
152.0
151.0
151.0
150.0
151.0
151.0
152.0
152.0
152.0
152.0
152.0
150.0
150.0
150.0
150.0
147.0
147.0
147.0
147.0
150.0
147.0
147.0
148.0
147.0
147.0
148.0
148.0
148.0
148.0
148.0
150.0
150.0
150.0
150.0
150.0
150.0
150.0
150.0
150.0
150.0
150.0
150.0
150.0
151.0
151.0
151.0
149.0
150.0
150.0
150.0
150.0
152.0
151.0
151.0
150.0
150.0
150.0
151.0
151.0
152.0
153.0
153.0
152.0
152.0
152.0
152.0
153.0
153.0
152.0
152.0
153.0
152.0
152.0
153.0
152.0
152.0
153.0
153.0
153.0
153.0
153.0
153.0
153.0
153.0
153.0
153.0
153.0
153.0
154.0
154.0
153.0
153.0
153.0
153.0
153.0
153.0
153.0
153.0
152.0
153.0
153.0
153.0
153.0
153.0
155.0
155.0
154.0
155.0
155.0
155.0
155.0
155.0
154.0
156.0
156.0
155.0
156.0
156.0
156.0
156.0
156.0
156.0
156.0
156.0
156.0
156.0
156.0
155.0
155.0
155.0
154.0
154.0
155.0
153.0
153.0
154.0
153.0
153.0
153.0
153.0
152.0
152.0
152.0
153.0
151.0
151.0
150.0
152.0
152.0
153.0
153.0
153.0
149.0
149.0
142.0
142.0
143.0
142.0
142.0
137.0
137.0
135.0
137.0
137.0
140.0
140.0
142.0
142.0
142.0
142.0
142.0
142.0
142.0
142.0
143.0
143.0
146.0
146.0
148.0
153.0
153.0
151.0
153.0
153.0
153.0
154.0
154.0
153.0
155.0
155.0
155.0
155.0
155.0
156.0
156.0
156.0
157.0
157.0
157.0
157.0
157.0
157.0
157.0
157.0
158.0
157.0
157.0
158.0
158.0
158.0
157.0
158.0
158.0
158.0
158.0
158.0
157.0
157.0
157.0
157.0
157.0
157.0
157.0
157.0
155.0
153.0
153.0
153.0
154.0
154.0
154.0
154.0
154.0
154.0
153.0
153.0
152.0
152.0
153.0
152.0
152.0
153.0
153.0
153.0
153.0
153.0
153.0
152.0
152.0
152.0
150.0
150.0
149.0
145.0
145.0
146.0
146.0
147.0
149.0
149.0
150.0
152.0
152.0
154.0
154.0
153.0
154.0
154.0
154.0
154.0
154.0
154.0
156.0
156.0
156.0
156.0
156.0
157.0
157.0
157.0
157.0
157.0
157.0
158.0
158.0
157.0
156.0
156.0
155.0
154.0
154.0
155.0
154.0
154.0
154.0
155.0
155.0
154.0
155.0
155.0
154.0
154.0
155.0
153.0
153.0
155.0
154.0
154.0
153.0
154.0
154.0
154.0
153.0
153.0
153.0
153.0
153.0
154.0
154.0
154.0
154.0
154.0
153.0
153.0
153.0
153.0
153.0
153.0
153.0
153.0
152.0
150.0
150.0
150.0
149.0
149.0
149.0
149.0
150.0
150.0
150.0
151.0
151.0
151.0
153.0
153.0
153.0
153.0
153.0
153.0
153.0
153.0
153.0
154.0
154.0
153.0
154.0
154.0
153.0
153.0
154.0
153.0
153.0
152.0
152.0
152.0
152.0
150.0
150.0
150.0
150.0
149.0
148.0
148.0
149.0
150.0
150.0
149.0
149.0
147.0
147.0
147.0
146.0
146.0
146.0
143.0
143.0
144.0
144.0
143.0
142.0
142.0
142.0
142.0
144.0
145.0
145.0
147.0
147.0
149.0
150.0
150.0
150.0
152.0
152.0
152.0
153.0
153.0
153.0
153.0
154.0
153.0
153.0
155.0
154.0
154.0
155.0
155.0
155.0
155.0
155.0
155.0
154.0
155.0
155.0
155.0
155.0
153.0
154.0
154.0
154.0
153.0
153.0
153.0
154.0
154.0
153.0
155.0
155.0
154.0
154.0
156.0
156.0
156.0
156.0
155.0
155.0
157.0
156.0
156.0
156.0
155.0
155.0
153.0
153.0
153.0
152.0
152.0
152.0
151.0
151.0
151.0
149.0
149.0
148.0
148.0
147.0
147.0
147.0
149.0
150.0
150.0
150.0
150.0
150.0
150.0
150.0
153.0
153.0
153.0
154.0
153.0
153.0
156.0
156.0
155.0
157.0
157.0
157.0
157.0
157.0
158.0
158.0
158.0
158.0
158.0
158.0
159.0
159.0
159.0
158.0
158.0
158.0
158.0
158.0
158.0
158.0
158.0
158.0
157.0
153.0
153.0
155.0
152.0
152.0
149.0
149.0
149.0
148.0
148.0
148.0
148.0
149.0
150.0
150.0
150.0
151.0
151.0
152.0
151.0
151.0
151.0
151.0
151.0
148.0
148.0
147.0
147.0
143.0
146.0
146.0
147.0
147.0
147.0
147.0
147.0
150.0
150.0
150.0
151.0
152.0
152.0
153.0
153.0
154.0
155.0
155.0
157.0
157.0
157.0
156.0
157.0
157.0
157.0
157.0
157.0
157.0
157.0
157.0
157.0
157.0
157.0
157.0
157.0
157.0
157.0
157.0
157.0
158.0
158.0
158.0
157.0
157.0
157.0
157.0
157.0
157.0
157.0
157.0
155.0
157.0
157.0
155.0
157.0
157.0
157.0
157.0
157.0
155.0
154.0
154.0
155.0
155.0
155.0
153.0
153.0
156.0
155.0
155.0
155.0
153.0
153.0
154.0
153.0
153.0
153.0
155.0
155.0
153.0
153.0
155.0
155.0
155.0
154.0
155.0
155.0
155.0
154.0
154.0
155.0
153.0
153.0
154.0
154.0
152.0
153.0
153.0
153.0
153.0
153.0
153.0
153.0
153.0
154.0
154.0
154.0
153.0
153.0
153.0
152.0
152.0
152.0
153.0
153.0
152.0
153.0
153.0
154.0
154.0
154.0
153.0
153.0
153.0
153.0
153.0
152.0
151.0
151.0
151.0
151.0
153.0
152.0
152.0
153.0
154.0
154.0
153.0
153.0
153.0
154.0
153.0
153.0
153.0
153.0
153.0
154.0
154.0
153.0
155.0
155.0
153.0
154.0
154.0
154.0
154.0
154.0
154.0
154.0
155.0
155.0
155.0
154.0
156.0
156.0
156.0
157.0
157.0
156.0
157.0
157.0
155.0
152.0
152.0
149.0
149.0
147.0
150.0
150.0
147.0
147.0
148.0
147.0
147.0
147.0
147.0
147.0
147.0
147.0
147.0
150.0
150.0
150.0
150.0
150.0
150.0
150.0
150.0
150.0
150.0
150.0
149.0
149.0
150.0
150.0
147.0
147.0
147.0
146.0
146.0
147.0
147.0
147.0
147.0
147.0
147.0
147.0
147.0
143.0
140.0
140.0
138.0
138.0
142.0
142.0
142.0
144.0
144.0
144.0
146.0
146.0
147.0
147.0
147.0
148.0
148.0
146.0
146.0
146.0
147.0
147.0
146.0
150.0
150.0
150.0
150.0
150.0
149.0
149.0
150.0
150.0
147.0
147.0
147.0
146.0
144.0
144.0
142.0
142.0
143.0
142.0
142.0
144.0
144.0
146.0
147.0
147.0
147.0
147.0
150.0
150.0
150.0
151.0
150.0
150.0
150.0
150.0
150.0
152.0
152.0
152.0
153.0
153.0
152.0
150.0
150.0
150.0
150.0
149.0
148.0
148.0
147.0
147.0
144.0
142.0
142.0
143.0
143.0
142.0
144.0
144.0
144.0
144.0
145.0
146.0
146.0
146.0
146.0
146.0
146.0
146.0
146.0
145.0
145.0
147.0
147.0
147.0
147.0
147.0
147.0
147.0
147.0
147.0
147.0
147.0
147.0
147.0
147.0
147.0
150.0
147.0
147.0
148.0
148.0
148.0
148.0
148.0
150.0
150.0
150.0
148.0
148.0
149.0
146.0
146.0
148.0
146.0
146.0
146.0
146.0
146.0
146.0
146.0
144.0
144.0
145.0
146.0
146.0
146.0
146.0
147.0
146.0
146.0
149.0
148.0
148.0
150.0
150.0
150.0
149.0
149.0
148.0
148.0
149.0
148.0
148.0
149.0
148.0
148.0
149.0
149.0
147.0
148.0
148.0
146.0
145.0
145.0
144.0
144.0
145.0
147.0
147.0
146.0
146.0
149.0
148.0
148.0
148.0
148.0
149.0
149.0
149.0
150.0
150.0
150.0
150.0
150.0
150.0
151.0
151.0
152.0
152.0
152.0
153.0
152.0
152.0
153.0
153.0
153.0
151.0
151.0
151.0
153.0
153.0
151.0
151.0
151.0
150.0
150.0
152.0
150.0
150.0
150.0
150.0
150.0
150.0
150.0
145.0
147.0
147.0
145.0
145.0
144.0
145.0
145.0
147.0
148.0
148.0
149.0
149.0
151.0
149.0
149.0
150.0
149.0
149.0
146.0
146.0
145.0
146.0
146.0
147.0
147.0
149.0
151.0
151.0
153.0
152.0
152.0
153.0
153.0
153.0
153.0
153.0
155.0
154.0
154.0
154.0
153.0
153.0
154.0
156.0
156.0
155.0
157.0
157.0
153.0
153.0
152.0
152.0
152.0
154.0
156.0
156.0
156.0
157.0
157.0
157.0
158.0
158.0
158.0
159.0
159.0
159.0
160.0
160.0
160.0
161.0
161.0
163.0
163.0
163.0
163.0
163.0
163.0
164.0
168.0
168.0
168.0
168.0
169.0
169.0
171.0
171.0
173.0
173.0
172.0
173.0
173.0
175.0
176.0
177.0
177.0
176.0
176.0
178.0
178.0
178.0
180.0
179.0
179.0
179.0
181.0
179.0
179.0
180.0
180.0
177.0
177.0
161.0
161.0
147.0
149.0
149.0
149.0
151.0
151.0
155.0
163.0
163.0
168.0
171.0
171.0
173.0
175.0
176.0
176.0
178.0
178.0
177.0
177.0
179.0
181.0
180.0
180.0
182.0
181.0
181.0
181.0
179.0
179.0
178.0
178.0
178.0
179.0
177.0
177.0
175.0
176.0
177.0
177.0
177.0
178.0
178.0
178.0
178.0
178.0
179.0
179.0
178.0
179.0
180.0
180.0
181.0
181.0
182.0
182.0
182.0
184.0
184.0
184.0
184.0
184.0
185.0
185.0
185.0
186.0
184.0
184.0
184.0
184.0
181.0
179.0
179.0
179.0
179.0
174.0
174.0
175.0
175.0
175.0
173.0
173.0
174.0
174.0
175.0
173.0
171.0
171.0
174.0
175.0
175.0
176.0
176.0
177.0
177.0
178.0
178.0
179.0
179.0
179.0
179.0
180.0
180.0
180.0
180.0
180.0
180.0
180.0
181.0
180.0
180.0
178.0
178.0
179.0
179.0
177.0
175.0
176.0
176.0
176.0
175.0
176.0
176.0
175.0
174.0
174.0
175.0
174.0
175.0
175.0
176.0
175.0
177.0
177.0
176.0
177.0
177.0
177.0
177.0
178.0
178.0
178.0
177.0
178.0
178.0
177.0
177.0
176.0
176.0
176.0
175.0
174.0
174.0
174.0
173.0
173.0
172.0
172.0
173.0
173.0
172.0
173.0
171.0
171.0
171.0
169.0
169.0
170.0
169.0
169.0
170.0
169.0
170.0
170.0
170.0
170.0
170.0
171.0
169.0
170.0
170.0
170.0
170.0
170.0
171.0
170.0
169.0
169.0
169.0
169.0
169.0
168.0
167.0
167.0
169.0
169.0
167.0
167.0
167.0
168.0
168.0
168.0
169.0
170.0
170.0
169.0
172.0
172.0
171.0
171.0
171.0
171.0
171.0
172.0
172.0
172.0
173.0
173.0
173.0
173.0
172.0
172.0
172.0
173.0
172.0
172.0
171.0
172.0
172.0
172.0
172.0
171.0
171.0
171.0
172.0
172.0
172.0
172.0
168.0
168.0
171.0
171.0
171.0
170.0
171.0
171.0
171.0
171.0
172.0
172.0
172.0
173.0
173.0
173.0
174.0
174.0
176.0
176.0
178.0
176.0
178.0
178.0
178.0
178.0
180.0
180.0
179.0
179.0
179.0
179.0
181.0
182.0
182.0
182.0
181.0
184.0
182.0
182.0
182.0
181.0
182.0
182.0
179.0
177.0
176.0
176.0
175.0
172.0
172.0
171.0
170.0
166.0
166.0
165.0
164.0
164.0
163.0
161.0
161.0
161.0
163.0
163.0
163.0
163.0
163.0
165.0
166.0
167.0
167.0
168.0
167.0
167.0
168.0
171.0
171.0
171.0
171.0
171.0
171.0
173.0
173.0
174.0
174.0
173.0
173.0
173.0
172.0
172.0
173.0
173.0
173.0
172.0
172.0
170.0
160.0
160.0
150.0
151.0
151.0
151.0
156.0
156.0
156.0
160.0
160.0
163.0
165.0
165.0
167.0
170.0
170.0
168.0
172.0
173.0
173.0
174.0
175.0
176.0
176.0
177.0
179.0
179.0
178.0
180.0
180.0
181.0
181.0
181.0
182.0
181.0
181.0
181.0
181.0
184.0
184.0
182.0
184.0
181.0
181.0
179.0
174.0
169.0
169.0
165.0
162.0
162.0
161.0
158.0
158.0
154.0
154.0
147.0
138.0
138.0
136.0
136.0
136.0
136.0
135.0
136.0
136.0
136.0
136.0
136.0
136.0
140.0
144.0
144.0
148.0
153.0
153.0
157.0
157.0
157.0
159.0
157.0
157.0
159.0
157.0
157.0
159.0
159.0
159.0
159.0
158.0
161.0
162.0
160.0
160.0
162.0
163.0
163.0
163.0
163.0
163.0
163.0
163.0
163.0
161.0
160.0
160.0
160.0
162.0
162.0
163.0
164.0
164.0
166.0
165.0
165.0
165.0
165.0
166.0
165.0
164.0
163.0
163.0
164.0
163.0
163.0
163.0
164.0
164.0
163.0
163.0
163.0
163.0
164.0
163.0
163.0
164.0
164.0
164.0
164.0
165.0
165.0
163.0
163.0
163.0
163.0
164.0
164.0
163.0
163.0
163.0
163.0
163.0
163.0
163.0
163.0
163.0
163.0
163.0
163.0
163.0
162.0
163.0
163.0
163.0
163.0
163.0
163.0
163.0
163.0
163.0
163.0
163.0
161.0
163.0
163.0
163.0
162.0
162.0
162.0
161.0
161.0
160.0
161.0
160.0
160.0
161.0
162.0
162.0
162.0
162.0
162.0
163.0
162.0
162.0
162.0
162.0
162.0
162.0
163.0
163.0
163.0
162.0
162.0
162.0
163.0
163.0
161.0
157.0
157.0
158.0
157.0
157.0
157.0
158.0
158.0
159.0
159.0
160.0
162.0
162.0
162.0
162.0
163.0
163.0
163.0
163.0
163.0
164.0
165.0
164.0
164.0
163.0
161.0
161.0
160.0
159.0
159.0
158.0
157.0
157.0
157.0
157.0
155.0
157.0
157.0
154.0
154.0
154.0
152.0
154.0
154.0
153.0
154.0
154.0
154.0
155.0
155.0
153.0
153.0
153.0
153.0
153.0
151.0
153.0
153.0
149.0
149.0
150.0
150.0
148.0
143.0
146.0
146.0
142.0
142.0
140.0
140.0
142.0
142.0
142.0
142.0
142.0
144.0
145.0
145.0
147.0
147.0
147.0
147.0
148.0
147.0
147.0
147.0
147.0
147.0
147.0
147.0
148.0
150.0
150.0
150.0
147.0
147.0
147.0
145.0
145.0
145.0
145.0
146.0
144.0
144.0
145.0
145.0
141.0
140.0
140.0
139.0
139.0
140.0
140.0
140.0
140.0
140.0
138.0
138.0
138.0
140.0
140.0
142.0
142.0
145.0
146.0
146.0
147.0
147.0
147.0
152.0
152.0
150.0
151.0
151.0
151.0
151.0
152.0
154.0
154.0
154.0
157.0
157.0
155.0
154.0
154.0
152.0
152.0
152.0
153.0
153.0
153.0
153.0
153.0
154.0
155.0
155.0
154.0
155.0
155.0
156.0
155.0
155.0
153.0
154.0
154.0
152.0
152.0
152.0
153.0
153.0
152.0
152.0
152.0
150.0
150.0
150.0
148.0
148.0
149.0
147.0
147.0
147.0
147.0
146.0
146.0
146.0
142.0
142.0
143.0
143.0
143.0
144.0
144.0
146.0
149.0
149.0
150.0
150.0
150.0
151.0
151.0
149.0
147.0
147.0
147.0
149.0
149.0
149.0
149.0
147.0
145.0
145.0
147.0
147.0
147.0
147.0
147.0
144.0
144.0
149.0
148.0
148.0
151.0
150.0
150.0
150.0
150.0
149.0
150.0
150.0
150.0
149.0
149.0
149.0
148.0
150.0
150.0
150.0
150.0
147.0
147.0
147.0
147.0
147.0
147.0
147.0
146.0
147.0
147.0
147.0
147.0
148.0
150.0
150.0
151.0
153.0
153.0
152.0
152.0
152.0
153.0
153.0
153.0
154.0
154.0
153.0
154.0
154.0
153.0
153.0
152.0
150.0
150.0
150.0
148.0
148.0
148.0
148.0
146.0
147.0
147.0
145.0
145.0
147.0
146.0
146.0
147.0
146.0
146.0
147.0
147.0
145.0
144.0
144.0
139.0
139.0
140.0
140.0
138.0
140.0
140.0
142.0
142.0
142.0
146.0
146.0
150.0
152.0
152.0
153.0
153.0
152.0
149.0
149.0
150.0
151.0
151.0
152.0
152.0
152.0
153.0
153.0
152.0
151.0
151.0
151.0
149.0
149.0
149.0
149.0
148.0
150.0
150.0
149.0
149.0
149.0
150.0
150.0
148.0
148.0
148.0
148.0
148.0
149.0
147.0
147.0
147.0
145.0
145.0
142.0
142.0
144.0
143.0
143.0
145.0
145.0
144.0
143.0
143.0
142.0
142.0
144.0
143.0
143.0
142.0
142.0
140.0
140.0
142.0
142.0
142.0
143.0
143.0
143.0
145.0
145.0
147.0
149.0
149.0
150.0
150.0
150.0
150.0
150.0
149.0
150.0
150.0
147.0
147.0
148.0
146.0
146.0
146.0
146.0
147.0
148.0
148.0
148.0
148.0
142.0
142.0
142.0
142.0
142.0
139.0
140.0
140.0
140.0
140.0
142.0
142.0
142.0
145.0
145.0
147.0
147.0
147.0
150.0
150.0
150.0
152.0
152.0
152.0
152.0
152.0
154.0
153.0
153.0
153.0
152.0
152.0
151.0
151.0
150.0
150.0
150.0
150.0
153.0
153.0
152.0
152.0
152.0
152.0
152.0
153.0
151.0
151.0
150.0
149.0
149.0
150.0
150.0
150.0
149.0
149.0
149.0
149.0
150.0
147.0
147.0
147.0
147.0
147.0
150.0
150.0
149.0
148.0
148.0
151.0
151.0
151.0
151.0
151.0
151.0
148.0
148.0
148.0
148.0
148.0
147.0
147.0
147.0
146.0
146.0
145.0
145.0
145.0
146.0
146.0
146.0
146.0
146.0
150.0
150.0
151.0
152.0
152.0
153.0
153.0
153.0
149.0
149.0
149.0
149.0
149.0
148.0
148.0
148.0
150.0
150.0
147.0
149.0
149.0
146.0
146.0
144.0
145.0
145.0
147.0
147.0
146.0
147.0
147.0
146.0
146.0
146.0
147.0
147.0
148.0
148.0
148.0
147.0
147.0
147.0
146.0
146.0
147.0
147.0
147.0
149.0
149.0
150.0
148.0
148.0
151.0
149.0
149.0
150.0
150.0
147.0
147.0
147.0
146.0
146.0
147.0
147.0
147.0
145.0
145.0
145.0
143.0
143.0
142.0
142.0
143.0
142.0
142.0
138.0
138.0
136.0
133.0
133.0
133.0
133.0
133.0
133.0
136.0
136.0
138.0
140.0
140.0
143.0
143.0
144.0
148.0
148.0
148.0
147.0
147.0
149.0
149.0
149.0
148.0
148.0
149.0
149.0
150.0
150.0
150.0
150.0
150.0
150.0
150.0
152.0
152.0
153.0
153.0
153.0
154.0
154.0
153.0
153.0
153.0
153.0
149.0
149.0
149.0
149.0
147.0
145.0
145.0
141.0
141.0
137.0
138.0
138.0
139.0
139.0
142.0
142.0
144.0
145.0
145.0
147.0
149.0
149.0
150.0
150.0
150.0
152.0
152.0
153.0
153.0
153.0
154.0
154.0
154.0
154.0
154.0
155.0
154.0
154.0
154.0
154.0
154.0
154.0
155.0
155.0
155.0
155.0
155.0
156.0
156.0
156.0
155.0
155.0
154.0
150.0
150.0
150.0
148.0
148.0
147.0
147.0
146.0
147.0
147.0
145.0
145.0
144.0
144.0
144.0
144.0
144.0
144.0
143.0
143.0
145.0
145.0
145.0
144.0
144.0
144.0
144.0
142.0
143.0
143.0
145.0
145.0
144.0
145.0
145.0
143.0
146.0
146.0
146.0
145.0
145.0
142.0
142.0
141.0
141.0
141.0
141.0
140.0
140.0
140.0
139.0
139.0
140.0
140.0
140.0
141.0
141.0
142.0
142.0
142.0
140.0
140.0
142.0
142.0
141.0
144.0
144.0
144.0
144.0
143.0
144.0
144.0
143.0
143.0
144.0
143.0
143.0
143.0
143.0
142.0
140.0
140.0
138.0
138.0
135.0
135.0
133.0
136.0
136.0
136.0
136.0
136.0
136.0
137.0
138.0
138.0
140.0
140.0
139.0
142.0
142.0
144.0
144.0
146.0
147.0
147.0
148.0
148.0
148.0
144.0
144.0
145.0
145.0
144.0
144.0
144.0
140.0
140.0
140.0
139.0
139.0
139.0
139.0
142.0
144.0
144.0
146.0
146.0
142.0
144.0
144.0
147.0
147.0
149.0
153.0
153.0
152.0
154.0
154.0
153.0
153.0
153.0
150.0
150.0
145.0
140.0
140.0
141.0
141.0
142.0
143.0
143.0
144.0
144.0
147.0
147.0
147.0
147.0
147.0
147.0
149.0
149.0
150.0
151.0
151.0
150.0
150.0
146.0
145.0
145.0
144.0
144.0
146.0
149.0
149.0
152.0
152.0
152.0
149.0
149.0
149.0
143.0
143.0
142.0
142.0
141.0
144.0
144.0
150.0
151.0
151.0
151.0
151.0
150.0
149.0
149.0
144.0
144.0
139.0
140.0
140.0
138.0
138.0
136.0
136.0
135.0
135.0
135.0
131.0
131.0
132.0
132.0
131.0
131.0
131.0
131.0
131.0
132.0
132.0
133.0
133.0
134.0
134.0
135.0
135.0
135.0
135.0
136.0
138.0
138.0
141.0
142.0
142.0
145.0
145.0
147.0
144.0
144.0
144.0
144.0
144.0
145.0
145.0
135.0
135.0
133.0
133.0
131.0
129.0
129.0
131.0
131.0
134.0
134.0
138.0
140.0
140.0
142.0
142.0
144.0
145.0
145.0
146.0
146.0
147.0
149.0
149.0
149.0
149.0
149.0
150.0
150.0
150.0
151.0
151.0
151.0
151.0
150.0
153.0
153.0
153.0
153.0
153.0
153.0
150.0
150.0
150.0
150.0
152.0
150.0
150.0
150.0
149.0
149.0
150.0
150.0
150.0
148.0
148.0
148.0
150.0
150.0
148.0
148.0
150.0
150.0
150.0
148.0
148.0
148.0
146.0
146.0
144.0
144.0
144.0
144.0
144.0
146.0
144.0
144.0
146.0
146.0
148.0
147.0
147.0
147.0
146.0
146.0
145.0
145.0
146.0
147.0
147.0
146.0
146.0
145.0
143.0
143.0
144.0
144.0
145.0
145.0
145.0
144.0
144.0
147.0
148.0
148.0
148.0
149.0
149.0
151.0
151.0
150.0
150.0
150.0
148.0
147.0
147.0
150.0
150.0
150.0
151.0
151.0
152.0
151.0
151.0
152.0
152.0
152.0
152.0
152.0
152.0
153.0
153.0
154.0
154.0
154.0
154.0
154.0
152.0
153.0
153.0
153.0
153.0
153.0
150.0
150.0
150.0
150.0
150.0
147.0
149.0
149.0
149.0
150.0
150.0
150.0
150.0
147.0
148.0
148.0
148.0
150.0
150.0
150.0
150.0
150.0
150.0
150.0
151.0
152.0
152.0
153.0
153.0
152.0
151.0
151.0
151.0
150.0
150.0
150.0
150.0
150.0
150.0
150.0
149.0
148.0
148.0
149.0
149.0
150.0
150.0
150.0
151.0
151.0
151.0
153.0
153.0
153.0
154.0
154.0
154.0
155.0
155.0
153.0
154.0
154.0
155.0
153.0
153.0
153.0
153.0
153.0
153.0
153.0
154.0
154.0
154.0
155.0
155.0
155.0
154.0
156.0
156.0
155.0
153.0
153.0
150.0
150.0
150.0
149.0
149.0
150.0
150.0
150.0
149.0
149.0
147.0
146.0
146.0
147.0
147.0
147.0
147.0
147.0
147.0
145.0
145.0
143.0
143.0
141.0
143.0
143.0
145.0
145.0
145.0
145.0
145.0
147.0
147.0
147.0
147.0
147.0
147.0
147.0
147.0
149.0
149.0
147.0
144.0
144.0
142.0
142.0
139.0
139.0
140.0
140.0
140.0
141.0
141.0
142.0
143.0
143.0
143.0
143.0
144.0
141.0
141.0
142.0
142.0
142.0
144.0
144.0
145.0
145.0
147.0
147.0
147.0
148.0
150.0
150.0
150.0
150.0
150.0
150.0
150.0
150.0
150.0
150.0
147.0
147.0
144.0
143.0
143.0
143.0
143.0
144.0
145.0
145.0
142.0
142.0
144.0
142.0
142.0
143.0
143.0
144.0
146.0
146.0
147.0
147.0
148.0
150.0
150.0
151.0
151.0
151.0
153.0
153.0
152.0
150.0
150.0
148.0
150.0
150.0
147.0
147.0
144.0
146.0
146.0
146.0
146.0
147.0
146.0
146.0
147.0
146.0
146.0
144.0
144.0
144.0
144.0
144.0
145.0
145.0
147.0
148.0
148.0
149.0
149.0
149.0
150.0
150.0
149.0
150.0
150.0
150.0
150.0
148.0
147.0
147.0
141.0
141.0
142.0
143.0
143.0
145.0
145.0
146.0
145.0
145.0
147.0
147.0
147.0
150.0
150.0
150.0
150.0
150.0
152.0
153.0
153.0
153.0
152.0
152.0
151.0
151.0
152.0
153.0
153.0
153.0
153.0
153.0
152.0
153.0
153.0
153.0
153.0
152.0
151.0
151.0
152.0
153.0
153.0
152.0
152.0
152.0
153.0
153.0
153.0
153.0
153.0
153.0
153.0
153.0
152.0
151.0
151.0
150.0
150.0
149.0
149.0
149.0
150.0
150.0
150.0
150.0
150.0
150.0
151.0
151.0
152.0
152.0
152.0
154.0
154.0
154.0
156.0
156.0
157.0
157.0
157.0
158.0
159.0
159.0
160.0
160.0
160.0
159.0
158.0
158.0
160.0
160.0
160.0
161.0
160.0
160.0
161.0
162.0
162.0
161.0
161.0
161.0
160.0
161.0
162.0
162.0
162.0
160.0
160.0
162.0
160.0
160.0
162.0
161.0
161.0
161.0
161.0
161.0
162.0
161.0
161.0
163.0
162.0
162.0
161.0
162.0
162.0
162.0
161.0
161.0
161.0
162.0
162.0
162.0
162.0
162.0
163.0
162.0
162.0
162.0
162.0
162.0
163.0
163.0
163.0
161.0
163.0
161.0
161.0
162.0
161.0
161.0
161.0
160.0
159.0
159.0
158.0
158.0
158.0
158.0
158.0
157.0
157.0
158.0
157.0
157.0
158.0
157.0
157.0
158.0
158.0
158.0
157.0
158.0
158.0
157.0
158.0
158.0
156.0
149.0
149.0
147.0
147.0
147.0
148.0
148.0
150.0
150.0
150.0
152.0
152.0
153.0
153.0
153.0
154.0
153.0
153.0
154.0
154.0
154.0
154.0
154.0
156.0
155.0
154.0
154.0
155.0
155.0
154.0
156.0
156.0
154.0
154.0
154.0
154.0
153.0
153.0
153.0
153.0
153.0
153.0
153.0
152.0
153.0
153.0
152.0
153.0
153.0
152.0
152.0
152.0
151.0
151.0
150.0
150.0
150.0
150.0
150.0
150.0
148.0
148.0
149.0
148.0
148.0
149.0
149.0
149.0
150.0
150.0
149.0
147.0
147.0
150.0
150.0
149.0
149.0
149.0
150.0
150.0
150.0
150.0
151.0
151.0
150.0
150.0
150.0
151.0
151.0
152.0
151.0
151.0
151.0
151.0
152.0
151.0
151.0
153.0
151.0
151.0
153.0
152.0
152.0
153.0
153.0
153.0
154.0
154.0
153.0
152.0
152.0
153.0
152.0
152.0
152.0
152.0
152.0
150.0
150.0
152.0
151.0
151.0
152.0
152.0
152.0
152.0
152.0
153.0
152.0
152.0
152.0
151.0
151.0
151.0
151.0
151.0
151.0
151.0
150.0
150.0
150.0
150.0
151.0
151.0
150.0
150.0
150.0
150.0
150.0
150.0
151.0
151.0
152.0
152.0
151.0
149.0
149.0
147.0
147.0
145.0
144.0
144.0
142.0
142.0
142.0
141.0
141.0
142.0
142.0
139.0
132.0
132.0
130.0
130.0
128.0
128.0
130.0
130.0
134.0
134.0
137.0
139.0
139.0
141.0
141.0
143.0
144.0
144.0
145.0
145.0
148.0
148.0
148.0
152.0
153.0
153.0
153.0
153.0
153.0
153.0
155.0
155.0
155.0
155.0
156.0
156.0
155.0
157.0
157.0
157.0
157.0
157.0
157.0
158.0
157.0
157.0
159.0
158.0
158.0
159.0
159.0
159.0
160.0
161.0
161.0
159.0
161.0
161.0
160.0
161.0
161.0
161.0
160.0
160.0
161.0
161.0
161.0
161.0
161.0
161.0
161.0
161.0
161.0
160.0
161.0
161.0
161.0
162.0
162.0
162.0
162.0
162.0
160.0
160.0
160.0
158.0
158.0
158.0
158.0
158.0
158.0
159.0
158.0
158.0
159.0
160.0
160.0
159.0
160.0
160.0
159.0
159.0
159.0
159.0
160.0
160.0
159.0
160.0
160.0
159.0
160.0
160.0
158.0
159.0
159.0
158.0
157.0
157.0
158.0
158.0
158.0
158.0
158.0
158.0
158.0
158.0
158.0
159.0
158.0
158.0
158.0
157.0
157.0
156.0
157.0
157.0
157.0
156.0
156.0
156.0
157.0
157.0
157.0
157.0
157.0
157.0
157.0
156.0
156.0
156.0
155.0
155.0
155.0
155.0
155.0
155.0
154.0
155.0
155.0
155.0
153.0
153.0
153.0
153.0
153.0
153.0
153.0
153.0
153.0
153.0
153.0
153.0
153.0
154.0
154.0
153.0
155.0
155.0
154.0
154.0
154.0
153.0
155.0
155.0
155.0
154.0
154.0
154.0
154.0
154.0
154.0
154.0
154.0
152.0
152.0
153.0
152.0
152.0
152.0
151.0
151.0
151.0
151.0
149.0
151.0
151.0
150.0
150.0
150.0
150.0
150.0
150.0
150.0
150.0
150.0
150.0
150.0
150.0
150.0
149.0
150.0
150.0
149.0
149.0
149.0
148.0
148.0
148.0
149.0
149.0
149.0
149.0
149.0
149.0
149.0
151.0
150.0
150.0
152.0
152.0
152.0
154.0
154.0
153.0
153.0
153.0
154.0
154.0
154.0
154.0
154.0
154.0
153.0
154.0
154.0
153.0
153.0
153.0
153.0
153.0
153.0
151.0
151.0
152.0
150.0
150.0
152.0
152.0
151.0
150.0
150.0
150.0
150.0
150.0
150.0
151.0
151.0
150.0
150.0
151.0
152.0
152.0
153.0
152.0
152.0
153.0
153.0
153.0
152.0
152.0
151.0
151.0
153.0
152.0
153.0
153.0
151.0
151.0
151.0
150.0
150.0
151.0
153.0
153.0
151.0
151.0
151.0
150.0
150.0
147.0
147.0
147.0
147.0
147.0
147.0
147.0
147.0
147.0
146.0
146.0
147.0
147.0
147.0
147.0
147.0
146.0
146.0
146.0
144.0
141.0
140.0
140.0
138.0
138.0
136.0
138.0
138.0
137.0
137.0
138.0
138.0
136.0
137.0
137.0
139.0
139.0
139.0
138.0
138.0
138.0
138.0
138.0
138.0
138.0
133.0
133.0
133.0
133.0
133.0
133.0
134.0
134.0
135.0
133.0
133.0
136.0
136.0
135.0
135.0
136.0
137.0
137.0
135.0
135.0
138.0
138.0
140.0
140.0
140.0
140.0
140.0
141.0
142.0
142.0
141.0
141.0
142.0
141.0
141.0
143.0
143.0
141.0
141.0
144.0
144.0
144.0
145.0
145.0
141.0
144.0
144.0
142.0
142.0
144.0
142.0
142.0
144.0
144.0
146.0
144.0
144.0
142.0
142.0
141.0
140.0
140.0
140.0
140.0
140.0
142.0
142.0
145.0
145.0
145.0
145.0
147.0
146.0
146.0
147.0
150.0
150.0
150.0
151.0
151.0
151.0
151.0
150.0
150.0
150.0
150.0
153.0
150.0
150.0
150.0
150.0
149.0
149.0
144.0
144.0
144.0
143.0
143.0
140.0
140.0
140.0
140.0
140.0
142.0
142.0
142.0
143.0
143.0
143.0
143.0
143.0
142.0
142.0
143.0
143.0
144.0
143.0
143.0
144.0
144.0
143.0
144.0
144.0
144.0
144.0
144.0
146.0
144.0
144.0
144.0
142.0
142.0
142.0
144.0
144.0
144.0
144.0
144.0
143.0
143.0
145.0
145.0
145.0
143.0
143.0
144.0
144.0
144.0
145.0
147.0
147.0
146.0
146.0
147.0
147.0
147.0
149.0
149.0
149.0
147.0
147.0
148.0
150.0
150.0
150.0
150.0
151.0
152.0
152.0
153.0
152.0
152.0
153.0
153.0
153.0
153.0
153.0
153.0
154.0
155.0
156.0
156.0
156.0
153.0
154.0
154.0
156.0
155.0
155.0
156.0
157.0
157.0
157.0
155.0
155.0
155.0
155.0
153.0
153.0
153.0
153.0
152.0
152.0
153.0
153.0
153.0
155.0
155.0
155.0
157.0
157.0
156.0
157.0
157.0
157.0
157.0
157.0
157.0
158.0
158.0
157.0
158.0
158.0
158.0
157.0
157.0
157.0
156.0
156.0
156.0
157.0
156.0
157.0
157.0
157.0
154.0
154.0
155.0
157.0
157.0
157.0
157.0
157.0
157.0
156.0
156.0
156.0
154.0
154.0
156.0
156.0
156.0
155.0
157.0
157.0
156.0
157.0
157.0
157.0
157.0
157.0
157.0
157.0
157.0
157.0
157.0
157.0
158.0
158.0
158.0
158.0
158.0
158.0
158.0
158.0
158.0
159.0
159.0
158.0
159.0
159.0
160.0
160.0
160.0
160.0
160.0
160.0
158.0
157.0
157.0
159.0
159.0
159.0
157.0
158.0
158.0
157.0
155.0
155.0
153.0
153.0
153.0
153.0
153.0
153.0
151.0
151.0
152.0
152.0
152.0
152.0
152.0
152.0
153.0
153.0
155.0
154.0
154.0
155.0
156.0
156.0
155.0
156.0
156.0
154.0
154.0
154.0
153.0
153.0
153.0
153.0
153.0
152.0
152.0
151.0
151.0
150.0
150.0
151.0
151.0
150.0
151.0
151.0
151.0
151.0
151.0
150.0
150.0
152.0
151.0
151.0
152.0
152.0
152.0
150.0
150.0
150.0
147.0
147.0
147.0
146.0
146.0
147.0
147.0
147.0
147.0
147.0
146.0
145.0
145.0
145.0
145.0
145.0
144.0
144.0
143.0
143.0
144.0
143.0
143.0
144.0
144.0
144.0
143.0
143.0
143.0
143.0
142.0
142.0
142.0
141.0
141.0
142.0
142.0
144.0
145.0
145.0
146.0
148.0
148.0
148.0
148.0
150.0
149.0
149.0
149.0
148.0
148.0
150.0
150.0
150.0
150.0
150.0
147.0
147.0
148.0
147.0
147.0
146.0
145.0
145.0
146.0
146.0
145.0
147.0
147.0
143.0
143.0
145.0
144.0
144.0
143.0
143.0
143.0
144.0
142.0
142.0
142.0
141.0
140.0
140.0
140.0
140.0
140.0
140.0
140.0
140.0
140.0
142.0
142.0
143.0
142.0
142.0
145.0
145.0
147.0
147.0
147.0
149.0
150.0
150.0
150.0
150.0
149.0
150.0
150.0
150.0
150.0
150.0
150.0
150.0
151.0
151.0
151.0
150.0
150.0
150.0
149.0
149.0
149.0
150.0
150.0
150.0
149.0
149.0
150.0
150.0
150.0
151.0
151.0
150.0
150.0
150.0
150.0
150.0
150.0
150.0
150.0
150.0
151.0
151.0
151.0
148.0
148.0
149.0
149.0
147.0
147.0
147.0
147.0
147.0
148.0
150.0
150.0
150.0
150.0
150.0
150.0
150.0
151.0
152.0
152.0
152.0
153.0
153.0
150.0
150.0
150.0
150.0
150.0
150.0
149.0
149.0
150.0
149.0
149.0
147.0
147.0
147.0
150.0
150.0
150.0
151.0
151.0
152.0
152.0
153.0
153.0
153.0
153.0
153.0
153.0
153.0
153.0
153.0
155.0
155.0
153.0
153.0
153.0
153.0
153.0
153.0
153.0
153.0
153.0
155.0
154.0
154.0
155.0
155.0
155.0
156.0
156.0
156.0
156.0
156.0
155.0
156.0
156.0
156.0
156.0
156.0
156.0
155.0
155.0
154.0
154.0
153.0
152.0
152.0
152.0
151.0
151.0
151.0
152.0
152.0
150.0
150.0
150.0
150.0
150.0
150.0
149.0
149.0
150.0
150.0
150.0
151.0
151.0
151.0
152.0
152.0
152.0
151.0
151.0
153.0
153.0
152.0
151.0
151.0
150.0
148.0
148.0
149.0
149.0
146.0
147.0
147.0
146.0
146.0
146.0
146.0
146.0
145.0
145.0
145.0
145.0
145.0
144.0
146.0
146.0
146.0
146.0
149.0
149.0
149.0
150.0
150.0
148.0
151.0
151.0
150.0
150.0
150.0
149.0
149.0
149.0
144.0
140.0
138.0
138.0
137.0
137.0
136.0
136.0
138.0
140.0
140.0
142.0
143.0
143.0
144.0
144.0
147.0
148.0
148.0
148.0
150.0
150.0
149.0
149.0
149.0
149.0
149.0
149.0
147.0
146.0
148.0
148.0
148.0
148.0
148.0
149.0
149.0
150.0
150.0
150.0
149.0
150.0
150.0
150.0
150.0
149.0
149.0
149.0
150.0
149.0
149.0
150.0
150.0
151.0
150.0
150.0
149.0
147.0
147.0
147.0
147.0
146.0
145.0
145.0
145.0
145.0
146.0
144.0
144.0
146.0
146.0
147.0
148.0
148.0
148.0
147.0
147.0
149.0
149.0
148.0
150.0
150.0
148.0
149.0
149.0
150.0
150.0
150.0
152.0
152.0
151.0
153.0
153.0
153.0
153.0
154.0
152.0
152.0
151.0
153.0
153.0
151.0
148.0
148.0
148.0
148.0
147.0
147.0
147.0
147.0
147.0
149.0
149.0
149.0
151.0
151.0
151.0
153.0
152.0
152.0
152.0
152.0
148.0
150.0
150.0
147.0
148.0
148.0
146.0
146.0
147.0
147.0
144.0
144.0
144.0
146.0
147.0
147.0
147.0
147.0
147.0
147.0
147.0
147.0
147.0
147.0
146.0
146.0
145.0
146.0
146.0
144.0
144.0
144.0
142.0
142.0
142.0
142.0
142.0
144.0
144.0
144.0
144.0
146.0
147.0
147.0
147.0
147.0
145.0
147.0
147.0
144.0
144.0
146.0
144.0
144.0
146.0
145.0
145.0
145.0
145.0
144.0
144.0
144.0
144.0
144.0
142.0
142.0
142.0
143.0
143.0
143.0
143.0
142.0
142.0
142.0
142.0
142.0
142.0
142.0
142.0
142.0
142.0
141.0
142.0
142.0
141.0
141.0
141.0
142.0
142.0
142.0
142.0
143.0
143.0
143.0
144.0
144.0
143.0
142.0
142.0
143.0
143.0
140.0
140.0
141.0
138.0
138.0
136.0
136.0
129.0
129.0
127.0
127.0
128.0
129.0
129.0
124.0
124.0
126.0
126.0
125.0
125.0
122.0
122.0
120.0
120.0
120.0
120.0
120.0
120.0
121.0
121.0
122.0
122.0
123.0
123.0
126.0
126.0
129.0
129.0
130.0
133.0
133.0
135.0
135.0
135.0
135.0
135.0
142.0
142.0
147.0
147.0
150.0
150.0
150.0
153.0
152.0
152.0
153.0
153.0
150.0
149.0
149.0
147.0
148.0
148.0
149.0
149.0
150.0
151.0
151.0
152.0
153.0
153.0
154.0
153.0
153.0
153.0
153.0
151.0
150.0
150.0
150.0
150.0
150.0
147.0
147.0
146.0
145.0
145.0
142.0
142.0
138.0
140.0
140.0
138.0
138.0
136.0
136.0
138.0
135.0
135.0
135.0
135.0
134.0
134.0
137.0
135.0
135.0
134.0
134.0
135.0
135.0
139.0
144.0
144.0
148.0
148.0
147.0
147.0
147.0
142.0
142.0
140.0
140.0
140.0
140.0
140.0
139.0
139.0
139.0
140.0
140.0
141.0
141.0
144.0
146.0
146.0
149.0
147.0
147.0
148.0
148.0
150.0
150.0
150.0
147.0
147.0
145.0
147.0
147.0
147.0
147.0
147.0
147.0
147.0
145.0
147.0
147.0
142.0
142.0
147.0
146.0
146.0
146.0
146.0
143.0
147.0
147.0
150.0
152.0
152.0
151.0
151.0
150.0
147.0
147.0
145.0
145.0
142.0
138.0
138.0
138.0
138.0
136.0
136.0
136.0
135.0
135.0
135.0
135.0
134.0
134.0
133.0
136.0
136.0
138.0
138.0
135.0
135.0
135.0
136.0
136.0
138.0
138.0
140.0
140.0
144.0
147.0
147.0
147.0
149.0
149.0
150.0
150.0
153.0
154.0
154.0
154.0
154.0
154.0
155.0
155.0
151.0
153.0
153.0
150.0
153.0
153.0
150.0
149.0
149.0
149.0
149.0
147.0
150.0
150.0
152.0
152.0
152.0
153.0
153.0
153.0
153.0
153.0
154.0
154.0
155.0
153.0
153.0
153.0
156.0
154.0
154.0
153.0
153.0
153.0
153.0
153.0
153.0
154.0
154.0
154.0
154.0
154.0
154.0
153.0
153.0
154.0
154.0
154.0
156.0
156.0
154.0
154.0
154.0
155.0
156.0
156.0
156.0
156.0
156.0
154.0
155.0
155.0
155.0
156.0
156.0
156.0
156.0
156.0
153.0
153.0
152.0
148.0
148.0
146.0
147.0
147.0
144.0
144.0
147.0
146.0
146.0
143.0
143.0
143.0
142.0
142.0
142.0
142.0
142.0
142.0
142.0
140.0
140.0
138.0
138.0
136.0
136.0
133.0
129.0
129.0
129.0
129.0
131.0
131.0
132.0
132.0
131.0
131.0
131.0
133.0
133.0
135.0
135.0
138.0
138.0
136.0
139.0
139.0
140.0
140.0
145.0
147.0
147.0
150.0
149.0
149.0
151.0
151.0
152.0
153.0
153.0
153.0
153.0
153.0
153.0
154.0
154.0
153.0
153.0
154.0
157.0
157.0
157.0
156.0
156.0
156.0
156.0
156.0
158.0
155.0
155.0
156.0
155.0
155.0
158.0
157.0
157.0
157.0
157.0
157.0
157.0
157.0
155.0
157.0
157.0
157.0
155.0
155.0
156.0
156.0
156.0
154.0
155.0
155.0
153.0
153.0
153.0
152.0
152.0
155.0
153.0
153.0
150.0
147.0
147.0
150.0
150.0
147.0
143.0
143.0
140.0
140.0
140.0
142.0
142.0
142.0
142.0
143.0
144.0
144.0
147.0
147.0
147.42857142857142
147.85714285714286
148.28571428571428
148.71428571428572
149.14285714285714
149.57142857142858
150.0
150.0
150.0
150.0
153.0
153.0
154.0
153.0
153.0
140.0
140.0
122.0
122.0
123.0
123.0
125.0
125.0
126.0
126.0
128.0
133.0
133.0
138.0
138.0
141.0
141.0
147.0
151.0
151.0
156.0
158.0
158.0
160.0
163.0
163.0
163.0
163.0
165.0
165.0
165.0
166.0
166.0
167.0
169.0
169.0
169.0
170.0
170.0
170.0
172.0
172.0
172.0
172.0
173.0
174.0
174.0
174.0
174.0
174.0
174.0
174.0
175.0
175.0
175.0
175.0
176.0
176.0
176.0
175.0
176.0
176.0
175.0
175.0
175.0
175.0
174.0
174.0
174.0
174.0
174.0
173.0
173.0
173.0
174.0
174.0
173.0
173.0
173.0
174.0
173.0
173.0
174.0
174.0
173.0
172.0
172.0
173.0
172.0
171.0
171.0
171.0
171.0
171.0
171.0
171.0
169.0
169.0
170.0
168.0
168.0
170.0
169.0
169.0
168.0
167.0
167.0
167.0
166.0
165.0
165.0
167.0
165.0
165.0
166.0
166.0
166.0
166.0
166.0
165.0
165.0
166.0
165.0
165.0
166.0
165.0
165.0
165.0
163.0
163.0
163.0
164.0
163.0
163.0
163.0
161.0
161.0
161.0
161.0
159.0
159.0
158.0
158.0
159.0
157.0
157.0
157.0
156.0
156.0
157.0
157.0
157.0
157.0
157.0
156.0
156.0
156.0
156.0
156.0
156.0
154.0
157.0
157.0
154.0
156.0
156.0
156.0
154.0
154.0
154.0
154.0
154.0
153.0
153.0
154.0
154.0
154.0
152.0
152.0
152.0
149.0
149.0
148.0
148.0
148.0
148.0
147.0
147.0
148.0
148.0
148.0
146.0
146.0
146.0
146.0
147.0
146.0
146.0
147.0
147.0
146.0
146.0
146.0
146.0
143.0
143.0
143.0
144.0
142.0
142.0
142.0
142.0
142.0
141.0
141.0
140.0
139.0
139.0
139.0
136.0
131.0
131.0
133.0
136.0
136.0
140.0
140.0
141.0
141.0
142.0
142.0
142.0
142.0
142.0
142.0
140.0
140.0
141.0
141.0
140.0
138.0
138.0
135.0
135.0
131.0
131.0
126.0
126.0
125.0
125.0
127.0
127.0
129.0
129.0
129.0
136.0
136.0
140.0
140.0
145.0
150.0
150.0
151.0
153.0
153.0
155.0
157.0
157.0
157.0
159.0
159.0
158.0
158.0
158.0
159.0
160.0
160.0
160.0
161.0
161.0
162.0
162.0
162.0
163.0
164.0
164.0
164.0
164.0
165.0
165.0
166.0
166.0
167.0
167.0
167.0
167.0
168.0
168.0
168.0
169.0
169.0
169.0
169.0
170.0
169.0
169.0
168.0
168.0
168.0
168.0
168.0
168.0
168.0
167.0
167.0
167.0
166.0
167.0
167.0
167.0
168.0
166.0
166.0
166.0
164.0
164.0
165.0
163.0
163.0
161.0
162.0
162.0
162.0
161.0
161.0
160.0
159.0
159.0
158.0
159.0
159.0
158.0
157.0
157.0
159.0
159.0
159.0
158.0
160.0
160.0
159.0
159.0
159.0
160.0
161.0
161.0
159.0
159.0
159.0
159.0
160.0
160.0
159.0
159.0
159.0
158.0
157.0
157.0
156.0
156.0
156.0
155.0
157.0
157.0
157.0
157.0
158.0
157.0
157.0
157.0
157.0
157.0
155.0
155.0
155.0
156.0
153.0
153.0
154.0
153.0
153.0
153.0
153.0
151.0
150.0
150.0
150.0
148.0
148.0
149.0
149.0
149.0
147.0
147.0
146.0
147.0
147.0
147.0
147.0
147.0
146.0
146.0
145.0
145.0
144.0
145.0
145.0
145.0
145.0
144.0
146.0
146.0
145.0
145.0
145.0
146.0
146.0
146.0
146.0
146.0
147.0
147.0
147.0
148.0
148.0
149.0
149.0
149.0
149.0
149.0
150.0
150.0
150.0
149.0
149.0
147.0
148.0
148.0
148.0
146.0
146.0
144.0
144.0
140.0
140.0
138.0
137.0
137.0
136.0
136.0
135.0
135.0
129.0
129.0
130.0
130.0
130.0
131.0
131.0
128.0
128.0
129.0
129.0
129.0
129.0
133.0
135.0
135.0
137.0
137.0
137.0
137.0
139.0
143.0
143.0
147.0
149.0
149.0
147.0
147.0
143.0
138.0
138.0
141.0
141.0
141.0
141.0
146.0
145.0
145.0
147.0
147.0
147.0
144.0
144.0
142.0
144.0
144.0
141.0
141.0
145.0
144.0
144.0
146.0
146.0
145.0
143.0
143.0
144.0
144.0
141.0
139.0
139.0
140.0
140.0
140.0
140.0
140.0
142.0
142.0
145.0
145.0
144.0
142.0
142.0
141.0
141.0
141.0
141.0
141.0
142.0
142.0
144.0
144.0
144.0
144.0
144.0
144.0
144.0
144.0
144.0
144.0
146.0
144.0
144.0
145.0
145.0
148.0
150.0
150.0
153.0
153.0
153.0
155.0
157.0
157.0
157.0
157.0
157.0
157.0
158.0
158.0
158.0
159.0
159.0
157.0
159.0
159.0
160.0
158.0
158.0
160.0
160.0
157.0
158.0
158.0
158.0
159.0
159.0
159.0
159.0
159.0
157.0
157.0
157.0
156.0
154.0
154.0
153.0
153.0
153.0
154.0
148.0
148.0
147.0
147.0
148.0
151.0
151.0
148.0
148.0
147.0
147.0
147.0
147.0
149.0
149.0
146.0
146.0
147.0
149.0
149.0
149.0
149.0
149.0
150.0
150.0
150.0
151.0
151.0
147.0
150.0
150.0
148.0
148.0
150.0
147.0
147.0
150.0
150.0
148.0
150.0
150.0
145.0
145.0
145.0
144.0
144.0
144.0
142.0
142.0
142.0
142.0
140.0
140.0
139.0
139.0
139.0
138.0
138.0
136.0
136.0
134.0
132.0
132.0
131.0
131.0
129.0
129.0
129.0
129.0
129.0
129.0
130.0
129.0
129.0
130.0
130.0
129.0
129.0
131.0
131.0
131.0
131.0
133.0
135.0
135.0
135.0
135.0
136.0
136.0
136.0
134.0
134.0
135.0
135.0
132.0
132.0
134.0
134.0
135.0
135.0
135.0
131.0
131.0
136.0
136.0
138.0
136.0
136.0
133.0
133.0
133.0
133.0
133.0
133.0
133.0
136.0
136.0
137.0
137.0
135.0
135.0
136.0
135.0
135.0
133.0
133.0
136.0
136.0
136.0
137.0
137.0
140.0
140.0
142.0
142.0
142.0
142.0
142.0
139.0
139.0
140.0
139.0
139.0
138.0
138.0
140.0
140.0
140.0
139.0
139.0
140.0
140.0
136.0
134.0
134.0
135.0
135.0
136.0
136.0
136.0
136.0
136.0
136.0
136.0
138.0
138.0
140.0
140.0
140.0
142.0
142.0
143.0
142.0
142.0
147.0
147.0
143.0
144.0
144.0
138.0
138.0
135.0
135.0
136.0
134.0
134.0
130.0
130.0
129.0
129.0
128.0
128.0
127.0
127.0
128.0
128.0
129.0
135.0
135.0
136.0
136.0
137.0
137.0
137.0
140.0
140.0
143.0
143.0
146.0
148.0
148.0
147.0
147.0
148.0
149.0
149.0
150.0
150.0
150.0
151.0
154.0
154.0
152.0
152.0
154.0
151.0
151.0
150.0
150.0
150.0
154.0
153.0
153.0
154.0
154.0
155.0
156.0
156.0
156.0
154.0
154.0
157.0
157.0
157.0
156.0
157.0
157.0
157.0
154.0
154.0
152.0
152.0
148.0
135.0
135.0
136.0
136.0
138.0
138.0
137.0
133.0
133.0
128.0
128.0
119.0
119.0
116.0
116.0
122.0
122.0
123.0
123.0
125.0
125.0
132.0
132.0
133.0
137.0
137.0
140.0
140.0
148.0
150.0
150.0
152.0
152.0
153.0
154.0
154.0
156.0
158.0
158.0
158.0
161.0
161.0
160.0
163.0
163.0
163.0
163.0
163.0
163.0
164.0
165.0
165.0
165.0
166.0
166.0
166.0
166.0
166.0
166.0
164.0
164.0
164.0
160.0
160.0
162.0
159.0
159.0
159.0
156.0
156.0
150.0
151.0
151.0
142.0
142.0
144.0
142.0
142.0
142.0
142.0
139.0
137.0
137.0
134.0
134.0
132.0
132.0
132.0
132.0
130.0
131.0
131.0
128.0
128.0
129.0
129.0
127.0
127.0
124.0
124.0
123.0
123.0
120.0
120.0
120.0
120.0
121.0
121.0
122.0
122.0
119.0
119.0
120.0
120.0
121.0
121.0
120.0
120.0
124.0
124.0
123.0
123.0
123.0
123.0
123.0
129.0
129.0
132.0
132.0
129.0
129.0
129.0
129.0
129.0
129.0
130.0
132.0
132.0
128.0
128.0
132.0
132.0
130.0
130.0
129.0
129.0
128.0
128.0
121.0
121.0
122.0
122.0
122.0
122.0
123.0
122.0
122.0
123.0
123.0
122.0
122.0
123.0
123.0
122.0
122.0
123.0
123.0
123.0
123.0
124.0
124.0
123.0
123.0
125.0
125.0
125.0
125.0
125.0
125.0
126.0
126.0
126.0
131.0
131.0
133.0
133.0
133.0
133.0
135.0
135.0
131.0
130.0
130.0
126.0
126.0
127.0
127.0
129.0
129.0
129.0
129.0
137.0
139.0
139.0
138.0
138.0
123.0
123.0
132.0
132.0
122.0
122.0
120.0
120.0
120.0
120.0
122.0
122.0
122.0
122.0
130.0
134.0
134.0
135.0
135.0
133.0
133.0
131.0
138.0
138.0
138.0
138.0
142.0
142.0
142.0
137.0
137.0
137.0
137.0
139.0
139.0
133.0
133.0
133.0
138.0
138.0
136.0
136.0
138.0
140.0
140.0
143.0
143.0
142.0
143.0
143.0
146.0
146.0
147.0
144.0
144.0
140.0
140.0
147.0
147.0
147.0
151.0
153.0
153.0
151.0
153.0
153.0
155.0
155.0
156.0
156.0
156.0
156.0
157.0
157.0
155.0
150.0
150.0
141.0
141.0
137.0
139.0
139.0
142.0
142.0
137.0
137.0
131.0
131.0
125.0
125.0
120.0
120.0
120.0
123.0
123.0
122.0
122.0
119.0
119.0
119.0
119.0
128.0
128.0
120.0
120.0
139.0
139.0
137.0
143.0
143.0
147.0
147.0
153.0
147.0
147.0
147.0
147.0
148.0
151.0
151.0
153.0
150.0
150.0
147.0
147.0
136.0
135.0
135.0
140.0
140.0
146.0
142.0
142.0
135.0
135.0
131.0
131.0
128.0
128.0
135.0
134.0
134.0
137.0
137.0
141.0
141.0
141.0
142.0
142.0
146.0
146.0
150.0
150.0
150.0
153.0
153.0
153.0
154.0
155.0
155.0
157.0
157.0
157.0
156.0
156.0
153.0
157.0
157.0
157.0
155.0
155.0
156.0
154.0
154.0
152.0
152.0
152.0
152.0
152.0
150.0
153.0
153.0
153.0
151.0
151.0
148.0
146.0
146.0
136.0
136.0
141.0
141.0
129.0
129.0
138.0
124.0
124.0
126.0
126.0
124.0
124.0
125.0
125.0
124.0
124.0
123.0
123.0
121.0
121.0
120.0
120.0
119.0
119.0
114.0
114.0
115.0
115.0
115.0
115.0
111.0
111.0
111.0
109.0
109.0
111.0
111.0
110.0
110.0
110.0
110.0
109.0
109.0
109.0
107.0
107.0
104.0
104.0
94.0
94.0
94.0
104.0
104.0
101.0
101.0
103.0
103.0
103.0
106.0
106.0
103.0
103.0
105.0
105.0
104.0
104.0
104.0
104.0
104.0
102.0
102.0
103.0
103.0
103.0
104.0
104.0
104.0
104.0
105.0
105.0
105.0
106.0
106.0
105.0
105.0
104.0
104.0
102.0
102.0
102.0
101.0
101.0
101.0
101.0
101.0
98.0
98.0
99.0
99.0
98.0
98.0
98.0
100.0
100.0
100.0
100.0
100.0
102.0
102.0
100.0
100.0
101.0
101.0
101.0
102.0
102.0
102.0
102.0
103.0
103.0
103.0
102.0
102.0
103.0
103.0
102.0
102.0
102.0
102.0
102.0
102.0
102.0
103.0
103.0
103.0
104.0
104.0
104.0
104.0
105.0
105.0
105.0
101.0
101.0
95.0
95.0
95.0
96.0
96.0
95.0
95.0
95.0
96.0
96.0
95.0
95.0
95.0
98.0
98.0
100.0
100.0
100.0
100.0
100.0
102.0
102.0
100.0
100.0
100.0
98.0
98.0
104.0
104.0
106.0
106.0
106.0
106.0
106.0
99.0
99.0
95.0
95.0
95.0
85.0
85.0
85.0
78.0
78.0
78.0
77.0
77.0
77.0
77.0
77.0
77.0
75.0
75.0
75.0
75.0
71.0
71.0
71.0
78.0
78.0
78.0
76.0
76.0
76.0
78.0
78.0
78.0
81.0
81.0
81.0
82.0
82.0
82.0
84.0
84.0
85.0
85.0
85.0
86.0
86.0
86.0
91.0
91.0
91.0
91.0
91.0
93.0
93.0
93.0
94.0
94.0
98.0
98.0
101.0
101.0
101.0
101.0
103.0
106.0
106.0
107.0
107.0
109.0
109.0
109.0
111.0
111.0
112.0
112.0
113.0
113.0
112.0
112.0
103.0
103.0
103.0
103.0
103.0
103.0
103.0
109.0
109.0
102.0
102.0
102.0
105.0
105.0
109.0
109.0
111.0
111.0
112.0
112.0
113.0
113.0
117.0
117.0
122.0
122.0
124.0
124.0
147.0
156.0
156.0
161.0
163.0
163.0
166.0
165.0
165.0
164.0
167.0
167.0
169.0
168.0
162.0
162.0
163.0
161.0
161.0
161.0
158.0
147.0
139.0
139.0
120.0
120.0
120.0
106.0
106.0
114.0
114.0
114.0
114.0
114.0
114.0
114.0
113.0
113.0
113.0
113.0
113.0
112.0
112.0
114.0
114.0
114.0
114.0
114.0
114.0
114.0
115.0
115.0
116.0
116.0
116.0
116.0
119.0
119.0
129.0
133.0
133.0
137.0
137.0
138.0
138.0
139.0
140.0
140.0
136.0
136.0
139.0
139.0
140.0
140.0
140.0
138.0
138.0
136.0
137.0
137.0
135.0
135.0
132.0
132.0
135.0
135.0
132.0
134.0
134.0
132.0
132.0
132.0
132.0
133.0
133.0
129.0
129.0
130.0
126.0
126.0
122.0
122.0
120.0
120.0
120.0
120.0
121.0
121.0
124.0
124.0
126.0
126.0
125.0
125.0
128.0
128.0
132.0
132.0
135.0
134.0
134.0
120.0
120.0
120.0
105.0
105.0
92.0
92.0
92.0
89.0
89.0
96.0
96.0
96.0
93.0
93.0
99.0
99.0
99.0
100.0
100.0
100.0
100.0
101.0
101.0
101.0
102.0
102.0
102.0
102.0
102.0
101.0
101.0
102.0
102.0
103.0
103.0
103.0
103.0
103.0
104.0
104.0
100.0
100.0
100.0
103.0
103.0
102.0
102.0
101.0
101.0
101.0
100.0
100.0
101.0
101.0
102.0
102.0
102.0
102.0
102.0
116.0
116.0
125.0
133.0
133.0
140.0
140.0
138.0
138.0
137.0
134.0
134.0
121.0
121.0
121.0
107.0
107.0
107.0
107.0
114.0
114.0
124.0
124.0
129.0
129.0
131.0
135.0
135.0
132.0
132.0
136.0
136.0
137.0
139.0
139.0
140.0
140.0
142.0
144.0
144.0
142.0
142.0
144.0
142.0
142.0
137.0
137.0
136.0
136.0
138.0
136.0
136.0
138.0
138.0
137.0
137.0
132.0
132.0
131.0
131.0
114.0
114.0
113.0
113.0
114.0
114.0
114.0
114.0
112.0
112.0
111.0
111.0
110.0
110.0
110.0
113.0
113.0
113.0
113.0
121.0
121.0
125.0
132.0
132.0
134.0
134.0
132.0
132.0
128.0
128.0
127.0
127.0
125.0
125.0
120.0
120.0
123.0
126.0
126.0
131.0
131.0
135.0
135.0
138.0
146.0
146.0
146.0
146.0
149.0
150.0
150.0
153.0
153.0
153.0
151.0
151.0
153.0
151.0
151.0
152.0
153.0
153.0
153.0
152.0
152.0
152.0
152.0
153.0
151.0
151.0
149.0
147.0
147.0
142.0
142.0
138.0
138.0
135.0
134.0
134.0
123.0
123.0
136.0
136.0
148.0
154.0
154.0
157.0
158.0
158.0
158.0
155.0
152.0
149.0
149.0
145.0
140.0
140.0
135.0
135.0
129.0
129.0
128.0
128.0
129.0
132.0
132.0
132.0
132.0
132.0
132.0
142.0
149.0
149.0
150.0
150.0
144.0
132.0
132.0
127.0
127.0
122.0
122.0
118.0
118.0
119.0
119.0
120.0
120.0
125.0
125.0
121.0
121.0
130.0
130.0
127.0
127.0
133.0
133.0
133.0
130.0
130.0
135.0
135.0
129.0
129.0
129.0
122.25
115.5
108.75
102.0
103.0
103.0
103.0
103.0
103.0
102.0
102.0
104.0
104.0
104.0
102.0
102.0
102.0
102.0
103.0
103.0
103.0
102.0
102.0
102.0
102.0
102.0
102.0
102.0
103.0
103.0
103.0
103.0
104.0
104.0
104.0
104.0
104.0
103.0
103.0
102.0
102.0
103.0
103.0
103.0
104.0
104.0
105.0
105.0
109.0
113.0
117.0
121.0
134.0
132.0
132.0
135.0
135.0
136.0
136.0
138.0
139.0
139.0
139.0
139.0
140.0
144.0
144.0
144.0
144.0
142.0
142.0
140.0
136.0
136.0
136.0
136.0
138.0
138.0
138.0
139.0
139.0
140.0
140.0
140.0
136.0
136.0
132.0
132.0
135.0
135.0
132.0
132.0
135.0
132.0
132.0
132.0
135.0
133.0
133.0
136.0
136.0
136.0
138.0
138.0
136.0
136.0
131.0
131.0
131.0
131.0
123.25
115.5
107.75
100.0
100.0
94.0
94.0
94.0
91.0
91.0
92.0
92.0
92.0
92.0
92.0
89.0
89.0
89.0
96.0
96.0
96.0
96.0
96.0
98.0
98.0
104.0
104.0
122.0
122.0
135.0
135.0
131.0
131.0
123.5
116.0
108.5
101.0
101.0
107.0
107.0
115.0
115.0
117.0
117.0
118.0
118.0
124.0
124.0
123.0
123.0
118.0
118.0
118.0
118.0
123.0
123.0
124.0
131.0
131.0
138.0
138.0
147.0
154.0
154.0
158.0
160.0
160.0
159.0
158.0
158.0
159.0
160.0
160.0
163.0
163.0
163.0
163.0
166.0
166.0
172.0
173.0
176.0
176.0
176.0
176.0
175.0
175.0
176.0
176.0
176.0
173.0
171.0
162.0
162.0
150.0
138.0
126.0
114.0
114.0
113.0
113.0
111.0
111.0
114.0
114.0
113.0
113.0
107.0
107.0
103.0
103.0
103.0
99.0
99.0
99.0
99.0
99.0
98.0
98.0
98.0
98.0
98.0
100.0
100.0
98.0
98.0
100.0
100.0
100.0
104.0
104.0
104.0
104.0
106.0
106.0
106.0
105.0
105.0
108.0
108.0
117.0
117.0
128.0
137.0
137.0
142.0
142.0
147.0
151.0
151.0
155.0
159.0
159.0
159.0
159.0
158.0
153.0
153.0
150.0
146.0
146.0
140.0
140.0
135.0
136.0
136.0
132.0
132.0
129.0
129.0
129.0
129.0
129.0
129.0
126.0
126.0
117.5
109.0
100.5
92.0
92.0
94.0
94.0
94.0
92.0
92.0
92.0
95.0
95.0
95.0
95.0
95.0
96.0
96.0
97.0
97.0
99.0
99.0
99.0
104.0
104.0
109.0
109.0
109.0
109.0
107.0
107.0
107.0
108.0
131.0
131.0
131.0
123.0
115.0
107.0
99.0
106.0
106.0
127.0
127.0
126.0
126.0
126.0
126.0
129.0
129.0
129.0
129.0
132.0
131.0
131.0
135.0
135.0
135.0
135.0
136.0
136.0
132.0
135.0
135.0
133.0
133.0
132.0
132.0
133.0
133.0
136.0
137.0
137.0
135.0
135.0
138.0
136.0
136.0
136.0
136.0
136.0
136.0
136.0
136.0
136.0
136.0
135.0
135.0
135.0
133.0
133.0
128.0
128.0
123.0
123.0
110.0
110.0
95.0
95.0
95.0
97.0
97.0
108.0
108.0
109.0
109.0
110.0
110.0
110.0
110.0
110.0
115.0
115.0
115.0
113.0
128.0
130.0
130.0
132.0
132.0
136.0
136.0
136.0
136.0
138.0
136.0
136.0
135.0
135.0
139.0
140.0
140.0
143.0
143.0
143.0
146.0
146.0
148.0
148.0
147.0
145.0
145.0
142.0
142.0
145.0
141.0
141.0
130.0
130.0
125.0
125.0
127.0
127.0
129.0
129.0
130.0
130.0
130.0
126.0
126.0
126.0
118.5
111.0
103.5
96.0
96.0
96.0
96.0
96.0
97.0
97.0
94.0
94.0
94.0
94.0
94.0
94.0
94.0
94.0
96.0
96.0
95.0
95.0
95.0
96.0
96.0
96.0
96.0
96.0
99.0
99.0
101.0
101.0
103.0
103.0
103.0
104.0
104.0
121.0
121.0
120.0
135.0
135.0
131.0
131.0
133.0
133.0
135.0
135.0
133.0
134.0
134.0
134.0
134.0
135.0
135.0
135.0
135.0
135.0
136.0
136.0
136.0
138.0
138.0
140.0
140.0
140.0
140.0
140.0
142.0
142.0
142.0
142.0
142.0
143.0
144.0
142.0
142.0
142.0
142.0
142.0
142.0
144.0
143.0
143.0
140.0
141.0
141.0
143.0
143.0
142.0
141.0
141.0
141.0
138.0
139.0
139.0
140.0
140.0
140.0
140.0
140.0
140.0
142.0
142.0
142.0
142.0
141.0
143.0
143.0
143.0
143.0
144.0
145.0
145.0
146.0
146.0
145.0
145.0
145.0
142.0
142.0
144.0
143.0
143.0
142.0
142.0
141.0
140.0
140.0
135.0
135.0
132.0
132.0
130.0
130.0
129.0
131.0
131.0
132.0
132.0
132.0
132.0
133.0
133.0
135.0
138.0
138.0
133.0
133.0
135.0
135.0
130.0
130.0
128.0
132.0
132.0
138.0
138.0
136.0
136.0
136.0
141.0
144.0
146.0
146.0
150.0
151.0
151.0
151.0
152.0
152.0
153.0
153.0
152.0
156.0
156.0
157.0
161.0
161.0
161.0
161.0
161.0
159.0
157.0
157.0
157.0
154.0
154.0
155.0
161.0
161.0
163.0
168.0
167.0
167.0
165.0
162.0
162.0
157.0
157.0
150.0
147.0
147.0
145.0
148.0
148.0
150.0
150.0
153.0
157.0
157.0
158.0
159.0
159.0
158.0
157.0
157.0
156.0
155.0
155.0
155.0
156.0
157.0
157.0
153.0
153.0
154.0
153.0
153.0
154.0
154.0
152.0
152.0
154.0
153.0
157.0
157.0
156.0
154.0
154.0
154.0
153.0
153.0
152.0
152.0
150.0
147.0
147.0
144.0
144.0
144.0
143.0
143.0
144.0
144.0
143.0
146.0
146.0
147.0
147.0
147.0
146.0
146.0
145.0
145.0
145.0
144.0
144.0
140.0
139.0
139.0
133.0
133.0
132.0
132.0
126.0
126.0
119.25
112.5
105.75
99.0
99.0
107.0
107.0
107.0
114.0
117.0
117.0
130.0
130.0
132.0
132.0
132.0
136.0
138.0
140.0
140.0
138.0
138.0
138.0
144.0
144.0
147.0
147.0
147.0
145.0
145.0
136.0
136.0
140.0
136.0
136.0
138.0
138.0
133.0
133.0
129.0
129.0
120.25
111.5
102.75
94.0
94.0
91.0
91.0
91.0
90.0
90.0
90.0
89.0
89.0
94.0
94.0
94.0
98.0
98.0
104.0
104.0
106.0
106.0
106.0
106.0
106.0
99.0
99.0
99.0
91.0
91.0
87.0
87.0
87.0
89.0
89.0
89.0
85.0
85.0
85.0
89.0
89.0
91.0
91.0
91.0
92.0
92.0
101.0
101.0
117.0
117.0
121.0
121.0
125.0
125.0
131.0
131.0
132.0
132.0
131.0
131.0
131.0
128.0
128.0
125.0
125.0
123.0
123.0
120.0
120.0
120.0
112.75
105.5
98.25
91.0
91.0
97.0
97.0
107.0
107.0
130.0
130.0
121.0
121.0
129.0
129.0
120.75
112.5
104.25
96.0
96.0
95.0
95.0
95.0
101.0
101.0
118.0
143.0
143.0
157.0
165.0
165.0
159.0
152.0
152.0
144.0
144.0
139.0
139.0
142.0
145.0
145.0
147.0
152.0
152.0
155.0
157.0
157.0
159.0
157.0
157.0
157.0
157.0
157.0
157.0
157.0
155.0
153.0
153.0
151.0
150.0
150.0
148.0
148.0
146.0
147.0
147.0
141.0
141.0
135.0
135.0
130.0
130.0
111.0
111.0
98.0
98.0
108.0
108.0
108.0
106.0
106.0
104.0
104.0
98.0
98.0
98.0
94.0
94.0
93.0
93.0
93.0
94.0
94.0
94.0
90.0
90.0
89.0
89.0
89.0
92.0
92.0
96.0
96.0
96.0
99.0
99.0
121.0
121.0
107.0
107.0
98.0
98.0
98.0
111.0
128.0
128.0
119.0
119.0
128.0
128.0
125.0
125.0
131.0
131.0
133.0
133.0
136.0
139.0
139.0
138.0
138.0
139.0
139.0
136.0
136.0
136.0
131.0
126.0
121.0
116.0
111.0
106.0
101.0
96.0
91.0
86.0
86.0
86.0
91.0
91.0
91.0
90.0
90.0
83.0
83.0
83.0
88.0
88.0
88.0
86.0
86.0
86.0
85.0
85.0
85.0
86.0
86.0
88.0
88.0
88.0
92.0
92.0
92.0
95.0
95.0
97.0
97.0
96.0
96.0
96.0
99.0
99.0
100.0
100.0
100.0
98.0
98.0
97.0
97.0
98.0
98.0
98.0
98.0
98.0
100.0
100.0
100.0
101.0
101.0
112.0
112.0
133.0
132.0
132.0
140.0
140.0
141.0
142.0
142.0
142.0
142.0
144.0
145.0
145.0
149.0
149.0
150.0
151.0
151.0
153.0
154.0
154.0
155.0
154.0
154.0
153.0
153.0
154.0
152.0
152.0
152.0
151.0
151.0
151.0
153.0
153.0
154.0
154.0
155.0
155.0
155.0
155.0
153.0
153.0
153.0
150.0
150.0
145.0
145.0
144.0
143.0
143.0
143.0
143.0
142.0
142.0
142.0
142.0
142.0
142.0
142.0
142.0
143.0
143.0
145.0
147.0
147.0
146.0
146.0
148.0
149.0
149.0
150.0
150.0
150.0
150.0
150.0
150.0
153.0
153.0
155.0
157.0
157.0
160.0
161.0
161.0
164.0
166.0
166.0
164.0
164.0
167.0
167.0
168.0
169.0
169.0
168.0
166.0
166.0
168.0
166.0
166.0
166.0
166.0
167.0
167.0
167.0
165.0
165.0
164.0
163.0
163.0
163.0
157.0
157.0
152.0
151.0
151.0
153.0
154.0
154.0
156.0
156.0
155.0
158.0
158.0
159.0
159.0
159.0
161.0
162.0
162.0
162.0
163.0
163.0
163.0
163.0
165.0
165.0
165.0
166.0
166.0
167.0
167.0
167.0
167.0
165.0
166.0
166.0
165.0
166.0
166.0
165.0
164.0
164.0
163.0
163.0
163.0
164.0
163.0
163.0
163.0
164.0
163.0
163.0
165.0
164.0
164.0
164.0
166.0
166.0
165.0
165.0
165.0
165.0
166.0
166.0
163.0
163.0
161.0
161.0
161.0
162.0
162.0
161.0
163.0
163.0
163.0
163.0
163.0
163.0
163.0
163.0
164.0
162.0
162.0
163.0
164.0
164.0
163.0
163.0
163.0
163.0
162.0
164.0
164.0
163.0
164.0
164.0
164.0
163.0
163.0
164.0
163.0
163.0
163.0
163.0
163.0
162.0
162.0
162.0
163.0
164.0
164.0
164.0
166.0
166.0
166.0
164.0
164.0
164.0
163.0
163.0
163.0
162.0
161.0
161.0
159.0
159.0
159.0
160.0
160.0
160.0
161.0
161.0
161.0
163.0
162.0
162.0
163.0
163.0
163.0
163.0
163.0
163.0
163.0
163.0
163.0
163.0
163.0
159.0
159.0
160.0
161.0
161.0
160.0
159.0
159.0
157.0
157.0
157.0
158.0
158.0
158.0
157.0
158.0
158.0
159.0
158.0
158.0
159.0
159.0
159.0
161.0
160.0
160.0
159.0
162.0
162.0
162.0
162.0
162.0
163.0
163.0
163.0
163.0
163.0
163.0
163.0
165.0
165.0
165.0
165.0
165.0
165.0
165.0
163.0
163.0
163.0
163.0
163.0
160.0
160.0
161.0
162.0
159.0
159.0
157.0
157.0
157.0
154.0
153.0
153.0
156.0
156.0
157.0
156.0
156.0
154.0
157.0
157.0
163.0
165.0
165.0
167.0
168.0
170.0
170.0
172.0
175.0
175.0
175.0
175.0
178.0
178.0
178.0
178.0
178.0
178.0
175.0
173.0
167.0
167.0
163.0
158.0
158.0
146.0
146.0
141.0
135.0
135.0
132.0
132.0
132.0
132.0
131.0
131.0
129.0
129.0
128.0
128.0
120.5
113.0
105.5
98.0
98.0
102.0
102.0
102.0
102.0
102.0
106.0
106.0
108.0
108.0
110.0
110.0
111.0
111.0
120.0
120.0
132.0
132.0
127.0
127.0
139.0
144.0
144.0
152.0
156.0
156.0
157.0
162.0
162.0
164.0
163.0
163.0
161.0
162.0
162.0
157.0
147.0
147.0
142.0
142.0
135.0
135.0
138.0
132.0
132.0
134.0
134.0
133.0
133.0
137.0
137.0
132.0
138.0
138.0
131.0
131.0
127.0
127.0
127.0
117.75
108.5
99.25
90.0
90.0
99.0
99.0
118.0
136.0
136.0
144.0
144.0
145.0
145.0
145.0
144.0
144.0
150.0
156.0
156.0
161.0
161.0
161.0
160.0
159.0
159.0
155.0
152.0
152.0
151.0
148.0
148.0
144.0
144.0
146.0
144.0
144.0
147.0
147.0
148.0
148.0
148.0
149.0
149.0
150.0
153.0
153.0
155.0
156.0
156.0
159.0
159.0
159.0
160.0
160.0
160.0
163.0
161.0
161.0
161.0
160.0
160.0
159.0
157.0
157.0
153.0
151.0
151.0
150.0
149.0
149.0
147.0
147.0
150.0
148.0
148.0
148.0
148.0
147.0
146.0
146.0
146.0
146.0
146.0
147.0
147.0
149.0
148.0
148.0
147.0
147.0
149.0
147.0
147.0
147.0
148.0
148.0
148.0
148.0
148.0
146.0
146.0
144.0
144.0
135.0
140.0
140.0
138.0
138.0
138.0
138.0
138.0
138.0
138.0
138.0
138.0
140.0
140.0
140.0
138.0
138.0
140.0
140.0
141.0
140.0
140.0
142.0
142.0
140.0
140.0
140.0
139.0
139.0
141.0
141.0
141.0
140.0
140.0
138.0
138.0
138.0
140.0
140.0
138.0
138.0
140.0
140.0
141.0
144.0
144.0
142.0
142.0
142.0
143.0
143.0
146.0
146.0
147.0
150.0
150.0
149.0
148.0
148.0
147.0
147.0
147.0
145.0
145.0
138.0
138.0
142.0
135.0
135.0
142.0
142.0
140.0
140.0
140.0
144.0
144.0
143.0
143.0
145.0
143.0
143.0
144.0
144.0
144.0
144.0
144.0
143.0
143.0
142.0
141.0
141.0
136.0
136.0
138.0
138.0
131.0
131.0
131.0
129.0
129.0
129.0
129.0
126.0
126.0
125.0
125.0
112.0
112.0
112.0
92.0
92.0
96.0
96.0
96.0
96.0
94.0
95.0
95.0
95.0
97.0
97.0
98.0
98.0
100.0
100.0
100.0
104.0
104.0
109.0
109.0
109.0
108.0
114.0
114.0
120.0
120.0
132.0
132.0
132.0
132.0
133.0
137.0
137.0
136.0
136.0
137.0
137.0
138.0
138.0
138.0
140.0
140.0
142.0
142.0
142.0
141.0
141.0
142.0
143.0
143.0
142.0
142.0
144.0
146.0
146.0
144.0
144.0
143.0
144.0
144.0
144.0
144.0
144.0
143.0
143.0
144.0
144.0
143.0
143.0
143.0
146.0
146.0
142.0
143.0
143.0
140.0
140.0
141.0
141.0
141.0
142.0
142.0
143.0
143.0
143.0
144.0
144.0
144.0
144.0
146.0
144.0
144.0
146.0
146.0
146.0
148.0
148.0
146.0
148.0
148.0
148.0
148.0
147.0
148.0
148.0
149.0
150.0
150.0
150.0
150.0
150.0
152.0
152.0
151.0
151.0
151.0
149.0
152.0
152.0
149.0
149.0
152.0
150.0
150.0
147.0
147.0
146.0
144.0
144.0
145.0
145.0
145.0
145.0
145.0
144.0
144.0
144.0
145.0
145.0
145.0
145.0
143.0
142.0
142.0
141.0
141.0
142.0
141.0
141.0
142.0
142.0
143.0
143.0
143.0
144.0
144.0
145.0
147.0
147.0
147.0
148.0
148.0
150.0
150.0
150.0
151.0
151.0
149.0
152.0
152.0
151.0
151.0
154.0
154.0
154.0
154.0
154.0
152.0
150.0
147.0
147.0
147.0
147.0
148.0
150.0
150.0
150.0
149.0
149.0
150.0
150.0
150.0
150.0
150.0
151.0
151.0
151.0
152.0
152.0
154.0
156.0
156.0
156.0
157.0
157.0
157.0
154.0
154.0
155.0
151.0
151.0
152.0
152.0
152.0
151.0
151.0
153.0
152.0
152.0
156.0
156.0
156.0
158.0
158.0
158.0
159.0
159.0
159.0
159.0
161.0
161.0
161.0
158.0
158.0
160.0
157.0
157.0
158.0
157.0
157.0
157.0
158.0
158.0
159.0
159.0
160.0
157.0
159.0
159.0
160.0
159.0
159.0
161.0
161.0
161.0
161.0
161.0
161.0
162.0
159.0
159.0
160.0
160.0
160.0
161.0
160.0
160.0
162.0
157.0
157.0
155.0
158.0
158.0
154.0
154.0
154.0
152.0
152.0
152.0
154.0
154.0
155.0
154.0
154.0
153.0
154.0
154.0
152.0
152.0
151.0
150.0
150.0
153.0
154.0
154.0
156.0
157.0
157.0
156.0
157.0
157.0
156.0
155.0
155.0
155.0
155.0
154.0
153.0
153.0
153.0
154.0
154.0
155.0
157.0
157.0
157.0
157.0
157.0
157.0
157.0
157.0
160.0
157.0
157.0
157.0
158.0
158.0
157.0
157.0
157.0
157.0
157.0
157.0
155.0
155.0
154.0
154.0
151.0
150.0
149.0
149.0
147.0
147.0
138.0
145.0
145.0
136.0
136.0
142.0
142.0
136.0
141.0
141.0
136.0
136.0
142.0
142.0
142.0
142.0
142.0
144.0
144.0
142.0
144.0
144.0
144.0
146.0
146.0
146.0
146.0
149.0
150.0
150.0
149.0
149.0
149.0
148.0
148.0
150.0
150.0
150.0
150.0
150.0
152.0
153.0
153.0
153.0
154.0
154.0
153.0
153.0
153.0
153.0
154.0
154.0
157.0
157.0
156.0
157.0
157.0
157.0
158.0
158.0
157.0
157.0
157.0
156.0
156.0
156.0
157.0
157.0
157.0
159.0
160.0
160.0
160.0
159.0
159.0
157.0
157.0
157.0
157.0
157.0
157.0
155.0
155.0
155.0
154.0
154.0
152.0
151.0
151.0
152.0
150.0
150.0
150.0
150.0
150.0
152.0
152.0
152.0
152.0
152.0
152.0
153.0
153.0
154.0
157.0
157.0
155.0
155.0
157.0
157.0
157.0
156.0
157.0
157.0
157.0
157.0
157.0
156.0
153.0
153.0
153.0
153.0
153.0
153.0
154.0
154.0
154.0
154.0
155.0
155.0
155.0
155.0
155.0
155.0
155.0
153.0
153.0
157.0
155.0
155.0
157.0
158.0
158.0
159.0
160.0
160.0
161.0
162.0
162.0
162.0
161.0
161.0
161.0
161.0
161.0
162.0
160.0
160.0
161.0
159.0
159.0
159.0
158.0
158.0
159.0
157.0
157.0
157.0
156.0
156.0
154.0
155.0
155.0
154.0
154.0
155.0
153.0
153.0
153.0
153.0
153.0
153.0
153.0
153.0
155.0
155.0
153.0
153.0
153.0
152.0
152.0
152.0
151.0
150.0
150.0
148.0
148.0
148.0
149.0
149.0
147.0
147.0
149.0
150.0
150.0
152.0
153.0
153.0
154.0
156.0
156.0
156.0
158.0
158.0
158.0
160.0
160.0
162.0
161.0
161.0
160.0
160.0
160.0
161.0
161.0
161.0
159.0
162.0
162.0
162.0
162.0
162.0
162.0
161.0
161.0
162.0
161.0
161.0
157.0
156.0
156.0
156.0
159.0
160.0
160.0
158.0
158.0
157.0
157.30769230769232
157.6153846153846
157.92307692307693
158.23076923076923
158.53846153846155
158.84615384615384
159.15384615384616
159.46153846153845
159.76923076923077
160.07692307692307
160.3846153846154
160.69230769230768
161.0
161.0
157.0
154.0
154.0
142.0
142.0
149.0
139.0
139.0
133.0
133.0
131.28125
129.5625
127.84375
126.125
124.40625
122.6875
120.96875
119.25
117.53125
115.8125
114.09375
112.375
110.65625
108.9375
107.21875
105.5
103.78125
102.0625
100.34375
98.625
96.90625
95.1875
93.46875
91.75
90.03125
88.3125
86.59375
84.875
83.15625
81.4375
79.71875
78.0
78.0
78.0
78.0
73.0
73.0
73.0
63.0
63.0
63.0
63.0
67.0
67.0
67.0
67.0
67.0
67.0
67.0
68.0
68.0
68.0
68.0
68.0
68.0
68.0
69.0
69.0
69.0
71.0
71.0
71.0
71.0
71.0
71.0
71.0
71.0
71.0
71.0
71.0
69.0
69.0
69.0
68.0
68.0
68.0
68.0
67.0
67.0
67.0
67.0
67.0
67.0
67.0
68.0
68.0
68.0
69.0
69.0
69.0
69.0
70.0
70.0
70.0
71.0
71.0
71.0
71.0
71.0
71.0
71.0
72.0
72.0
72.0
75.0
75.0
75.0
76.0
76.0
76.0
76.0
76.0
76.0
77.0
77.0
77.0
79.0
79.0
79.0
79.0
79.0
79.0
80.0
80.0
80.0
80.0
80.0
80.0
84.0
84.0
84.0
80.0
80.0
80.0
78.0
78.0
78.0
90.0
90.0
100.0
100.0
107.75
115.5
123.25
131.0
134.0
134.0
134.0
137.0
137.0
139.0
139.0
140.0
141.0
141.0
142.0
142.0
144.0
149.0
149.0
152.0
152.0
157.0
157.0
162.0
162.0
165.0
170.0
175.0
175.0
175.0
176.0
176.0
177.0
178.0
177.0
177.0
177.0
178.0
177.0
177.0
177.0
177.0
177.0
177.0
177.0
173.0
172.0
172.0
172.0
172.0
172.0
174.0
172.0
169.0
169.0
168.0
166.0
166.0
165.0
163.0
163.0
162.0
160.0
160.0
167.0
172.0
173.0
173.0
173.0
174.0
172.0
171.0
171.0
170.0
169.0
166.0
164.0
164.0
162.0
157.0
157.0
151.0
151.0
147.0
147.0
147.0
147.0
146.0
146.0
144.0
144.0
142.0
142.0
142.0
141.0
141.0
142.0
142.0
142.0
143.0
143.0
145.0
148.0
148.0
149.0
149.0
150.0
155.0
155.0
158.0
162.0
162.0
161.0
163.0
163.0
166.0
166.0
165.0
166.0
165.0
165.0
165.0
165.0
162.0
162.0
163.0
165.0
165.0
167.0
167.0
167.0
167.0
166.0
164.0
164.0
163.0
156.0
156.0
155.0
156.0
156.0
158.0
158.0
157.0
153.0
153.0
152.0
144.0
144.0
137.0
137.0
132.0
132.0
131.0
135.0
135.0
132.84
130.68
128.52
126.36
124.2
122.03999999999999
119.88
117.72
115.56
113.4
111.24
109.08
106.92
104.75999999999999
102.6
100.44
98.28
96.12
93.96
91.8
89.64
87.47999999999999
85.32
83.16
81.0
81.0
81.0
81.0
76.0
76.0
76.0
72.0
72.0
72.0
73.0
73.0
73.0
73.0
69.0
69.0
69.0
68.0
68.0
68.0
68.0
66.0
66.0
66.0
66.0
66.0
66.0
66.0
66.0
66.0
66.0
66.0
66.0
66.0
66.0
65.0
65.0
65.0
65.0
66.0
66.0
66.0
66.0
65.95454545454545
65.9090909090909
65.86363636363636
65.81818181818181
65.77272727272727
65.72727272727273
65.68181818181819
65.63636363636364
65.5909090909091
65.54545454545455
65.5
65.45454545454545
65.4090909090909
65.36363636363636
65.31818181818181
65.27272727272727
65.22727272727273
65.18181818181819
65.13636363636364
65.0909090909091
65.04545454545455
65.0
65.0
65.0
64.0
64.0
64.0
64.0
64.0
64.0
64.0
64.0
64.0
64.0
64.0
64.0
64.0
64.0
64.0
65.0
65.0
65.0
65.0
66.0
66.0
66.0
67.0
67.0
67.0
67.0
67.0
67.0
67.0
68.0
68.0
68.0
68.0
68.0
68.0
68.0
70.0
70.0
70.0
70.0
71.0
71.0
71.0
80.0
80.0
80.0
83.0
83.0
86.0
86.0
86.0
90.0
90.0
90.0
92.0
92.0
100.0
100.0
115.0
115.0
128.0
128.0
140.0
146.0
146.0
150.0
150.0
150.0
153.0
153.0
154.0
155.0
155.0
153.0
154.0
154.0
153.0
157.0
157.0
157.0
159.0
159.0
161.0
162.0
162.0
162.0
162.0
162.0
160.0
159.0
159.0
159.0
161.0
161.0
162.0
162.0
162.0
162.0
163.0
163.0
163.0
164.0
164.0
163.0
163.0
163.0
162.0
162.0
162.0
161.0
162.0
162.0
162.0
163.0
161.0
161.0
161.0
162.0
162.0
161.0
161.0
161.0
161.0
161.0
161.0
163.0
163.0
163.0
163.0
164.0
164.0
165.0
166.0
166.0
166.0
166.0
168.0
168.0
168.0
170.0
170.0
168.0
168.0
168.0
168.0
169.0
168.0
168.0
168.0
167.0
167.0
168.0
168.0
169.0
169.0
169.0
168.0
168.0
168.0
169.0
169.0
169.0
170.0
170.0
170.0
171.0
171.0
171.0
171.0
170.0
172.0
172.0
170.0
170.0
170.0
170.0
169.0
169.0
169.0
168.0
167.0
167.0
166.0
166.0
166.0
166.0
167.0
167.0
164.0
163.0
163.0
163.0
163.0
156.0
156.0
153.0
153.0
153.0
157.0
158.0
159.0
160.0
160.0
160.0
156.0
156.0
152.0
150.0
150.0
152.0
152.0
139.0
135.2
131.4
127.6
123.8
120.0
116.2
112.4
108.6
104.8
101.0
101.0
101.0
101.0
101.0
89.0
89.0
85.0
85.0
85.0
85.0
85.0
85.0
90.0
90.0
90.0
86.0
86.0
86.0
81.0
81.0
81.0
79.0
79.0
79.0
82.0
82.0
82.0
73.0
73.0
73.0
70.0
70.0
70.0
70.0
66.0
66.0
66.0
66.0
63.0
63.0
63.0
62.0
62.0
62.0
62.0
60.0
60.0
60.0
60.0
61.0
61.0
61.0
61.0
62.0
62.0
62.0
62.0
61.0
61.0
61.0
61.0
64.0
64.0
64.0
64.0
63.0
63.0
63.0
64.0
64.0
64.0
64.0
63.0
63.0
63.0
63.0
60.0
60.0
60.0
60.0
60.0
60.0
60.0
60.0
59.0
59.0
59.0
59.0
60.0
60.0
60.0
60.0
60.0
