140.5
140.5
140.0
140.0
139.75
140.0
140.0
139.5
139.5
139.25
139.25
139.25
137.75
137.25
137.25
136.5
136.5
136.75
136.75
137.25
137.25
140.25
140.25
138.75
138.75
138.75
135.75
136.5
136.5
136.75
136.75
137.25
137.25
137.25
137.75
137.75
139.0
139.0
139.25
139.25
139.5
139.5
138.75
138.75
138.0
138.0
138.0
138.0
138.5
138.5
139.25
139.25
139.25
139.25
137.75
137.75
138.5
138.5
138.5
138.5
137.75
137.75
138.25
138.25
139.5
139.5
137.75
137.5
137.5
138.25
138.25
138.25
138.25
138.25
136.5
136.5
136.5
136.5
136.5
137.5
137.5
138.75
138.75
139.0
139.0
138.0
138.25
138.25
139.5
139.5
139.75
139.75
140.25
140.25
140.25
140.0
140.0
139.25
139.25
138.25
138.25
137.75
139.0
139.0
139.75
139.75
139.75
139.75
138.75
138.75
138.0
138.0
138.0
138.0
138.0
138.0
140.75
140.75
142.0
142.0
142.0
141.5
141.5
141.75
141.75
142.0
142.5
142.5
142.0
142.0
141.5
141.0
141.0
140.5
140.5
141.5
141.75
141.75
141.75
140.25
140.25
140.25
141.0
141.75
141.75
142.75
142.75
143.0
142.25
142.25
142.0
142.0
141.75
142.5
142.5
142.75
142.75
142.25
142.0
142.0
141.25
141.25
141.0
141.0
141.0
142.0
142.0
141.5
141.5
141.5
141.5
141.5
141.5
141.5
141.75
141.75
141.75
141.75
141.75
141.25
140.5
140.5
140.0
140.0
139.5
139.5
139.5
139.5
139.5
139.5
139.5
139.5
139.25
139.25
138.5
138.5
138.75
138.75
138.0
137.0
137.0
137.0
137.0
137.5
137.5
137.5
137.5
137.5
137.0
137.0
137.5
137.5
137.25
137.5
137.5
138.0
138.0
138.25
138.25
137.75
136.75
136.75
136.75
136.25
136.25
136.25
136.25
136.25
135.25
135.25
135.25
135.25
135.25
135.25
134.75
135.0
135.0
135.0
137.0
137.0
138.25
138.25
138.75
138.0
138.0
137.75
137.75
137.75
137.5
137.5
137.0
137.0
136.5
136.5
136.5
136.5
136.5
139.75
139.75
138.5
138.5
138.25
138.75
138.75
138.75
138.75
139.75
140.25
140.25
140.25
140.25
140.25
140.25
140.25
139.75
139.75
139.0
139.0
138.75
138.75
138.5
138.5
138.5
137.5
137.5
138.0
137.25
137.25
137.25
137.25
137.25
138.5
138.5
138.25
138.25
138.25
138.25
138.75
140.0
140.0
140.25
140.25
139.25
139.25
139.5
139.5
139.75
139.25
139.25
139.0
139.0
139.0
138.75
138.75
139.0
139.0
137.75
137.75
136.75
136.25
136.25
136.25
136.25
137.0
137.0
136.75
137.0
137.0
137.0
138.0
138.0
139.0
139.0
138.75
138.75
138.5
138.5
138.5
138.5
138.5
138.0
138.0
137.5
137.5
137.5
137.5
137.5
138.0
138.0
138.0
138.0
137.5
137.0
137.0
137.0
137.0
137.0
137.0
137.0
137.5
137.5
137.5
138.0
138.0
138.25
138.25
138.25
138.25
138.25
138.5
138.5
138.5
138.75
138.75
138.25
138.25
137.0
136.0
136.0
136.25
136.25
136.25
136.25
136.5
136.0
136.0
136.0
136.0
136.0
135.5
135.5
135.5
135.5
135.25
134.5
134.5
133.75
133.75
133.25
133.25
132.25
132.25
132.5
132.5
132.75
134.5
134.5
134.75
134.75
134.75
134.75
135.25
135.25
135.25
133.5
133.5
132.75
132.25
132.25
132.25
132.0
132.0
132.0
129.0
129.0
127.5
127.5
127.25
127.25
127.25
127.25
126.5
126.5
126.5
126.5
130.25
130.75
130.75
131.0
131.0
130.25
130.25
129.5
129.5
129.5
129.5
129.5
129.5
129.5
129.0
129.0
128.0
128.0
127.75
127.75
128.5
128.5
129.0
129.0
128.75
128.75
128.75
129.75
129.75
130.5
130.5
130.0
130.0
129.5
129.5
129.5
130.25
130.25
130.25
130.25
131.0
131.0
131.75
131.75
132.5
132.5
132.75
132.75
132.75
133.25
133.25
134.25
134.25
134.25
134.25
135.5
135.25
135.25
135.25
135.25
136.5
136.5
137.0
137.25
137.25
137.25
137.25
137.25
136.5
136.5
135.75
136.0
136.0
136.25
136.25
135.5
135.5
135.5
135.5
135.5
135.5
135.5
135.0
135.0
134.25
134.25
134.5
134.5
134.5
134.5
135.25
135.25
137.25
137.25
138.75
138.75
139.5
139.5
139.5
139.5
139.25
138.75
138.75
139.0
139.0
139.0
138.0
138.0
138.0
138.0
137.75
137.25
137.25
137.5
137.5
137.25
137.25
137.0
137.75
137.75
138.0
138.0
138.0
138.0
137.5
137.5
137.5
137.25
137.25
137.0
137.0
137.25
137.75
137.75
138.0
138.0
138.5
138.5
138.75
138.75
139.0
138.0
138.0
138.0
138.0
138.25
138.5
138.5
138.5
137.75
137.75
137.75
137.75
137.75
138.5
138.5
138.5
138.75
138.75
138.75
138.75
138.75
138.75
138.75
138.75
139.5
139.5
139.5
139.5
139.5
139.5
139.0
139.0
139.0
139.0
139.0
138.25
138.25
138.25
138.25
138.25
139.5
139.5
140.0
140.25
140.25
139.5
139.5
140.0
140.0
140.25
140.25
140.25
140.0
140.0
139.0
138.25
138.25
138.25
137.5
137.5
137.0
137.25
137.25
136.75
136.75
137.0
137.0
137.75
138.25
138.25
138.75
138.75
139.0
139.0
139.0
138.75
138.75
136.25
136.25
135.75
135.75
135.25
134.75
134.75
133.75
133.75
132.25
132.25
132.25
132.25
133.5
133.75
133.75
135.0
135.0
135.25
135.25
135.25
136.5
136.5
137.0
137.0
138.5
138.5
138.5
139.25
139.25
139.5
139.5
139.5
140.25
140.25
140.5
140.5
140.5
139.5
139.5
140.0
140.0
140.5
140.5
139.5
139.5
139.5
139.5
139.25
139.25
138.5
138.25
138.25
138.25
138.25
138.25
138.25
138.25
138.25
138.25
138.75
138.75
139.25
140.0
140.0
140.75
140.75
140.5
140.5
140.5
139.75
139.75
140.0
140.0
140.25
140.25
140.25
139.75
139.75
139.75
139.75
139.75
139.75
139.75
140.0
140.0
140.0
140.0
140.75
141.75
141.75
141.25
140.75
140.75
140.25
140.25
140.5
140.5
140.0
140.0
140.0
140.0
140.25
140.25
139.5
141.0
141.0
142.5
142.5
142.5
142.75
142.75
142.75
142.75
142.75
142.0
142.0
142.0
143.0
143.0
143.0
143.0
142.75
142.75
142.75
142.25
142.25
142.0
142.0
142.25
142.25
142.5
142.5
142.5
142.5
142.0
142.0
142.5
142.5
142.5
142.5
142.5
142.25
142.25
142.25
142.25
142.25
140.75
140.75
140.75
140.75
140.75
140.25
140.25
140.0
140.0
140.0
140.0
140.25
140.0
140.0
140.0
140.0
140.0
140.0
140.0
140.75
140.75
140.75
140.75
140.5
140.5
139.5
139.5
140.75
140.75
140.75
140.75
140.75
141.25
141.25
141.0
141.0
141.0
140.5
140.5
140.0
140.0
139.5
138.5
138.5
139.5
139.5
140.5
140.5
139.0
140.25
140.25
141.5
141.5
141.75
142.0
142.0
142.0
142.0
142.25
142.25
142.75
142.75
143.0
143.5
143.5
143.5
143.5
141.75
141.75
141.75
142.75
142.75
142.25
141.75
141.75
141.75
141.5
141.5
141.5
141.0
141.0
141.0
142.0
142.0
142.0
142.0
142.0
142.0
142.0
142.0
142.5
142.5
142.25
142.25
142.25
142.25
142.25
142.0
142.0
142.0
142.25
142.25
142.0
142.0
142.0
142.5
142.5
141.25
141.25
141.25
141.0
141.0
141.0
140.75
140.75
141.5
141.5
141.5
141.5
142.0
141.25
141.25
141.5
141.5
141.5
141.5
141.75
141.75
141.25
141.0
141.0
141.0
141.0
141.0
141.25
141.25
141.25
141.25
141.25
141.25
141.25
139.75
139.75
139.75
141.0
141.0
141.5
141.5
142.0
142.0
142.0
141.75
141.75
142.5
142.5
143.0
143.25
143.25
143.25
143.25
143.25
143.25
143.75
144.0
144.0
144.0
142.0
142.0
142.0
142.0
142.0
143.75
143.75
144.5
144.5
141.75
141.75
141.75
142.25
142.25
143.25
143.25
143.25
143.75
143.75
145.0
145.25
145.25
145.5
145.5
145.5
144.0
144.25
144.25
143.75
143.75
143.25
143.25
143.25
143.25
143.25
142.75
142.75
142.75
142.75
142.75
143.25
143.75
143.75
144.25
144.25
144.25
144.25
142.75
142.5
142.5
142.75
142.75
143.25
143.25
144.0
144.0
143.0
142.5
142.5
142.75
142.75
143.75
142.75
142.75
142.5
142.5
142.75
143.0
143.0
142.5
142.5
142.0
141.25
141.25
141.25
141.25
141.25
140.75
140.75
140.75
140.75
140.25
140.25
140.25
140.25
140.25
141.0
141.0
140.75
140.25
140.25
140.75
140.75
142.25
143.0
143.0
143.0
143.0
143.0
140.75
140.75
139.75
138.75
138.75
138.5
138.5
138.0
138.0
138.0
137.75
137.75
136.75
136.75
136.75
136.75
136.5
136.75
136.75
138.0
138.0
138.5
138.5
138.5
138.5
138.5
138.5
139.0
140.0
140.0
140.25
140.25
141.0
141.0
141.0
141.25
141.25
141.0
141.0
140.75
140.5
140.5
141.5
141.5
141.5
141.5
141.5
141.5
141.5
143.0
143.0
141.75
141.75
141.75
141.5
141.5
141.75
141.75
140.75
140.75
141.0
140.75
140.75
140.5
140.5
140.5
141.5
142.5
142.5
142.5
143.25
143.25
143.25
142.0
142.0
142.5
142.5
142.25
142.25
142.25
142.25
142.25
142.0
142.0
142.0
142.0
142.0
145.0
145.0
144.25
144.25
144.25
144.25
144.25
145.0
145.0
145.25
144.75
144.75
144.75
144.0
144.0
143.75
143.75
143.75
144.0
144.0
144.0
144.0
144.0
144.0
143.75
143.75
144.25
144.25
144.25
144.5
144.5
145.25
145.25
144.75
144.75
144.75
144.25
144.25
143.25
142.5
142.5
141.75
141.75
141.0
141.0
140.5
140.5
140.25
140.25
140.0
140.0
140.25
141.25
141.25
141.75
141.75
143.0
143.75
143.75
143.75
144.75
144.75
144.75
144.75
144.25
144.25
143.5
143.25
143.25
143.25
143.25
143.25
142.5
142.5
142.5
142.5
142.5
142.75
142.5
142.5
142.75
142.75
142.5
142.75
142.75
142.75
142.75
143.0
143.25
143.25
142.5
142.5
140.75
141.25
141.25
141.25
143.0
143.0
142.0
139.5
139.5
142.0
142.25
142.25
142.75
142.75
143.75
143.75
144.0
144.0
144.0
143.75
143.75
143.75
144.25
144.25
143.75
144.0
144.0
143.5
143.5
143.75
143.75
143.25
143.25
143.25
143.5
143.5
144.0
144.25
144.25
143.25
143.25
142.75
143.0
143.0
144.0
144.25
144.25
144.0
144.0
144.0
144.0
143.5
143.0
143.0
143.75
143.75
143.25
142.75
142.75
141.75
141.75
141.25
142.25
142.25
142.0
142.0
140.5
139.5
139.5
138.5
138.5
138.5
139.25
139.25
139.25
139.25
139.25
139.25
139.25
139.25
139.25
139.25
140.25
140.25
142.75
142.75
142.75
142.75
142.75
142.75
142.75
143.5
143.5
144.5
144.5
143.75
143.75
143.75
143.75
143.75
143.5
143.5
143.0
143.0
144.0
144.0
144.75
144.5
144.5
144.0
144.0
144.5
144.5
144.5
144.75
144.75
145.0
145.0
145.0
145.5
145.5
144.5
143.25
143.25
143.25
142.5
143.0
143.0
143.25
143.25
142.5
142.5
142.25
142.25
141.75
141.5
141.5
141.0
141.0
141.5
141.5
141.5
141.5
141.5
141.5
142.25
142.25
142.25
142.75
142.75
143.25
143.25
143.5
143.5
143.5
142.5
142.5
141.5
140.5
140.5
139.75
139.75
138.75
138.5
138.5
139.75
139.75
139.5
139.5
137.5
137.5
137.5
139.0
139.0
140.0
141.0
141.0
141.0
142.5
142.5
142.5
142.0
142.0
142.0
141.5
141.5
141.5
141.0
141.0
140.0
140.0
140.0
140.0
140.0
140.0
140.0
139.5
139.5
139.5
140.5
140.5
140.75
140.75
140.75
141.0
141.0
141.0
141.0
141.0
139.5
139.5
139.5
139.5
139.0
138.75
138.75
138.75
139.25
139.75
139.75
140.25
140.25
140.5
140.75
140.75
141.25
141.25
141.25
141.75
141.5
141.5
141.5
141.5
141.75
141.25
141.25
141.0
141.0
141.0
141.25
141.25
141.5
141.5
141.75
141.5
141.5
142.0
142.0
142.75
142.75
142.75
141.0
141.0
140.5
140.5
140.5
142.5
142.5
142.75
142.75
141.25
142.0
142.0
141.75
141.75
141.75
142.0
142.0
141.5
141.5
141.0
140.0
140.0
140.25
140.25
139.5
139.5
139.25
139.0
139.0
139.5
139.5
140.75
140.75
140.25
140.25
140.25
140.25
140.25
140.75
140.75
140.75
130.25
130.25
129.0
129.0
136.25
136.25
139.5
139.5
140.25
140.5
140.5
141.0
141.0
141.25
142.0
142.0
141.5
141.5
141.0
141.5
141.5
141.5
142.0
142.0
141.75
141.0
141.0
141.5
141.5
142.0
141.0
141.0
140.5
140.5
142.5
142.5
142.75
142.75
141.5
141.5
141.5
139.75
139.75
139.25
139.25
139.25
139.25
139.75
140.5
140.5
141.25
141.25
141.5
141.25
141.25
141.75
141.75
143.25
144.0
144.0
144.0
144.0
143.5
143.25
143.25
143.5
143.5
143.0
143.0
142.0
142.0
142.25
142.25
143.5
143.5
143.5
144.5
144.5
144.5
144.75
144.75
144.75
144.75
144.75
145.0
145.0
144.5
144.5
143.25
143.75
143.75
143.75
145.25
144.75
144.75
144.75
144.75
144.0
143.0
143.0
142.25
142.25
143.0
143.0
143.0
143.0
143.75
142.75
142.75
142.25
142.25
142.0
142.0
140.5
140.5
140.5
142.25
142.25
142.25
141.5
141.25
141.25
142.5
142.5
142.5
142.5
142.5
143.5
143.5
143.5
144.0
144.0
144.0
145.5
145.5
145.5
145.5
144.25
144.25
144.25
144.25
144.25
144.75
144.75
144.25
143.0
143.0
144.25
144.25
144.25
143.25
143.25
143.0
143.0
142.25
142.25
142.25
142.25
142.25
142.5
143.25
143.25
143.75
143.75
144.25
144.25
144.25
144.25
144.25
144.25
144.5
144.5
143.25
143.25
143.0
143.5
143.5
143.0
143.0
143.75
143.75
144.5
144.5
144.0
144.0
144.75
144.75
144.75
145.0
145.25
145.25
145.5
145.5
145.75
145.5
145.5
145.5
144.75
144.75
145.25
145.25
145.5
145.5
145.75
145.25
145.25
145.25
145.25
144.75
144.75
143.5
143.5
143.5
144.75
144.0
144.0
143.5
143.5
142.0
142.0
142.0
140.5
141.0
141.0
141.5
141.5
141.25
141.25
143.0
143.0
143.0
140.25
140.25
141.25
141.25
141.25
139.25
139.25
139.25
138.5
138.5
138.25
138.25
138.25
139.5
139.5
138.75
138.75
138.75
138.0
137.75
137.75
138.0
138.0
138.5
138.5
138.5
138.5
138.75
138.75
138.75
139.0
139.0
139.0
139.0
138.25
138.25
136.75
136.75
136.0
136.0
136.0
135.0
135.0
136.25
136.25
135.0
135.0
135.0
135.0
135.25
135.25
135.25
135.0
135.0
134.25
134.25
134.25
134.25
134.5
134.5
134.75
134.75
134.25
134.0
134.0
135.75
135.75
136.5
136.5
136.75
136.75
137.5
137.5
138.25
138.25
138.25
139.0
139.0
139.75
139.75
140.0
141.0
141.0
141.25
141.25
142.0
142.0
142.0
141.25
141.25
141.5
141.5
141.5
141.5
141.5
142.0
142.25
142.25
143.25
143.25
143.25
143.25
143.25
143.25
143.25
143.0
143.0
142.25
142.0
142.0
142.75
142.75
143.0
143.25
143.25
142.25
142.25
141.25
141.25
141.5
141.5
142.5
143.25
143.25
143.25
143.25
143.25
143.25
143.25
143.5
143.5
143.75
143.75
144.25
143.75
143.75
143.5
143.5
144.0
143.75
143.75
143.25
143.25
142.75
142.75
142.75
142.25
142.25
142.25
142.25
142.75
142.75
143.0
143.0
142.0
141.25
141.25
141.25
135.5
135.5
136.75
136.75
136.0
136.0
135.0
135.0
135.0
135.5
135.5
135.5
135.5
135.75
135.75
136.0
136.0
136.0
138.75
138.75
139.0
139.0
139.5
139.5
139.0
139.75
139.75
140.25
140.25
140.25
140.5
140.5
140.75
140.75
140.75
140.75
140.75
141.25
141.25
141.25
142.0
142.0
142.0
143.25
143.25
143.25
143.25
142.5
142.5
142.5
142.5
142.5
142.0
142.0
140.75
140.75
141.25
140.5
140.5
141.25
141.25
141.5
142.5
142.5
143.25
143.25
143.25
142.75
142.75
142.0
142.0
142.0
142.0
141.5
141.5
141.75
141.75
141.75
140.25
140.25
140.25
140.75
140.75
140.75
140.0
140.0
141.0
141.0
141.0
142.25
142.25
143.0
143.0
144.25
144.25
145.25
144.5
144.5
144.0
144.25
144.25
146.0
146.0
145.75
144.75
144.75
144.25
144.25
144.25
144.25
144.25
144.5
144.5
144.0
144.0
142.75
143.0
143.0
144.0
144.0
144.0
144.75
144.75
143.25
144.0
144.0
144.5
144.5
143.75
143.75
143.75
143.25
143.25
142.75
143.25
143.25
143.25
143.25
144.0
145.0
145.0
145.0
145.0
145.0
145.0
145.25
145.25
145.25
145.0
144.5
144.5
143.25
143.25
142.25
141.75
141.75
140.0
140.0
139.0
139.0
139.0
138.0
138.0
138.0
138.0
138.25
139.25
139.25
139.25
139.25
139.75
139.75
139.75
138.75
138.75
136.75
136.75
136.5
136.5
137.0
138.0
138.0
138.75
138.75
138.75
137.75
137.75
138.75
138.75
138.75
138.75
139.75
140.25
140.25
140.5
140.5
140.25
140.0
140.0
140.75
140.75
140.25
140.0
140.0
139.25
139.25
138.75
138.75
137.5
137.25
137.25
137.0
137.0
137.0
137.0
137.0
137.0
137.0
137.25
137.25
138.0
138.0
139.25
140.0
140.0
140.5
140.5
141.0
142.75
142.75
143.0
143.0
143.5
143.5
143.75
143.75
143.25
143.25
142.0
142.0
142.25
142.25
142.25
142.25
142.25
142.25
142.0
142.0
142.25
143.0
143.0
142.0
142.0
142.0
141.5
141.5
143.25
143.25
142.5
142.0
142.0
142.0
142.25
142.25
142.0
142.0
141.5
141.5
141.5
141.5
141.5
141.5
141.75
141.75
142.0
142.0
143.25
143.75
143.75
143.75
147.0
147.0
144.75
144.75
143.25
143.25
143.0
142.25
142.25
142.5
142.5
142.0
142.0
142.5
142.5
143.0
141.5
141.5
141.0
141.0
142.25
142.25
142.25
142.5
142.5
142.5
142.5
142.5
142.5
142.5
142.5
142.5
143.25
143.25
143.75
143.75
143.75
144.5
144.5
143.5
143.5
144.0
144.0
144.0
144.0
144.0
144.0
144.0
143.25
143.25
143.25
143.0
143.0
143.25
143.25
143.75
143.75
144.25
144.25
144.75
144.75
144.0
145.0
145.0
145.25
145.25
144.5
144.5
144.5
141.75
141.75
142.25
143.75
143.75
144.0
144.0
144.75
145.0
145.0
144.5
144.5
143.25
143.25
143.25
145.0
145.0
145.25
146.25
146.25
146.75
145.75
145.75
146.0
146.0
145.25
145.25
145.25
145.25
143.5
143.5
143.5
143.5
143.75
143.75
143.75
141.5
141.5
142.75
144.0
144.0
144.0
144.75
144.75
144.25
144.25
144.25
144.0
144.0
143.5
143.5
143.75
144.0
144.0
145.75
145.75
146.0
145.75
145.75
144.0
144.0
143.5
143.0
143.0
143.75
143.75
145.0
144.75
144.75
144.0
144.0
142.75
142.75
142.75
144.0
144.0
144.0
144.0
144.0
144.25
145.25
145.25
145.25
145.5
145.5
145.5
147.25
147.25
148.0
146.5
146.5
146.25
146.25
146.25
146.25
146.25
147.75
147.75
147.0
146.25
146.25
145.75
145.75
146.25
146.25
144.75
144.75
144.75
146.5
146.75
146.75
147.0
146.5
146.5
145.75
145.75
145.25
145.25
144.5
144.5
146.5
146.5
146.75
146.75
146.75
148.0
147.25
147.25
147.25
147.25
147.25
147.25
147.25
148.75
148.75
147.5
147.5
146.0
146.0
146.5
147.0
147.0
147.0
147.0
147.25
146.75
146.75
146.5
146.75
146.75
146.75
146.75
146.75
147.0
147.0
146.75
146.75
146.75
146.75
146.75
146.75
147.75
147.75
147.75
145.5
145.5
145.75
145.75
146.25
146.25
146.25
147.5
148.25
148.25
148.0
147.75
147.75
147.75
147.75
147.0
146.0
146.0
145.25
145.25
145.75
146.75
146.75
147.25
147.25
147.25
147.25
147.25
147.25
146.25
146.25
147.25
147.25
147.25
145.0
145.0
145.0
145.0
143.75
143.75
142.25
142.25
140.75
140.75
140.75
137.75
137.75
137.75
138.25
138.25
138.25
137.5
137.5
137.5
141.5
141.5
141.75
141.25
141.25
140.0
140.0
140.25
140.75
140.75
141.75
141.75
142.25
142.5
142.5
142.75
142.75
142.75
143.0
143.0
143.25
143.25
143.5
144.0
144.0
144.75
144.75
144.5
144.5
144.5
144.5
144.75
144.75
143.0
142.5
142.5
142.25
142.25
142.5
142.5
142.0
142.0
141.0
141.0
140.25
140.75
140.75
141.0
141.0
141.5
141.5
141.5
141.75
141.75
141.75
142.0
142.0
143.25
143.25
144.0
145.0
145.0
144.5
144.5
144.5
144.5
144.5
144.5
144.5
144.25
144.5
144.5
144.5
144.5
144.5
144.5
144.5
144.5
144.5
144.25
144.25
144.25
144.5
144.5
144.5
144.0
144.0
144.0
142.75
142.75
142.5
142.0
142.0
142.0
142.0
141.75
141.75
141.75
141.75
142.25
143.0
143.0
143.0
143.0
143.5
143.5
144.0
144.0
143.5
143.5
142.75
142.75
142.75
143.0
143.0
143.0
143.0
143.0
142.75
142.0
142.0
142.5
142.5
142.5
143.5
143.5
142.25
141.25
141.25
141.25
141.25
146.5
145.5
145.5
145.0
145.0
145.0
145.0
145.0
145.0
143.0
143.0
142.0
142.0
142.0
141.75
141.75
141.75
141.75
141.75
140.5
140.5
140.0
140.0
141.75
141.75
141.5
141.5
141.25
141.0
141.0
141.0
141.0
140.0
140.0
140.0
139.75
139.75
139.75
139.75
139.25
139.5
139.5
140.5
140.5
141.0
141.0
141.0
141.0
139.25
139.25
139.5
139.5
139.75
139.75
140.75
141.0
141.0
141.25
141.25
141.25
141.25
140.5
140.5
141.25
141.25
141.5
141.5
142.25
142.25
142.25
142.25
142.25
143.25
142.5
142.5
141.25
141.25
140.0
140.0
139.25
139.25
139.25
139.25
139.25
137.75
139.25
139.25
140.25
140.25
140.0
140.0
139.75
140.0
140.0
140.0
140.25
140.25
142.0
142.0
143.0
143.0
143.75
143.75
143.75
143.75
143.75
143.5
143.0
143.0
143.0
142.5
142.5
141.75
140.75
140.75
140.75
140.5
140.5
139.5
139.5
140.0
140.0
140.5
140.5
141.0
141.0
141.0
140.5
140.5
142.25
142.25
142.25
143.5
143.5
142.75
142.75
142.75
142.75
142.5
142.5
142.5
142.5
141.25
141.25
141.0
141.0
140.25
140.0
140.0
139.5
139.5
139.0
139.0
138.75
139.25
139.25
140.0
140.0
140.75
140.75
140.75
140.75
140.75
140.25
141.0
141.0
142.25
142.25
142.5
143.5
143.5
143.5
142.75
142.75
142.75
143.5
143.5
144.25
144.25
144.25
144.25
145.25
145.25
144.0
144.0
142.5
142.5
142.25
142.25
142.25
143.75
143.75
144.25
144.25
144.25
144.25
145.25
145.25
145.5
144.75
144.75
144.75
144.75
142.75
142.75
142.75
146.75
146.75
146.0
146.0
145.0
145.0
144.75
146.25
146.25
146.25
146.25
146.25
146.25
145.75
145.75
145.75
146.0
146.0
147.0
147.0
147.0
147.0
147.0
147.0
146.25
146.25
146.0
146.0
146.0
145.75
145.75
146.25
146.25
146.25
146.0
146.0
146.0
146.0
146.0
144.25
144.25
144.25
143.5
143.5
145.25
145.25
145.75
145.75
145.75
145.75
145.75
151.0
151.0
151.0
147.5
147.5
147.0
147.0
143.25
143.25
142.75
142.75
142.75
148.75
148.75
147.0
147.0
146.25
146.25
147.25
147.25
147.25
148.75
148.75
147.75
147.0
147.0
147.0
147.0
147.0
146.0
146.0
146.0
146.0
146.0
145.0
145.0
145.75
145.75
146.5
146.5
146.5
146.5
146.5
147.25
147.25
147.25
146.0
146.0
146.25
146.25
145.75
145.25
145.25
145.75
145.75
146.0
146.0
146.0
146.0
146.25
146.25
146.0
146.0
146.0
146.25
146.75
146.75
146.5
146.5
146.75
146.75
144.5
144.5
144.5
145.5
145.5
145.5
145.5
145.5
145.5
145.5
145.75
145.75
145.75
145.75
145.25
145.25
145.75
146.0
146.0
146.0
147.0
147.0
147.0
147.0
146.25
146.25
147.25
147.25
147.25
147.75
147.75
149.0
149.0
148.5
148.5
147.75
147.75
148.25
148.25
148.25
147.25
147.25
147.25
147.25
147.75
147.75
147.75
147.75
147.75
147.75
147.25
147.25
146.0
144.75
144.75
145.25
147.25
147.25
148.0
148.0
148.0
148.0
146.5
146.5
146.75
146.75
148.5
148.5
148.5
148.5
149.0
149.0
149.0
149.25
148.75
148.75
148.75
148.0
148.0
147.25
147.25
146.5
147.0
147.0
146.75
146.75
146.5
147.0
147.0
147.0
145.25
145.25
145.0
145.5
145.5
146.75
147.75
147.75
147.75
148.75
149.25
149.25
149.5
149.5
148.5
148.5
148.5
149.0
148.0
148.0
147.5
147.25
147.25
146.75
146.75
146.75
146.75
146.75
147.0
147.0
147.25
147.5
147.5
147.5
147.5
147.5
147.5
147.5
146.75
147.5
147.5
147.75
147.75
148.5
148.5
148.5
148.5
148.25
148.25
148.75
148.75
148.25
147.75
147.75
147.5
147.5
147.5
147.75
147.75
147.75
147.75
147.75
147.75
147.75
146.75
147.5
147.5
148.0
148.0
148.5
148.0
148.0
148.0
148.25
148.25
148.5
148.5
148.0
148.0
149.5
149.5
147.5
147.5
150.5
150.5
150.5
148.5
148.5
146.0
146.0
146.0
146.75
146.75
148.0
148.0
147.5
146.75
146.75
146.75
146.75
146.75
147.0
147.0
147.0
147.0
147.0
146.25
146.25
145.5
145.5
145.5
148.0
148.0
148.0
147.75
147.75
148.0
147.5
147.5
147.5
147.5
148.25
148.25
148.0
148.0
146.25
146.25
146.0
146.0
146.0
146.0
146.0
146.0
147.0
147.0
146.25
146.25
146.25
147.0
147.0
147.25
147.25
147.5
147.5
147.5
147.5
148.5
148.5
149.25
149.25
149.25
150.0
147.25
147.25
148.0
148.0
148.5
148.0
148.0
148.75
148.75
150.0
150.0
150.25
150.25
150.25
150.25
150.25
150.25
150.25
150.25
151.25
151.25
151.5
151.5
151.5
151.25
151.25
150.25
149.75
149.75
149.25
149.25
148.75
148.5
148.5
147.5
147.5
147.75
147.75
147.75
148.0
148.0
148.5
148.75
148.75
148.0
148.0
147.25
147.25
146.75
146.75
143.75
143.75
144.0
143.75
143.75
144.5
144.5
145.0
145.0
145.75
145.75
146.0
146.25
146.25
146.75
146.75
147.25
147.25
147.25
146.5
146.5
146.75
147.5
147.5
147.75
147.75
147.75
147.75
147.75
147.75
148.0
148.0
147.75
147.75
148.0
148.25
148.25
148.75
149.5
149.5
149.25
149.25
148.75
148.75
150.0
150.0
150.25
150.25
150.5
150.5
150.5
150.5
150.5
149.75
149.75
149.75
150.75
150.75
151.25
151.25
151.25
151.25
151.25
151.25
151.75
151.75
152.0
152.0
152.0
151.5
151.0
151.0
151.0
150.5
150.5
150.25
150.25
150.0
150.0
150.0
150.0
149.5
149.5
149.5
149.5
149.5
149.5
149.5
149.25
149.5
149.5
149.5
149.25
149.25
148.25
148.25
149.0
149.0
149.0
149.0
149.0
149.5
148.5
148.5
148.0
148.0
146.75
146.25
146.25
144.5
144.5
144.0
144.0
144.0
144.0
144.0
144.0
144.0
142.75
142.75
145.0
145.75
145.75
146.0
146.0
146.25
146.25
146.25
146.25
146.25
147.5
147.5
150.5
150.5
150.5
151.25
151.25
151.25
151.25
151.5
151.5
149.91666666666666
148.33333333333334
146.75
146.25
146.25
145.5
145.5
145.25
145.25
145.75
145.75
146.0
146.25
146.25
146.0
146.0
146.0
146.25
146.25
146.25
146.25
146.25
146.75
146.75
147.5
147.5
147.5
146.25
146.25
146.25
147.0
147.25
147.25
147.25
147.25
147.5
147.5
147.75
148.0
148.0
148.0
148.75
148.75
148.0
148.0
147.75
147.75
147.75
147.75
147.75
147.75
147.75
147.5
147.0
147.0
147.75
147.75
147.75
147.75
147.25
147.25
147.5
147.5
147.75
147.75
147.75
147.75
147.75
147.75
148.0
148.0
148.75
149.25
149.25
148.75
148.5
148.5
147.25
147.25
147.5
148.0
148.0
148.0
148.0
147.5
147.25
147.25
147.25
147.25
147.25
147.5
147.5
148.75
149.0
149.0
148.75
148.75
148.75
149.25
149.25
148.75
148.5
148.5
148.5
148.5
147.5
147.5
147.5
147.75
147.75
147.75
147.75
147.5
147.25
147.25
146.75
146.75
146.75
146.5
146.5
146.5
146.5
146.5
146.5
146.75
146.75
148.0
147.75
147.75
147.75
147.75
147.25
148.25
148.25
148.75
148.75
148.75
148.75
148.75
148.75
148.25
148.25
148.0
148.0
148.0
147.5
147.5
147.25
147.25
146.75
146.5
146.5
146.5
145.25
145.25
145.75
145.75
146.75
147.0
147.0
147.0
147.0
146.75
146.75
146.75
146.5
146.5
146.25
146.5
146.5
147.0
147.25
147.25
146.75
146.75
147.0
146.0
146.0
145.0
145.0
146.0
146.0
148.5
148.5
148.5
149.5
149.5
148.75
148.25
148.25
148.5
148.5
149.0
148.75
148.75
148.75
148.75
148.5
148.75
148.75
148.0
147.75
147.75
147.75
147.75
148.25
148.75
148.75
149.5
149.5
150.0
150.0
150.0
150.25
150.25
150.0
150.0
150.0
150.0
150.5
150.5
149.5
149.5
149.5
149.5
149.5
150.0
150.0
150.25
150.25
150.0
149.25
149.25
149.0
150.0
150.0
150.25
150.25
150.25
150.25
150.0
150.0
148.25
148.75
148.75
148.0
148.0
148.0
148.0
147.5
147.0
147.0
147.5
147.5
147.5
147.5
148.0
148.75
148.75
148.75
148.75
148.5
148.5
148.75
148.75
148.75
149.75
149.75
149.75
149.75
149.0
148.75
148.75
148.75
150.0
150.0
150.25
150.25
149.5
149.5
149.5
149.5
149.5
148.75
147.75
147.75
147.75
147.75
147.75
148.5
148.5
148.25
147.25
147.25
146.75
146.75
146.25
146.25
146.25
146.75
146.75
146.5
146.5
146.25
146.25
146.25
147.75
147.75
148.0
147.5
147.5
147.25
147.25
147.25
147.25
147.25
147.25
147.25
147.25
147.25
147.25
147.25
148.5
148.5
148.5
148.5
147.75
147.75
147.75
145.5
145.5
145.75
146.0
146.0
145.25
145.25
145.75
145.75
146.0
146.0
146.0
146.0
146.0
146.0
146.0
146.25
146.25
146.5
146.5
146.5
147.5
147.5
146.25
146.25
145.75
145.25
145.25
146.5
146.5
146.75
146.25
146.25
145.25
145.25
145.75
145.75
145.75
145.5
145.5
145.5
145.75
145.75
146.0
146.5
146.5
146.75
146.75
147.0
147.25
147.25
147.75
147.75
148.0
148.0
148.0
147.5
147.5
147.5
147.5
147.5
147.0
146.5
146.5
147.0
147.0
147.5
147.5
147.5
147.75
147.75
147.25
147.25
147.0
148.25
148.25
147.75
147.75
147.75
147.75
147.75
147.75
147.25
147.25
147.5
147.5
147.5
147.75
147.75
148.0
148.0
148.0
148.0
148.0
148.0
148.25
148.25
149.0
149.0
149.0
149.0
149.0
149.0
149.5
149.5
148.5
148.5
148.75
149.75
149.75
150.0
150.0
148.75
148.75
147.75
147.75
147.75
147.75
147.75
149.5
149.5
149.5
150.25
150.25
149.75
150.25
150.25
151.5
152.5
152.5
153.25
153.25
153.75
153.75
153.75
153.75
153.75
154.25
154.5
154.5
154.5
154.75
154.75
154.75
155.25
155.25
155.5
155.5
155.25
155.25
155.25
155.25
156.5
156.25
156.25
156.25
155.75
155.75
155.75
155.75
155.25
155.25
155.25
155.75
155.75
155.75
155.0
155.0
155.5
155.5
155.0
154.75
154.75
154.25
154.25
154.75
154.25
154.25
154.25
154.25
154.25
154.0
153.25
153.25
152.75
153.25
153.25
153.0
153.0
152.75
152.0
152.0
152.0
152.0
152.25
151.75
151.75
151.0
151.0
151.25
151.25
151.25
151.25
151.25
150.75
150.5
150.5
150.75
150.75
150.5
150.5
149.25
149.25
149.25
149.25
150.0
150.0
150.0
150.0
149.25
149.25
148.75
148.75
149.0
149.0
149.25
149.25
149.5
149.5
150.0
150.25
150.25
148.75
148.75
149.25
149.25
150.0
150.0
150.25
150.25
150.25
151.0
149.5
149.5
149.5
149.25
149.25
149.25
149.25
149.25
149.25
149.25
149.25
149.25
149.25
149.25
149.75
149.75
149.75
148.5
149.0
149.0
149.5
149.5
150.0
149.75
149.75
149.25
149.25
149.25
148.75
148.75
148.5
148.5
148.25
146.25
146.25
145.5
145.5
145.75
146.5
146.5
147.25
147.25
148.0
148.0
149.0
149.25
149.25
149.75
149.75
149.25
148.25
148.25
148.75
148.75
148.75
148.75
149.25
149.25
148.0
147.25
147.25
148.75
149.0
149.0
149.0
148.5
147.75
147.75
147.75
147.75
147.25
146.75
146.75
146.5
146.5
147.75
147.75
148.25
147.5
147.5
147.5
148.75
148.75
149.0
149.0
149.0
149.0
149.0
149.0
149.0
149.0
150.75
150.75
150.5
150.5
148.75
148.5
148.5
148.5
148.0
148.0
148.0
148.0
148.25
148.25
148.25
148.75
148.75
148.75
148.75
148.75
148.75
149.0
148.75
148.75
148.75
149.5
149.0
149.0
148.5
148.5
147.75
147.75
148.0
148.0
148.0
148.0
148.0
148.25
148.25
148.5
148.5
148.5
148.5
148.5
148.75
149.0
149.0
148.5
148.5
148.75
148.75
149.0
149.0
149.0
148.75
148.75
148.75
148.75
148.75
148.75
148.0
148.0
147.5
146.75
146.75
147.0
147.0
146.75
147.25
147.25
147.5
147.5
146.5
146.5
146.5
146.5
146.5
146.5
146.5
146.5
146.5
146.5
146.5
146.5
146.5
146.5
147.33333333333334
148.16666666666666
149.0
149.0
149.0
148.25
148.25
147.5
147.5
147.5
147.5
147.5
147.5
147.25
147.25
147.25
147.25
147.25
147.25
147.25
147.5
147.5
148.25
148.25
149.75
149.75
150.25
150.25
150.5
151.0
151.0
151.25
150.75
150.75
150.75
150.75
151.0
151.0
151.25
151.0
151.0
149.75
149.75
149.75
149.75
149.75
149.75
149.75
148.875
148.0
148.0
149.25
149.25
150.5
150.5
150.5
149.0
149.0
149.0
149.75
150.25
150.25
150.25
150.25
149.75
149.75
148.5
147.75
147.75
148.0
148.0
148.0
146.0
146.25
146.25
146.25
144.5
143.5
143.5
141.5
141.5
141.5
142.25
142.25
143.0
143.0
143.5
143.5
143.5
143.5
143.5
144.25
145.5
145.5
145.0
145.0
145.5
146.0
146.0
146.0
146.0
146.0
145.75
146.75
146.75
147.0
146.75
146.75
146.75
146.75
147.25
147.25
147.25
147.25
147.75
147.75
147.0
147.0
146.25
146.0
146.0
146.5
146.5
147.0
147.0
147.5
147.5
149.25
149.25
149.25
148.75
149.0
149.0
150.0
150.0
150.0
148.5
148.5
148.0
148.0
147.5
147.0
147.0
146.75
146.75
146.75
147.5
147.5
148.0
148.25
148.25
147.0
147.0
148.0
149.25
149.25
150.0
150.0
150.25
150.0
150.0
149.5
149.0
149.0
149.0
149.0
149.0
149.5
149.5
149.75
149.75
149.75
149.75
149.0
149.0
151.0
151.0
150.25
150.5
150.5
150.5
150.5
150.0
149.5
149.5
149.5
149.5
149.5
149.5
149.5
149.5
149.5
149.5
148.75
148.75
148.5
148.5
147.5
147.5
147.5
147.5
147.5
147.5
146.0
147.0
147.0
147.0
148.0
147.75
147.75
148.0
148.5
148.5
149.0
149.0
149.0
149.0
149.0
148.0
148.0
148.0
148.5
148.5
148.5
148.75
148.75
148.5
148.5
148.5
149.0
149.0
149.5
149.5
149.5
149.25
148.75
148.75
148.75
148.75
149.25
149.25
149.25
149.5
149.5
148.25
148.25
148.25
149.0
149.0
149.0
149.0
149.25
149.25
149.75
149.75
149.5
149.5
149.25
149.25
149.25
148.5
148.0
148.0
147.75
147.75
147.5
147.5
147.5
148.0
148.0
148.25
148.25
148.25
147.75
148.25
148.25
148.25
148.0
148.0
148.5
148.5
148.5
148.75
148.75
148.5
148.5
148.5
148.25
148.5
148.5
146.75
146.75
146.75
146.75
147.0
147.0
147.0
147.25
147.25
147.25
147.75
147.75
147.0
146.75
146.75
147.0
147.0
146.75
146.5
146.5
147.5
148.0
148.0
148.0
147.75
147.75
148.0
148.0
147.5
147.5
147.75
147.75
149.0
149.0
149.5
149.75
149.75
149.75
147.5
147.5
147.25
147.25
148.5
148.5
146.25
146.25
146.5
146.5
146.5
146.5
147.25
147.25
147.75
147.75
147.75
147.75
146.5
146.5
146.75
146.75
146.75
146.75
147.5
147.5
147.5
147.25
147.25
147.25
147.25
147.25
148.25
148.25
148.25
148.25
148.25
149.25
149.5
149.5
150.5
150.5
150.75
150.75
151.0
151.0
151.0
150.75
150.75
148.75
148.75
148.25
148.25
148.0
148.0
147.75
147.75
147.5
147.5
147.5
147.5
147.5
148.25
148.25
148.25
148.5
149.0
149.0
148.75
147.75
147.75
148.75
149.25
149.25
149.25
149.25
149.5
149.5
149.5
149.25
149.25
149.25
151.75
151.75
151.75
152.0
152.0
152.75
152.75
153.5
153.5
153.5
153.5
153.25
153.25
152.75
152.5
152.5
152.5
151.75
151.75
151.5
151.5
149.75
149.75
150.0
150.0
150.25
150.25
150.25
149.75
149.75
149.75
149.75
149.75
148.75
148.5
148.5
148.5
148.5
147.75
147.75
147.5
147.5
147.25
147.0
147.0
147.5
148.0
148.0
148.0
147.75
147.75
147.75
147.75
149.25
149.25
148.0
148.0
148.25
148.25
148.25
148.25
148.25
148.25
148.5
148.75
148.75
149.25
149.5
149.5
149.0
149.0
149.0
149.0
149.0
148.0
148.0
148.0
147.25
147.25
147.0
146.75
146.75
146.75
146.75
146.75
146.5
146.5
146.5
146.5
146.5
148.25
148.25
148.5
147.75
147.75
147.75
147.75
147.75
147.5
147.5
147.5
147.5
147.5
148.0
148.0
148.0
147.5
147.5
147.5
147.25
147.25
147.5
148.0
148.0
148.0
148.25
148.25
148.0
148.0
147.5
147.5
147.5
147.5
148.0
149.0
149.0
148.5
148.0
148.0
148.25
148.25
148.0
148.25
148.25
148.75
149.25
149.25
149.25
149.25
149.25
149.25
149.25
149.25
149.0
149.0
149.0
149.0
149.0
148.5
148.5
148.0
147.5
147.5
147.0
147.0
147.0
147.25
147.25
147.0
147.0
146.75
146.5
146.5
146.75
146.75
146.75
146.75
146.75
146.75
146.75
146.25
146.25
146.25
146.75
147.25
147.25
147.25
147.25
147.25
148.25
148.25
147.25
147.0
147.0
147.25
147.25
147.25
147.25
147.25
146.75
146.75
146.75
147.0
147.0
146.5
146.5
146.0
146.0
146.75
147.0
147.0
147.25
147.25
147.5
147.5
147.5
146.75
146.75
146.75
146.75
146.5
146.5
145.75
145.75
145.0
145.0
145.0
144.5
144.5
144.25
144.75
144.75
145.75
146.5
146.5
146.5
147.25
147.25
147.25
147.25
148.5
148.5
148.0
147.5
147.5
146.5
146.5
145.75
145.0
145.0
144.75
144.75
144.0
142.75
142.75
142.25
142.25
142.75
143.5
143.5
144.25
145.5
145.5
146.5
146.5
147.0
147.5
147.5
148.0
148.0
147.75
147.25
147.25
146.25
146.25
146.25
146.25
146.25
145.0
145.0
145.0
145.0
145.0
145.5
146.0
146.0
146.0
146.0
146.5
146.75
146.75
146.0
146.0
146.25
146.75
146.75
146.5
146.75
146.75
147.0
147.0
146.5
146.0
146.0
145.0
145.0
145.0
144.75
144.75
144.75
145.5
145.5
145.5
145.25
145.25
145.25
145.0
145.0
145.25
145.25
145.5
144.25
144.25
143.75
143.75
143.75
143.75
143.75
144.25
145.0
145.0
145.25
145.25
145.0
145.25
145.25
145.75
145.75
146.75
146.75
146.25
146.25
146.0
146.0
146.5
146.5
146.5
146.5
146.5
146.5
147.0
147.0
147.25
147.75
147.75
148.25
148.25
148.5
148.75
148.75
148.75
148.5
148.5
148.5
148.5
148.5
147.75
147.75
147.75
147.75
147.75
147.75
147.75
148.0
148.25
148.25
148.25
148.25
147.75
147.5
147.5
147.0
147.0
147.0
146.75
146.75
146.5
146.5
146.5
146.5
146.5
147.5
147.5
147.5
147.5
147.5
147.5
147.5
148.0
148.0
148.25
147.0
147.0
145.75
145.75
145.25
145.25
145.25
145.5
145.5
146.0
145.5
145.5
145.5
145.5
145.0
144.25
144.25
144.5
144.5
145.0
145.0
145.5
145.5
145.5
145.5
145.5
144.5
144.0
144.0
144.5
144.5
144.75
144.75
144.75
144.75
144.5
144.5
145.25
145.25
145.75
145.75
145.75
145.0
145.0
145.0
145.0
145.5
146.0
146.0
145.5
145.5
144.75
144.75
144.75
144.75
144.75
144.5
144.5
144.5
145.5
145.5
146.0
146.0
146.0
146.5
146.5
146.5
146.25
146.25
145.25
146.25
146.25
146.25
146.5
146.5
146.5
146.75
146.75
147.0
146.75
146.75
146.75
146.75
146.5
146.75
146.75
146.25
146.25
145.75
145.5
145.5
145.25
145.25
145.5
145.5
143.75
143.75
143.75
145.25
145.25
146.25
146.25
147.0
146.5
146.5
146.5
146.75
146.75
146.25
146.25
145.0
144.5
144.5
144.25
144.25
144.25
143.25
143.25
143.25
143.25
143.25
143.75
143.75
144.25
144.25
144.75
144.75
144.75
145.75
145.75
145.0
145.0
145.0
147.75
147.25
147.25
147.25
147.25
146.25
145.75
145.75
145.25
145.25
144.5
143.75
143.75
143.75
144.0
144.0
144.0
144.75
144.75
146.5
146.5
146.25
145.5
145.5
145.75
145.75
145.0
145.5
145.5
146.0
146.0
146.25
146.25
146.25
146.25
146.0
145.25
145.25
144.75
144.75
145.0
145.25
145.25
145.75
145.0
145.0
144.75
144.75
145.0
143.75
143.75
144.25
144.25
145.0
145.0
145.0
145.0
145.75
145.75
145.75
145.5
145.5
145.5
145.25
145.25
145.5
145.5
145.75
145.25
145.25
145.75
145.75
145.75
145.75
145.75
145.75
145.75
145.75
145.75
145.75
145.75
145.75
144.0
144.0
144.25
144.25
144.25
144.25
144.25
144.5
144.5
144.5
143.25
143.25
143.25
143.25
143.25
143.0
143.0
142.25
142.25
141.75
141.75
143.0
143.0
143.0
143.0
142.0
141.5
141.5
141.5
141.5
143.5
143.5
144.75
144.75
144.75
144.75
144.75
145.0
145.0
144.25
145.25
145.25
145.0
145.0
143.5
142.75
142.75
142.75
143.75
143.75
143.75
143.75
144.0
144.0
144.0
143.75
143.75
143.5
143.5
143.5
142.5
142.5
142.5
142.5
142.75
142.75
142.75
144.25
144.25
143.25
142.75
142.75
142.75
143.5
143.5
144.0
144.25
144.25
143.75
143.5
143.5
143.5
143.5
143.5
146.25
146.25
146.25
146.25
145.75
146.0
146.0
146.5
146.5
146.5
146.75
146.75
147.25
147.25
147.25
147.25
147.25
147.25
147.0
147.0
149.25
151.0
151.0
151.25
151.25
151.25
152.5
152.5
153.25
153.25
153.25
153.25
153.25
153.75
153.75
155.0
155.75
155.75
155.75
156.25
156.25
156.25
156.25
156.25
156.25
159.25
159.25
159.25
159.0
159.0
159.0
158.75
158.75
158.25
157.5
157.5
156.25
156.25
155.0
155.0
153.0
153.0
152.25
152.25
151.5
151.5
151.5
150.75
149.75
149.75
149.25
148.0
148.0
148.0
148.0
148.0
148.5
148.5
148.5
148.5
148.5
148.75
148.75
148.5
148.5
147.5
147.5
146.25
146.75
146.75
146.5
146.5
146.0
145.25
145.25
144.75
144.75
144.75
141.75
141.25
141.25
140.5
140.5
140.25
140.25
140.0
140.0
140.0
140.25
140.25
141.0
141.0
141.5
141.5
142.25
142.25
142.25
142.5
142.5
143.0
143.0
143.0
143.5
143.5
144.0
145.0
145.0
145.25
145.25
145.25
145.25
145.25
144.5
144.5
143.0
143.0
141.5
140.5
140.5
139.5
139.5
137.5
136.5
136.5
136.5
135.25
135.75
135.75
137.0
137.0
138.25
138.25
139.75
139.75
140.75
141.5
141.5
142.0
142.0
141.5
141.5
141.5
141.5
141.0
141.0
140.25
139.75
139.75
139.75
139.75
138.25
138.25
138.25
139.5
139.5
139.5
140.0
140.0
140.0
140.0
140.0
140.0
140.0
140.0
140.5
140.25
140.25
140.25
140.25
140.5
140.75
140.75
141.0
141.0
141.0
141.0
141.0
141.0
141.0
141.0
141.0
141.0
141.0
141.0
141.0
141.0
140.25
140.25
140.25
138.25
138.25
138.25
138.25
138.25
138.25
138.25
138.25
138.25
138.25
138.25
137.75
140.0
140.0
140.25
140.25
141.0
141.0
141.0
140.75
140.75
141.0
141.0
140.25
139.5
139.5
139.75
139.75
141.25
141.5
141.5
142.0
142.0
142.0
142.5
142.5
143.5
143.5
143.75
143.5
143.5
142.25
142.25
142.0
142.0
141.25
142.5
142.5
142.75
142.75
142.75
142.0
142.0
142.0
143.75
142.75
142.75
143.25
143.25
143.25
139.5
139.5
139.5
139.5
139.5
140.0
140.0
139.25
139.25
137.5
137.5
137.5
137.5
137.0
136.0
136.0
135.75
135.75
135.75
135.75
136.0
137.25
137.25
137.75
137.75
138.0
138.0
138.0
138.0
138.0
138.25
138.25
138.25
138.25
138.25
138.25
138.25
138.25
133.25
132.25
132.25
132.25
133.25
133.5
133.5
133.5
133.5
133.25
133.25
133.25
133.25
133.25
134.5
134.5
135.5
135.5
136.75
137.75
137.75
138.0
138.0
138.5
138.5
138.75
138.75
138.0
138.0
138.0
136.75
136.75
136.5
137.0
137.0
137.5
137.5
138.0
138.0
138.25
138.25
138.75
138.75
139.75
139.75
140.0
140.0
140.0
141.0
141.0
139.5
139.0
139.0
138.5
138.5
138.75
138.75
138.75
139.0
139.0
140.0
140.0
140.25
140.25
140.25
140.5
140.5
140.5
140.5
141.0
141.0
140.75
140.75
141.0
141.0
140.25
140.5
140.5
141.0
141.0
141.0
139.0
139.0
139.0
139.0
141.0
141.0
140.0
140.0
139.0
139.0
139.25
139.25
139.25
137.75
137.25
137.25
137.25
137.25
137.25
137.25
137.5
138.25
138.25
139.0
139.0
139.75
140.0
140.0
140.0
140.0
140.25
140.25
140.25
139.0
139.0
139.25
139.25
138.75
139.0
139.0
139.5
139.5
139.5
139.5
139.5
139.0
139.0
138.0
138.0
137.75
137.75
137.75
137.25
137.25
137.25
137.25
137.0
137.0
136.75
136.75
136.75
137.5
137.5
137.5
137.5
138.25
139.5
139.5
140.0
140.0
139.5
139.5
139.5
139.75
139.75
139.75
140.25
140.25
139.75
139.75
140.0
140.0
140.75
141.25
141.25
141.5
141.5
141.25
141.5
141.5
142.25
142.25
142.5
142.75
142.75
142.5
142.5
142.5
142.5
142.5
142.5
142.5
142.5
144.0
144.0
144.5
144.5
145.0
145.25
145.25
145.5
145.5
145.5
146.5
146.5
145.25
145.25
144.25
143.25
143.25
143.25
138.75
138.75
138.25
138.25
137.5
136.75
136.75
136.5
136.5
136.5
138.25
138.25
139.25
139.25
140.25
140.25
141.5
142.0
142.0
142.0
142.0
142.0
142.0
142.0
142.25
142.25
141.75
141.25
141.25
141.25
141.0
141.0
141.0
141.0
141.0
141.5
141.5
141.5
142.5
142.5
141.25
141.25
140.5
140.5
140.75
140.75
140.25
140.25
140.25
141.0
141.0
141.0
140.5
140.5
140.5
140.5
140.5
140.5
141.5
141.5
141.5
141.25
140.5
140.5
140.5
140.5
140.75
140.5
140.5
140.5
140.5
140.5
141.25
141.25
141.5
141.5
141.25
141.25
141.0
141.0
141.0
142.75
142.75
142.25
142.0
142.0
142.0
142.0
142.25
142.25
143.0
143.0
143.25
143.25
143.25
143.25
143.25
143.25
143.5
143.0
143.0
143.25
143.25
143.25
143.0
143.0
144.0
144.0
144.25
144.25
144.25
144.25
144.25
144.25
144.25
144.25
143.75
143.75
143.0
143.25
143.25
143.25
143.25
143.25
143.25
143.25
143.25
143.25
143.0
143.0
143.0
143.75
143.75
144.25
143.75
143.75
144.0
144.0
144.0
143.25
143.25
142.75
142.75
142.75
142.25
142.25
140.75
140.75
140.75
140.75
141.0
141.25
141.25
141.5
141.5
142.0
142.25
142.25
142.25
142.75
142.75
144.0
144.0
144.75
144.75
145.5
146.0
146.0
146.5
146.75
146.75
146.75
145.0
144.75
144.75
144.0
144.0
143.0
143.0
142.75
142.25
142.25
142.25
142.25
142.25
141.75
141.75
141.75
141.75
142.0
141.25
141.25
141.75
141.75
141.75
142.25
141.75
141.75
142.0
142.0
141.5
141.5
140.25
140.25
139.0
139.0
138.25
138.25
137.0
136.25
136.25
136.25
136.25
136.5
136.5
136.5
136.25
136.25
137.0
137.0
137.75
139.0
139.0
139.25
139.25
140.0
140.0
140.5
140.5
140.5
141.0
141.0
141.0
139.5
139.5
138.0
138.0
137.25
137.25
136.0
136.0
135.25
135.25
135.25
135.25
135.25
136.0
136.5
136.5
137.0
137.0
137.25
137.25
137.5
137.5
137.5
138.25
138.25
138.75
138.75
138.75
139.25
139.25
140.5
140.5
141.0
141.25
141.25
141.25
141.25
141.25
141.25
141.25
141.25
141.5
141.5
141.75
141.75
141.5
141.5
141.5
141.5
141.5
141.0
141.0
141.0
141.5
141.5
141.75
141.75
141.75
141.75
141.5
141.5
141.5
142.0
142.0
142.25
142.25
142.25
140.75
140.75
139.75
139.75
139.5
139.5
138.75
138.75
139.5
139.5
139.75
139.75
139.75
139.75
139.75
139.75
140.25
140.25
141.0
141.0
141.0
141.0
141.0
141.0
141.0
141.0
141.25
141.25
141.0
141.0
140.25
140.25
140.0
140.0
140.5
140.5
140.75
140.75
140.75
140.25
140.25
140.0
140.0
140.0
141.5
141.5
141.0
141.25
141.25
141.75
141.75
142.5
143.0
143.0
143.25
143.25
142.75
142.25
142.25
142.25
145.0
145.0
144.25
144.25
143.75
143.75
143.25
143.25
143.0
143.5
143.5
143.5
142.75
142.75
142.75
142.25
142.25
140.75
140.75
140.25
141.5
141.5
142.0
142.0
141.25
141.25
141.75
141.75
141.75
141.5
141.5
141.0
141.0
141.25
141.25
140.0
140.0
139.0
139.0
138.0
138.0
138.0
137.5
137.5
137.25
137.25
138.0
138.0
138.0
137.0
137.0
136.75
136.75
137.0
137.0
137.0
137.25
138.0
138.0
138.75
138.75
139.75
139.5
139.5
139.5
138.75
138.75
138.75
138.25
139.0
139.0
140.0
140.0
140.5
140.5
140.5
140.5
140.5
140.5
140.5
140.0
140.5
140.5
140.5
140.5
140.5
139.5
139.5
139.0
139.0
138.75
138.75
138.0
137.5
137.5
136.75
136.75
136.0
136.0
136.0
136.0
136.0
136.0
136.0
136.0
136.0
136.5
136.25
136.25
136.75
136.75
137.25
138.0
138.0
138.25
138.25
138.25
138.25
138.75
138.75
139.0
140.5
140.5
140.75
140.75
140.75
140.75
140.75
141.25
141.25
141.75
142.0
142.0
142.25
142.25
142.5
142.75
142.75
143.0
143.0
143.0
143.25
143.25
143.5
143.5
144.5
145.0
145.0
145.0
145.0
145.0
145.25
145.25
145.25
145.25
145.5
146.0
146.0
146.0
146.25
146.25
146.25
146.25
146.0
146.0
146.0
147.0
147.0
147.75
147.25
147.25
147.0
147.0
147.5
147.5
147.5
147.0
147.0
147.0
146.0
146.0
146.0
147.0
146.75
146.75
146.5
146.5
146.0
146.0
146.0
145.5
145.5
144.75
144.75
144.75
145.0
145.25
145.25
145.25
145.25
145.25
146.0
146.0
146.0
145.5
145.5
145.75
145.75
145.75
145.75
145.75
145.75
145.75
145.75
146.0
146.5
146.5
146.5
146.5
146.5
146.75
146.75
147.0
146.0
146.0
146.0
146.0
146.0
146.25
146.25
146.75
146.75
145.75
145.0
145.0
145.0
145.0
144.75
145.0
145.0
145.25
145.25
145.25
145.25
145.25
145.75
146.0
146.0
146.0
146.0
146.5
146.75
146.75
147.0
147.0
146.5
146.5
146.5
146.5
146.5
146.5
146.5
146.5
145.75
145.25
145.25
145.5
145.5
145.5
145.75
145.75
145.5
145.5
145.5
145.5
145.5
145.25
145.25
144.75
145.0
145.0
145.5
145.5
145.75
145.75
145.75
146.0
146.0
146.25
146.5
146.5
146.5
146.5
146.5
146.5
146.5
146.75
147.0
147.0
147.25
147.25
147.5
147.25
147.25
146.75
146.5
146.5
146.0
146.0
145.25
145.0
145.0
144.5
144.5
144.25
143.75
143.75
144.0
144.0
143.5
143.0
143.0
143.25
143.25
143.75
143.75
143.75
144.0
144.0
144.25
143.5
143.5
143.5
143.5
143.5
141.25
141.25
141.25
139.5
139.5
140.0
140.0
140.5
141.25
141.25
141.25
141.0
141.0
140.5
141.0
141.0
141.0
141.0
141.0
141.25
141.25
141.25
141.25
141.25
141.0
141.0
141.0
141.0
141.25
141.25
141.25
141.25
141.25
140.75
140.75
140.75
140.0
140.0
140.0
140.0
140.0
139.5
139.5
138.0
138.0
138.25
138.25
138.25
138.25
138.25
138.5
138.5
139.25
139.25
139.5
139.5
139.5
139.0
139.0
139.0
139.75
139.75
139.25
139.25
140.5
140.75
140.75
141.0
141.0
141.5
141.5
142.25
142.5
142.5
141.5
141.5
141.5
142.75
142.75
142.5
142.5
142.25
142.0
142.0
142.25
142.25
142.25
142.25
142.25
142.0
142.0
141.5
141.75
141.75
141.75
141.75
142.0
142.25
142.25
142.0
142.0
142.75
142.75
143.0
143.0
143.0
142.0
142.0
141.5
141.5
141.5
141.0
141.0
139.75
139.5
139.5
139.75
139.75
139.5
139.5
139.5
139.5
139.5
140.25
140.25
140.25
140.25
140.5
140.5
140.5
140.75
140.75
141.25
141.25
141.0
141.0
141.75
141.75
141.75
141.75
142.25
142.25
141.75
141.0
141.0
141.0
141.0
141.0
141.0
141.0
141.25
141.25
141.25
141.25
141.25
141.5
141.5
141.75
141.75
141.75
141.0
141.0
141.75
141.75
142.0
142.0
142.0
141.5
141.5
141.5
139.25
139.25
140.5
140.5
141.5
141.5
142.25
143.25
143.25
143.25
143.25
142.75
142.75
142.25
142.25
142.25
142.0
142.0
141.25
141.25
141.25
140.75
140.75
140.0
140.0
140.0
141.5
141.5
141.25
141.25
141.25
142.25
142.25
142.5
143.25
143.25
143.5
143.5
144.25
144.5
144.5
144.5
145.5
145.5
145.25
145.25
146.0
146.0
146.0
146.5
146.5
146.75
146.75
146.75
146.5
146.5
146.5
146.5
146.5
146.5
146.5
146.0
145.5
145.5
145.75
145.75
145.75
145.75
145.75
145.75
145.25
145.25
145.25
145.25
145.25
145.5
145.5
145.75
145.75
145.75
145.25
145.25
145.5
145.5
145.25
145.25
145.25
145.25
145.5
145.5
146.0
146.0
146.0
146.25
146.25
145.5
145.5
144.0
143.5
143.5
143.75
143.75
144.0
144.0
144.0
144.25
144.25
144.25
144.25
144.25
144.0
144.0
144.0
143.25
143.25
143.5
143.5
143.5
144.25
144.25
144.5
144.5
144.75
145.25
145.25
145.75
145.75
146.0
145.5
145.5
145.0
145.0
145.25
146.0
146.0
146.0
146.0
146.0
145.5
145.5
145.5
145.5
145.5
145.25
145.25
144.75
145.5
145.5
145.75
145.75
146.0
146.0
146.0
145.5
145.5
146.5
146.75
146.75
146.5
146.5
145.75
145.75
145.75
145.75
146.25
146.5
146.5
146.5
146.0
146.0
146.0
145.0
145.0
144.0
144.0
144.0
143.0
143.0
142.25
142.25
141.0
141.0
140.5
140.5
139.5
139.5
139.75
139.75
139.75
139.75
139.75
140.25
140.25
140.5
140.5
140.75
140.75
141.0
141.0
141.0
141.0
141.0
141.75
142.0
142.0
142.0
142.0
142.0
142.0
142.25
142.25
142.25
142.75
142.75
142.75
143.0
143.0
142.25
141.75
141.75
140.75
140.75
139.25
139.25
138.75
138.0
138.0
137.5
137.5
138.75
138.75
138.75
140.5
140.5
140.25
140.25
140.25
140.75
140.75
141.0
141.0
141.25
141.25
141.25
141.75
141.75
141.25
141.75
141.75
141.75
141.75
141.75
142.0
142.0
142.0
142.0
141.5
141.5
141.5
141.5
141.5
141.5
141.5
141.5
140.5
140.5
139.5
139.5
138.5
138.5
137.75
137.75
137.75
138.25
138.25
139.25
139.25
142.0
142.0
140.75
141.0
141.0
141.0
142.0
142.0
142.0
142.5
143.5
143.5
143.25
143.25
143.25
144.5
144.5
145.5
145.5
144.25
143.25
143.25
142.75
142.75
142.25
142.25
143.75
143.75
144.75
144.75
144.75
144.75
144.75
144.75
145.25
145.25
145.25
145.0
145.0
146.0
146.0
147.5
147.5
147.25
147.75
147.75
148.5
148.5
148.75
148.5
148.5
148.5
148.5
148.5
148.25
148.25
148.25
148.25
148.25
148.25
148.25
148.25
148.25
148.25
147.75
148.0
148.0
147.5
147.5
147.25
147.25
147.5
147.5
146.75
147.0
147.0
148.0
148.5
148.5
149.0
149.0
149.5
149.75
149.75
149.5
149.5
149.5
150.0
150.0
150.0
149.5
149.5
149.5
149.5
149.5
149.5
149.25
149.25
149.0
148.5
148.5
148.5
148.5
148.5
148.5
148.5
148.75
148.75
148.75
149.25
149.25
149.25
149.25
149.25
149.0
149.0
149.0
149.5
148.75
148.75
148.0
148.0
148.25
148.25
148.25
148.0
148.0
148.0
149.5
149.5
148.25
148.75
148.75
149.0
149.0
149.0
149.5
149.5
149.75
149.75
149.75
150.25
150.25
150.5
150.75
150.75
150.75
150.75
150.75
150.75
150.5
150.0
150.0
150.0
150.75
150.75
150.75
149.75
149.75
149.25
149.25
149.0
149.0
149.0
149.0
149.0
149.5
149.5
149.5
149.5
148.75
148.5
148.5
148.75
148.75
148.75
149.5
149.5
150.0
150.25
150.25
149.5
149.25
149.25
149.5
149.5
149.0
149.0
149.0
149.5
150.25
150.25
150.25
148.5
148.5
149.5
149.5
149.5
148.5
148.5
148.75
148.75
148.25
148.25
147.25
147.25
147.25
146.5
145.75
145.75
145.25
145.25
145.25
145.5
145.5
145.25
145.25
145.25
145.5
145.5
146.25
146.25
146.25
146.0
146.0
146.5
146.25
146.25
147.75
147.75
148.5
148.5
147.75
147.75
147.0
147.5
147.5
147.5
146.25
146.0
146.0
145.5
145.5
145.5
145.5
146.0
146.0
146.0
147.75
147.75
148.0
148.75
148.75
149.75
150.25
150.25
150.0
150.0
151.75
151.75
151.5
151.5
151.5
151.0
151.0
151.0
151.25
150.75
150.75
149.5
149.5
150.5
150.25
150.25
150.25
149.5
149.5
149.25
149.25
150.0
150.0
151.0
151.0
151.25
151.25
151.5
151.0
151.0
151.5
151.5
151.5
150.5
150.5
149.25
148.0
148.0
147.0
147.0
147.0
145.25
145.25
145.25
145.5
145.5
145.25
145.75
145.75
146.75
146.75
146.5
146.0
146.0
146.25
146.25
146.25
148.0
148.0
148.0
148.0
148.0
148.75
148.75
148.0
148.0
147.5
148.25
148.25
148.5
148.0
148.0
148.0
148.0
147.5
147.25
147.25
146.75
146.75
146.0
145.75
145.75
145.25
145.25
144.75
145.0
145.0
144.75
144.75
144.75
146.5
146.5
146.5
147.25
147.25
147.75
147.75
148.0
148.0
148.0
148.0
148.5
148.5
148.25
148.25
148.25
148.75
148.75
148.75
149.5
149.5
149.75
149.25
149.25
149.5
150.5
150.5
150.25
150.0
150.0
150.0
150.0
150.25
149.75
149.75
149.75
149.75
150.5
150.5
150.75
150.25
150.25
149.5
149.75
149.75
149.0
149.0
148.5
148.5
148.5
148.5
148.5
148.5
148.5
148.5
148.5
148.5
148.5
148.5
148.5
148.5
148.0
147.25
147.25
147.0
147.25
147.25
146.75
146.75
146.25
146.75
146.75
147.25
147.25
147.25
146.75
146.75
146.5
146.5
146.75
146.0
146.0
146.0
146.0
146.0
146.25
146.25
146.5
146.5
146.5
147.25
147.25
147.25
147.25
147.25
147.5
147.5
147.75
147.75
149.0
149.0
148.75
149.5
149.5
149.5
149.75
149.75
149.75
149.75
149.75
149.75
150.25
150.25
149.5
149.5
149.5
150.0
150.0
150.0
150.0
150.0
150.0
150.5
150.5
150.0
150.0
150.25
150.25
150.5
150.5
150.5
150.75
151.0
151.0
150.75
150.75
150.75
150.75
150.75
150.25
150.0
150.0
150.0
149.5
149.5
149.0
149.0
149.0
149.0
149.0
149.0
149.0
149.0
149.0
149.0
149.25
149.5
149.5
149.5
149.75
149.75
149.75
149.75
149.75
149.75
149.0
149.0
149.0
149.0
149.0
149.25
149.25
148.25
148.5
148.5
149.25
149.25
149.75
149.75
148.75
148.25
148.25
149.0
149.0
148.5
148.5
148.0
148.0
148.0
147.5
146.5
146.5
145.75
145.75
145.75
145.25
144.75
144.75
144.75
144.5
144.5
143.0
143.0
142.25
142.25
142.25
143.0
143.0
143.75
143.75
144.0
144.0
144.0
145.25
146.0
146.0
146.5
146.5
146.75
146.75
147.75
147.75
148.0
148.0
148.25
148.5
148.5
147.75
147.75
147.25
147.25
146.75
147.0
147.0
147.0
147.25
147.25
147.25
147.5
146.75
146.75
146.5
146.5
147.0
147.0
148.0
147.0
147.0
147.0
147.0
147.0
145.5
145.5
145.5
145.5
145.5
145.5
144.75
144.75
144.75
145.0
145.0
145.0
145.0
145.0
146.0
146.0
146.0
146.25
146.25
146.25
146.25
146.25
146.25
146.25
146.25
146.25
146.25
146.75
146.75
147.0
147.0
147.0
147.75
147.75
147.25
147.25
147.25
147.0
147.0
147.0
147.25
147.25
148.0
148.0
147.25
147.25
144.75
144.75
145.75
145.75
150.0
150.0
148.25
148.25
148.25
148.25
147.75
147.75
148.5
148.5
148.5
147.5
147.5
148.0
148.75
148.75
148.75
149.25
149.25
149.25
149.25
149.25
148.0
147.5
147.5
148.25
148.25
148.25
148.75
148.75
148.75
148.75
148.75
148.75
148.75
148.75
148.75
148.75
149.25
149.5
149.5
149.0
149.0
149.0
150.0
150.0
150.0
149.75
149.75
149.75
149.75
149.75
149.25
149.25
149.5
150.0
150.0
150.0
151.0
151.0
151.0
150.5
150.5
150.75
151.0
151.0
151.5
151.75
151.75
152.25
152.25
152.25
152.5
152.5
152.5
152.5
152.5
152.75
152.75
152.0
152.0
152.0
152.5
152.75
152.75
152.5
152.5
152.5
152.75
152.75
152.75
153.25
153.5
153.5
153.25
153.25
152.75
152.25
152.25
151.75
152.0
152.0
151.5
151.5
151.0
151.25
151.25
151.25
151.25
151.25
151.25
151.5
151.5
151.5
151.5
151.75
151.75
151.75
151.75
151.75
151.75
152.0
152.0
152.0
151.75
151.75
151.75
151.5
151.5
151.0
151.0
151.0
150.75
150.75
150.25
149.75
149.75
149.75
149.75
149.75
149.75
149.5
149.5
149.75
149.75
150.75
150.5
150.5
151.25
151.25
151.25
151.25
151.25
151.25
151.25
151.25
151.25
151.25
151.25
151.25
151.25
150.75
150.75
150.75
150.75
150.25
150.25
150.25
150.25
150.25
150.75
150.75
150.5
150.0
150.0
150.0
150.0
150.0
150.0
150.0
151.0
151.75
151.75
151.75
151.25
151.25
151.0
151.0
151.25
152.0
152.0
152.0
152.5
152.5
152.5
152.5
152.5
152.5
152.5
152.5
153.25
153.25
154.0
154.0
154.5
155.0
155.0
154.5
154.5
153.75
154.0
154.0
154.0
154.0
154.0
154.0
154.5
154.5
154.75
154.75
154.0
154.0
154.0
154.5
154.5
154.75
154.75
154.75
154.25
154.25
153.75
153.5
153.5
153.5
152.75
152.75
152.75
152.75
152.75
153.0
153.0
153.25
153.25
153.25
153.75
153.75
153.25
153.5
153.5
153.5
152.5
152.5
153.25
154.0
154.0
155.0
155.5
155.5
155.5
155.5
155.25
155.25
155.0
155.0
155.25
155.25
155.25
154.25
154.25
153.5
153.5
153.5
152.75
152.75
152.75
152.5
151.5
151.5
151.25
151.25
150.75
150.75
150.75
150.0
149.5
149.5
150.0
150.25
150.25
150.25
151.0
151.0
150.75
150.25
150.25
149.75
150.25
150.25
150.5
150.5
150.5
150.5
150.5
150.5
150.5
150.5
151.25
151.25
151.75
151.75
152.75
152.75
153.0
153.25
153.25
153.5
153.5
153.75
154.5
154.5
154.5
154.25
154.25
153.75
153.0
153.0
153.25
153.25
153.25
153.5
153.5
153.5
153.0
153.0
153.75
154.25
154.25
154.25
154.25
154.25
154.25
154.25
154.25
156.0
156.0
156.0
156.0
156.0
155.0
154.75
154.75
154.75
154.75
154.75
154.75
153.75
153.75
154.5
154.5
154.5
154.75
154.75
155.5
155.25
155.25
156.25
156.0
156.0
155.0
155.0
154.75
155.0
155.0
155.0
155.0
155.0
155.0
155.0
155.5
155.5
155.0
155.0
155.0
155.0
155.25
155.25
155.25
155.0
155.0
155.0
153.75
153.75
153.75
153.75
153.25
153.75
153.75
153.75
153.75
153.75
153.5
153.5
153.5
153.75
153.75
154.0
154.0
154.75
155.0
155.0
155.0
153.25
153.25
153.0
153.0
151.75
151.75
151.25
150.75
150.75
150.75
151.5
151.5
152.0
152.0
152.25
152.5
152.5
152.75
152.75
153.25
153.25
153.75
153.75
153.75
154.25
154.5
154.5
154.5
154.75
154.5
154.5
154.5
154.75
154.75
154.75
156.0
156.0
156.75
156.75
157.0
157.0
157.0
157.0
157.0
157.0
157.5
157.5
157.5
158.25
158.25
156.75
156.75
156.75
157.0
157.5
157.5
158.0
158.0
157.0
157.0
157.25
158.25
158.25
158.25
157.0
157.0
157.5
157.5
158.75
158.75
159.5
159.5
159.25
159.0
159.0
159.0
159.25
159.25
159.25
159.5
159.5
159.5
159.5
159.5
159.5
160.0
160.0
160.0
160.25
160.25
160.5
160.5
160.5
160.5
159.0
159.0
159.0
159.25
159.25
159.25
160.5
160.5
160.75
160.25
160.25
159.5
159.25
159.25
159.5
159.5
159.5
158.75
158.25
158.25
158.25
158.25
158.25
157.5
157.5
157.5
158.0
157.5
157.5
157.0
157.0
156.5
156.25
156.25
156.25
156.25
156.25
156.25
156.25
157.5
157.5
156.5
156.5
155.0
155.0
154.0
153.5
153.5
151.75
150.25
150.25
149.75
149.75
149.25
149.25
150.25
150.25
150.75
150.75
151.0
151.0
151.0
151.75
151.75
152.25
152.25
152.75
152.75
153.75
153.75
153.75
155.5
155.5
155.5
154.75
154.75
154.75
154.75
154.75
154.0
154.0
153.75
153.0
153.0
152.75
152.75
153.25
153.25
153.75
153.75
153.25
153.25
153.25
152.5
152.5
153.5
153.5
153.5
155.5
155.75
155.75
156.75
156.75
156.75
156.75
157.25
157.75
158.25
158.25
158.25
158.25
158.5
158.5
158.5
158.25
158.25
156.75
156.75
156.75
155.75
155.75
155.25
154.0
154.0
152.0
152.0
150.0
149.0
149.0
148.0
148.0
147.25
147.25
147.25
145.75
145.25
145.25
146.5
146.5
146.5
146.0
146.0
146.5
146.5
148.25
147.0
147.0
146.75
146.75
146.75
146.75
146.75
146.75
144.5
144.5
148.75
148.75
149.0
148.5
148.5
147.75
147.75
147.75
147.5
147.5
147.75
147.75
148.0
148.0
149.0
149.0
149.0
149.0
150.0
150.0
150.75
150.75
151.5
151.5
152.0
152.0
152.75
152.75
153.75
153.75
154.5
154.5
155.0
156.0
156.0
156.5
157.0
157.0
157.0
157.0
156.5
156.5
156.0
156.0
156.0
156.5
156.5
156.75
156.75
156.75
156.75
156.75
156.75
156.75
156.75
156.75
156.75
156.75
157.25
157.75
157.75
157.75
157.75
157.75
157.75
158.0
158.0
158.25
158.5
158.5
159.0
159.0
159.0
159.0
159.0
159.0
158.75
158.75
158.75
158.75
158.75
158.75
157.25
157.25
157.5
157.5
159.25
159.25
159.25
158.5
158.5
157.0
157.0
157.25
157.25
156.5
155.25
155.25
153.5
152.75
152.75
152.25
152.75
152.75
153.0
153.0
153.0
153.75
153.75
155.0
155.0
155.25
155.25
155.5
155.5
155.5
156.75
157.25
157.25
157.25
157.5
157.5
158.5
158.5
158.25
158.25
160.5
161.0
161.0
162.5
162.5
162.5
162.5
164.0
164.0
164.5
164.5
165.25
165.0
165.0
165.0
165.5
166.75
166.75
169.0
169.0
169.0
168.5
168.75
168.75
168.75
168.75
167.75
167.75
168.25
168.25
167.0
166.0
166.0
165.25
162.5
162.5
162.5
162.5
164.0
164.0
162.0
162.0
161.5
161.5
161.5
161.5
160.25
160.25
159.75
159.75
162.0
162.0
162.25
162.25
161.25
161.25
160.25
160.0
160.0
160.0
160.0
160.0
158.75
158.75
157.75
157.0
157.0
157.0
157.25
156.25
156.25
155.0
155.0
155.0
154.5
153.25
153.25
153.25
153.25
154.0
154.0
154.0
153.25
153.25
153.5
153.0
153.0
153.5
153.75
153.75
154.0
154.0
154.0
154.25
154.25
154.5
154.75
154.75
155.0
155.0
155.0
155.0
155.0
155.0
154.25
154.25
154.25
153.25
153.25
152.5
152.0
152.0
152.0
150.25
150.25
149.75
149.75
150.25
150.75
150.75
151.0
152.0
152.0
152.5
153.5
153.5
153.5
154.0
154.0
154.0
154.0
154.0
154.0
154.0
153.0
152.5
152.5
151.5
151.5
152.0
151.75
151.75
151.5
151.5
151.5
151.5
150.75
150.75
150.75
150.75
151.0
151.25
151.25
151.5
152.0
152.0
152.25
152.25
152.25
153.75
153.75
154.0
154.0
154.0
154.0
154.5
154.5
155.25
155.5
155.5
155.75
155.75
155.75
156.0
156.5
156.5
156.5
156.5
157.5
157.5
157.0
156.5
156.5
156.75
156.25
156.25
156.0
156.0
155.5
154.75
154.75
154.75
154.75
154.75
155.0
155.0
155.5
155.5
155.5
155.75
155.75
155.75
156.25
156.25
155.75
155.25
155.25
155.25
155.25
154.75
154.75
154.75
154.75
154.0
154.0
153.75
153.0
153.0
152.75
153.0
153.0
151.75
150.75
150.75
150.5
150.5
151.0
151.0
151.25
151.25
151.25
148.75
148.75
147.75
147.75
150.25
150.25
150.25
150.0
150.0
149.25
148.75
148.75
149.0
149.0
148.75
148.75
148.75
150.25
149.75
149.75
151.0
151.0
151.0
151.0
151.0
150.5
150.5
150.5
150.5
151.5
151.5
151.25
150.75
150.75
150.75
151.25
151.25
151.0
151.0
150.25
151.5
151.5
151.0
151.0
150.0
150.0
151.25
150.75
150.75
150.5
150.5
151.0
150.5
150.5
150.25
150.75
150.75
151.0
151.0
152.0
152.25
152.25
152.25
150.75
150.25
150.25
150.75
151.25
151.25
151.5
151.5
150.75
150.75
152.5
154.25
154.25
155.0
155.0
155.5
155.75
155.75
156.0
156.0
156.0
155.0
155.0
156.5
157.25
157.25
159.25
159.25
159.5
159.75
159.75
160.25
160.25
160.5
160.5
161.25
161.25
162.25
162.75
162.75
163.25
163.25
164.25
164.25
165.0
165.0
165.0
165.25
165.25
165.5
165.5
165.5
165.5
166.5
166.5
166.75
166.75
166.75
166.75
166.75
166.75
166.75
166.75
166.5
166.5
169.0
169.75
169.75
169.75
166.5
163.75
163.75
162.25
159.75
159.75
158.25
157.25
157.25
156.75
156.75
156.75
156.75
156.75
156.75
156.75
156.75
156.75
156.75
156.75
156.75
156.25
156.25
156.25
156.25
156.25
156.5
156.25
156.25
156.25
156.5
156.5
155.5
155.5
154.25
154.25
154.25
154.25
155.5
155.75
155.75
155.75
155.75
155.75
155.25
155.25
155.5
155.5
155.5
155.5
154.5
154.5
154.5
153.5
153.5
153.5
153.5
154.5
154.5
155.75
155.75
156.5
156.5
156.75
157.25
157.25
157.75
158.5
158.5
159.0
159.0
159.0
159.0
158.5
158.5
157.5
157.0
157.0
157.0
157.0
157.75
157.75
158.5
158.5
158.75
158.75
158.5
157.25
157.25
157.25
157.75
157.75
157.75
157.75
157.75
158.0
158.0
158.0
158.75
158.75
159.5
160.25
160.25
160.5
160.5
160.5
160.5
160.5
160.75
160.75
160.75
160.75
160.75
161.0
161.25
161.25
161.75
161.75
161.75
162.25
162.25
162.25
162.25
162.25
162.25
162.25
162.0
162.0
162.25
162.25
162.25
162.25
162.25
162.25
162.25
162.25
162.75
162.75
162.0
162.0
160.75
159.75
159.75
159.75
157.75
157.25
157.25
157.0
156.5
156.5
156.5
156.25
156.25
156.0
155.5
155.5
155.75
156.25
156.25
156.5
156.5
155.25
155.25
155.25
155.0
155.0
155.5
155.5
155.5
155.5
156.0
156.75
156.75
157.0
157.0
157.0
156.0
156.0
156.0
156.0
156.0
156.0
156.0
156.25
156.25
156.25
156.25
157.25
157.25
159.0
159.0
159.5
159.5
159.5
159.75
160.0
160.0
159.75
159.75
157.0
157.0
157.0
157.0
157.0
156.25
155.5
155.5
155.5
154.25
154.5
154.5
154.0
153.5
153.5
154.0
154.0
154.0
154.0
154.0
154.0
154.0
154.0
154.25
154.5
154.5
153.5
153.5
154.5
154.5
154.5
154.75
154.75
154.25
154.0
154.0
153.75
154.25
154.25
155.0
155.25
155.25
155.75
155.75
156.5
156.5
156.25
156.0
156.0
155.25
155.25
154.75
154.75
154.75
154.75
154.75
154.75
154.75
154.75
155.5
155.5
156.5
156.5
157.0
157.0
157.0
156.75
156.75
156.75
157.25
157.75
157.75
157.5
157.25
157.25
157.5
157.5
157.0
157.0
157.0
157.0
157.0
157.0
156.5
156.5
156.25
157.0
157.0
157.5
157.75
157.75
157.75
157.75
158.5
158.5
158.0
158.0
158.0
158.0
158.0
158.25
158.25
158.25
158.25
158.0
157.25
157.25
157.0
157.0
157.0
157.5
157.0
157.0
157.25
157.25
157.25
157.25
157.0
157.0
157.0
157.25
157.5
157.5
158.0
157.75
157.75
157.75
157.5
157.5
157.75
158.0
158.0
158.25
158.25
158.25
158.5
158.75
158.75
159.0
158.75
158.75
159.0
160.0
160.0
160.25
160.25
160.75
160.75
161.25
161.25
161.25
161.5
160.5
160.5
160.5
161.25
161.25
161.25
161.25
162.5
162.5
162.75
162.75
161.75
161.75
161.75
161.75
161.0
161.0
161.0
161.0
161.0
161.0
161.0
161.0
161.0
161.75
161.75
162.25
162.0
162.0
162.25
162.25
163.5
163.5
165.0
165.0
164.5
164.5
164.5
164.5
164.5
165.0
165.0
164.5
164.5
164.5
164.5
164.5
164.5
164.5
164.5
164.75
164.75
165.0
165.0
165.0
164.75
164.75
164.5
164.5
164.5
164.5
164.5
164.5
163.5
163.5
163.75
163.75
164.25
164.25
164.0
164.0
163.0
163.0
163.0
162.25
162.25
162.5
161.75
161.75
161.5
161.5
160.75
160.75
160.75
160.75
160.75
161.0
161.0
161.25
161.25
161.25
162.5
162.5
162.5
162.5
162.5
162.5
161.75
161.75
161.25
161.25
161.25
161.25
161.25
161.25
161.25
161.25
161.25
161.25
161.25
161.5
161.5
160.5
160.5
161.0
161.0
161.5
161.0
161.0
160.25
160.25
160.25
160.5
160.25
160.5
160.5
160.5
160.75
160.75
160.75
160.75
160.75
161.25
161.0
161.0
161.0
161.0
161.0
161.0
161.0
161.0
160.5
160.25
160.25
159.75
159.5
159.5
158.75
158.75
158.75
158.25
158.5
158.5
158.25
158.25
158.75
158.75
158.25
157.5
157.5
157.25
157.25
157.0
157.25
157.25
157.5
157.75
157.75
158.0
158.0
159.75
159.75
158.75
157.75
157.75
157.0
157.0
157.75
158.5
158.5
159.0
159.0
159.0
158.75
158.75
158.75
158.0
158.0
158.5
158.5
157.75
157.75
158.0
158.0
158.25
158.25
158.25
158.0
158.0
158.0
158.5
158.5
158.75
158.5
158.5
158.25
158.25
159.5
159.75
159.75
159.75
159.25
159.25
159.25
159.25
160.0
160.0
160.0
158.5
158.5
158.5
158.5
159.0
158.75
158.75
157.0
157.0
156.75
156.0
156.0
156.25
156.5
156.5
156.0
156.75
156.75
156.75
156.5
154.25
154.25
152.75
154.0
154.0
154.0
158.25
158.25
158.75
158.75
158.75
158.75
158.75
160.75
160.75
160.75
161.0
161.0
158.25
157.25
157.25
157.75
157.75
159.0
159.0
159.25
159.25
159.5
159.5
159.5
158.75
158.75
158.75
157.75
157.5
157.5
158.5
158.5
160.5
159.5
159.5
159.0
159.0
159.0
159.0
159.0
159.0
157.25
157.5
157.5
158.0
158.0
157.25
155.75
155.75
155.75
156.0
156.0
156.0
156.0
158.5
158.5
159.0
159.0
158.25
158.25
157.25
157.5
157.5
157.5
159.25
159.5
159.5
159.75
159.75
159.75
159.75
159.75
159.75
159.75
159.25
158.5
158.5
158.5
158.75
158.75
159.0
158.5
158.5
158.25
158.25
158.25
158.25
158.25
158.25
158.25
158.25
158.25
158.25
157.75
157.25
157.25
157.25
157.25
157.25
157.25
158.5
159.25
159.25
160.0
160.0
160.0
160.25
161.25
161.25
160.5
160.75
160.75
161.75
162.25
162.25
162.25
162.25
162.75
162.75
164.0
163.5
163.5
163.75
163.75
163.5
163.5
164.0
163.75
163.75
163.5
164.0
164.0
164.0
164.0
163.75
163.75
164.75
164.75
164.75
165.0
165.0
164.5
164.5
164.5
164.5
163.5
163.5
163.5
163.5
164.75
164.75
164.75
164.75
163.25
163.25
163.25
162.5
162.5
162.5
162.75
162.0
162.0
161.5
161.25
161.25
161.0
161.0
161.0
161.0
161.25
161.25
161.25
160.5
160.5
160.5
159.75
159.75
159.0
159.0
158.25
158.25
158.25
159.0
160.0
160.0
161.25
161.25
161.25
161.0
161.0
160.75
157.75
157.75
155.75
155.75
155.25
155.25
160.25
160.25
163.75
163.75
165.0
165.0
164.75
164.75
166.75
166.75
166.75
167.25
167.25
173.75
174.75
174.75
175.25
167.75
167.75
167.75
160.25
160.25
160.25
154.5
154.5
155.0
155.0
155.5
155.75
155.75
155.75
157.0
157.0
157.0
157.0
156.75
156.75
156.75
156.75
157.5
157.5
157.75
158.0
158.0
158.75
158.75
159.25
159.25
159.5
159.5
159.5
159.75
160.25
160.25
160.5
160.5
160.5
160.75
159.25
159.25
161.5
161.5
162.0
162.25
162.25
162.5
162.5
162.75
162.75
163.0
162.75
162.75
165.5
165.5
165.25
165.25
165.5
165.5
165.75
165.75
166.75
167.25
167.25
166.5
166.5
166.0
166.0
165.0
165.0
165.0
165.0
165.0
165.0
163.75
163.75
163.25
163.25
162.25
162.5
162.5
162.0
162.0
161.75
161.75
161.25
161.25
161.25
160.5
160.5
160.0
159.75
159.75
159.25
159.25
159.25
159.25
159.5
159.5
160.5
160.5
161.0
161.0
161.0
161.75
161.75
163.5
164.0
164.0
164.25
164.25
165.25
165.25
165.75
165.75
166.25
166.25
166.75
166.5
166.5
166.5
167.0
166.25
166.25
165.5
165.5
164.25
164.25
164.0
164.0
162.75
162.75
161.5
161.5
161.5
161.5
161.75
161.75
161.25
160.75
160.75
160.25
159.25
159.25
158.0
155.75
155.75
154.25
153.75
153.75
154.0
154.25
154.25
154.0
154.0
153.75
153.75
153.75
153.5
152.75
152.75
152.0
151.25
151.25
149.75
149.75
149.0
149.0
151.0
151.0
150.0
150.0
149.5
149.5
151.0
151.0
151.0
151.75
152.25
152.25
153.5
154.5
154.5
154.25
154.25
154.25
154.25
153.75
154.25
154.25
156.0
156.75
156.75
157.0
157.0
155.75
155.75
155.75
155.75
155.75
155.75
155.75
155.75
157.25
157.25
158.75
158.75
158.75
165.25
165.25
165.5
165.5
165.5
165.0
165.0
165.0
165.0
164.25
164.0
164.0
164.0
164.0
164.0
168.25
166.0
166.0
166.0
166.25
166.25
166.25
162.5
162.5
158.25
158.25
154.75
152.25
152.25
150.5
149.5
149.5
149.5
149.75
149.25
149.25
148.25
148.25
148.25
148.25
149.5
149.5
147.75
147.75
147.75
151.5
151.5
151.75
151.5
151.5
151.5
151.5
151.5
151.5
151.5
151.5
151.5
151.5
151.5
152.375
153.25
154.125
155.0
155.0
155.0
157.75
157.75
158.0
158.0
159.75
160.75
160.75
161.0
161.0
162.25
162.25
163.5
163.5
163.75
163.75
163.41666666666666
163.08333333333334
162.75
162.75
162.75
162.75
162.75
162.75
162.75
161.25
161.25
158.75
158.75
157.5
157.5
157.5
157.0
157.0
157.0
157.0
157.0
157.0
157.0
157.5
158.0
158.0
157.5
157.5
158.0
158.0
160.25
160.25
158.5
158.5
159.5
159.5
159.75
159.25
159.25
158.25
157.5
157.5
157.0
156.25
156.25
156.25
156.25
153.75
153.75
153.25
153.5
153.5
153.5
153.5
154.0
154.0
156.0
156.0
156.25
156.5
156.5
157.25
158.25
158.25
158.25
160.0
160.0
160.0
160.0
160.0
160.0
160.0
160.0
160.0
160.0
162.75
162.75
161.25
161.25
161.25
159.5
159.5
158.75
158.75
158.75
156.25
156.25
155.5
155.5
155.5
155.5
155.5
155.5
155.5
157.5
157.5
157.75
158.25
158.25
158.25
158.25
158.25
158.25
157.5
157.5
157.5
157.5
157.25
157.25
157.25
156.75
155.75
155.75
154.75
154.5
154.5
154.5
154.25
154.25
154.25
151.5
151.5
150.75
150.75
150.5
150.5
142.5
139.25
139.25
137.75
137.75
137.0
137.0
137.0
137.0
137.0
137.0
137.18055555555554
137.36111111111111
137.54166666666666
137.72222222222223
137.90277777777777
138.08333333333334
138.26388888888889
138.44444444444446
138.625
138.80555555555554
138.98611111111111
139.16666666666666
139.34722222222223
139.52777777777777
139.70833333333334
139.88888888888889
140.06944444444446
140.25
140.43055555555554
140.61111111111111
140.79166666666666
140.97222222222223
141.15277777777777
141.33333333333334
141.51388888888889
141.69444444444446
141.875
142.05555555555554
142.23611111111111
142.41666666666666
142.59722222222223
142.77777777777777
142.95833333333334
143.13888888888889
143.31944444444446
143.5
143.5
144.0
144.0
144.25
144.75
144.75
144.75
146.5
146.5
146.0
146.0
146.0
146.0
145.5
145.5
145.5
145.5
146.5
146.5
147.0
147.0
146.5
146.75
146.75
146.5
146.5
145.25
145.25
144.5
144.5
144.5
144.5
144.5
144.5
144.5
144.5
144.5
144.5
143.47916666666666
142.45833333333334
141.4375
140.41666666666666
139.39583333333334
138.375
137.35416666666666
136.33333333333334
135.3125
134.29166666666666
133.27083333333334
132.25
132.25
133.5
133.5
137.0
137.0
138.75
138.75
139.5
141.25
141.25
141.25
145.75
145.75
146.0
146.0
145.75
145.75
145.75
144.25
144.75
144.75
144.75
144.75
144.75
147.75
147.75
146.25
146.25
146.25
146.0
146.0
146.0
145.25
145.25
143.5
143.5
141.25
141.25
139.0
138.25
138.25
136.25
136.25
135.25
135.25
135.0
135.0
134.25
136.0
136.0
136.0
136.0
136.0
136.0
136.0
143.25
143.0
143.0
143.0
143.0
143.0
143.0
143.0
143.0
143.25
143.25
143.25
143.25
143.25
143.25
143.25
143.25
140.25
140.25
139.75
139.75
138.75
138.75
142.75
142.75
142.75
143.75
143.75
143.75
145.66666666666666
147.58333333333334
149.5
149.5
150.0
150.0
150.25
150.25
150.25
150.25
146.5
146.5
147.25
147.25
147.5
147.5
147.5
147.5
147.5
147.5
147.5
147.5
147.5
141.5
140.0
140.0
142.25
142.25
143.25
143.25
142.5
142.5
142.5
142.5
142.5
142.5
142.5
142.5
142.5
142.5
149.25
149.25
149.25
149.25
150.0
150.0
150.0
150.0
150.0
150.0
150.0
150.0
150.0
149.0
148.0
147.0
146.0
145.0
145.0
145.0
145.0
145.0
145.0
145.0
145.0
145.0
145.0
145.0
144.625
144.25
143.875
143.5
143.5
143.5
143.5
143.5
143.5
143.5
143.5
143.5
143.5
143.5
152.75
152.75
153.5
153.5
153.5
154.0
154.0
154.0
154.0
154.0
154.0
154.0
