131.5
131.5
131.5
130.25
130.25
129.75
129.75
131.0
131.0
133.25
133.25
135.25
135.75
135.75
134.5
134.5
133.5
133.5
133.5
133.25
133.25
133.25
133.25
134.5
134.5
135.5
135.5
136.75
137.25
137.25
138.75
138.75
138.25
137.25
137.25
136.0
136.0
134.5
134.5
134.25
134.25
134.75
134.75
134.75
135.5
135.5
137.0
137.0
137.75
138.75
138.75
138.75
138.75
137.0
137.0
136.5
137.0
137.0
139.25
139.25
140.0
140.75
140.75
142.0
142.0
142.25
142.25
142.25
141.75
141.75
140.5
140.5
140.25
140.75
140.75
143.5
143.5
144.0
144.0
145.0
145.0
145.0
145.5
145.5
146.25
146.25
146.25
146.25
146.25
146.25
147.0
147.0
147.5
147.5
147.5
147.0
147.0
147.0
147.0
147.5
147.5
147.5
147.5
147.0
147.0
147.0
145.5
145.5
144.25
144.0
144.0
144.5
144.5
145.25
145.5
145.5
145.25
145.25
145.25
146.25
146.25
146.75
147.0
147.0
146.75
146.75
147.25
148.0
148.0
148.5
148.5
148.5
148.5
148.5
148.75
149.0
149.0
149.75
149.75
149.75
149.75
149.75
149.0
147.5
147.5
146.25
146.25
145.25
145.0
145.0
145.5
145.5
146.0
147.0
147.0
147.5
148.75
148.75
149.25
149.25
149.25
150.0
150.0
150.25
150.75
150.75
150.75
150.75
151.0
150.5
150.5
150.5
150.5
150.5
149.25
149.25
148.75
149.75
149.75
150.25
150.75
150.75
150.75
150.75
151.0
151.0
151.0
151.25
151.0
151.0
150.75
151.5
151.5
151.75
151.75
151.75
151.5
151.5
150.5
150.5
150.5
150.75
150.75
151.75
151.75
151.75
151.5
151.5
151.5
151.5
151.75
151.75
152.25
151.5
151.5
152.0
152.0
151.5
151.75
151.75
151.5
151.5
151.0
151.0
151.0
151.25
151.25
151.25
151.25
151.25
151.75
151.75
151.75
151.75
151.75
151.0
151.0
152.0
152.0
152.25
152.25
152.25
151.25
151.25
150.5
149.75
149.75
149.75
149.25
149.25
149.75
149.75
150.75
151.0
151.0
150.75
149.75
149.75
149.75
149.75
149.75
148.75
148.75
147.25
146.0
146.0
143.5
143.5
138.25
138.25
137.25
138.75
138.75
139.5
139.5
141.0
143.25
143.25
144.0
144.0
144.5
144.75
144.75
145.0
145.0
143.0
142.5
142.5
143.5
143.5
144.25
144.25
144.25
142.25
142.25
141.0
140.0
140.0
140.0
140.0
139.5
139.5
139.5
139.5
137.25
134.25
134.25
131.0
131.0
129.75
129.75
131.0
131.0
131.75
132.25
132.25
132.75
132.75
134.25
134.25
135.75
137.25
137.25
139.0
139.0
140.75
141.75
141.75
141.75
141.75
138.25
138.25
136.5
136.5
125.25
125.25
123.25
123.25
125.25
127.75
127.75
130.75
130.75
134.0
134.0
136.5
139.0
139.0
140.0
140.0
140.25
140.25
140.25
140.25
138.5
138.5
139.0
139.0
139.25
139.75
139.75
139.25
139.25
138.25
138.0
138.0
139.5
139.5
140.0
141.0
141.0
141.75
141.75
141.25
141.25
140.75
141.75
141.75
142.75
142.75
143.25
143.75
143.75
144.5
144.5
146.0
146.0
146.0
145.75
146.5
146.5
146.75
146.75
147.0
147.25
147.25
147.25
147.75
147.75
147.75
147.75
146.5
145.75
145.75
145.75
145.75
148.25
148.25
148.25
148.25
148.0
148.0
147.75
147.75
147.75
148.25
148.25
148.5
148.0
148.0
147.5
147.5
147.5
147.5
146.5
146.5
143.5
143.5
142.75
144.25
144.25
144.75
144.75
145.0
145.5
145.5
146.5
146.5
147.75
148.0
148.0
147.0
147.0
146.75
145.75
145.75
144.0
144.0
143.5
144.25
144.25
145.0
145.0
145.25
146.25
146.25
147.0
146.75
146.75
146.0
146.0
144.75
144.75
144.75
145.25
145.25
145.75
146.25
146.25
147.75
147.75
147.25
147.5
147.5
147.75
148.25
148.25
148.25
148.25
148.25
148.25
147.5
148.5
148.5
149.5
149.5
149.25
148.5
148.5
148.5
148.5
148.75
148.75
148.75
149.25
149.25
149.75
149.75
149.75
150.0
150.0
150.0
150.0
150.0
150.0
150.0
150.0
150.5
150.5
150.5
150.5
150.5
150.5
150.5
150.0
150.25
150.25
150.5
150.5
150.25
150.25
150.25
150.5
150.5
150.5
150.75
150.75
150.75
150.5
150.5
150.0
150.0
150.25
149.75
149.75
150.0
150.0
149.5
149.75
149.75
150.0
149.5
149.5
149.25
149.25
148.25
146.75
146.75
145.75
145.75
144.75
144.75
144.75
145.5
145.5
145.75
147.25
147.25
148.5
148.5
148.75
149.5
149.5
149.75
149.75
149.75
150.25
150.25
150.25
150.25
150.25
150.25
150.5
150.5
150.5
150.0
149.5
149.5
149.75
150.75
150.75
150.75
150.75
151.0
151.0
150.75
151.0
151.0
151.5
151.5
151.5
151.75
151.75
151.5
151.5
151.5
151.5
151.75
151.75
151.75
151.0
151.0
149.75
149.5
149.5
148.75
148.75
147.0
146.0
146.0
145.5
145.5
145.5
145.0
145.0
145.0
146.0
146.0
146.5
146.5
146.5
146.5
146.5
146.75
146.75
148.5
148.0
148.0
147.25
147.25
147.0
146.0
146.0
144.25
143.25
143.25
144.25
144.25
143.25
143.25
142.0
141.5
141.5
141.5
141.5
141.75
142.5
142.5
143.25
143.25
143.25
143.75
143.75
144.0
144.0
144.25
144.75
144.75
143.25
143.25
142.0
141.0
141.0
139.25
139.25
138.75
138.75
139.25
139.75
139.75
140.25
140.25
140.75
142.25
142.25
141.75
141.75
141.75
141.0
141.0
141.0
141.0
142.25
142.25
143.0
143.5
143.5
144.0
144.0
144.75
145.25
145.25
146.0
145.0
145.0
144.75
144.75
143.25
143.25
143.25
143.25
141.5
141.5
141.5
142.5
142.5
142.75
142.75
143.75
144.25
144.25
144.25
144.75
144.75
145.0
145.0
145.75
146.25
146.25
146.75
146.75
147.5
148.25
148.25
147.75
147.75
147.0
147.0
147.0
146.5
146.0
146.0
145.5
145.5
145.25
145.25
145.25
145.75
145.75
145.75
146.0
146.0
146.25
147.25
147.25
146.75
146.75
147.0
147.0
147.0
147.0
147.0
147.75
147.25
147.25
147.5
147.5
146.5
144.75
144.75
144.25
144.25
145.0
143.75
143.75
143.75
144.75
144.75
145.0
145.0
145.5
145.75
145.75
145.25
145.25
145.25
145.25
145.25
145.5
145.5
145.5
145.25
145.25
144.75
144.75
144.75
144.25
144.25
143.5
143.5
144.25
145.0
145.0
145.5
145.5
144.5
144.75
144.75
146.0
146.0
146.0
146.0
146.0
145.0
145.0
145.0
145.5
145.5
144.25
144.25
144.25
144.5
144.5
145.5
145.5
145.0
145.0
145.0
143.5
143.5
141.5
141.5
141.0
141.0
141.5
141.5
141.5
142.0
142.0
143.25
143.25
144.0
144.5
144.5
144.5
144.5
144.5
143.75
143.75
144.25
144.25
144.75
143.75
143.75
143.25
143.25
143.75
144.0
144.0
143.5
143.5
143.25
144.5
144.5
145.25
145.75
145.75
146.0
146.0
147.0
147.25
147.25
147.5
147.5
147.25
148.0
148.0
148.5
148.5
148.25
148.25
148.25
146.75
146.75
145.75
145.75
146.25
146.5
146.5
146.5
145.25
144.75
144.75
144.0
144.0
144.0
147.0
147.25
147.25
146.0
146.0
146.25
147.25
147.25
147.25
147.75
147.75
148.0
148.0
148.75
148.5
148.5
148.5
149.0
149.0
149.75
149.75
149.75
149.75
149.75
149.25
149.75
149.75
149.25
149.25
149.25
150.0
150.0
150.75
150.0
150.0
150.0
150.0
150.25
151.75
151.75
152.0
151.25
151.25
150.75
150.25
150.25
150.75
150.75
150.75
150.5
150.5
150.5
151.25
151.25
151.25
151.0
151.0
151.0
151.0
151.0
150.5
150.5
149.5
149.75
149.75
149.75
149.75
149.25
149.25
149.25
148.75
148.5
148.5
148.5
148.5
148.75
149.25
149.25
149.25
149.25
149.75
150.5
150.5
150.25
150.0
150.0
150.0
149.75
149.75
149.75
149.75
149.75
149.5
149.5
149.5
149.5
149.5
149.25
149.25
150.25
150.0
150.0
149.5
149.25
149.25
149.5
149.5
149.75
149.75
149.75
149.25
149.25
149.5
149.5
149.5
149.5
149.5
147.25
147.25
148.25
148.25
149.0
148.0
148.0
147.25
147.25
149.25
149.25
147.75
147.25
147.25
147.5
147.5
147.25
145.75
145.75
144.75
144.75
141.0
141.0
138.5
137.5
137.5
137.75
137.75
139.0
141.25
141.25
141.25
143.0
143.0
142.75
142.75
142.0
142.0
142.75
142.75
143.0
142.5
142.5
143.5
144.5
144.5
144.75
144.75
145.5
145.0
145.0
143.75
143.75
142.75
142.75
142.75
143.25
143.25
144.0
144.0
144.0
143.25
143.25
143.0
143.75
143.75
144.5
144.5
145.0
145.0
145.0
145.0
143.5
143.5
144.25
144.0
144.0
144.0
144.0
143.25
143.25
142.75
142.75
142.75
142.25
142.25
141.75
141.75
141.75
141.75
142.5
142.75
142.75
143.25
143.25
144.25
144.75
144.75
145.0
145.25
145.25
145.5
145.5
145.75
145.75
147.25
147.25
146.75
146.5
146.5
146.5
148.0
149.0
149.0
149.5
149.5
149.0
148.0
148.0
147.25
146.5
146.5
145.75
145.75
145.75
146.5
146.5
147.0
147.0
147.0
147.75
147.75
148.0
147.25
147.25
147.25
147.25
146.75
147.25
147.25
148.0
148.0
147.25
146.75
146.75
147.0
147.25
147.25
147.75
147.75
147.5
147.5
146.75
146.75
139.75
139.75
135.75
135.75
133.25
133.25
134.0
137.0
137.0
139.0
139.0
139.75
139.75
138.25
137.75
137.75
137.75
137.75
138.25
138.75
138.75
139.5
139.5
141.5
142.75
142.75
143.25
143.25
144.0
144.5
144.5
145.0
145.0
146.0
147.25
147.25
147.5
147.5
147.5
148.0
148.0
150.0
150.0
150.0
149.5
149.5
149.25
149.25
148.5
147.5
147.5
147.25
147.25
146.5
146.0
146.0
146.5
146.5
146.75
147.25
147.25
147.25
147.75
147.75
148.75
148.75
149.5
148.75
148.75
147.0
147.0
147.0
149.25
149.25
149.75
149.0
149.0
148.25
147.5
147.5
147.75
147.75
148.0
148.0
148.0
148.5
148.5
149.25
148.5
148.5
148.75
148.75
148.75
149.25
149.25
149.75
149.25
149.25
148.75
148.75
148.75
148.25
148.25
148.0
147.5
147.5
148.25
148.25
149.25
148.75
148.75
148.25
148.25
147.0
147.0
147.0
147.75
148.0
148.0
148.5
148.5
148.25
148.75
148.75
148.5
148.5
148.5
148.5
148.0
148.0
148.0
147.75
147.75
148.5
148.5
148.5
149.0
149.0
149.0
148.25
148.25
147.75
147.75
147.75
148.0
148.0
147.0
146.0
146.0
145.5
145.5
145.75
146.0
146.0
145.5
145.5
144.25
144.25
143.5
143.5
144.25
145.0
145.0
145.0
145.0
144.5
143.25
143.25
142.75
142.75
143.0
143.25
143.25
142.75
142.75
142.0
142.0
142.25
143.5
143.5
144.0
144.0
144.5
144.75
144.75
145.0
146.0
146.0
145.5
145.5
144.75
144.75
144.75
144.75
145.25
145.25
144.75
144.75
144.75
144.75
145.0
145.0
145.25
145.25
145.75
145.25
145.25
145.5
145.5
146.0
146.0
147.0
147.0
147.25
147.0
147.0
145.5
145.5
144.0
143.5
143.5
142.75
142.75
142.75
142.25
142.25
142.0
142.0
142.0
142.0
142.75
143.5
143.5
142.75
142.75
142.25
142.25
142.25
141.75
141.75
142.75
142.75
142.75
142.5
142.5
143.25
144.0
144.0
144.25
144.25
145.25
145.0
145.0
144.75
144.75
144.25
144.25
144.25
145.25
145.25
144.75
144.75
145.0
145.0
144.75
144.75
144.75
144.75
145.0
145.75
145.75
145.25
145.25
145.0
143.5
143.5
144.5
144.5
146.0
146.5
146.5
147.0
147.0
147.0
146.0
146.0
146.0
147.5
147.5
147.5
147.5
147.25
147.25
145.25
145.25
144.25
144.25
144.5
144.0
144.0
144.0
144.0
145.0
145.75
145.75
145.25
144.5
144.5
145.0
145.0
145.0
146.0
146.0
148.25
148.25
148.5
148.5
148.0
147.75
147.75
148.0
148.0
148.0
148.5
148.5
148.75
148.75
148.75
147.0
147.0
147.25
147.25
148.0
147.5
147.5
147.25
147.25
147.25
147.5
147.5
146.0
145.5
145.5
145.5
145.5
145.75
146.0
146.0
146.25
146.25
146.25
147.0
147.0
147.0
146.25
146.25
145.5
145.5
145.25
145.25
145.25
145.5
145.5
145.75
146.0
146.0
145.5
145.5
144.5
143.75
143.75
143.0
143.0
143.0
144.0
143.0
143.0
142.25
142.25
143.25
144.25
144.25
143.75
143.75
143.75
144.25
144.25
145.25
145.25
145.5
145.5
145.5
145.5
146.75
146.75
147.5
147.5
148.75
148.75
148.75
148.0
148.0
147.5
147.5
147.5
148.0
148.0
148.75
148.75
149.0
148.0
148.0
147.0
147.25
147.25
148.25
148.25
148.25
148.75
148.75
149.0
149.0
148.75
147.0
147.0
146.75
148.0
148.0
149.0
149.0
148.25
148.25
148.25
149.25
149.25
149.25
149.75
149.75
149.75
149.75
149.75
149.75
149.75
149.75
149.5
149.5
149.5
149.75
150.25
150.25
151.5
151.5
150.25
149.75
149.75
149.75
149.75
149.75
149.25
149.25
150.0
150.0
150.25
150.0
150.0
149.5
148.75
148.75
149.0
149.0
149.25
149.5
149.5
149.5
149.75
149.5
149.5
149.25
149.25
149.5
149.75
149.75
150.0
149.75
149.75
149.75
149.75
149.25
149.25
149.25
149.25
149.5
149.5
149.0
149.0
149.0
148.5
148.5
150.0
150.25
150.25
150.0
150.0
150.0
150.0
150.0
149.75
149.75
149.75
148.25
148.25
148.0
147.25
147.25
146.5
146.5
145.5
145.0
145.0
145.25
145.25
145.25
145.5
145.5
146.25
146.5
146.5
146.75
146.75
147.0
147.75
147.75
148.25
148.25
148.75
148.75
149.0
148.5
148.5
148.0
148.0
148.25
147.5
147.5
147.0
147.0
147.0
148.0
148.0
147.75
146.75
146.75
146.25
146.25
147.0
147.0
144.0
144.0
142.0
142.0
143.25
143.25
143.25
143.0
143.0
143.5
143.5
144.5
144.75
144.75
144.25
144.5
144.5
144.75
144.75
146.25
146.25
146.0
146.0
146.75
147.0
147.0
145.75
146.5
146.5
147.25
147.25
147.25
147.25
147.25
148.25
148.25
150.0
150.0
149.25
149.25
149.25
149.5
149.5
149.5
150.0
150.0
150.25
150.25
150.25
148.75
148.75
143.75
143.75
140.0
140.0
144.75
144.75
146.75
146.75
147.0
147.0
134.25
134.25
130.75
130.75
130.75
131.25
131.25
134.5
134.5
135.5
135.5
137.75
137.75
139.25
140.75
140.75
141.75
141.75
142.0
142.5
142.5
142.5
142.5
142.0
142.0
142.25
141.5
141.5
141.5
141.5
141.75
141.75
141.75
141.25
141.25
140.5
139.25
139.25
139.0
139.0
139.25
139.25
138.75
138.25
138.25
138.5
138.5
138.5
138.5
138.5
138.0
138.0
137.75
137.75
138.0
138.0
138.5
138.75
138.75
139.25
139.25
138.5
138.5
137.25
136.0
136.0
136.25
136.25
138.0
139.0
139.0
140.0
140.0
142.0
143.0
143.0
143.0
143.0
143.5
143.25
143.25
143.0
143.0
143.0
142.5
142.5
142.5
142.5
143.75
144.5
144.5
143.75
143.75
142.0
142.0
141.5
141.5
143.25
143.25
143.25
143.75
143.75
144.0
144.0
144.25
144.25
144.25
145.0
145.0
144.5
144.75
144.75
144.75
144.75
144.75
144.5
144.5
145.75
145.75
146.25
145.5
145.5
145.25
145.25
144.0
144.0
143.75
143.75
143.5
143.5
142.75
142.75
142.5
142.0
142.0
142.25
142.25
142.25
142.25
141.25
142.0
142.0
143.75
143.75
144.0
144.0
144.0
143.75
143.75
143.25
143.25
143.25
142.0
142.0
140.75
140.75
140.25
139.5
139.5
138.75
138.75
138.25
138.25
138.25
136.0
136.0
134.0
134.0
134.75
134.75
135.5
137.25
137.25
138.75
138.75
140.0
140.0
140.0
140.0
140.0
139.5
139.5
139.0
139.25
139.25
140.0
140.0
141.5
143.0
143.0
142.75
142.75
143.0
144.0
144.0
145.0
145.0
146.0
146.5
146.5
146.25
146.25
146.25
146.5
146.5
147.0
147.25
147.25
146.75
146.75
147.0
147.25
147.25
147.25
147.25
147.25
147.25
147.25
147.25
147.25
148.5
148.5
149.5
149.0
149.0
149.25
149.25
149.0
149.0
149.5
149.5
148.25
148.25
147.75
147.75
148.75
149.0
149.0
149.75
149.25
149.25
148.25
148.25
147.5
146.75
146.75
147.5
148.25
148.25
148.0
148.0
147.75
146.75
146.75
147.0
147.25
147.25
147.5
147.5
147.25
147.25
147.25
147.25
147.25
147.5
147.75
147.75
148.5
148.5
148.5
148.5
148.5
149.0
149.25
149.25
149.25
149.25
149.25
148.75
148.75
149.5
150.0
150.0
150.75
150.75
151.25
151.25
150.0
150.0
150.0
150.0
150.0
149.25
149.25
149.25
149.25
149.25
148.0
148.0
148.0
148.25
148.25
147.75
147.5
147.5
146.25
146.25
146.25
148.0
148.0
148.75
149.0
149.0
149.0
149.0
149.25
149.25
150.0
150.0
150.0
149.0
149.0
149.0
149.0
150.25
150.25
150.0
150.0
150.0
150.0
150.0
150.0
150.25
150.25
149.75
149.0
149.0
150.0
150.0
150.0
149.5
149.5
149.0
149.0
149.0
149.0
148.0
148.5
148.5
149.75
150.5
150.5
150.0
150.0
149.5
149.25
149.25
149.5
150.25
150.25
150.25
150.75
150.75
150.75
150.75
150.75
150.75
149.5
149.5
149.75
150.75
150.75
150.75
150.75
150.5
150.0
150.0
150.75
149.0
149.0
148.0
148.0
150.0
150.75
150.75
150.75
150.75
150.25
150.25
150.25
150.0
150.0
150.0
151.0
151.0
151.5
152.0
152.0
151.0
150.5
150.5
151.5
151.5
151.75
151.5
151.5
151.0
151.0
151.5
151.75
151.75
151.5
151.5
151.5
151.25
150.75
150.75
150.5
150.5
151.25
151.5
151.5
151.75
151.75
150.75
150.75
150.75
150.25
150.25
150.25
150.5
149.5
149.5
150.0
150.0
150.0
151.0
151.5
151.5
150.5
150.5
150.25
149.75
149.75
149.75
149.75
150.0
150.25
150.25
151.5
151.5
151.5
151.5
151.0
151.0
150.0
150.0
150.5
151.0
151.0
151.5
151.5
150.5
150.5
151.5
151.5
151.75
151.75
151.75
152.0
152.0
152.25
151.5
151.5
151.5
151.5
152.0
152.25
152.25
152.25
153.0
152.75
152.75
152.75
151.75
152.25
152.25
152.5
152.5
152.5
152.25
152.75
152.75
152.75
152.75
152.5
152.5
151.0
151.0
151.0
150.5
150.5
150.0
150.5
150.5
151.25
151.25
151.25
151.25
150.5
150.75
150.75
151.25
151.25
151.25
151.25
151.75
151.75
151.0
150.75
150.75
150.75
150.75
151.0
151.0
151.0
152.25
152.25
152.25
152.25
152.25
153.5
153.0
153.0
153.25
153.25
152.75
152.25
152.25
151.5
151.5
151.5
151.5
151.5
150.5
150.5
150.5
150.5
150.5
152.5
152.5
151.25
151.25
150.75
151.5
151.5
151.75
151.75
150.75
150.75
150.75
151.0
151.0
150.0
150.0
151.5
151.5
151.5
150.75
149.0
149.0
149.25
149.0
149.0
148.25
148.25
152.5
152.5
151.25
151.25
149.75
149.5
149.5
150.0
150.0
150.0
149.5
149.5
149.25
148.75
148.75
148.0
148.0
147.5
148.5
148.5
148.5
146.5
146.5
145.0
145.0
144.5
144.5
144.5
144.5
144.5
142.75
142.0
142.0
142.0
142.0
143.0
144.0
144.0
143.75
143.75
142.75
142.75
142.75
141.25
141.25
141.5
141.5
140.5
140.25
140.25
138.5
138.5
134.75
134.75
131.0
131.0
129.75
130.5
130.5
131.25
131.25
133.5
133.5
135.75
135.75
135.75
136.5
136.5
137.0
137.0
138.25
138.75
138.75
137.25
137.25
136.5
136.5
135.25
135.25
135.25
135.75
135.75
135.25
135.25
135.25
135.25
135.25
135.5
134.5
134.5
133.5
133.5
133.5
133.5
132.25
132.25
130.5
130.5
130.5
130.75
130.75
132.5
132.5
133.0
133.0
135.0
135.0
135.5
135.5
136.25
136.25
137.75
137.75
138.5
137.5
137.5
137.25
137.25
137.25
137.5
137.5
137.0
137.0
137.0
137.0
138.0
138.5
138.5
138.75
138.75
139.25
140.75
140.75
142.25
142.25
142.5
143.5
143.5
143.5
143.5
142.5
142.5
142.5
142.0
142.0
143.25
143.25
143.5
143.75
143.75
144.75
145.75
145.75
145.75
145.75
145.25
146.75
146.75
147.5
147.5
147.5
146.75
146.75
147.0
147.0
146.75
145.75
145.75
144.75
144.25
144.25
143.75
143.75
144.25
144.75
144.75
145.0
145.0
145.5
145.75
145.75
146.5
146.5
146.0
145.25
145.25
144.75
144.75
145.5
145.5
145.5
145.75
145.75
145.0
144.5
144.5
146.25
146.25
147.0
147.75
147.75
148.5
148.5
148.5
149.0
149.0
149.0
148.25
148.75
148.75
148.75
148.75
149.25
149.25
149.25
149.75
149.75
149.75
148.75
148.75
149.0
149.0
149.0
149.0
149.0
149.0
149.25
149.25
149.75
150.25
150.25
150.75
150.75
151.5
152.0
152.0
152.0
152.0
152.5
152.5
152.5
152.5
152.5
152.5
151.75
151.75
151.5
151.5
151.75
151.75
152.25
151.75
151.75
151.25
151.25
151.25
151.25
151.25
150.5
150.0
150.0
152.0
152.0
152.5
152.5
152.5
152.25
152.25
152.25
152.25
152.25
152.75
153.25
153.25
153.0
153.0
153.25
152.0
152.0
151.5
151.25
151.25
151.0
151.0
150.75
151.0
151.0
151.25
151.25
151.5
151.75
151.75
151.25
151.0
151.0
150.5
150.5
151.0
151.0
151.25
151.25
151.25
151.25
153.0
153.0
153.0
151.75
151.75
150.5
151.5
151.5
151.5
151.5
151.5
151.75
151.75
151.75
151.5
151.5
151.0
151.0
151.0
151.5
151.5
152.0
151.75
151.75
151.75
152.0
152.0
152.5
152.5
152.5
152.75
153.25
153.25
153.25
153.25
153.25
152.75
152.75
152.5
152.5
152.5
153.25
153.25
153.75
153.75
153.0
152.5
152.5
152.5
152.5
153.0
153.5
153.5
153.0
153.0
153.0
153.25
153.5
153.5
153.0
153.0
151.75
151.75
151.75
151.75
151.75
152.0
152.0
152.0
152.0
152.0
151.25
150.75
150.75
150.25
150.25
149.25
149.25
149.0
148.5
148.5
149.0
149.0
149.0
149.25
149.25
149.25
149.5
149.5
150.5
150.5
150.75
151.0
151.0
150.5
150.5
150.25
149.5
149.5
149.25
149.25
148.75
148.75
147.75
147.75
147.25
147.75
147.75
148.25
149.0
149.0
150.0
150.0
151.25
151.25
151.25
152.0
152.0
153.5
154.25
154.25
155.0
155.0
155.0
154.5
154.5
154.5
154.0
154.0
153.25
153.25
155.25
155.25
155.75
156.75
156.75
156.5
156.5
156.5
156.5
156.75
156.75
153.75
153.25
153.25
149.0
149.0
148.5
148.5
149.25
149.25
150.0
148.5
148.5
149.25
149.5
149.5
148.75
148.75
146.25
144.25
144.25
141.5
141.5
137.75
137.75
138.5
139.25
139.25
139.25
139.25
138.75
138.75
137.25
137.25
137.25
139.5
139.5
140.5
141.75
141.75
143.0
143.0
143.75
142.5
142.5
140.0
140.0
137.5
137.5
137.75
139.0
139.0
139.25
139.25
139.25
139.25
139.25
139.25
139.25
138.5
138.5
139.25
140.5
140.5
140.5
141.0
142.25
142.25
142.5
142.5
143.5
143.5
143.5
145.5
145.5
146.25
147.0
147.0
148.25
147.75
147.75
147.75
147.75
146.75
146.0
146.0
145.25
145.25
145.0
145.75
145.75
146.25
146.25
146.25
146.25
146.25
146.25
146.75
146.75
147.5
147.5
147.5
148.0
148.0
148.5
148.75
148.75
150.25
150.25
150.25
151.25
151.25
151.25
151.5
151.5
151.5
151.75
151.75
151.75
150.25
150.25
150.25
150.25
150.25
148.25
148.25
144.0
144.0
143.25
143.25
145.5
145.75
145.75
145.75
145.75
145.75
144.25
144.25
146.75
147.25
147.25
147.5
147.5
147.5
147.5
147.5
147.5
148.5
148.5
148.5
146.0
146.0
148.25
149.0
149.0
148.5
148.5
148.5
148.5
148.5
148.25
148.25
148.25
148.25
148.25
148.25
154.0
154.0
154.25
154.25
151.75
151.75
151.0
151.0
151.0
151.25
151.25
151.0
151.0
150.75
150.75
150.75
150.75
152.0
152.0
152.0
151.25
151.25
150.25
150.0
150.0
150.0
150.0
150.25
150.25
150.25
150.75
150.75
151.0
151.5
151.5
151.25
151.25
151.5
151.75
151.75
152.25
152.25
152.25
151.75
152.0
152.0
152.0
152.0
152.0
152.0
152.0
152.0
152.0
152.0
152.0
152.0
152.0
152.0
152.0
151.5
151.0
151.0
150.75
150.75
150.25
150.0
150.0
151.0
151.0
151.0
151.0
150.75
150.75
151.5
151.5
151.5
151.0
151.0
151.25
151.25
151.25
151.25
152.0
152.0
152.0
151.0
151.0
151.5
151.5
152.25
151.5
151.5
151.5
151.5
150.75
150.75
150.75
150.75
149.75
149.75
149.75
147.5
147.5
147.75
147.75
147.5
147.5
147.5
148.25
148.25
149.0
149.0
149.0
149.0
149.0
149.0
148.75
149.25
149.25
148.75
148.75
148.25
148.25
148.5
148.25
148.25
147.75
147.75
148.75
148.75
148.75
148.75
148.25
148.25
148.5
148.5
148.5
148.5
148.5
148.25
148.25
148.25
148.25
147.25
148.5
148.5
149.25
149.25
148.75
148.0
148.0
147.75
147.25
147.25
147.5
147.5
146.75
146.0
146.0
145.25
145.25
145.25
145.5
145.75
145.75
146.75
147.25
147.25
147.25
146.25
146.25
146.25
146.25
146.25
146.25
146.5
146.75
146.75
146.75
146.5
146.5
145.25
145.25
144.25
144.25
143.5
142.25
142.25
141.5
141.5
141.0
141.5
141.5
141.75
141.75
142.0
141.5
141.5
141.75
141.75
141.75
142.25
142.25
142.0
142.0
142.0
142.0
142.25
142.0
142.0
141.0
141.0
140.75
140.75
140.5
139.25
139.25
139.25
138.5
139.25
139.25
140.5
140.5
141.0
142.25
142.25
143.25
141.75
141.75
141.25
141.25
142.0
142.5
142.5
143.5
143.5
143.5
143.5
143.0
143.25
143.25
143.0
143.0
142.5
141.5
141.5
140.5
140.5
141.0
142.0
142.0
143.25
143.25
143.75
144.0
144.0
144.25
144.25
144.25
144.25
144.25
144.25
144.25
144.5
145.0
145.0
144.0
144.0
143.25
143.5
143.5
143.75
143.75
144.25
144.75
144.75
145.0
145.0
145.0
145.0
145.0
145.25
145.25
145.25
145.25
145.25
145.5
145.5
145.75
146.0
146.0
145.5
145.75
145.75
146.0
146.0
146.25
146.5
146.5
146.75
146.75
146.75
146.75
146.75
147.0
147.0
147.0
147.0
147.0
147.0
146.5
146.5
146.5
146.5
146.5
146.5
146.5
146.0
146.0
146.0
146.25
146.25
146.25
146.5
146.5
146.5
146.5
146.5
146.5
146.5
147.25
147.25
147.25
147.25
147.25
145.5
145.5
144.5
143.5
143.5
143.25
143.25
144.0
144.0
144.75
144.75
145.5
145.5
144.5
143.0
143.0
141.0
141.0
140.5
141.25
141.25
141.25
141.25
141.25
141.25
141.25
141.5
141.5
141.5
142.25
142.25
143.25
143.25
144.5
145.25
145.25
145.5
145.5
146.0
146.0
146.0
146.0
146.0
147.25
147.75
147.75
147.75
147.5
147.5
148.5
148.5
148.5
148.75
148.75
149.0
149.5
149.5
149.5
149.5
149.75
149.75
149.75
150.0
150.5
150.5
150.75
150.75
151.25
151.5
151.5
151.75
152.0
152.0
152.0
152.0
152.0
152.25
152.25
152.25
151.75
151.75
151.75
151.75
151.75
152.25
152.25
152.25
152.25
152.25
151.75
151.0
151.0
150.75
150.25
150.25
150.75
150.75
151.0
151.0
151.0
151.0
151.0
150.75
150.75
150.75
151.25
151.25
152.0
152.25
152.25
151.5
151.5
150.75
150.75
151.25
151.25
150.75
150.25
150.25
150.75
150.75
150.75
151.0
151.0
150.25
150.0
150.0
150.0
152.75
152.75
151.5
151.5
150.5
149.75
149.75
149.0
149.5
149.5
149.5
149.5
149.25
148.75
148.75
148.25
148.25
148.25
146.5
146.5
147.0
147.0
147.0
147.5
148.75
148.75
148.75
149.0
149.0
149.25
149.75
149.75
150.25
150.5
150.5
150.75
150.75
150.75
150.75
150.75
151.5
151.25
151.25
151.25
151.25
151.25
151.25
151.25
151.75
151.75
152.0
152.25
152.25
152.0
152.0
152.5
152.5
152.5
152.25
151.0
151.0
151.0
150.0
150.75
150.75
151.0
151.0
152.5
152.5
152.75
152.5
152.5
152.75
152.75
152.75
152.75
152.75
152.25
152.25
152.25
152.25
152.25
152.25
152.0
152.0
151.5
151.0
151.0
150.5
149.5
149.5
149.0
149.0
148.75
149.0
149.0
149.75
150.0
150.0
149.75
149.75
150.25
150.75
150.75
151.25
151.25
151.25
151.5
151.5
151.0
151.25
151.25
151.25
151.25
151.5
151.5
151.75
151.75
152.0
152.0
151.5
151.0
151.0
151.25
151.25
151.25
151.25
151.25
151.25
151.25
151.25
151.25
151.25
151.25
151.0
151.0
151.0
151.25
151.25
151.5
151.75
151.75
151.25
151.75
151.75
152.25
152.25
152.25
152.75
152.75
152.75
152.75
152.75
152.75
152.75
154.25
154.25
155.75
155.75
156.5
156.75
156.75
157.25
157.5
157.5
157.0
156.5
156.5
156.5
156.5
156.5
156.5
156.5
156.75
156.75
156.75
156.25
156.25
156.25
154.75
154.75
154.25
154.25
153.75
154.0
154.0
154.0
154.25
154.25
154.25
154.25
154.75
154.75
154.75
154.75
154.75
154.75
154.75
154.75
155.25
155.5
155.5
155.75
155.75
155.75
156.0
156.25
156.25
156.5
156.5
157.25
157.75
157.75
158.25
158.25
159.25
159.75
160.25
160.25
160.5
160.5
160.75
160.75
162.75
162.75
164.0
164.0
164.0
164.0
162.75
162.75
162.75
162.75
162.75
162.75
162.5
162.5
162.5
162.0
162.0
162.0
162.0
162.5
162.5
162.0
162.0
161.5
161.25
161.25
161.0
161.0
160.5
160.5
160.5
160.5
160.75
160.75
161.0
161.0
161.0
161.0
161.0
161.0
161.0
161.0
161.0
161.0
160.0
160.0
160.0
159.75
159.75
160.0
160.25
160.25
160.0
160.25
160.25
160.5
160.5
162.5
162.5
162.5
162.0
161.5
161.5
161.5
161.5
161.0
161.0
160.5
160.5
161.0
161.25
161.25
160.75
161.0
161.0
161.0
161.0
161.25
161.25
161.25
161.25
161.75
161.75
161.5
161.25
161.25
161.0
161.0
161.0
161.0
161.0
161.0
160.5
160.5
160.5
160.5
160.5
161.0
161.0
161.0
161.0
161.0
161.0
160.5
160.5
160.5
160.5
160.0
160.0
160.5
159.75
159.5
159.5
159.5
159.5
159.5
158.75
157.75
157.75
156.5
156.5
156.0
156.0
156.0
156.25
156.25
156.25
156.0
156.25
156.25
156.5
156.0
156.0
156.0
156.0
156.25
156.25
155.5
155.5
155.0
155.0
155.25
155.5
155.5
157.0
157.75
157.75
158.0
158.0
158.0
157.0
155.5
155.5
155.0
154.25
154.25
154.0
154.0
153.0
153.0
153.0
153.0
152.5
152.5
153.75
153.75
153.75
153.75
155.25
155.25
155.5
155.5
155.5
156.0
156.0
156.5
156.5
157.5
158.0
158.0
157.25
157.25
154.5
154.5
153.5
151.5
151.5
148.75
148.75
148.5
148.5
148.5
147.75
147.75
147.25
146.75
146.75
147.0
147.0
147.0
150.5
151.25
151.25
152.0
152.0
152.0
152.25
152.25
152.5
153.5
153.5
153.75
154.25
154.25
154.25
154.75
154.75
155.25
156.0
156.0
155.5
155.5
156.25
156.75
156.75
157.75
158.25
158.25
158.5
159.5
159.5
159.0
158.25
158.25
158.5
158.5
159.0
158.5
158.5
159.0
159.0
159.5
159.5
159.5
160.0
160.0
160.5
160.0
160.0
160.0
157.5
157.5
157.25
157.25
157.25
157.25
157.0
157.0
156.0
156.25
156.25
157.0
157.0
158.0
158.75
158.5
158.5
158.5
158.5
158.75
158.0
158.0
158.0
158.0
159.75
159.5
159.25
159.25
158.5
158.5
158.5
157.5
157.75
157.75
158.25
158.75
158.75
158.75
158.5
158.5
158.75
158.0
158.0
158.0
158.75
158.75
159.0
159.0
159.0
156.5
153.25
153.25
152.25
152.75
152.75
154.0
154.0
155.25
155.25
155.25
155.25
155.5
155.5
155.5
156.75
156.75
157.5
157.5
157.0
157.0
158.5
158.5
159.0
159.0
159.0
158.0
157.5
157.5
157.5
158.0
158.0
159.0
159.0
159.75
159.75
160.5
160.5
160.5
160.5
159.25
160.0
160.0
160.75
161.75
161.75
161.25
161.25
161.25
161.25
161.25
161.25
161.25
160.25
160.25
159.75
159.75
159.0
159.75
159.75
160.25
161.25
161.25
161.0
161.0
161.0
160.25
160.25
160.75
160.75
160.5
160.5
160.5
160.5
160.5
160.75
160.75
160.75
160.25
160.25
160.0
160.0
160.25
160.75
160.75
160.75
160.75
160.25
160.0
160.0
160.5
160.5
160.5
161.5
161.25
161.25
161.0
161.75
161.75
162.0
162.0
160.75
160.75
161.25
161.25
162.75
162.75
162.75
162.75
162.75
162.75
162.75
162.75
162.5
162.5
163.0
163.0
163.0
163.25
162.75
162.75
162.0
162.0
162.0
162.0
162.5
162.5
162.5
162.5
163.25
163.0
163.0
163.0
163.25
162.5
162.5
162.5
163.0
163.75
163.75
164.25
164.25
164.5
164.5
164.0
164.0
164.0
164.0
164.5
164.5
164.5
164.5
163.5
163.5
162.5
162.5
162.5
162.5
163.25
163.25
163.5
161.75
161.75
161.75
160.25
160.25
161.75
161.75
161.75
161.25
161.25
161.75
161.75
161.0
161.5
161.5
161.25
161.25
160.25
159.75
159.75
159.5
159.5
160.0
160.0
160.25
160.25
159.25
159.25
160.25
160.25
160.25
160.75
159.75
159.75
160.0
160.0
160.0
160.0
160.0
159.5
159.75
159.75
159.25
159.25
159.25
159.5
159.5
160.0
160.0
159.25
158.75
158.75
158.75
159.0
159.0
159.0
159.5
159.5
159.5
158.75
158.75
158.25
158.25
158.25
158.25
158.25
158.25
161.0
160.75
160.75
160.75
161.5
161.75
161.75
162.0
162.0
160.5
160.5
160.75
159.5
159.5
159.0
159.0
158.75
158.75
158.75
158.75
158.75
158.75
156.0
156.0
155.75
155.75
155.75
155.75
155.75
155.75
155.75
155.75
155.75
155.75
155.75
155.75
155.25
154.25
154.25
154.0
153.5
153.5
153.5
152.5
152.5
152.5
152.5
152.75
152.75
152.75
152.75
151.5
151.5
151.5
151.5
151.5
149.25
149.0
149.0
149.0
149.0
149.0
149.0
149.0
152.5
154.0
154.0
154.5
154.5
154.75
154.75
155.5
155.5
154.5
154.5
152.75
152.25
152.25
153.0
153.0
153.0
153.25
155.5
155.5
155.5
155.5
156.0
156.0
157.5
157.5
157.0
157.0
157.0
157.25
157.25
157.0
156.75
156.75
156.75
156.75
156.75
156.33333333333334
155.91666666666666
155.5
156.0
156.0
157.0
157.0
157.75
157.75
157.75
157.75
157.75
158.0
157.58333333333334
157.16666666666666
156.75
156.75
156.75
156.25
156.75
156.75
156.5
156.5
155.0
155.0
154.5
155.75
155.75
155.75
156.25
156.25
156.25
156.25
156.25
156.5
156.5
156.75
156.75
156.0
156.0
158.0
158.0
158.25
158.25
157.5
157.25
157.25
157.75
157.75
157.25
157.5
157.5
156.5
156.5
157.0
157.0
155.5
155.5
155.0
156.0
156.0
156.25
156.5
156.5
156.5
156.0
156.0
156.0
158.75
158.75
156.75
156.75
155.0
155.0
155.0
155.0
157.25
157.25
157.25
157.25
157.25
160.5
160.0
160.0
158.5
157.75
157.75
157.5
157.5
158.0
158.0
158.0
157.5
157.5
154.5
155.75
155.75
155.75
157.75
157.75
156.5
156.5
158.5
158.5
158.5
158.5
159.0
159.25
159.25
159.25
159.5
158.5
158.5
159.0
159.0
159.25
159.25
159.25
159.25
159.25
159.0
159.0
158.25
158.25
158.25
158.25
157.75
158.0
158.0
158.25
158.25
158.75
158.75
160.25
160.25
159.5
159.5
157.75
157.75
158.0
158.0
159.0
159.0
158.75
158.5
158.5
158.0
158.25
158.25
158.75
159.25
159.25
159.25
159.0
159.0
158.5
158.5
159.75
159.75
159.75
160.0
159.75
159.75
159.75
160.25
160.25
160.75
160.75
160.75
160.75
161.5
160.5
160.5
160.75
160.75
160.75
160.75
160.75
160.75
160.25
160.75
160.75
160.5
160.5
160.0
160.0
159.5
159.5
160.0
160.25
160.5
160.5
160.5
160.5
160.5
162.0
162.25
162.25
162.25
162.25
162.25
162.0
161.75
161.75
161.75
161.75
161.75
161.5
161.25
161.25
161.5
161.0
161.0
161.5
161.5
161.25
161.25
161.75
161.75
161.75
162.25
162.25
162.25
162.25
162.25
162.25
163.0
163.0
162.75
163.5
163.5
162.75
162.75
161.75
161.75
161.75
162.25
163.25
163.25
163.75
163.75
163.5
163.5
164.25
165.5
165.5
165.5
165.5
165.5
165.5
166.5
166.5
166.5
166.5
166.5
166.5
166.5
166.5
166.25
166.25
166.75
167.75
167.75
167.75
167.75
167.75
167.75
165.25
165.25
167.25
167.25
167.25
167.25
167.25
167.25
167.75
167.75
170.5
170.5
170.75
170.75
171.75
170.5
170.5
168.75
168.75
168.75
167.75
167.75
167.75
168.0
168.0
168.25
168.5
168.5
167.5
167.5
168.0
167.75
167.75
167.5
167.5
169.5
169.5
169.75
169.75
169.75
169.75
168.25
168.25
168.5
168.5
167.0
167.0
164.75
164.75
164.75
164.75
164.75
165.25
165.25
165.25
164.75
164.75
163.5
163.5
163.5
163.5
163.75
163.75
163.0
163.0
164.5
164.75
164.75
165.75
165.75
165.75
166.25
167.0
167.0
167.0
167.25
167.25
167.5
167.5
167.0
167.0
167.25
167.25
167.25
167.25
166.5
166.5
166.5
165.0
165.0
165.0
165.0
165.0
165.0
165.0
165.0
165.0
165.0
165.0
152.25
152.25
152.25
139.25
139.25
139.25
137.5
137.5
137.5
141.0
141.0
141.0
141.0
141.0
141.0
141.0
141.0
141.0
141.0
141.0
141.0
141.0
141.0
141.0
141.0
139.5
138.0
136.5
135.0
133.5
132.0
130.5
129.0
127.5
126.0
124.5
123.0
123.0
123.0
123.0
123.0
123.0
123.0
123.0
123.0
123.0
123.0
123.0
124.47916666666667
125.95833333333333
127.4375
128.91666666666666
130.39583333333334
131.875
133.35416666666666
134.83333333333334
136.3125
137.79166666666666
139.27083333333334
140.75
142.22916666666666
143.70833333333334
145.1875
146.66666666666666
148.14583333333334
149.625
151.10416666666666
152.58333333333334
154.0625
155.54166666666666
157.02083333333334
158.5
159.97916666666666
161.45833333333334
162.9375
164.41666666666666
165.89583333333334
167.375
168.85416666666666
170.33333333333334
171.8125
173.29166666666666
174.77083333333334
176.25
176.25
174.0
174.0
174.0
174.0
173.75
173.75
173.0
173.0
171.25
170.25
170.25
170.25
170.25
170.25
170.0
170.0
170.75
170.75
170.5
170.5
170.5
170.5
170.5
170.5
173.0
173.0
173.0
173.0
173.0
173.0
173.0
173.0
173.0
177.25
175.5
175.5
169.5
169.5
168.25
167.75
167.75
167.75
172.0
172.0
173.0
173.0
162.5
162.5
164.25
164.25
166.5
166.5
167.0
167.0
166.75
166.75
164.75
163.0
163.0
163.0
165.5
165.5
170.5
170.5
171.5
174.25
174.25
170.75
170.75
171.75
171.75
173.0
173.0
174.75
174.75
174.75
174.75
177.0
177.0
178.0
176.75
176.75
177.25
177.25
176.25
176.25
175.0
171.75
171.75
166.25
166.25
166.25
164.75
164.75
164.75
167.25
167.25
171.5
171.5
173.25
173.25
171.5
171.5
170.0
170.0
172.25
174.5
174.5
174.75
174.75
175.0
175.0
172.25
169.5
169.5
170.25
170.25
171.75
171.75
171.25
171.25
172.0
172.0
173.5
173.5
172.75
171.0
171.0
164.25
164.25
160.5
160.5
163.5
163.5
164.75
164.75
165.5
165.5
166.5
166.5
165.0
165.0
168.5
168.5
170.75
170.75
171.75
171.75
171.0
171.0
170.25
170.25
171.25
171.25
171.5
173.25
173.25
173.25
173.25
172.5
172.5
173.0
173.0
173.25
173.25
173.25
173.25
173.25
173.25
173.25
172.5
172.5
173.0
173.0
174.25
174.25
174.75
174.75
175.5
175.5
174.5
174.5
172.75
172.75
174.25
174.25
174.25
174.25
174.25
174.5
174.5
172.75
171.5
171.5
169.75
169.75
170.75
170.75
171.25
171.25
171.25
171.25
170.75
170.75
171.0
171.0
170.75
170.75
170.75
170.75
170.75
170.75
171.5
172.25
172.25
172.5
172.5
173.25
173.25
172.25
172.25
172.0
172.0
170.25
170.0
170.0
170.5
170.5
170.25
170.25
170.5
170.5
170.25
170.25
170.25
170.25
170.0
170.0
169.5
169.5
169.25
168.5
168.5
167.75
167.75
167.75
167.75
168.75
167.0
167.0
168.0
168.0
168.0
168.25
167.5
167.5
167.25
167.25
167.5
167.5
167.5
167.5
166.75
166.75
167.5
167.5
167.5
167.0
167.0
167.0
168.75
169.5
169.5
169.5
169.75
169.75
169.75
167.75
168.5
168.5
171.25
171.25
170.0
170.0
168.25
166.5
166.5
165.0
165.0
165.0
164.0
163.5
163.5
162.25
162.0
162.0
161.75
161.75
161.75
163.5
163.5
163.5
164.5
164.5
164.5
165.0
165.25
165.25
165.25
166.0
166.0
166.5
166.5
165.75
165.75
166.25
166.25
166.25
167.25
167.25
167.25
167.25
166.5
166.5
166.75
166.75
166.75
167.25
167.25
167.25
167.25
166.5
166.5
166.5
166.25
165.75
165.75
166.0
166.0
166.0
166.0
166.0
165.25
165.25
165.25
165.25
166.75
166.75
167.0
167.0
166.0
166.0
166.0
166.0
165.5
165.5
165.5
165.5
166.75
166.75
165.75
165.75
165.75
165.75
166.5
166.5
166.0
166.0
166.25
166.25
164.75
164.75
163.0
162.5
162.5
161.25
161.25
161.25
161.25
161.25
162.75
162.75
163.0
163.0
163.5
163.5
163.0
163.0
162.75
162.75
161.25
161.5
161.5
161.75
161.75
162.25
162.25
162.25
162.25
161.75
161.0
161.0
160.75
160.0
160.0
160.0
160.25
160.25
160.5
160.5
160.75
160.75
160.75
160.5
160.25
160.25
159.0
158.0
158.0
156.75
156.75
156.5
156.25
156.25
156.75
157.5
157.5
158.0
158.5
158.5
158.75
159.0
159.0
159.25
159.75
159.75
160.0
160.25
160.25
159.75
158.75
158.75
158.5
158.25
158.25
157.75
157.75
157.5
157.5
158.0
158.0
158.0
158.0
158.0
158.0
158.0
158.0
158.25
158.25
158.25
158.25
156.75
155.75
155.75
154.0
154.5
154.5
155.25
155.25
156.0
156.0
156.25
156.25
156.25
156.25
156.5
156.75
156.75
156.75
156.75
156.75
156.75
155.75
155.75
155.0
154.0
154.0
152.5
152.5
151.0
151.0
147.75
147.75
147.75
146.25
146.5
146.5
148.0
148.75
148.75
149.25
149.25
150.5
151.5
151.5
152.25
152.5
152.5
152.75
152.75
152.75
152.75
152.75
152.25
152.0
152.0
152.5
152.25
152.25
152.25
152.25
152.5
152.0
152.0
151.25
150.75
150.75
151.0
151.25
151.25
151.75
151.75
152.25
152.0
152.0
152.0
151.0
151.0
148.5
148.5
145.75
143.5
143.5
142.0
142.0
142.0
144.0
144.0
145.75
145.75
148.0
150.25
150.25
150.5
151.5
151.5
152.75
153.0
153.0
152.5
152.5
152.5
153.0
153.0
152.5
150.5
150.5
146.75
146.75
145.5
145.5
145.5
145.25
145.25
144.75
143.0
143.0
142.0
142.0
141.0
141.5
141.5
143.25
143.25
145.25
146.75
146.75
148.75
149.75
149.75
150.5
150.5
151.5
151.5
151.5
151.5
151.75
151.75
152.0
152.5
152.5
153.0
153.0
153.25
152.75
152.75
152.5
152.5
152.25
152.25
152.5
152.25
152.25
152.5
152.5
152.75
152.75
152.75
152.75
152.75
152.75
152.75
152.75
152.75
152.5
153.0
153.0
153.5
153.5
153.5
153.5
151.5
150.25
150.25
149.75
149.25
149.25
150.5
150.5
150.75
151.0
151.0
152.0
152.0
153.0
153.75
153.75
154.25
155.0
155.0
155.75
155.75
155.75
154.5
154.5
154.75
154.75
154.75
154.75
152.75
152.75
151.75
150.25
150.25
150.0
150.25
150.25
150.25
151.0
151.0
152.0
152.0
152.25
152.5
152.5
152.75
152.75
152.75
152.0
152.0
150.25
150.0
150.0
150.0
150.0
150.75
150.75
150.5
150.5
148.5
148.0
148.0
147.75
147.75
149.0
149.25
149.25
150.5
150.5
150.5
150.75
150.75
150.25
150.25
151.5
151.5
152.25
152.25
152.75
152.75
153.75
153.25
153.25
153.0
153.0
152.75
152.75
152.75
152.75
155.25
155.25
155.25
155.25
155.5
155.5
156.5
156.75
156.75
155.0
155.0
154.0
152.5
152.5
151.75
151.75
151.75
152.0
152.0
152.25
152.25
152.25
151.75
151.75
151.0
150.25
150.25
150.0
150.0
150.0
150.25
150.25
150.75
151.25
151.25
151.75
152.25
152.25
152.5
152.5
153.25
154.25
154.25
155.0
155.25
155.25
155.25
155.25
154.5
153.75
153.75
153.0
153.0
152.75
153.5
153.5
153.5
152.25
152.5
152.5
152.75
153.25
153.25
153.5
153.5
152.75
152.75
151.0
152.0
152.0
152.0
152.0
148.75
147.25
147.25
146.25
146.25
145.75
146.0
146.0
146.25
147.25
147.25
148.5
148.5
148.5
148.25
148.25
150.5
150.5
151.5
151.5
151.75
153.0
153.0
153.5
153.5
154.5
155.0
155.0
155.0
155.0
155.0
155.25
155.0
155.0
155.25
155.25
155.25
155.25
155.5
155.5
155.5
155.5
155.5
155.25
155.25
155.25
155.25
155.25
155.5
155.75
155.75
155.75
155.75
155.5
155.5
156.25
156.25
157.25
157.0
157.0
156.75
155.25
155.25
155.25
156.0
156.0
156.0
156.0
155.5
155.0
155.0
154.0
154.0
154.0
153.5
153.5
153.5
153.5
154.75
154.75
155.0
155.0
155.25
154.75
154.75
155.25
155.0
155.0
154.25
152.75
152.75
150.75
150.75
149.75
150.5
150.5
150.75
151.0
151.0
150.5
150.0
150.0
150.0
150.0
149.25
149.0
149.0
147.5
147.5
145.75
146.25
146.25
147.0
147.0
144.5
144.5
134.25
134.25
133.75
133.75
133.0
133.0
133.0
133.0
133.25
133.25
136.25
136.25
139.75
142.0
142.0
143.75
143.75
144.25
144.0
144.0
143.25
143.25
143.0
143.75
143.75
143.5
143.5
142.75
142.75
142.75
145.5
145.5
146.5
147.0
147.0
147.0
147.0
148.0
148.25
148.25
147.5
146.75
146.75
146.0
146.0
146.0
146.5
146.5
147.5
147.5
146.75
145.0
145.0
145.75
145.75
146.0
146.5
146.5
146.5
147.0
147.0
147.25
147.25
147.0
146.0
146.0
146.0
146.0
146.75
145.75
145.75
145.25
145.25
146.0
145.5
145.5
144.75
144.75
142.0
138.5
138.5
138.25
138.25
139.5
139.5
138.75
137.5
137.5
134.25
134.25
132.5
132.5
133.75
135.5
135.5
138.5
138.5
141.75
141.75
143.25
143.75
143.75
144.0
144.75
144.75
144.75
144.75
144.75
145.25
145.25
145.5
145.5
146.25
145.75
145.75
144.75
144.75
145.25
146.75
146.75
147.25
147.25
147.25
147.75
147.75
148.0
148.25
148.25
147.5
147.5
147.5
148.0
148.0
149.25
150.25
150.25
150.0
150.0
150.0
151.0
151.0
151.5
151.5
151.5
152.0
151.5
151.5
152.0
152.0
152.0
152.25
152.25
152.25
152.0
152.0
151.5
151.5
150.75
150.25
150.25
150.25
149.75
149.75
148.5
148.5
149.0
149.5
149.5
150.0
150.0
150.0
149.75
149.75
149.0
147.5
147.5
146.5
147.25
147.25
148.5
148.5
149.25
150.0
150.0
150.25
151.5
151.5
151.75
151.75
152.25
153.0
153.0
152.75
151.25
151.25
150.5
151.25
151.25
152.0
152.0
152.5
152.75
152.75
152.0
152.0
149.5
149.5
148.25
147.5
147.5
147.5
149.25
149.75
149.75
149.75
149.75
150.5
151.25
151.25
151.25
151.5
151.5
151.5
151.5
151.75
151.5
151.5
152.25
152.0
152.0
151.25
151.5
151.5
151.5
151.5
151.0
151.25
151.25
151.5
151.25
151.25
151.5
152.0
152.0
152.25
152.25
152.75
152.75
152.75
153.0
152.5
152.5
150.25
150.25
148.75
148.75
148.75
149.5
150.25
150.25
150.25
150.25
149.5
147.0
147.0
145.0
145.0
145.0
145.0
143.75
143.75
143.5
143.5
143.5
143.5
143.5
144.5
144.75
144.75
144.25
144.25
143.5
144.25
144.25
145.0
145.0
146.0
146.25
146.25
146.5
146.5
146.5
146.75
146.75
146.75
147.75
147.75
148.5
148.75
148.75
149.5
149.5
150.25
150.75
150.75
150.75
150.75
151.0
151.25
151.25
151.25
151.25
151.25
151.25
151.25
151.5
151.5
152.0
151.0
151.0
150.5
150.5
149.5
149.5
149.75
150.25
150.25
150.25
150.25
150.5
150.5
150.5
151.0
151.0
151.0
151.25
151.25
151.25
151.25
151.25
151.25
151.25
151.25
151.0
152.0
152.0
152.25
152.25
151.0
151.0
146.25
141.75
141.75
139.0
139.0
139.0
140.5
140.5
142.25
144.25
144.25
146.25
146.25
147.5
147.5
147.75
147.75
148.75
149.0
149.0
149.0
149.0
149.75
150.25
150.25
150.25
150.25
150.25
150.75
150.75
150.75
150.75
150.75
150.75
151.75
151.75
152.0
152.0
152.0
151.0
151.0
150.5
150.5
150.5
150.5
150.5
150.5
149.75
149.75
147.75
147.0
147.0
147.0
146.25
146.25
147.75
147.75
148.5
149.0
149.0
150.25
150.25
150.75
150.75
150.75
151.0
150.5
150.5
150.75
150.75
150.75
151.0
151.0
151.0
150.25
150.25
150.25
150.25
150.0
150.0
150.0
150.0
148.25
148.25
148.0
148.0
147.25
147.25
147.25
146.75
146.75
147.0
147.5
147.5
147.5
147.75
147.75
148.5
148.5
149.0
148.5
148.5
146.75
146.75
145.5
145.5
146.75
148.75
148.75
149.75
151.0
151.0
149.25
149.25
147.75
145.0
145.0
143.75
143.75
145.5
148.5
148.5
150.25
151.25
151.25
151.0
151.0
150.25
150.25
144.5
144.5
143.75
143.75
143.5
143.5
136.25
136.25
136.0
136.0
139.0
142.0
142.0
143.75
145.0
145.0
142.5
142.5
136.0
136.0
130.0
130.0
129.75
129.5
129.5
135.5
135.5
136.75
136.75
137.25
137.25
137.25
137.25
129.0
129.0
123.0
123.0
120.25
120.25
119.5
119.5
119.5
119.5
119.25
119.25
133.5
133.5
137.0
141.5
141.5
145.75
148.0
148.0
150.0
150.0
150.75
150.75
143.0
143.0
144.75
144.75
145.0
145.25
145.25
145.25
145.5
145.5
143.0
143.0
143.0
140.5
138.0
138.0
138.0
136.0
136.0
136.0
136.0
136.0
136.0
136.0
136.0
136.0
142.25
142.25
145.5
145.5
145.5
146.5
146.5
146.75
146.75
141.75
142.0
142.0
143.25
143.25
147.0
147.0
141.0
141.0
138.0
132.75
132.75
130.75
130.75
129.75
129.75
129.75
129.75
129.75
129.75
129.75
129.75
129.75
136.25
143.5
143.5
147.75
150.5
150.5
151.5
151.5
153.75
156.0
156.0
156.5
156.5
153.5
152.25
152.25
152.0
152.0
154.5
148.5
148.5
149.0
149.0
153.0
153.0
155.25
155.75
155.75
149.0
149.0
146.0
146.0
152.0
153.75
153.75
155.5
155.25
155.25
150.25
150.25
146.75
148.25
148.25
148.25
150.5
150.5
147.5
147.5
145.5
145.5
145.0
146.0
146.0
148.0
151.5
151.5
153.5
155.0
155.0
155.0
154.5
154.5
150.0
146.25
146.25
141.0
141.0
137.75
137.75
133.25
133.25
130.0
130.0
130.75
133.25
133.25
136.75
136.75
141.0
145.5
145.5
147.5
147.5
140.5
138.25
138.25
138.25
129.5
127.5
127.5
127.5
126.75
126.75
126.75
126.75
126.75
126.75
126.75
126.75
133.0
139.25
145.5
145.75
145.75
147.25
149.0
149.0
151.25
151.25
153.75
155.0
155.0
156.5
156.5
162.75
164.5
164.5
164.5
164.5
164.5
164.5
164.5
164.0
164.0
165.5
165.5
165.5
168.0
168.0
173.25
173.25
173.25
168.25
168.25
170.75
170.75
171.0
171.0
170.75
170.75
170.25
170.25
168.75
168.75
168.0
168.0
168.0
164.0
164.0
164.25
164.25
165.75
165.75
166.0
164.25
164.25
163.25
163.25
161.75
160.75
160.75
160.75
159.0
159.0
159.0
160.25
160.25
162.75
162.75
164.0
164.0
160.25
159.5
159.5
161.5
161.5
163.5
163.5
166.0
166.0
166.25
166.25
166.25
167.75
167.75
167.75
167.75
164.5
164.5
159.5
156.5
156.5
155.25
155.5
155.5
156.75
156.75
161.75
161.75
162.25
162.25
161.25
161.25
164.25
164.25
166.75
166.75
166.75
166.75
167.0
167.0
167.25
167.25
166.0
166.0
165.0
165.0
163.0
163.0
162.5
162.5
161.75
161.5
161.5
161.5
164.75
164.75
165.5
165.5
165.5
168.25
168.25
169.5
169.5
168.25
168.25
165.5
165.5
162.75
162.75
163.75
164.5
164.5
166.0
166.0
168.75
168.75
168.25
163.5
163.5
161.5
161.5
161.75
161.75
162.75
163.0
163.0
163.5
161.75
161.75
160.25
158.5
158.5
158.25
159.25
159.25
160.75
161.75
161.75
162.25
162.25
162.5
162.5
164.0
167.25
167.25
168.75
168.75
169.25
169.25
169.25
169.25
169.25
169.25
172.0
172.0
172.75
173.5
173.5
173.5
174.25
173.25
172.75
172.75
172.5
172.5
167.25
167.25
165.75
165.75
167.25
167.25
169.5
169.25
169.25
168.25
167.0
167.0
165.25
163.75
163.75
163.25
163.25
161.5
161.5
162.0
162.0
161.0
161.0
160.75
160.75
163.5
167.5
167.5
169.5
169.5
169.25
169.25
167.5
166.75
166.75
166.75
166.75
167.75
167.75
168.75
168.0
168.0
167.25
165.25
165.25
165.25
161.75
161.75
162.25
163.0
163.0
163.0
165.0
165.5
165.5
165.5
165.5
165.5
161.25
160.25
160.25
161.0
161.0
165.5
165.5
166.75
166.75
164.0
164.0
158.25
158.25
155.25
155.25
154.5
156.0
156.0
158.5
158.5
160.75
160.75
160.5
160.5
162.75
162.75
167.0
167.0
168.5
170.0
170.0
171.0
171.0
168.75
168.75
168.0
167.5
167.5
169.5
169.5
169.5
169.5
167.75
167.75
167.75
169.0
169.0
159.25
162.25
162.25
166.0
166.0
167.75
167.75
168.75
167.5
167.5
167.5
167.0
167.0
166.25
164.5
164.5
167.5
167.5
165.75
168.0
168.0
168.5
168.5
169.0
169.0
168.0
168.0
164.25
164.25
164.0
164.0
161.25
159.75
159.75
159.75
160.25
160.25
161.5
161.5
163.75
163.75
167.25
167.25
168.75
168.75
169.5
169.5
170.0
170.0
168.75
167.75
167.75
167.5
165.0
165.0
165.0
165.25
165.25
168.0
168.0
172.5
172.5
173.0
173.0
169.5
169.5
168.25
169.25
169.25
169.25
174.0
174.0
175.0
175.0
175.5
175.5
176.0
176.0
174.75
175.0
175.0
175.75
175.25
175.25
175.25
176.0
178.0
178.0
179.25
179.25
177.0
177.0
179.25
181.5
181.5
180.25
180.25
181.25
182.25
182.25
182.0
182.0
180.0
180.0
178.0
178.0
177.5
177.5
177.5
177.5
180.0
182.0
182.0
182.75
182.75
181.0
180.5
180.5
180.5
180.5
180.0
180.0
178.75
178.75
179.75
179.75
180.0
180.0
178.5
178.0
178.0
176.75
176.75
176.75
177.5
177.5
176.75
176.75
174.75
174.75
173.75
173.75
173.75
173.75
174.5
172.75
172.75
170.25
169.0
169.0
169.0
171.75
172.5
172.5
171.75
171.75
171.75
171.75
170.75
170.75
170.75
170.75
174.25
174.25
176.0
175.25
175.25
174.75
174.75
175.5
175.5
175.5
178.25
178.25
180.25
180.25
179.25
179.25
181.0
181.0
181.75
181.75
182.75
182.75
182.75
181.75
181.75
181.75
181.5
181.5
181.25
176.25
176.25
175.0
175.0
175.75
175.75
175.25
175.25
171.0
169.25
169.25
166.5
163.5
163.5
161.5
161.5
162.75
162.75
166.5
166.5
170.25
171.25
171.25
172.75
172.75
173.25
173.25
174.0
174.0
174.0
175.0
174.25
174.25
172.25
172.25
175.75
175.75
179.0
179.0
180.0
180.5
180.5
176.0
176.0
174.25
174.25
175.25
175.25
175.25
176.25
176.25
176.25
176.25
174.5
174.5
170.0
168.0
168.0
165.75
163.5
163.5
161.25
159.5
159.5
158.75
158.75
159.75
159.75
159.75
159.75
160.75
160.75
160.75
163.5
163.5
163.5
164.5
163.5
163.5
161.25
161.25
160.0
160.0
157.75
157.75
159.0
159.0
164.75
164.75
166.25
166.25
168.5
168.5
168.75
169.75
169.75
169.75
174.75
177.0
177.0
175.25
175.25
174.5
174.5
174.5
179.5
181.75
181.75
181.75
181.75
178.25
178.25
181.0
181.0
181.75
181.75
181.75
181.75
182.5
182.5
183.0
184.0
184.0
182.5
182.5
184.25
184.25
185.0
185.0
187.75
186.0
186.0
185.0
185.0
180.5
180.5
177.0
177.0
176.5
176.5
172.25
172.25
168.5
168.5
166.75
166.75
165.0
165.0
164.5
164.5
163.5
163.5
162.0
162.75
162.75
166.25
166.25
166.25
166.5
164.75
164.75
163.75
163.75
163.75
152.0
152.0
151.25
151.25
147.5
142.25
142.25
138.5
138.5
141.0
141.0
147.25
153.0
153.0
156.75
158.25
158.25
158.25
155.25
155.25
154.75
154.75
157.25
157.25
158.5
158.5
159.0
159.0
159.0
159.0
161.25
163.5
165.75
168.0
170.25
172.5
174.75
174.75
176.25
174.75
174.75
172.5
172.5
170.75
170.75
171.25
171.25
172.75
172.75
174.75
174.0
174.0
168.75
168.75
166.75
166.75
164.75
164.0
162.75
162.75
162.0
162.0
162.0
162.0
161.5
161.25
161.25
163.25
163.25
163.25
164.25
164.25
165.5
165.5
165.5
156.25
156.25
154.5
154.5
153.75
154.25
154.25
155.0
156.25
156.25
157.25
157.5
157.5
158.25
157.75
157.75
156.5
156.0
156.0
154.75
154.75
154.75
155.0
155.0
154.25
153.25
153.25
152.5
152.75
152.75
152.75
152.75
152.75
152.5
152.5
155.0
157.0
157.0
161.0
161.0
160.5
157.25
157.25
153.75
153.75
150.5
144.0
144.0
139.75
139.75
139.5
139.5
137.25
137.25
136.5
136.5
136.25
129.5
129.5
129.5
129.5
130.0
130.0
133.25
133.25
136.25
138.5
138.5
140.5
145.0
145.0
147.5
147.5
150.5
149.0
149.0
146.5
146.5
144.75
145.25
145.25
146.25
146.25
148.0
149.25
149.25
150.0
150.0
150.0
150.0
150.5
150.5
151.25
151.25
151.75
151.5
151.5
151.5
151.5
152.5
152.75
152.75
152.75
152.5
152.5
152.5
152.75
152.75
153.25
154.5
154.5
154.25
154.0
154.0
152.75
152.75
150.0
150.0
149.25
149.25
149.0
148.5
148.5
147.25
147.25
146.5
144.75
144.75
146.0
146.0
146.75
146.75
146.75
143.75
143.75
140.75
139.75
139.75
136.5
136.5
136.5
136.5
136.5
136.5
136.5
136.5
128.5
128.5
129.25
129.25
131.75
131.75
133.5
134.25
134.25
135.25
135.25
137.5
138.5
138.5
140.0
140.0
141.25
142.75
142.75
144.75
144.75
146.5
147.75
147.75
148.25
147.5
147.5
147.25
147.25
147.5
147.5
146.25
146.25
146.25
146.25
144.5
144.5
146.0
146.0
146.5
147.25
147.25
147.5
147.5
146.25
147.25
147.25
146.5
145.0
145.0
145.0
145.0
143.75
143.75
140.5
136.25
136.25
134.25
134.25
131.25
131.25
126.75
126.75
122.25
122.25
116.75
116.75
109.0
109.0
109.0
106.75
106.75
115.0
115.0
119.25
119.25
123.75
128.25
128.25
130.0
130.0
133.0
133.0
133.75
133.75
133.75
132.75
132.75
132.75
132.75
134.5
134.5
135.75
136.5
136.5
137.25
137.25
137.5
137.5
138.75
139.75
139.75
139.75
139.75
138.25
138.25
138.25
137.5
137.5
133.25
133.25
132.0
132.0
131.0
131.0
130.75
131.75
131.75
134.0
134.0
136.5
138.0
138.0
138.5
138.5
138.0
138.0
136.5
136.5
132.25
132.25
129.75
129.25
129.25
130.25
130.25
131.5
131.5
131.25
131.25
132.0
132.5
132.5
132.5
132.5
133.75
133.75
137.25
137.25
139.0
139.0
140.75
140.75
141.0
139.25
139.25
138.75
138.75
136.5
136.5
126.0
126.0
124.5
124.5
126.5
130.75
130.75
135.25
135.25
137.5
137.5
139.5
141.25
141.25
141.75
141.75
141.0
141.0
145.5
148.75
148.75
152.0
152.0
153.0
152.5
152.5
152.0
152.0
150.25
149.0
149.0
146.75
146.75
147.5
147.5
147.5
148.25
148.0
148.0
147.5
147.5
147.0
146.75
146.75
147.25
147.75
147.75
147.5
147.5
147.5
146.25
146.25
148.25
148.25
148.25
149.25
149.25
149.75
149.75
146.5
146.0
146.0
145.25
145.25
146.0
145.75
145.75
144.75
144.5
144.5
145.25
145.25
146.5
147.0
147.0
146.0
146.0
145.0
145.5
145.5
142.25
142.25
137.25
137.25
135.0
135.0
135.0
137.0
137.0
139.0
139.0
142.0
143.25
143.25
143.0
143.0
141.75
140.5
140.5
141.25
141.25
142.75
143.75
143.75
145.75
147.0
147.0
147.75
147.75
147.25
147.0
147.0
148.5
148.5
149.0
149.0
149.0
148.75
148.75
148.75
148.5
148.5
145.5
145.5
142.0
137.0
137.0
134.5
134.5
134.5
134.5
136.25
138.0
138.0
138.75
138.75
137.25
137.25
136.0
136.25
136.25
136.25
136.25
137.0
137.0
137.75
139.0
139.0
139.75
139.75
141.25
141.5
141.5
142.0
142.0
143.75
146.25
146.25
146.5
146.5
147.5
147.0
147.0
147.0
145.75
145.75
143.75
143.75
142.0
142.0
141.75
141.5
141.5
142.25
142.25
142.5
144.25
144.25
145.25
147.0
147.0
148.75
148.75
148.25
145.0
145.0
142.25
142.25
142.75
142.5
142.5
143.0
143.0
144.0
145.0
145.0
145.75
145.75
146.25
148.0
148.0
148.75
148.75
149.0
147.5
147.5
145.5
145.5
145.0
143.5
143.5
143.25
143.75
143.75
144.25
144.25
143.75
144.75
144.75
145.0
145.0
144.5
143.75
143.75
141.5
141.5
141.5
140.75
140.75
143.25
143.25
144.5
144.5
141.0
139.25
139.25
130.5
130.5
130.5
122.0
122.0
116.75
116.75
115.25
115.25
115.25
115.25
115.75
115.75
115.75
115.75
115.75
115.75
115.75
115.75
115.75
117.25
117.25
117.25
117.25
117.25
117.25
117.25
120.15625
123.0625
125.96875
128.875
131.78125
134.6875
137.59375
140.5
140.5
138.5
138.0
138.0
137.25
136.25
136.25
137.0
137.0
138.5
138.5
139.75
139.75
136.75
136.75
135.25
135.25
138.25
138.25
140.0
140.0
138.5
138.5
134.5
134.5
134.5
132.75
132.75
132.75
132.75
131.25
131.25
128.25
128.25
127.25
127.25
126.5
126.5
127.25
127.25
127.25
127.5
127.5
127.5
132.25
132.25
128.75
128.75
127.75
127.75
127.5
127.5
127.5
127.5
127.5
127.5
128.25
128.25
129.5
129.5
129.75
129.75
125.25
125.25
123.5
123.5
123.25
124.75
124.75
125.75
125.75
127.0
127.0
128.75
128.75
129.0
129.0
129.75
131.25
131.25
133.5
133.5
136.75
136.75
138.5
138.5
135.75
135.75
133.25
133.25
132.0
132.0
132.25
134.5
134.5
136.0
136.0
136.0
139.5
139.5
139.5
140.75
140.75
140.75
140.75
142.25
142.25
143.0
143.0
143.25
143.25
143.25
141.25
141.25
138.0
138.0
136.25
136.25
134.0
133.5
133.5
134.5
134.5
135.5
135.5
136.75
136.75
137.25
137.25
137.75
137.75
137.75
140.5
140.5
142.5
142.5
144.25
144.25
144.5
144.75
144.75
145.75
145.5
145.5
146.0
146.0
146.75
146.0
146.0
144.5
144.5
143.0
143.0
141.0
139.5
139.5
140.25
140.25
141.75
142.75
142.75
143.75
143.75
146.0
147.0
147.0
147.0
146.0
146.0
145.25
145.25
143.75
143.75
143.75
144.75
144.75
145.25
146.0
146.0
146.75
146.75
147.25
146.75
146.75
145.0
145.0
143.5
142.5
142.5
142.5
142.5
144.25
144.75
144.75
143.5
143.5
143.0
142.25
142.25
141.75
141.75
142.5
143.25
143.25
142.5
142.5
143.25
143.75
143.75
142.25
142.25
139.25
139.25
138.75
140.0
140.0
142.75
142.75
144.5
145.25
145.25
147.5
147.75
147.75
145.0
145.0
143.5
142.75
142.75
142.75
142.75
142.5
142.5
142.5
146.25
146.25
148.5
148.5
149.0
149.0
149.25
149.25
149.25
149.25
149.25
149.25
149.25
120.41666666666667
91.58333333333334
62.75
62.75
62.75
62.75
62.75
62.75
62.75
62.75
64.25
64.25
64.25
64.25
64.25
64.25
64.25
64.25
64.25
64.25
66.3092105263158
68.36842105263158
70.42763157894737
72.48684210526315
74.54605263157895
76.60526315789474
78.66447368421052
80.72368421052632
82.78289473684211
84.84210526315789
86.90131578947368
88.96052631578948
91.01973684210526
93.07894736842105
95.13815789473684
97.19736842105263
99.25657894736842
101.3157894736842
103.375
105.43421052631578
107.49342105263158
109.55263157894737
111.61184210526315
113.67105263157895
115.73026315789474
117.78947368421052
119.84868421052632
121.90789473684211
123.96710526315789
126.02631578947368
128.08552631578948
130.14473684210526
132.20394736842104
134.26315789473685
136.32236842105263
138.3815789473684
140.44078947368422
142.5
142.5
143.0
143.0
143.0
143.25
143.25
143.25
146.75
150.0
150.0
149.75
149.75
144.0
144.0
144.0
140.75
140.75
145.5
145.5
152.5
152.5
156.25
156.25
156.25
161.0
161.0
163.0
163.0
163.0
163.0
163.0
164.5
164.5
164.5
165.0
165.0
165.0
165.0
165.0
165.0
165.0
165.0
165.0
166.25
167.5
168.75
170.0
170.0
166.5
166.5
166.25
166.25
166.25
166.25
166.25
168.5
168.5
167.5
167.5
167.25
167.25
167.25
165.75
165.75
165.25
165.25
166.25
166.25
166.5
166.5
166.5
166.5
166.5
166.5
166.0
166.0
166.0
168.25
168.25
166.0
166.0
166.75
166.75
166.0
166.0
167.0
167.0
170.75
170.75
171.0
171.0
171.0
170.5
170.5
168.75
168.75
168.75
167.0
166.75
166.75
169.75
169.75
170.5
170.5
170.25
170.25
171.75
171.25
171.25
170.0
170.0
170.25
170.25
171.75
171.75
167.5
166.5
166.5
166.5
165.0
165.0
164.0
164.0
162.75
162.25
162.25
162.25
162.25
163.75
163.75
167.75
167.75
168.75
168.75
168.75
170.25
170.25
170.0
170.0
172.0
172.0
173.0
173.0
172.5
172.5
173.25
173.25
177.0
177.0
177.5
177.5
176.25
176.25
176.25
176.25
175.75
175.75
174.25
174.75
174.75
174.75
175.0
174.5
174.5
174.5
174.5
176.75
176.75
177.5
177.5
176.5
176.5
176.25
176.25
175.5
175.5
176.75
176.75
177.5
177.5
176.0
176.5
176.5
176.5
176.5
176.5
176.5
179.5
179.5
180.5
180.5
179.5
179.5
178.0
178.0
174.25
174.25
173.25
173.0
173.0
173.0
173.0
172.0
172.0
172.0
174.75
174.75
177.5
177.5
177.25
177.25
176.75
176.75
176.0
176.0
176.5
176.5
176.75
176.75
177.75
177.75
176.75
176.75
176.75
176.75
177.5
177.5
178.0
178.0
178.0
178.0
178.0
178.0
178.0
175.0
175.0
175.0
176.75
176.75
177.0
177.0
177.0
177.0
177.75
179.0
179.0
175.75
175.75
177.0
177.0
177.5
177.5
177.5
177.5
182.75
182.75
181.25
181.25
180.0
180.0
181.0
181.0
181.5
181.5
178.5
179.5
179.5
179.5
182.25
184.25
184.25
183.5
183.5
180.0
180.0
179.0
179.0
177.5
177.5
173.25
173.25
172.25
172.25
170.25
170.25
164.75
164.0
164.0
162.5
162.5
162.5
164.0
164.0
167.5
167.5
167.5
167.5
167.5
167.5
167.5
167.5
167.5
167.5
167.5
167.5
167.5
171.0
171.0
171.0
173.25
173.25
172.25
172.25
171.0
171.0
156.0
156.0
163.0
165.75
165.75
167.5
167.5
168.0
168.0
165.5
165.5
165.75
165.75
166.5
165.0
165.0
165.0
165.0
165.0
165.0
168.75
168.75
175.0
175.0
171.0
171.0
173.25
173.25
177.5
177.5
176.0
172.25
172.25
167.5
167.5
176.75
176.75
177.25
177.25
177.25
177.25
177.25
177.25
177.0
177.0
179.25
179.25
179.75
183.5
183.5
185.75
185.75
183.25
183.25
181.5
181.5
182.25
180.5
180.5
177.5
177.5
175.0
175.0
174.75
174.75
175.25
175.25
175.25
175.25
177.75
177.75
178.5
178.5
181.75
181.75
182.75
182.5
182.5
182.25
182.25
182.25
182.25
182.25
182.25
185.25
185.25
185.25
185.25
184.25
184.25
183.5
183.5
181.0
180.75
180.75
181.5
181.5
181.0
181.0
178.25
178.25
178.25
178.25
177.0
177.0
176.0
176.0
173.75
173.75
173.25
173.25
173.0
173.0
173.0
173.0
171.5
171.5
170.5
170.5
170.5
170.5
170.5
170.5
170.5
170.5
173.0
173.0
174.5
174.5
175.0
175.0
175.0
175.0
175.0
175.0
175.0
175.0
150.25
125.5
100.75
100.75
100.75
100.75
100.75
102.5
102.5
105.5
105.5
105.5
104.5
104.5
104.25
104.25
103.5
103.5
103.5
101.5
101.5
100.25
100.25
100.25
100.25
96.0
96.0
96.0
98.0
98.0
98.0
98.0
98.25
98.25
98.25
98.25
98.25
98.25
98.25
106.5
106.5
106.5
106.75
106.75
101.0
101.0
98.5
98.5
98.5
98.25
98.25
98.25
98.25
100.25
100.25
100.0
100.0
100.0
98.5
98.5
96.75
96.75
96.75
96.75
93.75
93.75
93.75
93.75
93.75
93.75
93.75
93.75
93.275
92.8
92.325
91.85
91.375
90.9
90.425
89.95
89.475
89.0
89.0
89.0
96.25
96.25
96.25
97.5
97.5
99.5
99.5
101.0
101.0
101.0
102.5
102.5
102.5
102.5
102.5
106.5
106.5
108.25
108.25
108.75
108.75
109.0
109.0
109.0
109.0
119.75
119.75
119.75
119.75
112.75
112.75
109.0
109.0
111.0
111.0
111.0
113.75
113.75
113.75
114.25
114.25
114.25
114.25
114.25
114.25
114.25
114.25
116.5
118.75
121.0
123.25
125.5
127.75
127.75
127.75
127.75
127.75
127.75
127.75
127.75
127.75
127.75
127.75
113.0
98.25
83.5
83.5
83.5
83.5
83.5
83.5
83.75
83.75
83.75
86.25
86.25
86.25
90.0
90.0
93.25
93.25
93.25
93.25
93.25
100.0
100.0
100.0
110.0
110.0
110.5
110.5
114.0
114.0
114.25
114.25
114.25
114.25
116.25
116.25
120.0
120.0
121.5
121.5
124.0
124.0
124.0
129.5
129.5
130.5
130.5
129.25
129.25
123.5
123.5
123.5
123.5
131.0
131.0
131.0
132.0
132.0
132.0
132.0
132.0
132.0
132.0
132.0
132.0
132.0
132.0
132.0
132.0
132.0
132.0
131.1875
130.375
129.5625
128.75
127.9375
127.125
126.3125
125.5
124.6875
123.875
123.0625
122.25
121.4375
120.625
119.8125
119.0
118.1875
117.375
116.5625
115.75
115.75
115.75
115.75
115.75
115.75
115.75
115.75
115.75
118.0
118.0
118.0
119.0
119.0
119.25
119.25
119.25
119.25
119.25
112.25
112.25
115.25
119.5
119.5
119.5
121.5
121.5
121.25
121.75
121.75
123.0
123.0
122.75
122.75
123.0
123.0
124.25
124.25
128.0
128.0
129.5
129.5
131.75
131.75
132.5
134.0
134.0
134.5
134.5
134.75
134.75
134.5
134.5
133.75
133.75
133.75
135.25
135.25
138.0
138.0
138.0
137.5
137.5
136.0
136.0
136.5
136.5
136.5
136.5
136.5
136.25
136.25
136.25
135.5
137.0
137.0
140.25
140.25
143.5
143.0
143.0
143.25
143.25
142.0
142.0
140.75
141.0
141.0
140.25
140.25
139.25
139.25
137.0
137.0
136.25
136.75
136.75
137.5
137.5
138.5
138.5
140.0
142.5
142.5
148.75
148.75
152.5
152.5
158.0
158.0
158.25
158.25
159.25
159.25
159.5
159.5
157.25
152.5
152.5
154.0
154.0
155.25
155.5
155.5
155.75
155.75
147.0
144.5
144.5
142.75
142.75
142.75
142.75
142.75
143.75
143.75
145.5
145.5
145.5
145.75
145.75
145.75
145.75
136.5
138.0
138.0
139.5
139.5
140.0
140.0
139.75
139.75
139.5
139.5
141.5
141.5
142.0
142.0
143.5
143.5
144.5
144.5
144.5
144.5
141.0
141.0
138.5
138.5
138.5
132.5
132.5
130.75
130.75
130.0
130.0
131.5
133.0
133.0
135.75
135.75
139.25
141.25
141.25
140.0
140.0
138.5
138.5
139.25
139.25
135.0
135.0
136.5
136.5
136.5
137.5
137.5
140.25
140.25
141.5
141.5
141.5
141.75
141.75
141.75
141.75
141.75
141.75
140.85
139.95
139.05
138.15
137.25
137.25
137.25
137.25
137.25
139.0
138.5
138.5
137.5
137.5
135.5
135.5
134.25
134.25
133.25
133.25
133.25
133.25
135.75
135.75
135.5
135.75
135.75
135.5
135.5
135.5
137.5
137.5
137.75
137.75
139.0
139.0
140.0
140.5
140.5
143.25
143.25
144.0
144.0
144.25
144.25
144.25
144.25
144.25
144.25
146.25
146.25
144.25
144.25
145.5
147.75
147.75
149.0
149.0
149.0
141.5
140.25
140.25
140.25
140.25
140.5
140.5
140.5
140.5
140.0
140.5
140.5
139.25
139.25
137.75
137.75
136.0
134.25
134.25
132.5
132.5
132.0
132.0
134.0
134.0
138.0
141.0
141.0
141.0
147.5
147.5
149.5
153.25
153.25
155.0
155.0
155.25
154.25
154.25
153.75
153.0
153.0
150.75
150.75
148.75
147.75
147.75
147.75
147.25
147.25
145.25
144.75
144.75
145.25
145.25
145.75
145.75
147.25
147.25
147.0
147.0
148.75
148.75
151.75
151.75
152.75
152.75
151.75
151.75
152.0
152.0
151.5
151.5
149.75
148.5
148.5
148.5
150.5
150.75
150.75
149.75
146.5
146.5
142.5
142.5
142.5
132.0
132.0
132.0
132.0
132.0
132.0
135.75
135.75
138.75
140.25
140.25
141.0
141.0
142.5
142.5
144.5
145.75
145.75
147.0
148.75
148.75
151.5
151.5
152.0
152.0
151.0
151.0
149.25
149.0
149.0
149.0
150.5
151.75
151.75
151.25
150.25
150.25
151.25
151.25
152.0
152.0
152.0
152.25
152.25
151.0
149.0
149.0
147.5
147.5
147.0
147.25
147.25
148.0
148.0
149.0
149.0
149.0
149.25
149.25
144.5
141.0
141.0
141.0
141.25
141.25
142.0
144.5
144.5
145.25
145.25
146.75
146.75
148.75
149.5
149.5
149.5
151.75
151.75
151.25
150.5
150.5
148.5
148.5
146.25
144.25
144.25
143.5
143.5
143.25
143.25
143.25
132.0
132.0
136.25
136.25
139.0
143.25
143.25
145.75
146.5
146.5
149.5
149.5
150.0
150.0
151.5
152.0
152.0
151.75
151.75
151.75
154.25
156.25
156.25
157.75
159.0
159.0
160.25
162.0
162.0
161.25
159.0
159.0
157.0
157.0
153.25
153.25
153.0
153.0
153.0
151.75
151.75
150.5
150.0
150.0
150.25
150.25
150.5
149.75
149.75
150.0
150.5
150.5
151.0
151.0
151.5
152.25
152.25
152.25
152.25
152.25
152.5
152.5
152.75
152.75
152.75
151.75
150.75
150.75
148.0
148.0
143.5
143.5
137.75
137.75
136.25
136.25
135.5
135.5
135.5
135.5
135.5
135.25
135.25
135.25
140.0
140.0
140.0
141.0
141.0
141.0
141.25
141.25
141.25
141.75
141.75
142.0
142.0
142.25
142.25
142.25
142.25
142.25
142.25
142.25
142.25
141.0
141.0
140.25
140.25
141.8125
143.375
144.9375
146.5
146.5
139.5
139.5
139.5
138.5
138.5
138.5
138.5
138.5
138.5
138.5
138.5
138.5
138.5
136.77272727272728
135.04545454545453
133.3181818181818
131.5909090909091
129.86363636363637
128.13636363636363
126.4090909090909
124.68181818181819
122.95454545454545
121.22727272727273
119.5
117.77272727272727
116.04545454545455
114.31818181818181
112.5909090909091
110.86363636363636
109.13636363636364
107.4090909090909
105.68181818181819
103.95454545454545
102.22727272727273
100.5
100.5
102.25
102.25
104.75
104.75
104.75
105.75
106.0
106.0
106.0
106.0
106.0
106.0
106.0
106.0
110.9375
115.875
120.8125
125.75
125.75
132.5
135.75
135.75
136.0
136.0
135.25
135.25
137.5
140.5
140.5
141.75
141.75
142.0
142.75
142.75
145.0
145.0
148.0
149.25
149.25
150.75
151.5
151.5
152.75
153.75
153.75
154.75
154.75
154.75
154.75
156.25
156.25
155.75
155.75
155.75
154.75
154.75
154.75
150.25
150.25
150.25
152.25
152.25
152.25
152.25
151.0
149.5
149.5
145.75
145.75
141.0
141.0
137.25
137.25
137.0
139.5
139.5
141.25
141.25
143.0
146.5
146.5
149.0
149.0
152.5
152.5
152.75
152.5
152.5
152.5
152.5
153.0
153.0
154.5
155.0
155.0
155.0
152.25
151.5
151.5
150.5
150.5
150.5
151.0
151.0
151.0
151.0
151.0
151.25
151.25
151.0
150.75
150.75
151.0
151.5
151.5
151.25
151.25
151.25
150.75
150.75
149.75
149.25
149.25
149.0
149.25
149.25
149.0
149.0
148.75
148.75
148.75
149.5
149.5
149.5
149.25
148.75
148.75
148.75
148.75
148.5
149.5
149.5
151.0
151.25
151.25
152.0
152.75
152.75
154.25
154.25
155.0
155.25
155.25
155.0
155.0
154.75
154.75
151.5
151.5
149.5
149.5
147.75
147.75
147.75
148.75
149.0
149.0
149.0
149.0
151.75
152.75
152.75
153.25
153.25
154.25
155.0
155.0
155.75
155.25
155.25
155.25
153.0
153.0
151.0
151.0
150.25
150.25
147.5
147.5
151.0
151.0
150.5
150.5
149.75
150.25
150.25
149.25
148.5
148.5
147.75
147.75
147.5
147.0
147.0
147.25
147.25
147.5
149.0
149.0
150.25
150.25
151.0
151.0
151.5
151.5
151.75
151.75
151.5
151.5
151.5
151.5
151.5
151.5
141.5
141.5
141.5
151.0
151.0
152.0
151.75
151.75
150.75
150.75
149.5
148.5
148.5
148.75
148.75
149.25
149.25
149.0
149.0
149.75
149.75
151.25
151.25
153.5
153.5
153.5
155.25
155.0
155.0
155.0
155.0
155.0
154.5
154.5
154.0
154.0
155.0
155.0
155.5
155.5
155.0
155.0
155.75
155.75
155.0
154.0
154.0
153.25
153.25
153.0
153.0
153.0
153.5
154.25
154.25
155.25
155.25
155.5
155.5
155.5
155.75
155.75
154.0
154.0
153.5
153.5
151.75
149.25
149.25
148.25
148.25
148.25
146.25
146.25
143.75
143.75
143.5
143.5
143.5
143.5
143.5
143.5
143.5
143.5
143.5
143.5
143.5
129.41666666666666
115.33333333333333
101.25
101.25
101.25
107.25
107.25
107.5
107.5
108.0
108.0
108.0
109.0
109.0
112.25
112.25
113.0
113.0
114.0
114.0
114.25
114.25
114.25
114.25
115.25
115.25
114.0
114.0
114.0
114.0
114.0
114.0
114.0
114.0
114.0
114.0
114.0
114.0
114.0
114.0
110.97727272727273
107.95454545454545
104.93181818181819
101.9090909090909
98.88636363636364
95.86363636363636
92.8409090909091
89.81818181818181
86.79545454545455
83.77272727272727
80.75
80.75
80.75
83.5
83.5
83.5
86.5
86.5
89.5
89.5
89.5
93.75
93.75
93.75
94.25
94.25
94.5
94.5
94.5
94.5
94.5
107.75
107.75
107.75
107.75
108.0
108.0
108.0
108.0
108.0
108.0
109.5
109.5
109.75
109.75
109.75
109.75
109.75
109.75
109.75
101.25
101.25
98.0
98.0
98.0
98.0
97.5
97.5
97.5
97.5
101.140625
104.78125
108.421875
112.0625
115.703125
119.34375
122.984375
126.625
130.265625
133.90625
137.546875
141.1875
144.828125
148.46875
152.109375
155.75
155.75
152.75
152.75
145.25
145.25
139.25
136.75
136.75
136.0
136.0
138.0
139.25
139.25
140.5
140.5
142.0
142.0
142.5
142.5
142.5
145.75
146.25
146.25
146.0
146.0
146.25
145.5
145.5
143.0
143.0
142.0
140.25
140.25
141.5
141.5
142.25
142.25
142.25
142.25
142.25
143.25
143.25
145.0
147.0
147.0
149.5
149.5
150.0
150.25
150.25
151.0
151.0
151.25
151.25
150.5
149.5
149.5
148.75
148.75
148.75
148.5
148.5
148.0
148.0
146.5
144.5
144.5
141.75
141.75
140.75
141.5
141.5
144.0
144.0
145.5
145.5
146.5
147.0
147.0
147.75
148.5
148.5
150.0
150.0
151.25
152.25
152.25
152.5
153.0
153.0
153.0
154.25
154.25
153.5
153.5
153.75
153.75
153.75
154.5
155.25
155.25
154.5
153.25
153.25
151.5
150.25
150.25
151.0
151.0
151.0
151.25
151.25
151.25
151.25
151.25
149.25
149.25
148.75
148.75
148.75
149.25
149.25
149.75
149.75
149.75
148.75
148.5
148.5
148.25
148.25
147.5
147.25
147.25
147.25
147.5
147.5
147.75
147.75
148.25
147.75
147.75
147.5
147.5
148.25
149.5
149.5
150.25
152.5
152.5
152.5
155.75
155.75
155.0
155.0
155.0
155.0
154.5
154.5
154.5
154.5
154.5
153.25
153.25
153.0
151.0
151.0
149.75
149.75
149.75
149.75
149.75
149.75
149.75
149.75
149.75
142.25
142.25
137.5
137.5
137.5
137.5
137.0
137.0
137.0
128.25
128.25
128.25
127.5
127.5
127.5
127.5
125.75
125.75
125.75
125.75
125.75
125.75
126.91666666666667
128.08333333333334
129.25
130.41666666666666
131.58333333333334
132.75
132.75
132.75
132.75
132.75
132.75
132.75
132.75
132.75
132.75
132.75
132.75
128.95833333333334
125.16666666666667
121.375
117.58333333333333
113.79166666666667
110.0
110.0
110.0
110.0
110.0
111.5
111.5
108.25
108.25
107.25
107.25
107.25
107.25
107.25
105.5
105.5
105.5
105.5
105.5
105.25
105.25
105.25
105.25
105.25
105.25
105.25
101.95833333333333
98.66666666666667
95.375
92.08333333333333
88.79166666666667
85.5
85.5
85.5
90.25
90.25
90.25
89.5
89.5
89.5
83.75
83.75
83.75
83.75
83.25
83.25
83.25
83.25
83.25
83.25
83.25
91.83333333333333
100.41666666666667
109.0
109.0
109.75
109.75
109.75
110.0
110.0
110.0
110.0
110.0
110.0
111.81944444444444
113.63888888888889
115.45833333333333
117.27777777777777
119.09722222222223
120.91666666666667
122.73611111111111
124.55555555555556
126.375
128.19444444444446
130.01388888888889
131.83333333333334
133.65277777777777
135.47222222222223
137.29166666666666
139.11111111111111
140.93055555555554
142.75
142.75
142.25
142.25
142.0
142.0
142.0
142.66666666666666
143.33333333333334
144.0
143.0
143.0
142.5
142.5
143.5
143.5
141.0
141.0
141.0
137.5
136.75
136.75
138.75
138.75
139.75
139.75
139.0
138.5
138.5
138.5
138.5
140.0
140.0
140.75
140.75
140.75
141.0
141.0
143.0
145.25
145.25
147.75
149.25
149.25
147.25
147.25
141.0
141.0
136.5
136.5
129.75
129.75
128.25
128.5
128.5
129.75
129.75
131.75
131.75
135.25
138.75
138.75
141.5
141.5
143.25
145.0
145.0
145.0
146.25
146.25
149.25
149.25
149.75
147.5
147.5
145.25
145.25
144.25
144.25
144.25
145.25
145.75
145.75
147.25
147.25
147.75
147.5
147.5
147.25
147.25
146.75
146.75
146.75
147.0
147.0
149.0
150.25
150.25
151.25
151.75
151.75
151.25
151.0
151.0
150.0
150.0
149.25
148.75
148.75
148.75
147.75
148.25
148.25
149.0
149.0
148.5
149.0
149.0
149.75
150.0
150.0
150.0
150.0
150.0
150.25
150.25
150.25
150.25
150.75
150.75
150.75
150.0
150.0
150.25
150.5
150.5
150.75
150.75
151.75
153.25
153.25
155.75
156.25
156.25
155.0
153.5
153.5
152.0
152.0
152.0
151.5
151.5
151.0
150.25
150.25
150.5
151.5
151.5
152.0
152.0
152.0
151.25
151.25
151.0
150.25
150.25
150.0
150.0
149.5
149.75
149.75
150.5
151.25
151.25
152.0
153.0
153.0
153.0
153.0
152.0
152.0
152.0
151.5
151.0
151.0
150.25
150.0
150.0
149.5
149.5
150.0
150.5
150.5
150.75
150.75
150.75
150.25
150.25
150.5
151.0
151.0
151.5
153.0
153.0
153.25
153.25
153.0
153.0
153.0
151.75
151.25
151.25
151.25
151.25
150.75
150.75
150.75
150.75
150.75
150.75
153.5
153.5
153.5
154.25
154.25
154.5
154.5
154.5
154.5
154.5
154.5
154.5
148.65
142.8
136.95
131.1
125.25
119.4
113.55
107.7
101.85000000000001
96.0
96.0
96.0
95.25
95.25
101.75
101.75
101.75
102.75
102.75
104.0
104.0
105.75
105.75
106.25
106.25
106.25
106.5
106.5
106.5
106.5
109.25
109.25
110.5
110.5
110.5
112.0
112.0
111.25
111.25
111.75
111.75
112.0
112.0
110.75
110.75
111.5
111.5
111.75
111.75
111.75
111.75
112.0
112.0
112.0
108.5
108.5
113.25
113.25
113.0
113.0
114.25
114.25
113.25
113.25
114.5
114.5
114.75
114.75
110.75
110.75
109.5
109.5
109.5
112.75
112.75
112.75
113.0
113.0
113.0
113.0
113.0
113.0
113.0
113.0
113.0
111.21875
109.4375
107.65625
105.875
104.09375
102.3125
100.53125
98.75
98.75
108.25
108.25
108.25
110.75
110.75
111.25
111.25
110.25
110.25
110.0
110.0
110.5
110.5
110.75
110.75
110.75
110.75
110.75
110.75
110.75
110.75
112.60714285714286
114.46428571428571
116.32142857142857
118.17857142857143
120.03571428571429
121.89285714285714
123.75
125.60714285714286
127.46428571428571
129.32142857142858
131.17857142857142
133.03571428571428
134.89285714285714
136.75
138.60714285714286
140.46428571428572
142.32142857142858
144.17857142857142
146.03571428571428
147.89285714285714
149.75
149.75
150.75
150.75
150.75
149.0
149.0
148.0
148.0
147.5
146.0
146.0
144.75
144.75
144.0
144.25
144.25
145.75
145.25
145.25
144.75
144.75
144.75
143.25
141.75
141.75
140.75
140.75
141.25
141.0
141.0
141.0
139.25
139.75
139.75
142.0
142.0
143.0
143.75
143.75
143.75
141.25
141.25
141.0
141.0
140.25
140.25
141.0
142.75
142.75
144.5
144.5
145.0
144.5
144.5
144.75
144.75
144.75
145.25
145.25
145.0
145.0
145.0
148.25
148.25
150.0
150.25
150.25
150.75
150.75
150.75
150.25
150.25
150.5
150.5
150.5
150.5
148.5
148.5
147.75
147.75
147.25
148.0
148.0
147.0
146.5
146.5
148.0
148.0
149.0
149.75
149.75
150.5
150.5
151.0
152.0
152.75
152.75
151.5
151.5
151.0
151.0
151.0
152.0
152.0
151.25
149.5
149.5
149.5
151.75
151.75
152.75
152.0
152.0
151.25
151.25
151.5
151.75
151.75
152.75
152.75
152.75
152.0
152.0
152.0
152.5
153.75
153.75
155.0
156.0
156.0
154.75
154.75
155.0
155.75
155.75
156.25
155.75
155.75
155.5
155.25
155.25
155.0
155.5
155.5
154.25
154.25
153.75
153.75
150.75
149.5
149.5
149.5
150.0
150.0
150.5
151.0
151.0
151.25
151.25
152.0
152.5
152.5
153.25
154.25
154.25
155.25
155.25
156.25
156.25
156.5
157.0
157.0
157.0
157.0
157.25
156.75
156.75
156.75
157.5
157.5
158.25
158.25
158.25
158.5
158.5
158.5
158.25
158.25
158.25
157.75
157.0
157.0
156.25
155.75
155.75
155.5
155.5
153.75
153.75
153.75
154.0
154.25
154.25
155.5
155.5
152.75
152.75
154.75
154.75
155.5
155.5
155.5
155.5
155.25
155.25
156.75
156.75
158.75
159.25
159.25
159.25
163.25
163.25
160.75
160.75
160.75
163.75
159.0
159.0
157.25
157.0
157.0
156.5
156.0
156.0
156.5
156.75
156.75
157.0
157.5
157.5
157.75
158.0
158.0
158.25
158.5
158.5
158.5
158.5
158.75
159.0
159.0
159.0
159.0
159.25
159.25
160.25
160.25
161.25
161.75
161.25
161.25
159.25
159.25
157.5
158.0
158.0
158.5
158.5
158.0
158.0
155.0
155.0
155.0
151.25
151.25
150.5
150.5
150.5
150.5
150.5
150.5
152.75
152.75
153.75
154.5
154.5
155.0
154.25
154.25
154.25
154.0
154.0
153.5
153.25
153.25
153.25
153.25
153.25
153.25
153.25
153.25
153.25
153.25
152.25
152.25
148.0
148.0
145.25
145.25
144.5
144.5
144.5
144.5
144.5
144.5
144.5
143.21875
141.9375
140.65625
139.375
138.09375
136.8125
135.53125
134.25
133.25
133.25
132.75
132.75
135.25
135.25
137.0
139.0
139.0
141.5
141.5
141.75
138.5
138.5
135.75
135.75
131.75
131.75
131.75
131.75
127.5
127.5
127.5
127.5
127.5
127.5
127.5
127.5
127.5
127.5
127.5
134.25
134.25
134.25
138.0
138.0
138.0
138.0
140.75
140.75
140.75
142.75
142.75
144.5
151.0
151.0
154.5
156.5
156.5
157.25
157.25
156.25
153.25
153.25
153.25
153.0
153.0
153.0
153.0
153.0
153.0
152.25
152.25
151.75
151.75
160.0
160.0
160.5
160.5
159.75
157.25
157.25
156.75
156.25
156.25
155.5
156.25
156.25
155.0
153.25
153.25
150.25
150.25
150.25
151.25
151.25
151.25
157.0
157.0
160.5
161.0
161.0
161.0
161.25
161.75
161.75
161.25
159.75
159.75
158.75
157.5
157.5
156.75
156.75
156.0
154.75
154.75
153.75
153.75
152.5
150.5
150.5
148.25
148.0
148.0
149.0
149.0
150.5
152.0
152.0
152.0
156.75
156.25
156.25
155.75
155.75
155.25
155.75
155.75
156.25
155.5
155.5
155.5
155.5
155.5
156.0
155.5
155.5
155.25
155.25
155.25
155.25
155.25
155.25
155.25
146.25
146.25
146.25
146.25
146.25
146.25
146.25
146.25
146.25
146.25
146.25
131.25
131.25
133.5
133.5
133.5
142.75
142.75
144.5
147.5
147.5
149.5
149.5
152.5
155.25
155.25
155.25
161.25
163.25
163.25
164.75
164.75
164.75
164.75
165.0
165.0
165.0
164.75
164.75
163.75
163.75
163.25
163.25
164.5
165.0
165.0
163.75
163.75
163.0
163.0
163.75
163.75
164.25
164.25
164.25
160.5
159.25
159.25
159.25
160.0
160.0
160.25
159.75
159.75
159.5
159.25
159.25
159.25
159.25
159.25
158.75
158.75
158.75
158.0
158.0
157.25
156.5
156.5
156.5
156.5
154.5
154.5
151.5
151.0
151.0
153.0
153.0
154.5
156.25
156.25
156.25
157.0
155.75
155.75
153.25
153.25
150.75
150.75
151.0
151.0
150.5
144.5
144.5
139.5
139.5
138.75
138.75
140.0
143.5
143.5
146.0
147.25
147.25
149.5
151.5
151.5
152.75
152.75
149.0
145.5
145.5
145.5
142.75
142.75
143.5
144.75
144.75
147.0
150.5
150.5
151.75
151.75
153.0
153.0
153.5
154.0
154.0
155.25
156.75
156.75
158.0
158.0
159.75
159.75
159.75
161.0
161.0
162.0
162.5
162.5
163.25
163.25
163.75
163.75
163.75
163.75
163.75
164.5
164.5
164.75
164.75
164.75
164.75
165.0
165.25
165.25
166.0
166.0
166.0
166.0
165.5
165.5
165.75
165.75
165.75
165.75
165.25
165.0
165.0
163.75
163.75
163.75
163.0
163.0
163.0
161.75
162.5
162.5
163.25
163.25
163.75
163.75
163.75
165.25
165.25
164.75
164.25
164.25
163.5
163.5
162.25
161.75
161.75
161.0
160.25
160.25
160.25
160.5
160.5
161.0
161.0
160.75
160.75
161.5
161.5
161.5
161.5
163.75
163.75
164.5
164.5
163.0
163.0
164.25
164.25
163.75
163.75
162.25
162.25
161.25
161.0
161.0
160.5
159.75
159.75
160.0
160.0
160.0
159.25
159.25
159.25
159.25
159.5
159.5
159.25
159.25
160.75
160.75
160.25
160.25
159.25
157.5
157.5
155.25
154.0
154.0
153.75
153.0
153.0
153.5
153.5
154.25
154.25
154.25
154.5
154.5
153.0
151.5
151.5
150.5
149.75
149.75
151.0
151.0
152.25
152.75
152.75
153.0
153.0
153.0
153.0
153.75
153.75
153.25
153.25
153.0
154.0
154.0
154.0
153.75
153.75
153.75
154.0
154.0
153.75
152.0
152.0
149.5
149.5
145.75
143.75
143.75
144.25
144.25
144.5
144.5
144.5
144.5
144.5
144.5
142.5
142.5
142.25
142.25
142.25
139.0
139.0
135.75
135.75
135.75
135.75
135.75
135.75
133.0
133.0
125.25
125.25
116.0
116.0
113.5
113.5
116.25
116.25
118.25
118.25
120.5
120.5
123.0
123.0
125.25
125.25
127.75
127.75
129.5
130.75
130.75
132.0
132.0
134.0
134.0
133.25
133.25
132.75
132.75
132.75
133.0
133.0
133.5
133.5
133.5
133.5
130.25
130.25
124.75
124.75
119.5
119.5
111.5
111.5
114.0
114.0
115.0
115.0
113.5
113.5
113.5
106.0
106.0
103.75
103.75
103.75
107.75
107.75
107.75
108.5
108.5
97.75
97.75
96.75
96.75
96.75
96.75
96.75
96.75
96.75
96.75
101.25
105.75
110.25
114.75
119.25
123.75
123.75
123.75
133.5
139.0
139.0
142.5
142.5
145.25
145.25
146.75
146.75
147.5
147.5
147.5
147.5
147.5
147.5
148.0
145.5
145.5
145.5
147.0
147.0
147.0
147.0
147.25
147.25
148.75
148.75
148.75
142.25
143.5
143.5
144.75
144.75
146.0
146.75
146.75
148.0
148.5
148.5
148.0
148.0
148.75
150.5
150.5
151.75
152.5
152.5
154.25
155.5
155.5
156.75
156.75
157.5
158.25
158.25
157.5
156.5
156.5
156.5
157.75
157.75
156.25
156.25
155.5
155.5
156.5
156.5
157.0
157.0
157.0
154.75
154.75
152.25
151.25
151.25
149.75
149.75
149.75
150.25
150.25
150.25
150.25
150.25
149.75
149.25
149.25
149.0
149.0
148.5
149.25
149.25
150.0
150.0
150.0
150.0
150.75
150.75
150.75
149.75
148.5
148.5
148.0
148.0
147.5
147.25
147.25
147.25
147.75
147.75
148.5
148.5
148.75
149.0
149.0
149.0
149.25
149.25
149.75
149.75
150.5
151.0
151.0
151.75
153.0
153.0
153.5
154.0
154.0
155.5
155.5
157.0
157.0
157.5
157.75
157.75
157.75
157.75
156.75
154.0
154.0
149.5
149.5
144.5
144.5
145.25
147.0
147.0
148.5
149.75
149.75
150.5
150.5
151.25
151.75
151.75
152.75
154.25
154.25
155.0
155.5
155.5
154.0
154.0
153.25
153.25
153.25
153.25
153.0
151.25
151.25
150.0
151.5
151.5
152.25
153.0
153.0
153.0
153.0
152.25
152.25
152.25
153.5
154.5
154.5
154.75
154.75
154.75
154.75
155.5
155.5
155.75
156.25
156.25
156.75
157.25
157.25
157.5
157.5
157.5
157.5
154.5
154.5
155.25
155.25
155.25
156.75
156.75
156.5
156.0
156.0
154.75
154.0
154.0
153.75
153.75
153.0
152.75
152.75
152.25
152.25
152.25
151.75
151.25
151.25
151.25
151.25
152.25
153.0
153.0
153.0
153.0
153.0
153.25
152.5
152.5
152.25
152.25
152.75
152.75
152.75
152.75
152.5
152.5
151.75
151.5
151.5
152.0
152.0
151.5
151.75
151.75
151.75
151.25
151.25
151.25
151.25
150.25
149.25
149.25
148.5
148.25
148.25
149.0
149.0
150.0
150.25
150.25
149.0
149.0
148.0
148.0
142.5
142.5
141.75
141.75
141.75
135.75
135.75
135.75
135.0
134.0
134.0
134.5
134.5
137.5
137.5
138.5
138.5
138.5
139.0
139.0
141.5
141.5
140.5
140.5
144.25
144.25
144.25
145.5
142.0
142.0
143.75
143.75
144.25
144.25
144.5
144.5
144.5
144.5
144.5
144.5
144.5
144.5
143.54166666666666
142.58333333333334
141.625
140.66666666666666
139.70833333333334
138.75
138.75
140.0
140.0
142.0
142.0
142.0
143.25
143.25
143.0
142.75
142.75
142.75
142.75
144.25
144.75
144.75
143.0
143.0
141.0
141.0
141.0
141.0
141.0
141.0
140.75
140.75
140.75
140.75
140.75
140.75
140.75
140.75
140.75
140.75
140.75
140.75
139.79166666666666
138.83333333333334
137.875
136.91666666666666
135.95833333333334
135.0
136.0
136.0
139.5
139.5
141.5
141.5
143.0
144.5
144.5
146.75
146.75
148.25
148.75
148.75
149.25
148.5
148.5
148.0
148.0
148.75
149.25
149.25
149.5
149.5
149.5
150.25
150.25
150.5
150.0
150.0
148.5
148.5
148.5
148.75
148.75
149.0
148.5
148.5
148.5
147.0
147.0
146.75
146.75
147.5
147.75
147.75
148.0
148.0
148.5
148.25
148.25
148.75
148.75
148.0
148.0
145.25
145.25
142.5
142.5
141.25
141.25
141.75
141.75
142.25
143.5
143.5
145.25
146.0
146.0
147.25
147.25
147.5
148.5
148.5
148.25
148.25
148.25
148.0
148.0
148.25
149.25
149.25
149.75
150.25
150.25
151.25
151.25
152.5
153.5
153.5
152.25
151.0
151.0
150.0
150.0
148.0
147.25
147.25
145.75
145.75
144.75
145.5
145.5
145.5
146.25
146.25
146.25
146.0
146.0
146.0
146.0
147.5
147.5
147.75
146.75
146.75
146.75
146.75
146.25
146.0
146.0
146.0
146.0
146.0
145.5
145.5
145.25
146.0
146.0
146.0
146.0
146.0
145.75
145.75
146.75
146.75
147.5
148.75
148.75
148.75
151.0
151.5
151.5
152.25
152.25
152.25
151.75
151.75
151.5
151.5
151.0
150.25
150.25
149.5
149.5
149.0
148.75
148.75
148.75
148.75
148.75
149.0
149.0
149.25
149.25
149.25
149.25
149.0
149.0
149.0
149.0
149.25
149.25
150.0
150.75
150.75
151.25
151.5
151.5
151.25
151.25
150.25
148.75
148.75
146.5
146.5
145.0
144.25
144.25
143.25
143.25
142.75
143.25
143.25
143.5
143.5
142.75
142.75
142.75
143.5
143.5
144.0
144.75
144.75
145.25
145.25
146.25
147.0
147.0
147.0
149.5
149.5
149.5
149.25
149.25
148.5
147.75
147.75
147.0
147.0
146.75
147.25
147.25
147.25
147.25
147.5
147.25
147.25
147.25
147.25
147.25
147.25
147.25
147.5
147.75
147.75
148.0
148.0
148.25
147.75
147.75
147.0
146.5
146.5
147.0
147.0
148.25
148.5
148.5
148.0
148.0
146.5
145.75
145.75
145.75
145.25
145.25
145.25
145.25
146.75
146.75
147.25
147.25
147.5
147.5
148.0
148.0
147.0
147.75
147.75
148.25
148.25
148.0
147.75
147.75
148.0
148.0
148.0
148.25
148.25
147.5
147.5
147.5
147.75
147.75
147.75
147.75
147.75
145.5
145.5
144.5
144.0
144.0
143.0
143.0
142.5
141.75
141.75
141.25
141.25
141.5
142.25
142.25
142.25
142.25
141.0
141.0
138.75
138.75
138.25
138.25
138.25
138.25
138.25
138.25
138.25
138.25
138.25
137.0
135.75
134.5
133.25
132.0
130.75
130.75
130.25
130.25
130.25
130.25
130.25
130.25
130.25
131.25
131.25
130.5
130.5
130.5
130.25
130.25
132.75
132.75
134.0
134.5
134.5
134.5
134.5
134.75
134.75
133.25
133.25
132.25
132.75
132.75
134.75
134.75
135.75
135.75
137.75
139.0
139.0
139.5
139.5
139.5
139.25
139.25
142.25
142.25
143.5
144.0
144.0
145.25
145.25
145.75
145.75
145.75
146.25
146.25
142.25
140.75
140.75
140.25
140.25
140.25
140.25
140.25
140.25
140.25
140.25
140.75
141.0
141.0
140.25
140.25
140.25
140.75
140.75
141.5
141.5
143.25
143.75
143.75
144.0
144.5
144.5
145.25
145.25
146.25
145.5
145.5
146.25
146.25
146.75
147.25
147.25
147.75
147.75
147.75
146.75
146.75
145.25
145.25
143.25
142.5
142.5
142.0
142.0
142.0
142.0
142.0
142.0
142.0
142.75
142.75
144.75
145.5
145.5
147.0
147.0
147.75
147.25
147.25
146.75
146.75
144.75
143.25
143.25
143.25
143.25
144.0
144.5
144.5
145.0
146.0
146.0
146.75
146.75
146.25
146.25
146.5
147.25
147.25
146.5
146.75
146.75
146.75
146.5
146.5
145.75
146.25
146.25
147.5
147.5
148.25
149.0
149.0
149.75
150.25
150.25
150.5
150.5
150.5
150.5
151.5
151.5
152.0
152.0
150.5
150.5
150.5
150.5
150.75
149.75
149.75
148.75
148.5
148.5
148.5
146.75
146.75
146.75
146.75
146.75
146.75
146.75
144.25
146.0
146.0
146.75
146.75
147.25
147.75
147.75
148.75
148.75
148.75
149.25
149.25
150.0
150.0
150.0
149.75
150.5
150.5
151.0
151.0
150.5
150.0
150.0
150.25
150.5
150.5
149.25
149.25
148.25
148.75
148.75
149.75
150.5
150.5
150.5
150.5
150.0
150.0
150.0
149.5
149.25
149.25
149.0
149.0
149.25
149.25
149.25
149.25
149.0
149.0
148.75
148.75
148.75
149.25
149.25
149.5
149.0
149.0
148.75
148.75
148.5
148.75
148.75
148.5
148.5
148.75
149.5
149.5
150.25
150.25
150.25
150.0
150.0
150.0
150.0
150.0
150.0
150.0
150.0
150.0
150.0
150.0
150.25
150.25
150.0
149.25
149.25
148.75
148.5
148.5
148.0
148.0
147.75
148.0
148.0
148.75
148.75
149.0
149.5
149.5
150.25
150.75
150.75
151.0
151.0
150.0
149.25
149.25
148.75
148.25
148.25
148.25
148.25
148.25
147.75
147.75
147.75
147.0
147.0
146.5
146.5
146.25
147.0
147.0
147.5
148.75
148.75
149.0
149.0
148.25
148.75
148.75
149.25
149.25
149.75
151.25
151.25
151.5
151.5
151.5
151.5
151.5
150.75
150.75
149.0
149.0
149.0
148.0
147.75
147.75
148.75
148.75
148.75
148.25
148.25
148.0
148.0
148.0
147.75
147.75
148.0
148.25
148.25
147.0
147.0
146.25
146.75
146.75
147.75
147.75
147.75
147.75
147.75
147.75
147.75
147.75
147.75
147.75
147.75
148.75
149.75
150.75
151.75
152.75
153.75
153.5
153.5
153.5
153.0
153.0
152.0
152.0
151.5
151.5
151.5
151.5
151.75
151.75
152.25
151.25
151.25
151.5
152.5
152.5
152.75
152.5
152.5
151.25
151.25
149.5
149.5
149.5
149.5
149.25
149.25
149.25
149.25
149.5
149.5
149.5
149.0
149.25
149.25
149.25
149.25
150.0
150.75
150.75
150.75
148.25
148.25
147.25
147.25
147.25
147.25
147.25
147.5
147.5
148.0
148.5
148.5
150.0
149.5
149.5
149.75
149.75
149.25
149.25
149.25
149.75
150.0
150.0
150.5
151.0
151.0
151.5
151.5
152.0
152.0
152.0
152.0
151.25
151.25
150.0
150.0
149.5
149.25
149.25
149.25
149.5
149.5
150.0
150.0
150.25
150.75
150.75
151.0
151.5
151.5
152.0
152.25
152.25
152.25
152.25
152.25
152.25
152.25
152.25
152.25
152.25
152.5
152.75
152.75
153.0
153.0
153.0
152.5
152.5
152.0
151.0
151.0
150.75
150.75
150.25
150.0
150.0
149.5
148.75
148.75
146.75
146.75
145.25
145.25
145.25
145.0
145.0
146.0
147.0
147.0
147.25
147.75
147.75
148.5
148.5
148.5
148.25
148.25
148.25
148.25
148.25
148.5
148.5
149.75
150.25
150.25
150.5
151.25
151.25
151.75
151.75
151.75
152.0
152.0
152.25
153.0
153.0
153.5
153.5
153.5
153.75
153.25
153.25
152.5
152.5
152.0
152.0
152.0
152.0
151.25
151.25
151.0
151.0
151.5
151.5
151.5
152.0
152.75
152.75
153.0
153.5
153.5
153.75
153.75
153.25
152.5
152.5
152.5
152.5
152.5
152.25
151.5
151.5
151.25
151.25
151.25
151.0
151.0
150.5
150.5
148.5
147.75
147.75
147.25
147.25
150.25
150.25
151.25
151.25
149.5
149.5
147.75
147.75
145.75
144.75
144.75
144.0
144.0
142.75
143.0
143.0
144.0
144.0
144.5
145.0
145.0
145.5
146.0
146.0
147.25
147.25
147.75
148.25
148.25
149.5
149.0
149.0
149.0
149.0
149.25
148.5
148.5
148.75
149.25
149.25
149.25
149.25
149.25
150.0
150.0
149.25
147.5
147.5
146.5
146.5
146.25
146.0
146.0
146.0
146.0
146.5
146.5
146.5
144.0
144.0
143.75
145.0
145.0
146.0
146.0
146.0
147.0
147.0
149.0
149.0
146.25
146.25
142.5
142.5
141.5
141.5
141.0
141.0
139.25
139.25
138.25
138.25
138.25
137.75
137.75
137.75
137.75
137.75
137.75
137.75
137.75
131.83333333333334
125.91666666666667
120.0
120.0
122.0
122.0
124.5
124.5
124.5
124.5
131.5
131.5
126.75
126.75
126.75
124.25
124.25
120.75
120.75
120.75
120.75
119.25
119.25
119.25
119.25
119.25
128.25
128.25
136.0
140.0
140.0
143.0
143.0
145.0
144.0
144.0
139.75
139.75
136.0
136.0
136.0
121.25
121.25
121.25
125.25
127.25
127.25
127.75
127.75
128.0
128.0
128.0
128.0
128.25
128.25
128.25
133.75
133.75
131.75
131.75
139.0
139.0
141.25
141.25
142.5
142.5
142.5
142.75
142.75
142.75
142.75
144.5
146.75
146.75
146.75
150.25
150.25
151.25
151.25
153.0
153.0
155.25
155.25
156.25
156.75
156.75
157.0
157.0
155.75
155.25
155.25
155.5
155.75
155.75
155.75
156.0
156.0
156.0
156.75
156.75
157.25
157.25
157.25
156.5
156.5
156.5
156.25
155.5
155.5
155.0
153.75
153.75
153.25
153.25
151.5
150.25
150.25
150.25
149.75
149.75
150.5
150.5
149.75
150.0
150.0
152.25
152.75
152.75
153.0
153.25
153.25
153.0
153.0
153.0
153.75
153.75
154.0
155.5
155.5
157.5
157.5
157.25
157.0
157.0
156.5
156.5
157.5
157.5
156.75
156.75
156.75
157.0
157.5
157.5
157.75
157.75
157.25
156.75
156.75
157.0
157.5
158.0
158.0
158.5
158.25
158.25
158.25
158.25
157.75
157.0
157.0
156.25
155.5
155.5
154.5
154.5
152.0
149.5
149.5
148.5
149.25
149.25
150.75
150.75
151.5
151.75
151.75
152.25
152.25
152.25
152.25
152.25
152.25
152.5
152.5
153.0
154.0
154.0
154.5
154.5
155.25
155.25
155.75
155.75
156.25
156.25
156.25
156.5
157.0
157.0
158.0
158.25
158.25
157.25
156.75
156.75
156.5
156.75
156.75
157.25
157.25
157.25
157.25
156.0
156.0
155.75
155.5
155.5
155.0
155.0
154.25
154.25
154.25
154.25
154.5
154.5
154.5
154.25
154.25
153.25
153.25
152.75
153.25
153.25
153.5
153.0
153.0
152.5
152.25
152.25
152.0
152.0
152.0
152.0
152.0
152.0
152.25
152.25
152.0
151.75
151.75
151.5
151.5
151.75
151.75
151.75
152.25
152.5
152.5
152.5
152.5
152.5
152.5
152.5
152.75
153.0
153.0
153.25
153.25
153.25
153.0
153.25
153.25
153.25
152.5
152.5
152.0
152.0
151.5
152.25
152.25
152.5
151.5
151.5
150.5
150.5
150.25
150.25
149.75
150.25
150.25
150.75
151.0
151.0
151.0
152.0
152.0
152.5
152.75
152.75
153.25
153.25
153.75
154.0
154.0
154.0
154.0
154.5
154.5
154.5
154.5
155.25
156.0
156.0
156.5
155.75
155.75
155.25
155.25
155.0
155.0
155.0
155.0
155.0
155.0
155.0
155.0
155.0
155.0
147.04166666666666
139.08333333333334
131.125
123.16666666666667
115.20833333333333
107.25
107.25
112.75
112.75
114.25
114.25
116.0
116.0
119.0
119.0
120.5
120.5
120.75
120.75
123.75
123.75
124.5
124.5
123.75
123.75
124.75
124.75
126.5
126.5
126.5
127.5
127.75
127.75
135.5
135.5
138.5
140.25
140.25
142.75
142.75
143.25
143.75
143.75
144.0
144.0
144.5
145.5
145.5
146.25
147.25
147.25
147.75
147.75
148.5
148.75
148.75
148.25
148.5
148.5
149.75
149.75
150.25
150.25
152.25
152.25
153.0
153.0
153.5
153.25
153.25
152.5
152.5
152.0
151.75
151.75
150.25
149.5
149.5
150.0
150.0
150.5
151.0
151.0
151.0
152.0
152.0
152.5
152.5
152.5
152.75
152.75
153.5
153.5
153.5
153.5
153.5
153.5
153.0
153.0
153.0
153.0
152.75
152.75
152.25
152.25
151.5
151.0
151.0
152.0
153.25
153.25
154.0
154.5
154.5
154.75
154.75
154.5
154.5
154.5
154.5
154.5
154.5
154.5
154.75
154.75
154.75
155.0
155.0
155.0
155.0
155.0
154.5
154.5
154.5
155.25
155.25
155.75
156.25
156.25
156.25
156.0
156.0
156.25
156.5
156.5
156.5
156.5
156.5
156.0
156.25
156.25
156.25
156.25
155.75
155.5
155.5
155.75
155.75
155.75
155.25
155.0
155.0
155.75
156.0
156.0
155.0
155.0
155.0
155.0
155.25
155.25
155.75
155.75
156.75
156.75
156.25
156.25
156.25
156.25
155.0
155.0
155.0
155.5
155.5
155.5
156.0
156.0
156.0
156.0
156.25
156.25
156.25
155.5
155.5
155.25
155.25
155.5
155.75
155.75
155.75
156.5
156.5
157.25
157.0
157.0
155.0
153.75
153.75
153.0
152.75
152.75
152.25
152.25
152.25
152.0
152.0
152.75
154.5
154.5
154.75
155.5
155.5
155.25
156.25
156.25
156.5
156.75
156.75
156.75
158.25
158.25
159.5
157.75
157.75
156.75
156.75
154.5
152.5
152.5
150.75
149.5
149.5
149.5
146.75
144.25
144.25
143.0
143.0
143.5
144.5
144.5
145.75
145.75
145.75
151.25
152.0
152.0
151.5
151.0
151.0
151.0
150.25
150.25
150.0
150.0
150.0
150.0
149.5
149.5
149.5
149.5
149.5
150.0
150.25
150.25
151.75
152.25
152.25
152.5
152.5
154.5
155.0
155.25
155.25
155.5
155.5
155.5
156.75
156.75
157.25
157.5
157.5
157.75
158.0
158.0
157.75
157.75
157.75
157.75
157.25
157.25
157.0
157.25
157.25
157.5
157.0
157.0
156.75
156.5
156.5
156.25
156.5
156.5
156.75
156.75
156.75
157.0
157.0
157.25
157.25
157.25
157.25
157.25
157.25
157.25
157.25
157.25
157.25
157.53571428571428
157.82142857142858
158.10714285714286
158.39285714285714
158.67857142857142
158.96428571428572
159.25
159.75
159.75
160.0
160.0
158.25
155.75
155.75
154.0
154.0
154.0
154.75
155.0
155.0
155.0
155.5
155.5
155.0
155.5
155.5
156.0
156.25
156.25
155.5
156.0
156.0
156.5
157.75
157.75
158.0
158.0
156.75
156.25
156.25
156.5
156.25
156.25
156.0
156.5
156.5
155.75
155.25
155.25
155.5
156.25
156.25
156.25
157.25
157.25
157.5
157.5
156.25
154.5
154.5
154.5
154.5
154.5
154.5
154.0
154.0
154.0
154.25
154.25
155.0
155.0
154.25
153.75
153.75
153.5
154.0
154.0
153.75
153.25
153.25
152.75
152.5
152.5
151.75
151.75
151.0
151.0
151.0
151.0
151.25
151.25
151.25
151.25
151.0
152.0
152.0
152.75
154.0
154.0
154.0
151.25
151.25
149.5
149.5
148.75
148.5
148.5
148.75
148.25
148.25
148.75
148.75
148.5
147.5
147.5
147.25
147.25
146.25
146.25
146.25
146.5
148.5
148.5
149.25
149.25
149.5
151.0
151.0
152.0
153.25
153.25
153.5
153.75
153.75
153.75
153.75
153.75
154.0
154.0
154.0
143.25
143.25
143.5
143.5
147.75
147.75
146.25
146.25
145.25
145.25
145.25
145.25
146.5
146.5
148.0
147.5
147.5
146.25
146.25
141.25
141.25
137.5
137.5
137.5
135.75
135.75
135.75
135.75
135.75
135.75
135.75
135.75
125.75
125.75
125.0
125.0
125.0
125.0
125.0
125.0
125.0
125.0
125.0
125.0
125.0
125.44285714285714
125.88571428571429
126.32857142857142
126.77142857142857
127.21428571428571
127.65714285714286
128.1
128.54285714285714
128.9857142857143
129.42857142857142
129.87142857142857
130.31428571428572
130.75714285714287
131.2
131.64285714285714
132.0857142857143
132.52857142857144
132.97142857142856
133.4142857142857
133.85714285714286
134.3
134.74285714285713
135.18571428571428
135.62857142857143
136.07142857142858
136.5142857142857
136.95714285714286
137.4
137.84285714285716
138.28571428571428
138.72857142857143
139.17142857142858
139.6142857142857
140.05714285714285
140.5
140.5
140.5
140.5
140.5
140.5
140.5
140.5
140.5
140.5
140.5
140.5
140.5
150.0
150.0
150.0
151.0
151.0
151.25
151.25
151.25
151.25
151.25
151.25
151.25
151.25
143.08333333333334
134.91666666666666
126.75
118.58333333333334
110.41666666666667
102.25
102.25
102.25
102.25
102.25
102.25
107.75
107.75
107.75
107.75
109.0
109.0
109.0
99.25
99.25
97.25
97.25
97.25
97.25
97.25
97.25
97.25
98.71666666666667
100.18333333333334
101.65
103.11666666666666
104.58333333333333
106.05
107.51666666666667
108.98333333333333
110.45
111.91666666666667
113.38333333333333
114.85
116.31666666666666
117.78333333333333
119.25
120.71666666666667
122.18333333333334
123.64999999999999
125.11666666666666
126.58333333333333
128.05
129.51666666666665
130.98333333333332
132.45
133.91666666666666
135.38333333333333
136.85
138.31666666666666
139.78333333333333
141.25
145.0
145.0
148.75
152.0
152.0
154.5
154.5
157.0
157.5
157.5
158.5
158.5
160.75
160.75
161.25
161.5
161.5
162.25
162.25
162.25
162.75
163.25
163.25
159.75
159.75
160.75
160.75
161.5
161.5
162.5
162.75
162.75
163.75
163.25
163.25
163.25
165.0
165.5
165.5
165.25
165.25
165.75
165.75
163.75
163.75
162.5
162.5
157.75
157.75
155.5
155.5
154.5
156.0
156.0
157.0
157.0
156.0
154.0
154.0
153.0
153.0
152.75
153.25
153.25
153.75
153.75
153.75
153.75
153.75
153.75
153.75
153.75
153.75
152.5
152.5
152.5
152.5
152.5
152.5
150.75
150.75
149.25
149.25
151.0
151.75
151.75
153.25
153.25
160.25
160.25
161.5
161.5
162.5
162.5
163.0
163.0
163.75
163.5
163.5
163.25
163.25
164.0
164.0
165.0
165.0
165.0
164.75
164.25
164.25
163.0
163.0
162.75
162.75
161.25
161.25
157.75
156.5
156.5
156.0
156.0
156.75
158.0
158.0
158.0
160.0
161.25
161.25
163.0
163.0
163.0
162.75
162.75
161.5
161.5
153.5
153.5
153.0
153.0
152.25
152.25
152.25
156.25
157.5
157.5
158.5
159.0
159.0
160.75
160.75
160.75
160.0
160.0
160.0
161.0
161.25
161.25
161.25
161.25
161.25
162.0
161.5
161.5
161.25
161.75
161.75
162.25
162.25
162.5
162.5
159.25
159.25
158.75
158.75
158.75
158.25
157.75
157.75
157.25
157.0
157.0
156.75
156.25
156.25
155.5
155.5
155.5
156.75
156.5
156.5
156.5
156.5
155.25
155.25
155.0
155.25
155.25
155.25
155.25
156.75
156.75
158.5
159.75
159.75
160.5
161.5
161.5
161.75
161.75
159.75
159.75
161.0
160.75
160.75
160.75
162.0
162.0
162.0
162.0
157.5
154.5
154.5
153.5
154.25
154.25
154.75
154.75
153.75
153.75
153.75
151.0
151.0
150.75
150.75
150.75
150.75
150.75
150.75
150.75
149.5
149.5
149.5
148.5
148.5
148.5
148.5
148.5
148.5
148.5
148.5
141.125
133.75
126.375
119.0
111.625
104.25
96.875
89.5
82.125
74.75
74.75
74.75
74.75
74.75
74.75
74.75
74.75
74.75
74.75
