140.75
141.75
141.75
144.0
144.0
146.0
147.75
147.75
149.75
152.5
152.5
154.0
155.5
155.5
156.0
156.0
156.25
156.0
156.0
156.0
156.5
156.5
157.0
157.0
158.0
158.75
158.75
159.25
159.25
159.0
159.0
158.5
158.5
157.0
155.25
155.25
153.5
153.5
152.0
152.0
152.0
148.75
148.75
148.25
148.25
146.75
146.75
147.0
147.75
147.75
147.75
147.75
147.25
147.0
147.0
147.0
147.0
147.75
148.5
148.5
148.0
147.75
147.75
147.25
147.25
147.0
146.5
146.5
145.0
145.0
144.25
144.25
144.0
144.0
144.25
144.25
146.0
145.25
145.25
145.25
143.75
143.25
143.25
143.25
143.25
143.25
141.75
141.75
141.5
141.5
141.5
142.0
142.0
142.75
142.75
143.75
145.0
145.0
146.25
146.25
143.5
143.5
143.5
144.0
144.0
144.25
144.5
144.5
145.0
145.0
145.5
145.0
145.0
145.25
145.25
144.25
144.25
144.25
144.75
144.75
145.75
145.75
145.0
144.0
144.0
143.25
143.25
144.0
144.25
144.25
145.0
145.0
145.75
146.75
146.75
146.25
146.25
145.5
144.5
144.5
143.75
143.75
144.5
144.5
146.25
146.25
145.75
145.75
146.25
147.25
147.25
147.75
147.75
146.5
144.75
144.75
144.25
144.5
144.5
143.5
143.5
143.5
143.5
143.5
143.5
143.5
144.25
144.25
145.5
145.5
146.5
146.0
146.0
144.5
144.5
144.0
143.0
143.0
141.75
141.75
141.75
141.0
141.0
141.0
141.0
141.0
134.75
134.75
131.0
131.0
136.75
140.0
140.0
141.25
141.25
140.5
140.5
140.0
140.5
140.5
141.75
141.75
143.0
144.0
144.0
144.5
144.5
144.5
143.25
143.25
143.0
143.0
143.75
143.25
143.25
143.25
143.75
143.75
143.25
143.25
143.0
143.0
143.0
143.5
143.5
144.5
144.5
144.75
144.25
144.25
144.25
144.25
143.75
143.75
143.75
145.25
146.75
146.75
147.5
147.5
147.75
147.75
147.75
146.25
146.25
144.0
144.25
144.25
142.5
142.5
140.75
140.75
138.75
137.5
137.5
137.5
137.5
137.75
137.75
137.75
140.0
140.0
140.25
140.25
140.0
139.0
139.0
139.0
139.0
139.75
139.75
139.5
140.25
140.25
141.5
141.5
141.5
140.75
140.75
140.25
140.25
140.75
141.5
141.5
142.25
142.25
142.5
142.25
142.25
142.5
142.5
142.75
142.75
143.5
143.5
143.25
142.25
142.25
142.5
142.5
143.0
143.5
143.5
144.0
144.0
144.0
144.0
144.0
143.5
143.5
143.5
143.25
143.25
143.5
144.5
144.5
145.0
145.0
146.25
146.25
146.25
145.25
145.25
144.5
144.0
144.0
146.0
146.0
146.0
147.0
147.0
147.25
147.25
148.0
148.0
148.25
148.25
148.25
148.25
147.5
148.25
148.25
148.75
148.5
148.5
148.5
148.5
148.5
148.5
148.5
148.5
148.5
148.5
148.5
148.5
148.5
148.5
149.875
151.25
152.625
154.0
155.375
156.75
156.75
161.5
161.5
163.25
163.25
160.75
160.75
160.25
160.25
160.25
160.25
160.25
160.25
158.75
158.75
158.75
157.5
157.5
165.5
165.5
167.75
167.75
168.25
168.25
168.25
168.25
168.25
168.25
168.25
168.25
171.0
171.0
172.0
172.25
172.25
172.25
172.5
172.5
172.5
171.25
171.25
170.75
170.75
170.5
170.5
170.5
170.5
170.5
170.5
170.5
170.5
152.58333333333334
134.66666666666666
116.75
116.75
117.5
117.5
119.5
119.5
122.5
122.5
122.5
130.25
130.25
130.25
131.25
131.25
131.25
133.75
133.75
135.25
135.25
135.25
136.25
136.25
140.25
142.75
142.75
144.5
144.5
145.75
145.75
146.5
146.0
146.0
146.5
146.5
146.5
145.75
145.75
144.75
144.25
144.25
145.25
145.25
146.5
146.5
146.5
146.0
146.0
146.0
144.75
144.75
144.25
144.25
144.25
145.0
145.0
145.0
145.25
145.25
145.75
145.75
146.0
145.25
145.25
143.0
143.0
141.5
141.5
143.25
143.25
143.25
144.25
144.5
144.5
142.0
142.0
142.0
143.5
143.5
143.25
143.25
141.5
141.75
141.75
142.0
142.0
144.25
141.75
141.75
141.75
141.75
144.25
144.25
145.75
145.75
145.75
146.0
146.0
146.0
144.0
144.0
143.5
143.5
143.5
143.75
143.75
143.75
144.25
144.25
144.0
144.0
144.0
144.0
144.0
144.0
144.0
144.0
145.5
145.5
145.5
145.5
145.0
145.0
144.75
144.75
144.75
144.75
144.75
144.75
145.5
145.25
145.25
145.75
145.75
146.0
146.0
146.0
146.0
143.25
143.25
143.25
143.25
143.25
143.25
143.25
143.25
143.25
150.0
150.0
150.0
154.0
154.5
154.5
146.75
146.75
145.25
143.25
143.25
142.0
142.0
141.75
141.75
142.0
142.0
142.0
140.5
143.5
143.5
143.5
146.75
146.75
147.25
147.25
147.25
142.25
142.25
139.25
139.25
139.5
140.5
140.5
141.75
141.75
143.25
144.5
144.5
144.25
144.25
144.5
145.0
145.0
146.25
146.25
147.0
147.5
147.5
147.5
147.5
147.5
146.25
146.25
146.0
146.0
146.0
146.75
146.75
147.5
148.0
148.0
149.0
149.0
148.25
146.75
146.75
145.75
145.75
145.25
145.25
145.25
146.75
146.75
146.75
145.75
145.75
146.0
148.75
148.75
148.25
148.25
147.75
148.5
148.5
148.75
148.75
147.75
147.75
147.75
147.75
147.25
147.25
147.0
147.25
147.25
147.5
147.5
148.25
148.75
148.75
149.0
149.0
149.25
148.75
148.75
148.0
147.5
147.5
147.5
147.5
147.0
147.25
147.25
147.75
147.75
148.25
148.25
148.25
148.5
151.0
151.0
151.5
151.75
151.75
150.5
150.5
150.5
150.75
150.75
151.0
151.0
151.0
151.0
151.0
150.0
150.0
150.5
150.75
150.75
151.25
151.0
151.0
151.5
152.0
152.0
152.5
152.5
152.25
152.25
152.25
152.0
151.25
151.25
149.25
149.25
149.25
148.5
148.5
149.5
149.5
149.75
149.75
150.0
150.0
150.5
150.75
150.75
150.25
150.5
150.5
150.25
150.25
150.0
150.0
149.5
148.5
148.5
149.0
149.0
148.75
148.75
149.5
149.5
149.25
149.25
149.25
149.5
149.5
148.75
148.0
148.0
149.0
149.0
150.5
151.25
151.25
150.5
150.5
149.5
149.5
147.75
147.5
147.5
148.5
148.5
148.5
148.25
150.0
150.0
150.5
149.75
149.75
148.25
148.25
147.5
147.5
147.25
147.25
147.25
147.25
148.75
148.75
150.0
149.5
149.5
149.0
149.0
149.0
149.0
151.5
151.5
151.5
154.25
152.75
152.75
152.75
151.25
151.25
151.25
152.5
153.5
153.5
154.25
154.25
154.0
152.75
152.75
152.25
150.75
150.75
150.0
150.0
149.5
149.75
149.75
149.5
149.25
149.25
148.75
148.75
148.75
148.5
148.5
148.5
148.0
148.0
146.75
146.75
146.75
146.25
146.25
145.5
145.5
145.0
145.0
145.25
145.25
145.25
145.25
146.25
146.25
147.0
147.0
147.5
148.5
148.5
149.0
149.0
145.5
144.25
144.25
144.75
144.75
144.75
143.25
143.25
141.75
141.75
138.75
138.75
138.75
142.0
142.0
142.25
142.5
142.5
143.0
143.0
144.5
145.0
145.0
144.5
144.5
144.25
144.25
144.25
144.25
144.25
143.0
142.5
142.5
142.75
142.75
142.75
142.75
142.75
142.75
142.75
142.75
142.75
142.75
142.75
142.75
143.5
143.5
144.5
144.5
145.0
145.0
145.0
145.0
141.0
141.0
142.25
142.25
143.0
143.0
143.0
143.25
144.5
144.5
145.75
145.75
145.75
149.5
149.5
150.0
150.0
148.0
146.0
146.0
145.5
145.5
145.25
147.25
147.25
148.5
148.0
148.0
148.5
148.5
148.5
148.5
148.5
147.25
147.25
147.0
144.5
144.5
142.75
142.75
145.0
146.75
146.75
147.5
148.0
148.0
147.5
147.5
147.5
148.5
148.5
146.5
145.25
145.25
145.5
145.5
145.75
145.75
145.75
145.75
145.75
147.5
146.0
146.0
146.25
146.25
146.75
147.5
147.5
147.5
147.5
147.5
148.0
148.0
149.0
149.0
149.0
147.25
147.25
148.0
149.0
149.0
148.5
148.5
148.5
148.5
148.5
148.5
148.0
148.0
148.5
149.25
149.25
149.75
149.75
149.5
149.5
149.5
149.75
149.25
149.25
149.0
149.0
149.0
149.75
149.75
149.75
149.75
149.0
148.75
148.75
149.0
149.25
149.25
149.25
148.75
148.75
148.5
148.5
148.5
148.5
148.5
148.25
148.25
147.75
148.0
148.0
147.25
147.25
145.75
144.75
144.75
146.0
147.0
147.0
147.0
147.0
147.0
146.5
146.5
146.25
146.25
146.25
145.0
145.0
144.0
144.0
144.0
144.0
144.0
144.0
144.0
144.0
144.0
144.0
147.75
147.0
147.0
147.0
147.0
147.25
147.25
147.25
146.75
146.75
147.0
147.25
147.25
147.5
147.75
147.75
146.5
146.5
146.75
146.75
148.25
147.5
147.5
147.5
147.5
147.5
148.0
148.0
148.25
148.25
148.25
148.25
148.25
148.75
146.75
146.75
146.75
146.75
147.25
147.25
147.25
147.0
147.75
147.75
148.0
148.0
150.0
150.0
150.75
150.75
150.75
151.0
151.0
150.5
150.5
150.75
151.25
151.25
152.0
152.0
152.25
152.75
152.75
152.75
154.0
154.0
153.25
152.75
152.75
149.0
149.0
147.75
147.75
146.0
144.25
144.25
143.25
143.25
143.25
143.0
152.75
152.75
158.0
158.0
158.0
155.5
153.0
150.5
148.0
148.0
146.75
146.75
146.5
146.75
146.75
147.25
147.25
147.25
147.0
147.0
146.5
147.0
147.0
147.0
147.0
147.25
147.25
147.25
148.25
148.25
148.0
147.5
147.5
148.0
148.0
148.0
146.5
146.5
146.75
147.0
147.0
147.0
147.0
147.0
153.0
153.0
152.5
153.0
153.0
153.25
153.25
155.25
155.25
155.75
155.75
155.75
155.75
155.75
155.75
155.75
155.75
155.75
155.75
156.41666666666666
157.08333333333334
157.75
158.41666666666666
159.08333333333334
159.75
160.41666666666666
161.08333333333334
161.75
162.41666666666666
163.08333333333334
163.75
164.41666666666666
165.08333333333334
165.75
166.41666666666666
167.08333333333334
167.75
168.41666666666666
169.08333333333334
169.75
169.75
170.0
171.5
171.5
171.5
171.5
172.5
172.5
173.25
173.25
174.0
174.0
174.25
174.5
174.5
174.5
174.5
174.5
174.5
172.75
172.75
172.5
172.5
172.5
171.25
170.75
170.75
170.5
170.5
166.0
166.0
154.0
154.0
151.25
151.25
149.0
149.0
148.0
147.5
147.5
147.25
147.25
148.5
148.75
148.75
147.25
147.75
147.75
148.5
148.5
148.5
149.0
148.75
148.75
149.25
149.25
149.75
149.75
150.0
150.0
150.0
149.75
149.75
149.25
149.25
149.25
149.25
148.75
148.75
150.0
150.0
150.0
150.0
150.0
150.0
149.75
149.75
149.25
149.5
149.5
149.5
149.5
149.25
148.0
148.0
146.75
146.0
146.0
145.5
145.5
144.75
144.25
144.25
144.75
144.75
145.0
145.0
145.0
146.0
146.0
146.25
146.25
146.25
147.5
147.5
145.5
145.75
145.75
146.75
147.75
147.75
147.5
147.5
147.5
143.75
144.5
144.5
145.0
145.0
147.0
147.0
147.75
148.0
148.0
147.75
147.75
147.0
146.25
146.25
145.75
145.75
144.5
144.25
144.25
143.75
143.75
143.75
143.75
143.75
143.75
143.75
145.0
146.5
146.5
147.0
147.75
147.75
148.0
148.0
148.5
149.75
149.75
149.5
149.75
149.75
150.5
150.5
151.75
152.0
152.0
152.0
152.0
151.25
151.0
151.0
150.25
150.25
150.25
150.25
150.25
149.5
149.5
149.25
149.25
149.25
149.25
149.25
149.25
149.25
149.25
149.25
149.25
149.25
149.25
149.25
149.25
151.125
153.0
153.0
153.0
153.0
153.0
153.0
153.0
153.0
153.0
153.0
154.0
154.0
154.0
153.0
153.0
153.0
154.5
155.5
155.5
156.25
156.25
155.0
155.0
155.5
156.0
156.0
156.25
155.75
155.75
154.0
154.0
153.0
151.5
151.5
150.75
150.75
150.75
151.0
151.0
151.0
151.75
151.75
152.0
152.0
152.0
151.75
151.75
152.0
153.0
153.0
153.25
152.25
152.25
151.5
151.5
150.5
149.75
149.75
149.0
148.5
148.5
148.5
148.5
148.5
148.5
148.5
149.5
149.75
149.75
151.5
151.5
152.5
152.75
152.75
153.25
153.25
153.25
153.5
153.5
153.5
152.75
152.75
151.0
149.5
149.5
149.0
149.0
150.75
150.75
150.75
150.75
150.25
150.25
150.5
148.75
148.75
149.25
150.25
150.25
151.75
151.75
152.5
153.0
153.0
153.0
153.0
153.0
153.0
153.5
153.5
154.0
153.25
153.25
152.75
152.75
152.0
152.0
152.0
152.0
152.0
152.0
152.0
152.0
152.0
151.5
151.5
151.0
151.25
151.25
151.25
152.0
152.0
152.75
153.0
153.0
153.5
153.5
153.5
153.0
153.0
152.5
152.25
152.25
152.25
152.25
152.5
152.75
152.75
152.25
152.25
152.25
151.5
151.0
151.0
152.75
153.5
153.5
153.5
153.5
154.5
154.5
154.5
155.0
154.0
154.0
152.75
152.75
152.75
152.75
152.75
152.75
152.25
152.25
152.75
153.25
153.25
154.0
154.5
154.5
153.5
154.0
154.0
155.25
156.0
156.0
156.75
157.25
157.25
157.75
158.25
158.25
159.25
160.25
160.25
161.0
161.0
161.75
160.0
160.0
160.0
158.5
158.5
158.5
158.5
158.5
158.5
158.5
158.5
158.5
158.5
161.91666666666666
165.33333333333334
168.75
168.75
168.75
168.75
168.75
168.75
169.0
169.0
169.75
169.75
170.75
170.75
171.75
171.75
172.25
172.75
172.75
173.0
173.0
174.0
174.0
174.0
172.75
173.5
173.5
175.5
175.5
175.75
176.5
176.5
177.75
177.75
177.5
177.5
178.0
178.0
178.25
178.25
178.25
175.5
175.5
175.75
175.5
175.5
175.5
175.5
177.0
177.0
177.25
177.25
176.25
176.25
177.75
177.25
177.25
175.25
175.25
173.75
173.75
175.5
175.5
176.0
176.0
176.0
177.0
177.0
177.75
177.75
177.0
174.75
174.75
174.75
172.5
169.25
169.25
169.25
165.25
165.25
163.0
163.5
163.5
164.5
164.5
164.5
164.5
165.0
165.0
165.5
165.0
165.0
164.25
164.25
163.25
163.25
163.5
163.0
163.0
162.0
162.0
158.0
154.5
154.5
148.75
148.75
143.75
141.0
141.0
138.75
138.75
138.0
138.0
137.75
135.25
135.25
135.25
129.75
129.75
125.0
125.0
125.0
123.0
123.0
121.5
121.5
113.25
113.25
113.25
112.25
112.25
112.25
112.51923076923077
112.78846153846153
113.0576923076923
113.32692307692308
113.59615384615384
113.86538461538461
114.13461538461539
114.40384615384616
114.67307692307692
114.9423076923077
115.21153846153847
115.48076923076923
115.75
116.01923076923077
116.28846153846153
116.5576923076923
116.82692307692308
117.09615384615384
117.36538461538461
117.63461538461539
117.90384615384616
118.17307692307692
118.4423076923077
118.71153846153847
118.98076923076923
119.25
126.5
126.5
130.75
130.75
133.25
137.0
137.0
138.25
138.25
142.5
144.25
144.25
145.0
145.0
145.0
145.5
145.5
145.5
145.5
143.75
143.75
165.25
165.25
170.5
170.5
172.25
172.25
174.0
174.0
173.25
174.5
174.5
179.75
179.75
180.5
181.0
181.0
181.0
181.0
180.75
180.75
180.75
180.75
176.75
176.75
169.75
166.25
166.25
164.0
164.0
164.0
164.0
163.75
162.25
162.25
159.5
159.5
156.75
151.0
151.0
145.75
145.75
141.25
141.25
138.0
138.0
138.0
136.0
136.0
129.75
129.75
127.25
127.25
126.5
129.25
129.25
132.5
132.5
138.0
138.0
141.75
144.5
144.5
147.0
149.5
149.5
150.75
150.75
151.25
151.25
151.25
158.25
158.25
161.75
161.75
161.75
164.25
164.25
165.25
164.75
164.75
164.75
166.5
166.5
166.5
166.5
167.0
167.0
167.0
166.25
166.25
166.25
166.25
166.25
165.5
165.5
164.5
164.5
164.75
164.5
164.5
164.5
164.5
164.75
164.75
166.0
166.0
166.25
167.5
167.5
167.25
167.25
167.75
167.75
168.0
167.5
167.5
169.0
169.0
169.75
169.75
170.25
171.0
171.0
171.0
172.25
172.25
172.25
170.5
170.5
171.0
171.0
170.25
170.25
168.5
166.25
166.25
165.25
163.75
163.75
163.75
162.25
162.25
162.0
162.0
162.0
162.0
162.0
162.0
162.0
150.85
139.7
128.55
117.4
106.25
106.25
104.5
104.5
104.5
103.75
103.75
104.25
104.25
106.0
106.0
106.0
107.75
111.5
111.5
115.25
115.25
121.25
121.25
127.25
127.25
134.0
138.5
138.5
142.5
146.0
146.0
148.0
152.75
152.75
154.25
156.25
156.25
157.75
157.75
160.75
160.75
163.0
163.0
164.75
164.75
165.5
165.5
166.0
168.0
168.0
168.5
168.5
169.75
169.75
170.0
170.0
170.0
170.0
168.5
168.5
168.0
168.0
168.0
168.0
167.5
168.0
168.0
168.25
168.25
169.5
169.5
168.75
168.75
168.75
168.75
168.75
168.75
168.75
168.75
168.75
168.75
168.75
171.5
171.5
174.75
173.0
173.0
173.0
174.5
174.75
174.75
175.0
175.0
175.0
175.0
174.0
174.75
174.75
175.0
175.0
177.0
177.25
177.25
177.5
177.5
177.25
177.25
177.25
177.25
177.5
178.0
178.0
178.25
178.25
178.25
178.5
178.0
178.0
177.5
177.5
177.5
177.5
176.25
176.25
174.25
174.25
173.25
173.25
171.75
171.75
171.25
171.25
171.25
174.0
173.25
173.25
173.25
172.5
172.5
174.25
174.25
175.25
175.75
175.75
176.5
176.5
177.25
177.25
177.25
178.0
178.0
178.0
179.5
179.25
179.25
180.5
180.5
180.75
180.5
180.5
179.5
179.5
179.5
179.5
179.75
180.25
180.25
182.25
182.25
182.5
182.5
182.25
182.25
184.5
184.5
183.5
183.5
183.5
183.75
183.75
182.0
179.5
179.5
173.75
173.75
172.75
172.75
172.0
172.0
171.75
171.75
171.75
171.75
167.5625
163.375
159.1875
155.0
155.0
155.0
155.0
155.0
155.0
155.0
155.0
157.91666666666666
160.83333333333334
163.75
163.75
169.5
169.5
172.75
172.75
174.25
174.25
179.0
179.0
179.75
179.75
180.75
181.5
181.5
181.5
181.5
181.5
179.75
179.75
179.75
178.75
178.75
178.5
178.5
178.5
178.5
178.5
178.5
178.5
178.5
178.5
174.5
174.5
172.0
172.0
171.0
171.0
169.75
169.75
169.5
169.5
169.5
169.5
169.5
169.5
169.5
169.5
169.5
169.5
166.0
166.0
163.0
162.5
162.5
162.5
162.25
162.25
162.25
162.25
170.0
170.0
171.5
171.5
172.0
172.0
172.0
172.0
172.0
172.0
172.0
172.0
172.0
151.25
130.5
130.5
131.25
131.25
132.5
132.5
136.5
141.25
141.25
144.5
150.0
150.0
153.25
154.75
154.75
155.25
155.25
154.5
154.5
156.25
156.25
160.25
162.5
162.5
165.0
165.0
166.75
166.75
169.75
172.25
172.25
174.25
174.25
176.5
177.75
177.75
177.75
178.5
178.5
178.5
177.0
177.0
176.5
176.5
176.0
175.75
175.75
175.75
175.75
175.75
175.75
175.75
175.75
175.75
175.75
175.75
176.25
176.75
177.25
177.75
178.25
178.75
179.25
179.75
180.25
180.75
181.25
181.75
182.25
182.75
182.75
182.5
182.0
182.0
182.25
182.25
179.0
179.0
178.25
178.0
178.0
178.0
178.0
178.0
178.0
178.0
162.83333333333334
147.66666666666666
132.5
132.5
130.5
130.5
127.5
127.5
125.25
125.25
124.0
124.0
123.75
123.75
124.5
124.5
126.0
126.0
126.0
131.75
131.75
133.25
133.25
136.25
140.5
140.5
143.25
143.25
144.5
147.25
147.25
148.75
150.5
150.5
150.5
151.5
151.25
151.25
151.25
150.25
149.5
149.5
148.75
148.75
147.75
147.0
147.0
147.75
147.75
148.75
149.25
149.25
150.0
151.0
151.0
152.75
152.75
153.25
153.25
152.0
150.75
150.75
149.0
149.0
146.5
143.0
143.0
138.25
138.25
135.25
135.25
134.5
134.75
134.75
134.75
134.75
135.25
135.25
136.5
137.0
137.0
135.5
135.5
133.75
133.75
130.0
130.0
125.0
125.0
125.75
125.75
125.75
125.75
135.0
135.5
135.5
138.75
138.75
140.25
141.5
141.5
141.5
141.5
139.75
139.75
141.25
142.5
142.5
142.5
142.5
142.0
142.25
142.25
142.25
142.75
142.75
142.75
142.75
142.75
142.75
142.75
142.75
142.75
142.75
142.75
