119.5
119.5
121.5
121.5
123.25
123.25
123.25
123.25
124.0
124.0
124.0
128.5
128.5
129.25
129.25
129.5
129.5
129.5
129.75
129.75
129.75
129.75
129.5
129.5
129.5
129.5
129.5
125.5
125.5
124.5
124.5
124.5
124.5
125.25
125.25
125.5
125.5
125.5
129.75
129.75
130.0
130.0
130.75
131.0
131.0
132.0
132.0
131.75
131.75
130.25
130.25
128.5
128.5
125.0
125.0
123.5
123.5
124.0
124.0
124.5
125.75
125.75
127.0
127.0
128.25
128.25
129.75
129.75
131.0
131.75
131.75
132.5
132.5
132.75
132.75
132.75
133.75
133.75
134.25
134.25
134.5
134.5
133.25
133.25
134.0
134.5
134.5
135.5
135.5
136.0
136.0
136.25
136.25
137.0
136.75
136.75
136.0
136.0
136.0
136.0
136.25
136.5
136.5
136.5
136.5
135.75
135.75
134.0
133.5
133.5
134.75
134.75
134.75
134.75
134.75
133.0
133.0
133.5
133.5
134.25
133.5
133.5
133.0
133.0
133.25
133.25
133.25
133.25
132.25
131.25
131.25
131.5
131.5
131.75
131.75
132.0
132.0
132.75
133.75
133.75
134.5
134.5
134.75
134.75
136.25
136.25
136.25
136.0
136.0
135.5
135.5
136.5
136.5
136.75
136.75
137.0
137.0
136.25
136.25
136.5
138.5
138.5
138.0
138.0
137.0
137.0
136.5
136.5
136.5
136.5
135.75
135.75
134.75
134.75
135.75
136.0
136.0
135.75
135.75
136.0
136.0
136.0
135.75
135.75
136.0
136.0
136.0
135.25
134.0
134.0
134.0
133.5
134.0
134.0
134.0
134.0
134.0
134.0
132.75
132.25
132.25
132.75
132.75
133.0
133.0
133.0
133.0
133.0
133.25
133.25
133.0
133.0
132.25
132.25
131.5
131.5
131.5
132.5
132.5
131.75
131.75
131.75
131.75
133.0
133.0
133.75
133.75
134.25
134.25
131.25
131.25
130.75
130.75
130.5
130.5
131.0
132.75
132.75
134.5
134.5
134.5
134.5
134.5
136.0
136.0
135.0
135.0
135.0
133.75
133.5
133.5
133.5
133.5
133.5
133.5
133.5
131.5
131.5
130.75
130.75
129.0
129.0
126.75
126.75
126.25
126.25
126.25
126.25
126.75
126.75
129.5
132.0
132.0
133.75
133.75
135.0
135.0
135.25
136.75
136.75
136.75
137.0
137.0
136.5
137.75
137.75
135.75
135.75
134.5
134.5
138.0
138.0
138.25
138.25
137.5
137.5
136.25
136.25
135.5
136.5
136.5
136.5
136.5
136.75
136.75
137.0
137.5
137.5
139.25
139.25
139.25
139.25
139.5
139.5
139.5
139.5
132.25
132.25
126.5
126.5
124.25
124.25
122.25
122.25
120.75
120.75
121.25
121.25
122.0
122.0
122.25
122.25
122.5
122.5
118.75
118.75
118.75
118.75
118.75
120.75
120.75
122.75
122.75
125.0
125.0
128.5
128.5
133.0
133.0
134.75
134.75
136.25
136.75
136.75
137.25
137.25
138.0
138.0
138.0
138.0
138.0
141.5
142.0
142.0
138.75
138.75
138.5
138.5
139.75
139.75
140.75
140.0
140.0
140.0
140.25
140.25
141.5
141.5
142.25
142.25
140.5
141.25
141.25
141.25
141.25
141.25
141.25
140.5
140.5
140.5
140.5
139.25
139.25
137.75
137.75
135.75
135.75
133.75
133.75
133.75
133.75
133.75
134.25
134.25
135.25
135.25
136.25
136.25
136.25
136.25
136.25
136.25
136.25
136.5
136.5
137.25
137.0
137.0
137.25
137.25
136.75
136.75
137.0
137.0
137.25
138.25
138.25
138.25
138.75
138.75
141.0
141.0
141.5
141.75
141.75
140.5
140.5
140.0
140.0
139.5
139.5
138.5
140.25
140.25
140.25
136.75
136.75
136.5
136.5
134.5
134.5
134.0
134.0
134.0
134.0
133.0
133.0
132.75
133.25
133.25
132.75
132.75
130.75
130.75
129.25
129.25
129.5
129.5
129.5
129.5
127.5
127.5
127.5
127.5
128.5
128.5
130.0
130.0
131.75
131.75
132.25
132.25
133.5
133.5
133.75
133.75
133.25
133.25
132.25
132.25
133.0
133.25
133.25
133.5
133.5
134.5
134.5
134.75
134.75
135.0
135.5
135.5
135.5
133.5
133.5
134.5
134.5
134.75
134.75
134.25
134.75
134.75
136.5
136.5
138.0
138.0
138.5
138.5
138.5
141.25
141.25
142.0
141.5
141.5
141.0
141.0
142.5
142.75
142.75
142.5
142.5
143.5
144.25
144.25
144.25
144.25
143.5
143.5
143.5
144.25
144.25
143.25
143.25
143.0
143.0
143.0
143.5
143.5
143.25
142.25
142.25
142.0
142.0
141.75
141.75
140.75
140.25
140.25
139.5
139.5
139.0
138.75
138.75
138.75
138.75
138.75
138.75
138.75
138.0
138.0
138.0
138.0
138.75
138.75
138.75
138.25
138.25
137.75
137.75
138.0
138.25
138.25
137.5
137.5
135.75
135.75
135.75
133.75
135.0
135.0
136.25
136.25
136.25
136.75
136.75
136.25
136.5
136.5
137.0
137.0
137.25
137.0
137.0
136.25
136.25
136.25
133.0
133.0
133.0
132.75
132.5
132.5
132.5
132.5
132.5
132.5
131.25
131.25
131.5
131.5
131.25
131.25
130.75
130.5
130.5
128.0
128.0
128.0
129.0
129.0
130.25
130.25
131.75
131.75
131.75
131.75
131.75
133.25
133.25
133.75
133.75
135.0
135.75
135.75
137.0
137.0
137.0
137.0
137.25
137.25
133.0
133.0
131.75
131.75
133.5
133.5
134.0
134.0
134.0
134.0
134.0
134.25
134.25
134.0
135.25
135.25
135.75
135.75
136.0
136.5
136.5
136.75
136.75
137.25
137.25
137.75
138.0
138.0
136.5
136.5
136.5
141.0
141.0
135.75
135.75
135.75
134.0
134.0
134.0
134.5
134.5
134.5
134.5
134.0
133.5
133.5
134.25
134.25
131.75
131.75
131.75
131.75
131.25
131.25
131.5
131.5
131.5
130.75
130.75
130.75
130.75
130.25
130.25
130.25
131.25
131.75
131.75
132.5
132.5
132.5
132.5
133.75
133.75
133.75
134.75
135.0
135.0
135.0
135.5
135.5
135.5
135.5
131.5
131.5
130.25
130.25
129.0
129.0
128.0
128.0
128.25
128.25
128.25
131.25
131.25
131.25
131.25
131.75
132.75
132.75
134.0
134.0
135.25
135.25
135.75
135.75
138.0
138.0
139.75
138.25
138.25
140.25
140.25
140.0
140.5
140.5
140.5
140.5
139.25
139.25
138.5
138.25
138.25
138.5
138.5
140.0
140.0
140.0
140.0
138.5
138.5
138.5
139.75
139.0
139.0
136.25
136.25
134.5
134.5
134.5
134.5
134.75
134.75
134.0
133.0
133.0
133.5
133.5
134.5
134.5
134.75
134.75
134.75
134.75
134.75
134.75
134.75
134.75
134.75
135.0
135.0
135.0
135.0
133.5
133.5
134.25
134.25
134.25
134.25
134.0
134.0
133.5
133.5
133.75
133.75
136.0
134.75
134.75
132.5
132.5
131.25
131.25
131.0
131.0
132.75
132.75
132.75
133.75
135.25
135.25
134.5
134.5
134.5
131.0
131.0
131.0
131.5
131.5
131.75
131.75
131.75
132.25
132.25
132.75
132.75
133.0
133.0
131.0
130.75
130.75
130.75
131.75
131.75
130.75
130.75
130.75
130.75
131.75
132.0
132.0
131.25
131.25
131.25
131.25
132.0
132.0
132.75
133.0
133.0
133.0
133.0
133.5
133.5
133.75
133.25
133.25
131.25
131.25
133.0
133.0
133.75
133.75
133.75
133.75
134.5
135.5
135.5
135.5
135.5
135.5
135.5
134.0
132.5
132.5
132.75
132.75
133.0
133.0
133.0
133.0
132.5
130.5
130.5
132.25
132.25
132.25
132.25
132.75
132.25
132.25
131.5
131.5
130.75
130.75
130.75
130.75
131.0
131.0
131.0
131.5
131.5
132.75
132.75
133.25
133.25
132.5
132.5
133.0
133.0
133.0
132.0
132.0
130.0
129.0
129.0
130.5
130.5
131.25
131.25
131.0
131.0
131.0
131.0
131.0
132.75
132.75
132.75
132.75
134.0
134.0
135.0
135.75
135.75
135.75
136.5
136.5
137.0
137.25
137.25
136.5
136.5
136.0
136.0
131.75
131.75
128.25
128.25
125.0
125.0
123.5
123.5
123.5
125.75
125.75
126.5
126.5
130.75
130.75
131.0
131.0
131.75
131.75
132.25
132.25
132.25
135.75
135.75
135.75
135.75
135.5
135.5
135.75
135.75
133.5
133.5
132.5
132.5
130.25
130.25
128.25
128.25
128.25
128.25
125.5
125.5
125.5
125.5
123.5
123.5
122.75
123.75
123.75
124.25
124.25
124.0
124.0
124.0
124.0
122.75
122.75
122.25
122.25
123.75
123.75
125.0
125.0
125.5
125.5
124.5
124.5
123.75
123.75
122.75
122.75
122.5
122.5
122.75
122.75
123.75
123.75
124.5
124.5
125.0
125.0
125.25
125.25
125.25
126.5
126.5
126.5
126.5
127.25
127.25
128.75
128.75
129.0
129.0
130.5
130.75
130.75
131.0
131.0
131.75
131.75
132.25
132.25
132.5
132.0
132.0
131.5
131.5
133.0
133.0
133.0
132.0
132.0
132.0
132.0
132.0
132.0
134.75
134.75
135.25
135.25
135.25
134.75
134.75
134.25
134.25
133.0
133.0
131.75
131.75
130.75
130.75
130.75
129.75
129.75
129.25
129.25
128.75
128.75
128.5
128.5
127.75
127.75
125.75
125.75
125.75
125.75
126.0
126.0
126.0
127.0
127.0
128.25
128.25
128.75
128.75
127.0
127.0
126.5
126.5
128.0
128.0
128.5
128.5
128.75
128.75
129.25
129.25
130.25
130.25
130.25
131.5
131.5
131.5
131.5
132.25
132.25
132.75
133.5
133.5
134.25
134.25
134.5
134.5
135.75
135.75
136.75
137.75
137.75
138.25
138.25
139.5
139.5
140.25
139.75
139.75
139.75
139.75
140.0
140.25
140.25
140.25
140.25
140.5
140.5
140.5
139.5
140.0
140.0
140.0
140.0
140.75
140.75
141.0
140.25
140.25
140.25
140.5
139.25
139.25
138.25
138.25
137.75
137.75
137.75
137.5
137.5
137.0
137.0
137.0
137.0
137.0
137.0
137.0
136.75
136.75
136.5
136.5
136.5
136.5
136.5
138.0
138.25
138.25
138.75
138.75
139.75
139.75
140.0
140.0
140.0
140.0
141.25
141.25
141.0
141.0
141.25
141.25
140.75
140.75
142.0
142.5
142.5
142.75
142.75
143.5
144.25
144.25
144.5
144.5
144.75
144.75
144.75
145.0
145.0
145.5
147.0
147.0
148.25
148.75
148.75
147.25
147.25
147.25
146.5
146.5
148.75
149.75
149.75
150.5
150.5
150.75
150.75
151.0
151.0
151.5
151.25
151.25
150.25
150.25
149.5
149.5
149.25
149.25
149.25
148.75
148.75
148.75
148.75
148.75
148.75
140.5
140.5
138.75
138.75
137.5
137.0
137.0
136.0
136.0
133.25
133.25
133.25
133.25
132.75
132.75
132.75
132.75
132.75
132.75
131.25
131.25
129.5
129.5
127.5
127.5
123.5
123.5
123.5
123.5
121.75
121.75
124.25
125.5
125.5
127.75
127.75
129.75
129.75
130.5
136.5
136.5
139.75
139.75
139.75
142.75
142.75
143.5
144.75
144.75
145.75
145.75
146.0
146.25
146.25
146.25
146.25
146.5
147.25
147.25
147.5
147.5
148.25
148.0
148.0
147.0
147.0
146.75
146.75
148.5
148.5
149.0
149.0
149.0
148.75
148.75
148.75
148.0
148.0
148.25
148.25
148.25
148.25
148.25
147.75
147.5
147.5
147.5
148.5
148.5
148.75
148.75
147.75
147.75
147.75
146.75
146.75
143.5
143.5
143.75
143.75
143.0
142.75
142.75
141.5
141.5
142.0
142.75
142.75
143.25
143.25
141.75
141.75
141.5
141.5
141.5
141.0
141.0
141.25
141.25
141.25
141.75
141.75
142.0
141.0
141.0
141.5
141.5
142.75
143.0
143.0
143.0
143.25
143.25
143.25
143.25
143.25
144.0
144.0
144.25
143.5
143.5
143.0
143.0
142.0
141.5
141.5
141.0
141.0
139.5
139.5
139.5
140.0
140.0
141.0
141.0
141.0
141.0
141.0
141.5
141.5
142.0
142.0
142.0
142.0
142.0
142.5
143.0
143.0
143.5
143.5
144.0
144.25
144.25
144.25
144.25
144.25
144.25
143.75
143.5
143.5
142.75
142.75
142.5
143.0
143.0
143.0
143.0
143.0
143.0
142.0
142.0
142.0
141.5
141.5
142.25
142.25
142.25
142.75
142.75
141.5
141.5
140.5
141.25
141.25
141.5
141.5
141.5
141.75
141.75
141.75
141.75
141.25
141.25
141.25
141.0
141.75
141.75
140.75
140.75
140.75
140.75
141.25
142.0
142.0
142.0
142.0
142.25
142.5
142.5
142.75
142.75
142.75
142.75
142.75
142.75
142.75
144.25
144.25
144.25
146.5
146.5
145.0
145.0
145.0
142.5
142.5
142.75
143.0
143.0
143.25
143.25
143.5
143.5
143.5
143.75
143.75
144.5
144.75
144.75
144.75
144.75
144.75
145.5
145.5
145.75
145.75
145.75
145.75
145.75
145.75
145.75
146.0
146.5
146.5
147.0
147.0
146.25
146.5
146.5
146.5
146.5
146.5
146.75
146.75
147.0
146.5
146.5
146.75
146.75
146.75
146.75
146.75
146.75
146.75
148.0
146.5
146.5
147.0
147.0
146.5
146.25
146.25
146.25
146.5
146.5
147.5
147.5
148.5
148.0
148.0
147.5
147.5
146.5
147.0
147.0
146.25
146.25
145.25
143.5
143.5
143.5
143.0
143.0
144.0
144.0
144.0
145.0
145.0
144.75
144.75
144.25
144.25
144.25
144.25
144.25
143.5
143.5
143.25
142.0
142.0
141.75
141.75
142.5
142.5
142.5
142.75
142.75
141.75
141.75
141.75
142.25
142.25
142.25
142.25
143.25
143.25
143.25
143.5
143.5
143.5
142.0
141.25
141.25
140.75
140.75
139.25
139.25
138.5
138.25
138.25
138.25
138.25
138.25
138.5
138.5
138.5
138.5
138.5
138.5
138.5
138.5
138.5
138.75
138.75
138.5
138.5
138.5
140.25
140.25
141.75
141.75
141.5
141.5
141.5
142.0
142.0
142.25
142.25
142.25
141.25
141.25
139.5
139.5
137.0
137.0
135.5
136.0
136.0
135.75
135.75
136.25
136.25
137.0
137.0
137.0
137.0
136.5
136.5
136.0
136.0
135.75
135.75
135.5
132.25
132.25
130.25
130.25
130.25
127.25
126.75
126.75
126.5
126.5
126.5
126.5
126.5
126.5
126.5
127.5
127.5
128.75
131.0
131.0
131.25
131.25
132.25
132.25
133.0
133.0
132.5
132.5
129.25
129.25
128.25
127.5
127.5
126.5
126.5
126.25
126.25
126.5
126.5
127.0
127.0
127.75
127.75
128.0
128.0
128.5
130.25
130.25
132.0
132.0
133.25
133.25
133.5
133.5
133.5
133.5
133.5
134.0
134.0
134.0
134.0
134.0
134.0
133.5
132.75
132.75
133.0
133.0
133.5
133.5
133.0
133.0
132.5
133.5
133.5
134.25
134.25
135.0
135.0
136.5
136.25
136.25
134.0
134.0
134.0
131.25
131.25
129.75
129.75
129.25
129.25
129.5
130.0
130.0
131.25
131.25
132.75
132.75
132.75
132.75
132.75
135.25
135.25
136.5
136.5
138.0
138.75
138.75
138.75
140.25
141.0
141.0
139.75
139.75
140.5
140.5
141.0
141.0
141.0
142.0
142.0
141.25
140.75
140.75
140.25
140.25
140.5
140.5
140.0
138.75
138.75
137.25
137.25
136.0
136.0
136.0
136.0
136.25
137.0
137.0
137.5
137.5
138.0
138.0
138.0
138.25
138.25
138.25
138.25
136.75
136.75
136.0
135.5
135.5
135.5
135.5
134.5
134.5
134.0
134.0
134.0
133.25
133.25
133.5
133.5
134.5
134.5
134.5
135.25
135.25
136.5
138.0
138.0
138.25
138.25
140.5
141.5
141.5
141.5
142.25
142.25
142.25
142.5
142.5
142.5
142.0
142.0
142.25
142.25
142.25
142.25
142.25
142.25
142.25
141.5
141.0
141.0
141.0
141.25
141.25
140.25
140.25
140.0
140.0
140.0
140.0
140.0
140.0
140.5
140.5
140.5
140.5
140.25
140.25
140.5
140.5
141.25
141.5
141.5
143.0
143.0
143.5
143.5
143.0
143.0
143.0
143.5
143.5
144.25
144.75
144.75
145.25
145.25
145.75
146.75
146.75
147.25
147.5
147.5
147.75
148.5
148.5
148.5
148.5
149.0
148.25
148.25
148.0
148.0
148.25
148.5
148.5
148.0
148.0
147.5
148.5
148.5
147.75
147.25
147.25
146.0
146.0
145.25
144.5
144.5
144.0
144.0
144.25
144.25
144.25
144.5
144.5
144.0
143.25
143.25
142.75
142.75
142.75
142.0
142.0
141.0
141.0
141.0
141.0
141.0
142.25
142.25
143.0
143.0
143.0
140.75
140.75
140.75
143.5
143.5
143.0
143.0
143.25
143.25
142.75
142.75
142.0
142.5
142.5
144.25
143.75
143.75
143.25
143.25
142.0
142.0
141.25
142.25
142.25
142.5
142.5
142.5
143.0
143.0
143.25
143.25
143.25
144.0
144.0
144.25
144.25
144.25
143.75
143.75
144.0
144.25
144.25
144.25
144.25
144.25
144.25
144.25
144.25
144.25
144.0
144.0
143.25
143.25
143.25
143.25
144.0
144.0
143.5
143.5
143.5
143.5
143.5
143.75
143.75
143.75
143.75
144.0
144.0
144.0
143.25
143.25
142.25
142.0
142.0
142.0
143.5
143.5
142.25
141.5
141.5
141.75
142.0
142.0
141.75
141.75
141.75
141.0
141.0
141.0
141.0
141.0
142.0
143.5
143.5
144.5
144.5
144.0
144.0
144.0
146.5
147.75
147.75
147.25
147.25
147.25
147.25
147.25
149.0
149.0
149.5
150.0
150.0
151.25
151.75
151.75
153.25
154.0
154.0
154.0
153.75
153.75
154.25
154.25
155.0
155.5
155.5
155.5
156.25
156.25
156.0
156.25
156.25
156.25
156.75
156.75
156.75
157.0
157.0
157.0
156.5
156.5
156.25
156.25
156.25
156.5
156.5
156.25
156.25
156.25
156.25
156.75
156.5
156.5
155.5
155.5
155.5
156.5
156.5
156.25
155.75
155.75
156.25
156.5
156.5
156.5
156.5
156.5
155.25
155.25
155.25
155.25
155.0
155.0
154.75
154.75
154.25
153.25
153.25
152.0
152.0
150.75
149.75
149.75
148.5
146.5
146.5
144.0
144.0
141.75
141.75
141.25
141.25
141.25
140.75
140.75
140.25
140.5
140.5
140.5
140.5
140.5
141.25
141.25
141.75
141.75
141.75
141.75
141.5
142.25
142.25
143.5
143.5
143.75
143.0
143.0
143.25
143.25
144.25
144.75
144.75
143.5
143.5
144.0
144.75
144.75
143.5
143.5
143.25
143.5
143.5
143.5
144.25
144.25
145.5
145.5
145.5
146.25
146.25
147.0
147.0
147.0
147.5
147.75
147.75
150.5
150.5
150.5
150.5
151.0
150.75
150.75
151.0
151.5
151.5
151.75
151.25
151.25
151.75
151.75
152.75
153.0
153.0
153.25
152.75
152.75
152.75
152.0
152.0
152.5
152.5
152.5
152.0
152.0
152.0
151.25
151.0
151.0
150.25
150.75
150.75
150.75
150.75
149.5
149.5
150.25
150.25
151.0
151.0
151.0
151.25
151.25
151.25
151.25
150.25
150.5
150.5
150.0
150.0
150.0
149.75
149.75
148.5
148.5
148.25
148.25
148.75
148.0
148.0
148.75
148.75
148.75
149.75
149.75
149.75
148.25
149.5
149.5
149.5
147.5
144.0
144.0
142.0
142.0
142.75
143.0
143.0
143.0
143.0
143.0
144.5
144.5
146.0
146.0
147.5
147.5
148.75
148.75
148.75
148.75
148.0
148.5
148.5
149.25
149.25
149.5
149.5
149.5
147.5
147.5
148.25
148.25
150.25
150.25
150.0
150.0
150.0
151.75
151.75
151.75
151.75
151.75
151.75
151.75
152.25
153.0
153.0
154.25
154.25
154.25
155.0
154.0
154.0
153.75
153.75
153.75
152.5
151.25
151.25
151.25
150.25
150.25
146.5
146.5
146.5
146.0
146.0
146.0
143.5
143.5
142.5
140.75
140.75
139.75
139.75
136.5
136.5
132.25
132.25
130.5
130.5
121.25
121.25
118.5
118.5
117.75
117.75
118.0
118.0
118.0
118.0
117.75
117.75
125.0
125.0
125.0
129.75
129.75
130.25
130.25
131.5
131.5
132.75
132.75
133.75
135.5
135.5
137.75
137.75
139.5
141.75
141.75
141.75
144.5
144.5
144.75
143.75
143.75
142.5
142.5
141.75
141.75
141.75
143.0
143.0
143.75
144.25
144.25
145.25
145.25
145.5
145.75
145.75
145.75
146.75
146.75
147.75
147.25
147.25
147.25
147.25
147.25
146.25
146.25
147.5
147.5
147.0
147.0
145.5
142.75
142.75
140.25
140.25
139.25
140.0
140.0
140.0
140.0
140.75
140.75
140.75
140.75
140.75
140.75
139.5
139.5
140.75
141.0
141.0
141.0
140.5
140.5
140.5
141.5
141.5
140.0
138.5
138.5
137.0
137.0
136.75
136.75
136.0
136.0
136.0
136.0
136.75
136.25
136.25
135.25
135.25
134.75
134.75
135.25
135.0
135.0
134.5
134.5
136.0
136.0
136.5
136.0
136.0
138.0
138.0
136.25
136.25
136.25
132.5
132.5
133.25
133.25
134.5
134.5
133.5
133.5
134.0
134.5
134.5
133.25
133.25
133.75
133.75
133.25
133.25
131.25
131.25
130.25
130.75
130.75
132.75
132.75
133.5
133.5
133.5
133.5
134.75
136.75
136.75
137.0
137.0
138.25
138.25
138.25
138.25
138.25
139.25
139.25
139.75
139.75
139.75
139.5
139.5
139.75
140.25
140.25
140.5
140.5
140.5
141.0
141.0
141.25
141.25
141.25
141.25
142.25
142.75
142.75
143.25
143.25
143.25
143.0
143.0
143.0
143.0
142.0
141.25
141.25
141.5
141.5
141.5
140.75
140.75
140.75
140.75
140.25
140.25
139.75
139.75
139.75
140.5
140.5
140.5
141.75
141.75
141.75
141.75
142.25
142.5
142.5
143.0
143.0
143.5
143.0
143.0
140.75
140.75
139.5
139.25
139.25
140.0
140.0
139.5
139.5
140.0
140.75
140.75
140.75
142.0
142.0
142.5
142.5
142.75
142.75
141.5
141.5
140.25
140.75
140.75
140.0
140.0
139.5
139.75
139.75
139.0
139.0
138.5
138.5
140.0
140.75
140.75
141.5
141.5
142.0
142.25
142.25
142.5
142.5
141.75
140.25
140.25
138.75
138.75
137.25
137.25
136.25
133.25
133.25
133.25
133.25
133.25
135.5
135.5
135.5
136.0
135.75
135.75
135.0
135.0
135.5
135.5
136.5
136.25
136.25
136.25
136.25
136.5
136.5
137.5
137.5
137.5
138.0
138.0
138.75
138.75
139.0
139.5
139.5
139.0
139.0
139.0
139.25
139.25
139.25
139.25
138.5
138.5
137.5
138.5
138.5
138.5
138.5
138.5
139.0
139.0
139.0
139.25
139.25
139.75
140.0
140.0
140.0
140.0
140.0
140.0
140.25
142.0
142.0
142.25
142.25
142.5
142.75
142.75
142.25
142.25
142.0
142.25
142.25
141.75
141.75
141.25
140.75
140.75
138.5
138.5
137.5
137.5
137.25
137.25
136.25
135.75
135.75
135.75
137.25
137.25
137.25
137.5
137.75
137.75
139.0
139.0
141.0
140.5
140.5
140.5
140.5
141.0
141.25
141.25
142.25
142.25
142.5
142.5
142.5
141.25
141.25
141.25
139.5
139.5
139.5
139.5
139.0
139.0
139.0
139.0
139.0
138.5
138.5
137.75
137.75
136.75
136.75
136.5
137.0
137.0
137.0
137.5
137.5
137.75
137.75
137.75
137.75
138.0
138.0
138.0
138.5
138.5
138.75
138.75
138.25
138.25
138.25
138.25
138.25
139.0
139.0
139.0
139.0
138.0
138.25
138.25
138.75
138.75
138.5
138.5
138.5
139.0
139.0
139.25
139.25
139.5
140.25
140.25
140.5
140.5
140.75
140.5
140.5
140.25
140.25
140.75
141.75
141.75
141.25
141.25
141.5
141.5
141.5
141.5
141.5
141.25
141.25
141.0
141.75
141.75
142.0
142.0
141.5
141.25
141.25
140.75
140.75
139.5
139.5
138.5
138.5
137.5
137.5
137.0
137.0
137.0
137.0
137.0
136.5
136.5
136.0
136.0
136.0
136.0
136.25
136.25
136.25
136.25
136.25
137.25
137.25
137.25
137.5
137.5
138.5
138.5
139.75
140.5
140.5
141.5
141.5
141.5
141.5
141.0
141.0
140.0
139.5
139.5
139.5
137.75
136.75
136.75
136.75
136.75
137.0
137.25
137.25
137.5
137.5
138.0
138.25
138.25
139.0
139.0
139.75
139.75
140.0
140.0
140.0
139.5
139.5
140.0
140.25
140.25
139.5
139.5
138.5
138.5
138.25
137.75
137.75
137.25
137.25
137.5
137.5
136.75
136.75
136.75
136.75
139.5
139.5
139.5
140.0
140.25
140.25
140.25
140.25
141.75
141.75
143.0
143.0
143.25
143.75
143.75
144.25
144.25
144.25
144.25
144.25
145.0
145.0
145.0
145.25
145.25
146.25
146.25
146.25
146.25
145.75
145.75
146.0
146.0
146.0
146.0
146.25
146.25
146.75
146.75
147.0
147.0
147.0
146.5
146.5
146.0
146.0
148.25
148.25
147.75
147.75
147.75
149.0
149.0
149.5
149.5
147.75
147.75
147.75
148.25
148.25
148.25
148.25
148.25
148.25
146.75
146.75
143.75
143.75
141.0
141.0
140.25
140.25
139.25
136.0
136.0
134.75
134.75
135.5
135.5
136.0
136.0
134.75
134.75
133.75
133.75
133.75
133.75
133.25
133.25
131.75
131.75
131.0
131.0
132.75
133.0
133.0
131.5
131.5
131.0
131.0
131.0
131.0
131.5
131.5
129.25
128.25
128.25
126.25
126.25
123.25
123.25
123.0
123.0
125.0
125.0
125.0
125.0
128.0
128.0
127.0
127.0
125.5
126.5
126.5
127.25
127.25
127.5
127.5
128.25
128.25
128.5
128.5
129.5
129.5
129.75
129.75
129.0
129.0
127.0
126.5
126.5
126.5
128.0
128.0
127.0
127.0
127.0
127.0
127.0
127.0
128.25
128.25
130.0
131.25
131.25
132.0
132.0
133.5
133.5
134.5
135.5
135.5
136.0
136.0
136.75
136.75
138.75
139.25
139.25
139.5
139.5
139.0
139.0
139.0
139.0
139.5
139.5
139.5
139.5
139.5
139.25
139.25
139.25
139.25
139.25
139.25
139.25
139.5
139.5
139.5
139.5
139.0
139.0
138.0
138.0
138.25
138.75
138.75
138.25
138.25
138.25
138.25
139.0
139.0
139.0
139.5
140.5
140.5
141.25
141.25
141.25
141.5
141.5
141.5
140.5
140.5
140.5
140.5
138.5
138.5
136.5
136.5
136.5
137.25
137.25
137.75
137.75
137.5
137.0
137.0
138.25
138.25
138.75
138.75
138.75
139.0
139.0
139.0
139.0
138.0
138.25
138.25
139.0
139.0
139.0
139.0
138.75
138.75
138.75
138.5
138.5
138.25
138.25
137.75
137.5
137.5
137.0
137.0
136.75
136.75
135.75
135.75
135.75
135.75
135.75
135.75
136.0
136.0
136.75
136.75
137.0
137.25
137.25
138.0
138.0
138.0
138.0
137.25
136.25
136.25
136.25
136.25
137.0
136.75
136.75
137.0
137.0
137.25
137.25
137.25
137.25
137.0
136.5
136.5
137.25
137.25
138.0
138.75
138.75
138.75
138.75
139.0
139.0
139.25
140.0
140.0
140.0
140.0
140.25
140.5
140.5
139.75
139.75
138.75
138.75
138.75
139.5
139.5
140.0
140.0
139.5
139.75
139.75
139.5
139.5
139.0
139.0
139.0
139.0
139.0
139.5
139.5
139.75
139.75
139.75
139.75
140.0
140.0
140.0
140.0
140.0
140.0
140.5
141.0
141.0
140.5
140.5
140.0
140.0
139.5
138.75
138.75
137.5
137.5
136.25
136.25
135.5
135.5
135.75
135.75
135.75
134.5
134.5
134.75
134.75
134.75
134.75
134.5
134.5
134.5
134.5
134.5
134.75
134.75
135.0
135.0
134.0
133.25
133.25
133.25
133.25
132.75
132.75
133.5
134.0
134.0
134.25
134.25
131.5
131.5
131.25
131.25
131.5
131.5
132.25
131.75
131.75
131.75
131.75
132.5
132.5
133.25
133.25
133.25
132.75
132.75
132.5
132.5
132.5
132.5
132.75
132.75
133.75
133.75
134.25
134.25
134.25
134.25
134.25
133.5
133.5
133.5
131.75
131.75
131.75
131.75
131.5
131.5
132.0
132.0
131.75
131.75
131.75
131.75
131.75
133.25
133.25
132.25
132.25
132.0
132.0
132.5
132.5
132.75
132.75
133.0
133.0
134.25
134.25
134.5
134.75
134.75
134.75
134.75
134.75
135.0
135.0
135.25
135.25
134.75
134.75
134.75
134.75
135.5
135.5
136.25
136.25
136.25
136.25
136.25
138.0
138.0
137.5
136.75
136.75
136.5
136.5
136.75
136.75
136.5
136.75
136.75
137.0
137.0
138.5
138.5
139.5
138.25
138.25
138.25
138.75
138.75
138.75
137.75
137.75
138.25
138.25
139.75
140.0
140.0
141.25
141.25
141.5
141.75
141.75
141.5
141.5
141.25
141.25
140.25
139.75
139.75
140.0
140.0
140.5
140.75
140.75
141.25
141.25
141.5
141.25
141.25
141.25
141.25
141.5
141.5
141.5
142.0
142.0
142.0
141.75
141.75
141.75
141.75
141.5
140.25
140.25
140.5
140.5
139.75
139.75
139.25
139.25
138.75
138.75
138.75
138.75
138.75
139.0
139.0
139.5
140.0
140.0
140.5
140.5
140.5
139.75
139.75
139.25
139.25
138.25
138.25
138.25
138.25
138.25
137.5
137.5
137.0
137.0
137.0
137.25
137.25
137.25
137.25
137.25
137.25
136.25
136.5
136.5
136.75
136.75
137.5
137.5
136.75
136.5
136.5
136.0
136.0
135.25
135.25
135.25
135.5
135.5
135.75
135.75
136.0
136.0
136.5
137.0
137.0
136.5
136.5
136.25
136.25
135.75
136.5
136.5
137.5
137.5
137.75
137.75
137.5
137.5
137.0
137.0
137.0
137.5
137.5
137.5
136.75
136.75
136.0
136.0
135.5
135.5
135.5
135.5
135.5
134.5
134.5
134.25
134.25
133.5
133.75
133.75
134.0
134.0
133.75
133.75
133.5
133.5
133.75
133.75
134.0
134.0
134.0
134.25
134.25
134.75
134.75
135.75
136.25
136.25
136.5
136.5
135.5
135.5
135.0
135.0
136.0
135.5
135.5
133.5
133.5
133.0
133.0
133.0
133.0
133.0
132.5
132.5
131.25
131.25
129.75
129.75
129.5
129.5
130.75
131.5
131.5
132.25
132.25
132.5
132.5
132.5
132.5
132.5
132.5
132.5
132.5
132.5
131.75
131.75
132.25
132.25
131.0
131.0
131.5
131.5
131.75
131.5
131.5
131.75
131.75
132.0
132.0
132.0
132.0
132.0
132.25
132.25
132.25
132.25
132.25
132.5
132.5
132.5
133.25
133.25
131.75
131.75
131.5
131.5
129.75
129.75
130.25
130.25
132.25
132.25
132.25
132.25
132.25
133.75
133.75
133.75
134.5
134.5
133.5
133.0
133.0
133.0
133.0
132.75
132.75
133.0
133.0
133.0
133.5
133.5
133.5
133.5
134.0
134.0
134.5
134.5
133.75
133.0
133.0
132.75
132.75
132.75
132.75
132.5
132.5
131.25
131.0
131.0
131.25
131.25
132.0
132.0
132.25
132.25
132.5
132.5
132.5
132.25
132.25
131.75
131.75
132.0
132.0
132.75
132.75
133.25
133.5
133.5
133.75
133.75
133.0
133.0
132.5
132.5
132.5
132.5
132.5
131.75
131.75
130.25
130.25
130.25
130.25
130.75
130.75
130.75
130.75
130.75
130.5
130.5
130.0
130.0
130.0
130.0
128.5
128.5
129.25
129.25
129.25
130.75
130.75
130.75
130.75
129.75
130.75
130.75
130.75
133.5
133.5
134.5
134.5
134.5
135.25
135.25
134.5
134.5
134.5
137.25
137.25
137.25
137.25
137.0
137.25
137.25
137.25
137.25
136.5
136.5
136.5
137.25
137.25
137.25
137.25
137.75
137.75
137.0
137.0
135.75
135.75
135.0
135.0
135.5
135.5
135.75
135.5
135.5
134.5
134.5
134.5
134.0
134.0
133.0
133.0
131.0
130.75
130.75
130.75
130.75
130.5
130.5
129.0
129.0
128.25
128.25
127.75
127.75
126.5
124.75
124.75
124.75
124.75
124.75
124.75
124.75
124.75
124.75
124.75
125.25
125.25
126.0
126.0
126.5
126.5
130.25
130.25
131.0
130.5
130.5
130.5
130.5
130.0
130.0
130.0
130.0
129.25
129.25
128.0
127.5
127.5
127.75
127.75
128.75
128.75
129.75
129.75
131.0
131.0
132.0
133.0
133.0
134.5
134.5
134.75
134.75
134.75
134.25
134.25
136.5
136.5
137.75
137.5
137.5
136.25
136.25
135.25
135.25
133.0
133.0
131.5
131.5
131.0
131.25
131.25
131.25
131.25
131.75
131.75
132.0
132.0
131.5
131.5
131.75
131.75
131.5
131.5
131.5
133.25
133.25
132.25
132.25
132.25
131.75
131.75
133.5
133.5
134.25
134.25
134.5
134.5
133.0
133.0
132.0
132.25
132.25
131.5
131.5
132.75
132.75
133.5
133.5
132.0
132.0
132.0
131.0
131.0
131.0
131.0
132.25
132.25
132.25
132.5
132.5
133.5
133.5
133.75
133.75
133.0
133.0
133.75
134.5
134.5
135.0
135.0
135.25
135.25
135.5
136.25
136.25
136.5
136.5
136.0
136.0
136.0
136.25
136.25
136.5
136.5
136.5
135.5
135.5
135.5
135.5
134.25
134.25
134.5
134.5
134.5
134.5
135.0
135.75
135.75
135.25
135.25
133.5
133.5
132.25
132.25
131.25
130.75
130.75
131.0
131.0
131.75
131.75
133.0
133.0
134.25
134.75
134.75
135.5
135.5
136.75
136.75
137.0
137.25
137.25
138.0
138.0
138.5
138.75
138.75
139.0
139.0
138.0
138.0
138.25
137.25
137.25
135.75
135.75
135.75
131.75
131.75
132.75
132.75
133.5
133.5
135.0
135.0
134.5
134.5
134.25
134.5
134.5
134.75
134.75
136.25
136.25
136.25
136.25
135.75
136.25
136.25
137.0
137.0
136.75
136.75
136.75
136.5
136.5
134.75
134.75
132.5
132.5
133.0
133.0
133.75
134.0
134.0
133.5
133.5
133.5
133.5
134.0
134.0
134.0
134.0
134.0
135.25
135.5
135.5
136.75
136.75
136.75
136.75
136.75
136.75
137.75
137.75
138.25
138.5
138.5
138.25
138.25
138.75
139.5
139.5
139.75
139.75
139.25
140.0
140.0
140.25
140.25
140.25
140.25
140.0
140.0
140.0
140.0
140.0
140.0
140.25
140.25
139.75
139.75
139.25
139.25
139.25
140.5
140.5
140.0
140.0
139.5
138.0
138.0
137.5
137.5
137.0
137.0
136.75
136.75
138.0
137.75
137.75
136.75
136.75
137.0
136.25
136.25
136.25
136.25
135.5
135.5
134.75
134.75
131.75
131.75
130.0
130.75
130.75
131.75
131.75
131.75
134.0
134.0
135.25
135.25
135.75
135.75
134.75
134.75
135.0
135.0
134.5
134.5
132.25
132.25
133.25
133.25
133.25
128.0
128.0
126.5
126.5
126.0
126.0
126.75
126.75
127.25
127.25
128.75
129.5
129.5
129.75
129.75
130.25
130.25
130.0
130.0
130.25
130.25
130.5
130.5
131.0
132.0
132.0
132.75
132.75
133.0
133.0
133.25
133.75
133.75
134.25
134.25
134.75
134.75
134.75
135.5
135.5
135.75
135.75
135.75
136.0
136.0
136.25
136.25
137.0
137.5
137.5
137.5
137.5
137.75
138.5
138.5
139.25
139.25
139.5
139.5
139.0
138.75
138.75
138.25
138.25
137.25
137.25
136.75
136.5
136.5
136.5
136.5
136.25
136.25
136.25
136.5
136.5
136.5
136.5
136.5
136.5
136.75
136.5
136.5
136.5
136.5
137.75
137.75
138.5
138.5
138.5
138.5
139.0
139.0
139.0
139.0
139.75
139.75
139.75
138.0
138.0
136.75
136.5
136.5
135.5
135.5
135.5
135.5
136.0
136.25
136.25
135.0
135.0
134.5
134.5
133.75
133.75
133.75
134.25
134.25
134.5
134.5
134.5
134.5
135.25
135.25
135.25
132.25
132.25
132.25
132.25
129.5
129.5
129.5
129.5
130.0
130.5
130.5
130.75
130.75
131.25
131.25
132.5
132.5
132.5
132.5
131.25
131.5
131.5
132.0
132.0
132.75
132.75
133.0
133.0
133.0
132.25
132.25
132.75
132.75
133.0
133.0
133.5
133.5
134.25
135.0
135.0
135.25
135.25
134.75
134.75
134.75
134.75
134.75
134.25
134.25
133.5
133.5
133.25
133.25
133.5
133.5
133.5
133.25
133.25
133.5
133.5
133.75
133.75
134.25
134.25
134.25
133.75
133.75
133.75
133.75
134.25
134.25
134.5
134.75
134.75
134.75
134.75
135.0
135.0
135.75
135.75
135.75
135.75
135.75
134.25
134.25
133.75
133.75
134.25
134.25
134.25
134.25
134.25
134.25
135.75
135.75
135.75
135.75
135.75
135.75
134.25
134.25
132.75
132.75
133.0
133.0
133.0
133.0
131.75
131.75
131.75
131.75
130.75
130.75
130.5
130.5
130.75
130.25
130.25
130.5
130.5
130.5
130.5
130.0
130.0
130.0
129.0
129.0
129.0
128.75
130.25
130.25
131.0
131.0
131.25
131.25
132.25
132.25
132.75
133.25
133.25
133.25
133.25
133.25
133.25
133.25
133.25
132.0
131.75
131.75
132.0
132.0
132.0
131.0
131.0
131.0
131.0
131.0
131.0
132.5
133.0
133.0
133.5
133.5
134.25
135.25
135.25
136.25
136.25
136.75
136.75
138.0
138.25
138.25
139.25
139.25
139.25
139.25
139.25
140.5
141.0
141.0
143.0
143.0
143.75
143.75
143.75
143.75
143.0
143.0
144.0
144.0
144.0
144.25
144.25
143.5
143.5
143.25
143.25
142.25
142.25
144.0
144.5
144.5
145.0
145.0
146.5
146.75
146.75
147.0
146.25
146.25
146.25
146.25
146.25
145.5
145.5
145.75
145.75
145.75
146.25
146.25
146.25
144.5
144.5
144.0
144.0
143.0
141.75
141.75
140.75
140.75
139.0
139.0
137.75
137.75
135.5
135.5
133.75
132.75
132.75
132.75
132.75
132.75
132.75
132.25
132.25
131.75
130.5
130.5
129.75
129.75
130.25
130.25
128.75
128.75
129.0
129.0
129.5
129.5
129.25
129.25
130.0
130.0
128.75
128.75
128.75
126.5
126.5
127.5
127.5
129.5
129.5
130.5
130.5
129.5
130.75
130.75
132.25
132.25
132.25
132.25
132.25
132.25
132.5
132.5
131.25
132.0
132.0
132.25
132.25
132.25
132.75
132.75
132.75
132.75
133.25
133.25
133.5
133.5
134.25
134.25
134.25
134.75
134.75
135.25
135.25
134.75
134.75
134.25
134.25
133.25
133.25
133.25
134.0
134.0
134.75
134.75
136.25
136.5
136.5
136.5
136.5
136.5
136.5
136.5
138.0
138.0
139.0
139.0
139.0
139.0
139.0
139.75
139.25
139.25
139.25
139.25
139.0
138.75
138.75
138.25
138.25
138.25
138.25
138.75
139.0
139.0
138.5
138.5
138.25
138.75
138.75
138.75
138.75
138.75
138.75
138.25
138.25
138.25
138.25
138.25
138.25
137.5
138.25
138.25
139.0
139.0
139.25
139.25
139.25
139.5
139.5
140.0
140.0
140.0
140.0
140.0
140.0
140.0
141.0
141.25
141.25
141.25
141.25
141.25
141.25
141.25
141.75
141.75
141.75
141.75
141.25
141.25
141.25
141.5
141.5
142.0
142.0
142.0
142.0
142.0
142.5
142.0
142.0
142.0
142.0
140.25
140.25
139.5
139.0
139.0
139.0
137.75
137.75
138.0
138.0
138.25
138.25
138.5
138.5
135.25
135.25
135.25
133.25
134.25
134.25
136.0
136.0
137.25
137.25
138.0
138.75
138.75
139.0
139.0
137.5
137.5
137.5
134.0
134.0
134.0
134.0
139.5
139.5
139.25
139.25
139.75
139.75
139.25
139.5
139.5
139.0
139.0
139.25
139.25
139.5
139.25
139.25
139.25
138.5
138.5
138.25
138.25
139.0
139.0
137.25
137.25
138.0
137.75
137.75
136.25
136.25
135.5
135.5
135.5
135.5
135.5
136.25
136.25
136.25
136.25
137.25
137.25
136.75
138.0
138.0
139.0
139.0
139.25
139.25
140.5
140.5
139.25
139.25
143.5
143.5
143.5
145.5
145.5
146.75
147.0
147.0
147.25
147.25
147.25
153.0
153.0
152.75
152.5
152.5
152.5
152.5
153.25
153.5
153.5
154.5
155.25
155.25
155.0
155.0
155.0
154.0
154.25
154.25
155.0
155.25
155.25
155.75
155.75
155.75
156.0
156.0
156.25
156.25
156.0
156.0
156.0
155.0
155.0
155.5
155.5
155.5
155.75
155.75
155.5
155.5
159.0
157.25
157.25
157.0
156.75
156.75
157.25
157.25
157.25
157.25
157.25
157.25
156.75
156.75
156.75
156.75
157.25
157.25
157.75
157.0
157.0
157.0
157.0
155.5
155.5
154.75
154.75
154.75
154.75
154.25
154.75
154.75
154.75
154.75
154.75
154.75
154.25
154.25
154.25
156.0
156.0
156.5
156.5
156.5
156.0
155.75
155.75
155.25
155.25
155.25
155.25
155.5
155.5
155.5
155.25
155.25
155.25
156.0
154.25
154.25
155.5
154.5
154.5
155.5
156.25
156.25
156.0
156.0
154.75
154.75
154.5
155.0
155.0
155.75
155.75
156.5
156.75
156.75
156.75
156.5
156.5
156.75
156.75
156.75
156.75
156.75
156.75
158.25
158.25
158.75
158.75
159.0
159.0
159.5
159.5
159.5
159.25
159.0
159.0
158.5
158.5
158.25
158.25
158.25
158.25
158.25
158.25
158.25
156.75
156.75
155.5
154.25
154.25
153.0
152.0
152.0
150.5
150.5
150.5
152.75
153.75
153.75
153.5
153.0
153.0
152.75
152.75
153.25
153.5
153.5
153.75
154.5
154.5
155.0
154.75
154.75
154.25
153.75
153.75
153.75
153.75
153.75
153.25
153.25
153.0
152.25
152.25
151.5
151.5
150.25
148.75
148.75
147.0
146.0
146.0
145.0
145.0
145.25
145.25
145.25
144.0
144.5
144.5
144.5
144.5
144.0
144.0
144.0
144.0
144.0
142.75
140.75
140.75
139.25
139.25
136.0
136.0
135.25
135.0
135.0
135.75
135.75
137.25
137.25
137.25
137.25
133.75
133.0
133.0
133.5
133.5
134.0
134.0
131.5
130.25
130.25
130.25
130.25
131.75
131.75
133.25
133.25
134.0
134.0
133.5
133.75
133.75
134.5
134.5
134.5
134.5
133.5
133.5
133.75
134.0
134.0
135.0
135.0
135.25
135.25
134.25
134.25
134.25
135.25
135.25
135.5
135.5
135.5
137.0
137.75
137.75
138.5
138.5
139.0
140.25
140.25
140.75
140.75
141.75
141.75
141.5
141.0
141.0
142.0
142.25
142.25
141.5
141.5
141.0
141.0
140.5
140.75
140.75
140.75
140.75
140.75
141.0
141.0
141.25
141.25
141.25
141.5
141.5
141.75
141.75
141.75
141.75
142.75
143.25
143.25
143.0
143.0
143.0
143.0
143.5
143.5
143.75
143.75
144.0
144.0
143.5
143.5
143.0
143.5
143.5
143.25
143.25
143.25
144.0
144.0
143.75
143.75
143.75
143.75
143.0
143.0
142.0
140.75
140.75
138.75
138.75
138.0
138.0
136.75
136.0
136.0
135.75
135.75
136.0
136.0
135.5
135.5
134.5
134.5
134.5
132.25
132.25
132.25
130.75
130.75
131.5
131.5
134.0
134.0
135.0
135.5
135.5
137.0
137.0
138.0
138.0
139.0
139.25
139.25
137.25
137.25
134.0
134.0
132.25
132.25
131.5
131.5
131.5
132.5
132.5
133.75
133.75
134.75
135.25
135.25
135.75
135.75
136.0
136.0
136.5
135.75
135.75
134.75
134.75
134.25
134.25
134.25
134.25
134.5
135.25
135.25
135.5
135.5
135.5
135.5
134.5
134.5
134.75
134.75
134.75
134.5
134.5
134.25
134.25
132.5
131.75
131.75
132.25
132.25
132.75
132.75
132.5
132.5
132.75
132.5
132.5
132.5
132.5
132.5
132.5
133.25
133.25
134.0
134.0
134.0
133.5
133.5
134.0
134.0
134.25
135.25
135.25
135.25
135.25
136.5
136.5
138.75
139.5
139.5
139.5
139.5
140.25
140.75
140.75
140.75
140.75
140.0
137.5
137.5
135.25
135.25
134.75
134.75
133.75
133.75
132.25
132.25
133.25
133.25
134.0
134.25
134.25
134.0
134.0
133.0
133.0
132.75
132.75
133.0
133.0
133.0
131.75
131.75
131.5
131.5
131.5
131.5
131.5
131.5
132.0
132.25
132.25
133.0
133.0
133.5
133.5
134.25
134.25
134.25
134.0
134.0
133.5
133.5
133.75
133.75
134.5
135.0
135.0
135.0
135.0
135.25
135.25
135.25
135.5
135.5
136.25
136.25
136.25
136.25
135.75
135.25
135.25
135.25
135.25
135.75
135.75
135.75
135.75
136.25
136.5
136.5
136.75
136.75
135.75
135.75
136.0
136.75
136.75
137.0
137.0
136.75
137.25
137.25
136.75
136.75
136.75
136.75
136.25
136.25
136.0
136.0
136.0
135.25
135.25
135.0
135.0
135.0
135.75
135.75
136.5
136.5
136.5
136.5
136.75
137.0
137.0
137.0
137.0
137.25
137.25
137.25
137.75
137.75
137.75
137.5
137.5
137.5
137.5
136.75
136.75
137.0
137.25
137.25
137.5
137.5
137.5
137.5
137.75
137.75
136.25
136.25
136.75
137.25
137.25
137.5
137.5
138.0
138.0
138.0
138.75
138.75
139.25
139.25
138.25
138.75
138.75
139.0
139.0
139.0
139.0
139.0
139.5
139.5
140.0
140.0
140.0
140.0
140.0
140.0
140.75
140.75
141.5
142.0
142.0
142.0
140.5
140.5
140.5
140.5
140.5
141.25
141.5
141.5
141.5
141.5
141.25
141.25
141.25
141.25
141.25
141.25
141.5
141.5
141.5
141.5
141.5
141.5
141.75
141.75
142.0
141.0
141.0
141.25
141.75
141.75
142.25
142.25
142.0
142.0
142.25
143.0
143.0
143.0
143.0
143.75
143.75
143.75
144.0
144.0
143.75
144.0
144.0
144.0
144.0
143.25
143.75
143.75
144.0
144.0
144.0
143.0
143.0
142.5
142.5
142.5
142.25
142.25
142.25
142.25
141.25
141.25
141.0
140.75
140.75
141.25
141.25
140.75
140.5
140.5
140.5
140.5
141.25
141.25
141.25
141.25
141.25
141.0
141.0
140.5
140.25
140.25
140.25
140.25
140.5
140.5
140.5
140.0
140.0
140.0
140.5
140.5
140.75
140.75
141.5
141.5
142.0
141.25
141.25
141.0
141.0
140.5
140.5
140.5
140.5
140.5
140.5
140.5
140.75
141.25
141.25
141.25
141.25
141.5
142.0
142.0
142.25
142.25
142.5
142.5
142.5
143.0
143.0
143.75
143.75
143.75
144.25
144.25
144.0
143.75
143.75
144.75
144.75
144.25
144.25
144.25
143.75
143.75
143.75
143.75
143.75
144.0
144.0
144.25
144.75
144.75
144.75
144.75
144.75
146.5
146.5
146.75
146.75
146.75
146.75
146.75
145.5
145.75
145.75
145.5
145.5
145.25
145.5
145.5
145.75
145.75
146.0
146.25
146.25
146.0
145.75
145.75
145.75
145.75
145.75
146.0
146.0
146.25
146.25
145.75
145.75
145.75
146.0
146.0
146.25
146.5
146.5
146.25
146.25
146.5
146.75
146.75
146.25
146.25
145.5
145.25
145.25
145.25
145.5
145.5
145.25
145.25
146.0
146.75
146.75
146.75
146.75
146.0
146.25
146.25
146.25
146.25
147.0
147.25
147.25
147.25
148.0
148.0
148.25
148.25
147.75
147.75
147.75
147.25
147.5
147.5
147.5
147.5
146.75
146.25
146.25
146.0
146.0
145.75
146.0
146.0
146.0
146.0
146.0
146.0
146.0
146.0
146.25
146.25
146.5
146.0
146.0
146.25
146.25
145.75
145.75
146.5
145.75
145.75
144.75
144.75
144.75
144.75
143.75
143.0
143.0
143.0
143.0
143.25
142.25
142.25
141.75
141.75
141.75
142.0
142.0
142.0
142.0
142.0
140.75
140.75
140.25
140.25
140.5
140.75
140.75
140.25
140.25
140.25
140.25
139.75
138.75
138.75
138.75
140.0
140.0
140.5
140.5
140.75
140.75
139.75
139.75
139.5
139.5
139.5
138.5
138.25
138.25
138.0
138.0
138.0
138.0
138.25
138.25
137.75
137.75
137.75
137.75
137.75
137.5
137.5
137.0
137.0
137.0
138.0
138.0
137.5
137.5
137.0
138.25
138.25
138.5
138.5
138.0
138.0
137.75
137.25
137.25
137.0
137.0
136.25
136.25
136.25
136.25
136.25
135.75
135.75
135.75
135.75
136.5
136.25
136.25
136.25
136.25
134.25
134.25
134.5
134.5
134.5
134.25
134.25
134.25
134.25
134.5
134.5
135.5
136.0
136.0
135.75
135.75
135.75
135.75
135.75
135.0
135.0
134.75
134.75
135.25
135.25
134.75
134.75
134.0
133.5
133.5
133.75
133.75
134.5
134.5
135.0
135.0
135.5
135.5
135.25
135.25
135.25
135.25
136.25
136.25
137.0
137.0
137.75
137.75
137.75
137.75
137.75
137.5
137.5
136.25
136.25
136.75
137.0
137.0
137.25
137.25
137.25
137.25
137.25
137.25
137.25
137.25
137.25
137.25
137.25
137.25
137.5
137.5
137.5
137.5
137.0
137.0
137.0
136.5
136.5
137.0
137.0
137.25
137.25
137.0
137.0
137.0
136.75
136.25
136.25
136.25
136.25
137.75
137.75
138.75
138.75
139.25
139.25
139.75
139.25
139.25
139.25
140.5
140.5
140.5
140.5
140.5
140.5
141.25
141.75
141.75
142.5
142.5
144.0
144.0
145.0
145.0
145.25
145.25
146.25
146.75
146.75
148.0
148.0
148.0
148.0
148.0
151.0
151.0
151.0
153.0
153.0
153.75
153.75
152.5
152.5
152.5
156.0
156.0
156.75
156.75
155.75
155.75
155.75
155.75
155.75
155.75
155.75
155.75
155.75
155.75
155.75
155.75
143.66666666666666
131.58333333333334
119.5
119.5
119.5
119.5
118.0
118.0
117.0
117.0
117.75
117.75
119.25
119.25
120.5
120.5
122.5
122.5
124.75
124.75
128.25
128.25
129.75
129.75
129.75
133.0
133.0
135.75
137.5
137.5
139.0
139.0
141.75
141.75
143.5
145.25
145.25
145.75
145.75
145.25
145.25
145.25
146.5
146.75
146.75
147.0
147.0
148.5
148.5
148.5
150.0
151.25
151.25
151.25
151.25
152.25
152.25
152.25
153.5
153.5
150.25
150.25
150.25
149.75
149.75
149.75
155.25
155.25
155.25
154.25
154.25
153.25
153.25
153.75
153.75
153.75
154.5
154.5
155.5
155.5
152.75
152.75
152.75
152.75
152.75
153.0
153.0
154.25
154.25
154.5
154.5
154.0
154.0
154.0
154.0
155.75
155.0
155.0
155.0
154.75
154.75
154.75
154.0
154.0
155.75
155.75
155.75
155.75
155.75
156.25
156.25
155.75
155.75
157.25
157.75
157.75
157.75
157.5
157.5
154.5
154.5
152.0
152.0
147.0
142.25
142.25
139.75
139.75
139.75
138.0
138.0
140.5
140.5
141.25
141.25
141.25
138.5
138.5
137.75
138.25
138.25
138.25
133.75
134.0
134.0
139.25
139.25
140.5
140.5
141.25
142.75
142.75
144.5
144.5
144.75
147.25
147.25
148.75
149.25
149.25
150.0
150.0
152.5
152.5
152.5
152.5
153.0
153.0
153.0
154.75
154.75
154.5
154.5
156.0
156.0
156.75
157.0
157.0
159.0
159.0
156.0
156.0
152.75
152.75
152.75
152.75
157.5
159.5
159.5
159.5
160.75
160.75
160.75
162.25
162.25
163.25
161.25
161.25
161.25
160.75
160.75
163.5
163.75
163.75
163.75
163.75
163.75
163.75
163.0
163.0
162.25
163.0
163.25
163.25
164.0
164.0
162.75
162.75
162.75
163.0
163.0
163.25
163.25
163.5
163.5
163.5
163.5
163.5
164.0
164.0
164.0
164.0
164.0
164.0
164.0
164.0
164.0
164.0
164.0
164.0
162.25
162.25
162.25
162.25
162.25
162.25
162.25
162.25
162.25
165.0
165.0
165.0
165.0
162.25
162.25
161.25
161.25
161.25
161.5
161.5
161.5
161.75
161.25
161.25
160.75
160.25
160.25
160.25
160.25
158.25
158.25
156.25
156.25
156.25
157.5
157.5
158.25
158.25
158.25
158.25
158.0
157.5
157.5
157.75
157.75
157.75
157.75
157.75
157.75
157.75
150.75
151.5
151.5
151.5
151.5
152.25
154.25
154.25
155.5
155.25
155.25
155.75
155.75
155.75
156.5
157.0
157.0
157.5
156.75
156.75
156.25
156.0
156.0
155.75
155.75
155.0
153.0
153.0
151.25
150.5
150.5
150.25
150.25
150.0
151.0
151.0
151.0
150.25
150.25
149.25
149.25
149.5
150.25
150.25
150.25
150.25
150.25
150.25
150.25
150.0
149.25
149.25
149.0
148.5
148.5
148.5
148.5
148.5
148.75
148.75
148.0
146.0
146.0
145.0
145.0
145.0
144.75
144.75
145.25
145.25
145.25
144.25
144.25
143.5
143.5
141.75
141.75
140.25
141.0
141.0
142.0
142.0
140.5
139.75
139.75
139.25
139.25
139.25
135.75
135.75
133.25
133.25
128.75
128.75
128.75
128.75
131.0
131.0
130.75
130.75
129.5
129.5
128.75
128.75
127.75
127.75
129.0
129.0
130.25
130.75
130.75
131.25
131.25
132.0
132.0
132.0
132.0
131.0
130.75
130.75
131.0
131.0
132.25
132.25
132.25
132.25
132.25
132.75
132.75
133.0
133.0
131.75
131.75
131.75
131.75
132.25
131.75
131.75
132.0
132.0
133.5
133.5
135.25
135.25
135.25
137.75
137.75
136.0
136.0
135.5
136.75
136.75
136.75
138.75
138.75
138.75
138.75
138.5
138.5
139.0
139.0
139.0
138.5
138.5
137.0
137.0
135.0
135.0
132.5
130.5
130.5
129.75
129.75
128.75
128.75
127.5
127.5
126.25
126.25
126.25
126.25
127.75
127.75
128.0
129.25
129.25
131.5
131.5
131.5
131.5
131.0
131.0
128.75
128.75
126.25
126.25
124.5
125.25
125.25
124.75
124.75
125.25
125.25
126.25
126.25
126.75
126.75
128.75
128.75
129.25
129.25
127.75
127.75
124.5
124.5
124.5
127.75
127.75
130.75
130.75
133.75
133.75
136.0
138.0
138.0
138.25
138.25
138.25
138.25
136.5
136.5
132.0
128.0
128.0
126.0
126.0
124.75
124.75
124.0
124.0
124.0
124.0
125.5
125.5
128.5
128.5
131.0
132.25
132.25
133.0
133.0
134.5
134.5
135.25
135.75
135.75
134.75
134.75
135.5
135.5
136.5
136.5
136.75
136.25
136.25
135.75
135.75
136.0
136.0
135.75
135.75
135.75
136.5
136.5
137.25
137.25
138.0
137.75
137.75
137.0
137.0
136.25
136.25
135.5
135.0
135.0
132.5
132.5
132.0
132.0
131.75
131.75
131.5
131.5
131.0
131.0
131.0
131.0
131.0
131.75
131.75
133.0
134.5
134.5
133.75
133.75
133.5
133.5
132.0
132.0
132.75
132.75
133.0
132.0
132.0
130.25
130.25
130.25
134.5
135.0
135.0
135.0
135.0
135.0
135.0
134.0
134.0
133.75
134.5
134.5
135.0
135.0
136.25
138.5
138.5
139.5
139.5
140.25
141.25
141.25
141.5
141.5
142.5
142.75
142.75
142.75
142.75
143.25
143.5
143.5
143.5
143.5
142.25
140.25
140.25
138.5
138.5
135.25
135.25
133.75
133.75
134.0
135.25
135.25
135.75
135.75
136.0
136.0
137.0
137.0
135.75
135.75
134.5
134.5
132.5
132.5
131.5
131.5
131.5
131.5
131.5
131.5
131.5
131.5
127.47222222222223
123.44444444444444
119.41666666666667
115.38888888888889
111.36111111111111
107.33333333333333
103.30555555555556
99.27777777777777
95.25
95.25
95.25
95.25
95.25
95.25
95.25
95.25
95.25
100.25
100.25
101.5
101.5
101.5
101.5
101.75
101.75
101.75
101.75
108.0
108.0
108.0
108.0
108.0
111.0
111.0
111.0
111.0
111.0
111.0
114.5
118.0
121.5
125.0
128.5
132.0
135.5
139.0
139.0
139.0
139.0
140.5
140.5
140.5
140.5
140.5
140.5
140.5
138.5
138.5
140.5
140.5
141.25
141.25
141.25
141.25
140.0
138.5
138.5
135.75
135.75
133.75
133.5
133.5
133.25
133.25
133.25
133.25
132.75
132.75
134.25
135.25
135.25
136.0
136.0
136.5
136.5
137.0
138.0
138.0
139.5
139.5
139.75
140.25
140.25
141.0
141.0
141.75
141.75
141.5
140.75
140.75
141.0
141.0
140.5
140.5
140.75
140.25
140.25
140.5
140.5
141.0
142.25
142.25
143.75
143.75
143.75
144.0
143.0
143.0
142.25
142.25
142.25
142.25
142.25
142.25
143.0
143.0
143.25
143.25
144.0
143.25
143.25
142.25
142.25
141.75
142.5
142.5
143.0
143.0
142.25
142.25
141.75
142.75
142.75
143.5
143.5
142.5
141.0
141.0
140.75
140.75
140.75
140.75
139.75
139.75
138.25
138.25
137.75
139.25
139.25
140.75
140.75
141.75
141.75
141.75
142.25
142.25
143.0
143.5
143.5
143.5
143.5
142.75
142.75
142.75
142.5
142.5
142.0
142.0
141.5
140.5
140.5
140.75
140.75
140.75
139.25
139.25
138.5
138.5
140.0
140.0
140.0
139.25
139.25
140.25
140.25
140.25
140.25
140.25
141.25
141.25
142.0
142.5
142.5
143.5
143.5
144.0
144.0
144.0
144.0
144.0
144.5
145.0
145.0
143.5
143.5
142.5
142.5
144.75
144.75
145.5
145.5
146.5
146.5
146.0
146.0
145.25
143.0
143.0
141.75
141.75
141.25
140.0
140.0
136.25
136.25
135.25
135.25
135.5
135.5
136.0
136.75
136.75
137.0
137.0
139.25
140.25
140.25
140.5
140.5
139.75
139.75
139.25
138.5
138.5
138.25
138.25
137.75
138.5
138.5
139.75
139.75
139.75
139.75
140.0
140.0
140.0
140.0
140.0
141.25
141.25
141.25
140.5
140.5
140.25
140.25
139.75
140.0
140.0
139.5
139.5
138.25
137.5
137.5
138.0
138.0
138.75
138.75
139.5
139.5
139.5
139.75
139.75
141.25
141.25
141.25
141.25
141.25
141.25
141.25
142.5
140.0
140.0
138.0
138.0
137.75
137.75
137.75
138.5
138.5
140.0
140.0
141.5
143.0
143.0
144.0
144.75
144.75
145.0
145.0
145.75
146.75
146.75
147.25
148.0
148.0
147.5
147.5
146.5
146.0
146.0
146.0
146.0
146.0
145.5
145.5
144.75
144.75
144.25
144.25
144.25
144.25
143.25
143.25
142.5
142.5
141.75
141.75
141.5
141.5
141.0
141.25
141.25
140.25
140.25
139.75
138.25
138.25
137.0
137.0
137.0
137.0
137.0
138.0
138.0
138.0
138.0
137.75
137.75
137.75
137.5
137.5
137.75
137.75
138.5
138.5
139.0
138.0
138.0
137.25
137.25
138.25
138.25
138.25
138.25
138.25
137.75
137.75
137.5
137.5
138.0
138.0
138.0
138.0
138.5
138.5
138.5
138.0
136.75
136.75
135.75
135.75
137.25
138.0
138.0
138.5
138.5
139.0
139.0
138.5
138.75
138.75
138.0
138.0
137.0
137.0
136.5
137.25
137.25
137.25
137.25
137.5
137.5
137.5
138.75
138.75
138.75
138.75
138.5
138.5
138.5
138.25
138.25
138.75
138.75
138.5
138.5
138.5
138.0
138.0
137.25
137.25
137.25
137.25
137.25
137.25
137.25
135.75
135.75
136.0
136.75
136.75
137.25
137.25
137.5
137.5
137.25
137.25
137.25
137.25
137.25
137.5
137.5
138.0
138.25
138.25
138.25
138.5
138.5
137.25
137.25
135.75
135.75
136.75
136.75
136.75
136.75
137.0
136.5
136.5
136.5
136.5
136.5
136.5
135.75
135.75
135.75
135.75
136.75
136.75
137.25
137.25
138.0
138.25
138.25
138.25
138.25
136.75
137.0
137.0
136.0
136.0
137.0
137.0
138.0
138.0
138.5
138.5
138.5
138.5
137.0
137.0
136.5
136.75
136.75
136.5
136.5
136.25
136.25
136.25
136.75
136.75
136.75
136.75
136.5
136.5
136.5
136.5
136.5
136.5
136.5
136.25
136.25
136.75
136.75
136.75
134.25
134.25
133.5
133.5
131.25
131.25
130.25
130.25
129.5
129.5
128.5
128.5
127.5
127.5
126.5
126.5
126.5
126.5
126.5
126.5
126.5
126.5
126.5
126.5
126.5
116.25
116.25
117.5
117.5
117.75
117.75
120.75
120.75
121.75
124.25
124.25
125.75
125.75
126.0
126.0
129.25
129.25
130.75
130.75
131.25
131.25
134.25
135.75
135.75
137.25
137.25
137.25
137.5
137.5
137.5
137.5
136.75
136.75
135.75
135.25
135.25
136.75
136.75
136.75
138.25
138.25
138.25
138.25
140.0
140.0
140.75
141.25
141.25
141.75
141.75
141.75
140.75
140.75
140.5
140.5
139.5
139.5
140.25
140.25
140.25
140.0
139.5
139.5
139.5
139.5
140.25
140.25
140.25
139.75
139.75
139.75
139.5
139.5
140.0
140.0
139.0
139.0
137.75
136.75
136.75
136.0
136.0
134.5
134.5
133.5
133.75
133.75
133.5
133.5
133.75
133.75
134.5
134.5
134.75
134.0
134.0
132.75
132.75
132.75
132.75
132.75
132.75
130.75
130.75
129.25
129.5
129.5
130.5
130.5
131.0
131.0
132.0
132.0
132.25
132.75
132.75
133.5
133.5
132.5
132.5
132.0
132.0
133.0
133.5
133.5
133.5
133.5
133.75
133.75
134.0
134.0
134.25
134.25
134.25
134.25
134.25
134.0
134.0
134.0
134.0
134.0
134.0
134.0
133.75
133.75
133.0
133.0
133.0
133.0
133.75
134.0
134.0
134.25
134.25
134.25
134.25
133.75
133.75
133.75
134.25
134.25
134.5
134.5
134.75
134.75
135.0
135.0
133.25
133.25
134.0
134.0
135.0
136.0
136.0
136.0
135.75
135.75
135.0
135.0
134.75
134.75
134.75
134.75
135.25
135.25
134.5
134.5
134.5
138.25
138.25
137.0
137.0
137.0
137.0
137.0
137.0
137.0
135.5
135.5
135.5
132.5
132.5
132.5
134.0
134.0
134.0
134.0
134.0
134.0
132.5
132.5
133.5
133.5
134.25
134.5
134.5
135.0
135.0
136.0
136.0
136.25
136.5
136.5
136.5
136.5
137.0
137.5
137.5
137.5
137.5
136.5
136.5
136.75
136.75
136.25
136.5
136.5
136.75
136.75
136.25
136.25
135.75
135.75
136.0
136.0
136.0
136.0
136.0
136.0
135.5
135.5
135.75
135.75
137.75
137.75
136.75
136.75
136.75
136.5
136.5
136.5
136.5
136.5
136.5
136.75
136.75
138.25
138.25
137.75
137.75
135.25
135.25
135.25
135.25
135.25
136.25
136.25
136.5
136.5
136.5
137.25
137.25
135.75
135.75
135.5
136.25
136.25
136.75
136.75
136.75
136.75
136.75
136.75
136.75
137.25
137.25
137.5
137.5
138.25
138.5
138.5
138.5
138.5
138.25
137.75
137.75
137.5
137.5
137.0
137.0
137.0
137.0
135.5
134.5
134.5
134.5
134.5
135.25
135.25
135.25
135.5
135.5
134.25
134.25
134.25
134.25
135.0
135.0
135.75
136.75
136.75
137.0
137.0
137.0
137.0
136.25
136.25
136.25
136.25
136.25
136.5
136.5
136.5
135.75
135.75
135.5
135.5
135.5
135.5
135.5
134.75
134.75
135.5
135.5
136.0
136.0
135.5
135.5
135.5
136.0
136.0
136.5
136.5
136.75
136.75
136.75
136.75
136.75
136.25
136.25
136.0
136.0
136.0
136.0
136.0
136.75
136.75
136.0
136.0
135.5
134.25
134.25
135.0
135.0
136.5
136.5
137.0
136.0
136.0
135.75
135.75
135.75
136.0
136.0
136.0
136.0
136.0
136.0
135.5
135.5
135.5
135.5
136.0
136.0
136.25
136.75
136.75
137.75
137.75
137.25
137.25
137.25
136.5
136.5
136.5
136.5
136.5
136.5
136.5
136.5
136.5
136.5
137.75
139.0
140.25
142.0
142.0
143.25
143.25
144.75
145.75
145.75
146.5
146.5
147.25
147.75
147.75
149.0
149.0
149.0
150.25
150.25
150.75
151.0
151.0
150.75
150.75
150.75
149.25
149.25
147.0
147.0
144.25
143.0
143.0
142.75
142.75
142.25
142.25
142.25
142.25
142.25
142.5
142.5
142.5
143.0
143.0
142.5
141.75
141.75
141.0
141.0
140.5
138.5
138.5
138.0
138.0
138.5
138.5
138.5
138.75
138.75
138.75
138.75
139.25
139.25
139.75
139.75
139.75
139.25
139.25
140.0
140.0
140.0
139.5
139.5
139.0
139.0
139.0
138.0
138.0
137.25
137.25
137.0
137.0
137.0
138.25
138.25
139.25
139.25
139.5
139.5
140.0
140.0
140.0
140.5
140.5
140.0
140.0
140.0
140.0
140.75
140.75
139.75
140.25
140.25
140.25
140.25
140.25
139.75
140.5
140.5
140.5
140.5
140.5
141.0
141.0
141.0
141.0
141.0
139.25
139.25
139.5
140.0
140.0
140.0
140.0
140.0
140.0
140.0
140.25
140.25
140.25
140.5
140.5
140.5
140.5
141.25
141.25
140.75
140.75
140.5
140.5
140.5
141.25
141.25
141.25
141.25
140.25
140.0
140.0
140.25
140.25
140.75
140.75
141.0
141.0
141.0
141.0
141.0
141.0
141.25
141.25
141.25
141.5
141.5
141.75
141.75
141.75
141.75
141.75
142.25
142.25
142.25
142.25
142.25
143.0
143.0
143.25
143.25
142.25
142.25
142.0
142.25
142.25
141.0
141.0
141.25
142.0
142.0
142.0
142.0
142.0
142.75
142.75
142.75
142.75
142.75
142.0
142.0
141.25
141.25
141.25
141.25
141.25
141.0
141.0
140.5
140.5
140.25
140.25
140.25
140.5
140.5
140.75
140.5
140.5
140.5
140.5
140.0
140.0
140.5
140.75
140.75
140.0
140.0
139.5
139.25
139.25
138.5
138.5
137.75
137.75
137.0
136.25
136.25
136.5
136.5
137.0
137.0
137.0
137.0
137.0
136.5
136.5
136.0
136.0
136.75
138.0
138.0
138.75
138.75
138.75
137.0
137.0
137.25
137.25
137.5
137.5
137.5
137.5
137.5
137.5
138.25
138.25
138.25
138.25
138.25
137.5
137.5
137.5
137.75
137.75
137.75
137.75
137.25
137.0
137.0
137.25
137.25
137.25
137.25
137.25
137.25
136.75
137.25
137.25
138.0
138.0
137.75
137.5
137.5
137.5
137.5
138.25
138.5
138.5
138.5
138.5
138.25
138.25
138.25
139.0
139.0
139.75
139.75
140.0
140.0
140.0
140.25
140.25
140.5
140.5
139.75
139.75
139.75
139.75
139.75
139.75
139.25
139.25
138.75
138.75
138.5
138.5
138.5
138.5
138.5
138.5
138.5
138.5
138.5
138.5
138.0
138.0
138.25
138.25
137.75
137.75
137.25
136.0
136.0
135.75
135.75
136.0
136.0
136.75
137.25
137.25
137.5
137.5
138.0
138.0
137.75
137.0
137.0
136.5
136.5
136.5
138.25
138.25
140.0
140.0
139.5
139.5
139.5
137.5
137.5
137.5
136.75
136.75
137.0
137.0
137.5
137.75
137.75
136.5
136.5
136.25
136.25
137.5
138.5
138.5
139.0
139.0
139.25
139.25
139.75
138.0
138.0
137.25
137.25
138.0
138.0
138.5
138.75
138.75
139.0
139.0
139.25
138.75
138.75
138.25
138.25
138.25
138.25
138.25
137.5
137.5
137.25
137.25
137.25
137.25
137.25
135.25
135.25
135.25
135.25
135.75
135.75
137.0
137.75
137.75
137.5
137.5
137.5
137.5
138.5
138.5
138.5
138.5
138.5
138.5
138.5
138.5
139.25
139.25
139.25
138.5
139.5
139.5
142.25
142.25
142.25
142.25
143.0
145.5
145.5
146.0
146.0
146.0
146.5
146.5
145.75
145.75
145.75
146.5
146.5
147.5
148.0
148.0
148.0
149.75
149.75
149.75
149.75
149.75
150.5
150.5
151.0
151.75
151.75
152.0
152.0
152.5
151.75
151.75
151.75
151.0
151.0
150.75
150.75
150.5
150.25
150.25
148.25
146.5
146.5
145.25
145.25
144.5
143.5
143.5
143.5
140.25
140.25
139.25
139.25
136.5
136.5
134.75
134.25
134.25
134.25
134.25
134.0
134.0
133.0
133.0
133.25
133.75
133.75
134.25
134.25
133.5
133.5
134.0
136.0
136.0
134.5
134.5
133.25
133.25
131.75
131.75
131.75
133.75
133.75
133.75
133.75
133.75
133.75
133.25
133.5
133.5
134.75
134.75
135.75
135.75
135.75
135.75
137.5
138.5
138.5
137.5
137.5
137.75
138.5
138.5
139.0
139.0
139.0
139.0
139.0
139.0
139.75
139.75
139.25
139.25
138.25
138.5
138.5
139.5
139.5
140.0
140.75
140.75
142.25
142.25
143.25
143.5
143.5
143.0
143.0
141.5
140.75
140.75
142.0
142.0
142.75
142.25
142.25
142.75
142.75
143.0
142.0
142.0
142.0
142.0
142.25
143.0
143.0
142.5
142.5
142.0
141.75
141.75
141.75
141.75
142.0
142.0
142.5
142.0
142.0
141.75
141.75
142.0
142.0
142.0
141.5
141.5
140.5
140.5
139.0
139.0
137.25
136.0
136.0
135.75
135.75
134.75
134.75
133.75
133.75
135.5
135.5
136.0
136.0
135.75
136.0
136.0
136.25
136.25
136.75
136.75
137.25
137.25
137.5
136.5
136.5
136.5
136.5
137.25
137.25
135.5
135.5
136.0
136.0
136.0
136.0
136.0
134.75
133.75
133.75
134.75
134.75
134.75
135.75
135.75
135.75
136.75
136.75
136.75
136.75
136.75
136.25
136.25
136.25
136.25
136.25
136.25
136.25
136.25
136.25
136.25
136.25
137.75
137.75
139.25
139.25
139.25
139.25
139.25
139.25
139.75
140.0
140.0
140.0
139.5
139.5
139.5
137.75
135.0
135.0
140.5
140.5
143.25
143.25
143.25
144.75
144.75
141.0
141.0
137.75
137.75
135.5
135.5
134.5
134.5
134.25
134.25
134.25
134.25
134.25
136.75
136.75
136.75
136.75
136.75
136.5
136.5
136.5
137.5
137.5
137.5
137.5
137.5
137.5
137.5
137.5
137.5
137.5
137.5
137.5
137.5
137.33653846153845
137.17307692307693
137.0096153846154
136.84615384615384
136.68269230769232
136.51923076923077
136.35576923076923
136.19230769230768
136.02884615384616
135.8653846153846
135.70192307692307
135.53846153846155
135.375
135.21153846153845
135.04807692307693
134.8846153846154
134.72115384615384
134.55769230769232
134.39423076923077
134.23076923076923
134.06730769230768
133.90384615384616
133.7403846153846
133.57692307692307
133.41346153846155
133.25
133.25
133.25
133.25
130.75
130.75
130.75
130.75
131.5
131.5
132.25
132.25
133.25
132.75
132.75
132.0
132.0
133.25
133.25
135.0
135.75
135.75
136.0
136.0
136.0
134.5
134.5
134.5
134.5
134.0
134.0
130.5
130.5
129.25
132.5
132.5
132.0
132.0
132.0
132.0
133.25
133.75
133.75
133.75
133.0
133.0
133.0
133.0
133.0
133.0
129.0
129.0
128.0
128.0
129.5
129.5
129.5
128.5
129.0
129.0
131.0
131.0
133.5
133.5
134.75
134.75
132.5
132.5
132.5
132.0
132.0
136.75
136.75
136.75
134.25
134.25
134.25
134.5
134.5
134.5
134.5
134.5
133.0
133.0
130.75
131.75
131.75
132.5
132.5
132.75
132.75
132.75
132.75
132.75
133.0
133.0
132.75
132.75
133.75
133.75
134.5
134.75
134.75
134.25
134.25
133.0
133.0
133.0
133.0
135.0
135.0
135.0
136.25
136.5
136.5
136.0
136.0
135.25
135.25
135.25
135.25
135.25
135.25
135.25
135.25
133.75
133.75
132.0
131.25
131.25
131.0
131.0
132.75
132.75
134.0
134.25
134.25
134.5
134.5
133.25
133.25
133.25
133.0
133.0
133.0
133.0
133.0
133.0
134.0
134.75
134.75
135.25
135.25
136.75
136.75
136.0
136.0
135.75
135.75
137.25
135.75
135.75
136.0
136.0
137.25
137.25
134.0
134.0
134.0
134.0
132.25
132.5
132.5
133.25
133.25
132.75
132.75
133.5
133.75
133.75
132.5
132.5
131.75
131.75
131.75
131.75
133.75
134.75
134.75
135.5
135.5
135.75
135.75
136.5
137.0
137.0
138.0
138.0
138.0
139.75
139.75
139.25
138.5
138.5
138.5
138.25
138.25
138.25
137.0
137.25
137.25
137.0
137.0
137.25
137.25
137.0
137.0
135.75
135.0
135.0
135.25
135.25
135.0
135.0
134.0
134.5
134.5
135.5
135.5
136.25
136.25
136.75
137.25
137.25
137.25
138.25
138.5
138.5
137.5
137.5
136.75
136.75
137.5
138.5
138.5
137.5
137.5
136.0
136.0
135.5
136.0
136.0
136.0
136.0
135.5
134.75
134.75
134.75
134.5
134.5
134.5
129.5
130.0
130.0
130.0
130.0
130.0
132.0
132.0
130.5
130.5
130.75
130.75
132.5
132.5
132.5
131.0
133.25
133.25
134.75
134.75
134.75
138.5
138.5
137.0
137.0
136.5
136.5
136.25
136.25
137.0
137.0
137.25
137.25
137.25
137.25
137.25
136.75
136.75
137.0
137.0
137.0
138.0
138.0
138.0
138.0
135.75
135.75
135.25
135.25
135.25
135.25
135.25
138.75
138.75
138.75
138.75
140.5
140.5
140.75
140.75
139.75
139.0
139.0
139.75
139.75
138.5
138.5
139.0
140.25
140.25
140.25
141.25
141.25
141.5
141.5
141.5
141.5
141.5
141.5
141.5
141.5
141.0
141.0
141.0
141.5
141.5
143.0
143.0
143.0
143.25
142.0
142.0
142.0
142.0
142.0
142.0
142.0
142.0
142.0
142.0
140.0
140.0
138.75
138.75
138.75
138.75
138.5
138.5
138.5
136.25
136.25
136.5
136.5
136.75
136.75
136.75
137.0
137.0
137.0
139.0
139.0
137.75
137.75
137.75
138.75
139.0
139.0
139.0
139.0
147.0
151.5
151.5
153.75
153.75
154.25
154.25
154.25
154.5
154.5
154.5
147.75
141.0
134.25
134.25
134.25
134.25
134.25
134.25
134.25
134.25
134.25
134.25
134.25
