144.75
145.0
144.25
144.25
144.75
144.75
145.0
146.0
146.0
147.0
146.25
146.25
146.25
145.0
145.0
145.0
145.75
145.75
146.75
146.75
144.5
144.25
144.25
145.0
145.5
145.5
144.75
144.75
142.5
142.5
143.25
143.5
143.5
142.25
142.25
141.5
140.75
140.75
142.0
142.0
140.75
140.75
138.5
137.5
137.5
136.75
136.75
136.0
136.0
136.0
135.75
135.75
135.0
135.0
135.75
135.75
135.25
135.25
132.0
132.0
129.5
129.5
129.5
130.5
130.5
130.0
130.0
129.75
129.75
131.25
130.25
130.25
129.5
129.5
127.25
127.25
128.5
128.5
128.5
128.5
129.75
129.75
132.5
132.5
132.25
131.5
131.5
130.25
130.25
131.5
131.5
132.75
132.25
132.25
132.25
132.25
128.25
128.25
127.25
127.25
124.0
124.0
124.0
122.0
119.5
119.5
117.75
117.75
117.5
117.5
124.75
124.75
127.5
127.5
129.25
129.25
129.5
130.25
130.25
131.5
131.5
130.75
130.75
131.0
131.0
130.25
130.25
128.5
126.0
126.0
126.25
126.25
128.5
128.5
128.0
128.0
128.5
128.5
127.75
127.75
126.25
126.25
126.5
126.5
121.75
121.75
120.25
120.25
118.0
118.0
118.75
118.75
117.75
117.75
118.0
118.0
116.25
116.25
116.5
116.5
118.5
118.5
120.25
120.25
120.25
120.25
121.5
121.5
121.0
121.0
121.75
121.75
121.75
121.75
121.75
121.75
121.0
121.0
119.75
119.75
120.25
120.25
119.5
119.5
120.0
120.0
122.75
122.75
123.5
123.5
124.5
124.5
123.0
123.0
122.25
123.0
123.0
122.75
122.75
122.25
122.25
124.0
124.0
123.75
123.75
123.75
123.75
122.5
122.5
121.25
121.25
121.0
121.0
119.5
119.5
121.25
121.25
122.25
122.25
124.0
124.0
124.0
124.0
125.0
125.0
125.75
125.75
125.75
125.75
126.25
126.25
126.25
126.5
126.5
126.5
126.5
126.25
126.25
126.25
126.25
126.25
131.375
136.5
141.625
146.75
151.875
157.0
155.25
155.25
155.5
155.5
155.25
155.25
155.25
155.25
155.25
155.5
155.5
155.5
155.5
152.375
149.25
146.125
143.0
139.875
136.75
136.75
133.5
133.5
135.25
135.25
134.75
134.75
134.5
133.0
133.0
132.75
132.75
131.0
131.0
127.75
127.75
119.75
119.75
120.25
120.25
121.5
121.5
121.0
121.0
121.75
121.75
124.75
124.75
129.0
131.25
131.25
132.25
132.25
133.0
133.0
133.75
133.75
133.25
134.25
134.25
134.25
134.25
135.0
135.0
135.75
137.25
137.25
137.5
137.5
137.5
137.75
137.75
136.5
136.5
137.75
137.75
139.25
138.75
138.75
138.5
138.5
139.0
139.0
139.0
138.75
138.75
139.5
139.5
138.5
138.75
138.75
137.75
137.75
137.5
137.5
137.5
137.5
137.25
137.25
137.25
137.5
137.5
136.75
136.75
136.75
136.25
136.25
136.5
136.5
136.75
136.75
137.25
137.25
137.25
137.0
137.0
137.5
137.0
137.0
137.5
137.5
138.0
138.0
138.5
138.5
138.0
137.5
137.5
138.25
138.25
138.5
138.5
137.75
137.5
137.5
137.25
137.25
136.75
136.75
136.25
136.75
136.75
135.25
135.25
135.75
135.75
135.75
136.25
136.25
136.0
136.0
136.75
136.75
136.5
137.25
137.25
137.25
137.25
137.0
137.0
136.75
136.75
136.75
137.25
137.25
136.25
136.25
135.5
135.75
135.75
136.25
136.25
136.0
136.25
136.25
136.5
136.5
136.25
136.25
137.5
136.75
136.75
136.75
136.75
137.0
137.0
136.75
136.75
136.75
135.75
135.75
135.75
133.75
134.0
134.0
134.25
134.25
134.0
134.0
134.0
133.5
133.5
134.25
134.25
134.25
134.0
134.0
134.75
134.75
135.0
135.0
135.0
135.0
135.0
134.5
134.5
134.75
134.75
134.75
134.75
134.25
134.25
134.25
134.25
134.25
133.5
133.5
133.5
133.5
133.5
133.5
134.0
134.0
132.75
133.75
133.75
134.0
134.0
133.5
133.5
134.0
134.0
134.5
134.75
134.75
135.0
135.0
135.25
135.25
135.5
134.75
134.75
135.0
135.0
135.0
135.0
135.0
135.0
133.5
133.25
133.25
132.75
132.75
133.5
133.5
133.25
133.25
133.75
133.5
133.5
133.5
133.5
134.25
134.25
133.5
133.5
133.5
133.0
133.0
133.25
133.25
133.25
133.25
133.5
133.75
133.75
134.0
134.0
134.0
134.0
135.0
135.0
135.5
136.75
136.75
136.75
136.75
136.75
136.75
136.5
135.0
135.0
136.5
136.5
135.75
135.75
135.75
135.75
135.75
135.75
135.75
135.0
135.0
135.0
135.0
135.0
133.75
133.75
134.0
134.0
133.5
133.5
130.75
130.75
131.75
131.75
131.5
131.75
131.75
133.0
133.0
132.0
132.0
132.0
132.0
132.0
132.75
132.75
132.75
132.75
131.5
133.5
133.5
132.5
132.5
132.25
133.0
133.0
133.75
133.75
132.75
132.75
132.25
132.25
133.25
133.25
131.5
131.5
128.0
127.5
127.5
130.25
130.25
130.5
130.5
131.5
131.5
131.0
131.0
131.5
131.5
130.75
131.0
131.0
131.5
131.5
131.0
131.0
131.5
131.5
130.75
130.75
130.25
129.0
129.0
129.5
129.5
129.75
129.75
131.5
131.5
130.5
130.5
131.0
130.5
130.5
131.5
131.5
130.75
130.75
128.5
128.5
129.0
129.0
127.75
127.75
128.0
128.0
126.5
128.5
128.5
125.25
125.25
125.75
125.75
124.75
124.75
122.75
122.75
121.25
121.25
124.5
124.5
123.25
123.25
123.25
123.25
123.0
123.0
126.75
126.75
124.5
124.5
126.5
125.75
125.75
125.5
125.5
125.0
125.0
126.75
126.75
128.75
128.75
128.5
128.5
129.0
129.0
129.5
127.75
127.75
128.0
128.0
124.5
124.5
124.5
124.5
125.5
125.5
125.75
125.75
126.75
126.75
126.0
126.0
125.25
125.25
128.25
126.75
126.75
128.25
128.25
128.0
128.0
129.75
129.75
129.5
129.5
127.25
127.25
127.25
127.25
127.25
127.0
127.0
127.25
127.25
127.25
127.25
126.75
126.75
127.25
127.25
125.75
125.75
126.75
126.75
127.5
127.5
127.0
127.0
127.75
129.0
129.0
127.0
127.0
124.75
124.75
126.75
126.75
126.25
126.25
128.0
127.5
127.5
127.5
126.5
126.5
127.25
127.25
128.0
128.0
128.5
128.5
129.5
130.0
130.0
130.75
130.75
131.75
131.75
130.0
130.0
129.5
129.5
131.5
131.25
131.25
127.75
127.75
127.75
127.75
129.0
129.0
127.5
127.5
123.5
123.5
125.25
125.25
122.75
122.75
123.75
125.25
125.25
125.25
125.25
125.25
125.25
125.25
125.5
125.5
125.25
125.25
127.0
127.0
127.25
127.75
127.75
127.75
127.75
127.25
127.75
127.75
128.5
128.5
129.25
129.25
129.75
129.75
130.5
130.75
130.75
130.75
130.75
132.0
131.5
131.5
130.75
130.75
131.25
131.25
130.25
130.25
129.25
129.25
129.0
129.0
129.0
129.25
129.25
129.0
129.0
128.5
128.5
128.75
128.75
128.75
128.75
128.25
128.25
129.0
129.0
128.0
128.0
128.5
126.25
126.25
128.5
128.5
128.5
128.5
128.5
128.5
128.5
128.5
127.5
127.5
130.0
130.0
131.5
131.5
129.5
130.75
130.75
131.0
131.0
130.75
130.75
130.25
131.0
131.0
129.5
129.5
131.5
131.5
130.75
130.75
130.75
130.75
130.75
130.75
130.75
130.75
130.75
125.0
125.0
126.75
126.75
125.5
125.5
126.5
126.5
127.75
127.75
128.0
128.5
128.5
129.0
129.0
128.75
128.75
128.5
128.5
130.25
129.0
129.0
132.0
132.0
132.75
132.75
133.0
133.0
133.5
133.5
133.5
133.5
133.5
134.25
134.25
134.25
134.25
132.75
132.75
133.0
133.5
133.5
134.25
134.25
135.5
135.5
137.0
136.75
136.75
136.5
136.5
135.0
135.0
135.25
134.0
134.0
135.0
135.0
134.25
135.25
135.25
135.25
135.0
135.0
135.0
135.0
135.0
135.0
135.0
134.75
134.75
134.25
131.75
131.75
133.0
133.0
133.25
133.25
129.25
129.25
126.75
126.75
122.25
124.5
124.5
124.5
127.5
127.5
127.5
127.5
129.0
127.75
127.75
130.25
130.25
129.0
129.0
127.5
127.5
126.25
128.25
128.25
125.0
125.0
127.25
127.25
126.75
126.75
128.5
128.5
127.75
127.75
129.5
129.5
130.0
130.0
131.75
131.75
131.75
134.0
134.0
132.75
132.75
133.5
133.5
132.0
133.5
133.5
132.0
132.0
130.0
130.0
129.0
129.0
127.25
127.25
129.5
129.25
129.25
130.75
130.75
130.25
130.25
130.0
130.0
128.0
128.0
129.0
129.0
126.0
126.0
125.25
125.25
127.0
127.0
127.0
129.5
129.5
129.5
129.5
130.75
130.75
131.5
133.5
133.5
133.0
133.0
134.75
134.75
137.5
137.5
137.5
137.25
137.25
138.25
138.25
136.5
135.25
135.25
135.25
135.25
130.0
130.0
129.75
129.75
132.75
132.75
125.25
114.25
114.25
114.25
114.25
127.5
127.5
128.5
128.5
128.75
128.75
130.25
130.25
129.5
129.25
129.25
128.75
128.75
128.75
128.75
128.0
128.0
127.75
127.75
127.75
127.75
127.75
124.5
124.5
127.25
127.25
127.25
127.25
129.0
129.0
125.25
125.25
124.5
124.5
122.25
122.25
120.75
120.75
120.75
122.5
122.5
122.5
122.5
122.5
122.25
122.25
122.5
122.5
122.75
122.75
120.75
120.75
120.75
120.75
120.75
121.0
121.0
121.0
121.0
121.75
121.75
121.75
124.0
123.75
123.75
124.0
123.75
123.75
123.75
124.0
124.0
123.75
123.75
123.75
123.125
122.5
121.875
121.25
120.625
120.0
120.0
120.75
120.75
122.75
122.75
122.25
122.25
122.25
122.25
122.25
122.25
122.25
122.25
122.25
122.25
122.25
122.25
122.25
122.25
123.08333333333333
123.91666666666667
124.75
125.58333333333333
126.41666666666667
127.25
127.25
128.0
129.25
129.25
129.25
129.25
129.5
129.75
129.75
130.75
130.75
130.75
131.5
131.5
129.5
130.0
130.0
130.0
130.75
130.75
130.25
130.25
128.25
128.25
128.0
128.0
128.0
128.0
128.5
128.5
128.75
128.75
128.75
128.75
128.75
128.75
128.75
129.0
129.0
129.0
128.75
128.75
128.75
128.5
128.5
128.5
128.5
128.0
128.0
128.0
128.5
128.5
128.5
127.25
127.25
127.25
127.25
127.25
127.25
127.5
127.5
127.5
127.5
127.25
127.25
128.15
129.05
129.95
130.85
131.75
132.65
133.55
134.45
135.35
136.25
137.15
138.05
138.95
139.85
140.75
141.65
142.55
143.45
144.35
145.25
145.25
145.25
145.0
145.0
146.25
146.25
147.25
147.25
146.5
145.5
145.5
145.25
145.25
145.0
145.0
145.75
145.75
145.75
145.75
145.75
145.75
146.0
146.0
146.0
142.0
142.0
141.5
141.5
140.25
140.5
140.5
139.75
139.75
139.75
139.5
139.5
139.5
139.5
139.5
139.5
139.5
139.5
139.25
139.5
139.5
137.75
137.75
138.0
138.0
137.75
137.75
137.75
137.5
137.5
136.25
136.25
135.0
121.5
121.5
124.0
124.0
125.5
125.5
125.5
125.5
125.5
125.5
125.5
125.5
125.5
125.5
134.5
135.0
135.0
135.25
135.25
137.25
137.25
136.75
137.75
137.75
138.25
138.25
138.5
138.5
139.5
139.5
139.5
139.5
139.5
139.5
139.5
139.25
139.25
135.0
135.0
131.0
133.5
133.5
129.75
129.75
129.75
129.75
127.75
127.75
129.5
129.5
128.5
128.5
121.0
121.0
121.0
121.0
121.0
121.0
121.0
121.0
121.0
121.0
121.0
120.25
120.25
116.0
116.0
116.0
116.0
115.75
115.75
115.75
114.75
114.75
114.0
114.0
116.0
116.0
116.0
116.0
116.0
116.0
116.0
115.75
115.75
115.75
115.75
122.25
122.25
123.0
125.25
125.25
123.75
123.75
121.0
121.0
121.5
121.5
120.75
120.75
120.75
120.75
120.75
120.75
121.0
121.0
121.0
121.0
121.0
121.0
120.75
120.5
120.25
120.0
119.75
119.5
119.25
119.25
119.75
119.75
120.75
120.75
121.25
121.25
121.25
121.25
121.25
121.25
121.25
121.25
121.5
121.25
121.25
121.75
121.75
121.75
121.75
121.75
121.75
121.75
119.25
119.25
118.75
118.75
117.5
117.5
117.5
115.25
115.25
115.25
115.25
115.25
115.25
115.5
115.5
115.5
115.5
115.25
115.66666666666667
116.08333333333333
116.5
116.91666666666667
117.33333333333333
117.75
117.75
118.75
118.75
117.75
117.75
119.5
119.5
119.5
119.0
119.0
119.0
124.0
124.0
125.25
125.25
126.75
126.75
126.75
129.0
129.0
128.75
127.0
127.0
122.25
122.25
121.5
121.5
121.0
121.5
121.5
121.5
121.5
118.5
118.5
118.75
118.75
119.5
119.5
122.25
122.25
126.25
126.25
125.5
126.0
126.0
125.5
125.5
125.75
125.75
127.25
127.5
127.5
127.5
127.5
127.5
127.5
127.5
127.5
127.5
127.5
128.5
128.5
128.0
128.0
127.75
127.75
128.0
128.0
127.75
127.75
128.5
128.5
129.0
129.0
126.25
126.25
123.0
123.0
123.0
118.75
118.75
120.0
120.0
121.0
121.0
121.75
121.75
121.75
125.5
125.75
125.75
127.25
127.25
127.25
127.25
127.25
127.25
127.25
127.25
129.0
129.0
127.0
127.0
128.5
128.5
128.5
128.0
128.0
130.0
130.0
127.0
127.0
128.5
128.5
128.5
128.5
128.5
128.5
129.5
129.5
128.0
128.0
127.75
129.0
129.0
127.5
127.5
128.25
128.25
128.0
127.5
127.5
127.75
127.75
127.25
127.25
128.0
128.0
126.0
126.0
125.75
125.75
127.5
127.25
127.25
127.5
127.5
127.25
127.25
128.5
128.5
128.0
128.0
126.75
126.75
126.5
126.75
126.75
126.75
122.75
122.0
122.0
119.0
119.0
119.0
120.75
120.75
121.75
121.75
121.25
121.25
122.75
122.75
123.0
123.0
123.0
123.25
123.25
123.25
123.25
124.5
124.5
124.0
124.0
123.5
123.5
124.25
124.5
124.5
124.25
124.25
124.5
124.5
124.5
125.35
126.2
127.05
127.9
128.75
128.0
128.0
128.0
128.0
128.5
128.5
130.25
130.25
128.25
129.0
129.0
128.75
128.75
121.0
121.0
121.0
124.0
124.0
124.0
124.25
124.25
126.0
126.0
127.25
127.25
127.25
127.25
129.0
129.0
129.0
129.5
129.5
131.0
131.0
132.25
132.25
132.0
132.0
132.25
132.25
132.75
133.25
133.25
134.0
134.0
132.25
132.25
129.25
129.25
128.75
128.75
128.0
127.0
127.0
127.0
127.0
128.0
128.0
128.25
128.25
129.25
130.25
130.25
130.5
130.5
130.25
130.25
131.25
131.25
130.75
130.75
130.75
130.75
129.25
129.25
127.75
127.75
128.25
128.25
129.0
129.0
129.5
130.25
130.25
130.75
130.75
130.75
131.0
131.0
131.5
131.75
131.75
132.5
132.5
132.0
132.0
133.0
133.0
132.0
132.0
131.75
131.75
132.25
132.25
131.75
131.75
131.5
133.0
133.0
134.5
134.5
134.5
134.5
134.75
134.75
134.75
134.25
134.25
134.0
134.0
133.5
133.75
133.75
132.25
132.25
133.25
133.25
134.75
134.75
133.25
133.5
133.5
133.5
133.5
134.75
134.75
134.75
134.75
135.75
135.25
135.25
136.75
136.75
137.25
137.25
136.25
136.25
134.25
131.75
131.75
132.0
132.0
131.5
131.5
131.75
131.75
131.0
130.75
130.75
131.25
131.25
133.25
133.25
134.5
134.5
135.75
135.75
136.0
136.0
136.0
136.75
136.75
136.5
136.5
135.5
136.25
136.25
135.75
135.75
134.0
134.0
131.0
131.0
131.25
131.25
129.5
125.5
125.5
126.5
126.5
128.0
128.0
129.75
129.75
131.25
131.25
131.0
130.75
130.75
132.0
132.0
134.0
134.0
134.5
134.5
135.0
134.75
134.75
134.75
135.25
134.0
134.0
133.25
133.25
133.25
129.5
129.5
130.25
130.25
125.25
125.25
122.75
122.75
123.5
123.5
124.5
124.5
124.75
124.75
127.5
129.0
129.0
130.25
130.25
131.0
131.0
132.0
132.0
133.5
133.5
134.5
134.5
133.25
133.25
133.0
133.0
131.75
130.25
130.25
129.0
129.0
126.75
126.75
124.0
124.0
125.75
125.75
129.75
129.75
129.25
129.25
127.25
127.25
125.25
125.25
125.25
124.5
124.5
125.75
125.75
125.75
127.5
127.5
126.75
126.75
126.75
126.25
127.75
127.75
128.25
128.25
128.0
128.0
130.25
130.25
132.0
134.25
134.25
135.0
135.0
133.5
133.5
135.5
136.75
136.75
136.0
136.0
136.5
136.75
136.75
136.5
136.5
136.5
136.5
136.5
136.25
136.75
136.75
139.0
139.0
139.5
139.5
141.5
141.5
145.5
145.5
143.0
141.25
141.25
139.5
139.5
139.0
139.0
138.0
137.5
137.5
137.5
137.5
137.5
137.5
137.5
137.5
137.5
137.5
137.5
135.25
135.25
133.25
133.25
134.0
134.0
134.25
134.75
134.75
134.25
134.25
135.0
135.0
135.5
135.5
138.0
138.25
138.25
138.25
138.25
138.75
139.5
139.5
139.75
139.75
140.5
139.5
139.5
138.5
138.5
141.0
141.0
141.25
141.25
141.25
141.25
141.75
140.0
140.0
140.0
140.25
140.25
140.75
140.75
142.0
142.25
142.25
142.25
142.25
142.0
141.25
141.25
142.5
142.5
140.5
140.5
140.0
140.0
140.75
140.5
140.5
141.5
140.75
140.75
140.75
140.75
142.75
144.5
144.5
141.5
141.5
143.25
143.0
143.0
141.0
141.0
142.0
142.0
136.75
134.75
134.75
133.25
133.25
136.0
136.0
136.5
138.25
138.25
137.75
137.75
139.0
139.0
136.0
136.0
137.75
139.0
139.0
139.5
140.75
140.75
140.75
140.75
141.0
141.0
141.25
141.75
141.75
142.0
142.0
143.25
143.75
143.75
143.0
143.0
142.75
143.25
143.25
143.5
143.5
142.75
142.75
140.25
138.5
138.5
140.5
140.5
138.5
138.5
141.75
142.25
142.25
141.0
140.25
140.25
137.5
137.5
139.0
139.0
137.75
137.75
139.5
139.75
139.75
139.25
139.25
138.5
138.25
138.25
138.25
138.25
138.25
139.5
139.5
139.5
139.5
139.5
139.5
138.0
138.0
138.75
139.25
139.25
139.75
139.75
138.5
138.5
139.25
137.75
137.75
139.5
139.5
139.75
139.5
139.5
139.25
139.25
138.25
138.25
136.5
136.5
135.0
135.0
135.0
134.0
134.0
133.5
133.5
131.75
134.5
134.5
136.5
136.5
137.0
137.0
137.25
137.5
137.5
138.0
138.0
137.0
137.0
133.5
133.5
135.0
135.0
135.25
135.25
135.75
136.0
136.0
136.25
136.25
136.75
136.75
136.75
137.25
137.25
137.5
137.5
138.25
138.25
138.25
138.5
138.5
139.25
139.25
139.5
139.25
139.25
138.75
138.75
138.5
138.5
138.5
138.5
138.5
138.0
138.0
138.5
138.5
138.0
138.5
138.5
139.0
139.0
139.75
139.5
139.5
139.75
139.75
140.75
140.75
140.75
140.75
140.75
140.5
140.5
141.0
140.5
140.5
140.75
140.75
140.75
140.75
140.75
141.0
141.0
141.0
141.0
141.0
140.75
140.75
140.0
140.0
140.75
140.25
140.25
140.25
140.25
140.0
140.0
139.75
139.5
139.5
139.0
139.0
137.75
137.75
135.5
135.5
135.5
135.5
135.5
135.25
135.25
136.0
136.0
135.75
136.0
136.0
138.0
138.0
138.75
139.25
139.25
140.0
140.0
140.75
138.75
138.75
139.5
139.5
139.25
139.25
138.75
137.75
137.75
137.75
136.25
136.25
136.25
136.25
136.25
136.25
136.5
136.5
136.5
136.5
129.5
129.5
130.0
131.0
131.0
130.75
130.75
131.5
131.5
132.0
132.0
130.5
130.5
131.75
130.5
130.5
131.5
131.5
131.0
131.0
129.0
129.0
130.25
130.25
131.25
129.5
129.5
131.5
131.5
131.5
131.5
129.75
129.75
131.25
131.25
130.25
130.75
130.75
132.75
132.75
131.5
131.5
131.25
131.25
131.25
131.25
131.5
131.0
131.0
131.0
131.0
130.25
130.25
127.25
126.25
126.25
126.5
126.5
126.5
126.5
126.5
126.5
126.5
122.25
122.25
122.25
121.25
121.25
124.5
124.5
124.5
125.0
125.0
126.75
129.25
129.25
128.5
128.5
128.75
128.75
128.5
128.5
131.5
132.75
132.75
133.0
133.0
130.75
130.75
130.75
130.75
130.75
130.75
132.5
132.5
132.5
133.5
133.5
134.5
134.5
134.25
136.75
136.75
136.75
136.75
138.25
138.25
138.5
137.0
137.0
138.5
138.5
136.75
136.75
137.5
137.75
137.75
137.5
137.5
138.0
138.0
138.75
137.25
137.25
138.25
138.25
138.75
137.5
137.5
137.25
137.25
138.25
138.25
136.25
136.25
135.25
135.75
135.75
135.75
135.75
135.5
135.5
135.5
134.25
134.25
132.75
132.75
134.5
134.5
133.75
133.75
132.25
133.75
133.75
135.5
135.5
135.5
135.5
134.5
134.25
134.25
134.25
134.25
134.25
134.25
134.5
134.5
134.25
133.75
133.75
136.75
136.75
136.75
136.75
137.5
138.75
138.75
139.5
139.5
140.75
140.75
140.25
139.25
139.25
140.25
140.25
140.75
140.5
140.5
142.25
142.25
144.0
144.25
144.25
144.0
143.5
143.5
143.5
143.75
143.75
145.5
146.5
146.5
147.0
147.0
146.75
147.0
147.0
146.25
146.25
146.5
147.0
147.0
147.0
147.0
147.0
147.0
147.0
147.25
146.75
146.75
145.0
145.0
144.25
144.25
144.25
144.25
125.75
125.75
133.75
133.75
134.0
134.0
135.0
136.75
136.75
136.75
136.75
137.75
137.75
138.25
139.5
139.5
139.5
139.5
138.75
138.75
137.25
136.5
136.5
137.0
137.0
137.25
137.25
137.5
137.5
137.5
137.0
137.0
137.0
137.0
137.0
137.5
137.5
137.25
137.25
138.5
138.5
138.5
138.0
138.0
137.5
137.5
137.5
138.0
138.0
139.0
139.0
137.0
137.0
137.5
136.25
136.25
136.0
136.0
136.5
136.5
136.5
136.5
136.5
136.5
136.5
137.25
137.25
137.5
138.5
138.5
139.0
139.0
139.5
139.5
139.5
138.0
138.0
139.5
139.5
143.25
141.75
141.75
145.0
145.0
144.0
144.5
144.5
144.5
147.25
147.25
147.25
147.25
146.75
146.75
146.75
146.75
146.25
146.0
146.0
146.5
146.5
145.25
145.5
145.5
145.25
145.25
146.75
146.75
147.75
147.75
145.25
145.25
143.5
144.75
144.75
140.75
140.75
140.25
139.75
139.75
141.25
141.25
140.0
140.75
140.75
140.25
140.25
141.0
141.0
139.5
140.25
140.25
139.5
139.5
140.25
140.25
140.75
140.75
140.75
138.5
138.5
132.5
132.5
132.5
132.5
132.5
132.5
132.25
132.25
132.25
132.25
132.25
132.25
130.0
127.75
125.5
123.25
121.0
118.75
116.5
114.25
114.25
115.0
115.0
116.5
116.5
116.5
116.5
105.0
105.0
111.0
111.0
114.0
114.0
117.0
117.0
116.25
116.25
118.0
118.0
118.0
118.0
120.0
120.0
117.75
120.0
120.0
119.0
119.0
123.5
123.5
123.5
121.75
121.75
122.5
122.5
121.0
120.75
120.75
120.75
120.25
120.25
120.25
120.25
123.5
122.5
122.5
121.75
121.75
123.0
123.0
122.75
122.75
121.75
121.75
120.25
119.5
119.5
119.5
119.5
119.5
119.5
119.5
118.75
118.75
118.75
117.0
117.0
117.75
117.75
118.5
118.5
119.5
119.5
119.25
119.25
119.75
119.75
121.0
121.0
121.0
121.0
121.0
121.0
121.0
120.75
121.0
121.0
121.0
121.0
124.45
127.9
131.35
134.8
138.25
138.25
137.0
137.0
136.75
136.75
137.0
133.75
133.75
132.25
132.25
132.75
132.75
133.5
134.75
134.75
133.75
133.75
133.25
133.25
132.75
132.75
130.25
130.25
127.75
127.75
129.0
129.0
130.5
131.25
131.25
131.25
132.25
131.75
131.75
132.0
132.0
130.25
130.25
130.25
131.25
131.25
131.25
132.0
132.0
132.0
132.0
132.0
132.0
131.75
131.75
131.75
131.75
132.0
132.0
129.14285714285714
126.28571428571429
123.42857142857143
120.57142857142857
117.71428571428571
114.85714285714286
112.0
112.0
112.5
112.5
116.75
116.75
109.25
109.25
110.0
117.5
117.5
107.5
107.5
107.5
107.5
108.0
108.0
108.0
108.0
108.0
108.0
107.75
107.75
107.75
108.0
108.0
107.75
107.75
112.75
117.75
122.75
127.75
132.75
132.75
132.5
132.5
131.25
131.25
131.5
131.5
133.75
133.75
133.0
133.0
119.0
119.0
116.25
116.25
116.5
116.5
119.25
119.25
120.0
120.0
121.25
121.25
121.75
121.75
123.5
123.5
128.25
128.25
127.25
127.25
126.25
126.25
126.5
126.5
126.75
128.5
128.5
133.5
133.5
132.0
132.0
133.0
133.0
129.75
129.75
132.75
132.75
133.0
134.5
134.5
136.0
136.0
136.5
136.5
136.5
134.75
134.75
135.5
135.5
136.5
136.5
136.5
135.0
135.0
135.75
136.25
136.25
135.75
135.75
137.0
137.0
135.5
135.5
133.0
133.0
133.0
133.0
132.0
130.5
130.5
130.75
130.75
128.75
128.75
125.25
125.25
128.0
128.0
128.5
128.5
127.0
127.0
127.25
127.25
123.0
123.0
124.75
124.75
122.75
122.75
124.75
124.75
125.25
127.25
127.25
128.0
128.0
127.25
127.25
125.75
125.75
120.25
120.25
114.75
114.75
114.75
116.0
116.0
116.0
115.75
115.75
115.75
115.75
123.0
123.0
125.25
125.25
125.75
125.75
125.75
125.75
124.75
124.75
121.75
121.75
116.0
116.0
117.75
117.75
117.75
117.75
119.75
119.75
123.0
123.0
127.75
127.75
126.75
129.5
129.5
131.0
131.0
134.25
134.25
136.75
137.75
137.75
137.5
137.5
136.75
136.75
135.75
135.75
133.5
130.25
130.25
128.5
128.5
123.0
123.0
122.25
122.25
124.5
124.5
120.0
120.0
121.0
121.0
121.0
121.0
121.75
121.75
121.5
121.5
120.0
120.0
120.0
120.0
121.0
121.0
119.0
119.0
118.0
118.0
119.75
119.75
117.75
117.75
120.25
120.25
118.75
118.75
119.25
119.25
120.5
120.5
120.5
123.75
123.75
122.75
122.75
121.75
121.75
121.5
121.5
124.0
126.25
126.25
129.25
129.25
130.75
130.75
131.5
131.5
132.0
133.5
133.5
132.25
132.25
133.0
133.0
131.0
131.0
126.75
126.75
126.75
126.75
125.5
125.5
125.0
125.25
125.25
120.75
120.75
120.75
122.0
125.0
125.0
126.75
126.75
130.25
130.25
128.5
128.5
129.0
129.0
130.25
130.25
129.75
128.0
128.0
130.0
130.0
131.5
131.5
131.5
131.5
130.75
130.75
129.5
130.25
130.25
127.75
127.75
127.75
127.5
127.5
130.25
130.25
129.75
129.75
129.5
129.5
128.5
128.5
127.5
127.5
127.75
127.75
126.25
125.25
125.25
125.25
127.75
127.75
126.0
126.0
127.0
127.0
129.25
129.25
128.5
128.5
126.75
126.75
131.0
133.5
133.5
134.75
134.75
134.75
135.25
135.75
135.75
135.75
135.75
133.0
133.0
133.0
133.0
132.25
132.25
113.5
113.5
127.5
127.5
128.75
128.75
126.75
126.75
126.75
126.5
126.5
128.0
128.0
127.5
127.5
130.75
131.75
131.75
132.75
132.75
134.75
134.75
136.75
138.5
138.5
140.5
140.5
141.75
141.75
142.5
142.5
142.5
141.0
141.0
141.75
138.0
138.0
133.75
133.75
134.25
134.25
137.75
136.75
136.75
136.75
136.75
136.0
136.0
136.0
136.0
135.0
133.75
133.75
135.0
135.0
137.5
139.0
139.0
140.25
140.25
140.75
140.75
140.75
139.75
139.75
139.5
139.5
140.75
140.25
140.25
141.5
141.5
136.75
123.0
123.0
126.75
126.75
126.75
134.25
138.5
138.5
139.5
139.5
140.25
134.5
134.5
136.5
136.5
133.5
133.5
132.0
132.0
132.75
132.75
131.5
131.5
132.75
134.25
134.25
135.0
135.0
136.0
136.25
136.25
137.75
137.75
139.75
139.75
139.5
139.5
139.5
140.0
140.0
139.0
138.25
138.25
137.5
137.5
135.75
135.75
131.25
131.25
130.5
130.5
131.5
134.0
134.0
135.0
135.0
134.25
134.25
136.0
137.75
137.75
137.75
139.5
139.5
138.5
140.25
140.25
140.75
142.25
142.25
143.25
143.25
144.75
145.0
145.0
144.75
144.75
145.0
146.25
146.25
146.75
146.75
146.75
147.0
147.0
147.0
147.0
145.25
145.25
145.25
124.5
145.0
145.0
124.0
124.0
124.0
121.5
121.5
114.75
114.75
114.75
114.75
116.0
116.0
119.25
119.25
124.5
128.5
128.5
128.75
128.75
130.25
130.25
130.0
130.0
130.25
130.75
130.75
132.0
132.0
133.75
133.75
135.0
135.0
135.5
136.25
136.25
134.25
134.25
134.0
134.0
136.5
137.5
137.5
135.25
135.25
134.5
134.5
135.25
136.5
136.5
136.25
136.25
136.0
136.0
135.75
135.75
137.0
135.5
135.5
136.75
136.75
136.75
137.25
137.25
137.25
136.75
136.75
136.75
136.5
136.5
139.5
135.75
135.75
136.0
136.0
138.5
138.75
138.75
136.25
136.25
139.5
139.5
138.25
138.25
132.75
133.25
133.25
134.5
134.5
135.75
135.75
137.25
136.5
136.5
136.25
136.25
134.5
134.5
136.75
136.75
137.5
135.25
135.25
138.5
138.5
138.5
138.5
135.75
137.5
137.5
137.25
137.25
140.5
139.5
139.5
141.75
141.75
142.0
142.75
142.75
142.75
142.75
143.0
142.0
142.0
142.0
142.0
143.25
143.25
138.5
138.5
126.25
135.0
135.0
135.25
135.25
135.75
135.75
136.75
137.5
137.5
135.75
135.75
132.5
132.5
132.75
132.75
135.5
135.5
135.5
131.75
131.75
133.75
133.75
135.75
136.0
136.0
136.25
136.25
134.25
134.25
135.75
137.25
137.25
138.0
138.0
137.25
140.5
140.5
138.25
138.25
138.0
138.0
138.5
139.0
139.0
139.75
139.75
139.75
140.0
140.0
141.0
141.0
140.25
141.25
141.25
141.25
141.25
141.5
141.5
142.25
142.25
142.25
141.5
143.0
143.0
144.0
144.0
137.75
137.75
135.0
135.0
135.75
137.25
137.25
135.5
135.5
132.75
132.75
129.75
129.75
130.25
130.25
130.5
132.5
132.5
132.75
132.75
130.25
130.25
128.5
128.5
130.25
130.25
131.0
131.5
131.5
132.75
132.75
134.25
134.25
135.0
133.5
133.5
134.5
134.5
132.75
132.75
132.75
132.75
133.25
134.25
134.25
133.75
133.75
132.0
132.0
128.0
128.0
129.25
129.25
128.25
128.25
124.5
124.5
124.5
124.5
127.25
124.25
124.25
124.75
124.75
126.25
126.25
124.25
124.25
123.5
123.5
123.25
123.25
124.75
124.75
125.75
125.75
123.5
123.5
129.0
129.0
125.75
131.0
131.0
133.5
133.5
135.0
135.0
135.75
137.5
137.5
138.0
138.0
136.75
139.0
139.0
138.25
138.25
137.0
137.0
136.5
137.25
137.25
137.5
137.5
136.75
136.75
135.75
135.75
135.75
134.0
134.0
130.75
130.75
129.5
129.5
131.5
131.5
130.25
130.25
129.0
129.75
129.75
128.25
128.25
128.75
128.75
129.5
129.5
127.5
127.5
125.75
125.75
126.5
126.5
127.75
127.75
128.25
128.5
128.5
129.0
129.0
128.5
128.5
130.25
130.25
128.75
129.5
129.5
131.25
131.25
132.75
132.75
132.75
132.75
133.25
133.25
135.0
135.0
135.0
135.75
135.75
136.5
135.25
135.25
135.5
135.5
134.0
134.0
132.5
132.5
132.75
132.75
133.0
132.75
132.75
133.75
133.75
133.75
134.75
134.75
134.5
134.5
134.25
134.25
133.0
133.0
134.5
134.5
133.75
134.75
134.75
135.0
135.0
134.0
134.0
135.5
135.5
134.75
132.75
132.75
134.25
134.25
132.5
132.5
132.25
133.25
133.25
130.75
130.75
133.75
133.75
130.5
130.5
130.75
130.75
131.5
131.5
130.5
132.0
132.0
132.5
132.5
132.25
132.25
132.25
132.25
132.75
133.25
133.25
132.75
132.75
133.5
133.5
133.25
133.25
133.5
133.5
133.5
133.25
133.25
133.75
133.75
134.25
134.25
135.0
133.25
133.25
132.75
132.75
133.5
133.5
132.5
132.5
133.5
133.5
133.5
132.75
132.75
135.25
135.25
132.5
132.5
135.0
135.0
134.75
134.75
133.75
135.75
135.75
135.75
135.75
135.75
135.75
135.75
136.75
136.25
136.25
136.75
136.75
137.5
137.5
137.25
137.5
137.5
136.75
136.75
136.75
136.75
133.5
130.75
130.75
130.75
130.75
134.25
134.25
134.5
134.5
134.5
134.5
136.25
136.75
136.75
139.25
139.25
139.5
139.5
140.5
139.5
139.5
139.0
139.0
140.75
140.75
138.5
136.75
136.75
135.0
135.0
135.75
137.0
137.0
136.75
136.75
136.75
136.75
136.5
136.5
137.25
138.5
138.5
137.5
137.5
137.0
137.0
136.25
136.5
136.5
138.25
138.25
138.75
139.75
139.75
139.75
139.75
140.0
140.0
139.75
140.25
140.25
140.5
140.5
141.0
141.25
141.25
140.75
140.75
141.5
141.0
141.0
139.5
139.5
139.0
139.0
139.0
136.75
136.75
136.75
136.75
135.25
135.25
135.0
135.0
135.0
135.0
135.0
136.75
136.75
136.5
136.5
135.75
136.5
136.5
136.0
136.0
134.25
134.25
133.75
133.75
133.25
134.5
134.5
133.5
133.5
134.0
134.0
136.75
135.75
135.75
136.75
136.75
136.75
136.75
136.5
133.25
133.25
131.75
131.75
132.0
132.0
130.25
130.25
127.25
127.25
128.0
128.0
128.5
131.0
131.0
130.75
130.75
127.25
127.25
127.0
127.0
129.0
129.0
129.5
129.5
130.25
130.25
130.25
131.25
131.25
131.75
131.75
132.75
132.75
133.5
134.0
134.0
132.75
132.75
132.25
132.25
133.5
133.5
132.25
132.25
133.75
132.0
132.0
132.0
132.0
131.5
131.5
130.75
130.75
130.5
130.75
130.75
131.5
131.5
131.75
131.75
131.5
131.5
132.0
133.0
133.0
132.0
132.0
133.5
133.5
133.75
133.75
132.0
131.25
131.25
131.5
131.5
131.0
131.0
131.5
131.5
130.5
130.5
131.25
130.75
130.75
132.0
132.0
130.0
130.0
130.5
130.5
129.5
129.5
127.5
127.5
129.25
130.75
130.75
130.5
130.5
130.0
130.0
130.5
130.5
129.5
129.5
130.75
129.5
129.5
129.5
126.5
126.75
126.75
124.0
124.0
124.0
124.0
119.75
119.75
122.0
122.0
123.5
123.5
125.25
125.25
125.75
125.75
127.5
127.5
128.0
128.0
128.0
128.0
128.0
127.75
127.75
128.5
128.5
127.5
127.5
129.25
129.25
127.75
127.75
129.0
129.0
129.0
130.0
130.0
129.25
129.25
130.5
130.5
131.0
132.25
132.25
132.25
130.5
129.75
129.75
131.25
131.25
130.5
130.5
131.5
131.5
131.5
131.5
132.5
133.75
133.75
133.25
133.25
133.5
133.5
134.25
133.75
133.75
133.25
133.25
132.0
132.0
133.5
133.5
134.0
133.0
133.0
134.25
134.25
133.25
133.25
133.0
133.0
132.25
133.25
133.25
133.0
133.0
133.0
133.0
133.25
133.25
134.0
134.0
133.25
134.25
134.25
132.75
132.75
133.5
133.5
133.5
134.0
134.0
132.25
132.25
133.5
133.5
135.0
134.5
134.5
135.75
135.75
133.75
133.75
134.25
134.25
135.5
135.75
135.75
135.75
135.75
135.75
135.75
137.25
136.25
136.25
137.5
137.5
137.25
137.25
135.25
135.25
136.25
135.5
135.5
136.5
136.5
135.25
135.25
134.0
134.25
134.25
133.0
133.0
133.25
133.25
135.5
135.5
133.25
133.25
131.75
132.0
132.0
132.0
132.0
134.5
134.5
135.75
136.0
136.0
134.25
134.25
136.0
136.0
135.25
135.25
135.25
135.75
135.75
136.75
136.75
138.0
138.75
138.75
140.25
140.25
138.75
138.5
138.5
138.75
138.75
138.5
138.5
138.25
138.75
138.75
139.5
139.5
140.0
140.5
140.5
140.0
140.0
141.75
142.25
142.25
142.25
142.25
143.0
143.0
143.5
143.75
143.75
141.5
141.5
141.5
141.5
141.5
141.5
141.5
141.25
141.25
141.25
141.5
141.5
140.75
140.75
140.75
141.25
141.25
141.75
141.5
141.5
141.25
141.25
140.75
140.75
140.0
140.0
140.25
139.5
139.5
138.5
138.5
138.0
138.0
138.25
137.25
137.25
136.25
136.25
131.5
131.5
131.75
131.75
130.25
130.25
130.25
130.25
130.25
130.25
130.75
130.75
130.5
130.5
132.0
132.0
131.5
131.5
132.25
133.5
133.5
134.25
134.25
133.75
133.75
133.5
133.5
135.0
135.75
135.75
137.0
137.0
138.0
138.0
139.5
139.5
139.25
139.25
136.5
136.5
135.25
135.25
135.0
135.75
135.75
134.75
134.75
135.0
135.0
135.0
135.0
136.0
136.0
135.75
135.75
135.75
135.75
136.75
136.75
137.5
137.5
136.75
137.25
137.25
137.5
137.5
136.0
136.0
134.0
134.0
132.5
129.75
129.75
130.75
130.75
128.5
128.5
127.0
127.0
127.75
129.5
129.5
130.75
130.75
131.25
131.25
132.0
132.75
132.75
134.25
134.25
135.25
135.25
134.5
134.5
135.75
135.75
133.75
133.75
133.5
133.5
134.5
134.5
134.25
133.75
133.75
134.25
134.25
130.25
130.25
130.25
125.75
125.75
124.75
124.75
124.5
124.5
125.5
127.5
127.5
129.5
129.5
130.0
130.0
130.25
130.25
131.25
131.25
133.5
130.5
130.5
130.5
130.5
126.25
128.0
128.0
129.0
129.0
130.25
130.25
131.5
131.5
132.5
133.0
133.0
133.75
133.75
134.75
134.75
136.5
136.25
136.25
137.0
137.0
134.25
134.25
134.25
134.25
134.5
134.5
132.5
132.5
134.25
134.25
134.25
134.25
134.5
134.5
135.0
135.0
134.25
133.75
133.75
133.25
133.25
134.25
134.25
133.5
133.5
133.5
133.0
133.0
132.75
132.75
132.0
132.0
131.75
131.75
132.5
133.5
133.5
133.5
133.5
133.25
133.25
134.25
133.5
133.5
133.25
133.25
133.25
134.25
133.75
133.75
134.5
134.5
135.0
135.0
133.5
133.5
135.0
135.0
135.0
135.0
135.0
135.0
135.0
135.5
134.25
134.25
133.75
133.0
133.0
131.75
131.75
133.5
131.5
131.5
130.75
130.75
130.75
130.75
132.0
132.0
132.0
132.0
132.75
132.5
132.5
132.25
132.25
132.75
132.75
133.0
133.5
133.5
134.25
134.25
135.75
135.75
135.0
135.0
135.0
135.0
135.0
135.0
135.0
134.75
134.75
134.75
134.75
134.75
134.75
135.0
135.0
135.25
135.25
135.5
135.0
135.0
133.5
133.5
133.5
133.5
134.0
133.75
133.75
133.0
133.0
133.5
133.5
133.0
133.0
132.75
133.25
133.25
133.25
133.25
133.75
133.5
133.5
132.25
132.25
133.0
133.0
132.75
133.0
133.0
131.75
131.75
132.25
132.25
133.0
133.0
132.75
132.75
132.75
132.75
133.0
133.0
131.5
131.5
129.75
129.75
126.75
128.0
128.0
128.5
128.5
129.25
129.25
129.0
129.0
130.25
130.25
131.0
131.75
131.75
131.5
131.5
132.0
132.0
132.5
132.5
133.0
133.5
133.5
133.0
133.0
134.25
134.25
134.75
133.75
133.75
132.75
132.75
131.5
132.25
132.25
133.0
133.0
133.25
132.75
132.75
132.0
132.0
131.25
131.25
131.5
132.25
132.25
132.25
132.25
131.75
131.75
131.5
132.0
132.0
132.75
132.75
133.0
133.0
133.0
133.0
131.25
130.25
130.25
131.75
131.75
130.75
130.5
130.5
130.0
130.0
129.25
129.25
129.0
129.0
128.75
128.75
128.75
128.75
129.5
129.5
129.5
128.25
128.25
129.5
129.5
129.0
129.0
130.5
130.5
130.5
130.5
130.75
130.25
130.25
132.5
132.5
130.75
130.75
129.0
129.0
130.5
130.5
131.75
132.0
132.0
132.0
132.0
131.75
131.75
132.75
132.75
133.25
133.25
135.0
134.5
134.5
135.75
135.75
135.75
135.75
136.0
136.0
136.0
136.5
136.5
136.0
136.0
136.75
136.25
136.25
136.75
136.75
136.75
136.75
136.75
136.25
136.25
136.25
136.25
134.75
134.75
133.25
131.25
131.25
130.75
130.75
129.75
128.0
128.0
124.5
124.5
124.0
124.0
124.0
125.5
125.5
125.5
125.25
128.0
128.0
129.75
129.75
129.75
131.25
131.25
133.75
133.75
134.0
134.0
135.0
134.25
134.25
134.25
134.25
134.25
134.25
135.0
135.0
135.0
139.5
140.75
140.75
141.5
142.25
142.25
142.75
142.75
143.5
143.5
143.5
145.0
145.0
145.5
145.5
145.5
146.25
146.25
146.5
146.5
146.25
147.0
147.0
148.5
148.75
148.75
149.0
149.0
148.5
149.25
149.5
149.5
148.75
149.75
149.75
150.5
150.25
150.25
151.0
151.0
151.25
151.25
151.25
150.0
147.25
147.25
146.75
146.75
146.25
145.75
145.75
144.75
144.75
144.25
143.75
143.75
144.0
144.0
144.0
144.0
144.0
142.5
142.5
141.0
137.75
137.75
135.0
135.0
133.75
133.75
134.25
134.25
133.25
131.5
131.5
129.25
129.25
128.75
128.75
130.0
130.0
129.0
129.0
128.25
128.25
129.5
129.5
129.5
129.5
128.75
128.75
126.25
126.25
123.0
126.0
126.0
126.75
126.75
127.25
129.75
129.75
130.0
130.0
126.0
126.0
121.25
121.25
119.75
119.75
122.5
122.5
122.0
122.0
122.0
121.5
121.5
120.0
120.0
120.75
120.75
121.0
122.0
122.0
121.75
121.75
123.5
123.5
124.5
124.5
123.5
123.5
123.5
121.5
121.5
120.75
122.25
122.25
122.25
122.25
122.25
122.25
120.75
120.75
116.25
116.25
116.25
118.25
118.25
121.0
120.5
120.5
120.25
120.25
121.0
121.0
124.5
124.5
124.0
124.0
124.5
125.5
125.5
127.75
127.75
129.0
129.0
129.25
129.25
128.25
127.25
127.25
128.5
125.75
125.75
123.0
123.0
128.0
128.0
129.75
131.25
131.25
132.0
132.0
133.0
133.0
132.0
132.0
127.25
127.25
121.75
121.75
121.75
121.75
121.5
121.5
122.0
122.0
121.25
121.25
123.0
125.0
125.0
127.75
127.75
128.0
128.0
128.75
128.75
130.0
130.0
130.75
132.0
132.0
132.0
132.25
132.25
130.75
132.25
132.25
127.25
127.25
126.75
126.75
120.5
120.5
117.5
117.5
115.5
115.5
120.0
120.0
119.25
119.25
119.25
119.25
117.25
117.25
122.25
122.25
123.25
126.75
126.75
124.5
124.5
125.25
125.25
129.0
129.0
126.25
129.25
129.25
128.5
128.5
131.75
131.75
130.0
130.0
131.5
131.5
133.75
136.0
136.0
136.5
136.5
135.25
135.25
136.5
137.0
137.0
136.75
136.75
136.5
136.5
136.0
136.75
136.75
136.0
136.0
135.0
135.0
133.5
134.5
134.5
134.5
134.5
133.5
133.5
135.0
135.0
133.75
135.5
135.5
133.0
133.0
135.0
135.0
136.75
136.75
137.75
136.25
136.25
137.0
137.0
137.0
137.5
137.5
136.75
136.75
136.75
136.75
138.0
138.5
138.5
138.5
138.5
139.0
139.0
139.0
138.5
138.5
140.25
140.25
139.5
140.0
140.0
140.5
140.5
140.25
140.25
139.25
137.5
137.5
138.5
138.5
136.75
136.75
137.75
137.75
137.75
138.25
138.25
138.0
138.0
138.25
138.5
138.5
138.5
138.5
138.5
138.5
137.5
138.25
138.25
137.75
137.75
137.0
137.0
136.5
136.5
136.75
136.0
136.0
136.25
136.25
137.25
135.75
135.75
135.75
135.75
134.0
134.0
135.0
135.0
135.75
136.0
136.0
136.5
137.75
137.75
140.5
140.5
140.25
140.25
140.75
140.75
140.75
143.5
142.75
142.75
144.25
144.25
146.25
147.75
147.75
147.0
147.0
149.0
149.0
149.0
147.5
147.5
150.0
150.0
150.0
152.0
149.75
149.75
149.25
149.25
149.75
149.0
149.0
149.0
147.25
147.25
149.25
148.0
148.0
147.0
147.0
144.5
144.5
141.5
133.75
133.75
135.5
135.5
136.25
134.25
134.25
134.25
132.0
132.0
130.25
130.25
128.25
128.25
125.0
123.5
123.5
123.5
123.5
124.5
124.5
125.0
125.0
125.0
125.0
126.5
127.5
127.5
127.25
127.25
128.0
128.0
129.0
129.0
131.25
133.25
133.25
134.25
134.25
134.25
134.5
135.0
135.0
137.25
137.25
139.0
139.25
139.25
139.25
139.25
138.5
138.5
138.0
138.5
138.75
138.75
139.25
139.25
139.5
139.5
138.5
138.0
138.0
138.25
138.25
139.25
139.25
139.25
139.0
139.0
137.5
137.5
137.5
138.25
138.25
138.25
138.5
138.5
137.75
139.5
139.5
140.25
140.25
138.75
140.75
140.75
140.25
140.25
140.75
140.75
140.75
140.0
140.0
139.0
139.0
137.0
137.0
136.25
136.25
135.25
135.25
137.25
138.25
138.25
138.75
138.75
138.75
138.75
140.0
140.0
139.75
139.75
140.0
139.75
139.75
138.5
138.5
136.5
136.5
135.0
135.0
132.75
132.75
133.5
133.5
133.5
133.5
133.5
132.0
132.0
130.75
130.75
132.75
132.75
132.0
132.0
133.25
134.5
134.5
135.0
135.0
135.0
135.75
135.75
136.75
136.75
136.75
136.75
137.5
137.5
136.5
136.5
136.5
136.5
136.5
136.75
137.75
137.75
138.25
138.25
138.5
138.5
137.25
138.5
138.5
139.5
139.5
138.5
138.5
138.5
139.0
139.0
138.75
138.75
139.25
139.75
139.75
139.5
139.5
141.0
143.0
143.0
142.0
142.0
144.0
146.75
146.75
146.75
146.75
146.75
147.0
147.0
148.0
149.25
149.25
147.5
147.5
148.75
149.0
149.0
148.75
148.25
148.25
147.75
153.5
153.5
154.0
154.0
153.5
152.0
152.25
152.25
152.0
152.0
151.0
151.0
151.75
151.5
151.5
150.75
150.75
150.75
150.75
150.5
150.5
150.25
149.0
149.0
150.75
150.75
149.25
149.25
149.0
148.0
148.0
147.0
147.0
147.0
146.5
146.5
146.0
145.25
145.25
145.75
145.75
144.25
144.5
144.5
144.0
144.0
144.25
144.5
144.5
144.5
143.75
143.75
144.0
144.0
145.0
145.0
145.25
146.0
146.0
145.0
145.0
143.75
142.75
142.75
142.75
144.5
144.5
144.5
144.75
144.75
144.75
145.0
145.0
144.75
144.75
144.75
144.75
144.75
145.0
145.0
145.0
144.25
144.25
144.75
144.75
145.0
144.75
144.75
144.75
144.75
145.0
144.5
144.5
144.5
144.5
144.5
145.0
145.0
145.0
145.0
144.5
144.0
144.0
143.25
143.25
143.25
143.5
143.5
143.25
143.25
143.5
143.5
143.5
143.5
143.5
142.75
142.25
142.25
142.25
142.25
142.5
143.0
143.0
143.0
143.0
142.5
142.0
142.0
141.5
141.5
140.25
140.25
140.5
140.5
140.5
140.75
140.75
140.75
140.0
140.0
140.25
140.25
140.0
140.0
140.0
140.5
140.5
141.0
141.0
141.25
141.75
141.75
142.0
142.0
142.0
142.25
142.25
142.25
142.25
143.0
143.0
143.0
143.25
143.25
143.5
143.75
143.75
143.25
143.25
141.5
141.5
140.75
141.0
141.0
140.25
140.25
139.5
139.0
139.0
139.25
139.25
139.25
139.25
139.0
139.25
139.25
138.75
138.75
139.0
139.0
138.75
139.5
139.5
139.0
139.0
138.25
136.75
136.75
136.5
136.5
137.0
137.0
138.5
139.0
139.0
137.75
137.75
137.5
137.5
138.75
139.0
139.0
139.5
139.5
139.0
139.0
139.25
139.0
139.0
139.75
139.75
139.5
139.25
139.25
138.75
138.75
138.75
138.75
138.0
138.5
138.5
138.5
138.5
137.25
137.25
137.25
137.25
137.25
137.5
137.5
137.5
137.5
137.5
138.0
138.0
138.0
138.0
136.75
136.75
137.0
138.0
138.0
137.75
137.75
137.5
137.5
137.5
138.5
138.5
138.25
138.25
139.5
140.75
140.75
140.75
140.75
139.5
139.5
139.5
139.5
139.5
139.5
137.75
137.75
137.75
137.5
137.5
134.25
134.25
126.75
126.75
127.25
127.25
127.0
127.0
128.5
128.5
130.0
132.0
132.0
130.25
130.25
131.0
131.0
132.5
132.5
132.25
132.75
132.75
133.0
133.0
134.0
134.0
133.5
133.75
133.75
133.5
133.5
136.25
136.25
138.75
139.5
139.5
138.25
138.25
141.25
141.25
139.25
141.0
141.0
140.75
140.75
136.5
136.5
136.0
139.25
139.25
139.5
139.5
137.75
139.5
139.5
140.75
140.75
140.75
140.75
138.5
140.75
140.75
140.75
140.75
141.0
140.75
140.75
140.75
140.75
140.75
142.0
142.0
142.0
142.0
142.0
143.75
143.75
142.5
142.5
141.0
141.0
139.5
140.75
140.75
138.5
138.5
139.5
139.5
139.25
138.5
138.5
139.5
139.5
139.25
139.0
139.0
139.5
139.5
140.5
140.5
140.25
139.75
139.75
140.5
140.5
140.5
140.0
140.0
139.0
139.0
139.0
139.0
140.25
141.0
141.0
140.75
140.75
140.5
140.5
140.5
140.75
140.75
141.0
141.0
141.75
141.5
141.5
142.0
142.0
142.0
140.25
140.25
141.75
141.75
141.75
142.25
142.25
142.5
142.5
142.5
142.0
142.0
142.0
142.0
140.75
143.25
143.25
144.25
144.25
142.25
142.25
139.5
140.25
140.25
138.25
138.25
138.75
139.75
139.75
138.0
138.0
139.25
139.5
139.5
139.5
139.5
139.75
139.75
140.75
139.5
139.5
140.5
140.5
140.75
140.75
140.75
141.5
141.5
141.0
141.0
140.75
141.25
141.25
141.0
141.0
142.25
142.75
142.75
141.75
141.75
141.75
141.75
141.75
140.25
140.25
138.5
138.5
139.75
140.5
140.5
139.0
139.5
139.5
139.25
139.25
139.0
139.0
138.75
138.75
136.75
136.5
136.5
136.0
136.0
138.0
138.0
136.25
135.5
135.5
137.25
137.25
137.5
137.5
137.5
137.5
137.5
137.5
137.5
137.5
139.75
139.75
141.0
141.0
141.0
141.0
141.0
140.75
140.75
141.0
141.0
138.0
138.0
135.75
131.75
131.75
131.25
131.25
133.5
133.5
134.75
134.75
134.5
134.5
134.5
135.0
135.0
136.0
137.0
137.0
138.5
138.5
139.25
139.25
139.5
139.5
140.75
139.75
139.75
138.5
139.75
139.75
140.25
140.25
141.25
142.0
142.0
142.0
142.0
142.0
142.0
142.0
142.0
142.0
142.0
142.0
143.75
143.75
143.75
145.0
145.0
147.5
147.5
149.5
148.0
148.0
149.5
150.0
150.0
149.5
149.5
150.0
150.0
150.0
151.0
153.0
153.0
153.25
153.0
153.0
152.25
152.25
152.25
152.75
152.75
152.75
153.75
153.75
154.5
155.0
155.0
154.75
154.5
154.5
154.75
154.75
155.25
156.5
154.75
154.75
154.5
154.5
154.5
151.5
153.75
153.75
156.0
155.5
155.5
154.75
154.75
154.75
154.25
153.25
153.25
156.5
156.5
152.25
134.5
134.5
134.5
132.5
135.75
135.75
141.75
141.75
143.25
143.25
143.25
143.0
143.0
143.25
143.25
143.25
144.0
144.0
144.25
147.0
147.0
146.0
147.0
147.0
147.0
147.0
147.0
147.5
147.5
149.75
149.25
149.25
148.5
148.5
149.0
150.75
150.75
150.0
150.75
150.75
151.75
151.75
151.25
151.75
151.75
153.0
154.25
154.25
153.5
153.0
153.0
152.5
152.5
152.5
152.25
152.25
152.0
150.5
150.5
150.0
150.0
149.25
148.0
148.0
146.5
146.5
145.5
145.75
145.75
145.5
145.5
144.5
141.25
141.25
140.0
140.0
138.25
138.25
133.5
133.5
132.5
132.0
132.0
128.25
128.25
127.0
127.0
126.5
126.5
126.25
126.25
127.5
127.5
128.5
129.25
129.25
129.75
129.75
131.75
131.75
134.25
134.25
135.5
135.25
135.25
135.5
135.5
135.0
135.0
133.5
133.5
120.0
120.0
125.0
125.0
124.5
124.5
125.0
125.0
122.0
122.0
115.5
115.5
117.5
117.5
121.5
121.5
124.0
125.75
125.75
124.0
124.0
128.0
128.0
126.75
126.75
128.0
128.0
129.0
129.0
130.75
130.75
132.0
132.0
131.5
127.75
127.75
129.5
129.5
131.25
131.25
132.0
132.0
132.0
131.0
131.0
130.75
130.75
131.5
131.5
132.0
132.0
133.5
133.5
135.0
135.0
136.0
136.0
136.0
136.0
137.0
138.25
138.25
137.5
137.5
137.0
137.0
137.5
136.25
136.25
136.25
136.25
137.0
137.0
136.5
136.5
136.5
136.5
136.5
137.25
137.25
137.75
137.75
137.75
137.5
137.5
138.0
138.0
138.5
138.5
138.5
139.75
139.75
140.25
139.75
139.75
138.5
138.5
138.5
129.0
129.0
130.25
130.25
132.75
134.75
134.75
135.75
135.75
136.25
136.25
137.5
137.5
137.5
137.75
137.75
137.25
137.25
138.0
138.0
137.75
138.0
138.0
137.25
137.25
136.75
136.75
136.25
137.25
137.25
136.75
136.75
138.0
138.0
133.0
127.25
127.25
127.25
127.25
128.25
128.25
131.5
131.5
131.75
131.75
130.25
130.25
126.75
126.75
108.0
108.0
122.25
122.25
122.25
122.25
122.25
122.25
122.25
122.5
122.5
133.0
133.0
130.0
130.0
131.75
131.75
133.75
132.75
132.75
135.75
135.75
134.5
135.5
135.5
135.0
135.0
138.5
138.5
137.5
138.5
138.5
138.75
138.75
137.75
137.75
138.5
137.5
137.5
137.75
137.75
136.5
136.5
137.5
138.0
138.0
136.75
136.75
137.5
137.5
136.75
137.0
137.0
136.75
136.75
137.0
137.0
137.5
138.25
138.25
138.25
138.25
139.0
139.5
139.5
141.5
141.5
140.0
139.75
139.75
139.0
139.0
141.0
141.0
143.0
139.5
139.5
139.25
139.25
139.25
139.25
137.25
137.0
137.0
134.5
134.5
135.0
135.0
130.75
130.75
132.25
132.25
133.5
134.25
134.25
135.25
135.25
136.5
136.5
136.0
137.0
137.0
137.5
137.5
137.5
137.5
137.5
136.25
136.25
136.5
136.5
137.5
137.5
137.5
138.25
138.25
138.5
138.5
139.0
139.25
139.25
139.25
139.25
137.25
137.25
137.5
136.75
136.75
136.75
136.75
137.25
137.25
138.0
138.0
138.0
138.5
138.5
138.75
138.75
138.0
137.25
137.25
138.75
138.75
137.75
137.75
136.75
140.5
140.5
141.0
141.0
137.75
137.75
135.25
135.25
133.5
134.25
134.25
134.25
134.25
133.5
133.5
134.0
134.0
134.25
135.0
135.0
135.0
135.0
135.5
135.5
136.25
136.0
136.0
137.0
137.0
137.5
137.5
137.25
136.5
136.5
137.0
137.0
136.5
136.5
137.5
137.0
137.0
137.5
137.5
137.75
137.75
137.75
138.25
138.25
134.75
134.75
132.25
132.25
131.75
131.75
132.75
132.0
132.0
132.0
132.0
132.25
132.25
132.75
132.75
131.75
131.75
129.0
129.0
128.5
128.5
126.5
126.5
126.75
126.75
126.5
126.5
127.0
127.0
130.25
130.25
130.75
131.75
131.75
133.75
133.75
134.75
134.75
135.25
136.5
136.5
137.5
137.5
138.5
139.5
139.5
140.75
140.75
140.75
142.25
142.25
140.75
140.75
139.25
139.25
137.5
138.25
138.25
138.75
138.75
139.5
139.5
139.0
138.75
138.75
138.5
138.5
138.5
138.5
138.5
138.5
138.5
139.0
139.0
139.5
138.5
138.5
139.5
139.5
139.5
139.5
140.25
140.75
140.75
141.5
141.5
142.0
142.75
142.75
142.25
142.25
142.75
143.25
143.25
143.25
143.25
142.75
142.5
142.5
142.25
142.25
143.25
143.25
143.25
143.0
143.0
142.25
142.25
141.0
139.75
139.75
138.75
138.75
140.5
140.75
140.75
140.75
140.75
140.25
140.25
139.75
141.25
141.25
142.0
142.0
141.25
139.0
139.0
138.75
138.75
139.75
140.75
140.75
140.75
140.5
139.0
139.0
139.0
140.5
140.25
140.25
141.5
141.5
139.25
138.5
138.5
137.5
137.5
132.75
132.75
127.75
127.75
127.75
127.75
130.25
130.75
130.75
132.5
132.5
132.25
132.25
132.75
132.75
132.25
133.5
133.5
133.25
133.25
135.0
135.0
134.0
134.0
135.0
135.25
135.25
137.25
138.0
138.0
138.5
138.5
138.5
138.5
138.5
137.0
137.0
136.75
136.75
136.5
136.5
136.0
135.0
135.0
132.5
132.5
129.5
129.5
130.0
130.0
130.25
130.25
129.75
130.25
130.25
130.0
130.0
130.0
130.0
131.0
131.0
130.75
130.75
130.75
130.75
130.75
130.75
130.75
130.75
132.5
133.5
133.5
134.25
134.25
133.25
133.25
131.75
131.75
126.0
126.0
122.25
122.25
122.25
122.25
128.0
121.75
121.75
121.75
121.75
121.75
122.0
122.0
122.0
121.75
121.75
121.75
121.75
123.21428571428571
124.67857142857143
126.14285714285714
127.60714285714286
129.07142857142858
130.53571428571428
132.0
133.5
133.5
133.5
135.0
137.5
137.5
137.75
137.75
137.75
138.75
139.0
139.0
139.5
139.5
138.5
138.5
139.75
140.75
140.75
140.75
140.75
140.75
140.5
140.5
139.75
139.75
140.0
140.0
139.25
138.0
138.0
137.5
137.5
137.0
137.0
136.25
134.75
134.75
134.75
134.75
135.0
135.0
135.75
136.0
136.0
133.0
133.0
131.5
131.5
131.5
131.5
133.25
133.25
134.25
134.25
134.25
133.5
133.5
133.0
133.0
132.5
132.5
132.75
132.75
132.25
132.25
131.75
132.0
132.0
132.0
132.0
130.25
130.25
130.5
130.5
132.5
132.5
132.75
132.75
134.25
134.25
133.5
132.25
132.25
132.5
132.5
131.25
131.25
129.0
129.0
128.5
128.5
128.75
128.75
126.25
126.25
125.5
126.25
126.25
128.0
128.0
131.25
131.25
132.25
132.25
134.25
136.0
136.0
136.75
136.75
136.75
136.75
136.75
136.75
136.75
136.75
136.75
136.75
136.75
136.75
137.75
137.75
138.25
138.25
138.25
138.5
139.0
139.0
139.5
139.5
139.5
139.5
140.25
141.75
141.75
139.5
139.5
138.75
138.0
138.0
133.75
133.75
134.0
134.0
135.25
135.25
135.75
136.25
136.25
137.0
137.0
137.5
137.5
138.5
139.25
139.25
139.25
139.25
139.75
139.5
139.5
139.5
139.5
139.75
139.75
139.5
140.25
140.25
141.5
141.5
141.75
142.25
142.25
142.0
142.0
142.75
142.75
141.75
140.75
140.75
139.25
139.25
137.5
137.5
136.25
134.5
134.5
135.75
135.75
136.0
136.0
137.5
137.0
137.0
136.25
136.25
136.75
136.75
136.75
136.75
136.75
136.5
136.5
136.5
136.5
137.0
137.25
137.25
137.75
137.75
137.5
137.5
138.5
138.5
138.5
138.25
138.25
138.25
138.25
138.5
138.5
138.5
138.5
138.5
137.0
135.0
135.0
133.5
133.5
128.5
128.5
132.5
132.5
133.25
133.25
132.75
133.5
133.5
134.25
134.25
135.75
135.75
135.75
136.5
136.5
136.75
136.75
137.5
137.5
137.75
137.75
137.75
137.75
137.75
138.0
138.0
137.75
137.75
139.5
139.0
139.0
138.0
138.0
138.0
138.0
138.0
138.0
138.0
138.0
138.0
138.0
138.75
138.75
138.25
138.25
139.0
139.0
139.5
139.5
139.5
139.75
139.75
140.0
140.0
140.0
140.5
140.5
140.25
140.25
139.75
140.75
140.75
141.0
141.0
141.0
141.25
141.25
141.75
141.75
142.0
142.0
142.0
143.25
143.25
143.25
143.0
143.0
143.0
143.0
144.5
144.5
144.5
144.75
144.75
144.5
143.0
143.0
142.25
142.25
141.75
141.75
141.75
143.25
143.25
140.75
140.75
141.25
139.5
139.5
138.25
138.25
138.25
138.25
138.5
137.25
137.25
137.75
137.75
139.75
139.75
138.5
139.5
139.5
139.5
139.5
139.5
139.5
139.5
140.75
140.75
140.75
140.75
140.0
139.5
139.5
140.0
140.0
140.25
139.5
139.5
139.25
139.25
138.75
138.75
139.25
139.5
139.5
139.5
139.5
139.0
139.0
139.25
139.0
139.0
139.0
139.0
139.25
138.75
138.75
139.5
139.5
136.75
136.75
137.5
137.5
137.5
135.75
135.75
135.75
135.75
136.25
137.0
137.0
138.5
138.5
139.75
139.75
139.25
138.0
138.0
139.5
139.5
139.25
139.75
139.75
141.0
141.0
142.0
142.0
142.75
144.5
144.5
143.5
143.5
143.5
142.5
142.5
143.5
143.5
142.0
142.0
142.0
143.5
143.5
143.5
143.25
143.25
142.25
142.25
142.25
141.0
141.0
141.75
141.75
140.75
140.5
140.5
138.75
138.75
139.25
139.25
139.5
138.25
138.25
138.25
138.25
138.75
138.5
138.5
137.75
137.75
137.5
137.5
136.75
136.75
136.5
137.5
137.5
136.75
136.75
136.75
136.75
135.75
136.25
136.25
133.5
133.5
132.75
132.75
131.0
131.0
132.75
132.75
132.75
133.5
133.5
133.75
133.75
133.75
133.75
133.5
134.0
134.0
135.0
135.0
135.0
135.0
135.5
135.5
135.75
135.75
135.75
135.25
135.25
135.5
136.75
136.75
136.0
136.0
135.75
135.75
135.75
135.75
135.25
135.75
135.75
135.75
135.75
136.0
136.0
137.0
136.5
136.5
136.0
136.0
134.75
134.75
135.25
135.75
135.75
135.5
135.5
134.75
134.75
134.25
134.25
133.5
130.0
130.0
124.5
124.5
124.5
124.5
129.5
129.5
121.5
121.5
119.0
119.0
121.25
121.25
120.75
120.75
124.0
124.0
125.25
125.25
128.0
128.0
127.25
127.25
129.5
129.5
131.5
131.75
131.75
132.25
132.25
133.5
133.5
134.25
134.25
135.25
135.0
135.0
134.75
134.75
135.75
135.75
134.5
135.0
135.0
132.5
132.5
133.0
133.0
132.5
132.5
133.5
133.5
131.5
131.25
131.25
132.25
132.25
133.5
133.5
133.25
133.25
130.25
130.25
130.25
130.25
130.25
130.25
130.25
131.0
131.0
130.25
130.25
133.25
129.0
129.0
128.5
128.5
130.25
130.25
133.25
133.25
133.25
133.25
132.5
135.25
135.25
135.0
135.0
134.75
134.75
135.0
135.25
135.25
136.25
136.25
136.0
136.0
136.25
135.75
135.75
134.25
134.25
135.0
135.0
136.5
136.5
136.5
135.75
135.75
135.0
135.0
136.75
136.75
136.75
137.5
137.5
137.0
137.0
137.5
137.5
137.5
137.75
137.75
138.0
138.0
138.25
138.25
138.25
138.25
138.25
138.25
138.25
138.25
138.25
138.25
134.75
134.75
135.5
136.0
136.0
135.75
135.75
136.0
136.0
136.0
137.25
137.25
137.25
137.25
138.0
138.0
138.0
138.5
138.5
139.5
140.0
140.0
140.5
140.5
141.75
141.75
141.75
143.25
143.25
142.5
143.5
143.5
144.5
144.5
145.0
144.75
144.75
145.25
145.25
145.0
145.5
145.5
145.0
146.0
146.0
146.75
146.75
146.0
146.25
146.25
146.0
146.0
146.25
146.25
147.0
147.0
147.25
147.5
147.5
149.0
149.0
149.0
147.5
147.5
147.25
147.25
145.0
145.0
145.0
145.0
145.0
143.75
143.0
143.0
140.75
140.75
143.25
143.0
143.0
142.25
142.25
143.5
145.25
145.25
146.0
146.0
147.0
147.25
147.25
147.5
148.0
148.0
148.25
148.25
149.75
149.75
149.75
148.0
142.75
142.75
139.5
142.0
142.0
141.0
141.0
139.5
141.0
141.0
142.25
142.25
140.75
141.75
141.75
143.25
143.25
144.75
145.0
145.0
149.0
149.0
140.75
143.0
143.0
145.0
145.0
141.75
144.5
144.5
145.75
145.75
148.0
148.0
147.75
147.5
147.5
148.0
148.0
148.75
147.0
147.0
147.0
143.0
142.5
142.5
143.0
143.0
143.25
140.75
140.75
140.25
140.25
140.0
139.0
139.0
138.5
138.5
136.0
136.0
135.25
135.25
135.0
134.25
134.25
132.75
132.75
131.5
131.5
132.0
132.0
133.5
133.5
133.5
132.75
132.75
128.25
128.25
129.0
129.0
132.5
132.5
133.5
132.0
132.0
133.25
133.25
132.75
132.75
130.25
130.25
128.75
128.75
128.75
128.75
127.0
128.0
128.0
128.0
128.0
128.0
128.0
128.25
128.25
128.0
128.0
128.25
128.25
129.25
128.5
128.5
127.25
127.25
128.5
128.5
129.5
129.5
129.25
129.25
128.0
128.0
128.25
128.25
127.75
127.75
126.25
126.25
126.25
126.0
126.0
126.0
125.0
125.0
125.0
125.0
125.0
125.0
124.75
125.0
125.0
119.25
119.25
120.5
120.5
121.0
121.0
122.25
122.25
123.0
123.0
126.0
126.0
127.25
127.25
129.5
129.5
129.75
130.75
130.75
131.0
131.0
132.25
132.25
130.5
130.5
131.0
132.75
132.75
132.5
132.5
131.0
131.0
132.0
132.0
133.5
133.5
132.75
134.0
134.0
135.25
135.25
135.0
135.0
136.0
135.75
135.75
137.0
137.0
137.5
137.5
137.5
139.5
139.5
140.5
140.5
140.25
139.25
139.25
140.25
140.25
137.75
137.75
137.5
138.5
138.5
136.5
136.5
133.25
133.25
134.0
132.75
132.75
135.0
135.0
134.25
134.25
134.25
135.5
135.5
136.0
136.0
137.0
137.0
137.5
139.5
139.5
139.5
139.5
137.5
137.5
137.0
137.0
133.5
129.25
129.25
126.75
126.75
129.5
129.5
126.75
126.75
127.0
127.0
128.5
128.5
129.5
129.5
129.5
130.75
130.75
130.5
130.5
131.5
131.5
129.75
129.75
128.5
128.5
131.5
129.75
129.75
130.5
130.5
130.75
130.75
132.75
132.75
131.5
133.0
133.0
134.75
134.75
135.0
135.75
135.75
135.0
135.0
136.25
136.25
137.0
140.5
140.5
140.0
140.0
138.0
138.0
137.25
137.25
137.0
137.25
137.25
137.0
137.0
137.0
137.0
137.25
137.25
137.25
136.5
136.5
137.25
137.25
137.5
137.5
137.5
138.25
138.25
137.0
136.75
136.75
136.25
136.25
136.75
136.75
136.25
136.25
135.75
135.75
135.75
136.5
135.25
135.25
135.25
135.25
135.75
135.75
136.25
135.5
135.5
135.25
135.25
135.0
135.0
135.0
135.75
135.75
135.75
135.75
135.5
135.5
135.25
135.25
135.0
134.5
134.5
135.0
135.0
135.0
135.0
135.75
133.75
133.75
135.0
135.0
134.25
134.25
135.0
135.0
135.0
135.5
135.5
135.25
135.25
136.5
136.5
136.0
136.0
136.0
136.75
136.75
136.75
136.75
138.25
138.25
138.0
138.0
137.25
137.75
137.75
136.75
136.75
136.75
136.75
136.25
135.5
135.5
135.5
135.75
135.75
135.75
135.75
135.75
136.0
135.75
135.75
136.75
136.75
138.5
137.5
137.5
139.5
139.5
139.75
139.75
141.0
140.75
140.75
141.5
140.75
140.75
141.75
141.75
140.75
141.75
141.75
140.5
141.0
141.0
142.0
142.0
142.0
142.0
142.0
141.75
141.75
142.0
142.0
141.25
141.25
141.5
140.5
140.5
141.0
141.0
140.75
141.25
141.25
139.75
139.75
140.25
140.25
139.75
139.75
139.5
139.5
139.5
140.75
140.75
138.5
138.5
135.5
136.75
136.75
136.25
136.25
137.25
137.25
136.75
135.5
135.5
135.75
135.75
132.75
132.75
132.0
132.0
134.0
133.25
133.25
133.5
133.5
133.5
133.5
134.5
134.75
134.75
134.25
134.25
135.5
135.5
135.0
135.75
135.75
136.75
136.75
135.25
135.25
136.5
136.0
136.0
136.75
136.75
136.0
136.0
136.75
136.75
136.25
137.0
137.0
137.25
137.25
137.5
137.5
137.5
137.25
137.25
137.25
137.25
136.0
135.75
135.75
133.5
134.0
134.0
134.25
134.25
134.25
134.25
134.0
134.0
134.0
134.0
134.0
134.0
134.0
134.75
134.75
134.75
134.75
134.75
135.0
135.0
134.75
134.75
133.5
133.5
133.5
132.75
132.75
134.0
134.0
133.5
133.5
134.5
134.5
134.25
135.0
135.0
135.0
135.0
134.75
134.75
135.25
135.25
136.5
136.0
136.0
136.0
136.0
137.25
137.25
136.75
136.75
136.75
137.25
137.25
137.5
137.5
137.25
137.25
137.5
137.5
138.0
138.5
138.5
139.5
139.5
138.5
138.75
138.75
140.0
140.0
140.75
141.75
141.75
141.5
141.5
142.25
141.5
141.5
143.25
143.25
143.75
144.25
144.25
143.75
143.75
144.25
144.0
144.0
145.0
145.0
144.75
143.5
143.5
145.5
145.5
147.0
147.25
148.25
148.25
149.0
149.75
149.75
150.5
150.5
148.5
145.0
145.0
144.75
144.75
144.25
144.25
144.0
144.5
144.5
145.5
145.5
144.5
144.5
143.25
143.25
141.5
141.5
141.5
141.5
141.5
141.5
141.25
141.25
141.5
132.75
132.75
131.25
131.25
132.5
132.5
132.75
132.0
132.0
131.75
131.75
131.5
131.5
131.5
133.5
135.0
135.0
136.0
136.0
136.0
135.25
135.25
139.0
139.0
138.0
138.5
138.5
135.25
135.25
135.75
135.75
137.25
139.75
139.75
142.0
142.0
140.0
140.0
140.5
142.0
142.0
142.5
144.5
144.5
145.5
145.5
147.25
149.75
149.75
149.25
150.0
150.0
150.0
151.0
151.0
150.0
150.0
150.0
149.75
149.75
150.25
150.25
150.5
149.0
149.0
150.0
150.0
150.0
150.0
149.0
149.0
148.0
148.0
148.0
146.75
146.75
147.25
147.25
147.5
146.5
146.5
145.75
145.75
146.5
144.75
144.75
144.0
144.0
144.0
145.0
145.0
145.75
145.75
145.0
144.5
144.5
143.5
143.5
144.0
142.25
142.25
142.0
142.0
143.75
142.25
142.25
143.5
143.5
144.0
143.25
143.25
144.0
144.0
143.0
142.0
142.0
141.5
141.5
141.25
141.25
142.25
142.0
142.0
141.5
141.5
143.25
143.25
143.25
145.75
145.75
143.5
144.5
144.5
143.5
143.5
140.25
142.5
142.5
143.25
143.25
141.5
142.5
142.5
141.25
141.25
141.25
141.25
140.25
139.5
139.5
139.5
139.5
139.75
139.5
139.5
138.5
138.5
139.0
139.0
136.25
139.25
139.25
137.75
137.75
139.5
139.5
138.25
140.75
140.75
139.5
139.5
138.75
139.5
139.5
140.25
140.25
136.75
136.75
139.5
139.5
139.5
139.75
139.75
138.0
138.0
135.75
137.5
137.5
137.25
137.25
135.75
135.75
136.25
138.5
138.5
138.0
138.0
137.75
137.75
139.25
138.0
138.0
139.0
139.0
139.5
140.0
140.0
141.25
141.25
141.0
141.0
140.75
140.75
140.75
140.5
140.5
142.0
141.25
141.25
142.5
142.5
141.25
142.5
142.5
140.75
140.75
141.75
140.75
140.75
142.0
142.0
141.25
141.25
143.25
139.75
139.75
143.5
143.5
143.0
144.75
144.75
141.75
141.75
143.5
144.0
144.0
143.5
143.5
144.5
143.0
143.0
143.5
143.5
143.25
144.25
144.25
144.0
144.0
143.75
143.5
143.5
143.25
143.25
144.0
145.75
145.75
142.25
142.25
143.25
142.25
142.25
142.25
142.25
142.0
142.0
142.0
140.75
140.75
140.75
141.5
141.5
140.75
140.75
143.25
143.25
142.25
142.25
142.25
142.25
142.25
142.25
143.75
143.75
144.5
144.5
145.0
145.0
145.0
145.5
145.75
145.75
146.5
146.5
147.5
149.75
149.75
147.75
148.0
148.0
150.25
150.25
151.25
149.0
149.0
152.75
156.0
156.0
156.25
154.75
154.75
156.25
156.0
156.0
153.0
153.0
152.75
153.5
153.5
150.75
150.75
150.75
150.75
150.75
151.0
151.0
151.0
150.75
154.25
156.0
156.0
155.75
155.25
155.25
154.75
154.75
155.0
153.5
153.5
152.75
154.5
154.5
157.25
156.5
156.5
157.25
155.75
155.75
157.0
157.0
156.5
157.25
157.25
156.0
158.75
158.75
159.0
158.75
158.75
157.75
158.25
158.25
158.0
157.75
157.75
157.5
156.0
156.0
154.75
153.75
153.75
153.25
153.75
153.75
154.25
154.25
152.0
153.0
153.0
154.0
153.25
153.25
153.25
153.25
152.5
152.25
152.25
151.25
150.75
150.75
150.75
151.25
151.25
151.0
151.0
150.75
151.25
151.25
152.25
152.25
152.25
151.75
151.25
151.25
150.0
150.0
150.75
150.75
150.75
150.5
150.25
150.25
151.0
149.25
149.25
152.5
152.5
151.5
151.5
153.5
153.5
152.5
152.0
152.0
152.0
151.75
151.75
151.5
151.5
151.5
151.5
151.5
151.5
151.5
151.5
151.5
151.25
154.25
154.25
154.5
154.5
154.5
154.5
155.0
155.0
158.0
157.75
157.75
157.0
155.5
155.5
158.0
157.5
157.5
157.75
157.75
159.25
158.25
159.0
159.0
156.75
156.0
155.25
155.25
154.25
154.25
153.5
153.5
153.5
153.5
152.5
152.5
152.5
153.25
154.0
154.0
153.75
152.5
152.5
153.75
155.25
155.25
154.25
154.25
154.0
154.25
154.25
154.75
156.25
156.25
156.0
156.5
156.5
156.75
157.25
157.25
157.25
156.0
156.0
156.5
156.25
156.25
154.5
155.75
155.75
155.5
156.0
156.0
154.0
154.0
153.75
154.75
154.75
153.75
153.0
153.0
153.75
153.25
153.25
152.5
152.5
152.0
151.25
151.25
152.0
152.0
152.0
150.0
151.25
151.25
150.75
150.75
152.5
152.5
152.5
151.25
151.0
151.0
151.0
151.0
151.25
150.0
150.0
151.75
147.25
147.25
149.5
149.5
150.25
149.75
149.75
147.75
147.75
147.75
148.5
148.5
148.25
148.0
148.0
148.0
148.0
147.25
147.25
147.25
145.5
145.5
146.75
148.0
148.0
148.0
148.0
146.0
146.0
146.0
146.5
147.0
147.0
147.25
147.25
145.5
147.0
147.0
149.5
148.75
148.75
148.5
148.75
148.75
149.25
149.25
149.25
150.25
152.25
152.25
152.5
152.5
152.5
152.5
152.25
152.25
152.75
152.75
154.5
153.75
153.75
153.75
154.25
154.25
155.5
156.0
156.0
156.0
155.0
155.0
155.0
155.0
155.0
155.0
156.0
155.5
155.5
154.75
154.25
154.25
154.25
156.75
157.25
157.25
157.0
156.75
156.75
157.75
157.0
157.0
156.5
156.5
156.5
158.25
158.0
158.0
157.75
157.75
158.25
157.0
157.0
158.5
158.5
157.5
158.5
158.5
157.75
158.0
158.0
157.75
157.0
157.0
156.75
157.25
157.25
156.75
156.75
156.5
156.25
156.25
155.5
155.25
155.25
154.75
155.0
155.0
156.0
154.75
154.75
155.0
155.25
155.25
155.5
155.5
155.0
154.75
154.75
155.25
156.5
156.5
154.75
155.5
155.5
154.25
153.75
153.75
153.75
153.75
153.75
154.0
154.0
153.75
154.0
154.0
154.25
155.75
155.75
155.5
155.75
155.75
156.5
157.0
157.0
157.0
156.0
156.0
157.0
157.0
157.5
157.5
157.5
156.25
155.0
155.0
154.75
156.25
156.25
158.5
155.5
155.5
155.25
156.5
156.5
157.75
156.5
156.5
158.0
160.25
160.25
159.5
158.25
158.25
157.75
158.75
158.75
156.5
157.25
157.25
158.25
158.0
158.0
158.0
159.0
159.0
159.0
159.5
160.75
160.75
160.5
161.25
161.0
161.0
160.75
160.75
162.25
161.75
161.75
161.5
161.75
161.75
161.5
159.5
159.5
159.0
157.25
157.25
158.25
158.0
158.0
157.25
157.75
157.75
157.75
156.75
156.75
156.25
155.5
155.5
155.0
155.0
154.5
154.0
154.0
153.75
153.5
153.5
153.5
153.75
153.75
152.25
152.25
151.75
151.5
151.5
151.25
151.5
151.5
150.75
151.25
151.25
151.0
151.0
150.25
150.5
150.5
150.25
149.5
149.5
148.75
148.75
148.75
148.5
148.5
148.25
148.25
147.75
147.0
147.0
146.5
146.5
146.75
146.25
146.25
145.5
145.75
145.75
146.0
146.0
145.0
145.5
145.5
146.5
146.5
146.5
147.0
147.0
146.25
146.25
146.5
147.0
147.0
147.0
146.75
146.75
147.0
147.0
147.0
147.0
147.0
146.75
146.75
146.5
146.25
146.25
145.75
145.75
146.25
146.5
146.5
146.5
147.0
147.0
146.5
146.5
146.25
146.25
146.25
145.5
145.5
145.0
144.5
144.5
144.5
144.5
144.75
144.5
144.5
144.25
144.25
144.75
143.5
143.5
143.25
143.25
142.75
142.75
143.25
143.25
143.25
143.75
143.75
143.75
143.5
143.5
144.25
144.25
144.5
144.0
144.0
143.25
143.25
143.25
143.75
143.75
143.5
143.5
144.25
144.0
144.0
143.75
143.75
144.25
144.0
144.0
144.25
144.25
144.75
144.75
144.75
142.5
142.5
140.0
139.75
139.75
140.0
140.0
140.5
140.0
140.0
139.25
139.25
138.5
138.5
138.0
138.5
138.5
139.25
139.25
139.5
139.5
139.5
140.25
140.25
140.75
140.75
141.25
141.75
141.75
141.25
141.25
142.0
141.25
141.25
140.75
140.75
140.75
140.75
141.25
142.0
142.0
141.5
141.5
141.25
141.75
141.75
141.0
141.0
140.0
140.5
140.5
141.0
141.0
141.5
141.5
141.25
141.5
141.5
140.0
140.0
140.75
140.75
140.75
141.25
141.25
141.75
141.75
141.0
141.5
141.5
141.25
141.25
140.75
141.25
141.25
140.75
140.75
141.75
142.0
142.0
140.75
140.75
139.5
139.5
140.5
141.0
141.0
141.25
141.25
140.75
140.75
140.75
140.0
140.0
139.5
139.5
140.5
141.25
141.25
140.75
140.75
141.5
142.0
142.0
142.0
142.0
142.0
141.75
141.75
137.0
137.0
142.25
142.25
139.5
140.75
140.75
140.5
140.5
140.75
140.0
140.0
140.75
140.75
140.75
140.75
142.5
141.5
141.5
141.25
141.25
140.5
141.0
141.0
141.0
141.0
140.75
140.5
140.5
138.75
138.75
140.5
141.25
141.25
142.0
142.0
143.25
143.5
143.5
143.75
143.75
145.75
145.75
145.75
145.25
145.25
146.75
147.25
147.25
146.0
147.75
147.75
147.75
147.75
147.75
148.5
148.5
148.5
149.0
149.0
149.75
149.75
149.75
149.75
149.75
150.25
151.0
151.0
151.5
151.5
149.75
151.0
151.0
148.75
148.75
148.75
151.5
150.0
150.0
149.25
149.25
149.0
149.0
149.0
146.5
146.5
148.75
148.75
147.75
147.75
147.0
147.75
147.75
148.0
148.25
148.25
148.0
148.0
149.5
148.25
148.25
147.0
147.0
148.25
149.0
149.0
149.75
149.25
149.25
149.25
149.25
148.0
147.25
147.25
147.0
147.0
146.75
145.25
145.25
144.5
144.5
144.0
143.25
143.25
142.25
142.25
142.0
141.75
141.75
142.5
142.5
142.0
141.5
141.5
141.75
141.75
142.75
142.75
142.75
143.0
143.0
142.5
143.0
143.0
143.0
143.0
142.5
143.25
143.25
143.75
142.25
142.25
142.0
142.0
142.5
142.5
143.75
142.0
142.0
142.0
142.0
142.5
142.25
142.25
143.0
143.0
142.25
142.0
142.0
138.0
138.0
138.75
138.75
140.0
141.5
141.5
142.75
142.75
142.0
142.0
142.5
141.75
141.75
142.0
142.0
143.25
142.0
142.0
141.0
141.0
141.0
141.0
139.75
138.25
138.25
138.25
138.25
140.25
140.5
140.5
140.5
140.5
141.25
141.25
140.75
140.75
140.75
141.25
141.25
142.75
142.25
142.25
142.0
142.0
142.5
141.75
141.75
143.0
143.0
143.25
144.0
144.0
143.25
143.25
142.25
141.5
141.5
143.25
143.25
139.75
141.25
141.25
141.5
141.5
142.0
142.0
141.75
142.0
142.0
142.0
143.25
143.25
143.25
143.25
143.25
143.0
143.0
143.25
143.0
143.0
143.5
143.5
142.5
142.75
142.75
142.0
142.0
142.5
143.25
143.25
143.25
143.25
143.25
143.25
144.0
142.0
142.0
139.0
139.0
141.75
141.75
141.75
141.0
141.0
140.75
140.75
141.5
140.75
140.75
141.0
141.5
141.5
141.25
141.25
141.0
141.0
142.0
141.5
141.5
141.5
140.75
142.75
142.75
142.25
142.25
142.5
142.0
142.0
140.75
140.75
141.5
142.75
142.75
139.5
137.0
137.0
140.0
140.0
136.75
136.75
138.75
138.75
138.5
138.5
138.75
140.75
140.75
139.75
139.75
140.0
141.0
141.0
141.0
141.0
141.25
140.0
140.0
142.25
142.25
142.25
142.75
142.75
141.75
141.75
142.75
142.75
143.25
143.25
143.25
142.25
142.25
142.5
143.0
143.0
142.0
142.0
137.75
137.75
137.75
137.0
137.0
137.75
137.75
138.25
139.0
139.0
139.75
139.75
140.0
140.0
140.25
140.0
140.0
141.0
141.0
140.75
140.25
140.25
141.0
141.0
142.0
142.0
142.0
140.75
140.75
141.0
142.25
142.25
141.5
141.5
143.0
142.0
142.0
142.0
142.0
142.25
142.25
142.0
142.25
142.25
140.75
140.75
140.5
141.5
141.5
141.5
141.5
141.75
141.75
142.0
142.0
142.0
142.0
142.0
143.0
143.25
143.25
141.75
141.75
141.0
142.25
142.25
143.0
144.0
144.0
142.0
140.75
140.75
140.25
140.25
139.75
141.0
141.0
141.75
141.75
140.5
139.5
139.5
141.0
141.0
142.75
142.75
142.25
142.5
142.5
142.0
142.0
140.5
140.5
140.5
141.25
141.25
142.0
142.0
142.0
142.25
142.25
142.25
142.25
142.25
142.0
142.0
142.0
142.0
141.25
141.25
141.25
141.25
141.25
141.5
141.5
141.75
141.75
142.0
141.75
141.75
139.5
139.5
140.5
140.5
139.75
141.25
141.25
140.75
140.75
141.25
140.25
140.25
138.0
138.0
138.0
138.0
139.0
140.25
140.25
140.75
140.75
138.0
138.0
135.25
133.5
133.5
135.75
135.75
136.75
136.75
137.5
137.5
137.5
136.25
136.25
136.5
136.5
138.25
138.5
138.5
138.75
138.75
139.75
139.75
141.0
140.0
140.0
142.5
142.5
141.75
142.0
142.0
142.25
142.25
142.75
144.25
144.25
143.75
143.75
142.75
142.25
142.25
142.5
142.5
142.25
142.25
142.25
143.25
143.25
144.25
143.75
143.75
142.75
142.75
143.25
142.75
142.75
141.5
141.5
141.25
140.5
140.5
141.25
141.25
140.5
140.5
140.75
140.0
140.0
139.0
139.0
140.25
139.0
139.0
138.5
138.5
138.75
138.75
139.5
139.5
139.5
139.0
139.0
139.5
139.5
138.75
138.75
138.75
139.5
139.5
140.0
140.0
140.25
139.5
139.5
140.5
140.5
139.5
139.0
139.0
138.75
138.75
139.25
139.25
139.5
137.75
137.75
139.5
138.75
138.75
138.75
138.0
137.0
137.0
136.0
136.0
135.0
135.0
135.0
135.0
135.0
135.25
135.25
135.75
135.75
135.75
136.25
136.25
136.0
136.0
136.75
136.75
136.75
136.75
134.75
134.5
134.5
135.0
135.0
132.75
132.75
132.75
132.75
133.5
134.75
134.75
135.0
135.0
133.75
133.75
135.25
135.0
135.0
135.0
135.0
136.75
136.75
136.75
136.75
136.75
132.75
132.75
134.75
134.75
135.0
135.0
134.25
135.0
135.0
134.0
134.0
134.25
133.25
133.25
133.25
133.25
134.25
134.25
134.25
134.25
132.75
132.75
134.25
134.25
134.5
135.0
135.0
135.5
135.5
135.75
135.75
135.5
136.25
136.25
135.75
135.75
136.75
136.75
134.75
135.25
135.25
135.75
135.75
136.25
136.25
136.25
136.5
136.5
136.5
136.5
137.5
137.5
137.25
137.5
137.5
135.0
135.0
136.75
136.75
136.5
135.25
135.25
134.0
134.0
133.75
133.75
134.5
134.5
135.25
135.0
135.0
135.0
135.0
134.25
134.25
135.25
136.25
136.25
136.0
136.0
135.5
135.5
135.75
135.75
135.5
135.0
135.0
136.0
136.0
135.75
135.75
136.0
136.0
136.0
136.0
136.0
134.75
134.75
135.5
135.75
135.75
134.5
134.5
134.25
134.25
132.75
132.75
133.5
133.5
134.25
133.5
133.5
133.0
133.0
133.75
133.75
132.5
132.5
132.5
132.5
132.0
132.0
132.75
132.75
130.0
131.25
131.25
131.25
132.25
132.25
133.0
133.0
134.0
134.0
134.75
135.75
135.75
136.0
136.0
137.5
137.5
137.5
137.5
137.5
138.25
138.25
137.75
137.75
139.0
139.0
139.0
138.5
138.5
138.5
138.5
137.75
137.75
137.75
137.75
137.75
138.0
138.0
137.75
135.0
135.0
135.25
135.25
135.0
135.0
135.0
135.0
135.0
134.0
134.0
135.0
135.0
134.5
136.25
136.25
138.5
138.5
137.0
137.0
137.0
138.5
138.5
137.75
137.75
139.5
139.5
139.5
139.25
139.25
139.5
141.5
141.5
142.75
142.75
142.25
142.25
138.5
138.5
137.5
137.5
137.5
137.5
137.75
137.75
137.75
152.0
148.25
148.25
144.0
141.75
141.75
139.5
139.5
141.0
141.0
138.25
138.25
138.25
138.25
137.0
138.5
138.5
138.5
138.5
139.5
139.5
139.5
138.75
138.75
139.25
139.25
138.75
139.5
139.5
139.25
139.25
139.0
139.0
139.25
138.0
138.0
137.5
137.5
137.75
138.75
138.75
139.0
139.0
139.0
142.75
142.75
141.0
141.0
139.0
139.0
139.5
140.0
140.0
140.5
140.5
139.5
139.0
139.0
139.25
139.25
139.25
139.25
138.5
138.5
138.5
138.5
138.5
138.25
138.25
138.5
139.0
139.0
139.25
139.25
138.75
138.75
138.0
139.0
139.0
139.0
139.0
139.5
139.5
139.75
140.75
140.75
140.0
140.0
140.5
140.75
140.75
140.5
140.5
141.25
142.5
142.5
141.5
141.5
143.0
143.0
137.75
139.75
139.75
139.0
139.0
140.0
140.0
140.25
139.5
139.5
140.5
140.5
140.25
139.5
139.5
140.25
140.25
139.5
139.5
138.75
137.25
137.25
137.75
137.75
138.25
138.25
138.25
138.5
138.5
139.25
139.25
139.0
139.0
139.0
139.5
139.5
139.5
139.5
139.5
139.5
139.5
139.75
139.75
139.0
138.75
138.75
139.5
139.5
141.0
142.0
142.0
139.5
139.5
139.5
139.5
139.0
139.5
139.5
139.75
139.75
138.5
138.5
138.25
138.25
138.25
138.5
138.5
138.75
138.75
137.5
137.5
137.5
137.75
137.75
138.5
138.5
137.75
138.0
138.0
138.5
138.5
138.5
139.5
139.5
138.75
138.75
138.25
138.25
137.5
138.5
138.5
138.75
138.75
138.75
138.75
138.75
137.75
138.5
138.5
138.25
138.25
139.5
139.5
138.5
137.5
137.5
137.5
137.75
137.75
136.75
136.75
136.75
136.75
135.75
135.75
136.75
136.75
137.0
137.0
137.5
136.75
136.75
136.75
138.25
139.5
139.5
138.5
138.5
137.75
138.0
138.0
138.75
138.75
138.5
138.5
139.25
137.5
137.5
138.5
138.5
138.25
138.75
138.75
139.5
139.5
137.5
137.5
135.75
135.75
135.25
135.5
135.5
135.0
135.0
135.75
135.0
135.0
134.25
134.25
134.0
134.0
135.0
135.0
135.0
136.25
136.25
136.25
136.25
136.5
136.5
136.25
136.0
136.0
136.0
136.0
136.0
136.0
136.25
136.25
136.75
137.5
137.5
137.75
137.75
136.75
136.25
136.25
136.5
136.5
137.25
137.25
136.25
137.5
137.5
137.5
137.5
137.0
137.0
137.5
138.0
138.0
138.0
138.0
138.5
138.5
138.75
139.5
139.5
139.25
139.25
139.5
139.5
139.5
139.0
139.0
139.5
139.5
138.75
138.25
138.25
138.5
138.5
138.75
138.75
138.75
139.0
139.0
138.75
138.75
139.5
139.0
139.0
141.0
141.0
139.5
138.75
138.75
138.5
138.5
137.0
137.0
138.0
138.0
136.75
136.25
136.25
134.25
134.25
133.0
134.75
134.75
136.25
136.25
134.5
134.5
134.5
134.5
135.25
135.25
135.25
135.0
135.0
135.5
135.5
135.25
135.25
135.5
135.75
135.75
135.75
135.75
136.75
136.75
135.75
135.75
136.75
137.0
137.0
136.75
136.75
137.0
137.0
137.75
137.5
137.5
138.5
138.5
137.75
137.75
137.5
137.75
137.75
137.5
137.5
138.25
138.25
138.25
138.5
138.5
138.0
138.0
138.0
138.0
138.0
138.5
138.5
139.25
139.5
139.5
140.0
140.0
140.0
140.0
140.75
139.75
139.75
139.75
139.75
140.0
140.0
139.5
139.5
139.5
138.25
138.25
136.75
136.75
136.75
137.0
137.0
136.75
136.75
137.5
137.25
137.25
137.25
137.25
138.25
138.25
136.75
136.75
137.0
137.0
137.25
137.25
137.5
135.75
135.75
135.75
135.75
136.5
136.5
135.75
135.75
134.0
133.5
133.5
134.75
134.75
135.5
135.5
135.75
135.5
135.5
132.75
132.75
133.75
133.75
134.75
134.75
134.5
134.5
135.0
135.0
135.0
135.0
135.0
134.75
134.75
135.5
135.5
135.75
135.75
135.25
135.0
135.0
135.0
135.0
136.0
136.0
135.75
135.75
135.75
135.75
135.75
135.25
135.25
135.75
136.0
136.0
136.75
136.75
136.75
136.75
136.75
136.75
134.25
134.25
132.0
132.0
132.25
132.25
132.75
133.25
133.25
133.5
133.5
135.0
134.75
134.75
134.0
134.0
136.0
136.0
135.5
135.5
135.0
135.0
135.75
135.75
135.75
136.25
135.0
135.0
135.0
134.25
135.0
135.0
136.25
136.25
136.0
135.5
135.5
136.75
136.75
136.25
136.25
137.5
137.5
137.5
138.75
138.75
137.75
137.75
138.25
138.25
138.25
138.5
138.5
138.5
138.5
139.0
139.0
139.0
138.75
138.75
138.5
138.5
136.25
136.25
136.5
136.5
137.25
137.25
135.75
135.75
136.75
136.75
136.75
136.75
136.75
136.75
136.75
136.75
136.75
136.75
137.0
136.75
136.46428571428572
136.17857142857142
135.89285714285714
135.60714285714286
135.32142857142858
135.03571428571428
134.75
134.75
135.0
135.0
135.0
135.0
135.5
135.75
135.75
135.75
135.75
136.0
136.0
136.25
136.25
136.25
135.25
135.25
136.25
136.25
136.75
136.75
136.75
136.75
136.75
135.5
135.5
135.5
135.5
136.0
136.0
136.0
136.25
136.5
136.5
137.25
137.25
137.25
137.25
137.25
137.5
137.5
137.5
137.5
136.0
136.0
134.75
134.75
135.0
135.0
135.0
135.0
135.0
135.0
135.0
134.25
134.25
132.75
133.75
133.75
134.0
134.0
133.75
133.75
133.25
133.25
132.75
132.75
133.25
133.5
133.5
133.75
133.75
133.75
133.75
133.5
133.75
133.75
132.75
132.75
135.0
135.0
135.25
135.25
135.75
137.25
137.25
136.75
136.75
137.5
137.5
137.75
138.25
138.25
138.25
138.25
137.5
137.5
137.5
137.5
137.5
137.5
137.5
137.5
136.75
136.75
136.75
136.75
136.25
136.25
136.5
136.0
136.0
136.25
136.25
136.5
136.5
137.0
137.0
136.75
136.75
136.75
137.0
137.0
136.75
136.75
136.75
137.0
137.0
137.0
137.0
137.0
137.0
138.0
138.0
138.0
139.0
139.0
139.25
138.75
138.75
139.0
139.0
139.5
139.5
140.25
140.25
140.25
141.0
141.0
139.75
140.5
140.5
140.25
140.25
140.5
140.75
140.75
141.0
141.0
140.75
140.75
140.75
140.75
140.75
140.75
140.75
140.25
140.75
140.75
141.0
141.0
141.25
141.25
140.75
140.75
140.75
141.25
141.25
141.5
142.25
142.25
141.5
141.5
143.0
142.0
142.0
143.25
143.25
143.5
144.25
144.25
144.0
144.0
143.75
143.75
144.0
143.5
143.5
144.0
144.0
143.75
144.75
144.75
145.0
144.75
144.75
145.0
145.0
144.75
145.0
145.0
145.0
145.0
144.75
145.0
145.0
145.25
145.25
144.0
144.5
144.5
143.75
143.75
142.5
142.75
142.75
142.75
142.75
142.0
142.0
142.0
142.0
142.0
141.5
141.5
141.5
142.0
142.0
140.75
142.25
142.25
143.25
141.0
141.0
138.5
138.5
134.5
134.5
139.0
139.0
140.5
140.0
140.0
139.75
139.75
139.25
139.25
139.5
139.75
139.75
139.75
139.75
140.25
140.25
141.0
141.0
141.0
141.0
141.0
140.0
140.0
140.5
139.0
139.0
137.75
138.5
138.5
139.25
141.25
141.25
141.25
138.25
138.25
139.0
138.5
138.5
138.5
138.5
139.5
139.5
139.25
139.0
139.0
138.75
138.75
139.0
139.0
139.0
139.5
139.5
139.5
138.75
138.5
138.5
138.0
138.0
138.25
138.75
138.75
138.75
138.5
138.5
138.5
138.5
139.25
139.25
139.5
139.0
139.0
139.5
139.5
139.5
139.5
139.0
138.5
138.5
138.5
138.5
137.75
137.75
138.0
138.0
138.0
137.5
137.5
137.0
138.0
138.0
137.75
137.75
137.5
137.5
137.5
137.0
137.0
138.0
138.0
137.0
137.0
138.0
138.5
138.5
138.25
138.25
139.0
139.0
139.5
138.5
138.5
139.25
139.25
140.0
139.0
139.0
140.0
140.0
138.75
138.75
139.25
139.25
139.25
139.0
139.0
139.25
139.25
139.25
139.0
139.0
137.5
137.5
138.5
138.75
138.75
138.0
138.0
138.75
138.75
136.25
136.25
129.5
130.75
130.75
135.75
135.75
134.25
134.25
134.5
134.5
133.25
132.75
132.75
133.75
133.75
134.0
134.0
134.25
135.75
135.75
135.75
135.75
134.25
134.25
135.25
135.5
135.5
135.0
135.0
135.0
135.0
135.75
135.75
136.25
136.75
136.75
136.0
135.0
135.0
135.25
135.25
135.75
135.75
135.25
135.75
135.75
136.0
136.0
135.75
135.75
136.0
136.0
136.75
136.75
137.5
137.5
136.5
137.0
137.0
137.25
137.25
138.0
138.5
138.5
138.5
138.5
138.25
138.25
139.25
139.5
139.5
138.75
138.75
139.0
139.0
139.0
138.5
138.5
139.25
139.25
138.75
138.5
138.5
138.5
138.5
138.5
137.5
137.5
137.5
137.5
137.5
137.5
138.5
138.5
138.5
138.0
138.0
138.5
138.25
138.25
138.5
138.5
138.5
138.5
137.75
138.25
138.25
137.75
137.75
137.5
137.5
138.25
138.5
138.5
138.0
138.0
138.0
138.0
138.0
138.0
138.5
139.0
139.0
138.5
138.5
137.5
139.5
139.5
139.5
139.5
139.25
139.25
139.5
139.75
139.75
139.75
139.75
139.0
140.75
140.75
140.25
140.25
140.0
140.0
140.0
140.0
140.0
139.75
139.75
139.75
141.0
141.0
139.75
139.75
139.25
139.0
139.0
140.0
140.0
140.25
140.5
140.5
141.0
141.0
140.5
139.75
139.75
140.25
140.25
140.0
139.0
139.0
139.0
139.0
137.5
137.5
137.25
137.25
137.75
137.75
138.5
137.75
137.75
138.0
138.0
137.5
137.5
138.5
138.25
138.25
138.0
138.0
138.5
138.5
137.75
138.25
138.25
138.25
138.25
138.5
138.75
138.75
139.5
139.5
139.5
139.5
139.5
140.75
140.75
139.75
139.75
140.0
140.5
140.5
139.75
139.75
139.5
139.5
139.25
140.5
140.5
139.5
139.5
139.0
139.0
139.75
140.75
140.75
139.75
139.75
140.75
141.25
141.25
141.5
141.5
140.75
140.75
140.75
141.0
141.0
141.25
140.5
140.5
140.0
140.0
140.75
140.75
141.5
141.5
140.75
141.0
141.0
141.0
141.0
141.25
141.25
141.25
140.0
140.0
140.25
140.25
139.75
139.75
139.5
137.75
137.75
138.25
138.25
138.5
138.5
138.5
138.5
138.5
139.0
139.0
138.75
139.75
139.75
139.75
139.75
140.5
140.5
140.75
140.75
140.75
141.25
141.25
140.5
140.5
140.5
140.5
140.5
140.5
140.5
140.5
140.75
141.25
141.25
141.5
141.5
142.0
141.75
141.75
142.0
142.0
142.75
142.75
142.75
142.0
142.0
142.0
140.75
140.75
141.75
141.75
142.0
140.75
140.75
141.5
141.5
142.75
142.75
141.5
141.25
141.25
140.75
140.75
141.75
140.5
140.5
140.75
140.75
139.5
139.5
140.0
140.0
140.0
138.75
138.75
140.0
140.0
140.0
138.5
138.5
139.5
139.5
139.5
138.5
138.5
138.25
138.25
138.25
137.25
137.25
137.5
137.5
138.5
138.5
138.25
138.5
138.5
138.5
138.5
138.5
138.5
138.25
139.5
139.5
139.5
139.5
139.75
139.75
139.25
138.5
138.5
138.5
138.5
138.75
139.75
139.75
139.5
139.5
139.25
139.25
138.5
136.5
136.5
135.75
135.75
134.25
134.25
134.0
135.75
135.75
135.0
135.0
133.5
133.5
135.75
135.75
136.0
137.5
137.5
137.75
137.75
135.75
137.5
137.5
137.5
137.5
137.0
137.0
138.5
138.5
138.5
137.75
137.75
138.0
138.0
138.25
137.0
137.0
137.5
137.5
137.25
137.25
138.5
137.75
137.75
138.5
138.5
139.75
140.5
140.5
139.25
139.25
139.75
139.75
139.75
139.75
138.75
139.0
139.0
139.25
139.25
139.0
139.5
139.5
138.75
138.75
138.5
138.5
138.25
137.5
137.5
136.25
136.25
135.5
135.5
135.75
135.5
135.5
135.25
135.25
135.25
135.25
135.0
135.0
134.75
135.0
135.0
135.0
135.0
135.0
135.0
133.5
133.75
133.75
133.25
133.25
133.5
133.5
133.75
133.75
134.25
133.0
133.0
131.5
131.5
132.25
132.25
132.75
132.75
133.25
132.75
132.75
132.75
132.75
134.0
134.0
134.25
134.25
134.0
133.75
133.75
132.75
132.75
133.0
133.0
133.0
133.0
132.5
132.0
132.0
134.0
134.0
134.0
134.0
134.5
134.5
134.25
134.25
134.25
134.5
134.5
134.25
134.25
135.25
135.5
135.5
135.75
135.75
135.5
135.5
135.75
135.75
136.5
136.5
136.75
136.75
137.25
137.0
137.0
136.75
136.75
136.0
136.0
136.75
136.5
136.5
136.75
136.75
137.0
137.0
137.0
137.0
137.25
136.75
136.75
137.0
137.0
137.25
137.5
137.5
137.5
137.5
137.25
137.25
137.5
137.5
138.0
138.0
138.25
138.5
138.5
138.5
138.5
138.75
138.25
138.25
138.0
138.0
138.0
138.5
139.0
139.0
138.5
138.5
139.5
139.5
139.5
139.5
140.0
139.75
139.75
139.5
139.5
138.5
139.25
139.25
138.75
138.75
139.0
139.0
139.0
139.25
139.25
139.0
138.75
138.75
139.5
139.5
138.75
138.75
139.5
137.75
137.75
139.0
138.5
138.5
138.0
138.0
138.25
138.25
138.5
139.5
139.5
139.75
139.75
139.5
139.5
139.5
139.5
139.5
140.0
140.0
139.5
140.0
140.0
140.0
140.0
139.75
139.75
140.25
140.25
140.25
140.5
140.5
141.25
140.75
140.75
141.0
141.0
141.75
142.75
142.75
141.5
141.5
141.75
142.0
142.0
142.0
142.0
141.5
142.25
142.25
142.0
142.0
143.0
143.0
142.0
143.25
143.25
142.5
142.5
141.5
141.5
141.5
142.0
142.0
142.0
142.0
141.25
141.75
141.75
141.75
141.75
141.5
141.0
141.0
141.5
141.5
140.75
140.5
140.5
140.0
140.0
139.5
139.5
140.75
139.5
139.5
140.0
140.0
140.5
140.25
140.25
140.75
140.75
140.75
140.75
141.0
141.25
141.25
141.5
141.5
142.0
142.5
142.5
143.0
143.0
142.25
142.75
142.75
144.0
144.0
142.25
142.0
142.0
142.25
142.25
142.0
142.0
142.0
139.75
139.75
139.5
139.5
139.5
137.5
137.5
138.25
138.25
137.5
137.5
137.5
138.0
138.0
138.5
138.5
138.75
139.0
139.0
139.5
139.5
139.25
139.25
139.25
140.5
140.5
140.0
140.0
140.75
140.75
140.75
140.75
140.75
139.75
139.75
140.5
139.75
139.75
139.0
139.0
139.25
139.25
139.5
138.0
138.0
136.75
136.75
135.75
135.75
136.0
136.5
136.5
136.75
136.75
136.0
136.0
135.5
136.75
136.75
134.75
134.75
136.25
136.25
135.5
134.25
134.25
133.5
133.5
134.25
134.25
134.75
134.75
133.5
133.5
132.0
130.5
130.5
132.0
132.0
133.0
133.0
134.25
134.25
134.25
135.25
135.25
136.75
136.75
137.0
137.0
138.5
139.5
139.5
140.25
140.25
141.0
141.0
141.0
141.0
141.0
142.25
142.25
142.25
142.75
142.75
143.0
143.25
143.25
144.75
144.75
144.0
145.0
145.0
145.0
145.0
146.0
146.75
146.75
146.25
147.5
147.5
147.0
147.0
147.5
147.5
147.5
147.5
147.5
146.25
145.5
145.5
147.25
147.0
147.0
146.75
146.75
147.0
145.5
145.5
145.0
145.0
144.75
145.0
145.0
144.75
144.75
144.0
144.25
144.25
142.5
142.5
141.5
141.0
141.0
140.75
140.75
140.0
140.0
139.5
139.5
138.25
138.25
138.5
138.5
138.5
136.5
136.75
136.75
135.5
135.5
133.0
133.0
132.75
132.75
134.0
134.0
133.5
132.25
132.25
132.0
132.0
131.5
131.5
132.0
132.75
132.75
132.75
132.75
132.5
132.5
132.0
132.0
132.0
132.0
132.0
132.0
129.75
132.0
132.0
131.25
131.25
133.5
133.5
133.75
135.0
135.0
134.0
134.0
135.0
135.0
135.0
136.25
136.25
136.5
136.5
136.5
136.5
136.75
136.75
136.75
136.5
136.5
136.75
136.75
136.75
137.0
137.0
137.5
137.5
137.0
136.75
136.75
136.75
136.75
137.0
137.5
137.5
137.0
137.0
136.75
136.75
137.5
137.5
137.5
137.5
137.5
137.25
137.25
136.5
136.5
137.5
137.0
137.0
136.25
136.25
135.25
135.25
136.25
135.75
135.75
135.0
135.0
135.5
135.5
135.25
135.25
135.5
135.5
136.5
137.0
137.0
136.5
136.5
137.25
137.25
136.25
137.0
137.0
136.5
136.5
136.0
136.5
136.5
136.75
136.75
136.5
136.5
136.5
137.0
137.0
136.75
136.75
136.5
136.5
136.0
136.0
136.75
136.5
136.5
136.0
136.0
135.5
135.5
135.75
135.25
135.25
135.5
135.5
135.25
135.25
136.25
136.25
135.5
134.75
134.75
135.0
135.0
134.0
134.0
134.5
135.75
135.75
135.25
135.25
135.25
135.25
135.25
135.25
135.75
136.25
136.25
136.25
136.25
137.0
137.0
135.5
135.5
135.75
135.75
135.75
135.75
135.5
135.0
135.0
135.75
135.75
135.25
135.25
135.0
135.0
135.75
136.25
136.25
135.75
135.75
135.0
135.0
135.0
135.75
135.75
135.75
135.75
135.75
135.75
135.25
135.0
135.0
135.25
135.25
135.75
135.75
136.0
135.75
135.75
135.75
135.75
135.75
135.75
137.0
137.0
137.5
137.25
137.25
135.75
135.75
137.0
137.25
137.25
136.75
136.75
136.75
136.75
137.5
137.5
137.75
137.75
137.75
138.25
138.25
138.75
138.5
138.5
138.75
138.75
138.0
138.0
137.25
136.75
136.75
137.5
137.5
138.25
137.5
137.5
138.25
138.25
137.75
137.75
138.5
138.75
138.75
139.5
139.5
139.5
139.5
139.25
139.5
139.5
139.0
139.0
139.0
139.0
138.5
138.5
138.5
139.0
139.0
138.25
138.5
138.5
139.5
139.5
137.5
137.5
137.75
137.75
137.75
138.0
138.0
138.25
138.25
137.5
136.25
136.25
136.0
136.0
135.75
135.75
136.75
136.75
136.75
135.5
135.5
136.5
136.5
136.75
136.75
137.25
136.75
136.75
136.5
136.5
136.5
136.5
137.0
137.5
137.5
138.25
138.25
138.75
138.75
138.5
138.25
138.25
138.25
139.0
139.0
139.5
139.0
139.0
139.75
139.75
139.25
139.25
139.5
139.0
139.0
139.75
139.75
138.75
138.5
138.5
137.0
137.0
138.25
138.25
139.0
139.0
138.75
138.75
138.5
138.5
139.25
139.0
139.0
139.75
139.75
139.5
139.75
139.75
139.75
139.75
139.75
139.75
140.25
140.25
140.25
140.25
139.0
139.0
139.5
140.0
140.0
139.0
139.0
138.5
138.5
138.5
137.5
137.5
135.0
135.0
134.75
134.75
135.25
133.25
133.25
130.25
130.25
127.25
127.25
126.25
126.25
126.25
126.25
128.0
129.25
129.25
129.75
129.75
130.75
130.75
130.0
130.0
129.0
129.0
129.25
128.75
128.75
129.5
129.5
128.5
128.5
128.0
128.0
126.75
126.75
127.25
127.25
127.25
127.25
125.75
125.75
122.25
122.25
122.25
122.25
123.0
123.0
120.0
120.0
118.75
118.75
120.25
120.25
120.0
120.0
121.0
121.0
117.75
117.75
120.0
120.0
115.5
115.5
111.0
111.0
111.0
113.25
113.25
115.0
115.0
119.25
119.25
121.75
121.75
125.25
127.25
127.25
128.75
128.75
125.25
125.25
125.25
125.25
123.75
123.75
121.25
121.25
125.0
125.0
124.25
124.25
126.25
126.25
127.5
128.75
128.75
129.75
129.75
130.75
130.75
131.5
131.5
130.75
131.25
131.25
132.0
132.0
131.75
131.75
132.75
132.75
133.5
133.5
134.5
134.25
134.25
134.5
134.5
135.0
135.0
135.0
134.5
134.5
135.0
135.0
135.25
135.25
134.5
134.5
134.25
132.5
132.5
132.0
132.0
133.0
133.0
131.5
131.5
131.75
131.75
131.75
132.75
132.75
133.75
133.75
133.25
133.25
134.25
134.75
134.75
134.5
134.5
134.25
134.25
133.75
133.75
133.5
132.75
132.75
131.0
131.0
129.25
129.25
130.0
130.0
130.25
130.25
130.75
130.75
130.25
129.75
129.75
128.0
128.0
128.25
128.25
128.5
128.5
130.25
130.25
130.25
130.25
129.75
128.5
128.5
129.0
129.0
128.75
128.75
128.0
128.0
127.75
127.75
128.5
128.5
129.5
129.5
129.75
129.75
129.75
130.0
130.0
130.25
129.75
129.75
128.5
128.5
129.0
129.0
128.5
128.5
129.0
129.0
129.0
129.0
129.0
128.0
128.0
127.0
127.0
128.0
128.0
128.5
128.5
129.25
129.25
130.0
130.0
130.75
130.75
130.75
130.75
131.0
131.0
130.25
130.25
129.75
129.25
129.25
130.25
130.25
130.25
130.25
130.5
130.5
130.25
130.25
130.25
129.5
129.5
129.5
129.5
129.0
129.0
129.0
129.0
127.5
127.5
128.0
128.0
129.5
130.5
130.5
130.75
130.75
130.0
130.0
131.25
131.0
131.0
130.5
130.5
129.75
129.75
129.25
129.25
129.5
130.25
130.25
130.25
130.25
130.25
130.25
130.5
130.5
131.5
131.5
132.0
132.0
132.25
132.25
133.5
133.5
133.5
133.5
134.75
134.75
133.75
134.75
134.75
135.25
135.25
135.0
135.0
135.0
133.75
133.75
133.5
133.5
133.5
133.5
133.0
133.0
132.5
131.75
131.75
132.25
132.25
132.0
132.0
131.75
131.75
132.0
132.0
132.0
131.5
131.5
131.5
131.5
132.75
132.75
132.75
132.75
132.75
132.5
132.5
132.75
132.75
131.75
131.75
130.75
130.75
131.5
132.5
132.5
132.5
132.5
132.75
132.75
133.0
133.0
133.5
133.25
133.25
133.0
133.0
133.0
133.0
133.25
133.25
133.25
133.25
133.5
133.5
133.5
134.0
134.0
134.5
134.5
134.5
134.5
134.5
135.0
135.0
135.0
135.0
135.75
135.75
135.75
136.75
136.75
135.75
135.75
135.0
135.0
135.0
134.25
134.25
135.0
135.0
135.25
135.25
135.75
136.0
136.0
135.75
135.75
135.75
135.75
135.25
135.0
135.0
133.5
133.5
133.75
133.75
133.25
133.25
132.5
132.5
132.5
133.5
133.5
134.0
134.0
134.25
134.25
132.5
133.5
133.5
133.5
134.25
134.75
134.75
134.5
134.5
135.25
135.25
135.25
135.0
135.0
135.0
135.0
135.5
135.25
135.25
136.0
136.0
135.75
135.75
135.75
135.75
137.0
137.0
137.0
136.75
136.75
135.75
135.75
135.25
133.75
133.75
135.0
135.0
135.25
135.25
136.0
136.0
136.0
136.0
134.0
134.0
134.0
133.0
133.0
132.25
132.25
132.5
132.75
132.75
133.25
133.75
133.75
135.0
135.0
134.5
134.5
135.75
137.5
137.5
135.75
135.75
137.5
137.5
137.5
136.75
136.75
136.5
136.5
137.0
139.0
139.0
137.5
137.5
138.5
138.5
139.25
142.0
142.0
144.75
144.75
144.75
144.75
144.75
144.5
144.5
145.0
144.25
144.25
146.0
145.5
145.5
146.25
146.25
144.75
142.25
142.25
143.0
143.0
142.75
141.5
141.5
144.5
144.5
143.25
142.5
142.5
141.5
141.5
138.25
138.25
138.25
119.0
119.0
120.0
120.0
117.5
117.5
120.0
120.0
116.0
116.0
117.5
117.5
116.0
116.0
116.0
116.0
116.0
116.0
116.0
115.75
116.0
116.0
109.75
109.75
109.75
107.75
107.75
108.0
108.0
108.0
108.0
107.75
107.75
108.0
108.0
108.0
108.0
108.0
108.0
112.28571428571429
116.57142857142857
120.85714285714286
125.14285714285714
129.42857142857142
133.71428571428572
138.0
138.0
138.0
138.0
138.0
138.0
138.0
138.0
138.0
137.75
137.75
137.375
137.0
136.625
136.25
136.25
134.25
134.25
127.0
127.0
128.0
128.0
130.25
133.0
133.0
133.25
133.25
140.5
142.75
142.75
146.25
145.75
145.75
145.0
146.5
146.5
143.25
143.25
144.0
144.0
143.75
143.75
145.75
143.75
143.75
135.75
135.75
130.75
130.75
130.75
130.75
130.25
130.25
130.25
130.25
130.25
130.25
130.25
130.25
130.25
130.25
130.25
130.25
130.25
130.25
130.25
130.25
