120.75
120.75
120.75
121.75
121.75
122.5
122.5
122.5
122.5
121.5
121.5
120.0
120.0
119.0
119.0
119.0
119.0
120.0
120.0
120.75
120.75
120.0
120.0
120.0
118.0
118.0
117.25
118.25
118.25
118.25
118.25
119.0
119.0
119.0
120.5
120.5
121.0
121.0
120.0
120.0
119.5
119.5
118.5
118.5
117.5
117.5
117.5
118.0
118.0
118.0
116.75
116.75
117.5
117.5
117.25
117.25
118.25
118.25
119.5
119.5
120.75
121.0
121.0
122.25
122.25
122.25
122.25
122.25
122.75
122.75
121.0
121.0
122.0
122.5
122.5
122.25
122.25
122.75
122.75
121.5
121.5
120.5
120.5
119.5
119.5
118.75
118.75
117.0
117.0
116.75
116.75
116.25
116.25
117.0
117.0
117.0
116.75
116.75
115.25
115.25
114.0
114.0
116.25
116.25
119.5
119.5
121.75
121.75
121.5
121.5
122.0
122.0
121.75
121.75
122.0
122.0
121.5
121.5
120.75
120.75
118.75
118.75
118.5
118.5
117.25
117.25
118.0
118.0
118.75
118.75
120.25
120.25
121.0
121.0
121.75
121.75
121.5
121.5
120.0
120.0
118.5
118.5
117.0
117.0
117.5
117.5
119.25
119.25
120.5
120.5
119.5
119.5
119.25
119.25
119.25
119.25
119.5
119.5
120.0
120.0
120.75
120.75
121.5
121.5
123.0
123.0
125.0
126.25
126.25
126.75
126.75
126.25
126.25
125.25
125.25
125.25
125.25
123.5
123.5
120.5
120.5
120.75
120.75
117.0
117.0
117.5
117.5
120.0
120.0
121.25
121.25
121.75
121.75
120.5
120.5
118.5
118.5
118.5
118.5
119.0
119.0
120.0
120.0
121.25
121.25
121.0
121.0
119.5
119.5
119.5
119.5
119.0
119.0
118.75
118.75
118.75
116.25
116.25
114.25
114.25
114.75
114.75
114.75
114.75
117.0
117.0
120.5
123.0
123.0
124.25
124.25
124.5
124.5
124.0
124.0
124.5
124.5
124.5
124.5
124.5
124.5
124.0
124.0
122.75
122.75
122.75
122.75
122.75
122.75
123.0
123.0
121.75
121.75
122.5
122.5
123.0
123.0
123.0
123.5
123.5
124.5
124.5
124.5
124.0
123.0
123.0
122.5
122.5
122.5
120.75
120.75
120.0
120.0
119.5
119.5
119.25
118.5
118.5
119.75
119.75
121.0
121.0
121.5
121.5
121.75
121.75
121.5
121.5
121.75
121.75
121.75
121.75
121.75
121.75
120.25
120.25
119.5
119.5
118.0
118.0
118.0
117.0
117.0
116.75
116.75
116.25
117.0
117.0
117.5
117.5
117.5
118.75
118.75
118.75
118.75
118.0
118.0
119.0
119.0
118.5
118.5
118.5
118.5
117.0
117.0
116.25
116.25
116.5
116.5
117.25
117.25
118.75
118.75
119.25
119.25
118.75
118.75
118.75
118.75
118.75
118.75
119.5
119.5
120.0
120.0
119.75
119.75
119.5
119.5
119.0
119.0
118.75
118.75
120.0
120.0
121.75
121.75
122.25
122.25
123.0
123.0
123.5
123.5
124.0
124.0
123.0
122.0
122.0
122.0
120.75
120.75
119.25
119.25
118.0
118.0
115.5
115.5
117.0
117.0
117.25
117.25
118.0
118.0
119.25
119.25
121.25
121.25
122.25
122.25
123.5
123.5
124.0
124.0
121.75
121.75
120.75
120.75
120.0
120.0
120.5
120.5
121.25
121.25
122.0
122.0
122.5
122.5
123.75
123.75
124.0
124.0
124.0
124.0
124.0
123.75
123.75
124.0
124.0
124.25
124.25
124.0
124.0
123.25
123.25
124.0
123.5
123.5
122.5
122.5
123.0
123.0
124.5
124.5
126.5
126.5
126.5
126.25
125.75
125.75
124.75
124.75
123.5
123.5
122.75
122.75
122.25
122.25
120.25
120.25
120.25
118.75
118.75
118.5
119.5
119.5
121.75
121.75
123.75
123.75
124.0
124.0
124.5
124.5
125.0
125.0
125.0
125.0
125.25
125.25
125.25
125.25
124.25
124.25
123.5
123.5
122.75
122.75
121.25
121.25
120.75
120.75
120.75
120.75
120.75
120.75
120.75
120.75
118.75
118.75
118.25
118.25
119.0
119.0
118.75
118.75
117.75
117.75
117.5
117.5
116.5
116.5
116.0
116.0
116.0
116.0
116.0
116.0
116.0
116.0
116.0
116.0
116.0
129.5
129.5
131.5
131.5
133.5
133.5
135.0
135.0
135.75
136.75
136.75
137.5
137.5
137.5
137.5
134.5
132.0
132.0
129.0
129.0
126.75
126.75
126.25
126.25
124.0
124.0
123.0
123.0
122.0
122.0
121.5
121.5
121.75
121.75
121.75
121.25
121.25
121.5
121.5
121.75
121.75
122.75
122.75
122.25
122.25
122.25
119.5
119.5
117.5
117.5
117.25
117.25
115.5
115.5
117.0
117.0
117.5
117.5
118.5
118.5
120.25
120.25
122.0
122.0
122.5
122.5
123.25
123.25
122.25
122.25
119.75
119.75
118.5
118.5
117.75
117.75
116.5
116.5
116.75
116.75
115.75
115.75
114.25
114.25
115.5
115.5
117.75
117.75
119.0
119.0
119.5
119.5
119.25
119.25
118.5
118.5
118.5
118.5
119.25
119.25
120.25
120.25
120.5
120.5
120.0
120.0
120.25
120.25
118.25
118.25
118.5
118.5
117.75
117.75
118.5
118.5
118.25
118.25
118.25
119.0
119.5
119.5
120.5
120.5
122.25
122.25
122.5
122.5
123.0
123.0
123.25
123.25
123.0
123.0
120.75
120.75
120.0
120.0
120.0
120.0
120.75
120.75
120.75
120.75
121.0
121.0
121.0
121.0
121.5
121.5
121.0
121.0
119.5
119.5
120.25
120.25
121.0
121.0
122.25
122.25
123.25
123.25
123.5
123.5
123.0
123.0
122.25
122.25
120.75
120.75
117.25
117.25
117.75
117.75
117.25
117.25
118.0
118.0
118.5
118.5
118.25
118.25
119.0
119.0
119.0
119.0
120.5
120.5
121.0
121.0
121.5
121.5
122.25
122.25
122.0
122.0
121.75
121.75
121.75
121.75
121.75
121.75
122.25
122.25
122.25
122.25
122.0
122.25
122.25
123.0
123.0
122.5
122.5
121.75
121.75
121.25
121.25
119.5
119.5
120.25
120.25
121.5
121.5
122.25
122.25
123.25
123.25
122.5
122.5
122.75
122.75
122.5
122.5
123.25
123.25
123.25
123.25
122.75
122.75
123.75
123.75
124.5
125.0
125.0
126.0
126.0
126.5
126.5
127.25
127.25
128.5
128.5
128.5
131.75
131.75
133.25
133.25
133.25
132.0
130.5
130.5
130.5
128.5
127.25
127.25
126.5
126.5
124.25
124.25
122.75
122.75
122.25
122.25
121.0
121.0
120.75
120.75
121.0
121.0
119.5
119.5
119.0
119.0
119.75
119.75
120.75
120.75
119.0
119.0
120.25
120.25
120.75
120.75
120.75
120.75
121.75
121.75
122.25
123.5
123.5
124.5
124.5
125.75
125.75
125.75
125.75
125.25
125.25
124.75
124.75
123.5
123.5
122.25
122.25
123.0
123.0
122.25
122.25
121.0
121.0
119.5
119.5
120.5
120.5
121.0
121.0
122.5
122.5
123.0
123.75
123.75
123.75
124.0
124.0
124.25
124.25
124.25
124.5
124.5
125.0
125.0
124.25
124.25
124.75
125.25
125.25
128.5
128.5
128.5
131.25
131.25
132.5
133.5
133.5
135.5
135.5
136.75
138.5
138.5
139.75
142.0
142.0
143.25
143.25
143.75
144.5
144.5
145.0
145.0
145.5
145.5
145.5
143.25
143.25
140.5
140.5
138.5
138.5
138.0
138.75
138.75
137.5
137.5
137.0
137.0
136.0
133.25
133.25
128.25
128.25
125.0
125.0
125.0
125.0
125.5
125.5
125.0
125.0
123.5
123.5
121.25
118.5
118.5
117.5
117.5
118.25
118.25
120.0
120.0
121.5
121.5
123.25
123.25
123.25
123.25
122.25
122.25
121.25
121.25
120.0
120.0
119.75
119.75
120.25
120.25
118.5
118.5
117.5
117.5
117.5
118.5
118.5
118.0
118.0
119.0
119.0
118.75
118.75
118.75
118.75
119.0
119.0
118.0
118.0
118.5
118.5
119.0
119.0
122.5
122.5
123.5
123.5
123.75
123.75
123.0
123.0
121.0
120.75
120.75
120.75
120.0
120.0
120.0
120.0
120.25
120.25
121.0
121.0
120.0
120.0
119.75
119.75
120.25
119.75
119.75
119.75
120.25
121.25
121.25
121.75
121.75
121.75
121.75
121.75
121.75
121.75
121.75
121.75
121.75
122.5
122.5
122.5
122.5
122.5
122.5
122.75
122.75
122.25
122.25
121.75
121.75
121.5
121.5
121.75
121.75
122.25
122.25
121.75
121.75
121.75
114.0
112.75
112.75
116.5
116.5
117.75
117.75
118.0
118.0
119.25
119.25
119.5
119.5
120.5
120.5
121.0
121.0
122.25
122.25
125.25
125.25
126.75
128.25
128.25
128.25
130.75
130.75
132.25
132.25
134.25
136.0
136.0
137.75
138.75
138.75
140.0
140.0
141.0
142.0
142.0
142.5
142.5
142.25
142.25
140.75
140.75
133.75
129.5
129.5
123.5
123.5
120.0
120.0
118.75
118.75
118.75
117.0
117.0
115.75
115.75
115.0
115.0
113.75
113.75
112.5
112.5
112.25
112.25
112.75
112.75
114.0
114.0
115.75
115.75
115.75
115.75
115.5
115.5
115.5
113.5
113.5
113.5
113.5
113.5
113.5
113.5
113.5
113.25
113.25
113.5
116.02272727272727
118.54545454545455
121.06818181818181
123.5909090909091
126.11363636363636
128.63636363636363
131.1590909090909
133.6818181818182
136.20454545454547
138.72727272727272
141.25
141.25
142.75
142.75
143.25
143.25
143.25
143.25
140.75
137.5
137.5
137.5
133.0
128.5
128.5
125.5
125.5
125.25
125.25
124.0
124.0
122.75
122.75
122.75
122.75
122.5
122.5
121.0
121.0
111.0
111.0
110.0
110.0
112.75
112.75
118.0
118.0
120.0
120.0
120.25
121.0
121.0
120.75
120.75
123.0
123.0
126.25
126.25
128.0
128.0
128.75
128.75
129.0
129.0
129.25
129.25
128.5
128.5
126.25
126.25
126.25
124.5
124.5
122.75
122.75
118.5
118.5
118.5
118.5
119.0
119.0
118.5
118.5
118.5
118.75
118.75
119.5
119.5
118.75
118.0
118.0
118.5
118.5
117.25
117.25
117.25
115.5
115.5
115.75
115.75
115.75
115.75
115.25
115.25
116.0
116.0
117.25
117.25
117.0
117.0
116.0
116.0
116.25
116.25
119.25
119.25
122.75
122.75
125.75
125.75
126.75
126.75
126.25
126.25
121.25
121.25
115.5
115.5
114.0
114.0
114.0
114.0
115.0
115.0
116.0
116.0
117.25
117.25
117.75
117.75
115.0
115.0
115.0
115.0
113.5
113.5
113.5
113.75
113.75
114.25
114.25
114.25
114.25
114.0
114.0
114.0
113.0
113.0
113.25
113.25
114.75
114.75
116.25
116.25
117.5
117.5
116.25
116.25
112.75
112.75
112.75
108.75
108.75
105.25
105.25
104.0
104.0
104.0
104.25
104.25
104.25
104.25
105.75
105.75
106.25
106.25
106.25
107.75
107.75
109.75
109.75
111.25
111.25
110.5
110.5
110.5
110.5
112.25
112.25
111.25
111.25
111.25
112.25
112.25
112.75
112.75
114.0
114.0
116.5
116.5
120.75
123.0
123.0
125.25
125.25
127.25
127.25
129.0
129.0
129.0
132.0
133.5
133.5
134.25
134.25
135.75
136.75
136.75
139.0
139.0
140.75
140.0
140.0
142.5
142.5
144.0
144.75
144.75
146.0
146.25
146.25
147.0
147.0
147.5
148.0
148.0
148.5
148.5
148.75
147.25
147.25
146.5
147.25
147.25
150.0
150.0
150.0
149.75
149.75
149.75
149.75
150.0
150.0
150.0
150.0
150.0
143.16666666666666
136.33333333333334
129.5
122.66666666666667
115.83333333333333
109.0
109.0
107.25
107.25
107.25
107.25
105.5
105.5
105.25
105.25
104.25
104.25
104.5
104.5
104.5
105.0
105.0
105.25
105.25
105.75
105.75
105.75
105.75
104.75
104.75
104.75
102.0
102.0
102.0
100.75
100.75
102.25
102.25
103.0
103.0
104.25
104.25
109.75
109.75
110.75
110.75
110.75
108.5
108.5
108.25
108.25
107.5
107.5
109.25
109.25
111.0
111.0
116.5
116.5
118.75
118.75
121.75
121.75
119.0
119.0
116.75
116.75
115.75
115.75
115.75
114.25
114.25
112.75
112.75
114.5
114.5
113.75
113.75
108.25
108.25
107.75
107.75
106.5
106.5
106.5
106.5
107.5
107.5
111.75
111.75
114.25
114.25
114.25
115.0
115.0
115.75
115.75
113.0
113.0
111.75
111.75
110.25
110.25
111.25
111.25
111.25
112.0
112.0
112.75
112.75
114.5
114.5
113.5
113.5
111.25
111.25
111.5
111.5
111.25
111.25
110.75
110.75
110.75
112.25
112.25
112.25
112.75
112.75
112.75
116.5
116.5
118.25
118.25
120.5
120.5
120.0
120.0
117.5
117.5
116.75
116.75
115.0
115.0
115.0
115.0
116.75
116.75
119.5
119.5
120.75
121.0
121.0
124.0
124.0
127.5
127.5
127.5
127.5
127.5
127.5
131.75
133.5
133.5
134.0
134.0
134.0
134.0
134.0
134.0
134.0
134.0
133.75
133.75
134.0
134.0
129.3
124.6
119.9
115.2
110.5
110.5
111.75
111.75
111.75
112.5
112.5
113.75
113.75
114.0
114.0
115.0
115.0
116.75
116.75
119.25
119.25
121.5
121.5
121.0
121.0
121.5
121.5
120.0
120.0
117.0
117.0
111.5
111.5
110.0
110.0
110.0
110.0
110.0
110.25
110.25
110.5
110.5
111.25
111.25
109.25
109.25
112.5
112.5
116.75
116.75
118.75
118.75
118.5
118.5
116.75
116.75
114.75
114.75
114.75
113.25
113.25
114.5
116.25
116.25
110.0
110.0
110.0
109.75
109.75
109.75
109.75
109.75
109.75
109.75
109.75
109.75
116.45
123.15
129.85
136.55
143.25
143.25
144.25
144.25
145.25
146.0
146.0
146.5
147.0
147.0
147.25
147.25
147.25
148.25
148.25
148.25
148.75
148.75
148.75
148.75
148.75
148.75
151.25
152.0
152.0
152.75
154.5
154.5
154.25
155.25
155.25
155.25
155.25
156.5
156.25
156.25
156.25
157.5
157.25
157.25
157.75
157.75
157.75
157.75
160.0
159.25
159.25
159.25
159.5
158.5
158.5
159.0
159.0
160.25
160.75
160.75
160.0
160.25
160.25
160.25
161.25
161.25
161.5
160.25
160.25
159.0
158.25
158.25
160.5
161.75
161.75
161.25
162.0
162.0
159.5
159.0
159.0
160.5
159.25
159.25
157.5
156.25
156.25
158.0
157.25
157.25
152.25
152.25
151.25
150.25
150.25
150.25
150.5
150.5
153.25
153.25
152.0
150.5
150.5
148.0
148.0
147.5
147.5
147.5
147.0
147.0
143.25
136.0
136.0
135.25
135.25
136.0
136.0
135.0
135.0
135.0
135.0
135.0
135.0
135.0
135.0
134.75
134.75
123.0
123.0
122.25
122.25
121.75
121.75
122.5
122.5
121.0
121.0
121.0
120.75
120.75
121.75
121.75
123.75
123.75
125.25
125.25
137.75
138.75
138.75
137.5
137.5
134.75
134.75
135.0
135.0
135.0
136.0
136.0
138.5
137.75
137.75
136.25
136.25
133.0
133.0
128.75
128.75
116.5
116.5
114.75
114.75
114.75
113.0
113.0
111.75
111.75
110.5
110.5
110.75
110.75
110.75
110.75
112.0
112.0
116.25
116.25
120.0
120.0
120.0
123.5
123.5
134.5
134.5
127.75
127.75
122.0
122.0
119.0
119.0
119.5
119.5
117.75
117.75
116.75
116.75
116.75
116.75
116.75
116.75
117.0
117.0
117.0
117.0
116.25
116.25
116.75
116.75
116.75
116.75
118.5
118.5
120.75
120.75
122.75
122.75
125.25
125.25
128.5
130.0
130.0
125.75
125.75
121.0
121.0
120.75
120.75
120.75
119.0
119.0
118.0
118.0
117.75
117.75
117.75
117.75
117.75
117.75
117.75
117.75
118.0
118.0
118.0
118.0
117.75
117.75
116.5625
115.375
114.1875
113.0
111.8125
110.625
109.4375
108.25
108.25
108.75
108.75
108.75
108.75
108.25
108.25
108.25
107.25
106.25
106.25
105.75
105.75
105.75
105.75
105.75
105.75
105.75
106.5
106.5
106.5
107.5
108.0
108.0
108.0
108.0
108.25
108.25
108.25
108.25
111.5
111.5
111.5
116.0
116.0
116.0
115.5
115.5
114.5
114.5
113.25
113.25
112.25
111.0
111.0
109.25
109.25
109.25
108.75
108.75
108.25
108.25
108.75
108.75
108.75
108.75
107.5
107.5
104.75
104.75
104.25
104.25
104.5
104.5
104.5
103.5
103.5
104.25
104.25
103.0
103.0
103.0
103.0
103.0
102.0
102.0
101.25
101.25
101.25
101.25
101.25
101.25
101.5
101.5
101.5
101.5
101.5
99.5
99.5
99.5
97.25
97.25
97.25
96.25
96.25
97.75
97.75
97.75
97.75
98.0
98.0
98.0
97.25
97.25
97.25
96.75
96.75
96.75
96.75
96.75
96.75
96.75
97.0
97.0
96.75
96.75
96.75
97.0
97.0
97.0
97.88095238095238
98.76190476190476
99.64285714285714
100.52380952380952
101.4047619047619
102.28571428571429
103.16666666666667
104.04761904761905
104.92857142857143
105.80952380952381
106.69047619047619
107.57142857142857
108.45238095238095
109.33333333333333
110.21428571428571
111.0952380952381
111.97619047619048
112.85714285714286
113.73809523809524
114.61904761904762
115.5
115.5
114.75
114.75
114.75
114.75
113.5
113.5
113.25
111.25
111.25
110.25
110.25
110.25
109.0
109.0
107.75
107.75
106.25
106.25
105.0
105.0
103.75
103.75
103.25
103.25
103.25
103.25
103.25
103.25
103.25
103.25
103.25
103.25
103.25
103.25
141.75
141.75
142.75
142.75
143.25
142.0
142.0
143.5
143.5
143.0
143.0
142.0
142.0
142.0
140.75
140.75
140.75
140.75
140.75
139.5
139.5
139.5
139.0
139.0
140.5
140.5
141.75
142.5
142.5
144.0
145.0
145.0
146.0
146.0
147.25
149.0
149.0
148.75
152.0
152.0
153.25
153.25
153.5
153.5
154.0
154.75
154.75
157.75
158.75
158.75
159.25
160.0
160.0
157.5
156.75
156.75
161.5
161.5
161.75
161.5
161.5
162.5
164.5
164.5
165.5
165.75
165.5
165.5
165.0
163.75
163.75
160.5
160.5
153.5
149.75
149.75
149.5
149.5
150.0
150.0
149.25
149.25
148.25
146.5
146.5
143.0
143.0
141.0
141.0
138.75
138.75
137.5
138.75
138.75
142.0
142.0
143.75
143.75
147.25
149.25
149.25
149.25
150.0
150.0
152.0
153.25
153.25
153.25
153.75
153.75
155.75
159.5
159.5
161.25
162.0
162.0
162.25
164.0
165.0
165.0
165.75
166.25
166.25
165.75
165.0
165.0
163.75
159.25
159.25
159.25
158.25
151.5
151.5
151.5
147.0
147.0
146.75
147.0
147.0
147.0
147.0
147.0
147.0
147.0
146.75
146.75
147.0
146.0
146.0
145.5
145.5
144.5
143.75
143.75
142.5
142.25
142.25
141.25
141.25
140.25
140.25
139.75
139.75
138.5
138.5
138.5
138.5
138.5
139.0
139.0
140.0
141.5
141.5
142.5
142.5
142.5
147.0
147.0
149.0
149.0
150.0
150.0
151.0
150.75
150.75
150.75
151.0
151.0
150.0
150.0
150.0
150.0
150.0
150.0
150.0
149.25
149.25
149.0
149.25
149.25
149.5
149.0
149.0
149.75
148.5
148.5
148.5
148.5
149.0
149.0
149.0
148.5
148.5
148.75
149.25
149.25
149.0
149.25
149.25
148.5
148.5
148.5
148.5
148.5
148.25
148.25
148.75
148.75
149.25
148.25
148.25
149.0
149.0
150.0
149.75
149.75
150.0
150.0
150.75
151.25
151.25
152.0
152.25
152.25
152.0
152.0
153.5
153.5
152.25
152.25
153.0
152.0
152.0
152.0
152.0
152.0
151.75
152.25
152.25
153.0
153.0
153.0
153.0
153.75
153.75
153.75
152.75
152.75
152.0
152.0
150.25
150.25
147.0
147.0
142.25
142.25
145.25
145.25
141.75
141.75
142.5
144.25
144.25
145.5
145.5
145.5
145.25
145.25
146.0
146.0
146.75
147.0
147.0
146.75
147.0
147.0
147.25
147.25
147.5
147.25
147.25
147.75
147.75
147.25
147.75
147.75
148.0
148.75
148.75
148.0
148.0
148.0
146.5
146.5
144.5
144.5
144.0
144.0
143.0
142.75
142.75
142.0
140.75
140.75
139.25
139.25
139.5
139.5
140.0
139.25
139.25
139.5
139.5
140.75
138.5
138.5
140.0
140.0
134.5
134.5
136.25
136.25
136.25
137.5
137.5
138.5
137.75
137.75
138.5
138.5
138.0
138.0
138.0
138.0
136.0
136.0
135.75
135.75
135.25
135.25
137.5
137.5
137.25
139.0
139.0
140.5
140.5
139.5
139.5
139.5
139.75
139.75
142.0
143.5
143.5
143.5
145.5
145.0
145.0
144.0
144.0
143.25
143.25
139.0
139.0
136.25
136.25
136.75
136.75
136.75
136.75
136.75
136.75
136.75
137.0
137.0
133.25
133.25
132.0
132.0
132.5
133.0
133.0
133.25
133.0
133.0
132.75
132.75
132.75
132.75
133.5
133.5
133.5
134.0
132.75
132.75
135.0
135.0
135.0
135.0
135.0
135.0
135.0
135.0
135.0
135.0
134.75
135.0
135.0
136.0
137.0
138.0
139.0
140.0
140.0
140.75
140.75
140.75
139.25
139.25
139.25
139.25
139.25
139.25
139.25
139.25
139.25
139.25
139.25
139.25
139.25
139.25
139.25
139.25
139.32051282051282
139.39102564102564
139.46153846153845
139.53205128205127
139.60256410256412
139.67307692307693
139.74358974358975
139.81410256410257
139.8846153846154
139.9551282051282
140.02564102564102
140.09615384615384
140.16666666666666
140.23717948717947
140.30769230769232
140.37820512820514
140.44871794871796
140.51923076923077
140.5897435897436
140.6602564102564
140.73076923076923
140.80128205128204
140.87179487179486
140.94230769230768
141.01282051282053
141.08333333333334
141.15384615384616
141.22435897435898
141.2948717948718
141.3653846153846
141.43589743589743
141.50641025641025
141.57692307692307
141.64743589743588
141.71794871794873
141.78846153846155
141.85897435897436
141.92948717948718
142.0
145.0
145.0
145.0
144.0
145.0
145.0
144.25
145.75
145.75
146.0
147.0
147.0
145.75
144.75
144.75
143.25
143.25
143.25
141.0
138.5
138.5
140.25
140.25
138.5
138.5
139.25
139.25
139.25
139.75
139.75
139.5
139.5
139.5
138.75
138.75
137.5
137.5
137.5
136.0
136.0
137.75
137.75
137.75
137.75
137.75
138.0
138.0
137.75
142.0
142.0
142.25
142.25
143.25
143.25
143.25
144.5
145.25
145.25
145.0
145.0
145.0
145.0
145.0
145.0
145.0
144.75
144.75
144.75
157.5
157.75
159.5
159.5
159.25
159.25
160.5
160.5
161.0
161.75
162.5
162.5
162.5
163.75
163.75
163.75
163.75
164.25
164.25
164.5
164.5
165.75
165.5
166.0
166.0
166.25
166.25
166.25
166.25
167.0
166.75
165.75
165.75
166.5
166.75
166.75
166.75
167.5
167.5
168.0
168.5
168.5
167.75
170.0
170.0
170.75
168.5
168.5
170.5
170.5
170.5
169.75
169.75
168.0
168.0
165.0
167.5
167.5
167.25
167.25
167.25
167.5
167.5
167.25
167.25
167.25
162.35714285714286
157.46428571428572
152.57142857142858
147.67857142857142
142.78571428571428
137.89285714285714
133.0
134.25
134.25
136.75
141.5
141.5
147.75
152.5
152.5
154.75
156.0
156.0
156.25
156.25
156.25
156.0
156.0
156.5
155.75
155.75
156.0
156.75
156.75
156.25
156.5
156.5
157.25
157.5
157.5
157.5
158.25
158.25
159.0
160.0
160.0
160.5
160.0
160.0
157.75
156.75
156.75
156.25
156.25
153.5
154.0
154.0
152.25
151.25
151.25
151.5
151.5
151.5
153.0
153.0
151.25
152.25
152.25
151.0
151.25
151.25
152.0
151.75
151.75
151.5
151.5
151.75
151.5
151.5
151.5
152.25
152.25
151.5
151.5
151.25
151.0
151.0
150.25
150.25
150.25
150.0
150.0
150.0
150.0
150.0
150.75
151.25
151.25
150.5
150.5
152.0
152.75
152.75
153.75
153.5
153.5
153.25
153.0
153.0
152.25
152.25
152.25
152.0
152.0
150.5
150.25
150.25
150.5
150.0
150.0
150.0
150.0
150.0
149.5
149.5
150.0
150.25
150.25
149.25
149.25
149.75
150.0
150.0
150.0
149.75
149.75
150.25
150.25
150.0
150.0
150.0
150.25
150.25
149.5
149.0
149.0
148.5
149.25
149.25
149.0
149.0
148.0
148.75
148.75
148.5
148.5
147.5
145.75
145.75
145.75
145.5
146.5
146.5
149.5
150.0
150.0
148.25
148.25
149.25
148.0
148.0
148.75
148.75
148.75
148.0
148.0
148.5
148.5
146.75
146.5
146.5
146.5
145.5
146.0
146.0
145.0
145.0
143.5
145.5
145.5
144.5
144.5
143.5
144.25
144.25
144.0
144.0
143.0
143.25
143.25
141.75
141.75
142.5
143.25
143.25
145.0
145.0
143.75
144.25
144.25
144.0
144.0
144.25
144.25
146.0
146.0
143.25
144.5
144.5
143.75
144.25
144.25
144.5
145.75
145.75
144.75
144.75
142.0
142.25
142.25
140.75
140.75
141.0
142.0
142.0
141.75
141.75
142.0
143.0
143.0
143.25
143.25
142.0
142.0
141.0
143.75
143.75
144.25
144.25
144.0
142.0
142.0
142.0
142.0
140.25
141.25
141.25
142.0
142.0
140.75
140.75
137.5
138.5
138.5
137.0
137.0
136.25
136.25
138.0
138.25
138.25
137.25
137.25
137.25
137.25
137.25
137.25
137.25
137.25
137.25
137.25
137.25
137.5
139.5
139.5
138.75
138.75
138.25
140.0
140.0
140.25
140.25
140.75
140.75
139.5
139.5
139.5
139.25
139.25
139.5
138.75
138.75
139.5
139.5
141.0
141.0
141.0
139.75
139.75
139.25
139.25
136.75
136.75
136.75
136.75
136.75
137.0
137.0
136.75
143.0
143.0
140.25
140.25
140.0
139.5
139.5
141.5
141.5
142.0
142.0
141.25
140.5
140.5
140.0
140.0
138.0
138.0
138.0
138.25
138.25
139.0
139.0
139.5
139.5
139.0
139.0
139.0
139.5
139.5
140.5
139.5
139.5
140.0
140.0
140.75
142.0
142.0
141.0
141.0
140.75
142.0
142.0
144.0
144.0
143.25
143.25
143.0
142.0
142.0
141.0
141.0
141.5
139.0
139.0
139.75
139.75
139.25
139.25
139.5
138.5
138.5
138.5
138.5
138.5
138.5
138.25
138.5
138.5
141.5
141.5
144.0
140.5
140.5
139.75
139.75
141.75
142.0
142.0
140.75
140.75
139.5
139.5
139.75
141.0
141.0
142.25
142.25
141.75
140.5
140.5
140.25
140.25
141.25
141.25
142.25
142.0
142.0
141.25
141.25
140.75
140.25
140.25
141.5
141.5
142.5
142.0
142.0
142.0
142.0
141.25
141.25
141.25
141.25
141.25
141.0
141.0
140.75
141.0
141.0
140.25
140.25
141.25
142.75
142.75
142.25
142.25
141.0
141.0
141.0
141.0
141.0
141.5
141.5
141.25
141.0
141.0
140.5
140.5
139.75
138.75
138.75
137.5
137.5
135.75
135.75
138.5
138.5
138.5
137.5
137.5
136.75
136.75
135.75
135.75
136.75
137.75
137.75
140.25
140.25
140.25
140.0
140.0
141.25
141.25
142.0
141.75
141.75
141.75
141.75
142.0
142.0
143.0
142.75
142.75
142.75
142.75
143.0
142.75
142.75
142.75
142.75
142.25
142.25
142.25
142.75
142.75
143.0
143.25
143.25
142.75
142.75
142.5
142.5
142.5
143.0
143.0
143.5
143.5
143.5
143.25
143.25
143.0
143.0
143.0
143.25
143.25
143.0
143.0
142.25
142.0
142.0
142.25
142.25
142.75
142.25
142.25
142.25
142.25
142.75
143.0
143.0
142.5
142.5
142.25
142.0
142.0
141.75
141.75
142.5
141.25
141.25
141.25
141.25
140.75
140.75
140.75
139.75
139.75
138.5
138.5
138.25
138.25
137.25
138.25
138.25
139.25
139.25
138.75
138.75
139.25
140.75
140.75
140.75
140.75
140.75
141.75
141.75
142.25
142.25
141.75
141.75
141.75
141.0
141.0
141.75
141.75
141.75
141.0
141.0
141.5
141.5
140.75
141.0
141.0
141.75
141.75
142.0
142.0
142.0
143.5
143.5
143.25
143.0
143.0
142.25
142.25
142.5
142.5
142.25
141.5
141.5
142.0
142.0
141.75
142.0
142.0
142.0
142.0
143.25
143.0
143.0
143.25
143.25
143.25
143.0
143.0
143.0
143.0
142.0
142.0
141.75
140.75
140.75
140.5
140.5
140.5
141.0
141.0
138.25
138.25
138.25
138.25
138.25
138.25
138.25
138.25
138.5
138.5
138.5
141.25
141.5
141.5
140.75
140.75
139.5
138.0
138.0
138.5
138.5
137.75
137.75
137.5
137.75
137.75
137.25
137.25
136.5
136.5
136.75
137.5
137.5
137.75
137.75
138.75
140.25
140.25
140.75
140.75
141.25
141.25
142.75
142.25
142.25
143.25
144.25
144.25
143.25
143.25
143.0
143.0
141.25
142.0
142.0
142.0
142.0
143.0
142.0
142.0
141.25
141.25
140.75
140.75
138.5
140.75
140.75
141.0
141.0
139.75
139.75
139.75
140.25
140.25
139.25
139.25
139.5
140.0
140.0
138.75
138.75
138.5
138.5
138.5
140.0
140.0
141.75
141.75
142.75
142.25
142.25
143.25
144.25
144.25
144.5
144.5
145.5
148.5
148.5
149.25
150.75
150.75
151.25
151.25
151.25
150.25
150.25
154.0
154.75
154.75
152.5
151.75
151.75
151.75
151.75
151.75
150.0
148.5
148.5
140.75
140.75
136.75
137.0
137.0
137.0
137.0
137.0
137.0
137.0
137.0
137.0
137.0
137.0
130.5
129.75
129.75
129.0
129.0
128.5
128.5
128.5
128.5
125.75
125.75
125.75
125.75
125.0
125.0
125.0
124.5
124.5
125.25
125.25
124.0
124.0
121.75
121.75
121.75
121.75
121.75
122.25
122.25
122.25
122.25
121.75
121.75
120.0
120.0
120.5
120.5
121.5
121.75
121.75
121.75
122.25
122.25
122.25
122.25
122.25
122.5
122.5
122.25
122.25
122.5
122.5
121.0
121.0
120.5
120.5
122.25
122.25
122.25
125.25
125.25
125.5
125.5
125.5
125.5
125.5
125.5
125.5
125.25
129.95833333333334
134.66666666666666
139.375
144.08333333333334
148.79166666666666
153.5
153.75
153.75
154.25
154.5
154.5
155.25
156.0
156.0
156.5
156.5
156.5
156.75
156.75
157.5
158.0
158.0
158.25
158.5
158.5
158.75
158.5
158.5
157.75
156.25
156.25
152.0
152.0
145.0
143.25
143.25
139.5
139.5
138.5
138.5
136.75
135.0
135.0
134.25
134.25
133.5
133.5
132.75
132.75
133.75
132.75
132.75
134.25
134.25
137.5
137.5
139.25
140.75
140.75
142.0
142.0
141.5
141.25
141.25
140.75
140.75
140.75
140.5
140.5
140.75
140.75
140.0
140.0
139.5
139.5
139.5
140.25
140.25
141.25
146.75
146.75
145.75
145.75
147.0
148.0
148.0
148.0
151.5
151.5
151.25
151.0
151.0
150.0
150.0
146.5
146.5
143.25
139.75
139.75
137.0
137.0
139.25
139.25
139.25
139.25
139.25
139.25
139.25
139.25
139.25
139.5
135.0
135.0
135.0
135.0
135.0
135.0
136.0
136.0
135.5
135.5
135.25
137.25
137.25
135.75
135.75
136.5
136.5
138.0
139.0
139.0
138.75
138.75
138.5
138.5
138.5
138.5
139.0
139.5
139.5
140.25
140.25
139.75
139.75
140.5
140.5
138.25
138.25
139.5
139.5
140.0
140.0
135.5
135.5
138.5
137.5
137.5
136.75
137.5
137.5
136.75
136.75
138.5
138.5
140.75
141.5
141.5
140.0
140.0
140.75
140.75
140.75
141.25
141.25
140.0
140.0
138.5
138.5
138.5
136.75
136.75
135.0
135.0
134.5
134.5
135.0
132.0
132.0
135.75
135.75
140.5
140.5
139.75
139.5
139.5
139.0
139.0
138.75
139.5
139.5
140.0
140.0
139.5
139.5
139.75
139.75
139.75
139.5
139.5
139.75
140.75
140.75
140.75
140.75
140.25
140.25
140.25
142.25
142.25
141.0
141.0
142.0
142.0
140.25
142.0
142.0
141.5
142.25
142.25
142.75
142.75
143.0
143.75
143.75
143.25
143.25
143.25
142.5
142.5
141.0
141.0
140.75
140.75
140.0
139.25
139.25
140.0
140.0
139.5
140.75
140.75
141.25
141.25
142.0
142.5
142.5
142.25
142.25
147.25
144.0
144.0
144.25
144.25
144.0
144.0
144.0
143.0
143.0
142.5
142.5
141.5
142.0
142.0
143.0
143.0
142.0
142.0
142.0
142.25
142.25
142.5
142.0
142.0
143.0
143.0
142.5
142.0
142.0
142.25
142.25
141.25
142.75
142.75
142.75
141.75
141.75
138.5
142.0
142.0
144.25
144.25
145.0
145.0
145.75
145.75
147.0
147.25
147.25
151.0
151.0
151.0
153.75
151.75
151.75
152.25
152.25
159.25
156.5
156.5
155.0
156.25
156.25
157.75
157.0
157.0
156.0
155.5
155.5
153.75
153.75
152.25
147.5
147.5
145.25
145.25
144.75
140.75
140.75
141.0
141.0
137.5
137.5
135.25
135.25
136.75
136.75
135.25
135.25
135.25
146.25
146.75
146.75
146.5
146.5
146.5
146.5
146.5
146.25
146.5
146.5
147.25
147.25
146.25
147.75
147.75
145.25
145.25
145.75
145.25
145.25
145.25
145.5
143.75
143.75
142.5
142.0
142.0
144.75
144.75
145.25
145.25
145.25
145.0
145.0
145.25
145.5
145.75
145.75
146.5
146.5
147.25
146.75
146.75
147.0
147.0
146.75
145.5
145.5
143.5
143.5
142.25
142.5
142.5
143.25
143.25
143.25
144.0
144.0
143.25
143.25
144.75
144.5
144.5
144.75
144.75
144.25
143.5
143.5
143.0
143.0
142.5
143.0
143.0
139.0
139.0
139.75
139.75
138.0
138.0
139.5
133.25
133.25
134.75
134.75
131.25
123.75
123.75
123.75
123.75
136.0
136.0
137.5
137.5
140.5
141.25
141.25
141.5
141.5
143.25
143.5
143.5
143.25
143.25
142.75
142.0
142.0
143.25
143.25
143.25
141.5
141.5
147.0
147.0
145.5
145.5
143.0
142.75
142.75
143.5
143.25
143.25
143.25
143.25
142.5
143.0
143.0
143.0
143.0
142.25
143.0
143.0
143.0
143.0
143.0
143.0
143.0
142.75
142.75
144.5
144.5
143.25
143.25
143.25
142.75
142.75
143.25
143.75
143.75
143.75
143.75
144.5
144.25
144.25
143.25
143.25
143.5
144.5
144.5
145.0
145.0
144.25
143.5
143.5
144.0
144.25
144.25
143.75
143.75
146.0
146.0
146.0
146.5
146.5
146.25
146.0
146.0
145.5
145.5
144.5
145.0
145.0
145.25
145.25
145.5
145.25
145.25
145.25
145.25
145.25
144.0
144.0
145.0
145.0
145.5
144.5
144.5
144.75
144.75
144.75
144.75
144.75
143.5
143.5
143.0
141.5
141.5
141.0
141.0
140.75
140.75
139.75
139.0
139.0
137.75
137.75
137.25
137.25
137.25
136.75
136.75
136.5
136.5
136.75
136.75
137.5
138.5
138.5
139.5
139.5
140.25
141.0
141.0
142.25
142.25
142.75
143.75
143.75
144.75
144.75
144.75
145.0
145.0
145.25
145.25
144.75
144.75
144.75
145.0
145.0
144.5
144.25
144.25
144.75
144.75
144.75
143.25
143.25
144.0
144.0
142.5
142.5
142.5
144.0
144.0
143.75
143.75
140.75
142.5
142.5
142.25
142.25
144.0
141.75
141.75
141.75
141.75
142.5
142.25
142.25
143.25
143.25
142.75
141.75
141.75
140.5
140.5
140.0
140.0
141.0
142.0
142.0
141.75
141.75
140.25
140.25
140.25
140.75
140.75
139.75
139.75
139.5
138.75
138.75
139.5
139.5
140.25
140.5
140.5
141.0
141.0
141.0
141.0
140.0
140.5
140.5
140.25
140.25
140.75
140.75
140.75
142.0
142.0
143.0
145.0
145.0
144.0
144.0
143.5
144.25
144.25
144.25
144.25
143.25
143.0
143.0
143.0
143.0
143.0
143.25
143.25
143.0
143.0
143.0
143.0
142.0
139.5
139.5
138.5
138.5
139.25
139.25
140.0
140.75
140.75
140.75
140.75
140.0
141.0
141.0
140.5
140.5
139.5
139.5
136.5
138.25
138.25
139.5
139.5
140.0
140.25
140.25
139.75
139.75
139.25
139.25
139.0
139.25
139.25
139.75
139.75
139.5
139.5
140.0
140.5
140.5
140.5
140.5
141.0
141.25
141.25
139.75
139.75
140.0
140.0
139.25
138.75
138.75
139.5
139.5
139.5
139.25
139.25
138.75
138.75
139.5
139.5
140.0
139.25
139.25
138.75
138.75
138.75
138.75
138.25
138.75
138.75
139.5
139.5
139.75
139.5
139.5
140.25
140.25
139.75
139.75
141.0
141.5
141.5
142.0
142.0
144.25
145.0
145.0
145.0
145.75
145.75
146.0
146.0
146.75
150.75
150.75
149.5
149.75
149.75
150.0
150.0
148.0
148.0
148.0
154.5
154.75
154.75
156.75
157.5
157.5
157.5
156.25
156.25
157.0
158.0
158.0
158.25
157.0
157.0
157.25
157.25
157.25
158.0
157.75
157.75
156.5
156.5
157.5
158.25
158.25
157.0
157.5
157.5
155.5
155.25
155.25
155.0
153.0
153.0
151.0
151.0
151.5
153.25
153.25
153.5
154.0
154.0
153.5
153.5
153.5
153.5
153.5
153.5
153.5
153.5
154.5
153.75
153.75
152.75
152.25
152.25
151.0
152.0
152.0
153.0
153.0
152.75
154.0
154.0
153.5
152.0
152.0
153.5
154.75
154.75
154.25
154.0
154.0
154.5
154.5
153.0
152.75
152.75
152.0
153.5
153.5
153.5
154.0
154.0
154.5
154.5
155.5
156.75
156.75
157.0
156.5
156.5
156.0
153.0
153.0
152.5
152.5
152.5
152.5
152.5
152.25
152.25
152.25
153.25
153.0
153.0
153.25
153.75
153.75
154.0
156.0
156.0
157.25
158.0
158.0
157.75
158.75
158.75
159.25
159.5
159.5
161.0
163.25
163.25
164.0
163.25
163.25
164.25
164.5
164.5
164.25
164.25
162.5
162.5
159.25
159.25
155.75
152.75
152.75
151.25
151.25
149.75
148.75
148.75
145.75
145.75
144.5
143.25
143.25
142.75
142.75
142.5
142.0
142.0
142.0
142.0
142.75
142.75
142.75
142.0
142.0
144.5
146.0
146.0
146.0
146.0
144.0
145.0
145.0
145.25
145.25
145.0
145.0
145.0
145.0
145.0
146.0
145.0
145.0
146.25
147.25
147.25
146.25
146.25
146.25
146.0
146.0
146.0
146.0
145.0
147.0
147.0
149.5
150.75
150.75
152.0
152.0
154.0
154.5
154.5
155.75
156.25
156.25
156.75
157.25
157.25
157.75
157.75
157.75
157.0
155.25
155.25
153.0
153.0
150.75
149.75
149.75
149.5
149.0
149.0
148.75
148.75
148.0
147.25
147.25
146.5
146.5
146.0
143.25
143.25
142.0
142.0
140.0
140.0
139.5
139.25
139.25
138.25
138.25
137.5
137.5
137.5
137.5
135.25
135.25
135.25
141.5
143.25
143.25
145.0
145.0
146.0
147.0
147.0
147.5
148.25
148.25
148.5
148.5
149.25
149.5
149.5
149.5
149.25
149.25
148.25
148.25
146.5
145.75
145.75
145.75
145.75
146.75
145.5
145.5
145.0
145.0
145.25
145.0
145.0
145.75
145.75
145.5
146.25
146.25
145.0
145.0
144.5
143.25
143.25
143.75
143.75
144.25
144.25
144.25
143.5
143.5
143.25
143.75
143.75
143.5
143.5
143.5
142.0
142.0
138.25
138.25
138.5
142.75
142.75
142.75
142.75
142.5
142.5
142.5
144.75
144.75
145.0
145.75
145.75
146.0
146.0
145.0
144.25
144.25
144.0
144.0
143.75
144.5
144.5
144.75
144.75
144.75
144.0
144.0
144.25
144.25
145.75
145.0
145.0
145.75
145.75
146.25
145.5
145.5
146.25
146.25
145.75
145.0
145.0
144.0
144.0
144.5
143.25
143.25
143.0
143.0
141.5
142.0
142.0
142.5
142.5
142.0
142.0
142.0
141.0
141.0
141.75
142.75
142.75
143.5
143.5
144.0
146.25
146.25
144.25
144.25
144.5
145.25
145.25
143.75
143.75
142.75
141.0
141.0
142.0
142.0
142.0
142.0
142.0
141.75
141.75
140.25
140.25
139.5
139.5
139.5
140.75
140.75
143.0
143.25
143.25
145.75
145.75
146.5
148.5
148.5
149.0
150.0
150.0
151.75
151.75
153.25
153.5
153.5
154.75
155.75
155.75
155.75
155.25
155.25
156.0
156.0
156.0
156.0
155.25
155.25
155.0
155.0
152.0
146.5
146.5
145.75
145.75
144.75
143.25
143.25
140.75
140.75
141.0
141.0
140.0
140.5
140.5
142.0
142.0
142.75
144.75
144.75
147.25
148.75
148.75
149.75
149.75
149.5
152.5
152.5
156.0
155.0
155.0
157.5
158.75
158.75
158.5
158.75
158.75
158.75
158.75
158.75
159.0
158.75
158.75
162.5
162.0
162.0
160.75
158.5
158.5
155.5
154.25
154.25
154.0
154.0
152.5
152.0
152.0
147.0
147.0
147.0
147.0
149.0
149.0
148.75
148.75
147.5
147.5
143.5
143.5
141.0
141.0
140.75
140.75
140.75
144.0
144.0
144.0
144.0
144.0
144.0
144.0
144.0
143.75
143.75
143.75
144.0
156.75
156.75
160.75
160.75
162.25
161.75
161.75
163.25
164.5
165.0
165.0
165.75
165.0
165.0
166.0
166.25
166.25
167.75
169.5
171.25
171.25
170.75
170.75
172.0
171.5
171.5
172.0
172.25
171.25
171.25
171.5
170.5
170.5
171.5
172.25
172.5
172.5
171.25
168.5
168.5
166.5
164.0
164.0
158.0
158.0
152.0
151.75
151.75
152.25
153.5
153.5
154.0
153.75
153.75
152.75
152.75
150.0
147.25
147.25
145.5
145.5
140.75
140.75
140.5
140.5
139.5
139.5
140.5
140.0
140.0
142.0
142.0
143.0
145.75
145.75
146.5
146.5
148.5
148.5
149.0
150.0
150.0
151.0
151.0
151.5
152.0
152.0
151.25
152.25
152.25
152.5
152.5
152.5
152.75
152.75
153.25
153.5
153.5
153.5
153.75
153.75
153.5
153.5
153.5
153.25
154.0
154.0
153.25
153.25
151.75
151.75
149.25
149.75
149.75
148.75
145.75
145.75
144.0
144.0
143.75
143.5
143.5
142.0
142.0
142.75
142.5
142.5
142.0
142.0
142.0
141.75
141.75
141.75
141.75
142.75
144.75
144.75
146.25
146.25
145.75
147.0
147.0
148.25
149.0
149.0
149.0
149.0
148.75
148.5
148.5
149.0
149.0
149.25
149.5
149.5
150.0
149.75
149.75
149.0
149.0
149.25
149.5
149.5
149.0
148.75
148.75
149.25
149.25
150.0
151.0
151.0
152.0
152.75
152.75
153.75
154.0
154.0
154.0
153.0
153.0
153.5
153.5
153.25
152.75
152.75
151.75
151.0
151.0
150.0
150.0
150.0
150.5
150.5
150.5
150.5
150.5
150.5
150.5
152.0
152.75
152.75
153.0
152.5
152.5
152.25
152.5
152.5
152.0
152.0
151.25
147.5
147.5
146.75
146.75
145.5
144.5
144.5
144.25
144.25
144.5
145.5
145.5
145.25
145.25
145.75
145.75
145.75
145.0
145.0
144.75
144.5
144.5
143.5
143.5
144.75
145.5
145.5
146.5
147.25
147.25
146.75
146.75
146.25
147.75
147.75
147.5
147.5
147.0
147.0
147.0
147.25
148.0
148.0
148.75
148.75
147.5
147.5
147.5
148.0
148.0
147.25
146.75
146.75
147.5
148.5
148.5
148.75
148.75
148.75
148.75
151.75
151.75
151.25
150.75
150.75
150.25
151.75
151.75
152.5
151.75
151.75
153.25
153.25
152.75
152.75
153.0
154.5
154.5
155.25
155.25
154.0
154.25
154.25
155.75
155.25
155.25
158.0
157.75
157.75
159.5
166.5
163.75
163.75
162.75
163.25
163.25
163.5
163.75
163.75
164.0
163.75
163.75
162.25
158.25
158.25
150.0
150.0
147.25
147.25
144.25
141.25
141.25
135.75
135.75
132.75
132.75
128.5
128.5
126.25
126.25
120.0
120.0
117.5
117.5
115.25
115.25
114.5
114.5
114.5
113.25
113.25
113.0
113.0
112.5
112.5
114.25
114.25
114.25
116.75
125.0
125.0
126.0
126.0
126.0
126.0
122.75
123.0
123.0
123.0
122.75
122.75
122.75
122.75
122.75
122.75
122.75
122.75
122.98333333333333
123.21666666666667
123.45
123.68333333333334
123.91666666666667
124.15
124.38333333333334
124.61666666666666
124.85
125.08333333333333
125.31666666666666
125.55
125.78333333333333
126.01666666666667
126.25
126.25
129.75
129.75
136.0
140.0
140.0
143.0
143.0
146.75
146.75
147.75
149.5
149.5
150.75
151.25
151.25
151.25
151.25
151.75
152.5
152.5
154.25
154.75
154.75
155.0
157.5
157.5
157.5
160.75
160.75
161.25
162.0
162.0
162.5
162.0
162.0
160.75
159.25
159.25
158.0
156.25
156.25
157.5
157.5
153.5
153.5
154.5
154.5
154.25
154.25
154.25
154.25
154.25
154.25
154.5
154.5
154.5
159.0
159.0
158.5
157.75
157.75
157.75
158.25
158.25
159.0
157.0
157.0
156.75
157.75
157.75
158.0
158.75
158.75
158.25
158.25
158.25
158.25
159.5
159.5
161.25
161.5
161.5
163.75
164.0
164.0
163.25
162.25
162.25
161.75
161.0
161.0
159.5
156.25
156.25
154.25
152.25
152.25
150.25
150.25
149.5
148.0
148.0
147.0
147.0
146.25
145.75
145.75
144.25
144.25
144.0
143.75
143.75
142.0
142.0
141.5
140.75
140.75
140.0
140.0
140.25
140.25
136.75
137.25
137.25
136.5
136.5
136.5
136.5
135.5
137.5
137.5
139.25
139.25
139.25
141.0
141.0
143.5
143.5
143.25
142.25
142.25
141.5
141.5
141.5
136.5
136.5
135.75
135.0
135.0
134.25
134.25
134.0
134.0
133.5
133.5
133.25
134.5
134.5
133.25
133.25
133.5
133.5
133.5
133.5
132.5
133.5
133.5
133.0
133.0
133.25
133.25
134.25
134.25
135.0
134.5
134.5
134.0
134.0
134.5
134.5
134.25
134.25
134.25
133.0
133.0
133.75
133.75
135.0
135.0
134.75
133.5
133.5
135.0
135.0
135.75
135.75
137.5
140.25
140.25
140.25
140.25
139.75
139.75
139.0
139.5
139.5
137.5
137.5
136.75
136.75
136.75
137.0
137.0
137.25
137.25
137.5
138.5
138.5
138.25
138.25
136.5
136.5
136.75
135.25
135.25
133.0
133.0
130.75
130.75
129.75
129.75
129.75
131.25
131.25
132.25
132.25
133.75
134.5
134.5
134.75
134.75
135.75
136.75
136.75
138.5
138.5
139.25
141.0
141.0
142.25
142.25
142.25
143.25
143.25
141.5
141.5
141.5
142.0
142.0
143.0
143.0
143.25
143.0
143.0
141.5
141.5
142.75
142.75
142.0
142.0
142.0
140.0
140.0
140.25
141.5
141.5
142.0
142.0
141.75
141.75
141.5
140.75
140.75
140.75
140.75
140.75
140.75
141.0
141.0
141.0
134.0
134.0
134.0
134.0
134.25
134.25
134.25
135.25
135.25
136.0
136.0
136.75
136.75
137.0
137.0
140.75
143.5
143.5
144.0
144.0
144.75
144.75
143.5
143.5
143.25
143.25
143.0
141.75
141.75
141.5
141.5
141.5
141.5
141.5
141.25
141.25
141.5
141.5
140.0
139.75
139.75
139.25
139.25
139.25
139.0
139.0
142.0
142.0
141.25
141.25
141.0
143.0
143.0
143.5
143.5
143.25
144.5
144.5
146.75
148.0
148.0
149.0
149.0
150.0
151.0
151.0
154.5
152.75
152.75
154.0
156.75
156.75
157.75
159.0
159.0
159.0
160.0
160.0
159.5
159.0
159.0
159.25
158.5
158.5
156.0
156.0
152.75
148.75
148.75
145.5
145.5
143.25
142.0
142.0
139.0
139.0
137.5
137.5
135.5
134.25
134.25
133.25
133.25
131.75
131.75
129.5
129.5
127.25
127.25
127.25
127.25
128.5
128.5
129.0
129.0
129.0
129.5
129.5
129.5
130.75
130.75
130.75
135.75
135.75
135.0
135.0
134.25
134.25
133.5
133.5
129.0
129.0
116.25
110.5
110.5
110.5
110.75
110.75
110.75
110.75
124.0
124.0
124.75
124.75
127.25
127.25
125.75
125.75
126.75
126.75
123.5
125.0
125.0
125.75
125.75
126.0
126.0
125.0
125.0
124.75
124.75
125.0
124.75
124.75
125.0
125.0
124.75
129.91666666666666
135.08333333333334
140.25
145.41666666666666
150.58333333333334
155.75
155.5
155.5
154.75
154.25
154.25
153.75
153.25
153.25
152.0
152.0
149.5
147.25
147.25
146.5
146.5
145.0
144.75
144.75
145.0
145.0
144.75
143.0
143.0
143.25
143.25
144.25
144.25
144.25
145.0
145.0
146.5
147.75
147.75
148.0
148.0
148.5
149.0
149.0
147.0
145.0
145.0
144.25
144.25
143.75
143.75
143.25
142.0
142.0
141.75
141.75
140.0
138.5
138.5
137.25
137.25
137.25
137.25
137.5
137.5
137.25
137.5
137.5
138.25
138.25
136.75
136.75
136.75
136.25
136.25
136.5
136.5
135.25
135.25
135.25
135.25
135.25
135.25
135.25
135.5
135.5
137.0
139.25
139.25
140.75
140.75
142.0
142.75
142.75
144.5
144.5
146.5
146.25
146.25
146.0
146.0
146.5
146.75
146.75
146.5
147.0
147.0
147.0
147.0
147.25
147.25
147.25
148.25
148.75
148.75
149.25
149.25
147.25
147.25
144.75
142.75
142.75
141.75
141.75
140.0
139.0
139.0
138.0
138.0
138.25
138.25
136.5
137.5
137.5
138.75
138.75
139.0
141.75
141.75
143.75
143.75
145.0
145.5
145.5
145.25
145.25
144.5
142.0
142.0
141.25
141.25
141.25
138.5
138.5
144.75
144.75
146.0
146.0
145.75
145.75
145.75
146.5
146.5
146.5
145.5
145.5
145.0
146.0
146.0
145.25
145.25
143.0
143.0
142.0
142.25
142.25
144.75
146.0
146.0
145.5
145.5
145.5
147.5
147.5
147.5
147.5
146.5
144.5
144.5
144.0
144.0
140.75
140.75
137.75
138.5
138.5
139.0
139.0
138.75
140.75
140.75
141.5
141.5
142.0
142.25
142.25
143.25
143.25
144.5
144.75
144.75
145.25
145.25
144.75
145.25
145.25
145.0
145.0
145.0
145.5
145.5
147.0
147.0
147.0
146.75
146.75
147.0
147.25
147.25
149.25
149.25
150.0
149.75
149.75
150.0
149.75
149.75
150.25
150.25
151.25
152.25
152.25
151.75
152.0
152.0
152.25
152.25
151.0
148.25
148.25
145.0
145.0
143.75
141.75
141.75
142.0
142.0
142.5
142.5
142.5
143.25
143.25
143.0
143.0
143.0
142.0
142.0
141.5
141.5
141.0
141.25
141.25
141.5
141.5
141.5
141.5
141.5
141.25
141.25
141.25
141.25
141.25
141.25
137.75
138.5
138.5
141.75
145.75
145.75
146.75
147.5
147.5
148.5
148.5
149.5
149.75
149.75
150.25
150.75
150.75
150.5
150.5
150.25
149.0
149.0
148.0
148.0
146.75
146.5
146.5
144.5
144.5
144.25
141.0
141.0
141.5
141.5
142.75
143.75
143.75
143.5
147.5
147.5
147.5
147.5
147.5
147.5
147.5
147.5
155.25
155.25
156.0
156.0
156.0
156.0
156.25
156.25
156.0
156.0
154.5
151.25
151.25
136.25
136.25
134.25
134.25
131.5
131.5
130.25
130.25
128.0
127.5
127.5
125.0
125.0
123.5
123.5
120.0
120.0
118.75
118.75
118.75
117.75
117.75
118.0
118.0
117.75
117.75
118.75
118.75
118.75
118.75
118.75
118.75
118.75
118.75
119.0
119.0
119.0
118.75
118.75
119.0
119.0
119.0
119.0
119.02777777777777
119.05555555555556
119.08333333333333
119.11111111111111
119.13888888888889
119.16666666666667
119.19444444444444
119.22222222222223
119.25
119.25
117.25
117.25
116.0
116.0
116.0
116.0
116.0
116.0
116.0
116.0
115.75
115.75
115.75
115.75
116.0
114.5
113.0
111.5
110.0
108.5
108.5
109.0
109.0
109.0
108.75
109.0
109.0
109.0
108.5
109.25
109.25
109.25
110.75
111.25
111.25
112.25
112.25
112.25
116.0
116.0
116.0
116.0
116.0
116.0
116.0
116.0
116.0
116.0
116.0
116.0
117.95
119.9
121.85
123.8
125.75
125.75
126.25
126.25
128.5
128.5
130.5
130.5
131.5
133.5
133.5
133.5
133.5
134.25
134.25
137.5
139.25
139.25
141.5
141.5
140.75
139.75
139.75
137.75
137.75
137.5
137.5
139.0
139.75
139.75
141.75
141.75
143.0
143.75
143.75
144.75
144.75
145.0
145.25
145.25
147.0
148.75
148.75
149.0
149.0
150.0
151.25
151.25
153.5
154.5
154.5
155.25
157.0
157.0
157.0
156.0
156.0
154.0
154.0
154.75
154.75
154.75
156.0
156.0
155.75
156.0
156.0
155.75
155.75
156.0
156.0
155.75
155.75
155.73076923076923
155.71153846153845
155.69230769230768
155.67307692307693
155.65384615384616
155.6346153846154
155.6153846153846
155.59615384615384
155.57692307692307
155.55769230769232
155.53846153846155
155.51923076923077
155.5
155.5
156.25
156.5
156.5
157.0
157.0
157.0
157.25
157.25
155.25
154.0
154.0
152.25
152.25
150.5
149.0
149.0
148.25
149.25
149.25
149.0
149.0
149.25
149.0
149.0
149.5
146.25
146.25
145.0
145.0
140.75
141.25
141.25
141.25
141.25
141.25
141.25
141.5
141.5
141.25
142.5
142.5
141.0
141.0
141.25
141.25
141.75
141.75
138.25
139.5
139.5
138.5
138.5
140.25
140.75
140.75
140.75
140.75
139.75
139.75
137.0
138.5
138.5
138.75
139.0
139.0
141.25
141.25
146.75
148.0
148.0
147.75
147.0
147.0
147.75
147.75
148.75
147.75
147.75
148.75
148.75
142.25
142.75
142.75
142.75
136.0
136.0
136.0
136.0
136.0
136.0
136.0
136.0
135.75
135.75
135.75
135.75
133.5
133.5
134.75
134.75
136.75
136.25
136.25
136.25
136.25
136.25
136.25
136.25
136.25
136.25
133.5
133.5
134.5
134.5
133.5
133.5
133.5
133.5
132.5
131.5
131.5
130.75
130.75
131.5
131.5
131.5
131.5
131.75
131.75
131.75
131.75
131.75
131.75
132.0
132.0
132.0
132.0
132.0
132.0
132.0
132.0
131.75
131.75
130.85
129.95
129.05
128.15
127.25
127.25
128.25
128.25
128.25
128.75
128.75
128.75
128.75
128.75
128.75
129.0
129.0
129.0
129.0
129.0
129.0
129.0
128.75
129.38095238095238
130.01190476190476
130.64285714285714
131.27380952380952
131.9047619047619
132.53571428571428
133.16666666666666
133.79761904761904
134.42857142857142
135.0595238095238
135.6904761904762
136.32142857142858
136.95238095238096
137.58333333333334
138.21428571428572
138.8452380952381
139.47619047619048
140.10714285714286
140.73809523809524
141.36904761904762
142.0
142.0
131.75
131.75
136.5
136.5
131.75
131.75
136.25
131.5
131.5
134.25
134.25
134.25
134.25
143.5
143.5
147.75
144.5
144.5
149.75
148.25
148.25
150.5
150.5
150.25
150.0
148.5
148.5
147.75
141.75
141.75
136.25
136.25
136.0
136.0
136.0
136.0
136.0
136.0
136.0
135.75
135.75
135.75
146.75
146.75
147.0
147.0
147.0
147.0
147.0
147.0
147.0
146.75
135.0
135.0
135.0
135.0
135.0
135.0
135.0
135.0
134.75
134.75
134.75
135.0
135.0
135.0
135.0
135.0
135.47727272727272
135.95454545454547
136.4318181818182
136.9090909090909
137.38636363636363
137.86363636363637
138.3409090909091
138.8181818181818
139.29545454545453
139.77272727272728
140.25
140.25
140.75
140.75
140.75
140.75
140.75
140.75
141.0
141.0
140.75
140.75
134.5
134.5
134.25
134.25
134.25
134.25
134.25
133.5
133.5
133.5
133.5
132.0
132.0
133.25
133.0
133.0
133.5
133.5
133.5
131.25
131.25
131.25
131.25
131.25
130.0
130.0
130.0
129.25
129.25
127.75
127.75
128.75
128.75
128.25
128.25
126.75
126.75
125.75
125.75
125.75
125.75
125.25
125.25
122.5
122.5
122.25
122.25
121.75
121.75
120.25
120.25
118.5
118.5
119.75
119.75
118.5
118.5
116.75
116.75
115.5
115.5
115.0
115.0
116.75
116.75
112.75
112.75
112.5
112.5
112.75
112.75
112.75
112.75
113.0
113.0
112.0
112.0
112.25
112.25
113.0
113.0
112.5
112.5
112.25
113.75
113.75
112.5
112.5
112.5
112.75
112.75
114.25
114.25
113.5
113.5
113.25
113.25
113.5
113.5
114.0
114.0
115.5
115.5
115.5
115.5
115.75
115.75
116.5
116.5
117.5
117.5
118.0
118.0
118.5
118.5
119.0
119.0
119.0
121.0
121.0
121.5
121.5
121.0
121.75
121.75
121.75
123.0
123.0
123.0
122.75
122.75
124.0
124.0
123.0
123.0
123.5
123.5
123.5
123.5
124.5
124.5
124.75
124.75
125.25
125.25
126.0
126.25
126.25
127.0
127.0
128.25
128.25
128.5
128.5
129.0
129.0
129.0
129.0
129.25
129.0
129.0
129.5
129.5
129.0
129.0
129.75
129.75
130.0
130.0
130.25
130.25
131.0
131.5
131.5
133.25
133.25
134.75
134.75
136.75
137.5
137.5
138.25
138.25
140.0
142.0
142.0
143.5
143.5
140.5
136.75
136.75
134.25
134.25
133.0
133.0
131.75
131.75
129.5
129.5
129.75
129.75
129.5
129.0
129.0
129.75
129.75
130.5
130.5
130.75
130.75
130.25
130.25
129.0
129.0
128.25
128.5
128.5
129.0
129.0
129.5
129.5
129.75
129.75
129.25
129.25
129.5
129.5
130.25
131.0
131.0
132.0
132.0
132.25
132.25
132.5
133.25
133.25
134.25
134.25
134.75
134.75
134.5
134.5
135.75
136.75
136.75
138.0
138.0
138.0
138.75
138.75
138.75
138.75
138.75
138.75
138.0
138.0
138.0
139.0
139.0
140.75
141.75
141.75
141.0
141.0
140.0
140.0
139.5
138.5
138.5
137.25
137.25
137.5
137.5
136.75
135.5
135.5
136.25
136.25
136.75
136.75
137.5
137.5
137.5
137.5
137.5
137.5
137.5
137.5
137.25
137.25
136.75
136.75
136.0
136.0
136.25
137.0
137.0
137.5
137.5
137.5
137.5
137.5
137.75
137.75
138.25
138.25
138.0
138.0
137.25
136.75
136.75
137.25
137.25
138.0
138.0
138.0
138.25
138.25
137.75
137.75
138.0
138.0
136.5
136.5
136.5
137.25
137.25
139.25
139.25
139.5
138.5
138.5
138.5
138.5
138.5
138.5
138.5
138.25
138.5
138.5
141.25
141.25
146.0
146.75
146.75
147.0
147.0
150.0
150.0
150.0
150.0
150.0
150.0
150.0
150.0
150.0
159.0
159.0
159.5
159.5
163.25
163.25
161.75
161.5
160.5
160.5
161.0
160.25
160.25
160.25
160.0
160.25
160.25
160.0
162.25
162.25
157.0
157.0
157.0
157.0
157.0
157.0
157.0
157.0
157.0
157.0
157.0
157.0
156.75
155.5
154.25
153.0
151.75
150.5
149.25
149.75
149.25
149.25
146.5
146.5
146.25
147.25
147.25
141.25
141.25
141.25
141.25
141.25
141.25
141.25
141.25
141.25
141.25
141.5
141.25
141.25
141.25
141.25
