134.0
134.5
134.5
134.5
134.5
134.5
134.5
134.5
134.5
134.5
133.25
133.25
133.25
133.25
133.25
133.25
134.0
134.0
134.0
134.5
134.5
134.5
134.5
134.5
134.5
133.25
133.25
134.5
134.5
134.5
134.0
134.0
134.0
134.0
134.0
135.25
135.25
135.75
135.75
135.75
135.75
135.25
135.25
135.75
135.75
135.75
136.25
136.25
136.25
136.25
135.25
135.25
135.25
134.0
134.0
134.5
134.5
134.0
134.0
134.0
134.0
134.0
134.5
134.5
134.5
134.5
134.5
135.25
135.25
135.75
135.75
135.75
135.75
134.5
134.5
135.75
134.0
134.0
134.0
134.0
134.5
134.5
134.0
134.0
134.0
134.5
134.5
135.75
135.75
137.0
137.0
137.5
139.5
139.5
141.5
141.5
141.5
142.75
142.75
144.25
144.25
145.0
145.75
145.75
146.25
146.25
147.0
147.75
147.75
147.75
147.75
147.75
147.75
147.75
146.25
147.0
147.0
146.25
146.25
145.75
145.0
145.0
143.5
143.5
142.75
141.5
141.5
140.25
140.25
139.0
139.0
137.5
137.5
137.5
137.0
137.0
135.75
135.75
135.75
136.25
136.25
135.25
135.25
134.5
134.5
135.25
135.75
135.75
135.25
135.25
135.25
135.25
134.5
134.5
136.25
135.75
135.75
135.25
135.25
136.25
136.25
135.75
135.75
135.75
137.0
137.0
137.0
137.0
137.0
137.5
137.5
137.5
137.5
138.25
138.25
139.0
138.25
138.25
138.25
138.25
139.0
139.0
139.0
139.0
139.0
138.25
138.25
139.0
138.25
138.25
139.0
139.0
139.0
139.0
139.0
137.5
137.5
139.0
139.0
138.25
138.25
138.25
138.25
138.25
137.5
137.5
138.25
139.0
139.0
137.5
137.5
139.0
139.0
139.0
139.5
139.5
138.25
138.25
139.0
139.0
137.5
137.0
137.0
137.5
137.5
137.5
137.5
136.25
135.25
135.25
137.0
137.0
135.75
135.75
137.0
135.75
135.75
137.0
137.0
137.0
137.0
137.5
137.5
137.5
138.25
138.25
137.5
137.5
139.0
139.5
139.5
139.0
139.0
139.5
139.5
140.25
139.5
139.5
140.25
140.25
140.25
140.25
140.25
139.5
139.5
139.5
139.5
139.5
139.5
139.5
139.0
139.0
139.5
139.5
139.5
139.5
139.5
139.0
139.0
139.0
139.0
139.0
139.5
139.5
139.0
139.0
139.0
139.5
139.5
140.25
140.25
140.25
139.5
139.5
139.5
139.5
140.75
140.75
140.75
140.25
140.25
140.25
140.25
140.75
149.25
149.25
132.25
132.25
139.5
140.75
140.75
140.75
140.75
140.25
140.25
140.25
140.75
140.75
140.75
140.75
140.25
141.5
141.5
141.5
141.5
140.75
141.5
141.5
140.75
140.75
142.25
142.25
142.25
142.75
142.75
141.5
141.5
141.5
141.5
141.5
140.75
140.75
139.5
141.5
141.5
140.25
140.25
140.25
140.25
140.25
139.5
139.5
140.25
140.25
140.25
139.0
139.0
139.5
139.5
139.5
139.5
138.25
137.0
137.0
137.5
137.5
137.5
137.5
137.0
137.5
137.5
137.5
137.5
136.25
136.25
137.0
136.25
136.25
135.25
135.25
135.25
135.25
134.5
134.5
134.5
134.0
134.0
135.25
135.25
135.75
135.75
135.75
135.25
135.25
136.25
136.25
137.0
137.0
137.0
137.0
137.0
135.75
135.75
137.0
137.0
136.25
136.25
135.75
135.25
135.25
134.5
134.5
134.5
134.5
134.5
135.25
135.25
134.5
134.5
134.5
134.5
134.5
135.25
135.25
135.25
135.25
134.5
134.5
134.5
134.5
134.5
134.5
134.5
135.25
135.25
134.0
134.0
134.5
134.5
133.25
134.0
134.0
134.0
134.0
132.25
132.25
134.0
134.0
133.25
134.0
134.0
134.5
134.5
134.0
134.0
134.5
134.5
134.5
134.0
134.0
134.0
134.0
133.25
133.25
133.25
132.25
132.25
132.75
132.75
133.25
133.25
132.75
132.75
134.0
134.0
134.0
134.0
134.0
134.0
134.0
134.5
134.5
134.5
134.0
134.0
135.25
135.25
134.5
134.5
135.25
135.25
135.25
135.25
135.25
135.25
135.25
135.75
135.75
135.75
136.25
137.0
136.25
136.25
137.0
137.0
138.25
137.5
137.5
138.25
138.25
138.25
138.25
138.25
139.0
139.0
139.5
139.5
139.0
139.5
139.5
139.0
139.0
139.0
139.0
139.0
138.25
138.25
139.5
139.5
139.0
139.0
140.25
140.25
140.25
140.75
140.75
141.5
139.5
139.5
141.5
141.5
139.5
139.5
140.75
140.75
140.75
139.5
139.5
141.5
140.25
140.25
141.5
141.5
140.25
140.75
140.75
140.75
140.75
140.75
140.75
141.5
141.5
141.5
142.75
142.75
142.75
143.5
143.5
145.0
145.0
145.75
146.25
146.25
147.0
147.75
147.75
147.0
147.0
150.0
146.25
146.25
150.0
150.0
149.25
150.0
150.0
150.0
150.75
150.75
150.75
150.75
150.0
149.25
149.25
148.5
147.0
147.0
146.25
146.25
144.25
142.75
142.75
142.75
142.75
141.5
140.75
140.75
140.25
140.25
139.0
139.0
138.25
139.5
139.5
137.0
137.0
137.0
137.0
137.0
136.25
136.25
137.0
137.0
137.5
137.5
137.5
137.5
137.5
137.5
137.5
138.25
138.25
138.25
139.0
139.0
138.25
138.25
139.0
139.0
139.0
139.5
139.5
137.5
137.5
138.25
138.25
138.25
137.5
137.5
139.0
139.0
138.25
139.0
139.0
138.25
138.25
139.0
139.0
139.5
140.75
140.75
141.5
141.5
141.5
143.5
143.5
145.0
145.0
145.0
145.75
145.75
142.25
142.25
142.25
141.5
141.5
140.25
140.25
138.25
138.25
138.25
137.0
137.0
138.25
138.25
138.25
139.0
139.0
140.25
140.25
139.0
139.0
139.328125
139.65625
139.984375
140.3125
140.640625
140.96875
141.296875
141.625
141.953125
142.28125
142.609375
142.9375
143.265625
143.59375
143.921875
144.25
144.25
146.25
146.25
146.25
147.0
148.5
148.5
148.5
148.5
150.0
150.75
150.75
151.5
152.25
152.25
153.0
153.0
153.75
154.75
154.75
155.5
154.75
154.75
156.25
155.5
155.5
156.25
157.0
157.0
154.75
155.03125
155.3125
155.59375
155.875
156.15625
156.4375
156.71875
157.0
158.0
158.0
158.0
158.75
158.75
159.5
159.5
159.5
160.5
160.5
160.5
160.5
161.25
161.25
161.25
162.25
162.25
161.25
162.25
162.25
162.25
163.0
163.0
163.0
163.0
164.0
164.0
164.0
163.0
163.0
164.75
163.0
163.0
164.75
164.75
164.75
165.75
164.75
165.75
165.75
164.0
163.74074074074073
163.4814814814815
163.22222222222223
162.96296296296296
162.7037037037037
162.44444444444446
162.1851851851852
161.92592592592592
161.66666666666666
161.40740740740742
161.14814814814815
160.88888888888889
160.62962962962962
160.37037037037038
160.11111111111111
159.85185185185185
159.59259259259258
159.33333333333334
159.07407407407408
158.8148148148148
158.55555555555554
158.2962962962963
158.03703703703704
157.77777777777777
157.5185185185185
157.25925925925927
157.0
155.5
155.5
156.25
157.0
157.0
157.0
156.25
156.25
155.5
158.0
158.0
158.0
156.25
156.25
158.0
158.0
158.75
158.0
158.0
159.5
159.5
158.0
155.5
151.5
151.5
153.0
153.75
153.75
156.25
155.5
155.5
156.25
157.0
157.0
155.5
155.5
155.5
156.25
156.25
155.5
152.25
152.25
152.25
149.25
149.25
139.0
139.0
142.25
141.5
141.5
142.75
142.75
143.5
145.75
145.75
145.75
145.75
142.75
144.25
144.25
143.5
143.5
142.75
142.75
141.5
145.75
145.75
147.75
150.75
150.75
151.5
151.5
153.0
153.0
153.0
153.75
153.75
153.75
153.0
154.75
154.75
154.75
154.19642857142858
153.64285714285714
153.08928571428572
152.53571428571428
151.98214285714286
151.42857142857142
150.875
150.32142857142858
149.76785714285714
149.21428571428572
148.66071428571428
148.10714285714286
147.55357142857142
147.0
147.0
142.75
142.75
139.5
139.5
135.75
129.75
129.75
125.0
125.0
116.25
116.25
114.5
114.5
114.5
115.0
115.0
110.0
110.0
112.25
112.25
111.0
111.0
112.25
112.25
112.0
112.0
112.75
112.75
116.25
116.25
116.25
117.75
117.75
117.75
117.75
115.0
115.0
118.5
118.5
128.75
130.5
130.5
132.75
132.75
131.5
131.5
131.5
131.5
127.75
127.75
126.5
128.75
128.75
126.5
126.5
124.5
124.5
123.0
123.0
117.75
117.75
114.5
114.5
114.5
110.0
110.0
113.25
113.25
114.0
114.0
115.5
115.5
115.75
115.75
115.75
115.75
114.0
114.0
112.78947368421052
111.57894736842105
110.36842105263158
109.15789473684211
107.94736842105263
106.73684210526316
105.52631578947368
104.3157894736842
103.10526315789474
101.89473684210526
100.6842105263158
99.47368421052632
98.26315789473684
97.05263157894737
95.84210526315789
94.63157894736842
93.42105263157895
92.21052631578948
91.0
91.0
91.0
91.0
91.0
92.0
92.0
96.75
96.75
96.75
104.25
104.25
100.25
100.25
100.25
91.5
91.5
94.75
94.75
94.75
84.75
84.75
84.75
90.75
90.75
93.0
93.0
93.0
91.75
91.75
93.25
93.25
93.25
90.25
90.25
90.25
88.5
88.5
88.75
88.75
88.75
91.0
91.0
91.0
80.0
80.0
80.0
83.75
83.75
83.75
86.0
86.0
89.0
89.0
89.0
83.5
83.5
83.5
91.75
91.75
91.75
91.5
91.5
91.5
92.25
92.25
86.75
86.75
86.75
82.75
82.75
82.75
86.5
86.5
93.25
93.25
93.25
81.75
81.75
81.75
88.75
88.75
88.75
88.75
88.75
88.5
88.5
88.5
93.5
93.5
93.5
93.5
93.5
97.75
97.75
91.25
91.25
91.25
98.0
98.0
95.0
95.0
95.0
99.75
99.75
97.0
97.0
97.0
101.0
101.0
104.5
104.5
101.25
101.25
101.25
83.0
83.0
83.0
91.25
91.25
102.75
102.75
108.25
108.25
108.25
109.0
109.0
110.25
110.25
112.0
112.0
111.5
111.5
112.75
112.75
123.5
123.5
123.0
123.0
123.0
119.0
102.75
102.75
102.75
95.25
95.25
95.25
93.5
93.5
99.25
99.25
104.5
104.5
109.5
109.5
109.5
111.0
111.0
111.0
111.0
116.75
116.75
123.5
123.5
126.0
126.0
126.0
127.75
127.75
129.75
129.75
129.75
137.0
140.75
139.5
139.5
139.0
139.0
138.25
138.25
136.25
137.0
137.0
135.75
135.75
136.25
136.25
136.25
139.5
139.5
140.75
140.75
139.5
139.5
140.75
139.0
139.0
135.75
135.75
134.5
134.5
132.75
132.75
132.75
131.5
131.5
135.75
135.75
134.5
134.5
139.0
141.5
141.5
142.25
142.25
142.75
145.75
145.75
147.0
147.0
148.5
147.0
147.0
147.0
145.75
145.75
146.25
146.25
142.75
142.25
142.25
143.5
143.5
142.25
142.25
140.75
139.5
139.5
139.0
139.0
136.25
136.25
135.25
135.25
135.25
134.0
134.0
131.5
131.5
134.0
134.0
132.75
131.5
131.5
132.25
132.25
134.0
134.0
134.0
134.0
135.75
132.75
132.75
132.25
132.25
135.25
135.25
134.5
135.25
135.25
133.25
133.25
132.25
132.25
132.75
132.75
129.25
129.25
129.75
129.75
129.75
128.25
128.25
131.0
131.0
132.75
132.75
133.25
133.25
135.25
135.25
135.25
136.25
136.25
134.0
134.0
135.75
134.0
134.0
132.25
132.25
132.75
132.75
133.25
133.25
131.5
132.25
132.25
130.5
130.5
131.5
131.5
128.25
128.25
131.0
131.0
129.75
129.75
128.25
129.75
129.75
131.0
131.0
131.0
131.0
129.25
129.25
131.5
131.5
132.25
131.0
131.0
131.5
131.5
132.25
132.25
128.75
128.75
130.5
130.5
129.75
128.25
128.25
128.25
128.25
127.75
127.75
127.75
127.75
125.5
125.5
127.75
127.75
127.0
127.0
127.0
127.0
128.25
126.0
126.0
126.5
126.5
126.0
126.0
125.0
125.0
125.5
125.5
122.5
122.5
122.5
122.5
122.0
122.0
122.5
122.5
119.5
119.5
119.5
119.5
119.0
119.0
117.25
117.25
118.0
118.0
121.5
121.5
117.75
117.75
122.0
122.0
123.5
123.5
125.0
125.0
123.0
123.0
123.5
123.5
119.5
119.5
116.25
116.25
111.0
111.0
110.0
110.0
105.75
105.75
105.75
105.0
105.0
106.75
106.75
106.5
106.5
111.0
111.0
111.0
113.75
113.75
116.25
116.25
116.25
116.25
100.25
100.25
100.25
91.0
91.0
91.0
83.75
83.75
85.0
85.0
85.0
87.75
87.75
87.75
90.75
90.75
90.75
90.75
90.75
93.0
93.0
93.0
94.0
94.0
95.25
95.25
108.25
108.25
119.5
119.5
123.5
123.5
125.5
125.5
126.5
126.5
129.25
129.25
131.0
131.0
132.75
134.0
134.0
139.0
139.0
140.25
140.25
138.25
135.75
135.75
134.0
134.0
132.75
132.75
131.5
131.5
130.5
128.75
128.75
128.25
128.25
126.0
126.0
127.0
127.0
125.5
125.5
125.5
125.5
126.0
126.0
127.75
127.75
129.25
128.25
128.25
129.75
129.75
131.5
131.5
132.75
132.75
132.25
132.25
134.0
134.5
134.5
137.5
137.5
138.25
139.5
139.5
140.25
140.25
141.5
141.5
140.75
140.25
140.25
140.75
140.75
142.25
142.25
142.25
142.25
142.25
141.5
141.5
139.5
142.25
142.25
140.75
140.75
140.25
139.0
139.0
140.25
140.25
139.5
139.5
138.25
135.25
135.25
134.5
134.5
133.25
133.25
132.25
132.75
132.75
131.5
131.5
132.75
132.75
133.25
133.25
137.0
137.5
137.5
138.25
138.25
137.0
137.0
137.5
137.0
137.0
138.25
138.25
140.25
140.25
139.5
140.75
140.75
141.5
141.5
141.5
141.5
141.5
142.75
142.75
142.25
142.25
142.25
140.75
140.75
142.25
142.25
140.75
140.75
140.75
140.25
140.25
140.75
141.5
141.5
140.75
140.75
142.75
142.25
142.25
142.75
142.75
142.25
142.75
142.75
142.75
142.75
142.75
142.75
142.75
142.25
142.25
142.75
142.75
143.5
142.25
142.25
142.75
142.75
142.25
142.75
142.75
142.75
142.75
142.25
142.25
142.25
142.25
142.25
142.75
142.75
142.75
142.25
142.25
142.75
142.75
142.75
142.75
142.75
142.75
142.25
142.25
141.5
141.5
142.25
142.25
142.25
142.75
142.75
143.5
143.5
142.25
142.25
142.25
143.5
143.5
142.25
142.75
142.75
142.25
142.25
142.25
143.5
143.5
145.0
145.0
144.25
145.75
145.75
145.75
145.75
146.25
147.0
147.0
145.75
145.75
146.25
146.25
146.25
145.75
147.0
147.0
145.75
145.75
145.75
145.75
145.75
146.25
146.25
145.0
146.25
146.25
145.75
145.75
146.25
145.75
145.75
145.75
145.75
146.25
145.75
145.75
145.75
145.75
145.75
145.0
145.0
145.75
146.25
146.25
145.0
145.0
144.25
145.75
145.75
145.0
145.0
145.75
146.25
146.25
146.25
146.25
145.0
145.75
145.75
145.0
145.0
145.75
145.0
145.0
145.75
145.75
146.25
145.75
145.75
145.0
145.0
145.0
145.75
145.75
146.25
146.25
146.25
147.0
147.0
147.0
146.25
146.25
147.0
147.0
145.75
146.25
146.25
146.25
146.25
145.75
145.75
145.75
145.75
145.0
145.0
145.75
145.75
144.25
144.25
144.25
145.0
145.0
144.25
145.75
145.75
146.25
146.25
145.75
147.0
147.0
146.25
146.25
145.75
146.25
146.25
145.75
145.75
145.75
145.0
145.0
145.75
145.75
144.25
145.0
145.0
144.25
144.25
143.5
144.25
144.25
144.25
144.25
144.25
145.0
145.0
145.0
145.0
143.5
143.5
143.5
143.5
143.5
142.75
144.25
144.25
142.75
142.75
142.75
144.25
144.25
143.5
143.5
144.25
143.5
143.5
143.5
143.5
144.25
144.25
144.25
145.0
145.0
145.0
144.25
144.25
145.0
145.0
145.0
145.0
145.0
145.0
145.0
145.0
144.25
144.25
144.25
144.25
144.25
143.5
143.5
143.5
143.5
143.5
143.5
143.5
143.5
143.5
142.75
142.75
142.75
142.75
142.75
144.25
144.25
144.25
144.25
144.25
144.25
144.25
144.25
143.5
143.5
143.5
144.25
144.25
143.5
143.5
142.75
142.25
142.25
141.5
141.5
140.25
140.75
140.75
140.75
140.75
141.5
140.75
140.75
141.5
141.5
141.5
141.5
142.75
142.25
142.25
142.25
142.25
142.25
142.75
142.75
142.25
142.25
142.25
142.75
142.75
143.5
143.5
142.75
143.5
143.5
142.75
142.75
143.5
142.25
142.25
142.75
142.75
142.25
142.25
142.25
142.25
142.25
142.75
142.75
143.5
142.75
142.75
144.25
144.25
142.25
143.5
143.5
142.75
142.75
142.75
142.25
142.25
142.25
142.25
142.25
142.25
142.25
140.75
140.75
141.5
141.5
141.5
142.25
142.25
141.5
141.5
141.5
141.5
141.5
142.75
142.75
143.5
142.75
142.75
144.25
144.25
143.5
143.5
143.5
143.5
143.5
142.75
142.75
142.75
142.75
142.75
142.25
142.25
142.25
141.5
141.5
142.75
142.25
142.25
142.25
142.25
142.75
141.5
141.5
142.75
142.75
141.5
141.5
142.75
142.25
142.25
142.25
142.25
143.5
142.75
142.75
142.25
142.25
142.25
142.25
142.25
142.25
142.25
141.5
141.5
141.5
140.75
140.75
142.25
140.75
140.75
141.5
141.5
141.5
141.5
141.5
141.5
141.5
142.25
142.25
141.5
140.75
140.75
142.25
142.25
140.75
141.5
141.5
140.25
140.25
140.75
140.75
140.25
140.25
140.25
140.75
140.75
140.25
140.75
140.75
140.25
140.25
141.5
141.5
140.75
141.5
141.5
140.75
140.75
142.25
141.5
141.5
142.25
142.25
141.5
142.25
142.25
142.25
142.25
142.25
142.25
142.25
141.5
141.5
142.75
142.25
142.25
142.75
142.75
142.25
142.25
142.75
142.75
142.75
142.75
142.75
142.25
142.75
142.75
142.75
142.75
142.75
142.75
142.75
142.75
142.75
142.25
142.75
142.75
142.75
142.75
143.5
142.75
142.75
142.75
142.75
142.25
141.5
141.5
142.25
142.25
142.25
142.25
141.5
141.5
141.5
142.25
142.25
142.25
141.5
141.5
140.75
140.75
142.25
141.5
141.5
140.75
140.75
142.25
142.25
142.25
140.75
140.75
141.5
141.5
141.5
141.5
141.5
142.25
142.25
141.5
141.5
141.5
141.5
141.5
140.75
140.75
140.75
140.75
140.75
140.25
140.25
140.75
140.75
140.75
141.5
141.5
140.25
141.5
141.5
141.5
141.5
140.25
141.5
141.5
141.5
141.5
141.5
141.5
141.5
141.5
141.5
142.25
142.25
140.75
141.5
141.5
141.5
141.5
140.75
140.75
140.75
140.75
140.75
141.5
141.5
141.5
141.5
141.5
140.75
140.75
141.5
142.25
142.25
140.75
140.75
140.75
140.75
140.75
140.75
140.75
142.75
142.75
142.25
142.75
142.75
144.25
144.25
144.25
143.5
143.5
143.5
143.5
143.5
142.25
142.25
140.75
140.75
143.5
143.5
143.5
144.25
144.25
145.75
146.25
146.25
147.75
148.5
148.5
149.25
149.25
149.25
150.0
150.0
150.0
150.75
150.75
150.0
150.0
150.75
150.75
150.75
149.25
150.0
150.0
148.5
148.5
147.75
147.0
147.0
145.75
145.75
143.5
143.5
143.5
140.75
140.75
142.25
141.5
141.5
141.5
141.5
140.25
140.25
140.25
139.5
139.5
139.0
139.0
139.5
140.25
140.25
139.0
139.0
139.0
139.0
138.25
139.5
139.5
139.0
139.0
138.25
138.25
139.0
139.5
139.5
138.25
138.25
139.0
139.0
139.0
139.5
139.5
139.5
139.5
140.25
139.5
139.5
139.5
139.5
139.5
140.25
140.25
142.25
142.25
142.75
143.5
143.5
145.0
145.0
144.25
145.0
145.0
146.25
146.25
145.75
147.0
147.0
147.0
147.0
147.75
149.25
149.25
149.25
150.0
150.0
150.75
150.75
150.75
150.75
150.75
152.25
151.5
151.5
152.25
152.25
152.25
153.0
153.0
153.0
153.75
153.75
153.0
153.75
153.75
154.75
154.75
154.75
154.75
154.75
154.75
154.75
154.75
155.5
157.0
157.0
157.0
156.25
156.25
157.0
158.0
158.0
157.0
157.0
157.0
154.75
154.75
151.5
148.5
148.5
143.5
142.25
142.25
139.5
139.5
139.5
139.5
142.25
144.25
144.25
144.25
144.25
146.25
148.5
148.5
149.25
149.25
149.25
149.25
149.25
148.5
149.25
149.25
147.75
147.75
146.25
142.25
142.25
135.75
135.75
133.25
133.25
132.25
129.25
129.25
127.75
127.75
127.0
127.0
125.5
125.5
127.0
127.0
126.0
126.0
128.75
128.75
128.75
129.75
129.75
130.5
130.5
130.5
130.5
131.5
131.5
132.25
132.25
132.75
132.75
132.75
134.0
134.0
134.5
134.5
134.0
134.0
134.0
134.0
134.0
134.5
134.5
135.25
135.25
135.25
135.25
135.25
135.75
135.75
135.75
135.75
136.25
136.25
137.0
136.25
136.25
136.25
136.25
136.25
136.25
136.25
135.75
135.75
136.25
136.25
135.75
135.75
135.75
135.75
135.75
134.5
134.5
135.25
135.25
135.75
135.75
134.5
135.25
135.25
135.75
135.75
134.5
134.5
134.5
133.25
133.25
132.75
132.75
133.25
133.25
132.75
132.75
134.0
134.5
134.5
135.25
135.25
135.25
134.5
136.25
136.25
134.5
135.25
135.25
135.75
135.75
136.25
136.25
135.75
135.75
136.25
137.5
137.5
135.75
135.75
137.0
136.25
136.25
135.75
135.75
137.0
137.0
137.0
138.25
138.25
139.0
139.0
139.5
139.5
140.25
140.25
140.25
140.25
140.25
139.5
140.75
140.75
140.25
140.25
140.25
140.25
139.5
139.5
139.5
140.25
140.25
139.5
140.25
140.25
140.75
140.75
140.25
140.25
140.75
139.0
139.0
138.25
138.25
139.0
139.5
139.5
141.5
141.5
141.5
141.5
142.75
142.75
142.75
142.75
142.75
143.5
145.0
145.0
144.25
144.25
144.25
144.25
144.25
144.25
144.25
144.25
144.25
144.25
144.25
145.0
145.0
145.0
145.0
145.0
145.75
145.75
146.25
146.25
145.75
145.75
145.75
146.25
146.25
146.25
147.0
147.0
146.25
146.25
147.0
147.75
147.75
147.75
148.5
148.5
148.5
148.5
148.5
148.5
148.5
148.5
148.5
148.5
147.75
147.75
147.75
147.75
147.75
147.0
147.0
146.25
147.0
147.0
146.25
146.25
146.25
147.0
147.0
146.25
146.25
146.25
146.25
146.25
146.25
146.25
146.25
147.0
147.0
147.0
147.0
147.0
146.25
146.25
147.0
146.25
146.25
147.75
147.0
147.0
147.75
147.75
147.0
147.75
147.75
147.75
147.75
147.0
147.75
147.75
147.0
147.0
147.0
147.75
147.75
147.0
147.75
147.75
147.75
147.75
148.5
147.75
147.75
148.5
147.75
147.75
147.75
147.75
147.75
147.0
147.0
147.75
147.75
147.75
147.0
147.0
147.0
147.0
147.0
147.0
147.0
146.25
147.0
147.0
147.0
147.0
146.25
146.25
146.25
146.25
146.25
147.0
146.25
146.25
146.25
146.25
146.25
146.25
146.25
147.0
146.25
146.25
147.0
147.0
147.0
147.0
147.0
147.0
147.0
147.0
147.0
147.0
146.25
146.25
145.75
146.25
146.25
145.75
145.75
145.75
144.25
144.25
146.25
144.25
144.25
145.0
145.0
145.0
145.0
145.0
145.0
145.0
145.0
144.25
144.25
145.0
145.0
143.5
144.25
144.25
144.25
144.25
144.25
143.5
143.5
144.25
144.25
143.5
143.5
143.5
144.25
144.25
144.25
143.5
143.5
143.5
143.5
143.5
142.75
142.75
143.5
143.5
144.25
143.5
143.5
144.25
144.25
144.25
143.5
143.5
143.5
143.5
142.75
142.75
142.75
142.25
142.25
142.25
142.25
142.25
142.25
142.25
142.25
142.25
141.5
142.75
142.75
142.25
142.25
143.5
144.25
144.25
144.25
144.25
145.0
145.0
145.0
144.25
144.25
144.25
144.25
144.25
144.25
144.25
143.5
144.25
144.25
143.5
143.5
144.25
144.25
144.25
144.25
144.25
144.25
144.25
144.25
144.25
144.25
143.5
144.25
144.25
145.0
145.0
143.5
144.25
144.25
145.0
145.0
144.25
145.75
145.75
145.75
145.75
145.75
143.5
143.5
143.5
143.5
143.5
142.25
142.25
142.75
142.75
142.75
142.25
142.25
142.75
142.75
143.5
142.25
142.25
143.5
143.5
144.25
144.25
144.25
144.25
144.25
145.0
145.0
145.75
145.0
145.0
145.75
144.25
144.25
145.75
145.75
145.0
146.25
146.25
145.75
145.75
145.75
147.0
147.0
145.75
147.0
147.0
145.0
145.0
145.0
145.75
145.75
146.25
146.25
146.25
147.0
147.0
147.0
147.75
147.75
148.5
148.5
147.0
149.25
149.25
147.75
147.75
147.75
148.5
148.5
147.75
147.0
147.0
146.25
146.25
147.0
146.25
146.25
146.25
146.25
146.25
145.75
145.75
145.75
145.75
145.75
145.75
145.75
145.75
145.75
145.75
145.0
145.0
144.25
144.25
144.25
143.5
143.5
144.25
144.25
142.75
142.75
142.75
142.75
142.75
142.25
142.75
142.75
143.5
143.5
142.75
142.75
143.5
144.25
144.25
144.25
143.5
143.5
144.25
144.25
144.25
144.25
144.25
142.75
142.75
143.5
141.5
141.5
141.5
141.5
141.5
142.25
142.25
142.25
142.25
142.75
142.75
142.75
143.5
143.5
143.5
143.5
143.5
144.25
144.25
144.25
145.0
145.0
145.75
145.75
145.0
145.75
145.75
145.75
145.75
145.75
145.75
145.75
146.25
146.25
146.25
145.75
145.75
146.25
146.25
146.25
146.25
146.25
147.0
147.0
147.0
147.0
147.0
145.75
147.0
147.0
147.0
147.0
146.25
147.0
147.0
147.0
147.0
146.25
147.75
147.75
147.0
147.75
147.75
147.0
147.0
147.75
147.0
147.0
148.5
148.5
147.0
147.75
147.75
147.0
147.0
147.0
147.75
147.75
147.0
147.75
147.75
147.75
147.75
147.0
147.75
147.75
147.75
147.75
147.75
145.75
145.75
145.75
145.0
145.0
143.5
143.5
144.25
144.25
144.25
144.25
144.25
144.25
144.25
144.25
144.25
144.25
145.0
145.0
145.0
145.75
145.75
145.75
145.75
145.75
145.75
145.75
146.25
145.75
145.75
146.25
146.25
146.25
146.25
146.25
146.25
145.75
145.75
146.25
146.25
145.75
145.75
145.75
145.75
145.75
145.75
145.0
145.0
145.75
145.75
145.75
145.75
145.75
145.75
145.75
145.75
145.75
145.75
146.25
146.25
145.75
146.25
146.25
147.0
146.25
146.25
147.0
147.0
146.25
147.0
147.0
147.0
147.0
147.75
147.0
147.0
147.0
147.75
147.75
147.75
147.75
147.0
147.75
147.75
147.0
147.0
147.0
147.0
147.0
147.0
147.0
146.25
147.0
147.0
147.0
145.0
145.0
146.25
146.25
145.75
145.75
145.75
145.75
145.75
146.25
146.25
146.25
146.25
146.25
147.0
147.0
147.0
147.0
147.0
145.75
147.0
147.0
147.0
147.75
147.75
147.75
147.75
147.75
148.5
148.5
148.5
147.75
147.75
147.75
147.75
147.0
147.0
147.0
146.25
146.25
146.25
146.25
146.25
146.25
146.25
147.0
147.0
147.0
146.25
147.0
147.0
146.25
146.25
146.25
146.25
146.25
145.75
145.75
145.75
145.75
145.75
145.0
145.0
144.25
144.25
144.25
145.0
145.0
145.0
145.0
145.0
145.0
145.0
145.0
145.0
145.0
144.25
144.25
145.0
145.0
145.0
144.25
144.25
144.25
143.5
143.5
144.25
144.25
143.5
144.25
144.25
142.25
142.25
143.5
142.75
142.75
142.25
142.25
142.25
142.75
142.75
142.75
142.75
141.5
142.75
142.75
142.75
142.75
142.75
142.25
142.25
143.5
143.5
142.75
143.5
143.5
143.5
143.5
144.25
142.75
142.75
144.25
144.25
143.5
144.25
144.25
143.5
143.5
144.25
143.5
143.5
145.0
145.0
143.5
143.5
143.5
144.25
144.25
144.25
143.5
143.5
144.25
144.25
144.25
143.5
143.5
144.25
144.25
144.25
144.25
144.25
143.5
143.5
143.5
144.25
144.25
145.0
145.0
144.25
145.0
145.0
145.0
145.0
145.0
145.75
145.75
145.0
145.0
145.75
145.75
145.75
144.25
144.25
144.25
144.25
144.25
144.25
144.25
144.25
144.25
144.25
144.25
144.25
144.25
144.25
144.25
144.25
144.25
143.5
144.25
144.25
144.25
144.25
143.5
143.5
143.5
144.25
144.25
144.25
144.25
144.25
144.25
144.25
144.25
145.0
145.0
145.0
145.0
144.25
145.0
145.0
144.25
144.25
142.75
143.5
143.5
142.75
142.75
142.75
142.75
142.75
142.75
142.75
142.75
142.75
142.75
143.5
143.5
143.5
142.25
142.25
143.5
143.5
143.5
141.5
141.5
142.75
142.75
143.5
143.5
142.75
142.75
142.75
143.5
143.5
143.5
143.5
143.5
142.75
142.75
144.25
142.75
142.75
143.5
143.5
142.25
143.5
143.5
143.5
143.5
143.5
144.25
144.25
144.25
144.25
145.0
145.75
145.75
145.0
145.0
145.75
146.25
146.25
145.0
145.0
145.0
144.25
144.25
142.75
142.75
142.75
141.5
141.5
142.25
142.25
142.25
142.75
142.25
143.5
143.5
143.5
143.5
143.5
143.5
143.5
144.25
143.5
143.5
144.25
144.25
143.5
143.5
143.5
143.5
143.5
142.75
143.5
143.5
143.5
143.5
143.5
143.5
143.5
143.5
143.5
144.25
142.75
142.75
143.5
143.5
144.25
143.5
143.5
143.5
143.5
144.25
144.25
144.25
144.25
144.25
144.25
143.5
143.5
144.25
144.25
143.5
145.0
145.0
144.25
144.25
144.25
144.25
144.25
144.25
144.25
144.25
143.5
143.5
145.0
145.0
144.25
144.25
144.25
144.25
144.25
144.25
144.25
144.25
143.5
143.5
143.5
143.5
144.25
142.75
142.75
142.75
143.5
143.5
143.5
143.5
143.5
144.25
144.25
144.25
144.25
145.0
145.0
145.0
145.0
145.0
145.75
145.75
145.75
145.0
145.0
145.75
145.75
145.75
145.0
145.0
144.25
144.25
144.25
144.25
144.25
143.5
144.25
144.25
142.75
142.75
142.75
143.5
143.5
143.5
143.5
142.75
142.75
142.75
143.5
143.5
143.5
142.75
142.75
142.75
142.75
143.5
142.75
142.75
143.5
143.5
143.5
142.75
142.75
144.25
144.25
144.25
143.5
144.25
143.5
143.5
143.5
144.25
144.25
144.25
144.25
144.25
144.25
144.25
144.25
144.25
144.25
143.5
143.5
144.25
144.25
144.25
142.75
142.75
143.5
143.5
142.75
144.25
144.25
143.5
143.5
143.5
143.5
143.5
144.25
144.25
144.25
144.25
144.25
143.5
143.5
143.5
144.25
144.25
142.75
142.75
142.75
142.25
142.25
141.5
141.5
141.5
141.5
142.25
141.5
141.5
142.25
142.25
141.5
141.5
141.5
141.5
141.5
142.25
142.75
142.75
142.25
142.25
142.75
142.75
142.75
142.75
142.75
142.75
142.25
142.25
141.5
141.5
140.25
140.25
141.5
140.25
140.25
141.5
141.5
140.75
140.75
140.75
140.75
140.75
140.75
140.75
141.5
141.5
141.5
140.75
140.75
142.25
140.75
140.75
141.5
141.5
142.25
141.5
141.5
142.75
142.75
142.25
142.75
142.75
142.25
142.25
142.25
142.75
142.75
142.25
142.25
141.5
141.5
139.5
140.75
140.75
140.75
140.75
140.25
140.75
140.75
140.75
140.75
140.75
140.75
140.75
140.75
140.75
140.75
140.75
140.25
140.25
140.25
140.75
140.75
141.5
140.25
140.25
140.75
140.75
140.25
140.25
140.75
140.75
140.75
140.75
140.75
140.75
140.75
140.75
140.25
140.25
140.75
140.75
140.25
140.25
140.75
140.25
140.25
140.25
140.75
140.75
140.75
140.75
140.75
140.25
140.25
140.25
140.25
140.25
140.25
140.25
140.75
140.75
140.25
140.25
140.75
140.75
140.75
140.75
140.75
141.5
141.5
141.5
142.25
142.25
142.25
142.25
142.25
142.25
142.25
142.25
142.25
142.25
142.25
142.25
140.75
140.75
141.5
141.5
141.5
140.25
140.25
141.5
141.5
141.5
141.5
141.5
142.75
142.75
142.75
143.5
143.5
143.5
143.5
143.5
144.25
143.5
144.25
144.25
143.5
145.0
145.0
145.0
145.0
145.75
145.75
145.75
146.25
146.25
147.0
147.0
147.0
147.75
147.75
147.75
147.75
147.75
149.25
149.25
149.25
149.25
150.75
150.75
150.75
150.75
150.75
151.5
151.5
150.75
151.5
151.5
150.0
150.0
147.75
147.0
147.0
145.75
145.75
145.75
145.0
145.0
145.0
145.0
144.25
143.5
143.5
143.5
143.5
142.75
142.75
142.75
141.5
141.5
140.25
140.25
139.5
137.5
137.5
137.5
137.0
136.25
135.75
135.75
135.25
135.25
134.5
134.5
134.5
135.25
135.25
135.75
135.75
135.25
135.25
135.75
135.75
135.75
135.75
135.75
136.25
136.25
135.75
135.75
135.25
135.25
135.25
133.25
133.25
132.75
132.75
133.25
133.25
132.75
132.75
132.75
134.0
134.0
134.0
134.0
134.5
134.5
135.75
135.25
135.25
135.75
135.75
135.75
135.75
136.25
136.25
136.25
135.75
135.75
137.0
137.0
137.5
138.25
138.25
137.5
137.5
137.0
137.0
136.25
136.25
136.25
135.25
135.25
136.25
136.25
134.5
134.5
135.25
134.5
134.5
135.25
135.25
135.25
135.25
137.0
136.25
136.25
137.5
137.5
137.5
137.5
137.5
138.25
138.25
137.5
137.5
137.5
137.5
138.25
139.0
139.0
137.5
137.5
137.5
139.0
139.0
138.25
138.25
139.5
139.5
139.0
138.25
138.25
140.25
140.25
139.5
139.5
140.25
139.5
139.5
139.0
139.0
139.0
137.0
137.0
138.25
138.25
138.25
138.25
138.25
139.0
139.0
138.25
138.25
139.0
139.0
139.0
139.0
139.0
139.0
139.0
140.25
140.25
139.5
140.75
140.75
141.5
141.5
141.5
141.5
141.5
140.75
140.75
141.5
140.75
140.75
140.75
140.75
140.75
140.75
140.75
141.5
141.5
140.75
140.75
140.75
141.5
141.5
141.5
141.5
142.75
142.75
142.75
142.75
142.75
144.25
143.5
143.5
143.5
143.5
143.5
143.5
143.5
144.25
144.25
143.5
144.25
144.25
144.25
144.25
144.25
144.25
144.25
145.0
145.0
145.0
145.0
145.0
145.75
145.75
145.0
145.75
145.75
145.0
145.0
145.75
146.25
146.25
146.25
145.0
145.0
145.75
145.75
145.75
145.75
145.75
145.75
145.75
145.75
145.0
145.0
145.0
145.0
146.25
146.25
146.25
146.25
146.25
146.25
146.25
146.25
146.25
146.25
145.75
146.25
146.25
145.0
145.0
145.75
145.0
145.0
145.0
145.0
145.0
145.75
145.75
145.75
145.75
145.75
145.75
145.75
146.25
145.75
145.75
146.25
146.25
145.75
146.25
146.25
145.0
145.0
144.25
145.0
145.0
145.0
145.0
144.25
144.25
144.25
144.25
144.25
145.0
145.0
145.0
144.25
144.25
144.25
145.0
144.25
144.25
144.25
144.25
145.0
145.0
145.0
145.0
144.25
145.0
145.0
144.25
144.25
144.25
144.25
144.25
144.25
144.25
143.5
143.5
143.5
144.25
144.25
143.5
142.75
142.75
142.75
142.75
143.5
142.75
142.75
142.75
142.75
142.75
143.5
143.5
142.75
142.75
143.5
143.5
143.5
143.5
143.5
142.75
143.5
143.5
143.5
143.5
142.75
142.75
142.75
142.25
142.25
143.5
143.5
143.5
143.5
143.5
143.5
144.25
144.25
142.75
142.75
144.25
143.5
143.5
144.25
144.25
143.5
142.75
142.75
142.75
142.75
142.25
143.5
143.5
142.75
142.75
142.75
142.75
143.5
144.25
144.25
142.75
142.75
142.75
143.5
143.5
142.75
142.75
142.75
142.25
142.25
142.75
142.75
142.75
142.75
142.75
142.75
142.75
143.5
143.5
143.5
145.0
145.0
145.0
145.0
145.0
144.25
144.25
143.5
144.25
144.25
142.75
142.75
142.25
142.25
142.25
142.25
142.25
141.5
142.75
142.75
141.5
141.5
141.5
142.25
142.25
142.75
142.75
142.25
142.25
142.75
142.75
142.75
142.75
142.75
142.25
142.25
142.25
141.5
141.5
142.25
141.5
141.5
141.5
141.5
141.5
142.25
142.25
142.25
142.25
142.75
143.5
143.5
143.5
143.5
143.5
143.5
144.25
143.5
143.5
143.5
144.25
143.5
144.25
144.25
143.5
144.25
144.25
144.25
144.25
143.5
143.5
143.5
143.5
143.5
144.25
144.25
144.25
144.25
144.25
145.0
145.0
145.0
145.0
145.0
144.25
144.25
144.25
144.25
144.25
143.5
143.5
143.5
143.5
143.5
143.5
142.75
142.75
141.5
141.5
142.75
142.75
142.75
142.25
142.25
143.5
143.5
142.75
142.75
142.75
142.75
142.75
142.75
142.75
142.75
142.25
142.25
141.5
140.75
140.75
141.5
141.5
141.5
142.25
142.25
142.25
142.25
142.25
142.25
142.75
143.5
143.5
142.75
142.75
143.5
143.5
143.5
143.5
143.5
142.75
142.75
142.75
142.25
142.25
142.75
141.5
141.5
141.5
141.5
141.5
142.25
142.25
141.5
141.5
141.5
142.25
142.25
141.5
141.5
141.5
141.5
142.25
142.25
142.25
142.75
142.75
143.5
144.25
144.25
143.5
143.5
144.25
144.25
143.5
143.5
143.5
143.5
142.75
143.5
141.5
141.5
141.5
140.25
140.25
140.25
140.75
140.75
140.75
140.75
140.75
140.75
141.5
141.5
141.5
140.75
140.75
142.25
142.25
141.5
141.5
141.5
142.25
142.25
142.25
142.75
142.75
142.25
142.25
142.25
142.75
142.75
142.75
142.75
143.5
143.5
143.5
142.75
142.75
142.75
142.75
142.75
142.25
142.25
142.75
142.75
142.25
141.5
141.5
142.25
142.25
142.25
142.25
142.25
142.75
142.75
142.25
142.75
142.75
143.5
143.5
142.25
142.75
142.75
143.5
143.5
143.5
143.5
143.5
143.5
143.5
143.5
143.5
143.5
144.25
144.25
143.5
144.25
144.25
142.75
142.75
143.5
143.5
142.75
143.5
143.5
143.5
143.5
143.5
143.5
143.5
142.75
142.75
142.75
142.75
142.75
142.75
142.75
144.25
143.5
143.5
144.25
144.25
144.25
144.25
144.25
145.0
145.0
145.0
144.25
144.25
144.25
144.25
144.25
144.25
144.25
143.5
143.5
143.5
143.5
143.5
143.5
143.5
143.5
144.25
144.25
143.5
143.5
145.0
143.5
143.5
145.0
145.0
145.0
145.0
145.0
145.0
145.0
145.75
145.75
145.75
145.0
145.75
145.75
146.25
146.25
145.75
145.75
145.75
144.25
144.25
145.0
145.0
145.0
143.5
143.5
145.0
145.0
145.0
145.0
145.0
145.0
145.75
145.75
146.25
146.25
146.25
146.25
146.25
147.0
147.0
145.75
145.75
145.75
145.0
145.0
144.25
144.25
144.25
143.5
143.5
142.75
143.5
143.5
142.75
142.75
142.75
142.75
142.75
142.75
142.75
142.75
142.75
142.75
143.5
143.5
142.25
143.5
143.5
142.75
142.75
142.75
142.25
142.25
142.75
142.75
141.5
141.5
141.5
142.25
142.25
140.75
140.75
140.75
140.75
140.75
140.75
140.75
140.25
141.5
141.5
141.5
141.5
142.25
141.5
141.5
142.25
142.25
142.25
142.25
142.25
142.25
142.25
142.25
142.25
141.5
140.25
140.25
140.75
140.75
140.25
139.5
139.5
140.25
140.25
140.25
140.25
140.25
140.75
140.75
140.75
140.75
140.75
141.5
141.5
141.5
141.5
141.5
141.5
141.5
140.75
140.75
140.75
140.75
140.75
140.25
140.25
140.25
140.25
139.5
140.25
140.25
139.5
139.5
139.0
139.0
138.25
139.0
139.0
137.5
137.5
139.5
139.5
139.0
139.5
139.5
139.5
139.5
140.25
139.5
139.5
139.5
139.5
140.25
140.25
139.5
140.75
140.75
140.75
140.75
141.5
141.5
141.5
142.25
142.25
142.25
142.75
142.75
142.25
142.25
142.75
142.25
142.25
142.75
142.75
142.25
142.25
141.5
141.5
141.5
141.5
141.5
142.25
141.5
141.5
141.5
142.25
142.25
142.75
142.75
142.25
142.25
142.75
142.75
142.75
142.25
142.25
143.5
142.25
142.25
143.5
143.5
142.75
143.5
143.5
142.75
142.75
142.25
142.25
142.25
142.75
142.75
141.5
141.5
141.5
142.25
142.25
142.25
142.25
142.75
142.25
142.25
143.5
143.5
144.25
143.5
143.5
145.0
145.0
143.5
143.5
143.5
145.0
145.0
144.25
145.0
145.0
143.5
143.5
144.25
143.5
143.5
143.5
143.5
143.5
143.5
143.5
142.75
142.75
142.75
143.5
143.5
144.25
144.25
143.5
144.25
144.25
144.25
144.25
145.0
145.0
145.0
145.0
145.0
145.0
145.75
145.75
145.0
145.0
145.0
145.75
145.75
145.0
145.0
145.75
145.75
145.75
145.75
145.75
146.25
145.75
145.75
145.75
145.75
145.75
144.25
144.25
145.75
145.75
145.75
145.0
145.0
145.75
145.75
145.75
145.75
145.75
146.25
146.25
146.25
145.75
145.75
146.25
145.75
145.75
145.75
145.75
145.75
145.0
145.0
145.75
145.0
145.0
145.75
145.75
145.0
145.0
145.0
145.0
145.0
145.0
145.75
145.75
145.75
145.75
145.75
145.75
145.75
146.25
146.25
146.25
146.25
146.25
145.0
145.0
144.25
144.25
144.25
145.0
145.0
144.25
144.25
144.25
144.25
144.25
143.5
143.5
143.5
144.25
144.25
144.25
144.25
144.25
145.0
145.0
145.0
144.25
144.25
145.0
145.0
145.0
144.25
144.25
144.25
144.25
145.0
144.25
144.25
143.5
143.5
144.25
144.25
144.25
144.25
144.25
144.25
145.0
145.0
145.0
145.0
145.0
145.0
145.0
145.0
145.0
145.0
145.75
145.75
145.0
145.0
145.0
145.0
145.0
145.75
145.0
145.0
144.25
144.25
145.0
145.0
145.0
144.25
144.25
145.0
144.25
144.25
145.0
145.0
144.25
145.0
145.0
145.75
145.75
145.75
145.75
145.75
145.75
145.75
145.75
145.75
145.75
145.75
146.25
146.25
145.75
145.75
145.75
144.25
144.25
145.0
145.0
145.0
143.5
143.5
144.25
144.25
145.0
144.25
144.25
145.0
145.0
145.0
145.75
145.75
145.75
145.75
146.25
146.25
146.25
146.25
146.25
146.25
146.25
146.25
146.25
146.25
146.25
145.75
145.75
146.25
146.25
146.25
145.75
145.75
146.25
146.25
146.25
146.25
146.25
147.0
146.25
146.25
147.0
147.0
146.25
146.25
146.25
146.25
147.0
147.0
146.25
146.25
146.25
146.25
146.25
146.25
146.25
146.25
147.0
147.0
146.25
146.25
145.75
145.75
145.75
145.75
145.75
145.0
144.25
144.25
145.0
145.0
145.0
144.25
144.25
143.5
145.0
145.0
144.25
144.25
145.0
145.0
145.0
145.0
145.0
143.5
145.0
145.0
144.25
144.25
144.25
144.25
144.25
144.25
144.25
144.25
144.25
144.25
145.0
145.0
145.75
145.0
145.0
145.75
145.75
144.25
145.0
145.0
145.0
145.0
145.75
145.0
145.0
145.75
145.75
145.75
145.0
145.0
145.0
145.0
145.0
145.0
145.0
145.0
145.0
145.75
145.75
145.75
145.75
145.75
145.75
145.75
145.75
145.75
145.0
145.0
145.75
145.75
144.25
145.75
145.75
145.0
145.0
145.0
145.75
145.75
146.25
146.25
145.75
146.25
146.25
147.0
147.0
146.25
147.0
147.0
147.0
145.0
145.0
145.75
145.75
145.75
145.0
145.0
145.75
145.75
145.75
145.75
145.75
145.75
145.75
146.25
147.0
147.0
147.0
147.0
147.75
147.75
147.75
147.75
147.0
147.0
148.5
148.5
147.75
149.25
149.25
148.5
148.5
148.5
149.25
149.25
148.5
150.0
150.0
150.0
150.0
150.0
150.0
150.0
151.5
151.5
151.5
151.5
151.5
151.5
151.5
151.5
152.25
152.25
152.25
152.25
152.25
152.25
153.0
153.75
153.75
153.0
153.0
153.75
153.75
153.75
152.25
153.0
153.0
151.5
149.25
149.25
147.75
147.75
146.25
145.75
145.75
145.75
145.75
145.75
145.75
145.75
145.75
145.75
145.75
145.75
145.75
145.75
145.75
145.0
144.25
144.25
144.25
144.25
144.25
144.25
144.25
142.75
142.75
142.25
142.25
142.25
142.25
142.25
141.5
141.5
141.5
141.5
141.5
141.5
142.25
142.25
142.75
142.75
142.75
142.75
143.5
143.5
143.5
143.5
142.75
142.75
143.5
143.5
142.75
142.75
142.75
142.25
142.25
143.5
143.5
142.75
142.25
142.25
142.75
142.75
143.5
142.75
142.75
144.25
144.25
144.25
144.25
144.25
144.25
144.25
144.25
145.0
145.0
143.5
143.5
145.0
143.5
143.5
144.25
144.25
143.5
142.75
142.75
142.75
142.75
142.75
143.5
143.5
142.75
142.75
142.75
142.75
142.75
143.5
143.5
143.5
143.5
143.5
143.5
143.5
143.5
143.5
143.5
142.75
142.75
144.25
143.5
143.5
143.5
143.5
144.25
143.5
143.5
144.25
144.25
144.25
144.25
144.25
145.0
145.0
145.0
144.25
144.25
142.75
142.75
143.5
144.25
144.25
141.5
141.5
142.25
142.75
142.75
143.5
143.5
142.75
142.75
144.25
144.25
144.25
144.25
145.0
145.0
146.25
146.25
146.25
147.0
147.0
145.75
145.75
147.0
145.0
145.0
145.75
145.75
145.75
145.0
145.0
145.0
145.0
145.0
145.75
145.75
145.75
145.0
145.75
145.75
145.75
145.0
145.0
145.75
145.75
145.75
145.75
145.75
145.75
145.75
145.75
145.0
144.25
144.25
142.75
142.75
142.25
140.75
140.75
141.5
141.5
140.75
140.75
139.5
140.75
140.75
140.25
140.25
140.25
139.5
140.75
140.25
140.25
140.25
140.25
140.25
140.75
140.75
140.75
140.75
141.5
140.75
140.75
141.5
141.5
141.5
140.75
140.75
141.5
141.5
140.75
140.75
141.5
140.75
140.75
142.25
142.25
142.25
142.75
142.75
142.75
142.75
143.5
144.25
144.25
145.0
145.0
144.25
144.25
144.25
145.0
145.0
145.0
144.25
144.25
144.25
144.25
143.5
144.25
144.25
143.5
143.5
142.75
143.5
143.5
143.5
143.5
144.25
144.25
144.25
144.25
144.25
144.25
145.0
145.0
145.75
145.75
146.25
146.25
146.25
147.75
147.75
147.0
146.25
146.25
146.25
145.75
145.75
147.0
147.0
147.75
147.75
147.75
147.75
147.75
147.75
148.5
148.5
149.25
150.0
150.0
150.0
150.0
150.75
150.0
150.0
150.0
150.0
150.0
150.0
150.0
150.0
149.25
149.25
148.5
147.0
147.0
146.25
146.25
145.75
145.75
145.75
144.25
144.25
145.0
144.25
144.25
144.25
144.25
143.5
142.75
142.75
141.5
141.5
140.75
139.5
139.5
138.25
138.25
137.5
137.5
137.0
137.0
137.0
136.25
136.25
137.5
137.5
135.75
135.75
137.0
135.25
135.25
136.25
136.25
134.0
134.0
135.25
136.25
136.25
135.75
135.75
135.75
135.75
135.75
136.25
136.25
137.0
137.0
136.25
136.25
136.25
138.25
138.25
137.5
137.5
139.5
139.5
139.0
139.0
139.0
139.0
139.0
139.5
139.5
139.5
139.0
139.0
139.0
139.0
138.25
138.25
138.25
138.25
138.25
139.0
139.0
139.5
139.0
139.0
139.0
139.0
138.25
138.25
138.25
139.0
139.0
139.0
139.0
138.25
138.25
137.5
137.5
137.5
138.25
138.25
137.5
137.5
137.5
137.0
137.0
138.25
138.25
139.0
139.0
139.0
139.5
139.5
139.5
139.5
139.5
139.5
139.5
139.0
139.0
139.0
139.0
139.0
138.25
138.25
137.0
137.0
136.25
137.0
137.0
138.25
138.25
138.25
138.25
139.0
139.0
139.0
140.25
140.25
139.5
139.5
139.5
139.5
139.5
139.0
139.0
138.25
138.25
138.25
138.25
138.25
139.0
139.0
139.0
138.25
138.25
139.5
139.5
139.0
139.0
140.25
140.25
140.25
140.75
140.75
141.5
140.75
140.75
142.25
142.25
141.5
140.75
140.75
141.5
141.5
141.5
141.5
142.25
142.25
142.25
142.75
142.75
143.5
144.25
144.25
143.5
143.5
144.25
143.5
143.5
144.25
144.25
143.5
145.0
145.0
145.75
145.75
145.0
145.0
145.0
146.25
146.25
145.75
145.0
145.0
145.75
144.25
144.25
143.5
143.5
145.0
144.25
144.25
145.0
145.0
145.75
145.0
145.0
146.25
146.25
146.25
147.0
147.0
147.75
147.75
148.5
148.5
148.5
150.0
149.25
149.25
150.0
150.0
150.0
150.0
150.0
150.75
151.5
151.5
151.5
151.5
151.5
153.0
153.0
152.25
153.0
153.0
153.75
153.0
153.0
152.25
152.25
152.25
152.25
152.25
150.75
149.25
149.25
148.5
148.5
148.5
147.0
147.0
147.0
146.25
146.25
147.0
147.0
146.25
146.25
146.25
146.25
146.25
146.25
146.25
146.25
145.0
145.0
145.0
145.75
145.75
145.75
145.75
145.75
145.0
145.0
145.0
145.0
144.25
145.75
145.75
145.0
146.25
146.25
145.75
145.75
146.25
145.75
145.75
145.75
145.75
144.25
144.25
144.25
143.5
143.5
142.25
141.5
141.5
142.25
142.25
141.5
142.25
142.25
140.75
140.75
142.25
142.25
142.25
142.75
142.75
142.25
142.25
142.75
141.5
141.5
142.25
142.25
142.25
142.25
142.25
141.5
141.5
141.5
140.25
140.25
140.25
140.25
140.25
140.25
140.75
139.5
139.5
139.5
139.5
140.25
140.75
140.75
140.75
140.75
141.5
141.5
142.25
141.5
141.5
140.75
140.75
141.5
142.25
142.25
142.25
142.25
143.5
143.5
143.5
145.0
145.0
145.75
145.75
145.75
147.0
147.0
149.25
150.0
150.0
150.0
150.75
150.75
151.5
151.5
151.5
152.25
152.25
153.75
153.75
153.75
155.5
155.5
155.5
155.5
155.5
155.5
156.25
157.0
157.0
157.0
157.0
158.0
157.0
157.0
157.0
157.0
157.0
154.75
153.0
153.0
151.5
150.0
150.0
147.0
147.0
147.0
145.75
145.75
145.0
145.0
145.75
145.75
145.75
145.75
145.75
146.25
145.75
145.75
144.25
144.25
144.25
143.5
143.5
140.75
140.75
138.25
139.0
139.0
136.25
136.25
136.25
136.25
135.25
135.75
135.75
137.0
137.0
135.25
135.25
135.75
135.75
135.25
135.25
135.25
136.25
136.25
137.0
137.0
137.0
138.25
138.25
139.0
139.0
139.0
139.0
139.0
139.5
139.5
137.5
137.5
135.75
137.0
137.0
135.25
135.25
134.5
134.5
134.0
134.0
134.5
134.0
134.0
132.75
132.75
132.75
132.75
133.25
133.25
135.25
135.75
135.75
137.0
137.0
136.25
136.25
136.25
136.25
136.25
136.25
136.25
135.25
135.25
134.0
134.0
132.75
132.25
132.25
132.75
132.75
130.5
130.5
131.0
131.0
131.0
132.25
132.25
134.5
134.5
134.0
134.0
135.25
135.25
136.25
135.75
135.75
135.75
135.75
135.75
135.75
135.75
135.75
135.75
134.5
134.5
136.25
136.25
136.25
136.25
136.25
137.5
137.5
137.5
137.5
138.25
137.5
137.5
137.0
137.0
135.75
135.75
137.0
137.0
137.0
139.0
139.0
140.25
140.25
140.75
140.25
140.25
139.0
139.0
140.25
140.25
140.25
139.5
139.5
140.25
140.25
139.5
139.0
139.0
139.5
139.5
140.25
140.25
139.0
140.25
140.25
140.75
140.75
140.25
141.5
141.5
141.5
141.5
140.75
141.5
141.5
142.25
142.25
142.25
143.5
143.5
142.75
142.75
142.75
142.75
143.5
142.75
142.75
143.5
143.5
142.75
143.5
143.5
143.5
143.5
144.25
144.25
144.25
145.0
145.0
143.5
143.5
143.5
145.0
145.0
144.25
144.25
144.25
145.0
145.0
144.25
145.0
145.0
144.25
144.25
144.25
145.0
145.0
145.75
145.0
145.0
145.75
145.75
145.75
145.75
145.75
145.75
145.75
144.25
144.25
144.25
145.75
145.75
145.75
146.25
146.25
147.0
147.0
147.0
147.75
147.75
147.75
147.75
147.75
147.0
147.0
147.0
146.25
146.25
145.0
145.0
145.75
145.0
145.0
145.0
145.0
145.75
146.25
146.25
146.25
146.25
146.25
146.25
146.25
147.0
147.75
147.75
148.5
148.5
148.5
148.5
148.5
147.75
147.75
146.25
145.75
145.75
145.75
145.0
145.0
144.25
144.25
144.25
144.25
142.75
144.25
144.25
143.5
143.5
143.5
144.25
144.25
145.0
145.0
143.5
143.5
143.5
142.75
142.75
143.5
143.5
143.5
143.5
143.5
143.5
144.25
144.25
144.25
144.25
145.0
145.0
145.0
145.0
145.75
145.75
144.25
144.25
144.25
144.25
144.25
144.25
144.25
145.0
142.75
142.75
144.25
144.25
142.75
142.75
142.75
143.5
143.5
142.75
142.75
143.5
145.0
145.0
145.75
146.25
146.25
147.0
147.0
147.75
148.5
148.5
149.25
149.25
148.5
149.25
149.25
150.0
149.25
149.25
150.75
150.75
150.0
150.75
150.75
150.0
150.75
150.75
150.75
150.75
150.75
150.0
150.0
149.25
149.25
149.25
149.25
149.25
149.25
149.25
149.25
149.25
148.5
148.5
147.75
147.75
147.75
147.75
147.75
147.0
147.0
147.75
147.0
147.0
147.75
148.5
148.5
147.75
147.75
148.5
149.25
149.25
148.5
148.5
148.5
147.75
147.75
148.5
147.0
147.0
147.75
147.75
147.0
146.25
146.25
145.0
145.0
145.75
145.75
145.75
145.0
145.0
145.0
145.75
145.75
145.0
146.25
146.25
146.25
146.25
146.25
147.0
147.0
146.25
146.25
147.0
147.0
147.0
146.25
146.25
145.0
146.25
146.25
146.25
146.25
145.75
146.25
146.25
145.0
145.75
145.75
145.0
145.0
145.75
144.25
144.25
143.5
143.5
144.25
145.0
145.0
143.5
143.5
145.75
145.75
145.75
146.25
146.25
147.0
149.25
149.25
147.75
148.5
148.5
149.25
149.25
150.0
150.0
150.0
150.0
150.75
150.75
151.5
151.5
151.5
153.0
153.0
153.0
153.0
153.0
154.75
156.25
156.25
157.0
157.0
158.0
158.0
158.0
158.0
157.0
157.0
158.75
159.5
159.5
159.5
158.0
158.0
158.75
156.25
156.25
158.0
158.1
158.2
158.3
158.4
158.5
158.6
158.7
158.8
158.9
159.0
159.1
159.2
159.3
159.4
159.5
160.5
160.5
159.5
160.5
160.5
160.5
161.25
161.25
161.25
162.25
162.25
159.5
160.5
160.5
160.5
161.25
161.25
160.5
162.25
162.25
160.5
160.5
160.5
161.25
162.25
162.25
162.25
163.0
163.0
162.25
163.0
163.0
163.0
163.0
165.75
165.75
165.75
167.5
167.5
166.75
166.75
166.75
167.5
166.75
166.75
166.75
168.5
167.5
167.5
169.5
167.5
167.5
168.5
165.75
165.75
165.75
164.0
163.0
163.0
187.5
181.375
175.25
169.125
163.0
163.0
162.25
163.0
163.0
162.25
162.25
162.25
164.0
162.25
162.25
161.25
163.0
163.0
161.25
163.0
163.0
162.25
163.0
163.0
162.25
164.0
164.0
163.0
162.25
161.25
161.25
160.5
160.5
158.75
158.0
158.0
155.5
155.5
155.5
155.5
152.25
152.25
150.0
148.5
148.5
147.0
147.0
145.75
145.75
145.75
147.0
147.0
145.0
145.75
145.75
143.5
143.5
144.25
145.75
145.75
147.0
147.0
147.0
148.5
148.5
150.0
150.0
150.0
149.25
149.25
149.25
147.75
147.75
146.25
146.25
145.75
146.25
146.25
146.25
149.25
149.25
149.25
149.25
150.75
150.75
150.75
150.0
150.75
150.75
150.75
150.75
151.5
150.75
150.75
149.25
150.0
150.0
147.75
147.75
147.75
148.5
148.5
147.0
147.0
144.25
147.0
147.0
146.25
145.75
145.75
146.25
146.25
145.0
145.0
145.0
143.5
143.5
142.75
143.5
143.5
145.0
145.0
145.0
145.75
145.75
146.25
146.25
146.25
146.25
146.25
143.5
143.5
143.5
142.25
142.25
142.75
142.75
142.75
144.25
144.25
144.25
144.25
145.75
146.25
146.25
147.0
147.0
147.0
146.25
146.25
147.0
144.25
144.25
144.25
144.25
145.75
144.25
144.25
144.25
142.75
144.25
144.25
144.25
144.25
144.25
146.25
146.25
146.25
147.0
147.0
147.75
146.25
146.25
146.25
146.25
147.75
145.75
145.75
146.25
146.25
146.25
145.75
145.75
146.25
143.5
143.5
145.0
145.0
144.25
145.0
145.0
146.25
146.25
145.75
145.75
146.25
145.75
145.75
145.75
146.25
146.25
145.75
145.75
145.75
143.5
143.5
144.25
144.25
143.5
144.25
144.25
145.75
145.75
145.0
145.0
145.0
143.5
143.5
144.25
144.25
144.25
144.25
144.25
145.75
146.25
146.25
145.0
146.25
146.25
146.25
146.25
147.0
147.75
147.75
148.5
148.5
149.25
149.25
149.25
149.25
149.25
149.25
150.0
150.0
149.25
146.25
146.25
146.25
146.25
147.75
147.0
147.0
147.75
147.75
147.75
146.25
146.25
147.0
147.75
147.75
146.25
146.25
147.0
147.75
147.75
147.75
148.5
148.5
147.75
147.75
149.25
149.25
149.25
150.0
150.0
150.75
150.75
150.75
151.5
150.75
150.75
151.5
150.0
150.0
149.25
149.25
150.0
150.75
150.75
150.0
148.5
148.5
149.25
149.25
147.75
147.0
147.0
147.0
147.0
147.0
145.75
145.75
145.75
145.75
145.0
144.25
144.25
145.0
145.0
142.25
140.75
140.75
143.5
143.5
142.25
142.75
142.75
142.25
142.25
142.25
140.75
140.75
140.25
140.25
141.5
140.75
140.75
141.5
141.5
142.25
142.25
142.25
142.25
142.25
142.75
142.75
142.75
142.25
142.25
142.75
142.75
142.75
143.5
143.5
144.25
144.25
144.25
145.75
145.75
143.5
143.5
145.0
145.75
145.75
145.0
145.0
146.25
145.0
145.0
145.75
145.75
145.0
146.25
146.25
144.25
145.0
145.0
145.0
145.0
145.0
145.0
145.0
144.25
144.25
143.5
143.5
143.5
143.5
143.5
142.25
144.25
144.25
142.75
142.75
142.75
142.75
143.5
142.75
142.75
143.5
143.5
144.25
142.25
142.25
141.5
141.5
142.75
142.25
142.25
142.75
142.75
142.75
142.25
142.25
142.75
142.75
142.75
142.75
142.75
142.75
142.75
142.75
143.5
143.5
142.75
142.75
145.75
145.0
145.0
145.75
145.75
146.25
146.25
146.25
145.75
145.75
144.25
145.0
145.0
142.75
142.75
143.5
142.25
142.25
142.75
142.75
143.5
142.75
142.75
142.25
142.25
142.25
141.5
141.5
142.75
142.75
142.75
142.25
143.5
142.25
142.25
142.75
142.75
142.25
142.75
142.75
142.25
142.25
141.5
143.5
143.5
142.75
142.75
143.5
142.25
142.25
142.75
142.75
141.5
141.5
141.5
143.5
143.5
140.75
141.5
141.5
141.5
141.5
142.25
142.25
142.75
142.75
142.75
143.5
143.5
144.25
144.25
144.25
143.5
143.5
143.5
142.75
142.75
142.25
142.25
141.5
140.75
140.75
140.75
140.75
140.25
139.5
139.5
140.75
140.75
140.75
140.75
142.25
143.5
143.5
145.0
145.0
145.0
145.75
145.75
147.0
146.25
146.25
147.0
147.0
147.75
146.25
146.25
147.0
147.0
145.75
145.0
145.0
145.0
145.0
145.0
145.0
146.25
145.75
145.75
145.0
146.25
146.25
147.0
148.5
148.5
148.5
148.5
149.25
148.5
148.5
150.0
149.25
149.25
149.25
149.25
150.0
150.0
150.0
150.0
150.75
150.75
150.75
150.75
150.75
151.5
151.5
151.5
152.25
152.25
153.0
153.0
152.25
153.75
153.75
153.0
152.25
152.25
151.5
151.5
151.5
151.5
151.5
149.25
149.25
149.25
148.5
147.75
147.75
148.5
148.5
148.5
147.0
147.75
149.25
149.25
148.5
149.25
149.25
149.25
149.25
149.25
149.25
149.25
149.25
149.25
149.25
149.25
149.25
147.0
148.5
148.5
148.5
147.75
147.75
145.75
145.75
146.25
146.25
146.25
147.0
147.75
147.75
148.5
148.5
149.25
150.0
150.0
151.5
151.5
151.5
151.5
153.0
152.25
152.25
152.25
152.25
152.25
152.25
150.0
150.0
150.75
150.0
150.0
148.5
149.25
149.25
149.25
149.25
149.25
148.5
148.5
150.0
149.25
149.25
150.0
150.0
150.0
150.0
150.0
150.0
149.25
149.25
149.25
150.75
149.25
150.75
150.75
149.25
150.0
150.0
149.25
149.25
148.5
148.5
148.5
147.0
147.0
146.25
146.25
146.25
147.0
147.0
147.0
147.75
147.75
147.0
146.25
146.25
147.0
147.0
147.75
147.75
147.75
147.75
148.5
148.5
148.5
148.5
148.5
148.5
148.5
149.25
149.25
148.5
150.0
150.0
150.0
150.0
150.0
150.75
150.75
150.75
150.75
150.75
151.5
150.0
150.0
150.75
150.75
150.75
150.75
150.75
150.75
150.0
150.0
149.25
150.0
150.0
148.5
148.5
149.25
149.25
149.25
148.5
149.25
149.25
147.75
147.75
145.75
146.25
146.25
145.0
145.0
145.75
144.25
144.25
143.5
143.5
144.25
142.25
142.25
142.25
142.25
143.5
144.25
144.25
144.25
144.25
145.75
145.75
145.75
145.75
145.75
146.25
145.0
145.0
145.0
146.25
146.25
146.25
146.25
147.0
147.0
147.0
148.5
148.5
148.5
148.5
148.5
149.25
149.25
150.75
152.25
152.25
150.75
150.0
150.0
149.25
149.25
148.5
146.25
146.25
144.25
144.25
141.5
139.0
139.0
138.25
138.25
140.25
140.75
140.75
139.5
139.5
143.5
143.5
142.75
143.5
143.5
142.75
142.75
143.5
145.0
145.0
146.25
147.0
147.0
147.75
147.75
149.25
150.0
150.0
151.5
151.5
151.5
153.0
153.0
153.75
154.75
154.75
154.75
156.25
156.25
155.5
155.5
155.5
155.5
156.25
156.25
156.25
157.0
157.0
157.0
157.0
158.0
156.25
156.25
157.0
156.25
156.25
157.0
156.25
156.25
156.25
155.5
155.5
154.75
154.75
154.75
155.5
154.75
154.75
153.75
153.75
152.25
149.25
149.25
146.25
148.5
148.5
147.75
147.75
146.25
146.25
146.25
145.75
145.75
144.25
142.75
142.75
141.5
141.5
140.25
140.75
140.75
140.25
140.25
140.75
140.75
140.75
141.5
141.5
142.25
142.25
141.5
142.25
142.25
139.5
139.5
139.0
139.0
140.25
140.75
140.75
142.25
142.25
142.75
140.75
140.75
142.75
142.75
141.5
143.5
143.5
141.5
141.5
143.5
142.25
142.25
143.5
143.5
142.25
143.5
143.5
142.75
142.75
142.25
142.25
142.25
142.75
142.75
142.25
142.25
142.75
143.5
143.5
144.25
144.25
144.25
145.0
145.0
145.0
145.0
143.5
143.5
143.5
144.25
144.25
143.5
142.25
142.25
142.75
142.75
142.75
141.5
141.5
142.75
142.75
145.0
145.75
145.75
148.5
148.5
150.0
151.5
151.5
152.25
153.75
153.75
154.75
156.25
156.25
157.0
158.0
158.0
158.0
158.75
158.75
158.75
159.5
161.25
161.25
161.25
161.25
162.25
162.25
162.25
162.25
163.0
163.0
163.0
163.0
163.0
162.25
162.25
162.25
161.25
159.5
159.5
159.5
156.25
156.25
155.5
153.0
153.0
151.5
151.5
147.75
145.75
145.75
147.0
146.25
146.25
147.0
147.0
147.75
147.75
147.75
147.75
147.75
148.5
148.5
148.5
147.75
147.0
147.0
146.25
146.25
145.0
146.25
146.25
146.25
146.25
147.0
146.25
146.25
146.25
146.25
144.25
145.75
145.75
145.0
146.25
146.25
145.75
145.75
147.75
147.0
147.0
149.25
149.25
149.25
150.0
150.0
151.5
152.25
152.25
153.75
153.75
153.75
154.75
154.75
155.5
156.25
156.25
156.25
156.25
156.25
158.0
158.0
158.0
158.0
158.0
158.0
158.75
159.5
159.5
159.5
159.5
159.5
160.5
160.5
160.5
159.5
160.5
160.5
160.5
159.5
159.5
160.5
160.5
159.5
158.75
158.75
158.75
158.75
158.0
158.0
158.0
158.0
158.0
158.0
158.75
158.75
158.0
158.75
158.75
158.75
159.5
159.5
159.5
159.5
159.5
161.25
160.5
160.5
160.5
161.25
161.25
160.5
159.5
159.5
160.5
157.0
157.0
158.75
158.75
155.5
157.0
157.0
156.25
156.25
156.25
158.0
157.0
157.0
156.25
158.0
158.0
158.0
158.0
158.0
158.0
158.75
158.75
159.5
159.5
159.5
159.5
160.5
160.5
161.25
163.0
163.0
163.0
164.0
164.0
164.0
164.0
164.0
161.25
159.5
159.5
155.5
149.25
149.25
141.5
141.5
141.5
136.25
136.25
133.25
133.25
132.75
132.75
132.25
132.25
132.75
133.25
133.25
135.75
135.75
134.5
134.5
134.5
134.5
135.25
133.25
133.25
131.5
131.5
133.25
133.25
132.75
132.75
134.5
134.5
134.5
132.25
132.25
133.25
133.25
133.25
133.25
133.25
132.75
132.75
132.25
132.25
134.0
134.0
132.25
132.25
131.5
134.0
134.0
135.25
135.25
134.0
134.0
135.25
135.25
135.75
135.75
135.75
136.25
136.25
136.25
136.25
137.5
137.5
137.5
137.0
137.0
136.25
136.25
136.25
135.25
135.25
136.25
136.25
134.5
134.5
135.75
137.0
137.0
137.0
137.0
139.0
139.0
135.75
139.0
139.0
139.5
139.5
139.5
139.5
141.5
141.5
141.5
142.25
142.25
141.5
140.25
140.25
140.75
140.75
140.25
139.0
139.0
137.5
137.5
138.25
138.25
135.75
135.75
135.75
137.5
137.5
137.0
137.0
139.5
140.25
140.25
142.75
142.75
142.75
142.25
142.25
141.5
141.5
142.25
142.25
142.75
142.25
142.25
144.25
144.25
145.0
146.25
146.25
146.25
146.25
146.25
145.75
145.75
145.75
145.75
145.0
145.0
145.0
144.25
145.75
145.75
143.5
143.5
143.5
144.25
144.25
144.25
144.25
145.0
146.25
146.25
145.75
145.75
145.75
146.25
147.0
147.0
147.0
147.75
148.5
148.5
148.5
149.25
149.25
150.75
150.75
150.75
150.75
150.75
150.0
147.75
147.75
147.75
147.75
146.25
143.5
143.5
143.5
142.75
142.25
144.25
144.25
145.0
145.0
144.25
145.75
145.75
144.25
144.25
145.75
145.0
145.0
143.5
143.5
143.5
141.5
141.5
143.5
143.5
142.75
143.5
143.5
143.5
143.5
143.5
142.75
142.75
143.5
143.5
142.75
143.5
143.5
143.5
143.5
143.5
145.0
145.0
143.5
143.5
143.5
143.5
143.5
143.5
143.5
142.25
142.25
142.25
142.25
142.25
143.5
143.5
143.5
142.25
142.25
142.25
142.25
142.25
142.75
142.75
143.5
143.5
144.25
144.25
144.25
144.25
144.25
142.75
142.75
142.75
142.75
142.75
145.0
144.25
144.25
145.75
145.75
145.75
145.75
145.75
144.25
144.25
144.25
142.25
142.25
142.25
142.25
141.5
142.25
142.25
142.25
142.25
143.5
145.0
145.0
145.75
145.75
147.0
147.75
147.75
147.0
147.75
147.75
147.75
147.75
147.75
147.75
147.75
147.0
147.0
146.25
148.5
148.5
149.25
150.0
150.0
150.0
150.0
151.5
152.25
152.25
153.0
153.75
153.75
154.75
154.75
154.75
153.75
153.75
154.75
154.75
154.75
154.75
155.5
155.5
155.5
154.75
154.75
154.75
154.75
154.75
153.75
153.0
153.0
153.75
153.75
153.75
153.75
153.75
153.75
152.25
152.25
152.25
153.0
153.0
152.25
152.25
150.75
150.75
150.75
148.5
148.5
148.5
149.25
149.25
147.0
147.75
147.75
147.0
147.0
146.25
145.0
145.0
143.5
143.5
144.25
143.5
143.5
142.75
142.75
141.5
142.25
142.25
144.25
144.25
145.75
146.25
146.25
147.0
147.0
147.75
146.25
146.25
147.0
144.25
144.25
142.25
142.25
140.75
140.75
141.5
140.75
140.75
140.75
140.75
140.75
141.5
141.5
141.5
141.5
141.5
140.25
140.25
140.75
140.75
141.5
141.5
142.25
142.75
142.75
142.75
142.75
142.75
143.5
143.5
142.75
142.75
142.75
142.75
142.75
142.75
142.75
142.25
142.25
142.25
140.75
140.75
140.75
141.5
141.5
141.5
141.5
141.5
142.25
142.25
140.75
140.75
139.5
139.5
139.5
139.0
139.0
138.25
138.25
138.25
138.25
139.0
139.0
139.0
140.25
140.25
139.0
139.5
139.5
139.5
139.5
139.5
139.5
140.25
139.0
139.0
138.25
138.25
139.5
139.5
139.5
139.0
139.0
140.25
140.25
140.25
141.5
141.5
141.5
141.5
143.5
144.25
144.25
144.25
144.25
145.0
145.0
145.0
144.25
144.25
144.25
144.25
144.25
142.75
142.75
144.25
142.75
142.75
143.5
143.5
141.5
142.25
142.25
143.5
143.5
142.75
143.5
143.5
143.5
143.5
145.0
144.25
144.25
145.0
145.0
145.75
143.5
143.5
143.5
143.5
144.25
144.25
144.25
143.5
143.5
143.5
144.25
144.25
144.25
144.25
144.25
145.0
145.0
145.0
145.0
145.75
145.75
145.75
147.0
147.0
147.0
146.25
146.25
146.25
146.25
146.25
145.75
146.25
145.75
145.75
146.25
145.75
145.75
145.75
145.75
145.75
146.25
146.25
146.25
147.0
147.0
146.25
146.25
146.25
147.0
147.0
145.75
145.75
145.0
144.25
144.25
145.0
145.0
145.0
144.25
144.25
144.25
144.25
143.5
143.5
143.5
142.75
142.75
141.5
141.5
141.5
140.25
140.25
140.75
142.25
142.25
142.25
142.25
143.5
142.75
142.75
142.75
142.75
144.25
145.0
145.0
145.75
145.75
147.0
148.5
148.5
147.75
147.75
147.0
145.75
145.75
145.75
145.75
144.25
142.75
142.75
142.75
142.75
139.0
139.0
139.0
139.5
139.5
140.75
140.75
141.5
142.75
142.75
142.75
142.75
143.5
144.25
144.25
145.0
145.0
144.25
142.75
142.75
142.25
142.25
140.75
139.5
139.5
139.0
139.0
136.25
136.25
136.25
137.0
137.0
139.5
139.5
140.25
140.75
140.75
142.25
142.25
142.25
142.25
142.25
143.5
143.5
142.75
142.75
142.75
140.75
140.75
137.0
137.0
138.25
138.25
135.75
135.25
135.25
135.75
135.75
137.0
137.0
138.25
138.25
138.25
140.25
140.25
140.75
140.75
140.75
141.5
141.5
142.25
142.25
142.25
142.75
142.75
143.5
143.5
143.5
143.5
143.5
144.25
145.0
145.0
145.0
145.0
145.0
145.0
145.0
145.0
145.0
145.0
145.0
144.25
143.5
143.5
142.25
141.5
141.5
141.5
141.5
141.5
141.5
139.5
139.5
138.25
139.0
139.0
139.0
139.0
139.5
139.5
139.5
137.5
137.5
138.25
137.5
137.5
138.25
138.25
139.0
139.0
140.25
140.75
140.75
141.5
141.5
142.75
143.5
143.5
145.0
145.0
144.25
145.0
145.0
143.5
143.5
144.25
142.75
142.75
142.75
142.75
143.5
142.75
142.75
142.75
142.75
143.5
145.0
145.0
145.0
145.0
145.0
145.0
145.0
146.25
146.25
146.25
146.25
146.25
147.75
147.75
147.75
147.75
147.75
147.75
147.75
147.75
147.75
147.75
147.0
147.0
147.0
146.25
146.25
147.0
145.75
145.75
145.75
145.75
145.75
145.0
145.0
144.25
145.75
145.75
145.0
145.0
145.75
145.75
145.75
146.25
146.25
145.75
145.75
145.75
145.75
145.75
145.0
145.0
145.0
145.75
145.75
145.75
145.0
145.0
145.75
145.75
145.75
145.75
145.75
145.0
145.0
145.75
146.25
146.25
145.0
145.75
145.75
145.0
145.0
145.0
143.5
143.5
142.75
142.75
142.25
142.25
142.25
142.75
142.25
142.75
142.75
142.25
142.75
142.75
142.75
143.5
142.75
143.5
143.5
142.75
142.75
142.25
142.25
142.25
142.25
142.25
142.75
142.75
142.75
140.75
140.75
142.75
142.75
142.75
143.5
143.5
143.5
142.25
142.25
142.75
142.75
141.5
141.5
140.75
141.5
141.5
141.5
141.5
140.75
140.75
140.75
142.25
142.25
141.5
142.25
142.25
142.75
142.75
142.75
143.5
143.5
142.75
142.75
144.25
143.5
143.5
143.5
143.5
142.75
143.5
143.5
143.5
143.5
142.75
142.75
143.5
143.5
143.5
142.25
142.25
142.25
142.25
142.25
142.25
142.25
142.25
140.75
140.75
142.25
142.25
141.5
142.25
142.25
142.75
142.75
142.25
143.5
143.5
142.75
142.75
143.5
142.75
142.75
142.25
142.25
142.25
142.25
142.25
142.25
142.25
141.5
141.5
142.75
142.25
142.25
142.25
142.25
140.75
141.5
141.5
142.75
142.75
140.75
142.25
142.25
141.5
141.5
142.75
142.75
142.25
142.75
142.75
140.25
140.25
142.75
142.25
142.25
143.5
143.5
142.75
143.5
143.5
143.5
143.5
143.5
144.25
144.25
142.75
142.75
142.75
142.75
142.75
143.5
143.5
142.25
142.75
142.75
143.5
143.5
143.5
144.25
144.25
144.25
144.25
143.5
145.0
145.0
144.25
144.25
145.0
144.25
144.25
145.75
145.75
145.0
145.75
145.75
146.25
146.25
147.0
147.0
147.0
147.0
148.5
148.5
148.5
148.5
150.0
150.0
150.0
150.75
152.25
152.25
151.5
151.5
152.25
153.0
153.0
153.75
154.75
154.75
154.75
155.5
155.5
155.5
157.0
157.0
157.0
157.0
158.0
158.0
158.0
158.75
159.5
159.5
158.75
158.75
158.75
159.5
158.0
158.0
158.0
158.0
158.0
157.0
157.0
157.0
156.25
156.25
156.25
156.25
156.25
156.25
155.5
156.25
156.25
154.75
154.75
154.75
154.75
153.0
151.5
150.75
150.75
150.75
151.5
151.5
150.75
150.75
150.75
150.75
150.75
151.5
150.75
150.75
151.5
151.5
150.75
150.0
150.0
149.25
148.5
148.5
146.25
146.25
145.0
144.25
144.25
144.25
144.25
142.75
142.25
142.25
141.5
141.5
140.75
141.5
141.5
141.5
141.5
141.5
141.5
140.25
139.5
139.5
138.25
138.25
139.0
139.0
137.5
137.0
137.0
138.25
138.25
137.0
139.0
139.0
138.25
138.25
139.5
139.5
137.5
138.25
138.25
137.5
137.5
137.5
137.5
137.5
137.0
137.0
137.5
137.5
136.25
136.25
137.5
137.0
137.0
135.75
135.75
135.75
135.75
135.75
137.0
137.0
137.0
137.0
137.0
137.0
137.0
137.5
137.5
137.5
137.5
137.5
137.5
136.25
137.5
137.5
137.5
137.5
137.5
137.5
137.5
138.25
138.25
139.5
139.5
139.5
139.5
140.25
140.75
140.75
140.25
140.25
140.25
140.75
140.75
140.75
140.75
140.25
140.25
139.5
140.25
140.25
140.25
140.25
140.25
140.25
140.25
139.5
139.5
140.75
140.75
140.25
139.5
139.5
141.5
141.5
140.75
140.25
140.25
139.5
139.5
140.25
140.25
139.0
140.75
140.75
139.0
139.0
140.75
140.25
140.25
141.5
141.5
141.5
140.75
140.75
142.25
142.25
142.75
142.75
142.25
142.25
142.25
142.75
142.75
143.5
143.5
143.5
142.75
142.75
142.75
142.75
143.5
143.5
143.5
143.5
143.5
143.5
144.25
144.25
144.25
144.25
144.25
145.0
145.0
144.25
145.0
145.0
145.0
145.0
143.5
144.25
144.25
144.25
144.25
142.75
143.5
143.5
143.5
143.5
144.25
142.75
142.75
144.25
144.25
144.25
145.0
145.0
145.0
145.0
145.0
145.0
145.0
145.75
145.75
144.25
145.0
145.0
145.75
144.25
144.25
144.25
144.25
145.75
145.0
145.0
145.75
145.75
145.75
146.25
146.25
146.25
146.25
147.0
147.0
147.0
147.75
147.75
147.0
148.5
148.5
147.0
146.25
146.25
146.25
146.25
147.0
146.25
146.25
145.75
145.75
145.75
145.0
145.0
145.0
145.0
144.25
145.0
145.0
145.0
145.0
145.0
145.0
145.0
145.75
145.75
145.0
146.25
146.25
146.25
146.25
146.25
145.0
145.0
144.25
144.25
144.25
142.25
142.25
143.5
143.5
143.5
143.5
143.5
143.5
143.5
143.5
143.5
143.5
142.75
142.75
143.5
143.5
143.5
142.75
142.75
141.5
142.75
142.75
141.5
141.5
142.25
142.25
142.25
141.5
141.5
142.75
142.75
142.75
142.75
142.75
142.75
142.75
142.75
143.5
143.5
142.75
142.75
142.75
143.5
143.5
141.5
141.5
140.25
139.0
139.0
139.0
139.0
139.0
140.25
140.25
140.25
140.25
140.25
140.25
140.25
139.5
139.5
140.75
140.75
140.25
139.0
139.0
139.0
139.0
140.75
140.75
141.5
141.5
141.5
142.75
142.75
143.5
143.5
143.5
144.25
144.25
144.25
145.0
145.0
143.5
143.5
142.75
142.75
142.75
140.75
140.75
142.25
142.25
142.25
140.75
140.75
142.25
142.75
142.75
142.75
142.75
142.75
144.25
144.25
144.25
144.25
145.75
145.75
144.25
145.75
145.75
145.75
145.0
145.0
143.5
143.5
142.75
142.75
142.75
142.25
142.25
141.5
141.5
141.5
140.75
140.75
140.25
140.25
139.5
139.5
139.5
139.0
139.0
140.75
140.75
140.75
140.25
140.25
141.5
141.5
141.5
141.5
141.5
142.75
142.75
142.25
142.25
142.25
142.25
142.25
142.75
142.25
142.25
142.25
142.25
141.5
142.25
142.25
142.25
142.25
142.25
142.25
142.25
142.25
142.25
142.75
142.75
142.75
142.25
142.25
142.25
142.25
142.25
142.25
142.25
141.5
141.5
142.25
142.75
142.75
142.25
142.25
142.25
142.25
142.25
141.5
141.5
141.5
141.5
141.5
140.75
140.75
141.5
141.5
140.75
142.25
142.25
142.25
142.25
143.5
143.5
143.5
143.5
143.5
144.25
144.25
144.25
144.25
144.25
142.75
143.5
143.5
142.75
142.75
142.75
142.75
142.75
142.25
142.25
142.75
142.75
141.5
142.25
142.25
142.75
142.75
142.75
142.75
142.75
142.75
142.75
141.5
141.5
141.5
142.25
142.25
140.75
140.75
140.75
141.5
141.5
140.25
140.25
140.25
140.25
140.25
139.5
139.5
139.0
137.0
137.0
137.5
137.5
137.0
137.0
137.0
137.5
137.5
137.0
137.0
137.0
137.0
136.25
135.75
135.75
135.25
135.25
133.25
133.25
133.25
133.25
134.0
132.75
132.75
132.75
132.75
132.75
132.75
133.25
133.25
134.0
135.75
135.75
137.0
137.0
137.5
137.5
137.5
139.0
139.0
139.5
139.5
140.25
140.25
138.25
139.0
139.0
139.0
139.0
138.25
138.25
137.0
137.5
137.5
135.75
135.75
135.75
135.75
137.0
137.0
137.0
135.25
135.25
137.0
137.0
138.25
137.0
137.0
135.75
135.75
136.25
136.25
135.25
136.25
136.25
137.5
137.5
137.5
137.5
137.5
137.0
137.0
137.5
137.5
137.5
137.5
138.25
139.0
139.0
139.5
139.5
139.0
139.5
139.5
139.5
139.5
140.25
140.25
139.5
139.0
139.0
139.0
139.0
139.5
139.5
139.0
139.5
139.5
138.25
138.25
137.5
139.0
139.0
137.0
137.0
135.75
135.75
136.25
138.25
138.25
137.0
137.0
137.5
137.5
138.25
139.0
139.0
138.25
138.25
139.0
139.0
138.25
139.0
139.0
138.25
138.25
137.5
137.5
137.5
138.25
138.25
138.25
138.25
137.5
137.5
138.25
137.5
137.5
138.25
138.25
138.25
138.25
138.25
137.5
137.5
137.5
137.5
136.25
137.0
137.0
137.5
137.5
135.75
135.75
135.75
135.75
136.25
136.25
136.25
136.25
136.25
136.25
136.25
137.0
137.5
137.5
137.5
137.5
139.0
139.0
139.0
139.5
139.5
139.5
139.5
140.75
140.25
140.25
139.5
139.5
139.0
139.0
137.5
138.25
138.25
139.0
139.0
139.0
140.25
140.25
139.5
139.5
140.25
140.25
140.75
140.75
140.75
141.5
141.5
142.75
142.75
142.75
142.75
142.75
142.75
143.5
143.5
142.25
142.25
143.5
142.75
142.75
142.25
142.25
142.25
141.5
141.5
141.5
141.5
141.5
141.5
141.5
142.75
142.75
142.75
142.75
142.75
142.75
142.75
142.75
142.75
143.5
142.75
142.75
142.75
142.75
142.25
142.25
142.25
142.25
142.25
142.25
142.25
142.25
142.75
142.75
142.75
142.75
142.75
142.75
142.75
142.75
142.75
143.5
143.5
143.5
144.25
144.25
142.75
144.25
144.25
142.75
142.75
142.25
142.75
142.75
142.75
142.75
143.5
142.75
142.75
142.25
142.25
142.75
142.75
142.75
143.5
143.5
142.75
142.75
142.75
142.75
142.75
142.75
143.5
143.5
142.75
142.75
142.75
142.75
142.75
142.75
142.75
142.75
143.5
143.5
142.75
142.75
142.75
142.75
142.25
142.75
142.75
142.25
142.25
141.5
142.75
142.75
142.75
142.75
142.75
143.5
143.5
142.75
142.75
142.25
142.75
142.75
142.25
142.25
142.75
142.25
142.25
142.25
142.25
142.75
142.25
142.25
142.25
142.25
143.5
142.75
142.75
142.75
142.75
143.5
143.5
142.75
143.5
143.5
144.25
144.25
143.5
143.5
143.5
142.25
142.25
142.75
142.75
142.75
142.25
142.25
141.5
141.5
141.5
142.25
142.25
141.5
142.25
142.25
141.5
141.5
142.25
142.25
142.25
142.25
142.25
142.75
142.75
142.75
142.75
142.75
142.75
142.75
142.75
142.75
142.75
142.75
142.75
141.5
142.75
142.75
142.25
142.25
141.5
141.5
141.5
142.25
142.25
142.25
141.5
141.5
141.5
141.5
141.5
141.5
141.5
140.75
140.75
141.5
141.5
140.75
142.25
142.25
140.25
140.25
142.25
140.75
140.75
141.5
141.5
142.25
142.25
142.75
143.5
143.5
143.5
143.5
142.75
140.75
140.75
140.75
140.75
140.75
139.5
139.5
139.0
139.0
140.75
140.75
140.75
141.5
141.5
142.25
142.25
142.75
144.25
144.25
143.5
143.5
142.25
142.25
142.25
142.25
142.25
140.75
139.5
139.5
139.5
139.5
139.0
139.0
138.25
136.25
136.25
135.75
135.75
136.25
136.25
137.0
135.75
135.75
137.0
137.0
137.5
137.5
137.0
137.5
137.5
138.25
138.25
138.25
138.25
139.0
139.0
139.0
139.5
139.5
139.5
140.25
140.25
140.25
140.25
139.5
139.5
138.25
138.25
138.25
139.5
139.5
140.25
140.25
139.5
139.0
139.0
140.25
140.25
139.5
140.25
140.25
140.25
140.25
140.75
140.75
140.75
141.5
141.5
141.5
141.5
141.5
142.25
142.25
142.25
142.25
142.25
142.75
142.75
142.75
142.75
141.5
142.25
142.25
141.5
141.5
141.5
141.5
141.5
141.5
141.5
140.25
140.25
141.5
140.25
140.25
140.75
140.75
142.25
140.75
140.75
141.5
141.5
142.25
140.75
140.75
140.75
140.75
140.75
140.75
141.5
141.5
141.5
140.75
140.75
140.75
140.75
140.75
141.5
141.5
140.25
141.5
141.5
142.25
142.25
142.75
142.75
142.75
143.5
143.5
142.75
142.75
144.25
143.5
143.5
143.5
143.5
144.25
143.5
143.5
143.5
143.5
143.5
144.25
144.25
145.0
145.0
144.25
145.0
145.0
145.0
145.0
145.75
145.0
145.0
146.25
145.75
145.75
146.25
146.25
146.25
147.0
147.0
145.75
145.75
145.75
146.25
146.25
145.0
145.0
145.0
145.0
145.0
144.25
144.25
145.0
145.0
145.0
145.75
145.75
145.0
145.75
145.75
145.75
145.75
145.75
146.25
146.25
147.0
146.25
146.25
147.0
147.0
146.25
147.0
147.0
146.25
146.25
146.25
147.0
147.0
145.75
145.75
146.25
146.25
146.25
145.0
146.25
146.25
145.0
145.0
145.0
145.75
145.75
145.75
145.75
145.0
145.75
145.75
144.25
144.25
145.75
145.0
145.0
145.0
145.0
145.0
144.25
144.25
144.25
144.25
144.25
144.25
144.25
144.25
144.25
145.0
145.0
145.0
144.25
144.25
144.25
144.25
144.25
143.5
143.5
142.75
141.5
141.5
140.25
140.25
141.5
140.75
140.75
141.5
141.5
141.5
141.5
142.25
142.75
142.75
142.25
142.25
143.5
144.25
144.25
143.5
143.5
144.25
144.25
144.25
145.0
145.0
145.0
145.0
145.0
145.0
145.75
145.75
145.0
145.0
145.75
145.0
145.0
145.75
145.75
145.75
145.0
145.0
144.25
144.25
145.0
144.25
144.25
144.25
144.25
143.5
144.25
144.25
144.25
144.25
144.25
144.25
144.25
144.25
144.25
145.75
145.75
145.75
145.75
145.75
145.75
146.25
146.25
145.0
145.0
145.75
146.25
146.25
145.0
145.0
145.0
145.75
145.75
144.25
144.25
145.0
144.25
144.25
142.75
142.75
143.5
144.25
144.25
144.25
144.25
144.25
144.25
144.25
144.25
145.75
145.75
145.0
145.0
144.25
145.0
145.0
143.5
143.5
145.0
142.75
142.75
144.25
144.25
144.25
144.25
144.25
145.0
145.0
144.25
145.0
145.0
145.75
145.75
145.0
145.0
145.0
145.75
145.75
145.75
145.0
145.0
145.75
145.75
145.75
145.75
145.75
145.0
145.0
145.0
145.0
145.0
145.0
145.0
145.0
145.0
145.0
143.5
143.5
145.0
144.25
144.25
143.5
143.5
143.5
144.25
144.25
143.5
143.5
141.5
142.75
142.75
142.75
142.75
142.75
142.75
142.75
143.5
143.5
142.75
142.75
142.75
143.5
143.5
142.75
143.5
143.5
143.5
143.5
143.5
143.5
143.5
143.5
143.5
144.25
144.25
144.25
143.5
143.5
145.0
144.25
144.25
145.0
145.0
145.0
143.5
143.5
142.75
142.75
144.25
142.75
142.75
143.5
143.5
142.75
143.5
143.5
142.75
142.75
142.75
142.75
142.75
142.75
142.75
142.75
142.75
142.25
142.75
142.75
142.25
142.25
141.5
142.75
142.75
142.25
142.25
143.5
142.75
142.75
143.5
143.5
142.25
143.5
143.5
140.75
140.75
140.25
141.5
141.5
138.25
138.25
140.25
140.25
139.5
139.5
139.5
137.5
137.5
138.25
138.25
138.25
139.0
139.0
139.5
139.5
139.0
139.0
139.0
137.5
137.5
139.0
139.0
138.25
138.25
138.25
137.5
137.5
137.5
137.5
137.0
139.0
139.0
137.0
137.0
137.0
137.0
137.5
138.25
138.25
137.0
137.0
137.0
137.0
136.25
138.25
138.25
136.25
136.25
137.0
137.0
137.5
137.0
137.0
136.25
136.25
137.5
137.5
137.0
137.0
137.0
139.0
139.0
139.0
139.0
140.25
140.75
140.75
139.5
139.5
139.5
139.5
139.5
138.25
138.25
137.5
137.5
139.0
138.25
138.25
139.5
139.5
139.5
139.5
139.5
139.5
139.5
139.5
139.5
139.0
139.0
139.0
139.0
139.0
139.5
139.5
139.0
139.0
139.0
139.0
139.0
138.25
138.25
138.25
137.0
137.0
137.5
137.5
138.25
137.5
137.5
139.5
139.5
139.0
139.0
139.5
139.5
139.5
138.25
138.25
138.25
138.25
137.5
137.5
137.5
137.0
137.0
137.0
137.0
137.5
137.5
137.5
137.5
137.5
137.5
137.5
139.0
138.25
138.25
139.0
139.0
139.0
139.0
139.0
140.25
140.25
139.5
139.5
139.5
139.5
139.5
139.5
139.5
139.0
140.25
140.25
139.0
139.0
137.5
137.5
138.25
137.0
137.0
136.25
136.25
135.75
135.75
135.75
135.75
135.75
135.25
135.25
135.25
135.25
135.75
135.75
135.75
135.75
135.75
136.25
136.25
135.75
135.75
134.5
133.25
133.25
131.0
131.0
132.25
132.25
131.0
131.0
131.0
131.0
131.5
129.75
129.75
130.5
130.5
130.5
130.5
128.75
128.75
128.75
128.75
129.75
129.75
129.75
132.75
132.75
134.5
134.5
135.25
135.25
134.5
135.25
135.25
135.75
135.75
137.5
137.5
137.5
138.25
138.25
139.0
139.0
138.25
138.25
139.5
139.0
139.0
138.25
138.25
137.5
137.5
139.5
139.0
139.0
137.5
137.5
137.5
137.5
137.5
136.25
136.25
137.0
137.0
135.25
135.25
135.25
137.0
137.0
135.75
135.75
137.5
137.5
137.0
139.0
139.0
139.5
139.5
140.25
142.25
142.25
142.75
142.75
142.75
142.75
143.5
144.25
144.25
142.75
142.75
142.75
143.5
143.5
142.75
142.75
142.75
143.5
143.5
142.75
142.75
143.5
142.75
142.75
145.0
145.0
144.25
143.5
143.5
145.0
145.0
144.25
145.0
145.0
145.0
145.0
145.0
145.0
145.0
145.0
145.0
143.5
142.75
142.75
144.25
144.25
142.75
144.25
144.25
144.25
144.25
145.0
145.0
145.75
144.25
144.25
145.0
145.0
145.0
143.5
144.25
144.25
144.25
144.25
143.5
144.25
144.25
145.0
145.0
142.75
144.25
144.25
145.0
145.0
144.25
145.0
145.0
145.0
145.0
144.25
144.25
144.25
144.25
144.25
143.5
142.75
142.75
142.75
142.75
142.25
142.25
142.25
142.75
142.75
142.25
142.25
142.25
141.5
142.75
142.25
142.25
141.5
142.25
142.25
141.5
141.5
140.25
140.25
140.25
140.75
140.75
140.25
140.25
140.75
141.5
141.5
141.5
141.5
140.75
141.5
141.5
142.25
142.25
142.75
142.25
142.25
143.5
143.5
143.5
142.75
142.75
142.75
142.75
143.5
142.25
142.25
143.5
143.5
142.75
142.75
142.25
142.75
142.75
143.5
143.5
143.5
143.5
143.5
143.5
143.5
143.5
144.25
144.25
142.75
142.75
143.5
142.75
142.75
143.5
143.5
142.75
143.5
143.5
142.75
142.75
143.5
142.75
142.75
142.75
142.75
143.5
143.5
143.5
143.5
143.5
143.5
144.25
144.25
144.25
144.25
145.0
145.0
145.0
145.0
145.0
145.0
145.0
145.0
145.0
145.0
144.25
145.0
145.0
144.25
144.25
145.0
145.0
145.0
143.5
143.5
145.0
145.0
145.0
143.5
143.5
144.25
143.5
143.5
143.5
143.5
143.5
143.5
143.5
143.5
143.5
142.25
143.5
143.5
142.75
142.75
142.75
143.5
143.5
143.5
143.5
144.25
143.5
143.5
143.5
143.5
143.5
142.75
142.75
143.5
143.5
143.5
143.5
143.5
143.5
143.5
143.5
143.5
143.5
145.0
145.0
145.0
144.25
144.25
144.25
144.25
144.25
144.25
144.25
144.25
144.25
142.75
142.75
142.75
142.75
142.75
142.25
143.5
143.5
142.75
142.75
142.75
142.75
142.75
143.5
143.5
143.5
142.75
142.75
145.0
145.0
143.5
145.0
145.0
143.5
143.5
144.25
143.5
143.5
142.75
142.75
143.5
143.5
142.75
143.5
143.5
143.5
143.5
143.5
142.75
142.75
143.5
143.5
142.75
143.5
143.5
142.75
142.75
142.25
142.25
142.25
142.25
142.25
142.25
141.5
141.5
140.75
140.75
140.75
141.5
140.75
142.25
142.25
142.25
142.25
142.25
143.5
143.5
143.5
143.5
144.25
145.0
145.0
144.25
144.25
145.75
145.0
145.0
145.75
146.25
146.25
146.25
146.25
145.75
143.5
143.5
142.25
142.25
142.25
140.75
140.75
140.25
140.25
139.0
139.0
139.5
138.25
138.25
138.25
138.25
139.0
139.0
138.25
137.5
137.5
138.25
138.25
138.25
138.25
137.0
137.5
137.5
137.4375
137.375
137.3125
137.25
137.1875
137.125
137.0625
137.0
137.0
136.25
136.25
136.25
137.0
137.0
136.25
136.25
135.75
135.75
137.0
135.25
135.25
135.25
135.25
134.5
134.5
135.75
135.75
134.5
135.75
135.75
135.75
135.75
137.5
137.5
136.25
135.75
135.75
135.75
135.75
135.21875
134.6875
134.15625
133.625
133.09375
132.5625
132.03125
131.5
131.5
132.75
132.75
134.0
133.25
133.25
134.5
134.5
134.5
134.5
133.25
133.25
133.25
135.25
135.25
135.75
135.75
135.75
135.75
136.25
135.75
135.75
136.25
136.25
136.25
136.25
136.25
136.25
136.25
136.25
136.25
136.25
136.25
137.5
137.5
137.5
139.0
139.0
139.0
139.0
139.0
139.5
139.5
140.25
140.25
139.5
139.5
139.0
140.25
140.25
139.0
139.0
138.25
138.25
139.0
137.5
137.5
137.0
137.0
138.25
137.5
137.5
138.25
138.25
138.25
138.25
139.5
139.5
139.5
140.25
140.25
139.0
139.0
139.5
140.25
140.25
140.25
140.25
140.25
139.0
139.0
139.5
139.5
139.5
139.0
140.25
140.25
140.25
140.75
140.75
140.75
142.25
142.25
142.25
142.25
142.75
143.5
143.5
143.5
143.5
144.25
143.5
143.5
143.5
143.5
143.5
142.75
142.75
144.25
144.25
144.25
144.25
144.25
145.0
145.0
143.5
144.25
144.25
142.75
142.75
142.75
142.25
142.25
142.25
142.25
140.75
140.75
141.5
142.25
142.25
141.5
141.5
142.25
142.25
142.25
142.75
142.75
143.5
142.75
142.75
141.5
141.5
142.25
142.75
142.75
142.75
142.75
142.75
142.75
142.75
142.75
142.75
142.75
142.75
142.25
142.75
142.75
143.5
143.5
143.5
143.5
143.5
143.5
143.5
143.5
145.0
145.0
145.75
145.75
145.75
147.0
147.0
146.25
147.0
147.0
147.0
147.0
147.75
147.0
147.0
145.75
145.75
147.0
146.25
146.25
147.0
147.0
146.25
146.25
146.25
147.0
147.0
147.0
147.0
147.0
147.75
147.0
147.0
147.0
147.0
147.0
147.0
147.0
146.25
145.75
145.75
147.0
147.0
145.75
145.75
145.75
145.75
145.75
146.25
145.75
145.75
146.25
146.25
146.25
146.25
146.25
145.75
145.75
146.25
146.25
146.25
146.25
146.25
147.0
145.75
145.75
145.75
146.25
147.0
145.0
145.0
146.25
145.75
145.75
145.75
145.75
145.0
145.75
145.75
145.75
145.75
146.25
145.75
145.75
146.25
146.25
146.25
147.0
147.0
147.0
147.0
147.0
147.75
147.75
147.0
147.0
147.0
147.75
147.75
147.0
147.0
147.0
146.25
147.75
147.75
147.0
147.0
147.0
147.0
147.0
147.0
147.0
146.25
147.0
147.0
147.0
147.0
147.0
147.75
147.75
147.0
146.25
146.25
147.75
147.75
147.0
147.75
147.75
147.0
147.0
147.0
147.0
147.0
147.0
147.0
146.25
147.0
147.0
147.75
147.75
147.75
147.75
147.75
148.5
149.25
149.25
150.0
150.0
150.0
150.0
150.0
150.75
150.75
150.75
150.0
151.5
151.5
150.75
150.75
150.75
150.0
150.0
150.75
150.75
150.75
150.75
150.75
150.75
150.75
150.75
150.75
151.5
151.5
151.5
150.75
150.75
150.0
150.0
150.75
150.0
150.0
150.0
150.0
150.0
148.5
148.5
150.0
149.25
149.25
149.25
148.5
148.5
149.25
149.25
148.5
147.75
147.75
146.25
146.25
147.75
145.75
145.75
146.25
146.25
145.0
145.75
145.75
145.0
144.25
144.25
145.0
145.0
145.75
145.75
145.75
145.0
145.0
144.25
145.75
145.75
144.25
144.25
145.75
145.75
145.75
145.0
145.0
145.0
145.0
145.0
145.0
145.0
145.0
142.75
142.75
143.5
143.5
143.5
143.5
143.5
142.25
142.25
145.0
144.25
144.25
145.0
145.0
145.75
145.75
145.75
145.75
145.75
145.75
146.25
146.25
145.75
145.75
145.75
145.75
145.75
144.25
146.25
146.25
145.0
145.0
144.25
144.25
144.25
145.75
145.75
144.25
145.0
145.0
145.0
145.075
145.15
145.225
145.3
145.375
145.45
145.525
145.6
145.675
145.75
145.75
145.0
145.0
145.0
145.0
145.0
145.75
146.25
146.25
146.25
146.25
147.0
146.25
146.25
147.0
147.0
147.0
146.25
146.25
147.75
146.25
146.25
146.25
146.25
147.75
147.0
147.0
147.0
147.0
147.75
147.75
147.75
147.75
148.5
148.5
149.25
149.25
148.5
149.25
149.25
148.5
148.5
148.5
148.5
148.5
147.75
148.5
148.5
148.5
148.5
147.0
147.75
147.75
147.75
147.75
147.75
147.75
147.75
149.25
148.5
148.5
149.25
150.75
150.75
150.75
150.75
151.5
151.5
151.5
153.0
152.25
152.25
153.0
153.75
153.75
154.75
154.75
154.75
154.75
154.75
156.25
156.25
156.25
156.25
158.0
158.0
157.0
160.5
160.5
160.5681818181818
160.63636363636363
160.70454545454547
160.77272727272728
160.8409090909091
160.9090909090909
160.97727272727272
161.04545454545453
161.11363636363637
161.1818181818182
161.25
161.25
160.5
159.5
159.5
159.5
158.75
158.75
158.0
158.75
158.75
159.5
160.5
160.5
160.5
161.25
161.25
161.25
162.25
162.25
161.25
162.25
162.25
161.25
161.25
161.25
163.0
162.25
162.25
163.0
164.75
164.75
162.25
162.25
154.7265625
147.203125
139.6796875
132.15625
138.875
145.59375
152.3125
159.03125
165.75
164.75
164.75
164.0
165.75
165.75
164.0
164.0
164.0
163.0
164.0
164.0
162.25
164.0
162.25
162.25
164.75
162.25
162.25
161.25
159.5
159.5
160.5
160.5
160.5
158.75
158.83333333333334
158.91666666666666
159.0
159.08333333333334
159.16666666666666
159.25
159.33333333333334
159.41666666666666
159.5
160.5
160.5
160.5
161.25
161.25
160.5
160.5
160.5
163.0
163.25
163.5
163.75
164.0
164.25
164.5
164.75
164.75
164.75
165.75
165.75
164.75
165.75
165.75
165.75
164.0
164.0
164.0
164.0
164.0
164.0
164.0
165.75
165.75
165.75
166.75
166.75
164.75
166.75
165.75
165.75
164.75
166.75
166.75
166.75
165.75
165.75
165.75
165.75
165.75
166.75
166.75
166.75
166.75
165.75
167.5
167.5
165.75
166.75
166.75
165.75
165.75
165.75
165.75
164.75
164.0
164.0
162.25
163.0
163.0
161.25
158.75
158.75
157.0
157.0
157.0
155.5
155.5
154.75
153.75
153.75
153.0
154.75
154.75
151.5
153.75
153.75
152.25
152.25
153.75
150.75
150.75
151.5
150.0
150.0
149.25
149.25
147.0
147.0
147.0
147.0
146.25
146.25
147.75
147.75
147.0
147.75
147.75
149.25
149.25
148.5
147.75
147.75
150.0
148.5
148.5
149.25
149.25
149.25
149.25
149.25
148.5
147.75
147.75
146.25
146.25
148.5
147.0
147.0
148.5
148.5
148.5
148.5
147.0
147.75
148.5
148.5
148.5
148.5
147.75
146.25
146.25
150.75
150.75
148.5
145.0
145.0
147.0
145.75
145.75
150.0
150.0
158.0
157.0
156.0
155.0
154.0
153.0
152.0
151.0
150.0
150.0
150.75
149.25
149.25
151.5
153.0
153.0
152.25
153.75
153.75
153.75
153.75
155.5
154.75
154.75
157.0
157.0
157.0
158.0
153.75
153.75
150.0
145.75
145.75
134.5
134.5
154.75
162.25
162.25
161.1875
160.125
159.0625
158.0
156.9375
155.875
154.8125
153.75
152.6875
151.625
150.5625
149.5
148.4375
147.375
146.3125
145.25
144.1875
143.125
142.0625
141.0
139.9375
138.875
137.8125
136.75
135.6875
134.625
133.5625
132.5
131.4375
130.375
129.3125
128.25
127.1875
126.125
125.0625
124.0
124.0
131.0
131.0
131.5
131.5
132.25
132.25
132.25
137.0
137.0
140.75
140.75
137.5
136.25
136.25
137.5
137.5
140.75
140.75
142.75
143.5
143.5
143.82142857142858
144.14285714285714
144.46428571428572
144.78571428571428
145.10714285714286
145.42857142857142
145.75
145.75
144.25
144.25
148.5
148.5
148.5
150.75
150.75
153.75
153.0
153.0
152.25
154.75
154.75
153.0
153.75
153.75
152.25
151.5
151.5
153.0
153.0
150.75
150.75
150.75
150.75
152.25
152.25
151.5
151.5
151.5
150.0
150.0
150.75
149.25
149.25
152.25
152.25
152.25
154.75
154.75
155.5
156.25
156.25
157.0
158.0
158.0
158.75
158.0
158.0
158.75
156.25
156.25
157.0
155.5
155.5
155.5
157.0
157.0
157.0
157.0
157.0
157.0
157.0
155.5
156.25
156.25
154.75
152.25
152.25
153.0
153.0
153.0
152.25
152.25
151.5
150.75
150.75
148.5
149.25
149.25
146.25
146.25
147.75
147.75
147.75
149.25
150.75
150.75
150.75
150.75
152.25
153.0
153.0
153.75
154.75
154.75
153.75
153.0
153.0
153.0
153.0
153.75
153.0
153.0
153.0
153.0
153.0
152.25
152.25
152.25
153.0
153.0
151.5
153.0
153.0
152.25
153.0
153.0
152.25
153.0
153.0
151.5
151.5
153.0
151.5
151.5
153.75
153.75
153.75
155.5
155.5
155.5
157.0
158.0
158.0
158.75
158.0
158.0
158.0
160.5
160.5
159.5
161.25
161.25
159.5
161.25
161.25
163.0
159.5
159.5
164.0
158.0
158.0
160.5
164.0
164.0
163.0
163.0
163.0
164.0
164.75
164.75
165.75
166.75
166.75
168.5
166.75
164.75
164.75
169.5
165.75
165.75
165.75
162.25
162.25
161.64285714285714
161.03571428571428
160.42857142857142
159.82142857142858
159.21428571428572
158.60714285714286
158.0
158.75
158.75
157.0
156.25
156.25
155.5
154.75
154.75
152.25
150.0
150.0
149.25
149.25
147.75
145.0
145.0
145.75
145.75
145.0
143.5
143.5
145.75
145.75
144.25
145.0
145.0
145.75
145.75
146.25
147.0
147.0
147.0
148.5
148.5
148.5
148.5
148.5
147.75
147.75
147.0
147.0
147.0
146.25
146.25
147.0
146.25
146.25
145.0
145.0
145.0
144.25
144.25
144.25
144.25
145.0
145.75
145.75
145.0
145.0
145.0
146.25
146.25
146.25
146.25
146.25
147.0
147.0
147.0
147.0
147.0
146.25
146.25
146.25
147.0
147.0
147.0
147.0
147.0
147.0
147.0
146.25
146.25
145.75
146.25
146.25
145.75
145.75
146.25
145.75
145.75
147.75
147.0
147.0
148.5
148.5
147.0
147.0
147.0
147.0
147.0
148.5
145.75
145.75
146.25
146.25
145.0
145.75
145.75
145.75
145.75
145.75
145.75
145.75
145.0
145.75
145.75
145.75
145.75
145.75
145.0
145.0
145.0
145.0
144.25
145.0
145.0
145.0
145.0
145.0
145.0
145.0
145.0
145.0
143.5
142.75
142.75
140.75
140.75
140.25
140.25
139.5
138.25
138.25
138.25
138.25
138.25
140.75
140.75
142.25
142.25
142.25
143.5
143.5
145.0
145.0
145.0
144.25
144.25
142.75
142.75
141.5
141.5
140.75
141.5
141.5
140.75
140.75
142.25
142.75
142.75
145.0
145.0
145.75
145.75
145.75
145.75
145.75
146.25
145.0
145.0
145.0
145.0
143.5
143.5
143.5
142.25
142.25
141.5
142.75
142.75
142.75
142.75
145.0
145.0
145.0
143.5
143.5
144.25
143.5
143.5
143.5
143.5
141.5
142.25
142.25
142.75
142.75
142.75
144.25
144.25
142.25
142.25
143.5
142.75
142.75
143.5
143.5
142.25
141.5
141.5
140.75
140.75
140.75
140.75
140.25
139.5
139.5
138.25
138.25
139.0
140.25
140.25
140.25
140.25
140.25
140.25
140.75
142.25
142.25
142.25
142.25
141.5
141.5
141.5
141.5
141.5
143.5
143.5
143.5
143.5
143.5
142.75
141.5
141.5
141.5
141.5
140.25
140.25
139.0
140.25
140.25
135.75
135.75
133.25
133.25
130.5
130.5
131.5
132.75
132.75
135.25
135.25
135.75
135.75
135.75
137.5
137.5
137.0
137.0
138.25
138.25
139.0
139.0
139.0
138.25
138.25
138.25
138.25
139.0
136.25
136.25
138.25
138.25
139.0
139.0
139.0
139.5
139.5
140.75
140.75
141.5
142.75
142.75
142.75
142.75
142.75
143.5
143.5
142.75
142.75
145.0
143.5
143.5
145.0
145.0
143.5
145.75
145.75
145.0
145.0
142.25
142.25
142.25
142.75
142.75
142.75
142.25
142.25
142.25
142.25
142.75
143.5
143.5
143.5
143.5
142.75
142.25
142.25
142.25
142.25
142.25
142.25
142.75
142.75
142.75
140.75
140.75
142.25
142.25
142.25
142.75
142.75
140.75
140.25
140.25
140.75
140.75
140.25
141.5
141.5
140.75
140.75
141.5
141.5
142.25
142.75
142.75
142.25
142.25
143.5
144.25
144.25
144.25
144.25
145.75
145.75
145.75
146.25
146.25
146.25
145.75
145.75
145.0
145.75
145.75
145.75
145.75
147.0
145.0
145.0
147.0
147.0
147.0
147.75
147.75
146.25
146.25
146.25
147.75
147.75
147.0
146.25
146.25
147.75
147.75
147.0
146.25
146.25
146.25
146.25
145.75
145.75
145.75
145.75
145.75
145.0
146.25
146.25
145.75
145.75
146.25
143.5
143.5
144.25
144.25
143.5
144.25
144.25
143.5
143.5
144.25
143.5
143.5
144.25
144.25
143.5
143.5
143.5
142.75
142.75
142.25
142.75
142.75
143.5
143.5
144.25
145.0
145.0
145.75
145.75
147.0
146.25
146.25
147.0
147.0
147.0
147.0
147.0
147.0
146.25
146.25
147.75
147.75
147.75
147.75
147.75
148.5
146.25
146.25
147.75
147.75
147.75
148.5
148.5
149.25
149.25
150.0
150.75
150.75
150.0
150.0
150.0
150.75
150.75
150.0
150.75
150.75
150.75
150.75
150.75
149.25
149.25
149.25
148.5
148.5
149.25
148.5
148.5
149.25
149.25
149.25
149.25
149.25
149.25
148.5
148.5
148.5
148.5
148.5
149.25
149.25
147.0
147.75
147.75
147.0
147.0
145.75
147.75
147.75
146.25
146.25
145.75
147.0
147.0
147.0
147.0
148.5
147.75
147.75
147.75
147.0
147.75
147.0
147.0
147.0
147.0
147.0
147.0
147.0
147.0
147.0
147.0
147.75
147.75
147.75
147.0
147.0
147.75
147.0
147.0
147.75
147.75
147.0
147.0
147.0
146.25
146.25
146.25
147.0
146.25
146.25
146.25
145.75
145.0
145.0
145.0
145.75
145.0
145.75
145.75
145.0
145.0
145.0
145.75
145.75
146.25
145.0
145.0
145.0
145.0
146.25
145.75
145.75
145.75
145.75
146.25
146.25
146.25
147.0
147.0
146.25
147.0
147.0
147.0
148.5
148.5
147.75
147.75
147.75
147.75
147.75
147.75
148.5
148.5
147.75
147.75
147.75
147.0
147.0
147.0
147.0
147.0
147.0
147.0
147.0
147.0
146.25
146.25
147.0
146.25
146.25
146.25
146.25
146.25
147.0
145.75
145.75
147.0
147.0
147.0
146.25
146.25
146.25
146.25
145.0
145.75
145.75
145.75
145.75
145.75
145.75
145.75
145.75
145.75
145.75
147.0
147.0
145.75
147.75
147.75
145.75
145.75
147.75
145.75
145.75
146.25
146.25
145.0
145.0
145.0
145.0
145.0
144.25
145.0
145.0
143.5
143.5
144.25
143.5
143.5
144.25
144.25
142.75
143.5
143.5
143.5
143.5
145.0
143.5
143.5
145.0
145.0
145.0
146.25
146.25
146.25
147.0
147.0
147.75
147.75
148.5
148.5
148.5
148.5
148.5
149.25
147.75
147.75
147.0
147.0
147.0
147.0
147.0
145.0
145.0
145.0
143.5
143.5
145.0
145.0
145.0
145.0
145.0
145.0
145.0
145.0
143.5
143.5
145.0
143.5
143.5
142.75
142.75
142.25
142.75
142.75
143.5
143.5
142.25
142.25
142.25
142.25
142.25
142.75
143.5
143.5
142.75
142.75
142.75
144.25
144.25
144.25
144.25
144.25
145.0
145.0
145.0
145.0
145.0
145.0
145.0
145.75
145.75
145.0
145.75
145.75
145.0
145.0
145.0
145.0
145.0
142.75
142.75
142.25
144.25
144.25
144.25
144.25
144.25
145.75
145.75
145.0
145.0
145.0
145.75
145.75
145.75
145.75
144.25
145.75
145.75
145.0
145.0
145.0
145.0
145.0
145.0
145.0
145.0
145.0
145.0
145.0
145.0
145.75
143.5
143.5
144.25
144.25
143.5
142.25
142.25
142.75
142.75
143.5
142.25
142.25
142.25
142.25
142.25
141.5
141.5
141.5
141.5
142.25
142.25
142.25
140.75
140.75
142.25
142.75
142.75
142.25
142.25
142.75
142.75
141.5
140.25
140.25
140.25
140.25
140.25
141.5
141.5
141.5
141.5
140.75
139.5
139.5
140.25
140.25
140.75
140.75
141.5
140.25
140.25
142.75
142.75
141.5
141.5
141.5
140.75
140.75
142.25
142.75
142.75
143.5
143.5
145.0
144.25
144.25
145.75
145.75
143.5
146.25
146.25
145.75
145.75
145.75
147.0
147.0
147.75
147.75
147.0
147.0
147.0
147.0
145.75
145.75
147.0
147.0
145.75
146.25
146.25
147.0
147.0
147.0
147.0
147.0
147.75
147.75
149.25
148.5
148.5
148.5
148.5
148.5
149.25
149.25
148.5
147.75
147.75
147.75
147.75
147.75
147.75
147.75
147.75
149.25
149.25
149.25
149.25
149.25
148.5
148.5
150.0
150.0
150.0
150.0
150.0
150.75
150.75
150.75
150.75
150.75
150.75
151.5
151.5
151.5
150.75
150.75
150.75
151.5
151.5
150.0
150.0
150.0
150.75
150.75
150.75
150.75
150.75
150.75
150.75
151.5
153.0
153.0
151.5
151.5
151.5
152.25
153.0
153.0
152.25
152.25
153.0
151.5
151.5
150.75
150.75
150.75
150.0
150.0
150.0
150.0
150.0
148.5
149.25
149.25
149.25
148.5
148.5
149.25
149.25
150.0
150.0
150.0
150.0
150.75
150.75
150.0
150.0
150.75
149.25
149.25
150.0
150.0
150.0
150.0
150.0
149.25
149.25
149.25
149.25
149.25
149.25
149.25
149.25
148.5
148.5
148.5
149.25
149.25
149.25
148.5
148.5
147.75
149.25
149.25
148.5
148.5
148.5
148.5
148.5
149.25
147.75
147.75
147.0
147.0
148.5
148.5
148.5
147.75
147.75
147.75
148.5
148.5
148.5
147.75
147.75
147.75
148.5
148.5
147.75
147.75
148.5
148.5
147.75
147.75
147.75
147.75
147.75
147.75
147.75
147.75
148.5
147.75
147.75
148.5
148.5
148.5
148.5
148.5
148.5
148.5
148.5
147.75
147.75
147.75
148.5
148.5
147.75
147.75
147.75
148.5
148.5
148.5
147.75
147.75
148.5
148.5
147.75
148.5
148.5
148.5
148.5
148.5
147.75
147.75
147.75
148.5
148.5
148.5
148.5
147.75
148.5
148.5
147.0
147.75
147.75
148.5
148.5
147.75
147.75
147.75
148.5
148.5
148.5
148.5
148.5
148.5
149.25
149.25
148.5
148.5
149.25
149.25
149.25
148.5
148.5
148.5
148.5
148.5
149.25
149.25
149.25
148.5
149.25
149.25
150.0
150.0
150.0
150.75
150.75
150.0
150.75
150.75
150.75
150.75
150.75
150.75
150.75
150.75
151.5
151.5
150.0
150.0
151.5
150.0
150.0
149.25
150.75
150.75
151.5
151.5
150.75
150.0
150.0
150.0
151.5
151.5
150.75
150.75
151.5
150.75
150.75
151.5
150.75
150.75
151.5
150.0
150.0
149.25
149.25
150.0
149.25
149.25
150.0
150.0
150.0
149.25
149.25
150.0
150.0
150.0
150.0
150.0
150.0
150.75
150.75
150.0
150.0
150.0
148.5
148.5
148.5
147.75
147.75
149.25
147.75
147.75
148.5
148.5
147.75
148.5
148.5
148.5
148.5
148.5
149.25
149.25
149.25
148.5
148.5
149.25
149.25
147.75
147.0
147.0
147.75
147.0
147.0
147.75
147.75
148.5
147.75
147.75
148.5
149.25
149.25
150.0
150.0
150.0
151.5
151.5
150.75
151.5
151.5
152.25
152.25
151.5
151.5
151.5
152.25
152.25
152.25
150.75
150.75
150.0
150.75
150.75
151.5
150.75
150.75
152.25
152.25
152.25
152.25
152.25
153.0
153.0
153.0
150.75
150.75
150.75
150.0
150.0
149.25
147.0
147.0
149.25
150.75
150.75
150.75
150.75
150.0
150.75
150.75
151.5
152.25
152.25
153.0
153.0
153.0
153.75
153.75
152.25
148.5
148.5
138.25
138.25
122.0
122.0
100.75
100.75
100.75
93.75
93.75
99.75
99.75
99.75
103.5
103.5
111.0
111.0
120.5
120.5
121.0
121.0
130.5
135.25
135.25
134.0
134.0
130.5
130.5
127.75
127.75
125.5
125.5
125.0
125.0
124.5
124.5
125.5
127.75
127.75
128.75
128.75
129.25
129.25
131.5
131.5
131.5
131.5
134.5
134.0
134.0
135.25
135.25
135.75
135.75
135.75
137.0
137.0
136.25
136.25
137.0
137.0
135.75
134.5
134.5
135.25
135.25
134.0
134.0
134.5
134.5
133.25
132.25
132.25
131.5
131.5
133.25
133.25
130.5
130.5
131.0
131.0
130.5
131.5
131.5
130.5
130.5
131.5
131.5
131.5
131.5
128.25
128.25
128.75
128.75
128.75
128.75
128.75
130.5
130.5
131.0
131.0
131.0
131.0
131.5
131.5
131.5
131.5
131.5
131.0
131.0
131.5
131.5
133.25
133.25
134.0
135.75
135.75
135.25
135.25
136.25
136.25
138.25
139.0
139.0
139.5
139.5
139.0
139.0
139.0
140.75
140.25
142.25
142.25
142.25
142.75
142.75
142.75
143.5
144.25
144.25
144.25
144.25
144.25
145.0
146.25
146.25
146.25
146.25
146.25
145.0
145.75
145.75
146.25
146.25
145.0
145.0
145.0
143.5
143.5
143.5
143.5
142.75
142.25
142.25
143.5
143.5
142.75
142.75
142.25
142.75
142.75
142.25
142.25
142.75
142.25
142.25
142.75
142.75
143.5
143.5
143.5
142.25
142.25
141.5
142.25
142.25
142.75
142.75
144.25
143.5
143.5
144.25
144.25
144.25
144.25
144.25
145.75
145.75
146.25
146.25
146.25
147.0
147.0
147.75
147.75
147.75
147.75
147.75
147.75
147.0
147.0
147.0
147.0
147.75
147.75
147.75
147.75
148.5
148.5
147.75
148.5
148.5
148.5
148.5
149.25
147.75
147.75
148.5
148.5
148.5
147.0
147.0
147.75
147.75
147.75
146.25
146.25
146.25
147.75
147.75
147.0
147.0
147.0
147.0
147.0
147.0
146.25
146.25
146.25
146.25
144.25
146.25
146.25
146.25
146.25
146.25
147.0
147.0
147.75
147.75
147.75
148.5
148.5
148.5
148.5
148.5
148.5
148.5
148.5
148.5
148.5
148.5
149.25
149.25
148.5
148.5
149.25
148.5
148.5
150.0
150.0
150.75
150.75
150.75
150.75
152.25
152.25
150.75
151.5
151.5
151.5
151.5
150.75
150.0
150.0
148.5
148.5
148.5
148.5
148.5
148.5
149.25
149.25
148.5
148.5
150.0
149.25
149.25
150.75
150.75
150.75
151.5
150.0
150.0
151.5
151.5
150.75
150.75
150.75
151.5
151.5
151.5
150.75
150.75
150.75
150.75
150.75
152.25
152.25
150.75
151.5
151.5
151.5
151.5
151.5
152.25
152.25
151.5
151.5
151.5
151.5
151.5
151.5
150.75
150.0
150.0
148.5
150.0
150.0
148.5
148.5
148.5
149.25
149.25
149.25
149.25
149.25
149.25
149.25
150.0
150.0
150.0
150.0
150.0
149.25
149.25
149.25
148.5
147.75
147.75
146.25
146.25
145.0
145.75
145.75
146.25
146.25
146.25
147.0
147.0
147.0
147.0
147.0
147.75
147.75
147.75
147.0
147.0
147.75
147.75
147.0
147.75
147.75
147.75
147.75
146.25
147.0
147.0
147.0
146.25
146.25
146.25
146.25
146.25
145.75
145.75
146.25
146.25
145.0
145.75
145.75
145.0
145.0
145.75
146.25
146.25
145.0
145.0
145.0
145.0
145.0
145.0
145.0
145.0
145.0
145.0
144.25
144.25
144.25
144.25
144.25
145.0
145.75
145.75
145.75
145.75
146.25
146.25
146.25
147.0
147.0
146.25
147.0
147.0
146.25
146.25
146.25
146.25
146.25
146.25
145.75
145.75
147.0
147.0
145.75
146.25
146.25
147.0
147.0
147.0
147.75
147.75
148.5
148.5
147.0
148.5
148.5
148.5
147.75
147.75
147.75
147.75
147.75
148.5
148.5
147.75
147.75
147.75
148.5
148.5
147.75
147.75
147.75
148.5
148.5
148.5
148.5
148.5
148.5
148.5
147.75
149.25
149.25
149.25
150.0
150.0
150.75
150.75
150.75
150.75
150.75
150.75
150.0
150.0
150.75
150.0
150.0
150.0
150.0
150.0
150.0
150.0
149.25
150.0
150.0
148.5
148.5
150.0
149.25
149.25
149.25
150.0
150.0
150.0
150.0
150.0
151.5
151.5
151.5
150.75
150.75
152.25
152.25
151.5
151.5
151.5
152.25
152.25
152.25
153.0
151.5
151.5
153.0
153.0
150.75
152.25
152.25
151.5
151.5
151.5
150.0
150.0
150.75
149.25
149.25
150.0
150.75
150.75
150.0
150.0
151.5
150.75
150.75
152.25
150.75
150.75
152.25
151.5
151.5
150.75
150.75
152.25
151.5
151.5
151.5
150.75
150.75
150.75
150.75
150.75
150.75
150.75
150.0
150.0
150.0
149.25
149.25
150.75
150.75
150.75
150.0
149.25
149.25
150.75
150.75
150.0
151.5
151.5
151.5
151.5
151.5
152.25
152.25
151.5
151.5
151.5
152.25
151.5
151.5
152.25
150.75
150.75
150.75
150.75
150.75
151.5
151.5
150.0
150.0
150.0
150.0
150.0
150.0
149.25
149.25
150.0
150.75
150.75
150.75
150.75
150.0
150.75
150.75
148.5
149.25
149.25
147.0
147.0
147.0
147.75
147.75
147.0
147.0
147.75
147.75
147.75
149.25
149.25
149.25
150.0
150.0
152.25
151.5
151.5
153.0
153.75
153.75
153.75
153.75
153.75
154.75
155.5
155.5
155.5
155.5
153.75
156.25
156.25
153.75
153.75
153.75
156.25
157.0
157.0
157.0
157.0
157.0
157.0
158.75
158.75
157.0
158.0
158.0
158.0
157.0
157.0
158.0
158.0
156.25
156.25
156.25
155.5
155.5
155.5
155.5
153.75
153.75
154.75
153.75
153.75
153.75
153.75
153.0
152.25
152.25
153.0
151.5
151.5
152.25
153.0
153.0
150.75
150.75
153.0
153.0
153.0
152.25
153.75
153.75
152.25
153.0
153.0
152.25
152.25
153.0
153.0
153.0
152.25
150.75
150.75
153.75
151.5
151.5
153.0
153.0
153.0
153.75
153.75
154.75
154.75
154.75
156.25
156.75
157.25
157.75
158.25
158.75
159.25
159.75
160.25
160.75
161.25
161.75
162.25
163.0
163.0
163.0
164.0
164.0
164.0
166.75
166.75
166.75
167.5
166.75
166.75
167.5
168.5
168.5
167.5
169.5
169.5
168.5
167.5
165.75
165.75
164.75
163.0
163.0
161.25
159.5
159.5
158.75
155.5
155.5
157.0
157.0
152.25
152.25
152.25
152.25
150.75
150.75
151.78571428571428
152.82142857142858
153.85714285714286
154.89285714285714
155.92857142857142
156.96428571428572
158.0
158.0
158.0
161.25
161.25
161.25
164.0
163.0
163.0
165.75
164.75
164.75
166.75
165.75
165.75
164.75
163.0
163.0
160.5
158.0
158.0
158.75
155.5
155.5
155.5
153.75
153.75
