140.75
140.75
140.75
140.75
140.75
140.75
140.75
141.0
141.0
141.0
141.0
141.0
141.0
141.0
141.0
141.0
138.125
135.25
132.375
129.5
126.625
123.75
123.75
124.0
124.0
123.75
123.75
123.75
123.75
124.0
123.75
123.5
123.25
123.0
122.75
122.5
122.25
122.0
121.75
123.5
123.5
124.0
124.0
125.0
125.0
125.25
125.25
125.25
125.25
123.0
123.0
122.25
122.25
121.5
121.5
121.5
121.5
121.5
122.5
122.5
123.5
124.0
124.0
126.25
126.25
129.25
129.25
130.25
130.25
130.25
129.5
129.5
131.0
131.0
131.0
130.75
130.75
130.75
124.25
124.25
124.25
124.25
123.75
123.75
124.0
124.0
124.5
126.0
126.0
127.5
127.5
129.0
130.25
130.25
130.75
130.75
130.75
130.75
130.75
130.75
131.0
131.0
131.0
131.0
130.25
130.0
130.0
130.0
131.25
131.0
131.0
130.75
130.75
131.5
131.5
131.75
131.75
133.0
133.0
133.0
133.0
132.75
132.75
132.5
132.25
132.25
132.0
132.0
132.75
132.75
132.0
132.0
128.0
128.0
126.25
126.25
126.25
126.5
126.5
126.25
126.25
126.25
125.75
125.75
125.25
123.5
123.5
124.5
124.5
124.5
124.5
122.75
122.75
120.25
120.25
118.75
118.75
117.75
117.75
118.25
118.25
118.0
118.0
118.0
118.0
118.0
118.25
117.25
117.25
115.75
115.75
115.75
115.0
115.0
115.75
115.75
118.25
121.75
121.75
121.75
121.75
121.75
119.25
119.25
116.75
116.75
114.75
114.75
115.0
115.0
114.0
114.0
112.25
112.25
112.75
112.75
114.5
114.5
117.0
117.0
121.0
121.0
124.0
124.0
125.5
125.5
123.75
123.75
123.25
123.25
119.25
119.25
119.25
115.5
115.5
112.75
112.5
112.5
112.5
112.75
112.75
114.75
114.75
115.5
115.5
116.5
116.5
117.0
117.0
116.75
116.75
118.5
118.5
119.5
119.5
118.75
118.75
119.5
119.5
119.5
119.5
119.25
119.25
120.75
120.75
121.5
121.5
121.5
121.5
120.25
120.25
120.0
120.0
120.75
120.75
120.75
120.75
121.0
121.0
122.25
123.25
123.25
122.75
122.75
121.5
121.5
121.5
120.25
120.75
120.75
120.5
120.5
120.25
120.25
118.5
118.5
118.5
117.5
117.5
116.5
116.5
116.75
116.75
116.0
116.0
117.75
117.75
118.75
118.75
118.75
118.75
120.75
120.75
122.25
122.25
122.5
122.5
120.75
120.75
118.0
118.0
116.75
116.75
118.75
118.75
121.75
121.75
122.25
122.25
123.25
123.25
123.75
123.75
124.5
125.5
125.5
123.75
123.75
122.75
122.75
121.0
121.0
120.0
120.0
119.25
119.25
118.5
118.5
119.0
119.0
119.0
120.0
121.0
121.0
121.5
121.5
124.25
124.25
126.5
126.5
127.5
127.5
127.25
127.25
127.5
127.5
126.25
126.25
126.5
129.5
129.5
128.0
128.0
128.0
128.0
126.75
126.75
127.75
127.75
128.0
128.0
128.5
128.5
129.5
129.25
129.25
128.5
128.5
127.75
127.75
128.0
128.0
128.0
128.0
129.0
128.5
128.5
129.0
129.0
129.5
129.5
129.75
129.75
130.0
130.0
130.0
130.0
130.0
130.0
128.5
128.5
128.5
129.0
129.0
130.0
130.0
129.5
129.5
130.0
130.0
130.5
131.5
131.5
132.0
132.0
132.5
132.5
133.0
133.0
134.25
134.25
133.5
131.75
131.75
130.75
130.75
130.0
130.0
130.25
130.25
131.25
131.75
131.75
131.75
132.25
131.75
131.75
131.75
131.75
131.5
131.5
130.5
130.5
130.5
130.5
130.5
128.5
128.5
129.0
129.0
129.0
129.0
129.5
129.25
129.25
129.25
129.25
129.0
129.0
128.0
128.0
126.75
126.75
124.5
124.5
123.0
123.0
123.0
123.0
123.0
123.0
126.0
126.0
125.75
125.75
125.75
125.75
126.25
126.5
126.5
126.75
126.75
127.5
127.5
127.5
127.5
125.5
125.5
121.0
121.0
119.25
119.25
118.75
118.75
118.75
120.75
120.75
120.75
121.25
121.25
121.5
121.5
123.0
123.0
122.5
122.5
124.5
124.5
124.0
124.0
124.0
124.0
124.75
124.75
124.75
124.75
124.75
124.75
125.0
125.0
124.75
124.75
121.5
121.5
121.5
121.5
123.5
123.5
125.0
125.25
125.25
125.0
125.0
124.75
124.75
125.5
125.5
127.5
127.5
126.25
126.25
125.25
125.25
124.0
124.0
122.0
122.0
121.0
121.0
121.0
121.0
121.0
121.0
121.0
121.0
120.75
120.75
123.0
123.0
122.25
122.25
122.25
122.25
123.0
125.25
125.25
127.25
127.25
127.25
127.25
124.5
124.5
121.75
121.75
119.25
119.25
119.25
116.0
116.0
117.5
117.5
120.25
120.25
120.25
122.5
122.5
122.5
122.5
126.25
126.25
127.25
127.25
127.25
128.0
128.0
128.0
128.0
129.0
129.0
129.0
129.0
129.5
129.5
129.25
129.25
129.0
129.0
128.5
128.5
128.5
131.25
131.25
131.75
131.75
132.5
132.5
133.25
132.75
132.75
134.25
134.25
134.25
134.25
134.75
134.25
134.25
133.0
133.0
132.75
132.75
132.0
132.0
132.25
132.25
133.5
134.75
134.75
134.75
135.0
135.25
135.25
136.0
136.25
136.25
135.75
135.75
135.5
135.5
135.5
135.25
135.25
135.0
135.0
134.75
134.75
134.25
134.25
134.75
135.25
135.25
136.25
136.25
136.75
136.75
137.25
137.75
137.75
138.25
138.25
138.25
138.5
138.5
139.0
139.0
139.5
139.5
139.5
138.5
138.5
139.0
139.0
138.0
138.0
137.5
137.0
137.0
135.5
135.5
135.0
135.0
134.75
134.75
134.75
134.25
134.25
134.75
134.75
135.0
135.0
135.0
135.75
135.75
136.25
136.25
135.75
135.75
135.75
135.25
135.25
135.0
135.0
134.0
134.0
133.5
133.5
133.5
132.75
132.75
133.5
133.5
133.25
133.25
132.0
132.0
130.5
130.5
129.5
129.5
125.5
126.75
126.75
128.0
128.0
128.0
128.0
128.0
128.0
129.0
129.0
130.0
130.0
129.5
129.5
129.5
129.25
129.25
130.25
130.25
131.0
131.0
132.0
132.0
133.25
134.25
134.25
135.0
135.0
134.5
134.5
135.0
135.0
135.0
135.5
135.5
135.25
135.25
134.75
135.0
135.0
135.0
135.0
134.75
134.75
135.25
135.25
135.0
134.75
134.75
134.5
134.5
134.25
134.25
133.5
133.5
133.5
133.75
133.75
135.0
135.0
135.5
135.5
135.75
136.5
136.5
137.5
137.5
137.5
137.5
137.5
137.5
137.5
137.25
137.25
137.25
137.25
137.25
136.5
136.5
137.25
137.25
138.25
138.25
137.5
137.0
137.0
136.75
136.75
136.75
136.75
136.5
136.5
136.5
135.5
135.5
134.75
134.75
134.5
134.5
134.0
133.0
133.0
133.0
133.0
133.75
133.75
133.0
133.0
133.5
133.5
133.5
133.25
133.25
132.75
132.75
132.75
132.75
132.0
130.25
130.25
130.25
127.5
127.5
128.0
128.0
128.0
126.25
126.25
126.75
126.75
125.75
125.75
126.5
126.5
126.5
126.5
125.5
125.5
125.5
126.75
126.75
128.0
128.0
128.0
128.0
128.0
128.0
127.75
128.0
128.0
131.5
131.5
131.5
131.5
131.5
131.5
130.75
130.75
130.25
130.25
129.0
129.0
127.25
126.25
126.25
126.25
125.0
125.0
125.0
125.0
124.75
124.75
124.75
124.75
124.75
124.75
119.0
119.0
117.0
117.0
115.75
115.75
116.0
116.0
115.5
115.5
115.75
115.75
116.0
116.0
115.75
115.75
116.0
116.0
113.25
113.25
113.25
113.25
113.25
112.5
112.5
112.0
112.0
112.5
112.5
112.75
112.75
112.5
112.5
112.25
112.25
113.5
113.5
115.0
115.0
114.75
114.75
115.5
115.5
114.75
114.75
116.0
116.0
117.5
117.5
118.75
118.75
119.25
119.25
120.0
120.0
120.0
119.25
119.25
120.0
120.0
121.75
121.75
121.5
121.5
119.75
119.75
116.75
116.75
116.75
116.75
115.0
115.0
114.75
114.75
114.5
114.5
115.5
115.5
117.5
117.5
121.75
121.75
123.5
123.5
124.5
125.25
125.25
125.5
125.5
125.25
125.25
125.5
125.5
125.0
125.0
125.25
125.25
125.5
126.0
126.0
126.25
126.25
126.75
126.75
127.25
127.25
127.75
127.75
127.75
127.75
128.0
128.0
128.0
128.0
127.25
127.25
125.75
125.75
124.5
124.5
122.5
122.5
121.5
121.5
122.0
122.0
122.25
122.25
122.75
122.75
124.0
124.0
122.25
122.25
121.0
121.0
121.0
121.0
121.0
121.0
121.0
121.0
121.0
121.0
120.75
120.75
121.4375
122.125
122.8125
123.5
124.1875
124.875
125.5625
126.25
126.25
126.25
126.25
126.5
126.5
127.25
127.25
127.25
126.75
126.75
127.25
127.25
127.25
127.25
127.0
127.0
126.75
126.75
126.25
126.25
126.25
127.0
127.0
127.75
127.75
128.5
128.5
128.5
128.5
128.5
128.5
128.5
129.0
129.0
130.75
130.75
131.75
131.75
132.0
132.0
131.75
131.75
131.5
131.5
131.5
131.5
130.75
130.5
130.5
130.25
130.25
130.25
130.25
130.75
131.0
131.0
131.5
131.5
131.75
131.75
132.0
132.0
131.5
131.5
128.25
128.25
127.75
127.75
127.75
128.75
128.75
129.25
129.25
129.75
129.75
129.5
129.5
130.5
131.0
131.0
131.25
131.25
131.5
131.5
131.75
131.75
132.25
132.25
132.0
133.0
133.0
134.0
134.0
133.75
133.75
134.25
134.75
134.75
134.75
134.75
134.25
134.25
134.5
134.5
134.25
134.25
134.25
134.5
134.5
134.25
134.25
134.25
134.25
134.25
134.25
134.25
134.5
134.5
134.25
134.25
134.0
134.0
134.0
135.0
135.0
134.75
134.75
135.25
136.0
136.0
136.5
136.5
136.5
136.75
136.75
135.0
135.0
135.5
134.75
134.75
134.5
134.5
134.5
134.5
134.5
134.5
134.5
134.5
134.5
134.5
134.25
134.25
135.0
135.25
135.25
135.25
135.25
135.25
135.25
134.5
135.0
135.0
135.25
135.25
135.75
135.75
136.25
136.75
136.75
136.75
136.75
136.25
136.25
135.75
135.75
135.75
136.25
136.25
136.75
136.75
137.0
137.0
136.75
137.25
137.25
137.25
137.25
136.75
136.5
136.5
136.25
136.25
135.75
135.75
134.5
134.5
134.5
134.5
134.75
134.75
134.75
134.5
134.5
134.25
134.25
134.75
135.0
135.0
135.0
135.0
135.0
135.0
135.5
135.5
135.75
136.0
136.0
135.75
135.75
136.25
136.75
136.75
137.0
137.0
137.0
137.0
136.25
136.25
135.5
135.5
134.75
133.75
133.75
133.5
133.5
133.25
133.25
133.5
133.5
134.25
134.75
134.75
134.75
135.75
135.75
135.75
135.25
135.75
135.75
136.25
136.5
136.5
136.5
136.25
136.5
136.5
136.25
136.25
135.75
135.5
135.5
135.75
135.75
135.75
135.75
135.75
135.75
135.75
136.25
136.25
136.25
136.25
136.25
136.0
136.0
135.75
135.75
135.75
135.75
135.5
135.5
135.0
135.0
134.25
133.75
133.75
134.0
134.0
133.75
133.75
133.0
133.0
133.5
133.5
133.5
133.5
133.5
133.5
133.5
133.5
133.5
134.0
134.0
134.25
134.5
134.5
134.5
134.5
134.5
135.0
135.0
134.25
134.25
133.25
133.25
133.75
133.75
134.0
134.0
134.5
134.5
134.5
134.5
134.5
134.25
134.25
134.5
135.0
135.0
135.0
135.0
134.5
134.5
134.5
133.5
133.5
132.75
132.75
133.5
133.5
133.75
133.75
133.5
133.5
133.5
133.25
133.25
133.0
133.0
134.75
134.75
134.75
135.0
132.5
132.5
132.5
132.5
132.5
132.5
132.5
132.25
132.25
132.5
132.5
132.5
134.25
134.25
132.75
132.75
132.0
131.5
131.5
131.75
131.75
132.5
132.5
132.5
132.5
132.0
132.75
132.75
132.75
132.75
132.75
132.75
132.75
132.75
133.0
133.5
133.5
133.5
133.5
133.25
133.25
133.0
133.0
132.75
132.5
132.5
132.25
132.25
132.0
132.0
132.25
132.25
132.0
132.0
132.0
132.25
132.25
132.25
132.25
132.25
132.25
132.5
132.5
133.25
134.0
134.0
134.5
134.5
134.25
134.25
134.5
134.25
134.25
134.5
134.5
134.75
134.75
134.75
134.75
134.5
134.5
134.5
134.5
134.5
134.5
134.5
134.75
135.0
135.0
135.25
135.25
135.25
135.25
135.0
135.0
134.25
134.25
134.25
134.25
134.25
134.25
134.25
134.5
134.5
134.5
134.25
134.25
134.75
134.75
134.25
134.25
134.25
134.5
134.5
134.75
134.75
133.75
133.75
133.25
133.25
133.25
133.25
133.0
133.75
133.75
134.0
134.0
134.25
134.25
134.5
134.5
134.75
134.75
135.0
135.0
135.0
134.75
134.75
134.25
134.25
133.75
133.75
133.75
133.75
133.5
133.5
133.5
134.0
134.0
133.5
133.5
133.5
133.5
134.0
134.25
134.25
134.5
134.5
135.0
135.0
135.0
135.0
135.0
135.75
135.75
135.75
135.75
135.5
135.5
135.0
135.0
135.75
135.75
136.0
136.0
136.0
136.0
136.0
135.75
135.75
135.0
134.0
134.0
134.0
135.75
133.75
133.75
133.25
133.25
132.75
132.75
132.75
133.0
133.0
133.0
133.0
133.25
133.25
133.5
133.5
134.5
134.5
134.5
134.5
134.0
134.0
133.75
133.75
133.0
133.0
133.5
133.75
133.75
133.75
133.75
134.5
134.5
135.0
135.0
135.5
135.5
135.5
135.25
135.25
135.75
135.75
134.75
134.25
134.25
134.5
134.5
134.25
134.25
133.25
133.25
132.75
132.75
131.5
131.5
132.0
132.0
131.5
131.5
131.0
131.0
130.75
132.0
132.0
132.5
132.5
132.0
131.75
131.75
131.5
131.5
131.5
131.5
131.5
131.0
131.0
131.0
130.0
130.0
129.5
129.5
128.5
128.5
128.5
128.5
128.5
128.5
128.5
129.5
129.5
129.5
129.5
129.5
129.5
129.25
129.75
129.75
130.75
130.75
130.5
130.5
130.25
130.25
130.25
130.25
130.75
130.75
130.75
130.25
130.25
128.75
128.75
128.5
128.5
128.0
128.0
127.25
127.25
127.25
127.25
127.25
127.25
127.25
127.25
127.25
126.75
126.75
126.5
126.5
125.75
125.75
125.5
125.5
125.25
125.25
124.75
124.75
125.75
125.75
126.25
126.25
126.75
126.75
126.75
126.75
126.75
126.75
127.0
126.75
126.75
126.75
126.75
125.0
125.0
123.5
123.5
120.25
120.25
120.5
120.5
120.5
120.5
120.25
120.25
120.25
120.5
125.0
125.0
125.0
124.75
124.75
124.75
124.75
124.75
125.0
138.5
138.5
138.5
138.25
138.25
138.25
138.25
138.25
138.25
138.25
138.25
138.25
137.52857142857144
136.80714285714285
136.0857142857143
135.36428571428573
134.64285714285714
133.92142857142858
133.2
132.47857142857143
131.75714285714287
131.03571428571428
130.31428571428572
129.59285714285716
128.87142857142857
128.15
127.42857142857143
126.70714285714286
125.98571428571428
125.26428571428572
124.54285714285714
123.82142857142857
123.1
122.37857142857143
121.65714285714286
120.93571428571428
120.21428571428571
119.49285714285715
118.77142857142857
118.05
117.32857142857142
116.60714285714286
115.88571428571429
115.16428571428571
114.44285714285715
113.72142857142858
113.0
113.0
114.25
114.25
114.75
114.75
115.75
115.75
116.75
116.75
117.75
117.75
119.25
119.25
120.25
120.0
120.0
125.25
125.25
127.0
127.5
127.5
124.25
124.25
112.5
112.5
113.0
113.0
113.0
115.5
115.5
117.25
117.25
115.75
115.75
115.0
115.0
115.0
113.5
113.5
113.75
113.75
113.5
113.5
113.5
113.5
113.25
113.25
113.5
113.25
113.25
113.25
113.5
113.5
109.75
109.75
111.0
111.0
110.5
110.5
111.75
111.75
112.75
112.75
112.5
112.5
112.5
111.25
111.25
112.5
112.5
114.25
114.25
115.5
115.5
116.0
116.0
115.5
115.5
115.25
115.25
115.25
113.75
113.75
114.25
114.25
113.5
113.5
114.0
114.0
114.25
114.25
113.25
113.25
113.0
113.0
113.0
113.5
113.5
113.25
113.25
113.0
113.0
112.0
112.0
112.0
112.0
109.25
109.25
109.25
109.75
109.75
109.0
109.0
109.25
109.25
109.75
109.75
110.75
110.75
111.25
111.25
115.0
115.0
116.5
116.5
119.25
119.25
121.0
121.0
122.0
122.0
122.0
122.0
122.25
122.25
122.25
114.5
114.5
114.5
114.5
114.5
114.5
114.5
114.5
114.5
114.5
114.5
114.5
114.5
114.5
114.5
109.5
109.5
112.25
112.25
110.75
110.75
109.5
109.5
110.25
110.25
111.0
111.0
112.0
112.0
112.0
112.0
112.0
112.25
112.25
114.0
114.0
114.75
114.75
114.0
114.0
113.75
113.75
114.0
114.0
114.0
114.0
113.5
113.5
114.25
114.25
114.5
114.5
114.5
115.75
115.75
114.75
114.75
116.5
116.5
117.0
117.0
117.75
117.75
117.75
117.5
117.5
117.5
118.25
119.25
119.25
120.0
120.0
119.25
119.25
121.5
121.5
121.5
124.75
124.75
125.25
125.75
125.75
125.75
125.75
125.75
125.75
125.0
125.0
123.5
123.5
123.5
123.5
124.25
124.25
124.5
125.0
125.0
125.0
125.25
126.25
126.25
127.75
127.75
129.25
129.25
129.0
129.0
128.5
129.75
129.75
131.25
131.25
131.75
131.75
131.5
131.5
131.5
132.25
132.25
133.5
133.5
134.5
135.25
135.25
135.75
135.75
135.0
135.0
134.75
134.25
134.25
133.25
133.25
132.5
132.5
132.75
132.75
133.25
133.75
133.75
134.5
134.5
134.25
134.25
135.0
135.75
135.75
136.0
136.0
135.75
135.75
136.25
136.25
135.75
134.5
134.5
134.75
134.75
134.75
134.75
134.0
134.25
134.25
134.0
134.0
133.75
133.75
134.25
134.25
134.75
135.5
135.5
135.5
135.5
135.5
135.5
135.5
135.25
135.25
135.25
135.25
133.5
133.5
133.75
133.75
134.25
134.75
134.75
135.5
135.5
136.0
136.0
135.75
136.25
136.25
136.25
136.25
137.0
137.0
137.25
137.25
137.25
137.25
136.75
137.75
137.75
137.75
137.5
137.5
136.75
137.0
137.0
136.25
136.25
136.25
136.25
135.75
135.5
135.5
135.75
135.75
135.25
135.25
135.25
135.25
135.25
135.25
135.25
135.25
135.25
135.25
135.5
135.25
135.25
135.75
135.75
135.75
135.75
135.75
135.75
135.75
135.75
135.75
135.25
135.25
134.25
134.0
134.0
134.25
134.25
134.0
134.0
134.0
134.0
133.5
133.5
133.5
133.5
133.5
133.5
133.5
133.5
132.75
133.0
133.0
132.25
132.25
132.0
132.0
132.0
132.25
132.25
132.0
132.0
131.5
131.5
130.75
130.25
130.25
130.5
130.5
132.0
132.0
131.75
131.75
131.75
131.75
131.75
132.5
132.5
133.0
133.0
133.5
132.75
132.75
132.75
130.5
128.75
128.75
129.0
129.0
129.5
130.75
130.75
131.0
131.0
132.75
132.75
133.5
133.5
134.0
134.0
134.5
135.0
135.0
135.0
135.0
136.0
136.0
135.75
135.75
135.75
135.75
135.75
135.75
135.75
135.75
135.0
135.0
135.0
135.5
135.5
136.5
136.25
136.25
137.0
137.0
138.0
138.0
137.5
137.5
137.5
137.5
137.5
137.0
137.0
136.75
136.0
136.0
136.0
136.0
136.0
136.0
135.75
135.75
136.0
136.0
137.25
137.25
137.25
137.5
138.0
138.0
138.0
138.0
137.5
137.5
137.5
137.5
137.5
137.5
137.5
137.5
137.5
137.5
138.0
138.0
138.5
138.5
137.75
138.25
138.25
138.5
138.5
139.25
139.25
139.5
139.75
139.75
139.75
139.75
139.5
139.5
139.5
138.0
138.0
137.0
137.0
136.25
136.25
135.0
133.5
133.5
133.5
133.5
131.5
131.5
132.0
132.0
129.25
129.25
128.5
128.5
127.25
127.25
126.0
126.0
126.25
126.25
127.25
127.25
125.75
124.75
124.75
124.75
123.0
123.0
122.25
122.25
122.0
122.0
122.25
122.25
121.25
121.25
120.75
121.25
121.25
121.5
121.5
123.0
123.0
124.25
124.25
124.0
124.0
125.0
125.0
126.25
126.25
127.25
127.25
127.25
128.0
128.0
127.25
127.25
127.75
127.75
128.5
128.5
129.0
129.75
129.75
130.25
130.25
131.25
131.25
132.0
132.0
131.5
131.5
133.0
132.0
132.0
129.75
129.75
130.5
130.5
130.25
130.25
131.0
131.0
130.75
130.75
130.75
130.75
131.25
132.5
132.5
133.25
133.25
133.0
133.0
132.75
132.75
132.75
133.0
132.25
132.25
132.25
132.25
133.5
133.5
133.25
134.25
134.25
134.25
134.25
134.0
134.0
134.0
134.0
134.5
134.75
134.75
135.25
135.25
135.5
135.5
135.5
135.5
135.5
135.75
135.75
135.75
135.75
136.75
136.75
136.75
136.75
136.5
136.5
135.75
135.75
136.0
136.5
136.5
136.75
136.75
137.5
137.5
138.25
138.25
138.25
138.25
138.25
138.5
138.5
138.5
138.5
138.5
138.25
138.25
138.5
137.75
137.75
137.0
137.0
137.25
137.25
135.75
135.75
135.5
135.75
135.75
135.75
135.0
135.0
134.25
134.25
134.75
134.25
134.25
133.5
133.5
133.0
133.0
133.25
133.25
134.25
134.25
133.75
133.75
133.75
133.5
133.5
133.25
133.0
133.0
132.0
132.0
130.75
130.75
130.5
130.5
129.75
129.75
129.5
129.5
129.5
131.5
131.75
131.75
132.5
132.5
134.0
134.0
134.25
134.25
133.75
133.75
133.0
133.0
133.25
133.25
131.0
131.0
129.75
129.0
129.0
130.25
130.25
130.25
130.25
128.5
128.5
126.25
126.25
124.0
124.0
121.25
121.25
122.25
122.25
120.25
120.25
120.25
122.25
123.25
123.25
124.25
124.25
125.0
125.0
123.0
123.0
122.0
122.0
122.25
122.25
122.25
122.75
122.75
122.75
122.75
122.5
122.5
122.5
122.75
122.75
122.75
123.0
123.0
122.75
122.75
121.0
121.0
121.75
121.75
122.25
122.25
121.5
121.5
120.25
120.25
117.5
117.5
117.0
117.0
116.75
116.75
118.75
118.75
121.5
121.5
121.5
126.0
127.25
127.25
127.25
127.25
127.25
127.25
126.5
126.5
125.5
125.5
125.0
125.0
125.25
125.25
125.5
126.0
126.0
127.25
127.25
126.25
126.25
126.0
126.0
126.25
126.25
125.75
125.75
125.0
125.0
123.5
123.5
123.5
123.5
124.5
124.5
125.75
128.0
128.0
128.5
128.5
130.25
130.25
130.25
130.25
130.25
130.25
130.25
130.25
131.5
132.25
132.25
132.0
132.0
132.0
132.0
130.75
130.75
131.5
131.5
132.0
132.0
133.0
133.0
132.75
133.0
133.0
133.0
133.25
133.25
133.25
134.5
134.5
135.0
135.0
135.0
135.0
135.75
136.25
136.25
137.25
137.25
137.25
137.25
137.5
137.25
137.25
137.25
137.25
137.0
137.0
137.25
136.5
136.5
136.25
136.25
135.75
135.75
135.0
135.0
134.0
134.0
133.75
133.75
132.75
132.75
132.75
132.75
132.75
133.0
133.0
132.75
132.75
131.5
131.5
130.5
130.5
130.5
131.5
131.5
131.5
131.5
132.0
132.0
132.75
132.75
132.75
133.25
133.25
133.75
134.0
134.0
133.25
133.25
132.75
132.75
132.75
132.75
132.5
132.5
132.0
132.0
132.0
132.0
132.0
133.5
133.5
134.25
135.0
135.0
135.25
135.25
136.25
136.25
136.5
137.0
137.0
136.25
136.25
136.25
136.25
135.25
135.25
135.5
135.0
135.0
135.0
135.0
134.75
134.75
134.25
133.75
133.75
133.5
133.5
132.75
132.75
131.5
131.5
129.75
130.25
130.25
131.0
131.0
130.75
130.75
132.0
132.0
132.25
132.25
132.0
132.0
132.0
132.0
132.0
132.0
132.0
132.25
132.25
132.25
132.25
132.25
132.5
132.5
132.25
132.25
132.5
132.5
132.75
132.75
133.0
133.0
132.75
132.5
132.5
132.75
132.75
132.0
132.0
133.0
134.25
134.25
133.75
133.75
134.5
134.5
135.0
135.0
133.5
133.5
133.5
133.5
134.0
134.0
132.75
132.75
132.75
132.5
132.5
133.25
133.25
134.0
134.25
134.25
135.0
135.0
135.75
135.75
136.5
136.75
136.75
137.5
137.5
138.25
138.25
138.25
138.5
138.5
138.5
138.5
137.75
137.75
137.5
137.5
137.5
137.5
137.5
137.25
137.25
137.5
136.75
136.75
135.75
135.75
136.25
136.25
136.75
136.5
136.5
136.25
136.25
136.25
136.25
136.5
136.5
136.25
135.25
135.25
135.0
135.0
134.5
134.5
134.5
134.5
134.25
134.25
134.25
134.25
134.25
134.75
134.75
135.0
135.5
135.5
136.25
136.25
136.75
136.75
137.25
137.5
137.5
137.5
137.5
137.5
137.5
137.75
138.0
138.0
137.5
137.5
138.75
138.75
136.0
136.25
136.25
136.0
136.0
135.5
135.5
135.0
134.75
134.75
134.5
134.5
134.25
134.25
134.75
134.75
135.0
134.75
134.75
134.75
134.75
134.25
134.25
135.25
135.25
132.0
132.25
132.25
132.5
132.5
132.5
132.5
132.5
132.5
133.0
132.75
132.75
133.25
133.25
133.5
133.5
133.75
133.75
133.75
133.5
133.5
132.75
132.75
133.0
133.0
133.0
133.0
133.25
133.5
133.5
132.75
132.75
132.5
132.5
132.75
132.75
130.75
131.5
131.5
133.25
133.25
133.5
133.5
134.0
134.0
133.5
133.5
130.75
130.75
130.75
131.0
131.0
131.5
131.5
131.0
131.0
131.25
131.5
131.5
132.25
132.25
132.25
131.5
132.5
132.5
132.75
132.75
132.25
131.25
131.25
131.25
130.25
129.25
129.25
127.5
127.5
125.75
125.75
125.0
125.0
124.5
124.5
125.25
125.25
126.25
126.75
126.75
126.75
128.0
128.5
128.5
129.0
129.0
128.5
128.5
128.5
128.5
129.0
129.0
128.25
128.25
128.25
128.0
128.0
128.0
128.0
128.0
128.0
127.75
127.75
128.0
128.0
128.25
126.25
126.25
126.25
127.0
127.0
126.25
128.0
128.0
128.0
128.0
127.75
127.75
129.0
129.0
129.0
130.25
130.25
129.25
129.25
130.25
130.25
130.25
130.25
130.25
130.25
130.5
130.5
129.5
129.5
128.0
126.75
126.75
126.25
126.25
126.25
126.25
126.25
126.75
126.75
127.5
127.5
127.25
127.25
127.25
127.25
127.25
127.25
127.25
127.25
127.25
127.25
127.5
127.5
127.5
129.75
129.75
130.75
130.75
131.25
131.25
132.25
132.75
132.75
133.25
133.25
134.25
134.25
135.0
135.75
135.75
135.75
136.25
136.75
136.75
137.0
137.0
137.0
137.5
137.5
137.5
137.5
137.5
137.25
137.25
137.5
141.25
141.25
142.0
142.0
141.5
141.0
141.0
141.0
141.0
141.0
141.0
140.75
140.75
140.75
141.5
141.5
141.25
141.5
141.5
141.5
141.5
141.5
141.25
141.25
141.25
141.5
141.25
141.25
141.75
141.75
141.0
141.25
141.25
140.75
140.75
141.25
141.25
141.25
141.25
141.5
141.5
141.5
141.5
141.75
141.75
142.0
142.0
142.0
141.75
141.75
141.5
141.5
140.75
140.75
140.75
140.75
140.75
140.75
140.75
140.75
140.75
140.75
140.75
140.75
140.75
140.75
140.75
140.75
140.04166666666666
139.33333333333334
138.625
137.91666666666666
137.20833333333334
136.5
136.5
137.5
137.5
137.5
137.25
137.25
136.5
136.5
136.0
135.25
135.25
133.75
133.75
132.75
132.75
131.25
131.25
130.25
130.25
129.25
129.25
128.0
128.5
128.5
129.75
129.75
130.25
130.25
131.25
131.25
129.0
129.0
129.25
129.25
128.5
128.0
128.0
127.25
127.25
126.25
126.25
126.25
126.25
128.5
128.5
129.0
129.0
129.0
129.5
129.5
129.5
130.5
130.75
130.75
130.75
130.75
130.75
130.75
129.5
129.5
129.0
129.0
129.0
129.25
129.25
129.75
129.75
131.25
131.25
132.0
132.0
132.75
133.75
133.75
135.0
135.0
135.0
135.0
134.75
134.25
134.25
132.75
132.75
132.0
132.0
130.75
130.75
130.0
130.0
130.5
130.75
130.75
131.75
131.75
132.75
132.75
134.25
134.25
134.25
135.0
135.0
135.75
135.75
135.5
135.5
136.0
136.5
136.5
136.25
136.25
135.75
135.75
135.75
136.0
136.0
136.25
136.5
136.5
136.5
136.5
136.75
136.75
136.75
136.75
136.75
135.75
135.75
135.5
135.5
135.0
134.75
134.75
134.75
134.75
134.75
134.75
134.75
134.75
134.75
134.75
135.0
135.0
134.75
134.75
137.5
137.5
136.75
136.75
136.25
136.5
136.5
136.5
136.5
136.5
136.5
136.75
138.0
138.0
137.5
136.75
136.75
136.75
136.75
136.75
136.75
136.75
136.75
136.75
136.75
136.75
136.75
137.0
137.0
136.79166666666666
136.58333333333334
136.375
136.16666666666666
135.95833333333334
135.75
135.75
136.0
136.0
136.0
136.0
135.75
136.0
136.0
135.75
135.75
136.0
136.0
136.5
136.5
136.0
136.0
136.75
136.5
136.5
136.5
135.0
135.0
135.0
135.0
135.0
135.0
135.0
134.75
134.75
134.75
135.0
135.0
134.75
135.0
135.0
135.0
135.5
135.5
136.25
136.75
136.75
136.75
136.75
136.75
136.5
136.5
135.5
135.5
135.5
135.25
135.25
135.25
135.25
135.25
135.25
135.25
135.5
135.5
135.75
135.75
135.75
135.0
135.0
135.0
135.0
135.75
135.75
135.75
135.75
136.25
135.75
135.75
135.75
135.75
135.25
135.25
135.0
135.5
135.5
135.0
135.0
134.75
134.75
134.5
134.5
134.25
135.0
135.0
135.0
135.0
135.0
135.0
135.0
135.5
135.5
135.0
135.0
135.5
134.0
134.0
133.75
133.75
133.0
133.0
133.0
133.0
132.75
132.75
133.25
133.5
133.5
133.25
133.25
133.0
133.0
133.0
133.0
133.0
133.25
133.25
133.5
133.5
133.5
132.0
132.75
132.75
133.5
134.0
134.0
134.25
134.25
135.0
135.75
135.75
136.5
136.5
137.25
137.25
136.5
137.0
137.0
136.75
136.75
136.75
136.75
136.75
136.5
136.5
135.75
135.75
136.75
136.75
135.75
135.75
135.25
135.25
135.25
135.75
135.75
135.5
135.5
136.0
135.75
135.75
135.75
135.75
135.75
135.75
136.0
136.0
136.0
135.5
135.5
135.5
135.5
135.5
135.25
135.25
135.25
135.75
135.75
137.0
137.75
137.75
138.0
138.0
138.25
138.75
138.75
138.75
138.75
138.75
139.5
139.5
139.5
139.25
139.25
139.25
139.0
139.0
139.0
139.0
139.0
139.0
138.75
138.75
139.0
139.0
137.25
137.25
137.25
137.25
137.25
137.25
137.25
137.25
137.5
137.5
137.25
137.25
137.0
137.0
136.75
136.75
136.75
136.75
136.5
136.5
136.5
136.5
136.5
136.5
136.5
136.5
137.0
137.0
136.75
136.75
136.75
136.75
136.0
136.0
136.0
136.0
136.0
136.25
136.5
136.5
136.75
136.75
136.75
136.75
136.75
136.75
136.75
136.75
136.75
136.75
136.75
139.0
139.0
139.0
138.75
138.75
138.5
138.5
138.25
137.75
137.75
137.75
137.75
137.5
137.5
137.25
137.0
137.0
136.75
136.75
136.75
136.75
135.75
135.5
135.5
135.75
135.75
135.5
135.0
135.0
134.5
134.5
133.5
133.5
133.5
133.5
134.0
133.75
133.75
133.75
133.75
134.25
134.5
134.5
134.5
134.5
134.5
134.5
134.25
134.5
134.5
134.5
134.5
134.5
138.25
138.25
138.0
137.5
137.5
137.5
137.5
137.5
137.5
137.5
137.25
137.25
135.0
135.0
135.0
135.0
135.75
135.75
135.75
136.0
136.0
136.25
136.25
136.25
136.25
136.25
136.25
136.25
136.25
136.25
136.25
137.0
137.0
137.0
137.0
137.0
137.0
137.0
137.0
137.0
136.75
136.75
137.04166666666666
137.33333333333334
137.625
137.91666666666666
138.20833333333334
138.5
139.25
139.25
139.5
139.5
139.25
139.5
139.5
139.75
139.75
140.25
140.25
140.0
140.0
140.5
140.0
140.0
140.25
140.0
140.0
140.0
140.0
139.5
139.5
140.75
140.75
140.75
141.25
141.25
141.0
141.75
141.75
142.5
144.0
144.0
144.0
143.75
145.0
145.0
145.25
145.25
145.0
144.5
144.5
144.25
144.25
144.5
144.5
144.25
144.25
144.75
144.75
145.5
145.5
145.25
145.25
146.0
146.5
146.5
146.75
146.75
146.75
146.75
146.75
147.75
147.75
147.75
147.75
147.75
147.75
147.75
147.75
147.75
147.75
147.75
149.25
151.0
151.0
151.0
150.0
151.25
151.25
151.75
151.75
151.25
152.25
152.25
154.25
154.25
154.25
154.25
154.25
154.25
154.25
154.25
154.25
154.5
154.5
154.25
154.25
154.25
154.25
154.25
154.25
154.25
154.5
154.5
154.25
154.25
154.5
154.75
155.0
155.25
155.5
155.75
156.0
156.25
155.25
155.25
155.25
155.25
155.25
155.25
155.5
155.5
155.25
155.5
155.5
151.3
147.1
142.9
138.7
134.5
137.0
137.0
137.5
137.5
138.25
138.25
142.0
145.0
147.0
147.0
150.75
150.75
146.5
146.5
144.75
131.0
131.0
131.0
128.5
128.5
128.0
128.0
128.0
128.0
128.0
128.0
128.0
128.0
127.75
128.0
128.0
128.0
136.5
135.75
135.75
135.25
135.25
135.0
135.0
136.75
138.5
138.5
135.5
140.5
140.5
144.75
145.25
145.25
147.0
150.75
150.75
148.75
143.75
143.75
134.75
134.75
132.0
132.0
130.0
127.25
127.25
127.25
131.0
135.0
135.0
133.25
133.25
132.75
132.75
131.25
131.25
132.0
131.75
131.75
134.25
134.25
136.5
136.5
136.25
137.5
137.5
138.5
138.5
139.75
140.25
140.25
140.75
140.75
142.0
142.0
143.75
144.5
144.5
143.75
143.75
143.75
144.0
144.0
144.25
143.75
143.75
144.75
144.75
145.5
145.0
145.0
146.75
146.75
145.25
145.25
144.5
144.5
144.5
144.5
144.0
139.0
139.0
139.0
138.0
138.0
137.5
139.5
139.5
139.5
139.5
138.0
138.0
136.5
135.0
135.0
132.25
132.25
131.25
131.25
130.25
130.25
130.5
130.5
131.5
133.75
133.75
135.0
135.0
136.5
137.0
137.0
138.5
138.5
139.25
139.25
141.25
141.5
141.5
141.5
141.75
141.75
141.5
141.5
141.5
141.0
140.75
140.75
139.75
139.75
138.5
138.5
138.5
138.5
138.5
138.5
139.0
139.0
138.25
138.25
138.75
136.75
136.75
136.25
136.25
136.75
134.25
134.25
134.25
134.25
134.25
134.25
134.25
134.25
134.25
134.25
134.25
134.5
134.5
134.5
134.5
134.5
133.225
131.95
130.675
129.4
128.125
126.85
125.575
124.3
123.025
121.75
121.75
120.75
120.75
120.75
120.75
120.0
120.0
120.0
120.0
120.0
119.75
119.75
120.0
120.0
111.25
111.25
111.25
111.25
111.25
111.25
111.25
111.75
111.75
111.75
111.75
111.75
111.75
111.25
111.25
111.25
111.25
110.75
110.75
110.75
112.5
112.5
113.5
113.5
113.5
113.75
113.75
113.75
116.75
116.75
117.5
117.5
116.0
116.0
114.75
114.75
115.25
115.25
115.0
115.0
114.25
114.25
114.75
114.75
116.0
116.0
118.5
118.5
120.25
120.25
120.25
120.25
118.75
118.75
120.0
120.0
121.5
121.5
122.25
122.25
121.75
121.75
120.5
120.5
121.5
123.0
123.0
123.0
124.0
124.0
125.75
125.75
127.0
127.25
127.25
127.25
127.25
128.0
128.0
126.75
126.75
127.5
127.5
128.5
128.5
130.0
130.0
130.75
127.75
127.75
128.5
128.625
128.75
128.875
129.0
129.125
129.25
129.375
129.5
129.5
129.5
129.5
129.5
129.5
129.5
129.0
129.0
130.75
130.75
130.75
130.75
130.75
130.75
131.0
131.0
131.0
131.0
131.0
134.5
132.75
132.75
131.25
131.25
130.5
130.5
130.25
131.5
131.5
132.5
132.5
133.25
133.25
134.25
135.0
135.0
133.25
133.25
131.75
131.75
130.5
130.5
130.25
130.25
127.75
127.75
127.25
127.25
127.25
127.25
127.25
127.25
127.25
127.25
127.25
127.25
127.25
127.25
127.25
127.25
127.5
127.5
127.5
127.5
126.53571428571429
125.57142857142857
124.60714285714286
123.64285714285714
122.67857142857143
121.71428571428571
120.75
120.75
120.75
120.75
121.75
121.75
121.75
121.5
121.0
121.0
119.75
119.75
119.75
119.75
119.75
119.75
119.75
120.0
120.0
119.75
119.75
119.75
120.34782608695652
120.94565217391305
121.54347826086956
122.1413043478261
122.73913043478261
123.33695652173913
123.93478260869566
124.53260869565217
125.1304347826087
125.72826086956522
126.32608695652173
126.92391304347827
127.52173913043478
128.1195652173913
128.7173913043478
129.31521739130434
129.91304347826087
130.5108695652174
131.1086956521739
131.70652173913044
132.30434782608697
132.90217391304347
133.5
135.5
135.5
135.5
135.5
135.5
135.5
135.5
135.5
135.5
135.5
135.5
135.25
135.25
135.25
135.73275862068965
136.2155172413793
136.69827586206895
137.18103448275863
137.66379310344828
138.14655172413794
138.6293103448276
139.11206896551724
139.5948275862069
140.07758620689654
140.56034482758622
141.04310344827587
141.52586206896552
142.00862068965517
142.49137931034483
142.97413793103448
143.45689655172413
143.93965517241378
144.42241379310346
144.9051724137931
145.38793103448276
145.8706896551724
146.35344827586206
146.83620689655172
147.31896551724137
147.80172413793105
148.2844827586207
148.76724137931035
149.25
149.25
149.25
150.75
150.75
150.75
158.5
158.5
162.75
162.75
162.75
162.75
162.75
162.75
162.75
162.75
162.75
162.75
163.0
162.75
163.0
160.16666666666666
157.33333333333334
154.5
151.66666666666666
148.83333333333334
146.0
143.16666666666666
140.33333333333334
137.5
134.66666666666666
131.83333333333334
129.0
129.0
129.0
128.75
128.75
128.75
129.0
128.75
128.75
128.75
128.75
128.75
