135.75
135.75
133.75
135.0
135.0
135.0
135.0
135.0
135.0
134.75
134.75
134.75
135.0
135.0
135.0
135.35714285714286
135.71428571428572
136.07142857142858
136.42857142857142
136.78571428571428
137.14285714285714
137.5
137.5
137.75
137.75
137.5
138.5
138.5
138.5
139.5
139.5
139.5
139.5
139.25
139.25
137.5
137.25
137.25
137.25
137.25
137.25
137.5
137.5
137.5
137.5441176470588
137.58823529411765
137.63235294117646
137.6764705882353
137.72058823529412
137.76470588235293
137.80882352941177
137.85294117647058
137.89705882352942
137.94117647058823
137.98529411764707
138.02941176470588
138.0735294117647
138.11764705882354
138.16176470588235
138.2058823529412
138.25
137.75
137.75
138.0
138.0
137.75
137.75
137.75
137.75
137.75
138.0
138.0
138.0
138.0
138.0
138.0
138.0
138.0
138.0
138.0
138.0
138.5
138.75
138.75
139.0
139.0
138.5
138.5
138.75
139.5
139.5
139.0
139.0
139.75
139.5
139.5
139.5
139.5
139.5
139.5
139.25
139.25
139.25
138.5
138.5
139.75
140.5
140.5
140.25
140.25
140.5
140.5
140.25
140.75
140.75
140.5
140.5
140.25
140.75
140.75
140.75
140.75
140.75
140.75
140.5
140.75
140.75
140.75
140.75
140.0
140.25
140.25
140.75
140.75
140.75
140.75
140.75
140.75
140.75
141.0
141.0
140.75
140.75
140.75
140.75
140.75
141.25
141.25
141.0
140.0
140.0
140.25
140.25
140.0
139.5
139.5
140.25
140.25
139.75
139.75
139.5
140.25
140.25
139.75
139.75
139.5
140.5
140.5
140.75
140.75
140.5
140.5
140.5
140.5
140.5
140.25
140.25
141.5
140.25
140.25
141.0
141.0
140.25
140.25
140.25
139.75
139.75
139.75
139.75
140.25
140.5
140.5
141.5
141.5
142.75
141.75
141.75
141.5
141.5
142.0
142.25
142.25
141.25
141.25
142.0
142.0
142.75
142.0
142.0
140.5
140.5
141.0
140.5
140.5
140.75
140.75
140.75
140.75
140.0
140.25
140.25
140.0
140.0
139.75
140.75
140.75
140.75
140.75
140.75
141.25
141.25
141.25
141.25
141.5
141.5
141.5
142.0
142.0
140.75
140.75
141.5
142.0
142.0
142.0
142.0
142.25
143.25
143.25
143.25
143.25
145.0
145.0
145.0
145.0
145.0
145.5
145.5
145.5
146.5
146.5
146.5
145.75
145.75
145.5
145.0
145.0
144.75
144.75
143.25
143.25
142.5
142.5
142.5
141.5
141.5
140.75
140.25
140.25
139.5
139.5
138.5
138.5
138.25
138.5
138.5
138.75
138.75
138.25
138.25
136.75
137.5
137.5
137.0
137.0
137.0
137.0
136.0
136.5
136.5
136.75
136.75
137.5
138.0
138.0
138.0
136.75
136.25
136.25
134.0
134.0
132.25
132.25
130.25
130.25
130.25
130.25
130.25
130.75
130.75
130.25
131.5
131.5
131.25
131.25
132.0
132.0
132.75
132.75
133.0
133.25
133.25
134.5
134.5
135.5
135.5
134.5
134.5
133.5
133.0
133.0
132.75
132.75
132.25
132.25
131.25
131.25
131.25
131.25
131.0
132.0
132.0
132.25
132.25
132.75
132.75
133.25
134.5
134.5
134.25
134.25
135.0
135.0
135.0
135.0
135.25
135.75
135.75
135.0
135.0
136.0
136.0
135.75
136.0
136.0
136.5
136.5
136.75
136.75
136.25
136.25
137.25
137.25
136.25
136.75
136.75
137.5
137.5
137.5
137.25
137.25
137.25
137.25
137.25
137.25
137.5
137.5
137.5
136.75
136.75
136.75
139.0
139.0
138.5
138.75
138.75
139.5
139.5
139.25
140.0
140.0
139.75
139.75
140.0
140.5
140.5
140.75
140.75
140.25
140.25
140.5
139.0
139.0
139.0
139.0
138.5
138.0
138.0
138.0
138.0
138.75
138.75
139.0
138.75
138.75
138.5
138.5
138.75
138.75
138.75
138.75
138.75
138.5
138.5
138.25
138.25
139.0
138.5
138.5
139.0
139.0
138.25
138.25
138.0
138.5
138.5
138.5
138.5
137.5
137.5
138.0
138.5
138.5
138.5
138.5
138.75
138.25
138.25
139.5
139.5
139.5
139.5
139.25
139.5
139.5
140.5
140.5
140.75
140.75
140.75
140.5
140.5
141.5
141.0
141.0
140.75
140.75
142.0
142.0
140.25
140.75
140.75
140.75
140.75
142.0
139.75
139.75
140.75
140.75
140.5
140.5
141.0
139.75
139.75
141.5
141.5
140.5
140.75
140.75
140.75
140.75
140.5
140.75
140.75
141.75
141.75
141.5
141.5
141.0
142.0
142.0
142.0
142.0
142.0
142.0
142.0
142.0
142.75
142.75
142.0
142.0
142.25
142.25
142.25
142.75
142.75
143.0
143.0
143.0
143.0
143.0
143.0
143.0
143.5
143.75
143.75
144.5
144.5
144.0
144.25
144.25
144.5
144.5
144.5
145.0
145.0
144.75
144.75
144.75
143.5
143.5
143.0
143.0
142.75
143.0
143.0
142.25
142.25
142.25
142.25
142.25
140.5
140.5
140.75
140.75
140.75
140.75
140.75
140.75
141.5
141.5
141.5
141.5
142.0
142.0
141.75
142.75
142.75
142.5
142.5
142.5
142.25
142.25
142.0
142.0
142.0
142.25
141.75
141.75
141.0
141.0
139.5
141.5
141.5
137.75
137.75
138.0
138.0
138.25
138.5
138.5
138.25
138.25
138.25
138.25
138.0
137.75
137.75
139.5
139.5
139.5
139.5
139.5
140.5
140.5
140.5
140.5
141.25
141.5
141.5
141.5
141.5
141.0
141.0
141.0
141.25
141.25
141.25
141.25
141.5
142.0
142.0
142.0
142.0
142.0
142.0
142.0
141.75
141.75
141.0
140.75
140.75
140.0
140.0
140.0
140.0
140.25
138.5
138.5
137.5
137.5
137.5
137.5
138.75
138.5
138.5
138.0
138.0
138.75
139.0
139.0
138.5
138.5
138.5
139.25
139.5
139.5
139.0
139.0
138.25
138.25
139.75
139.25
139.25
138.75
138.75
138.5
138.75
138.75
139.0
139.0
138.5
138.5
138.5
137.25
137.25
137.25
137.25
138.75
138.75
138.25
138.25
135.5
134.0
134.0
135.75
136.75
136.75
136.75
136.75
136.75
136.75
136.75
136.75
136.75
136.75
136.75
136.75
136.75
127.8
118.85
109.9
100.95
92.0
92.0
92.0
92.75
92.75
92.5
92.5
92.5
92.5
92.5
92.5
92.25
92.25
92.5
92.5
92.5
92.5
92.25
94.90384615384616
97.5576923076923
100.21153846153847
102.86538461538461
105.51923076923077
108.17307692307692
110.82692307692308
113.48076923076923
116.13461538461539
118.78846153846153
121.4423076923077
124.09615384615384
126.75
126.75
126.25
126.25
126.0
126.0
127.75
127.75
126.75
126.75
126.75
127.0
127.0
129.0
129.0
127.5
127.5
128.25
126.75
126.75
128.5
128.5
129.5
129.5
129.5
129.5
129.75
129.75
131.0
130.25
130.25
130.0
130.0
129.75
129.75
130.25
130.25
130.25
130.25
129.25
129.0
129.0
128.25
128.25
131.0
131.0
131.75
131.75
131.25
132.0
132.0
132.0
132.0
131.5
131.5
131.5
132.0
132.0
132.75
132.75
132.25
132.25
133.0
133.0
131.75
131.75
132.0
131.5
131.5
133.5
133.5
133.5
133.5
133.5
133.5
133.75
134.5
134.5
134.25
134.25
135.0
135.0
135.0
134.75
135.0
135.0
135.25
135.25
135.75
135.75
135.0
135.0
135.5
136.5
136.5
136.0
136.0
136.5
136.5
136.75
138.5
138.5
137.5
137.5
136.0
136.75
136.75
135.75
134.25
134.25
136.0
136.0
136.25
137.0
137.0
137.25
137.25
137.0
137.0
136.75
136.5
136.5
136.75
136.75
136.25
136.25
136.75
135.75
135.75
135.25
135.25
136.75
136.75
135.0
136.0
136.0
137.25
137.25
136.25
136.25
135.0
135.75
135.75
135.75
135.75
136.25
136.25
135.5
135.75
135.75
133.5
133.5
135.25
135.25
135.5
135.5
134.75
134.75
134.75
134.75
134.75
136.25
136.25
135.5
138.75
138.75
138.0
138.0
139.25
139.25
137.5
139.5
139.5
139.5
139.5
139.25
138.5
138.5
138.75
138.75
139.25
139.25
139.75
138.75
138.75
138.75
139.75
139.75
139.25
139.25
140.25
139.5
139.5
140.5
140.5
139.5
138.75
138.75
139.5
139.5
138.75
138.75
138.5
138.5
138.5
139.5
139.0
139.0
139.25
139.25
139.5
139.5
139.25
139.25
139.75
140.0
140.0
140.75
140.75
139.5
139.5
140.75
139.75
139.75
139.5
139.5
139.75
137.5
137.5
140.75
140.75
140.0
140.0
138.5
140.25
140.25
140.5
140.5
141.5
139.0
139.0
139.75
139.75
140.75
139.5
139.5
139.5
139.0
139.0
138.75
138.75
139.5
139.5
138.75
138.75
140.0
139.25
139.25
139.5
139.5
140.75
140.75
141.25
141.0
141.0
140.0
140.0
140.5
138.75
138.75
140.5
140.5
139.75
139.75
139.75
139.75
139.75
139.75
139.75
139.75
139.75
139.75
139.75
140.0
140.0
140.0
138.5
138.5
138.5
138.5
138.5
138.5
138.5
138.5
138.5
138.5
138.5
138.5
138.25
129.0
129.0
128.91666666666666
128.83333333333334
128.75
128.75
128.75
128.75
128.75
128.75
128.75
128.75
128.75
125.27380952380952
121.79761904761905
118.32142857142857
114.8452380952381
111.36904761904762
107.89285714285714
104.41666666666667
100.94047619047619
97.46428571428571
93.98809523809524
90.51190476190476
87.03571428571428
83.55952380952381
80.08333333333333
76.60714285714286
73.13095238095238
69.6547619047619
66.17857142857143
62.70238095238095
59.226190476190474
55.75
55.75
55.75
56.75
56.75
56.75
56.75
58.5
58.5
58.5
58.5
62.25
62.25
62.5
62.5
62.5
62.5
67.5
67.5
67.5
63.5
63.5
63.5
63.5
57.25
57.25
57.25
57.5
57.5
57.5
57.5
59.0
59.0
59.0
59.0
59.0
63.25
63.25
63.25
63.25
64.25
64.25
64.25
64.25
64.5
64.5
64.5
64.5
64.5
64.5
64.25
64.25
74.53571428571429
84.82142857142857
95.10714285714286
105.39285714285714
115.67857142857143
125.96428571428572
136.25
135.5
135.5
136.25
136.25
136.75
134.75
134.75
133.75
133.75
134.75
136.5
136.5
135.0
135.0
135.5
135.0
135.0
135.5
135.5
135.75
135.75
135.75
135.5
135.5
136.0
136.0
136.0
136.0
136.75
136.75
137.0
136.5
136.5
137.0
137.0
135.75
135.25
135.25
136.5
136.5
137.25
137.25
136.75
136.75
137.0
137.0
139.25
139.25
139.25
139.25
139.25
139.25
139.25
139.5
139.5
138.0
138.25
138.25
137.5
137.5
136.25
137.0
137.0
136.25
136.25
136.5
136.5
136.25
136.25
135.75
135.75
135.75
136.25
136.75
136.75
136.25
136.25
136.25
135.75
136.75
136.75
137.25
137.25
137.75
137.75
137.75
137.75
137.5
136.75
136.75
137.75
137.75
137.5
137.5
137.5
136.5
136.5
136.75
136.75
136.5
137.0
137.0
136.75
136.75
137.5
137.5
136.75
136.75
137.0
138.5
138.5
136.75
136.75
137.25
135.0
135.0
136.75
136.75
136.75
137.0
137.0
136.0
136.0
136.25
136.25
135.75
135.75
135.75
136.75
137.25
137.25
137.25
137.0
137.0
137.5
139.0
139.0
138.5
138.5
138.75
138.75
138.5
138.75
138.75
138.75
138.75
138.0
138.0
138.5
138.25
138.25
138.25
138.0
138.0
138.0
138.75
138.75
138.25
138.25
138.5
138.5
137.75
137.75
137.5
138.5
138.5
138.5
137.5
139.5
139.5
138.5
138.5
136.25
136.25
137.5
137.75
137.75
138.25
138.25
138.5
139.75
139.75
140.0
140.0
138.75
138.75
140.5
140.5
140.5
139.0
139.0
139.5
139.5
137.75
139.0
139.0
140.5
140.5
140.0
140.0
137.5
138.5
138.5
138.25
138.25
139.25
139.25
136.75
136.75
136.75
138.5
137.5
137.5
138.0
138.0
138.75
138.75
137.75
137.75
138.5
138.5
138.5
138.75
138.75
139.25
139.5
139.5
139.75
139.75
139.25
139.25
139.5
140.25
140.25
139.5
139.5
139.5
138.5
138.5
137.75
137.75
137.75
137.75
137.5
137.5
135.25
138.25
138.25
137.25
137.25
137.25
137.0
137.0
137.0
137.5
137.5
136.75
136.75
137.5
137.5
137.25
137.25
138.25
138.25
139.0
137.5
137.5
139.25
139.25
139.75
139.75
139.25
139.5
139.5
139.75
139.75
139.5
140.25
140.25
140.5
140.5
140.0
140.0
138.5
138.5
138.75
138.75
138.75
139.5
139.5
138.75
139.75
139.75
140.0
140.0
138.25
139.0
139.0
139.5
139.5
139.25
138.5
138.5
137.75
137.75
136.75
136.75
137.5
137.5
137.75
136.5
136.5
138.75
138.75
138.25
138.25
138.5
138.5
139.5
139.5
138.75
138.5
138.5
137.25
137.25
139.5
139.5
139.5
139.0
139.0
138.25
138.25
137.5
137.5
137.25
136.25
136.25
135.5
135.5
137.25
137.25
136.75
137.5
137.5
135.75
135.75
136.25
136.25
137.5
137.5
136.0
136.5
136.5
136.5
135.75
135.75
135.75
135.75
135.75
135.75
135.75
135.75
136.0
136.0
135.75
136.0
136.0
136.0
136.425
136.85
137.275
137.7
138.125
138.55
138.975
139.4
139.825
140.25
140.25
140.25
140.25
140.25
140.5
140.5
140.25
140.25
140.5
140.5
139.54166666666666
138.58333333333334
137.625
136.66666666666666
135.70833333333334
134.75
134.75
134.75
134.75
134.5
134.0
134.0
134.75
134.75
134.25
134.25
132.0
132.0
132.75
132.75
132.75
132.5
132.5
133.5
133.5
132.75
132.75
131.75
131.75
132.0
130.5
130.5
131.5
131.5
130.75
130.75
132.0
132.0
132.75
132.5
132.5
133.5
133.5
132.25
132.25
132.75
132.75
132.0
132.0
131.75
131.75
133.25
133.5
133.5
133.25
133.25
132.75
132.75
133.5
133.5
132.25
132.25
133.5
133.5
133.75
133.5
133.5
134.25
134.25
134.75
134.75
134.75
135.0
135.0
136.75
137.5
137.5
136.5
136.5
135.75
135.75
135.75
135.75
135.0
135.0
134.5
134.5
133.75
133.75
131.5
132.75
132.75
133.0
133.0
132.75
132.75
131.5
131.5
131.5
131.5
131.5
131.5
131.5
131.5
131.5
135.75
135.75
136.25
136.25
135.25
137.0
137.0
137.0
137.0
136.25
136.75
136.75
136.75
135.5
135.5
136.5
135.75
135.75
136.5
136.5
135.25
135.25
135.75
136.5
136.5
137.0
137.0
136.75
136.75
136.75
137.0
137.0
136.25
136.25
136.25
137.25
137.25
136.75
136.75
136.75
136.75
136.75
137.0
137.0
137.0
137.0
138.75
139.25
139.25
139.25
139.5
140.75
140.75
140.25
140.5
140.5
141.25
139.75
139.75
139.5
140.25
140.25
140.25
140.25
140.25
140.25
140.25
140.5
140.5
140.5
140.5
140.5
140.5
133.57142857142858
126.64285714285714
119.71428571428571
112.78571428571428
105.85714285714286
98.92857142857143
92.0
92.0
92.0
92.0
92.0
91.75
91.75
91.75
92.0
92.0
92.0
92.0
91.93589743589743
91.87179487179488
91.8076923076923
91.74358974358974
91.67948717948718
91.61538461538461
91.55128205128206
91.48717948717949
91.42307692307692
91.35897435897436
91.2948717948718
91.23076923076923
91.16666666666667
91.1025641025641
91.03846153846153
90.97435897435898
90.91025641025641
90.84615384615384
90.78205128205128
90.71794871794872
90.65384615384616
90.58974358974359
90.52564102564102
90.46153846153847
90.3974358974359
90.33333333333333
90.26923076923077
90.2051282051282
90.14102564102564
90.07692307692308
90.01282051282051
89.94871794871796
89.88461538461539
89.82051282051282
89.75641025641026
89.6923076923077
89.62820512820512
89.56410256410257
89.5
89.5
88.25
88.25
87.75
87.75
91.5
91.5
91.5
92.25
92.25
92.25
92.25
92.25
93.25
93.25
89.75
89.75
89.75
88.0
88.0
88.0
88.0
88.0
88.75
88.75
88.75
88.75
88.75
89.0
89.0
89.0
90.25
90.25
90.5
90.5
91.0
91.0
94.75
94.75
94.75
94.75
95.25
95.25
94.5
94.5
94.5
94.5
94.5
94.0
94.0
94.0
93.25
93.25
93.25
92.5
92.5
93.25
93.25
93.25
93.25
93.25
93.25
93.25
93.25
93.25
93.25
93.25
93.25
93.25
93.5
93.5
93.25
93.25
93.25
93.375
93.5
93.625
93.75
93.875
94.0
94.125
94.25
94.375
94.5
94.625
94.75
94.875
95.0
95.125
95.25
95.375
95.5
95.625
95.75
95.875
96.0
96.125
96.25
96.375
96.5
96.5
97.25
97.25
97.25
97.25
97.75
97.75
99.25
99.25
99.25
99.5
99.5
99.5
99.5
100.0
100.0
100.0
100.0
100.5
100.5
100.5
100.5
100.5
100.5
100.5
100.5
100.5
100.5
100.5
100.5
108.05
115.6
123.15
130.7
138.25
138.25
136.25
138.5
138.5
137.5
137.5
137.5
140.25
137.25
137.25
133.25
137.5
137.5
135.25
135.25
139.75
137.0
137.0
134.25
134.25
140.5
140.5
138.0
137.25
137.25
138.0
138.0
137.75
137.75
137.75
137.75
140.75
142.0
142.0
138.25
138.25
138.0
137.75
137.75
139.5
139.5
139.5
139.5
139.75
139.25
139.25
139.5
139.5
139.5
139.5
140.25
140.25
141.25
141.25
142.0
142.5
142.5
142.5
142.5
142.0
141.75
141.75
142.0
141.0
141.0
140.75
140.75
140.75
140.75
139.5
139.5
139.5
139.5
139.5
139.5
139.5
139.25
139.25
143.0
143.0
142.5
143.75
143.75
142.75
142.75
142.75
142.5
142.5
141.0
141.0
142.25
141.25
141.25
142.0
142.0
140.75
140.75
141.0
141.0
142.0
142.0
141.75
141.25
141.25
142.75
142.75
143.5
143.5
143.5
143.5
143.5
143.5
143.5
143.5
143.25
143.25
143.5
143.5
143.5
143.296875
143.09375
142.890625
142.6875
142.484375
142.28125
142.078125
141.875
141.671875
141.46875
141.265625
141.0625
140.859375
140.65625
140.453125
140.25
140.046875
139.84375
139.640625
139.4375
139.234375
139.03125
138.828125
138.625
138.421875
138.21875
138.015625
137.8125
137.609375
137.40625
137.203125
137.0
137.75
137.75
138.0
138.5
138.5
139.5
139.5
139.25
138.75
138.75
139.5
139.5
139.5
139.5
139.5
139.25
139.25
139.25
141.0
140.5
140.5
141.0
141.0
143.25
143.25
142.0
142.0
142.0
141.25
141.25
140.75
140.75
142.0
142.0
141.75
141.75
141.25
141.25
141.25
141.25
144.0
144.25
144.25
144.25
145.75
146.75
146.75
146.75
147.75
147.75
147.75
147.75
147.25
148.25
148.25
148.5
148.75
148.75
150.25
152.5
152.5
164.25
164.25
164.25
164.25
164.25
164.25
164.5
164.5
164.5
164.25
163.25
162.25
161.25
160.25
159.25
158.25
158.25
156.75
156.75
156.75
156.25
156.25
156.25
154.75
154.75
157.75
160.0
160.0
159.5
157.75
157.75
157.75
157.75
157.75
157.75
157.75
157.75
157.75
157.75
157.75
163.5
162.25
162.25
167.75
162.75
162.75
162.25
163.25
163.25
163.5
163.5
164.0
164.0
165.5
165.75
165.75
164.0
166.5
166.5
165.5
165.75
164.75
164.75
166.5
166.25
166.25
166.25
164.75
164.75
164.25
164.25
165.75
166.25
166.25
166.5
166.0
166.0
166.5
166.25
166.25
165.5
164.5
164.5
164.25
163.5
163.5
164.5
163.5
163.5
163.25
162.25
162.25
162.0
161.5
161.5
160.75
160.75
160.75
160.25
160.25
160.25
159.5
159.0
159.0
155.5
155.5
155.0
155.0
153.75
156.0
156.0
153.0
155.0
155.0
155.75
154.0
154.0
153.5
153.5
154.0
154.0
155.75
151.75
151.75
151.75
151.75
146.5
145.0
145.0
144.75
144.75
147.0
145.75
145.75
146.5
146.5
145.0
145.25
145.25
145.0
145.0
145.0
145.25
145.25
146.0
146.5
146.5
146.5
146.5
146.25
146.75
146.75
148.25
147.0
147.0
149.25
149.25
149.5
150.25
150.25
150.0
150.0
149.0
149.75
149.75
152.25
150.5
150.5
150.25
151.25
151.25
151.25
151.25
152.0
152.25
152.25
151.0
152.25
152.25
151.25
151.25
151.0
149.25
149.25
149.5
148.5
148.5
147.75
147.75
147.75
147.5
147.5
147.5
147.5
147.25
147.0
147.0
146.25
146.25
144.5
144.75
144.75
144.25
143.5
143.5
138.5
138.5
140.75
140.75
139.0
139.0
139.0
137.5
137.5
136.25
136.25
130.75
130.75
130.75
130.75
130.75
131.0
131.0
130.75
130.75
134.25
135.25
135.25
135.75
135.75
132.5
132.5
132.5
132.5
132.5
132.5
132.5
132.5
132.5
132.5
132.5
132.5
132.5
118.875
105.25
91.625
78.0
64.375
50.75
50.75
50.75
51.5
51.5
51.5
51.5
51.5
50.75
50.75
50.75
50.75
50.75
50.75
50.75
50.75
50.75
50.75
50.75
50.75
50.75
50.75
51.0
51.0
51.0
59.85
68.7
77.55
86.4
95.25
95.25
95.75
95.75
98.25
98.25
97.0
97.0
97.0
97.0
97.0
96.75
96.75
96.75
96.75
96.75
97.0
97.0
98.29285714285714
99.58571428571429
100.87857142857143
102.17142857142858
103.46428571428571
104.75714285714285
106.05
107.34285714285714
108.63571428571429
109.92857142857143
111.22142857142858
112.51428571428572
113.80714285714286
115.1
116.39285714285714
117.68571428571428
118.97857142857143
120.27142857142857
121.56428571428572
122.85714285714286
124.15
125.44285714285715
126.73571428571428
128.02857142857144
129.32142857142858
130.61428571428573
131.90714285714287
133.2
134.49285714285713
135.78571428571428
137.07857142857142
138.37142857142857
139.6642857142857
140.95714285714286
142.25
143.0
143.0
144.25
144.25
138.75
138.75
138.75
136.5
136.5
137.75
135.0
135.0
135.0
136.25
136.75
136.75
136.75
136.75
137.25
136.75
136.75
137.0
137.0
138.5
138.5
139.0
140.0
140.0
140.0
141.0
141.25
141.25
141.25
141.5
141.5
141.5
141.5
141.5
141.5
141.25
141.25
141.75
141.75
141.5
141.5
141.5
140.25
140.25
140.25
141.0
141.0
141.0
141.0
141.0
141.0
140.5
140.5
140.5
140.5
140.75
142.0
142.0
142.0
142.0
140.5
140.5
141.0
140.75
140.75
140.75
140.75
139.75
139.75
140.75
140.75
140.75
138.75
138.75
138.75
141.5
141.5
143.25
143.25
143.25
143.25
143.25
143.5
143.5
143.25
145.75
145.75
145.0
145.0
145.0
144.25
144.25
144.25
143.75
143.75
143.75
142.75
142.75
143.0
143.0
142.0
143.0
143.0
142.0
142.0
142.75
143.25
143.25
142.75
143.75
143.75
142.5
142.5
144.0
144.0
145.0
144.0
144.0
144.25
144.25
144.5
146.0
146.0
145.75
146.25
146.25
146.75
146.75
143.5
145.75
145.75
147.0
147.0
146.5
147.25
147.25
146.5
147.0
147.0
147.0
147.0
146.75
146.75
146.75
144.75
144.75
145.25
145.5
145.5
145.0
145.0
145.75
143.5
143.5
144.25
144.25
144.75
145.75
145.75
144.5
144.5
145.75
145.75
145.75
145.5
145.5
146.75
146.0
146.0
147.25
147.5
147.5
148.0
148.0
147.75
148.0
148.0
147.5
147.0
147.0
147.75
147.75
148.0
148.25
148.25
149.0
148.75
148.75
147.75
147.75
148.75
148.5
148.5
149.25
149.25
148.0
149.5
149.5
147.75
146.75
146.75
147.75
147.75
147.0
146.25
146.25
145.0
145.0
144.75
145.0
145.0
144.0
144.0
145.0
144.25
144.25
144.25
144.25
144.75
144.75
144.75
144.5
144.5
144.25
145.25
145.25
144.0
144.0
144.5
142.75
142.75
142.25
142.25
144.0
141.0
141.0
140.75
140.75
141.0
142.25
142.25
140.75
140.75
142.25
142.25
142.5
142.0
142.0
142.0
142.0
142.0
141.75
141.75
142.0
142.0
140.5
140.5
142.75
142.5
142.5
141.25
142.0
142.0
140.5
140.5
141.0
141.0
141.25
140.5
140.5
140.5
139.25
138.5
138.5
138.0
138.0
137.75
137.75
138.25
138.75
138.75
140.0
140.0
141.25
141.25
140.5
140.5
141.5
141.5
140.75
140.75
142.5
142.5
142.0
142.0
142.25
142.25
142.0
142.0
142.0
141.5
142.5
142.5
142.25
142.25
143.25
140.75
140.75
142.25
142.25
142.25
142.0
142.0
142.75
143.25
143.25
144.0
144.0
143.25
142.0
142.0
142.5
142.5
142.0
143.0
143.0
142.75
142.75
142.75
139.5
139.5
139.5
139.5
139.5
139.5
139.25
139.25
139.25
139.5
141.5
141.5
141.5
141.5
141.5
141.5
140.5
142.75
142.75
142.75
142.25
142.5
142.5
142.0
142.0
141.0
141.0
141.0
138.0
138.0
138.25
138.25
137.75
137.75
138.25
138.25
137.5
137.5
138.0
140.0
140.0
139.75
140.75
140.75
140.75
140.75
140.75
140.75
140.75
140.75
140.75
140.75
140.75
142.5
142.5
142.0
142.0
142.25
142.25
140.0
138.5
138.5
141.25
141.25
141.25
140.25
140.25
140.75
140.75
142.25
141.5
141.5
142.25
142.25
142.5
142.75
142.75
142.0
142.0
143.25
142.75
142.75
143.0
143.0
142.75
141.75
141.75
140.25
140.25
139.5
139.5
139.0
140.25
140.25
138.5
138.5
139.5
139.75
139.75
140.0
140.0
140.0
140.0
140.0
140.0
140.0
140.0
140.0
143.0
143.0
143.0
143.0
143.0
143.0
143.0
143.0
142.75
142.75
142.75
142.75
141.05769230769232
139.3653846153846
137.67307692307693
135.98076923076923
134.28846153846155
132.59615384615384
130.90384615384616
129.21153846153845
127.51923076923077
125.82692307692308
124.13461538461539
122.4423076923077
120.75
120.75
119.0
119.0
118.75
118.75
118.75
118.75
118.75
118.75
119.0
118.75
118.75
118.75
118.05
117.35
116.65
115.95
115.25
114.55
113.85
113.15
112.45
111.75
111.05
110.35
109.65
108.95
108.25
107.55
106.85
106.15
105.45
104.75
104.05
103.35
102.65
101.95
101.25
100.55
99.85
99.15
98.45
97.75
97.75
97.5
97.5
97.5
97.5
98.0
98.0
98.0
98.0
98.5
98.5
98.5
105.25
105.25
97.75
97.75
101.5
101.5
101.5
101.5
101.75
101.75
101.75
101.75
101.75
101.75
101.75
101.75
101.75
101.75
101.75
101.75
102.0
102.0
102.0
102.0
94.04166666666667
86.08333333333333
78.125
70.16666666666667
62.208333333333336
54.25
54.25
54.25
53.25
53.25
53.25
53.25
53.5
53.5
53.5
53.5
53.5
53.5
53.5
53.5
59.892857142857146
66.28571428571429
72.67857142857143
79.07142857142857
85.46428571428572
91.85714285714286
98.25
98.25
98.25
105.25
105.25
105.25
105.25
105.25
105.25
105.25
105.5
105.5
105.25
105.25
105.25
105.25
105.5
105.5
105.0
104.5
104.0
103.5
103.0
102.5
102.0
102.0
102.25
102.25
102.25
95.75
95.75
99.0
99.0
99.25
99.25
99.5
99.5
99.5
97.75
97.75
97.75
99.25
98.75
98.75
98.75
98.75
97.75
97.75
98.0
98.0
98.0
98.0
98.0
98.0
98.0
98.0
98.0
98.0
104.5
111.0
117.5
124.0
130.5
137.0
135.75
135.75
134.25
134.25
134.25
134.25
134.25
134.25
134.25
134.25
134.25
134.25
134.25
134.25
134.25
134.25
134.25
134.25
116.75
116.75
120.75
120.75
121.75
121.75
121.0
115.75
115.75
115.75
115.75
117.75
117.75
117.75
117.75
117.75
117.75
114.5
114.5
114.5
114.5
114.5
114.5
114.5
114.5
114.5
114.5
114.5
114.5
114.5
114.5
114.5
114.5
111.625
108.75
105.875
103.0
100.125
97.25
97.25
97.25
97.5
97.5
97.5
97.5
97.5
97.25
97.25
97.5
97.5
98.5
99.5
100.5
101.5
102.5
103.5
103.5
105.0
105.0
103.0
103.0
103.0
103.0
103.0
103.0
103.0
103.0
103.0
102.75
102.75
102.75
102.75
102.75
102.35
101.95
101.55
101.15
100.75
100.75
97.5
97.5
97.5
89.25
89.25
89.25
89.25
89.5
89.5
89.5
89.5
89.5
89.5
89.5
89.5
90.5340909090909
91.56818181818181
92.60227272727273
93.63636363636364
94.67045454545455
95.70454545454545
96.73863636363636
97.77272727272728
98.80681818181819
99.8409090909091
100.875
101.9090909090909
102.94318181818181
103.97727272727273
105.01136363636364
106.04545454545455
107.07954545454545
108.11363636363636
109.14772727272728
110.18181818181819
111.2159090909091
112.25
106.25
106.25
108.25
108.25
108.25
105.5
105.5
105.75
105.75
110.25
110.25
105.5
105.5
105.5
108.75
108.75
108.75
108.75
108.75
108.75
108.75
108.75
109.0
108.75
108.75
108.75
109.0
109.0
108.73333333333333
108.46666666666667
108.2
107.93333333333334
107.66666666666667
107.4
107.13333333333334
106.86666666666666
106.6
106.33333333333333
106.06666666666666
105.8
105.53333333333333
105.26666666666667
105.0
105.0
107.25
107.25
108.25
108.25
108.25
107.25
107.25
110.0
110.0
109.25
110.75
110.75
110.75
109.0
109.0
111.0
111.0
111.0
111.0
111.0
109.25
112.0
112.0
112.0
111.5
111.5
116.75
116.75
116.75
110.0
110.0
110.75
110.75
110.75
109.0
109.0
114.0
114.0
108.25
108.25
110.5
110.5
111.75
111.75
109.75
109.75
109.75
108.0
108.0
110.0
110.0
109.0
109.0
104.25
104.25
104.25
104.25
110.0
110.0
110.25
110.25
109.25
109.25
107.5
107.5
108.0
108.0
108.0
102.0
102.0
102.0
99.25
99.25
99.25
107.75
107.75
103.0
103.0
107.25
107.25
108.0
108.0
108.0
106.25
106.25
108.0
108.0
108.0
120.25
120.25
120.25
120.5
120.5
120.25
120.25
120.25
120.25
120.25
125.0
129.75
134.5
139.25
139.25
138.75
138.75
138.75
138.75
139.5
138.5
138.5
138.5
138.5
139.0
139.25
139.25
140.0
140.0
139.75
139.75
141.0
142.0
142.0
142.25
142.0
142.0
142.0
142.0
144.25
144.25
141.0
143.25
143.25
144.25
146.75
146.75
147.75
147.75
148.5
146.5
146.5
146.0
146.0
144.25
144.5
144.5
145.0
145.0
143.5
144.75
144.75
144.0
144.0
144.5
143.75
143.75
144.0
144.0
143.75
144.0
144.0
144.0
144.0
144.0
144.75
144.75
145.0
145.0
144.5
141.5
141.5
145.75
145.75
145.75
147.75
147.75
149.25
145.0
145.0
146.75
146.75
147.0
143.75
143.75
147.5
147.5
149.25
148.25
148.25
149.0
150.0
150.0
150.0
151.25
150.0
150.0
150.0
150.0
148.25
148.25
148.25
148.25
148.25
148.25
148.25
148.5
148.5
148.25
148.25
145.54166666666666
142.83333333333334
140.125
137.41666666666666
134.70833333333334
132.0
133.0
133.0
133.0
134.25
134.25
134.5
134.5
134.75
134.75
135.0
135.0
135.0
135.0
137.25
137.25
137.5
137.25
137.25
138.25
138.25
138.5
138.5
139.0
138.75
138.75
140.0
140.0
141.5
141.5
142.0
142.0
142.0
142.0
139.25
139.25
139.25
139.25
139.25
139.25
139.5
139.5
139.5
135.25
135.25
134.5
134.5
134.75
134.75
134.5
134.0
134.0
134.25
134.25
133.5
133.5
132.75
132.75
131.75
131.75
131.5
131.5
131.5
131.75
131.75
132.25
132.25
133.5
133.5
134.5
135.25
135.25
135.5
135.5
135.0
135.0
138.0
137.25
137.25
137.5
137.5
135.0
135.0
135.25
134.5
134.5
133.25
133.25
133.5
133.5
133.5
133.5
133.75
133.75
133.75
133.75
133.75
134.5
134.5
133.5
133.5
133.5
132.75
132.75
131.5
131.5
132.75
132.75
131.5
131.5
131.75
131.75
131.75
128.75
128.75
129.0
129.0
129.0
129.0
126.75
126.75
126.0
126.0
127.0
127.0
127.75
127.75
128.25
130.25
130.25
133.5
133.5
134.25
134.25
135.0
135.0
136.75
136.75
137.25
137.75
137.75
138.25
138.25
138.0
137.25
137.25
137.0
137.0
138.75
138.75
142.0
142.25
142.25
140.0
140.0
140.25
141.0
141.0
140.5
140.5
143.75
146.5
146.5
145.0
145.0
146.25
145.75
145.75
146.25
146.25
147.25
150.75
150.75
149.75
150.0
150.0
150.0
150.0
150.0
150.0
150.0
149.75
149.75
149.75
153.75
154.25
154.25
154.0
153.75
153.75
153.5
153.5
153.5
153.5
153.5
152.5
150.0
150.0
147.5
147.5
145.75
145.0
145.0
142.75
142.75
135.5
135.5
127.25
127.25
127.5
127.5
129.5
131.25
131.25
130.75
130.75
131.75
131.75
132.75
132.75
133.75
136.25
136.25
135.25
135.25
135.25
139.5
139.5
140.0
140.0
137.5
137.5
137.5
136.0
136.0
134.25
134.25
133.5
133.5
132.5
132.5
132.75
128.5
128.5
128.5
131.5
131.5
131.25
131.25
131.25
131.25
131.25
131.25
131.25
131.25
138.25
138.25
137.5
137.5
138.5
139.5
139.5
140.5
140.5
140.75
142.0
142.0
142.75
142.75
143.25
143.0
143.0
143.75
144.0
144.0
145.0
145.0
143.0
143.0
143.0
143.0
143.0
142.5
141.25
141.25
141.25
141.25
139.5
139.5
139.75
139.25
139.25
138.75
138.75
139.5
139.5
137.75
140.0
140.0
139.0
139.0
139.0
140.0
140.0
139.75
140.25
140.25
140.75
140.75
141.25
141.5
141.5
142.5
142.5
143.0
144.25
144.25
145.0
145.0
144.75
144.5
144.5
143.25
143.25
142.0
142.0
140.0
140.0
137.0
137.0
132.5
133.5
133.5
134.25
134.25
132.75
132.75
133.5
134.25
134.25
136.0
136.0
136.0
136.0
137.75
137.5
137.5
138.5
138.5
140.0
140.0
139.5
140.0
140.0
140.0
141.25
141.25
141.75
141.25
141.25
141.25
140.25
139.5
139.5
139.5
140.5
141.5
141.5
140.5
140.5
140.5
140.5
140.5
140.5
140.25
140.25
140.5
140.5
143.5
145.0
145.0
143.25
143.25
142.25
143.25
143.25
143.25
143.25
142.5
142.0
142.0
140.5
140.5
139.25
139.25
139.0
138.25
138.25
140.25
140.25
140.75
140.25
140.25
140.25
140.25
140.75
140.75
140.5
141.75
141.75
142.0
142.0
142.0
143.75
143.75
143.25
142.75
142.75
142.75
142.75
145.0
140.0
140.0
139.25
138.5
138.5
138.5
138.5
138.5
138.5
138.25
138.25
138.5
138.5
138.5
138.5
138.52777777777777
138.55555555555554
138.58333333333334
138.61111111111111
138.63888888888889
138.66666666666666
138.69444444444446
138.72222222222223
138.75
138.75
136.5
122.25
122.25
115.0
115.0
114.25
114.25
114.5
114.5
116.25
116.25
116.75
116.75
118.75
118.75
120.5
120.5
121.5
123.25
123.25
125.0
125.0
127.25
127.25
126.75
126.75
128.5
128.5
128.75
128.75
129.5
130.5
130.5
131.75
131.75
132.0
132.0
129.5
129.5
129.5
129.0
129.0
130.5
130.5
131.75
131.75
133.5
133.5
133.0
133.25
133.25
133.5
133.5
135.25
135.25
135.25
136.25
137.25
137.25
137.25
137.25
137.25
137.75
138.5
138.5
138.75
138.75
137.5
137.5
136.5
136.5
133.0
132.5
132.5
129.75
129.75
129.0
129.0
129.0
129.0
129.0
130.0
130.0
131.5
131.5
133.75
133.75
132.5
134.0
134.0
134.0
134.0
134.0
134.75
134.75
134.0
133.0
133.0
134.5
134.5
135.25
135.25
135.0
135.0
136.0
136.75
136.75
136.75
138.5
140.5
140.5
140.25
140.25
140.25
140.25
140.25
140.25
140.25
140.25
140.25
139.5
139.5
140.5
141.5
141.5
140.75
140.75
141.5
141.75
141.75
141.5
141.5
142.0
142.5
142.5
142.5
142.5
142.75
143.25
143.25
143.0
143.0
143.0
142.5
142.5
142.25
142.25
142.25
142.0
142.0
140.75
140.75
140.25
140.25
141.25
141.5
141.5
141.0
141.0
141.0
141.5
141.5
140.75
140.75
141.25
141.25
141.0
141.0
139.5
139.5
138.5
138.5
137.5
136.5
136.5
136.25
136.25
136.75
137.5
137.5
138.25
138.25
139.75
139.75
139.25
139.25
139.75
139.5
139.5
140.25
140.75
140.75
141.25
141.25
140.75
140.75
141.75
141.5
141.5
141.25
141.25
140.75
140.0
140.0
140.0
137.5
137.5
136.25
136.25
137.75
136.5
136.5
137.0
137.0
137.0
138.5
138.5
136.75
136.75
138.75
138.75
140.75
140.75
140.5
140.75
140.75
140.75
140.75
141.0
141.0
140.25
140.25
141.0
141.0
138.75
138.75
137.75
138.5
138.5
139.5
139.5
139.0
139.0
139.75
140.0
140.0
139.25
139.25
138.75
140.5
140.5
135.0
135.0
139.25
139.25
138.5
138.5
136.25
136.25
135.5
136.25
136.25
137.5
137.5
137.75
137.75
137.75
139.5
139.5
139.75
139.75
139.25
139.25
140.75
140.75
142.0
141.0
141.0
141.0
141.0
141.0
141.0
141.0
141.0
141.0
143.25
144.25
144.25
143.5
143.5
143.75
144.25
144.25
144.5
144.5
144.75
143.75
143.75
144.75
144.5
144.5
145.0
145.0
145.0
145.0
145.0
144.75
144.75
144.5
144.0
144.0
142.5
142.5
140.75
140.75
139.5
139.5
137.25
138.0
138.0
138.25
138.25
138.5
139.25
139.25
139.25
139.25
140.0
140.0
140.5
140.5
140.75
142.0
142.0
143.25
143.25
143.5
144.75
144.75
145.0
143.25
143.25
144.75
144.75
145.25
145.5
145.5
145.5
145.5
146.25
144.75
144.75
146.5
146.5
147.75
146.5
146.5
147.0
146.75
146.75
148.25
148.25
146.25
145.75
145.75
144.0
144.0
142.0
141.0
141.0
139.5
139.5
139.5
139.5
140.25
140.25
139.5
138.25
138.25
139.0
139.25
139.25
140.25
140.25
140.5
140.5
141.25
141.25
141.0
141.25
141.25
142.25
142.25
142.25
140.25
140.25
140.5
140.5
141.25
140.75
140.75
140.75
140.75
140.75
140.75
140.75
140.75
140.75
141.0
141.0
140.75
140.75
140.75
140.75
141.0
141.0
141.0
140.75
140.75
142.0
142.0
142.0
142.25
142.25
141.25
141.25
141.5
142.0
142.0
142.25
142.25
142.25
142.25
142.25
142.25
142.25
142.5
142.5
142.5
142.5
142.5
142.75
142.75
137.75
137.75
140.5
140.5
139.75
139.75
139.75
139.75
139.5
139.5
139.5
139.5
140.75
140.25
140.25
140.75
140.75
140.75
140.5
140.5
141.75
141.75
142.5
143.0
143.0
143.75
143.75
141.75
142.5
142.5
140.75
140.75
140.75
140.75
140.75
140.75
140.75
140.75
140.75
140.75
140.75
132.75
132.75
132.75
132.75
132.75
132.75
132.75
132.75
132.75
132.75
132.75
145.5
145.5
143.25
143.75
143.75
143.75
143.75
143.75
143.75
144.0
143.75
143.75
143.75
143.75
143.75
144.63888888888889
145.52777777777777
146.41666666666666
147.30555555555554
148.19444444444446
149.08333333333334
149.97222222222223
150.86111111111111
151.75
151.75
154.5
155.75
155.75
155.25
155.0
155.0
156.75
154.25
154.25
157.25
158.75
158.75
157.0
158.5
158.5
159.0
159.0
158.0
158.0
158.0
157.75
158.5
158.5
158.75
157.5
157.5
157.25
157.25
156.75
156.75
158.0
157.0
157.0
156.25
160.0
160.0
157.0
157.0
157.0
157.0
157.0
156.75
156.75
157.0
157.5
157.5
156.5
156.5
156.5
156.5
156.5
156.5
157.25
157.25
156.5
156.0
156.0
154.0
153.5
153.5
152.5
152.5
158.75
158.75
154.25
154.25
153.75
152.0
152.0
150.25
149.75
149.75
148.25
148.25
147.5
147.75
147.75
147.0
147.0
145.75
147.25
147.25
147.0
147.0
147.0
146.25
146.25
146.25
146.5
146.5
146.25
146.25
146.0
146.75
146.75
147.0
147.0
147.0
147.0
147.0
147.0
146.75
146.75
150.0
150.0
150.0
148.75
148.75
148.75
148.75
148.75
148.75
148.75
148.75
148.75
153.0
152.5
152.5
151.75
151.75
150.75
150.5
150.5
150.25
150.75
150.75
150.75
151.25
151.25
152.0
155.5
155.5
154.25
155.75
155.75
154.75
154.75
155.0
155.25
155.25
155.5
155.75
155.75
155.5
155.75
155.75
156.25
157.5
157.5
159.25
159.25
158.0
156.75
156.75
155.75
155.75
156.5
157.25
160.5
160.5
161.0
161.75
161.75
161.5
161.75
161.75
158.75
159.0
159.0
159.25
159.25
158.75
158.75
161.5
161.25
161.25
161.75
163.25
167.0
167.0
164.5
166.0
166.0
162.0
161.25
161.25
161.5
161.75
161.75
161.75
158.75
161.75
160.5
160.5
159.0
160.75
160.75
160.75
160.75
160.75
160.75
161.0
161.0
161.0
163.25
164.75
164.75
164.75
164.75
164.75
164.75
165.0
165.0
165.0
162.25
163.25
163.25
163.75
163.75
163.75
163.75
163.75
163.75
164.0
164.0
161.75
161.75
159.5
160.5
160.5
160.5
159.0
159.0
158.0
156.0
156.0
156.25
156.5
156.5
156.5
156.5
156.5
156.5
156.25
156.25
156.25
153.75
154.0
154.0
154.5
153.5
153.5
153.75
153.75
153.75
152.75
152.75
149.5
149.5
149.0
148.25
148.25
145.5
145.5
145.75
145.75
144.5
142.25
142.25
141.75
141.75
141.75
141.75
141.75
141.75
141.75
141.75
141.75
141.75
142.0
142.0
142.0
142.0
141.75
141.75
134.2
126.65
119.1
111.55
104.0
104.0
104.25
104.25
104.25
104.5
104.5
104.25
104.25
104.25
104.5
104.5
104.25
104.25
102.16071428571429
100.07142857142857
97.98214285714286
95.89285714285714
93.80357142857143
91.71428571428571
89.625
87.53571428571428
85.44642857142857
83.35714285714286
81.26785714285714
79.17857142857143
77.08928571428571
75.0
75.0
75.0
74.5
74.5
74.5
72.75
72.75
72.75
70.25
70.25
70.25
71.0
71.0
71.0
74.0
74.0
74.0
72.5
72.5
72.5
76.0
76.0
76.0
76.0
76.5
76.5
76.5
76.5
73.5
73.5
73.5
72.0
72.0
72.0
72.0
72.0
72.0
72.0
71.75
71.75
71.75
72.0
72.0
76.17105263157895
80.34210526315789
84.51315789473685
88.6842105263158
92.85526315789474
97.02631578947368
101.19736842105263
105.36842105263159
109.53947368421053
113.71052631578948
117.88157894736842
122.05263157894737
126.22368421052632
130.39473684210526
134.56578947368422
138.73684210526318
142.9078947368421
147.07894736842107
151.25
151.25
154.5
156.25
156.25
156.25
156.25
156.25
156.5
156.5
156.25
156.75
156.75
158.25
158.75
157.25
157.25
157.25
155.25
154.75
154.75
153.75
149.5
149.5
145.5
145.5
143.25
143.25
142.0
142.0
140.5
139.5
139.5
138.5
138.5
139.0
139.0
140.75
140.75
142.0
143.25
143.25
142.5
142.5
142.5
143.25
143.25
144.25
145.0
145.0
145.0
145.5
145.5
146.75
147.5
147.5
148.5
149.25
149.25
149.0
149.0
149.75
149.75
149.75
150.75
150.25
150.25
150.0
150.0
150.5
150.75
150.75
150.0
150.75
150.75
150.0
150.75
150.75
147.75
147.75
150.0
148.5
148.5
147.25
147.25
145.75
148.0
148.0
147.5
147.5
146.75
147.0
147.0
146.75
149.0
149.0
148.75
149.0
149.0
148.25
148.25
147.5
147.25
147.25
146.75
146.75
146.75
147.0
147.0
147.0
146.0
146.0
124.75
124.75
124.5
124.5
124.5
124.5
124.5
124.5
124.5
124.25
124.25
124.25
124.25
124.25
124.5
123.15384615384616
121.8076923076923
120.46153846153847
119.11538461538461
117.76923076923077
116.42307692307692
115.07692307692308
113.73076923076923
112.38461538461539
111.03846153846153
109.6923076923077
108.34615384615384
107.0
105.65384615384615
104.3076923076923
102.96153846153845
101.61538461538461
100.26923076923077
98.92307692307692
97.57692307692308
96.23076923076923
94.88461538461539
93.53846153846153
92.1923076923077
90.84615384615384
89.5
89.5
88.75
88.75
89.5
89.5
90.0
90.0
90.25
90.25
89.75
89.75
89.75
89.75
90.0
90.0
89.75
89.75
90.0
90.0
90.0
90.0
90.0
95.525
101.05
106.575
112.1
117.625
123.15
128.675
134.2
139.725
145.25
145.25
143.25
143.25
144.25
144.25
145.0
142.25
142.25
142.75
144.75
144.75
144.75
145.0
145.0
145.0
145.0
145.0
145.0
144.75
145.0
145.0
145.0
145.5
146.75
146.75
146.75
146.75
147.0
147.75
147.75
146.25
146.25
145.75
145.75
145.75
145.75
142.75
142.75
139.5
136.75
133.75
133.75
134.25
134.25
134.25
134.25
134.25
134.25
134.25
134.25
134.5
134.5
134.25
134.25
136.5
137.5
137.5
137.5
138.0
138.0
138.0
138.0
138.0
138.0
138.0
138.0
138.0
138.0
138.0
138.0
138.0
137.75
128.5
119.25
110.0
100.75
91.5
82.25
73.0
63.75
63.75
63.75
65.5
65.5
65.5
66.5
66.5
66.5
66.25
66.25
66.25
66.75
66.75
66.75
66.75
66.75
66.5
66.5
66.5
66.25
66.25
66.25
66.25
66.25
66.5
66.5
66.5
66.25
66.25
67.13888888888889
68.02777777777777
68.91666666666667
69.80555555555556
70.69444444444444
71.58333333333333
72.47222222222223
73.36111111111111
74.25
75.13888888888889
76.02777777777777
76.91666666666667
77.80555555555556
78.69444444444444
79.58333333333333
80.47222222222223
81.36111111111111
82.25
83.13888888888889
84.02777777777777
84.91666666666667
85.80555555555556
86.69444444444444
87.58333333333333
88.47222222222221
89.36111111111111
90.25
91.13888888888889
92.02777777777777
92.91666666666667
93.80555555555556
94.69444444444444
95.58333333333333
96.47222222222221
97.36111111111111
98.25
98.25
99.25
99.25
99.25
99.0
99.0
96.75
96.75
96.5
96.5
96.5
97.25
97.25
98.25
98.25
98.75
98.75
98.75
98.75
98.75
98.75
98.75
98.75
98.75
99.0
99.0
99.0
98.65
98.3
97.95
97.6
97.25
97.25
96.5
96.5
93.25
93.25
93.25
90.5
90.5
91.75
91.75
91.75
91.75
91.75
91.75
91.75
91.75
91.75
92.0
92.0
92.0
95.03571428571429
98.07142857142857
101.10714285714286
104.14285714285714
107.17857142857143
110.21428571428571
113.25
116.28571428571428
119.32142857142857
122.35714285714286
125.39285714285714
128.42857142857142
131.46428571428572
134.5
134.5
136.5
136.75
136.75
136.75
136.75
136.75
136.75
136.75
137.0
137.0
137.0
137.0
136.75
137.5
138.25
139.0
139.75
140.5
141.25
142.0
141.75
141.75
142.0
141.0
141.0
141.0
141.0
141.25
141.25
139.25
139.5
139.5
139.5
137.75
137.75
138.0
138.0
138.0
138.0
138.0
138.25
138.25
138.5
138.5
138.5
138.5
138.5
138.5
138.5
138.25
138.25
138.25
138.25
131.46428571428572
124.67857142857143
117.89285714285714
111.10714285714286
104.32142857142857
97.53571428571429
90.75
90.75
91.5
91.5
91.5
91.5
91.5
93.5
93.5
92.25
92.25
93.5
93.5
92.75
92.75
92.75
93.0
93.0
91.25
91.25
91.25
88.25
88.25
88.25
89.5
89.5
88.25
88.25
86.25
86.25
86.25
89.0
89.0
89.75
89.75
90.0
90.0
90.0
92.0
92.0
90.5
90.5
91.5
91.5
92.0
92.0
92.0
91.5
91.5
91.5
91.0
91.0
91.0
88.75
88.75
88.0
88.0
89.5
89.5
90.25
90.25
90.25
90.75
90.75
91.75
91.75
91.75
91.25
91.25
91.25
91.25
88.75
88.75
88.75
88.75
88.75
88.75
89.0
89.0
89.0
88.75
88.75
88.75
96.45833333333333
104.16666666666667
111.875
119.58333333333333
127.29166666666667
135.0
135.0
135.25
135.25
137.5
137.5
138.25
138.5
138.5
138.5
138.75
140.5
140.5
140.5
140.5
142.0
143.25
143.25
143.5
143.5
142.5
142.5
144.5
145.25
145.25
145.25
147.0
146.75
146.75
147.0
147.0
147.0
147.0
147.0
147.25
148.0
148.0
147.0
147.0
147.5
147.0
147.0
147.75
147.75
148.5
147.0
147.0
146.5
146.25
146.25
145.75
145.75
145.25
145.0
145.0
145.0
145.0
144.0
144.0
144.0
144.0
143.5
144.25
144.25
143.25
143.25
143.25
143.5
143.5
143.75
143.75
143.5
141.25
141.25
141.25
142.0
142.0
142.0
142.0
141.25
141.25
144.75
144.0
144.0
145.0
145.0
145.75
144.75
144.75
144.75
145.5
145.5
145.0
145.0
145.0
145.0
145.0
144.75
144.75
144.75
152.0
149.5
149.5
146.5
146.5
146.5
146.5
146.5
146.5
146.25
146.25
146.25
144.5
144.5
144.75
145.0
145.0
145.25
145.25
144.75
144.75
144.75
150.0
149.5
149.5
148.5
148.5
147.75
148.25
148.25
148.75
148.75
147.0
148.0
147.0
147.0
147.0
147.0
147.0
147.0
146.75
146.75
147.0
147.0
147.0
133.25
133.25
133.25
133.25
133.75
133.75
133.75
133.75
133.75
133.75
133.75
133.75
133.75
134.0
134.0
134.0
133.75
133.75
132.54166666666666
131.33333333333334
130.125
128.91666666666666
127.70833333333333
126.5
126.5
131.25
131.25
132.0
132.0
135.0
136.0
136.0
135.75
135.75
136.75
136.75
137.25
137.0
137.0
134.75
134.75
133.75
133.75
131.75
131.75
129.0
129.0
126.25
126.25
123.0
123.0
119.5
119.5
121.5
121.5
131.25
135.0
135.0
135.75
135.75
138.75
138.75
138.75
139.5
139.5
138.5
138.5
138.5
139.75
139.75
140.75
140.25
140.25
141.0
141.0
143.25
143.25
143.25
143.25
143.25
143.25
143.25
143.25
143.25
143.25
143.25
143.25
143.25
143.25
143.5
137.5
131.5
125.5
119.5
113.5
107.5
101.5
95.5
95.5
94.25
94.25
94.25
92.0
92.0
90.75
90.75
90.5
90.5
90.5
90.25
90.25
90.5
90.5
90.25
90.25
90.5
90.5
90.5
90.5
101.3125
112.125
122.9375
133.75
133.75
133.5
133.5
133.5
133.5
134.25
134.25
134.25
134.75
134.75
134.75
135.0
135.0
135.5
134.75
134.75
134.75
134.75
136.75
136.75
136.75
136.75
136.75
137.25
138.5
138.5
140.0
140.0
140.75
140.75
139.75
139.75
139.75
142.5
142.5
141.25
141.25
141.0
140.75
140.75
140.5
142.5
142.5
140.75
140.75
140.75
140.75
141.0
141.0
141.0
140.5
140.5
139.5
139.5
139.5
139.5
139.5
139.25
139.0
139.0
139.0
139.0
139.25
139.25
139.0
142.0
142.0
140.0
140.0
141.5
141.5
141.5
142.75
142.75
143.25
143.25
145.0
145.5
145.5
145.75
146.25
146.25
147.25
147.25
147.0
147.75
147.75
149.0
149.0
147.5
147.0
147.0
148.25
147.0
147.0
147.0
147.0
146.0
145.75
145.75
138.75
138.75
153.25
153.25
142.75
142.75
146.5
146.5
142.75
154.5
154.5
154.5
154.5
154.5
154.5
154.25
154.25
154.5
154.5
152.5
150.5
148.5
146.5
144.5
144.5
144.5
144.5
145.5
145.5
145.25
145.0
145.0
146.0
146.0
147.5
147.5
150.0
150.0
150.75
150.75
150.75
150.75
150.75
150.75
150.75
151.0
151.0
150.75
150.75
150.75
149.775
148.8
147.825
146.85
145.875
144.9
143.925
142.95
141.975
141.0
141.0
140.75
140.75
140.75
141.25
141.25
141.75
141.75
142.0
142.5
142.5
142.75
142.75
142.0
143.0
143.0
143.5
143.5
144.5
144.75
144.75
145.75
145.0
145.0
144.75
144.75
144.25
144.25
145.0
145.0
145.0
145.5
145.0
145.0
145.0
145.0
144.0
144.0
143.0
142.75
142.75
142.0
142.0
141.5
141.0
141.0
141.5
141.5
142.75
142.0
142.0
142.25
142.25
142.75
142.25
142.25
143.75
143.75
143.75
144.0
144.0
143.25
143.25
144.5
144.75
144.75
144.75
144.75
143.25
146.0
146.0
145.0
145.0
146.0
145.75
145.75
145.25
145.25
145.0
144.0
144.0
144.0
143.25
143.5
143.5
144.0
144.0
144.0
143.75
143.75
144.0
144.0
143.25
143.25
143.25
142.5
142.5
140.0
139.0
139.0
137.25
137.25
137.5
137.5
136.75
135.25
135.25
135.75
135.75
135.75
135.75
136.25
136.25
136.25
135.5
135.5
136.5
136.5
138.0
138.0
138.5
138.75
138.75
139.0
139.0
139.5
139.75
139.75
139.25
139.25
139.5
139.5
139.75
140.25
140.25
141.0
141.0
140.25
141.0
141.0
141.0
141.0
138.5
136.25
136.25
135.0
135.0
134.75
134.75
134.25
134.25
135.0
135.75
135.75
135.5
135.5
136.0
136.0
135.75
136.75
136.75
137.5
137.5
139.5
139.5
140.25
140.75
140.75
142.25
142.25
142.5
142.5
142.5
142.25
142.25
142.25
142.5
142.5
142.5
142.5
142.5
142.15
141.8
141.45
141.1
140.75
140.75
140.75
140.75
140.75
140.75
140.75
140.75
140.25
140.25
139.5
139.5
137.5
137.5
137.75
134.75
134.75
135.75
135.75
122.25
122.25
121.5
121.5
120.25
120.25
120.25
120.5
120.5
120.5
120.5
120.5
120.5
120.5
120.5
120.5
123.58333333333333
126.66666666666667
129.75
132.83333333333334
135.91666666666666
139.0
142.08333333333334
145.16666666666666
148.25
148.25
147.75
147.75
147.5
147.0
147.0
147.25
147.25
145.0
147.0
147.0
147.0
147.0
147.0
147.0
146.75
147.0
147.0
147.0
148.25
149.5
150.75
152.0
153.25
154.5
155.75
148.25
148.25
148.25
154.0
154.0
156.0
154.75
154.75
153.25
154.0
154.0
156.0
155.25
155.25
154.75
154.75
155.75
155.5
155.5
156.75
156.0
156.0
156.0
156.0
156.0
156.0
155.75
155.75
155.75
156.0
156.0
156.0
155.85714285714286
155.71428571428572
155.57142857142858
155.42857142857142
155.28571428571428
155.14285714285714
155.0
154.85714285714286
154.71428571428572
154.57142857142858
154.42857142857142
154.28571428571428
154.14285714285714
154.0
153.85714285714286
153.71428571428572
153.57142857142858
153.42857142857142
153.28571428571428
153.14285714285714
153.0
153.0
153.0
154.25
154.25
153.0
153.0
150.75
152.75
152.75
151.25
149.75
149.75
148.25
148.25
149.25
148.25
148.25
147.5
147.0
147.0
146.5
146.5
147.0
147.0
148.5
149.75
149.75
147.75
151.25
151.25
151.75
152.75
152.75
150.25
150.0
150.0
151.25
151.25
151.25
151.25
151.25
151.25
151.25
151.5
158.25
158.25
155.0
154.25
154.25
154.75
153.75
153.75
153.0
152.25
152.25
152.5
152.5
152.25
152.5
152.5
150.5
150.5
150.5
150.5
150.25
150.25
150.25
150.25
150.25
150.25
150.25
150.25
150.20833333333334
150.16666666666666
150.125
150.08333333333334
150.04166666666666
150.0
150.0
149.75
149.75
149.75
149.0
140.75
140.75
134.75
134.75
133.5
133.5
133.5
133.5
133.5
133.5
133.5
133.5
133.5
133.5
133.5
133.25
133.25
133.5
133.5
141.0
141.75
141.75
142.0
142.0
142.75
142.75
142.25
142.25
141.25
141.25
145.5
145.5
143.0
143.0
144.75
144.5
144.5
144.5
144.5
143.5
143.5
143.75
143.75
142.75
142.75
144.5
144.5
144.5
145.0
145.0
142.75
142.75
143.0
143.5
143.5
142.75
142.75
144.25
144.25
143.25
145.0
145.0
143.5
143.5
124.5
124.5
124.5
148.25
147.0
147.0
147.0
147.0
146.75
146.0
146.0
147.25
147.25
143.75
143.0
143.0
143.0
143.0
142.75
141.75
141.75
140.5
140.5
140.25
140.25
140.0
139.25
139.25
140.0
140.0
140.75
140.75
141.75
141.75
141.75
142.75
142.75
143.25
143.25
142.75
143.25
143.25
142.0
142.0
142.0
142.0
141.25
141.0
141.0
140.25
140.25
140.25
140.75
140.75
141.25
141.25
139.75
139.75
139.75
140.75
140.75
139.5
139.5
139.0
139.0
139.0
139.0
139.0
139.5
139.5
139.75
139.25
139.25
139.5
139.5
138.75
138.75
138.75
137.75
137.75
137.75
137.75
137.75
137.75
137.75
137.75
137.75
138.0
138.0
138.0
137.75
140.5
140.5
139.5
139.5
139.5
140.0
140.0
140.75
139.5
139.5
138.75
138.75
142.0
142.0
141.75
141.75
141.75
141.75
142.0
142.0
142.0
142.0
142.0
141.75
141.54166666666666
141.33333333333334
141.125
140.91666666666666
140.70833333333334
140.5
140.5
140.75
140.75
140.75
140.75
141.0
141.0
141.0
141.0
141.0
141.0
141.0
140.75
140.75
140.75
140.75
140.75
140.75
140.75
140.75
140.75
141.125
141.5
141.875
142.25
142.625
143.0
143.375
143.75
144.125
144.5
144.875
145.25
145.625
146.0
146.375
146.75
147.125
147.5
147.875
148.25
148.625
149.0
149.375
149.75
150.125
150.5
150.875
151.25
151.625
152.0
152.0
150.75
152.0
152.0
153.0
153.5
153.5
152.75
152.75
151.75
150.5
150.5
149.5
149.5
147.75
146.0
146.0
143.25
142.75
142.75
142.0
142.0
142.5
142.0
142.0
141.75
141.75
141.0
141.0
141.25
141.0
141.0
140.0
140.0
140.75
140.25
140.25
140.25
140.25
141.25
141.5
141.5
142.5
142.5
142.75
143.5
143.5
143.25
143.25
143.25
143.25
143.25
143.5
143.5
143.5
143.5
143.5
143.5
143.5
143.5
143.5
143.5
143.5
143.5
143.5
143.25
143.25
139.0
139.0
138.25
138.25
135.0
138.75
138.75
136.75
136.5
136.5
137.5
137.5
137.75
137.75
137.75
138.0
138.0
137.75
137.75
138.0
138.0
137.75
137.75
137.75
135.265625
132.78125
130.296875
127.8125
125.328125
122.84375
120.359375
117.875
115.390625
112.90625
110.421875
107.9375
105.453125
102.96875
100.484375
98.0
98.0
96.0
96.0
98.75
98.75
100.0
100.0
100.0
100.5
100.5
100.5
100.25
100.25
100.25
100.25
100.5
100.5
100.25
