146.5
146.5
146.5
146.5
146.5
146.5
146.5
140.5
139.75
139.75
139.25
139.25
139.25
139.25
139.25
139.25
139.25
139.25
156.0
156.0
140.0
140.0
140.0
137.5
137.5
138.5
139.25
139.25
140.25
140.25
141.25
141.25
142.0
142.5
142.5
142.5
142.5
140.25
140.25
140.25
138.25
137.5
137.5
136.25
136.25
133.0
133.0
131.25
131.25
131.25
130.5
130.5
130.5
130.5
130.5
130.5
130.5
130.5
130.5
119.91666666666667
109.33333333333333
98.75
98.75
98.75
98.75
98.75
98.75
98.75
100.5
100.5
106.0
106.0
106.0
108.5
108.5
110.0
110.0
110.0
110.25
110.25
110.25
110.25
110.25
110.25
110.25
110.25
109.25
108.25
107.25
107.25
107.25
107.25
107.25
108.25
108.25
112.25
112.25
114.75
114.75
115.0
115.0
115.25
115.25
114.25
114.25
114.25
113.25
113.25
113.5
113.5
115.0
115.0
113.5
113.5
113.5
113.5
119.25
119.25
119.25
119.25
119.25
119.25
119.25
118.25
118.25
118.75
118.75
120.5
120.5
122.5
123.75
123.75
123.75
123.75
123.75
123.75
123.75
123.75
126.25
128.75
128.75
128.75
128.75
132.25
132.25
132.25
132.25
131.75
131.75
131.75
130.75
130.75
129.75
129.75
129.5
129.5
130.25
130.25
130.75
131.5
131.5
131.5
130.0
130.0
127.5
127.5
126.0
126.0
127.0
127.0
127.0
129.5
129.5
129.5
129.5
129.0
129.0
128.5
128.5
128.5
130.5
130.5
130.5
130.5
129.0
129.0
129.0
129.0
129.0
129.0
129.0
129.25
129.25
129.25
129.25
129.75
130.0
130.0
130.0
129.5
130.5
130.5
130.0
130.0
128.5
128.5
128.0
128.0
128.25
128.25
128.0
128.0
128.0
128.25
128.25
128.75
128.75
130.75
130.75
130.75
130.75
130.75
130.75
129.75
129.75
128.5
128.5
127.5
126.75
126.75
127.25
127.25
128.0
128.0
127.25
127.25
127.5
127.5
127.75
127.75
127.75
128.5
128.5
128.0
128.0
128.0
128.0
125.75
125.75
126.0
126.0
124.5
124.5
124.5
124.5
124.75
124.75
124.75
124.75
126.5
126.5
128.25
128.25
129.25
129.25
128.75
128.75
128.0
128.0
127.5
128.25
128.25
128.75
128.75
129.0
129.0
128.75
128.75
129.0
129.0
128.75
128.75
128.0
127.25
127.25
126.75
126.75
127.0
127.0
127.75
127.75
128.0
128.0
128.0
128.0
128.75
128.75
129.5
129.5
128.75
128.75
129.75
130.75
130.75
131.25
131.25
131.25
131.5
131.5
130.75
130.75
130.25
130.25
130.25
130.25
128.5
128.5
127.75
127.75
128.0
129.25
129.25
128.75
128.75
128.25
128.25
128.5
128.5
129.0
129.0
130.25
130.25
132.0
132.0
132.75
133.0
133.0
131.75
131.75
131.0
131.0
132.0
132.0
132.75
132.75
133.25
133.5
133.5
134.0
134.0
134.0
134.0
133.5
133.5
133.5
133.5
133.5
135.25
135.25
135.0
135.0
133.75
133.75
133.0
133.0
131.5
131.5
131.5
131.5
131.5
131.5
131.5
131.5
131.5
131.25
131.25
132.75
132.75
134.0
134.0
135.0
135.0
135.0
135.25
135.25
134.5
134.5
134.0
134.0
134.75
135.0
135.0
134.75
134.75
134.25
134.25
133.25
133.25
133.25
136.5
136.5
136.5
133.25
133.25
133.25
133.25
133.25
135.25
136.25
136.25
136.25
136.25
135.5
135.5
134.5
134.5
133.75
133.0
133.0
132.25
132.25
131.75
131.75
132.25
132.25
133.25
134.0
134.0
134.0
134.0
134.75
134.75
135.0
135.0
134.75
134.75
134.75
134.75
134.75
134.0
134.0
132.75
132.75
132.75
132.75
133.25
133.25
133.5
132.75
132.75
132.25
132.25
131.5
131.5
131.0
131.0
131.25
132.25
132.25
132.5
132.5
132.5
132.5
131.75
131.75
131.75
132.25
132.25
132.25
132.0
132.0
130.0
130.0
127.0
127.0
126.25
126.25
127.5
127.5
130.5
130.5
130.5
130.5
129.5
129.5
129.0
129.0
129.0
128.5
128.5
128.5
128.5
128.5
128.5
127.25
127.25
127.5
127.5
127.5
126.75
126.75
127.25
127.25
128.25
128.25
130.25
130.25
131.5
131.5
132.0
130.5
130.5
129.75
129.75
129.5
129.5
130.0
130.0
130.5
130.5
130.75
130.5
130.5
130.5
130.5
130.25
130.25
130.75
130.75
131.25
131.25
130.75
130.5
130.5
130.5
130.5
130.5
130.5
129.5
129.5
128.25
128.25
127.0
126.25
126.25
126.75
126.75
128.0
128.0
128.75
128.75
129.0
129.0
129.0
129.0
129.25
129.25
129.25
130.0
130.0
130.25
130.25
130.75
130.75
131.75
131.75
131.75
133.0
133.0
132.75
132.75
132.0
132.0
132.0
132.0
132.25
132.5
132.5
133.25
133.25
133.5
133.5
133.5
134.25
134.25
134.0
134.0
133.75
133.75
133.75
134.5
134.5
134.5
133.25
132.75
132.75
133.0
133.0
133.25
133.25
133.25
135.0
135.0
135.0
135.25
135.25
135.25
135.75
135.75
135.5
135.5
135.5
134.5
134.5
134.5
134.5
134.75
134.75
135.25
135.25
135.25
135.25
135.25
134.5
134.5
134.25
134.25
134.0
134.0
134.0
134.5
134.5
135.25
135.25
136.0
136.25
136.25
136.25
136.25
136.25
136.25
135.75
135.75
136.0
136.0
136.0
135.25
135.25
135.0
135.0
135.0
134.75
134.75
134.0
134.0
133.25
133.25
132.0
132.25
132.25
133.0
133.0
133.75
133.75
134.75
135.25
135.25
135.25
135.25
134.25
134.25
133.75
133.75
133.75
134.0
134.0
134.25
134.25
133.75
133.75
133.5
133.5
132.75
133.25
133.25
133.25
133.25
135.0
135.25
135.25
135.5
135.5
135.75
135.75
135.25
135.25
135.25
135.25
135.25
134.5
134.5
133.75
133.75
135.0
135.0
135.5
135.5
135.5
137.25
137.25
135.25
135.25
133.75
133.75
131.75
130.75
130.75
130.75
130.75
130.75
130.75
132.5
132.5
133.75
134.25
134.25
134.75
134.75
135.25
135.25
135.25
135.5
135.5
135.5
135.5
135.75
135.75
136.25
136.25
136.75
137.25
137.25
137.5
137.5
137.5
137.5
137.5
137.5
137.5
137.5
137.5
137.5
137.5
138.5
138.5
139.0
138.5
138.5
138.5
137.5
137.5
137.75
137.75
137.0
137.0
137.0
137.25
137.25
137.5
137.5
137.5
137.5
137.5
137.5
137.5
137.0
137.0
137.25
137.75
137.75
137.75
137.75
137.75
137.75
138.0
137.75
137.75
137.25
137.25
137.25
137.25
137.25
137.25
136.5
136.75
136.75
137.0
137.0
137.0
137.25
137.25
137.75
137.75
137.75
137.75
137.75
137.75
137.75
137.75
138.75
138.75
138.75
138.25
138.25
138.5
138.5
138.5
138.5
138.5
138.0
138.0
137.0
137.0
137.0
137.25
137.25
137.25
137.25
137.0
137.0
137.25
136.75
136.75
136.75
136.75
136.75
136.75
136.75
137.5
137.5
137.5
137.5
137.75
138.5
138.5
138.5
138.25
138.25
138.25
138.25
138.25
138.25
138.5
138.5
138.5
139.0
139.0
138.0
138.0
138.5
138.5
138.75
139.0
139.0
139.25
139.25
139.75
139.75
138.25
138.25
138.0
138.0
138.0
138.0
138.0
138.25
138.25
138.75
138.25
138.25
137.75
137.75
137.25
137.25
138.5
138.75
138.75
139.0
139.0
137.0
137.0
137.0
138.0
138.0
137.5
137.5
137.5
137.5
137.75
137.75
137.75
137.75
137.75
136.75
136.75
136.0
136.0
136.0
136.75
136.75
137.0
137.5
137.5
138.25
138.25
138.25
138.5
138.5
138.5
138.0
138.0
137.25
137.25
136.25
136.25
136.25
136.25
136.25
136.25
136.25
136.25
136.25
136.75
137.0
137.0
137.25
137.25
137.25
137.25
137.25
137.25
137.25
137.75
137.75
138.25
138.25
138.5
138.5
138.5
138.25
138.25
138.25
138.25
138.5
138.5
138.5
138.0
138.0
136.75
136.75
136.5
136.5
135.5
135.5
135.75
135.75
136.0
136.25
136.25
136.5
136.5
136.25
136.25
137.25
137.75
137.75
137.75
137.75
138.0
137.75
137.75
136.75
136.75
136.5
136.5
136.0
136.0
135.5
136.0
136.0
136.5
136.5
136.5
136.5
136.5
137.0
137.0
136.75
136.75
136.75
137.5
137.5
136.75
136.75
136.0
136.0
136.0
136.0
136.0
136.75
136.75
135.75
136.0
136.0
134.5
134.5
134.25
134.25
135.25
135.25
135.25
134.25
134.25
133.75
133.75
134.5
134.5
134.75
135.0
135.0
135.0
135.0
135.25
135.25
134.0
133.5
133.5
132.75
132.75
132.5
132.5
131.25
131.25
131.25
131.25
130.75
130.75
130.75
130.5
130.5
130.5
130.5
130.75
130.75
130.0
130.0
129.5
129.5
127.25
126.25
126.25
126.5
126.5
126.5
126.5
126.5
126.5
127.5
127.5
127.75
128.0
128.0
128.0
128.0
128.25
128.25
129.5
129.5
130.25
130.25
129.5
129.75
129.75
130.25
130.25
130.25
130.25
130.75
130.75
131.25
131.25
131.0
130.75
130.75
129.75
129.75
129.5
129.5
129.75
129.75
129.5
129.5
129.75
129.75
130.25
131.0
131.0
131.25
131.25
131.25
131.25
131.25
131.25
131.25
131.25
131.75
131.75
131.75
131.75
131.75
131.0
131.0
131.25
131.25
131.75
131.75
132.25
132.25
134.0
134.0
134.0
134.75
134.75
133.75
133.75
133.75
133.75
133.75
133.75
133.75
131.75
131.25
131.25
130.75
130.75
131.25
131.25
131.25
132.25
132.25
132.25
134.75
134.75
135.0
135.0
135.0
136.5
136.5
136.5
136.5
136.5
136.5
136.5
136.0
136.0
134.5
134.5
132.75
132.75
132.5
132.5
132.5
132.5
132.5
132.5
132.5
134.25
134.25
135.0
135.0
134.0
134.0
133.5
133.5
130.0
130.0
129.0
129.0
128.75
129.0
129.0
129.75
129.75
130.75
130.75
130.75
131.5
131.5
131.5
133.25
133.25
133.75
133.75
133.5
133.5
133.5
133.5
133.5
133.5
133.0
133.0
132.75
132.75
131.25
131.25
130.75
130.75
131.0
131.0
131.25
131.5
131.5
132.5
132.5
133.0
133.0
133.5
134.0
134.0
134.25
134.25
132.75
132.75
132.0
132.0
131.0
131.0
130.0
130.0
130.0
131.25
131.25
131.25
131.25
132.0
132.0
132.0
132.0
132.0
132.25
132.25
132.25
132.25
132.25
134.0
134.0
134.5
134.5
134.5
134.5
134.25
134.5
134.5
134.75
134.75
134.25
134.25
134.0
134.0
134.75
135.0
135.0
135.0
135.0
135.25
135.25
135.0
135.0
135.0
135.0
135.0
135.25
134.75
134.75
134.75
134.75
134.25
134.25
134.25
134.75
134.75
134.75
135.0
135.0
134.5
135.5
135.5
136.25
136.25
136.25
136.25
136.25
136.25
136.0
136.0
136.0
136.0
136.0
135.5
135.5
136.0
137.5
137.5
137.75
137.75
137.25
137.25
137.5
137.5
137.5
137.0
137.0
137.0
136.5
136.5
135.0
135.0
135.0
136.5
136.5
136.25
136.25
136.25
136.25
137.0
137.0
137.75
137.75
137.75
136.5
136.5
136.0
136.0
134.0
134.0
134.0
134.0
132.5
132.25
132.25
133.75
133.75
134.75
134.75
135.25
135.25
135.5
136.75
136.75
137.25
137.25
137.25
137.25
135.75
135.5
135.5
135.0
135.0
134.75
134.75
134.75
135.5
135.5
135.5
135.5
135.5
135.5
135.5
136.75
136.75
136.25
136.25
136.0
136.25
136.25
136.25
136.25
135.75
135.75
135.5
134.75
134.75
134.75
134.75
134.75
134.75
134.75
134.75
134.75
134.75
134.75
134.25
134.25
134.25
134.25
135.5
135.75
135.75
135.75
135.75
135.75
135.75
136.25
136.75
136.75
137.5
137.5
138.25
138.25
138.75
138.25
138.25
137.75
137.75
137.5
137.5
137.75
137.25
137.25
136.75
136.75
136.25
136.25
136.0
136.0
136.0
136.0
136.0
135.0
135.0
134.75
134.75
134.75
134.75
134.5
134.5
134.25
134.5
134.5
135.5
135.5
135.5
135.5
135.5
135.75
135.75
135.75
135.75
135.75
135.75
135.75
136.25
136.25
136.75
136.75
136.0
135.75
135.75
135.0
135.0
134.25
134.25
134.5
134.5
134.75
135.75
135.75
136.5
136.5
136.0
136.0
136.0
136.75
136.75
136.75
136.75
136.25
136.25
136.25
136.25
136.5
136.25
136.25
136.75
136.75
137.0
137.25
137.25
137.25
137.25
137.0
137.0
134.25
134.25
133.0
133.25
133.25
133.25
133.25
133.25
134.5
134.5
135.5
135.5
136.0
136.25
136.25
135.75
135.75
135.25
135.25
135.5
135.5
135.5
136.0
136.0
135.75
135.75
135.75
135.75
134.75
135.75
135.75
135.75
135.75
136.0
136.0
135.0
135.0
136.0
136.0
136.5
136.5
136.5
136.75
136.75
135.75
135.75
136.25
136.25
136.25
135.75
135.75
136.0
136.0
136.0
136.0
136.0
136.0
136.0
137.0
137.0
137.0
137.0
136.75
137.0
137.0
137.5
137.5
139.0
139.0
139.0
138.25
138.25
138.0
138.0
137.5
137.5
136.5
135.75
135.75
135.75
135.75
134.75
134.75
134.25
133.75
133.75
134.25
134.25
134.5
134.5
134.75
135.25
135.25
135.25
135.25
135.25
135.25
135.5
135.5
135.5
135.5
135.5
135.5
133.5
133.5
133.0
133.0
131.75
131.75
129.5
129.5
129.5
128.75
128.75
131.5
131.5
133.5
133.5
135.0
135.5
135.5
135.5
135.5
136.0
136.0
136.25
136.25
135.25
135.0
135.0
134.25
134.25
134.25
135.0
135.25
135.25
135.75
135.75
135.0
135.0
135.0
135.0
135.0
135.5
135.5
134.75
132.5
132.5
132.5
129.75
127.75
127.75
126.75
126.75
124.0
124.0
123.25
123.25
123.5
123.5
123.75
123.75
123.5
123.5
123.25
123.25
125.0
125.0
126.5
126.5
127.5
127.5
128.5
128.5
128.75
128.75
127.5
126.0
126.0
125.0
125.0
124.0
124.0
124.25
124.25
124.25
126.75
126.75
127.25
127.25
127.5
127.5
127.75
127.75
128.0
128.0
126.75
126.75
126.0
126.0
126.0
126.25
126.25
126.5
126.5
126.25
126.25
126.0
126.0
128.0
128.0
128.25
128.25
127.75
127.75
127.5
127.5
128.25
128.25
128.5
129.0
129.0
129.5
129.5
129.5
129.5
129.5
129.5
129.25
129.25
129.5
129.5
130.0
130.25
130.25
130.25
130.25
130.5
130.5
131.25
131.25
131.25
131.25
131.25
132.25
132.25
132.25
132.5
132.5
132.5
132.5
131.75
131.75
131.5
131.5
131.5
131.5
131.75
132.0
132.0
132.75
132.75
133.75
133.75
133.25
133.25
133.25
133.25
133.25
133.0
133.0
133.75
133.75
133.0
133.0
132.75
132.75
132.0
132.0
131.0
130.75
130.75
130.75
130.75
131.5
131.5
131.5
131.5
132.0
132.0
132.0
132.0
132.5
132.5
132.5
132.5
132.5
133.5
133.5
133.75
134.0
134.0
134.0
134.0
134.0
134.0
134.0
134.25
134.25
133.5
133.5
133.5
133.5
133.5
132.5
132.5
132.0
132.0
131.75
131.75
132.0
132.0
131.75
131.75
131.75
131.75
131.25
131.25
130.5
130.5
130.5
130.75
130.75
131.0
130.5
130.5
132.25
132.25
133.0
133.0
133.5
133.5
132.5
132.25
132.25
132.0
132.0
130.75
130.75
130.75
130.75
130.75
130.75
130.0
128.75
128.75
129.0
129.0
130.0
130.0
130.75
130.75
130.75
132.5
132.5
133.0
133.0
133.75
133.75
134.25
134.25
135.5
135.75
135.75
135.0
135.0
135.25
135.25
135.25
135.5
135.5
135.75
135.75
136.25
136.25
136.25
136.25
135.5
134.75
134.75
134.75
134.75
135.25
135.25
135.5
134.25
134.25
134.25
134.25
134.25
134.0
134.0
133.75
133.75
132.5
132.5
132.75
132.75
133.5
133.5
134.25
134.25
134.25
134.25
134.25
134.25
134.25
134.5
134.5
134.75
134.75
134.0
133.5
133.5
133.5
133.5
134.0
134.0
134.75
134.25
134.25
134.25
134.25
134.5
134.5
134.5
134.5
134.0
133.5
133.5
133.25
133.25
133.25
133.25
133.25
134.0
134.0
135.25
135.25
135.0
135.0
135.0
135.0
135.75
135.75
136.0
135.5
135.5
136.0
136.0
136.25
136.25
135.5
135.5
135.5
135.5
135.5
135.0
135.0
135.0
135.0
135.0
135.0
135.5
135.75
135.75
136.0
136.0
136.0
136.0
136.0
136.0
136.0
136.0
135.75
135.75
135.25
135.25
135.25
135.25
135.25
135.5
135.5
135.5
135.5
134.25
134.25
131.5
131.5
130.0
130.0
131.75
133.5
133.5
133.75
133.75
133.75
133.75
133.75
133.75
135.0
135.75
135.75
135.75
135.75
135.75
135.75
135.75
135.5
135.5
135.5
135.5
135.5
135.5
136.25
136.75
136.75
135.5
135.5
134.0
134.0
133.75
133.75
133.75
132.75
132.75
132.5
132.5
132.5
132.5
131.75
134.0
134.0
133.5
133.5
133.0
133.0
133.0
133.0
133.75
133.75
134.0
133.0
133.0
133.0
133.0
134.25
134.25
134.5
134.0
134.0
135.5
135.5
134.25
134.25
134.25
134.0
134.0
134.0
134.0
134.0
134.0
134.5
134.5
134.25
134.25
134.0
134.25
134.25
134.25
134.25
134.25
134.0
134.0
134.0
134.0
134.25
134.25
134.75
134.75
135.0
135.0
135.0
135.0
135.0
135.5
135.5
136.0
136.0
136.5
136.5
136.5
137.0
137.0
137.0
136.75
136.75
136.75
136.5
136.5
135.75
135.75
135.75
134.5
134.5
133.75
133.75
133.0
133.0
132.25
131.75
131.75
132.0
132.0
132.5
132.5
132.5
132.5
133.0
133.0
132.25
132.25
132.0
132.0
130.5
130.5
130.5
130.5
129.25
129.25
127.25
127.25
126.75
126.75
128.0
128.0
128.25
128.25
128.5
128.5
127.25
127.25
127.25
128.75
128.75
129.5
129.5
130.0
130.0
129.25
129.25
128.75
128.75
127.75
126.75
126.75
126.75
126.75
126.5
126.5
126.0
126.0
126.0
126.0
126.5
126.5
126.5
126.5
127.0
127.0
127.25
127.25
127.0
124.5
124.5
123.5
123.5
123.75
123.75
124.75
124.75
124.25
124.25
124.5
124.5
125.0
125.0
125.0
125.0
124.75
124.75
124.75
124.75
125.0
125.0
125.75
125.5
125.5
125.0
125.0
125.0
125.0
125.75
125.75
126.0
126.0
125.25
125.25
125.75
125.75
126.0
126.0
126.5
126.5
126.75
127.0
127.0
127.75
127.75
127.75
127.75
128.25
128.25
128.25
128.25
129.25
129.25
129.5
129.5
129.5
129.25
129.25
129.5
129.5
129.5
129.5
129.5
129.5
130.0
129.5
129.5
129.0
129.0
128.25
128.25
129.5
129.5
130.0
130.0
131.25
131.25
132.0
132.0
132.0
131.25
131.25
132.0
132.0
133.25
133.25
133.5
133.5
133.25
133.25
133.25
132.0
132.0
132.0
132.0
132.75
132.75
132.75
132.75
132.75
132.75
132.75
132.75
132.75
133.0
132.75
132.75
132.75
132.75
132.0
132.0
131.75
131.75
131.5
132.0
132.0
132.25
132.25
131.5
131.5
132.25
132.25
132.25
132.25
132.25
132.25
130.0
130.0
129.75
129.25
129.25
129.5
129.5
131.25
131.25
131.75
130.75
130.75
130.75
130.75
129.25
129.25
129.5
129.5
128.5
128.5
128.25
128.25
129.0
129.75
129.75
131.25
131.25
132.0
132.0
132.25
132.25
132.75
132.75
132.75
132.75
132.0
132.0
132.0
132.0
132.0
131.5
131.5
131.0
131.0
131.25
131.25
131.5
130.25
130.25
130.25
131.25
131.25
132.75
132.75
131.75
131.75
131.75
131.75
133.5
133.5
134.0
134.0
134.5
134.5
134.5
135.5
135.5
135.0
135.0
134.25
134.25
132.75
132.25
132.25
133.25
133.25
133.75
133.75
134.25
134.25
134.5
134.5
134.5
134.75
134.75
135.0
135.0
135.25
134.25
134.25
133.75
133.75
133.75
133.75
134.25
134.25
134.75
134.75
133.75
133.75
134.0
133.0
133.0
133.25
133.25
134.75
135.0
135.0
134.5
134.5
134.0
134.0
134.75
135.0
135.0
135.0
135.0
135.75
135.75
136.0
136.0
136.0
135.75
135.75
134.5
134.5
134.0
134.0
133.25
133.25
133.0
132.5
132.5
130.25
130.25
131.0
131.5
131.5
134.5
134.5
134.5
136.75
136.75
136.25
136.25
135.75
135.75
135.25
135.25
135.75
135.75
132.25
130.5
130.5
130.5
128.5
128.25
128.25
129.5
129.5
130.75
130.75
131.5
131.5
132.0
132.25
132.25
132.25
132.25
132.0
132.0
132.25
127.75
127.75
127.75
125.75
128.25
128.25
129.0
129.0
129.0
128.0
128.0
127.75
126.5
126.5
127.25
127.25
128.5
128.5
128.5
128.5
127.5
127.5
127.5
127.5
127.0
127.0
126.25
126.25
125.0
125.0
124.75
124.75
125.75
125.75
126.25
126.25
124.5
124.5
123.5
123.5
123.5
123.75
123.75
124.5
124.5
124.5
124.5
125.25
125.25
125.25
125.25
124.75
124.75
124.75
124.75
124.0
123.25
123.25
123.75
123.75
123.75
124.75
124.75
125.0
124.25
124.25
124.0
124.0
124.25
124.25
124.5
124.5
124.75
124.75
124.0
124.0
123.5
123.5
124.5
124.75
124.75
125.25
125.25
125.5
125.5
125.5
125.5
126.0
126.0
125.5
125.5
124.25
124.25
123.25
123.25
123.0
123.0
124.75
124.75
126.25
126.25
127.5
128.25
128.25
128.5
128.5
127.0
127.0
125.75
125.75
124.5
124.5
124.25
124.25
125.25
125.25
126.25
126.25
127.0
127.75
127.75
128.25
128.25
128.75
128.75
128.75
128.75
128.75
128.75
129.0
129.0
129.0
128.5
128.5
127.25
127.25
127.5
127.5
129.25
129.25
130.75
130.75
131.75
131.75
131.75
134.75
134.75
134.75
135.0
135.0
133.75
133.75
132.0
132.0
130.5
130.5
129.0
129.0
130.25
130.25
131.5
133.5
133.5
134.0
134.0
134.75
134.75
134.75
134.75
136.0
136.0
136.0
134.75
134.75
134.75
134.75
134.25
134.25
133.25
133.25
133.25
134.5
134.5
134.75
134.75
134.25
134.25
134.0
134.0
134.0
134.0
134.0
133.0
133.0
132.0
132.0
130.5
130.5
129.75
129.75
129.75
129.75
129.75
129.5
129.5
130.5
130.5
132.25
132.5
132.5
131.25
131.25
131.25
129.75
129.75
129.5
129.5
129.5
129.5
129.75
129.75
130.5
130.5
131.0
131.0
132.0
132.75
132.75
133.0
133.0
131.75
131.75
131.75
131.75
131.75
131.75
131.75
131.75
131.75
132.25
132.25
133.25
133.25
134.0
134.0
134.25
134.25
135.75
135.75
135.75
134.25
134.25
134.25
133.25
133.25
133.0
133.0
133.25
133.25
132.75
132.75
131.75
131.75
131.5
131.5
131.75
132.0
132.0
132.75
132.75
133.25
133.25
133.5
134.25
134.25
134.25
134.25
134.25
134.25
134.0
134.0
133.5
133.25
133.25
133.25
133.25
132.75
132.75
132.0
132.0
132.0
131.5
131.5
131.0
131.0
131.25
131.25
131.5
131.5
132.5
132.75
132.75
132.75
132.75
132.0
132.0
131.75
131.75
131.75
131.75
131.5
131.5
131.5
131.5
131.5
129.75
129.75
129.75
129.75
129.75
129.75
129.75
129.75
130.25
131.0
131.0
131.0
131.5
131.5
131.5
131.5
131.25
131.25
131.25
131.25
131.5
131.5
132.25
132.25
132.0
132.0
132.25
132.25
132.25
133.0
133.0
132.75
132.75
132.75
133.0
133.0
133.25
133.25
132.75
132.75
132.25
132.25
131.25
131.25
129.5
129.5
128.5
128.5
127.75
127.75
128.0
129.25
129.25
129.5
129.5
129.5
129.5
129.5
129.5
128.0
128.0
127.25
127.25
125.5
125.5
126.0
126.0
126.25
126.25
126.25
126.25
126.0
126.0
126.25
126.25
124.5
123.75
123.75
124.5
124.5
125.75
125.75
126.5
126.5
127.75
127.75
129.0
129.0
129.75
129.75
130.0
129.0
129.0
128.25
128.25
128.0
128.0
128.0
126.75
126.75
127.75
127.75
127.75
127.75
128.5
128.5
128.0
126.5
126.5
127.25
127.25
127.75
127.75
129.0
129.0
129.75
129.75
130.25
130.25
130.5
130.5
130.25
130.25
130.0
130.25
130.25
130.25
130.5
130.5
130.5
131.25
131.25
131.25
131.25
131.25
131.25
131.25
131.0
131.0
130.25
130.25
130.25
130.25
131.25
131.25
132.0
133.0
133.0
133.5
133.5
133.0
133.0
132.25
132.25
131.0
131.0
130.25
130.25
129.75
129.25
129.25
130.0
130.0
130.25
130.25
130.25
130.25
132.75
133.0
133.0
133.0
133.0
133.5
133.5
134.0
134.0
134.25
134.0
134.0
134.0
134.0
134.5
134.5
135.0
135.0
134.75
134.25
134.25
134.5
134.5
134.5
134.5
134.5
134.5
133.75
133.75
132.25
131.5
131.5
131.5
133.25
133.25
134.5
134.5
135.0
135.0
136.75
136.75
137.0
137.0
137.0
136.75
136.75
137.0
137.0
136.75
136.75
136.25
135.0
135.0
134.75
134.75
133.75
133.75
133.0
133.0
133.25
133.25
133.75
134.5
134.5
134.75
134.75
134.75
135.0
135.0
135.25
135.25
135.25
136.0
136.0
135.25
135.25
134.5
134.5
134.5
134.5
134.5
133.0
133.0
133.0
133.0
133.0
135.0
135.0
135.0
135.0
135.0
135.0
135.0
135.0
135.0
135.0
135.0
135.0
135.0
136.0
136.0
136.0
136.0
136.0
134.75
134.75
133.5
133.5
133.0
133.0
133.5
133.5
134.5
134.5
135.25
135.5
135.5
136.0
136.0
137.0
137.0
137.25
137.25
137.25
137.25
137.25
137.25
137.25
137.0
137.0
135.5
134.75
134.75
135.5
135.5
135.0
135.0
135.0
135.25
135.25
135.75
136.25
136.25
136.25
136.25
135.25
135.25
134.5
134.5
135.25
135.25
135.25
135.5
135.5
135.5
134.25
134.25
134.25
134.25
134.25
134.5
134.75
134.75
135.0
135.0
135.0
135.25
135.25
135.25
135.25
135.75
136.0
136.0
135.0
135.0
134.75
134.75
134.25
134.25
134.25
134.25
134.25
135.0
135.0
135.5
135.5
135.75
135.75
135.75
136.75
136.75
136.75
136.75
135.5
135.5
136.25
136.25
136.25
136.25
136.25
136.25
135.75
135.75
135.5
135.5
134.0
134.0
132.5
132.5
133.0
134.0
134.0
134.75
134.75
134.75
133.5
133.5
133.5
134.25
134.25
134.5
134.5
134.5
135.0
135.0
135.25
135.25
135.5
135.5
135.5
135.75
135.75
135.75
135.75
135.0
135.0
134.5
133.5
133.5
132.75
132.75
132.75
132.75
133.0
133.0
133.0
134.25
134.25
133.5
133.5
133.5
135.25
135.25
135.25
135.25
135.25
135.25
135.25
135.25
135.0
135.0
134.25
133.5
133.5
134.0
134.0
134.5
134.5
135.0
136.0
136.0
136.75
136.75
137.0
137.0
136.25
135.75
135.75
134.75
134.75
133.25
132.75
132.75
132.5
132.5
132.75
132.75
133.0
133.0
133.0
133.0
133.0
133.0
132.75
132.75
132.0
132.0
130.5
130.25
130.25
130.0
130.0
128.75
128.75
128.25
128.25
127.75
127.75
127.75
127.5
127.5
127.0
127.0
127.0
127.0
127.0
126.75
126.5
126.5
126.25
126.25
126.25
126.25
125.75
125.75
125.5
125.5
125.0
125.0
124.5
124.5
124.5
124.5
124.5
125.5
125.5
125.75
125.75
126.0
126.0
126.25
126.25
127.0
127.0
127.25
127.25
127.75
127.75
127.0
126.25
126.25
126.25
125.75
125.75
125.5
125.5
125.25
125.25
125.25
125.25
126.25
126.25
126.5
126.5
126.75
126.75
127.5
127.5
127.75
127.75
128.0
128.0
127.75
127.0
127.0
127.0
127.0
128.0
128.0
129.0
129.0
129.75
129.75
130.0
130.0
130.0
130.0
129.25
129.25
130.0
130.0
130.25
130.5
130.5
130.5
130.5
130.0
130.0
130.0
130.0
130.75
131.5
131.5
131.75
131.75
132.0
132.0
132.0
132.0
132.0
132.0
132.25
132.5
132.5
132.75
132.75
133.0
133.0
132.75
132.75
132.75
132.5
132.5
131.75
131.75
132.25
132.25
132.25
132.25
132.25
132.0
132.0
132.0
132.0
132.0
130.5
130.5
130.75
130.75
129.5
129.5
128.25
128.25
130.75
130.75
131.25
131.25
131.25
131.25
131.0
131.0
131.5
131.75
131.75
132.25
132.25
132.5
132.5
131.75
131.75
131.5
131.5
132.25
132.25
132.25
132.25
132.5
133.5
133.5
134.25
134.25
134.25
134.0
134.0
132.75
132.75
132.5
132.5
132.5
132.5
132.5
131.5
131.5
131.5
131.5
131.75
132.5
132.5
132.25
132.25
132.5
132.5
133.5
133.5
133.75
133.75
133.75
133.75
134.25
134.5
134.5
135.25
135.25
135.25
135.25
134.75
135.0
135.0
135.0
135.0
134.25
134.25
133.75
133.75
133.75
133.25
133.25
133.25
133.25
134.0
134.0
134.0
134.75
134.75
135.25
135.25
134.75
134.75
134.25
134.25
134.5
134.0
134.0
133.5
133.5
132.0
132.0
131.75
131.75
132.0
132.75
132.75
133.5
133.5
134.5
134.5
135.0
135.25
135.25
136.0
136.0
135.75
135.75
135.5
135.5
135.5
136.25
136.25
136.25
136.25
135.75
135.75
134.75
134.0
134.0
134.0
134.0
134.0
134.0
134.5
135.0
135.0
135.5
135.5
136.0
136.0
136.25
136.25
136.5
136.25
136.25
136.5
136.5
137.0
137.0
137.0
137.0
137.5
137.0
137.0
136.5
136.5
136.25
136.25
135.75
136.25
136.25
136.25
136.25
137.0
137.0
137.0
137.0
138.0
138.0
138.0
138.0
136.75
136.75
136.75
136.75
135.0
135.0
135.25
135.25
135.25
135.25
135.75
136.0
136.0
136.0
136.0
135.5
135.5
135.5
135.5
135.5
135.0
135.0
135.25
135.25
135.75
136.5
136.5
136.5
136.5
136.5
136.5
136.0
136.0
136.0
136.25
136.25
136.25
136.25
136.25
136.25
136.25
136.75
136.75
137.0
137.0
137.25
137.25
137.25
137.25
137.5
137.5
137.5
137.5
137.5
137.5
136.5
136.0
136.0
135.5
135.5
135.75
135.75
136.25
136.25
136.25
136.25
136.25
136.25
136.25
136.5
136.5
136.75
136.75
136.75
136.0
136.0
136.0
136.0
134.5
134.5
135.0
135.5
135.5
135.75
135.75
135.5
135.5
135.5
135.5
135.5
135.5
135.5
135.5
135.5
134.75
134.75
134.75
134.25
134.25
134.25
134.25
134.75
134.75
135.25
135.0
135.0
135.0
133.5
133.5
133.5
134.0
134.0
134.0
134.0
134.0
134.25
134.75
134.75
135.0
135.0
134.25
134.25
134.0
134.0
134.25
134.25
134.25
134.0
134.0
134.0
134.0
133.25
133.25
134.25
134.25
134.5
134.5
135.0
135.0
135.0
135.25
135.25
135.25
135.0
135.0
135.0
135.0
134.25
134.25
133.25
132.75
132.75
133.0
133.0
134.0
134.0
134.25
134.25
132.75
132.75
133.5
133.5
134.25
134.25
135.0
136.0
136.0
136.0
136.0
136.0
136.0
135.75
135.75
134.5
134.0
134.0
134.25
134.25
134.5
134.5
135.5
135.75
135.75
135.0
135.0
135.0
135.0
135.0
135.0
135.0
134.25
134.25
133.75
133.5
133.5
133.5
133.25
132.75
132.75
133.0
133.0
133.0
133.0
133.0
133.0
133.75
133.75
134.0
134.0
134.0
132.5
132.5
132.5
132.0
132.0
132.0
132.0
131.5
131.5
132.25
132.25
132.0
132.0
132.0
131.5
131.5
130.5
130.5
129.5
129.5
128.5
128.5
127.0
125.75
125.75
125.5
125.5
125.0
125.0
126.25
126.25
125.75
125.75
125.75
125.75
126.25
126.25
127.25
127.25
127.5
127.5
127.5
127.0
127.0
127.75
127.75
127.75
127.75
126.0
126.0
126.0
126.0
126.0
126.0
125.5
125.5
123.5
123.5
122.5
122.5
122.0
122.0
121.5
121.75
121.75
121.75
121.0
122.25
122.25
122.25
123.25
123.25
123.25
123.25
123.25
123.0
123.0
122.0
122.0
122.0
122.0
122.25
122.25
122.75
122.75
123.0
123.0
121.5
121.5
120.25
120.25
121.25
121.25
121.25
121.25
122.25
122.25
123.5
123.5
124.25
124.25
123.5
123.5
123.5
123.5
124.25
124.25
124.25
124.25
124.0
124.0
123.25
123.25
123.5
123.5
124.0
124.0
124.25
124.25
124.5
124.5
123.75
123.75
124.5
124.5
124.5
126.75
126.75
127.75
127.75
127.75
129.5
129.5
129.0
129.0
129.0
129.0
129.25
129.25
129.5
129.5
127.75
127.75
127.75
127.75
128.0
128.0
129.0
129.25
129.25
129.75
129.75
129.75
129.75
130.0
130.0
130.25
130.25
129.0
129.0
127.5
127.5
127.5
127.5
128.0
128.0
127.0
127.0
127.0
126.5
126.5
127.25
127.25
128.0
128.0
128.0
126.0
126.0
126.0
131.25
131.25
131.25
130.75
130.75
130.5
131.5
131.5
131.0
131.0
130.5
130.5
129.75
129.75
129.75
129.75
129.75
129.75
129.25
129.25
129.25
129.75
129.75
130.5
130.5
131.25
131.25
132.5
132.75
132.75
133.0
133.0
133.75
133.75
133.0
133.0
132.75
132.75
132.75
131.5
131.5
131.0
131.0
131.0
131.0
131.0
131.0
131.5
131.5
132.5
132.5
131.25
131.25
132.25
132.25
133.0
133.0
133.0
133.0
133.0
133.0
133.0
133.0
132.25
132.75
132.75
132.25
132.25
132.0
132.0
132.0
131.75
131.75
132.25
132.25
133.0
133.0
134.5
135.0
135.0
135.25
135.25
135.25
135.0
135.0
135.0
134.25
134.25
133.75
133.75
133.75
134.25
134.25
134.5
134.5
133.75
133.75
134.25
134.25
135.0
135.25
135.25
135.5
135.5
135.0
135.0
135.0
135.0
134.75
134.5
134.5
134.0
134.0
134.25
134.25
133.75
133.5
133.5
133.5
133.5
133.5
133.5
135.0
135.0
135.25
135.0
135.0
135.0
135.0
134.75
135.5
135.5
135.75
135.75
135.25
135.25
135.5
135.5
135.5
135.5
135.5
136.0
136.0
136.0
136.0
136.5
136.5
136.5
135.5
135.5
135.5
135.5
135.75
135.75
134.75
134.25
134.25
135.0
135.0
135.5
135.75
135.75
135.5
135.5
135.75
135.75
136.0
136.0
135.75
135.75
135.75
135.75
135.75
135.0
135.0
134.75
134.5
134.5
134.75
134.75
135.0
135.0
134.75
134.75
134.75
135.0
135.0
134.5
134.5
134.0
134.0
133.75
133.75
133.75
133.25
133.25
133.75
133.75
134.5
134.5
135.0
135.0
135.0
135.0
135.25
135.25
135.25
134.75
134.75
134.5
134.5
133.5
133.5
133.0
133.0
133.0
134.0
134.0
133.75
133.0
133.0
133.0
133.0
132.5
132.5
132.75
132.75
132.75
132.0
132.0
131.75
131.75
131.75
132.5
132.5
132.5
131.5
131.5
129.5
127.5
127.5
128.0
128.0
128.0
128.0
127.75
127.75
127.0
127.0
126.75
126.75
128.25
128.5
128.5
128.75
128.75
128.75
128.75
128.75
128.75
128.5
128.5
127.0
127.0
127.0
127.0
127.0
127.0
125.75
125.75
124.5
124.5
124.5
124.75
124.75
124.25
124.25
124.25
124.25
124.0
124.0
125.0
125.0
126.5
126.5
127.5
127.5
126.75
126.75
126.75
125.5
125.5
124.25
124.25
123.5
123.5
123.5
120.25
118.75
118.75
120.0
120.0
121.75
121.75
121.75
121.75
125.0
125.0
124.25
124.25
124.0
124.0
122.25
122.25
123.0
123.0
122.0
122.0
122.0
122.0
122.0
122.0
122.0
122.0
121.75
121.75
122.75
122.75
122.25
122.25
123.0
123.0
123.75
123.75
124.25
124.25
124.25
124.5
124.5
125.25
125.25
125.25
125.25
126.25
126.25
125.75
125.75
124.5
124.5
124.75
124.75
124.75
124.75
125.25
125.25
125.5
125.5
124.75
124.75
124.75
125.0
125.0
125.0
125.75
125.75
126.75
126.75
127.5
127.75
127.75
127.75
128.25
128.25
129.5
129.5
130.0
130.0
130.25
130.25
130.0
130.0
129.25
129.25
128.75
128.75
129.0
129.5
129.5
130.0
130.0
130.25
130.25
130.5
130.5
130.75
130.75
130.75
130.75
130.75
131.0
131.0
131.0
131.0
130.5
130.5
131.5
131.75
131.75
130.5
130.5
130.0
130.0
130.25
130.25
130.25
130.25
130.5
130.5
131.25
131.75
131.75
131.5
131.5
131.5
131.5
131.5
131.5
131.0
130.75
130.75
131.0
131.0
131.75
131.75
131.75
131.75
132.5
132.75
132.75
132.75
132.75
133.25
133.25
133.75
133.75
133.25
133.25
133.25
133.25
133.25
132.0
132.0
132.0
132.25
132.25
132.25
132.25
132.25
133.25
133.5
133.5
133.5
133.5
133.5
133.5
133.5
133.5
134.0
134.0
134.0
134.0
134.0
133.75
133.75
134.25
134.25
134.5
134.5
135.0
135.0
135.0
135.0
135.0
135.0
135.0
135.0
133.5
133.5
134.0
134.0
134.5
135.5
135.5
136.25
136.25
136.5
136.5
136.5
136.5
136.0
134.75
134.75
134.0
134.0
133.5
133.5
132.5
132.5
132.75
132.75
132.75
133.25
133.25
133.25
133.25
134.5
134.5
134.25
134.25
134.25
134.5
134.5
134.75
134.75
134.25
135.25
135.25
136.0
136.0
136.25
136.25
136.5
137.5
137.5
137.5
137.5
136.25
135.5
135.5
135.0
135.0
133.0
133.0
133.25
133.25
133.5
134.25
134.25
134.5
134.5
134.5
134.5
135.25
135.25
135.75
136.0
136.0
136.0
136.0
135.75
135.75
135.5
135.5
135.25
135.25
135.0
135.0
135.0
133.75
134.0
134.0
134.0
134.0
136.25
136.25
136.25
136.25
137.25
137.25
137.25
137.25
137.25
137.75
137.75
137.5
137.5
137.5
137.5
136.25
136.25
136.25
134.75
136.0
136.0
136.25
136.25
136.25
136.25
135.75
135.75
135.75
136.0
136.0
136.0
136.0
134.75
134.5
134.5
134.25
134.25
134.75
134.75
135.0
135.0
134.25
134.25
134.0
134.25
134.25
134.25
134.25
134.5
134.5
134.5
134.5
134.5
134.25
134.25
133.5
133.5
133.25
133.25
132.5
132.5
132.0
131.25
131.25
131.25
131.25
131.5
131.5
131.5
131.5
131.75
131.75
131.75
131.5
131.5
131.25
131.25
130.5
130.5
129.25
129.25
128.75
128.75
127.5
127.5
127.75
127.75
128.0
128.5
128.5
128.75
128.75
129.75
129.75
129.75
129.75
129.0
129.0
127.0
127.0
126.25
126.25
125.75
125.75
125.75
125.75
125.75
125.0
125.0
124.75
124.75
125.75
125.75
126.0
126.0
126.0
126.0
126.5
126.5
126.5
126.5
126.0
126.0
126.0
126.0
126.0
126.25
126.25
126.75
126.75
126.75
126.75
126.25
126.25
126.25
126.25
125.25
125.25
124.0
124.0
124.25
124.25
124.5
124.5
123.75
123.75
123.75
123.0
123.0
122.75
122.75
123.5
123.5
123.75
123.75
124.0
124.0
125.5
125.5
126.25
126.25
126.25
126.25
125.5
125.5
124.5
124.5
123.5
123.5
124.0
124.0
124.5
124.5
124.5
124.5
124.5
125.5
125.5
125.75
125.75
125.75
125.5
125.5
126.5
126.5
127.25
127.25
128.25
128.25
129.0
129.0
130.0
130.0
129.5
129.5
128.5
128.25
128.25
128.5
128.5
127.5
127.5
127.0
127.0
127.75
127.75
127.75
127.75
128.0
128.0
128.5
129.75
129.75
130.25
130.25
130.0
130.0
130.5
130.5
130.5
131.5
131.5
131.5
131.5
131.5
131.75
132.25
132.25
131.25
131.25
130.5
130.75
130.75
130.75
130.75
130.75
130.75
130.75
130.75
131.5
131.5
131.75
131.75
132.0
132.75
132.75
133.0
133.0
133.25
133.25
133.75
133.75
134.0
134.0
133.75
133.75
133.5
133.5
133.5
132.25
132.25
131.75
131.75
131.75
131.75
132.25
132.25
132.5
132.75
132.75
133.0
133.0
133.5
133.5
133.75
133.75
133.75
133.25
133.25
133.5
133.5
133.5
133.5
133.5
134.75
134.75
135.25
135.0
135.0
135.25
135.25
135.25
135.5
135.5
135.0
135.0
134.25
134.25
133.0
133.0
132.25
132.25
132.25
132.5
132.5
134.25
134.25
135.0
135.0
135.5
135.5
135.5
135.5
136.75
136.75
136.75
136.75
136.75
134.5
134.5
134.5
134.5
134.75
134.75
134.75
134.75
134.75
135.0
135.0
135.75
135.75
136.0
137.0
137.0
137.25
137.25
137.25
135.25
135.25
135.25
135.25
134.0
134.0
133.5
133.5
133.5
133.0
133.0
133.25
133.25
133.25
136.25
136.25
137.25
137.25
137.25
137.0
137.0
137.0
137.0
137.0
137.0
137.0
137.0
137.0
137.0
137.0
137.0
136.85
136.7
136.55
136.4
136.25
136.1
135.95
135.8
135.65
135.5
135.35
135.2
135.05
134.9
134.75
134.6
134.45
134.3
134.15
134.0
133.85
133.7
133.55
133.4
133.25
133.25
133.25
134.25
134.25
134.5
134.5
130.75
130.75
130.75
128.75
128.75
128.75
128.75
128.75
128.75
128.75
128.75
129.5
129.5
129.5
129.5
128.0
127.0
127.0
127.0
127.25
127.25
127.25
127.5
127.5
127.5
125.25
125.25
125.0
125.0
125.0
125.0
125.0
125.0
125.0
125.0
125.0
125.75
125.75
125.0
125.0
124.5
124.5
124.5
124.5
124.5
124.75
124.75
124.25
124.25
123.75
123.75
123.75
123.75
123.75
123.75
123.25
123.25
123.25
124.25
124.25
124.25
124.25
124.25
124.25
124.25
124.25
124.25
124.25
122.75
122.75
122.25
122.25
122.25
122.25
122.25
122.25
122.25
122.25
122.25
122.25
122.25
122.0625
121.875
121.6875
121.5
121.5
121.25
121.25
123.75
123.75
123.25
123.25
123.5
123.5
123.75
123.75
123.75
123.75
123.75
123.75
124.0
125.0
125.0
125.0
123.25
123.25
122.0
122.0
121.5
121.5
121.5
121.5
121.5
121.5
121.5
121.5
121.5
121.5
122.04545454545455
122.5909090909091
123.13636363636364
123.68181818181819
124.22727272727273
124.77272727272727
125.31818181818181
125.86363636363636
126.4090909090909
126.95454545454545
127.5
127.5
127.5
127.5
127.5
127.5
127.5
127.5
127.5
127.5
127.5
127.5
127.52777777777777
127.55555555555556
127.58333333333333
127.61111111111111
127.63888888888889
127.66666666666667
127.69444444444444
127.72222222222223
127.75
127.77777777777777
127.80555555555556
127.83333333333333
127.86111111111111
127.88888888888889
127.91666666666667
127.94444444444444
127.97222222222223
128.0
128.0
128.0
128.25
128.25
128.25
127.0
127.0
127.0
127.0
127.0
127.0
127.0
127.0
127.0
127.0
127.0
127.3
127.6
127.9
128.2
128.5
128.5
128.5
128.25
128.25
128.25
128.25
128.25
128.25
128.25
128.25
124.75
124.75
127.25
127.25
126.75
126.75
126.75
126.75
126.75
126.75
126.75
127.75
127.75
127.75
127.75
130.0
130.0
131.25
131.25
131.5
131.5
131.5
131.5
131.0
132.25
132.25
131.5
131.5
131.0
131.0
129.25
129.25
128.75
128.75
129.5
129.5
128.25
128.25
128.0
128.0
126.75
126.75
130.0
130.0
130.25
130.25
130.5
130.5
130.5
131.0
131.0
131.25
131.25
131.25
131.25
129.0
129.0
127.5
127.5
127.5
127.5
127.5
127.5
130.75
130.75
130.75
130.0
130.0
130.0
130.0
130.25
130.25
130.0
130.0
129.75
129.75
129.75
129.75
129.75
129.75
129.75
129.75
129.5
129.5
129.5
129.5
129.5
129.5
129.5
129.5
131.0
131.0
131.5
131.5
131.75
131.75
132.25
132.25
132.5
133.0
133.0
131.25
131.25
131.25
131.25
131.5
131.5
131.0
131.0
131.25
131.25
131.25
131.25
130.5
130.5
131.0
131.0
131.75
132.25
132.25
132.25
132.25
132.25
132.25
132.25
132.25
132.25
133.75
134.75
134.75
134.75
134.75
134.75
134.75
134.75
134.75
135.0
135.25
135.25
134.5
134.5
133.25
133.25
132.5
132.5
131.75
130.75
130.75
130.75
130.75
130.5
130.5
131.5
131.5
131.5
131.5
132.25
131.75
131.75
131.75
131.75
131.75
131.75
132.75
133.75
133.75
134.25
134.25
134.25
134.25
134.75
134.75
134.0
134.0
134.0
134.0
134.0
133.0
133.0
132.0
132.0
129.75
129.75
128.75
129.75
129.75
131.5
131.5
132.0
132.0
132.75
132.75
132.25
132.25
132.5
132.5
132.75
132.75
132.25
132.75
132.75
132.5
132.5
132.5
132.5
132.5
132.5
132.5
132.5
132.5
132.5
132.5
132.5
134.0
134.0
134.25
134.25
133.0
133.0
132.75
132.75
132.75
132.75
132.75
127.25
130.0
130.0
129.5
129.5
131.75
131.75
132.75
132.75
132.0
132.0
131.5
131.5
130.75
130.75
128.0
128.0
129.75
129.75
129.75
130.25
130.25
130.25
130.5
130.5
128.5
128.5
128.5
123.5
123.5
123.0
123.0
123.0
129.0
129.0
129.0
132.0
131.5
131.5
130.75
130.75
130.75
130.75
130.0
130.0
130.0
132.75
132.75
130.75
130.75
130.75
131.25
131.25
130.5
130.0
130.0
130.0
130.0
130.0
131.75
132.0
132.0
132.0
132.0
132.0
132.0
132.25
132.25
130.75
130.75
130.75
141.75
141.75
141.75
143.75
143.75
141.5
141.5
141.5
133.75
133.75
133.75
130.0
130.0
129.25
129.25
128.75
128.75
129.0
129.0
128.5
128.5
129.25
129.25
128.25
128.25
128.25
129.25
129.25
129.25
129.25
130.0
130.0
130.0
130.0
130.0
130.0
130.0
127.5
127.5
127.5
120.5
120.5
123.25
123.25
123.25
125.0
125.0
125.25
125.25
125.16666666666667
125.08333333333333
125.0
125.0
125.0
125.0
125.0
124.0
124.0
124.0
124.0
125.75
125.75
125.0
125.0
124.75
124.75
131.0
131.0
133.0
133.0
133.75
133.75
133.75
134.0
134.0
134.0
133.5
133.5
133.5
129.25
129.25
129.25
129.25
129.25
129.25
126.0
126.0
126.0
135.25
135.25
134.25
134.25
130.25
130.25
130.25
132.5
133.0
133.0
133.25
133.25
133.25
133.25
132.25
132.25
131.25
131.25
129.5
129.5
128.5
128.5
128.5
129.0
129.0
129.25
129.25
129.25
129.0
129.0
125.25
125.25
125.25
125.25
125.0
125.0
125.0
125.0
125.0
125.0
127.5
127.5
127.75
127.75
127.75
127.75
127.75
127.75
127.75
127.75
123.0
123.0
123.0
123.0
123.0
123.0
124.5
124.5
125.75
125.75
125.75
125.75
126.0
126.0
126.25
126.25
126.25
126.25
126.25
126.25
126.25
126.25
126.0
126.0
126.5
128.0
128.0
128.25
128.25
128.5
128.5
124.5
124.5
124.5
124.5
122.75
122.75
122.75
122.75
122.75
122.75
124.75
126.0
126.0
126.0
127.5
127.5
127.75
127.75
127.75
129.5
129.5
129.5
129.5
130.25
130.5
130.5
130.0
130.0
130.0
130.0
131.5
131.5
134.25
134.25
136.25
136.25
137.0
137.0
137.5
137.5
137.5
135.5
135.5
134.75
135.5
135.5
135.75
135.75
133.5
133.5
132.75
132.75
130.5
130.5
131.5
132.5
132.5
132.0
132.0
132.0
132.0
132.0
132.0
132.0
132.0
132.0
132.0
132.0
131.25
130.5
129.75
129.75
129.75
129.5
129.5
130.5
130.5
131.5
131.5
134.0
134.0
134.0
135.5
135.5
135.75
135.75
135.75
132.0
132.0
132.0
135.0
135.0
135.25
135.25
135.25
135.25
135.25
135.25
135.25
135.25
135.25
135.2941176470588
135.33823529411765
135.38235294117646
135.4264705882353
135.47058823529412
135.51470588235293
135.55882352941177
135.60294117647058
135.64705882352942
135.69117647058823
135.73529411764707
135.77941176470588
135.8235294117647
135.86764705882354
135.91176470588235
135.9558823529412
136.0
136.0
136.0
136.0
136.0
138.25
138.25
138.5
138.5
138.75
138.75
138.75
133.75
133.75
133.75
133.75
133.75
133.75
133.75
131.5
131.5
132.75
132.75
134.75
134.75
133.0
133.0
133.0
133.0
133.0
133.0
133.0
133.0
133.0
133.5
133.5
135.0
135.0
134.5
134.5
134.5
134.5
134.75
134.75
134.75
135.0
135.0
135.0
135.0
135.0
135.0
135.0
135.0
135.0
131.75
131.75
130.5
130.5
130.5
130.5
130.5
130.5
130.5
130.5
130.5
130.5
130.5
130.50675675675674
130.51351351351352
130.52027027027026
130.52702702702703
130.53378378378378
130.54054054054055
130.5472972972973
130.55405405405406
130.5608108108108
130.56756756756758
130.57432432432432
130.5810810810811
130.58783783783784
130.59459459459458
130.60135135135135
130.6081081081081
130.61486486486487
130.6216216216216
130.6283783783784
130.63513513513513
130.6418918918919
130.64864864864865
130.65540540540542
130.66216216216216
130.6689189189189
130.67567567567568
130.68243243243242
130.6891891891892
130.69594594594594
130.7027027027027
130.70945945945945
130.71621621621622
130.72297297297297
130.72972972972974
130.73648648648648
130.74324324324326
130.75
130.75
130.5
130.5
130.5
130.5
130.5
131.75
131.75
131.75
131.75
132.25
133.0
133.0
133.5
133.5
132.0
132.0
132.0
132.0
132.75
132.75
132.5
131.75
131.75
132.0
132.0
132.0
132.0
132.75
132.75
132.75
133.25
133.25
133.25
133.25
133.25
133.25
133.25
133.25
133.25
133.25
133.25
133.25
132.25
131.25
130.25
130.25
130.25
130.25
130.25
130.25
130.25
130.25
130.275
130.3
130.325
130.35
130.375
130.4
130.425
130.45
130.475
130.5
130.5
130.75
130.75
130.75
130.75
130.75
130.75
130.75
130.75
130.75
130.75
130.95454545454547
131.1590909090909
131.36363636363637
131.5681818181818
131.77272727272728
131.97727272727272
132.1818181818182
132.38636363636363
132.5909090909091
132.79545454545453
133.0
133.0
133.0
133.0
133.0
133.0
133.0
133.0
132.75
132.75
132.75
132.75
132.75
132.75
132.75
131.75
131.75
131.5
131.5
131.5
131.5
133.0
133.0
133.25
133.25
133.25
133.25
133.25
133.25
133.25
133.25
133.25
133.25
133.23684210526315
133.22368421052633
133.21052631578948
133.19736842105263
133.18421052631578
133.17105263157896
133.1578947368421
133.14473684210526
133.1315789473684
133.1184210526316
133.10526315789474
133.0921052631579
133.07894736842104
133.06578947368422
133.05263157894737
133.03947368421052
133.02631578947367
133.01315789473685
133.0
133.0
133.5
133.5
133.75
136.25
136.25
137.5
137.5
138.25
138.25
138.5
138.5
138.5
138.5
138.5
137.58333333333334
136.66666666666666
135.75
134.83333333333334
133.91666666666666
133.0
132.08333333333334
131.16666666666666
130.25
130.25
130.25
130.0
129.5
129.5
130.25
130.25
130.25
131.25
131.25
131.5
131.5
131.5
131.5
131.5
131.5
131.5
131.5
131.5
133.0
133.0
130.0
130.0
130.0
131.75
131.75
131.75
131.75
132.25
132.25
132.5
132.5
132.25
132.25
132.25
132.25
132.25
132.25
132.25
137.5
137.5
140.75
140.75
141.25
141.25
141.5
141.5
141.5
141.5
141.5
141.5
130.25
130.25
129.25
129.25
130.5
130.5
130.75
131.25
131.25
130.25
130.25
132.75
132.75
132.75
134.75
134.75
134.75
134.75
134.75
136.0
136.0
137.25
137.5
137.5
137.5
139.0
139.0
137.5
137.5
136.75
136.75
137.75
137.75
139.5
140.25
140.25
138.75
138.75
138.25
138.25
137.75
137.75
137.25
137.0
137.0
136.0
136.0
133.75
133.5
133.5
127.0
127.0
127.0
120.0
120.0
120.0
120.0
114.0
114.0
111.75
111.75
111.75
108.75
108.75
104.5
104.5
99.0
99.0
99.0
100.5
100.5
101.0
101.0
106.25
106.25
110.25
110.25
107.5
107.5
107.5
107.5
107.5
112.75
112.75
112.75
114.75
114.75
114.25
114.25
111.0
111.0
109.25
109.25
109.25
108.5
108.5
108.0
108.0
109.0
109.0
108.75
108.75
106.75
106.75
106.75
107.25
107.25
108.0
108.0
109.75
109.75
110.25
110.25
110.25
110.25
110.25
110.25
110.25
111.0
111.0
111.0
111.0
109.75
109.75
108.5
108.5
108.5
109.5
109.5
110.75
110.75
111.0
111.0
111.0
111.0
111.5
111.5
111.5
111.0
111.0
111.0
111.0
110.25
110.25
112.25
112.25
112.75
112.75
112.0
112.0
112.25
112.25
113.0
113.0
113.0
113.0
113.25
113.25
112.75
112.75
112.5
112.5
112.5
117.25
117.25
118.0
118.0
118.0
118.25
118.25
118.25
116.5
116.5
117.75
117.75
119.75
119.75
119.75
120.75
120.75
121.25
121.25
121.25
121.25
119.75
119.75
119.75
119.25
119.25
119.5
119.5
119.5
119.75
119.75
120.25
120.25
120.25
118.25
118.25
119.0
119.0
120.0
120.0
121.5
121.5
122.0
122.0
122.5
122.5
122.75
122.75
122.0
122.0
121.25
121.25
120.75
120.75
120.5
120.5
120.75
120.75
120.75
120.75
121.25
121.25
121.75
122.75
122.75
122.75
122.75
123.25
123.25
123.75
123.75
124.0
124.0
125.25
125.25
125.5
125.5
125.5
125.5
125.75
125.75
125.75
125.75
125.0
125.0
125.25
125.25
125.75
125.5
125.5
126.0
126.0
125.5
125.5
125.5
125.5
125.5
125.5
125.5
125.5
125.5
125.5
124.0
124.0
124.0
124.75
124.75
124.75
124.75
124.75
124.75
125.5
125.5
125.5
125.5
126.0
126.0
124.5
124.5
123.25
123.25
123.75
123.75
124.75
124.75
125.75
125.75
126.5
126.5
127.5
128.5
128.5
128.75
128.75
127.0
127.0
126.25
126.25
126.5
126.5
124.0
124.0
123.25
123.25
123.25
123.25
123.75
123.75
124.5
124.5
125.25
125.25
125.25
125.0
125.0
125.0
125.0
125.0
125.0
125.25
125.25
126.25
126.25
126.75
126.75
127.0
127.0
127.25
127.25
126.5
126.5
126.5
125.5
125.5
125.5
126.25
126.25
126.5
126.5
126.5
125.0
125.0
124.75
124.75
124.25
124.25
125.75
125.75
126.75
126.75
126.75
126.75
126.75
124.25
124.25
124.5
124.5
124.75
124.75
124.75
124.75
125.75
125.75
127.0
127.0
127.5
127.5
127.5
127.5
126.5
126.5
126.5
127.25
127.25
126.25
126.25
126.25
126.25
126.5
126.5
126.0
126.0
126.0
126.0
126.0
126.0
125.5
125.5
125.5
125.5
125.75
125.75
126.0
125.5
125.5
126.0
126.0
127.75
127.75
125.0
125.0
123.25
123.25
122.75
122.75
122.75
123.75
123.75
123.75
123.75
124.25
124.25
124.5
124.5
124.5
124.75
124.75
124.75
125.0
125.0
125.0
124.5
124.5
124.5
124.5
124.5
125.5
125.5
125.75
125.75
126.0
126.0
126.0
126.0
126.25
126.25
125.0
125.0
125.0
126.0
126.0
126.0
126.0
126.75
126.75
127.5
127.5
127.0
127.0
127.0
127.0
127.0
127.0
123.5
123.5
123.5
123.5
122.75
122.75
122.0
122.0
122.0
122.75
122.75
122.75
122.75
123.5
123.5
124.25
124.25
124.5
124.5
124.75
124.75
123.75
123.75
123.75
123.75
124.0
124.0
123.75
123.75
122.5
123.75
123.75
123.75
122.5
122.5
122.5
122.75
122.75
122.75
123.25
123.25
123.25
122.5
122.5
122.75
122.75
123.25
123.25
123.75
123.75
125.0
125.0
124.0
124.0
124.0
124.0
122.5
122.5
121.75
121.75
121.75
121.75
121.0
121.0
121.25
121.25
121.5
121.5
121.5
121.5
121.5
121.5
119.25
119.25
118.75
118.75
119.0
119.0
120.0
120.0
120.0
120.0
118.25
118.25
118.25
118.25
116.75
116.75
116.75
114.25
113.75
113.75
113.75
116.5
116.5
118.5
118.5
119.25
119.25
118.0
118.0
117.0
117.0
117.25
117.25
117.25
117.25
117.0
117.0
116.25
116.25
115.25
115.25
115.75
115.75
116.25
116.25
117.25
117.25
118.75
118.75
118.75
118.75
119.25
119.25
118.5
118.5
119.5
119.5
120.5
120.5
120.25
120.25
119.5
119.5
119.0
119.0
119.0
119.0
118.0
118.0
118.0
118.0
118.5
118.5
117.75
117.75
117.75
117.75
118.75
118.75
119.5
119.5
119.75
119.75
118.75
118.75
117.75
117.75
117.75
117.75
119.5
119.5
120.75
120.75
120.75
120.75
120.75
120.75
121.0
121.0
121.75
121.75
121.75
123.0
123.0
124.5
124.5
122.25
122.25
120.5
120.5
120.0
120.0
120.75
120.75
120.75
120.75
121.75
121.75
121.75
121.75
122.0
122.0
123.0
123.0
123.0
123.0
122.0
122.0
122.25
122.25
123.25
123.25
124.25
125.25
125.25
125.5
125.5
125.5
125.5
125.5
125.5
126.25
126.25
126.25
126.25
126.25
126.25
126.25
126.25
126.25
126.25
126.25
126.0
126.0
125.75
125.75
125.5
125.5
125.25
125.25
125.25
124.5
124.5
124.5
124.5
125.5
125.5
125.5
127.5
127.5
127.5
127.5
127.5
127.25
127.25
127.75
127.75
127.25
127.25
127.25
127.75
127.75
127.0
127.0
126.5
126.5
126.75
126.75
127.25
127.25
128.0
128.0
127.0
127.0
127.25
127.25
128.0
128.0
128.25
128.25
128.25
128.25
128.25
127.75
127.75
127.75
127.75
127.75
127.0
127.0
125.75
125.75
126.5
126.5
127.25
127.25
128.0
128.0
128.0
130.25
130.25
130.25
130.25
128.0
128.0
127.5
127.5
126.5
126.5
126.5
126.5
125.75
125.75
125.75
125.75
125.75
127.75
127.75
128.25
128.25
128.25
128.25
128.0
128.0
128.0
128.0
127.75
127.75
128.0
128.0
128.25
128.25
128.5
128.5
127.25
127.25
127.5
127.5
127.5
132.75
132.75
131.5
131.5
129.5
129.5
129.5
129.5
129.5
128.5
128.5
128.25
128.25
128.5
128.5
128.5
128.5
128.5
128.5
128.5
128.5
128.5
130.75
130.75
130.25
130.25
130.25
130.25
131.0
131.0
130.0
130.0
130.0
129.5
129.5
128.75
128.75
127.5
127.5
127.5
127.5
127.75
129.0
129.0
129.5
129.5
129.25
129.25
129.25
129.25
129.5
129.5
129.5
129.5
129.5
129.5
128.75
128.75
128.75
128.75
128.75
128.75
128.75
128.0
128.0
128.75
128.75
130.5
130.5
130.0
129.75
129.75
130.0
130.0
129.5
129.5
129.25
129.25
128.5
128.5
128.0
128.0
128.0
128.0
128.0
127.75
127.75
127.75
127.75
128.75
128.75
129.75
129.75
129.75
131.75
131.75
129.25
129.25
129.0
129.0
129.0
129.0
129.0
129.0
129.0
129.75
129.75
127.75
127.75
126.75
126.75
126.5
127.25
127.25
127.5
127.5
128.25
128.25
129.5
129.5
129.25
129.25
129.25
128.25
128.25
128.5
127.5
127.5
126.25
126.25
126.25
126.25
125.75
125.75
125.75
125.75
129.0
129.0
129.0
129.0
129.0
129.0
128.25
127.75
127.75
128.25
128.25
127.0
127.0
126.75
126.75
126.75
126.75
126.25
126.25
126.25
126.25
128.75
128.75
127.0
127.0
127.75
128.0
128.0
128.0
128.0
128.5
128.5
128.5
128.5
128.5
128.5
128.0
128.0
127.25
127.0
127.0
127.0
127.0
127.0
127.0
127.25
127.25
127.25
127.25
127.0
127.0
126.75
126.75
126.25
126.25
126.0
126.0
126.0
126.0
126.0
127.0
127.0
127.25
127.25
127.25
127.25
127.5
127.5
127.5
127.5
127.5
127.75
127.75
128.0
128.0
127.0
127.0
125.75
125.75
125.0
125.0
125.0
125.0
126.25
126.25
126.5
126.5
126.5
126.5
127.5
127.5
128.0
128.25
128.25
127.75
127.75
127.25
127.25
127.25
127.25
126.25
126.25
126.0
126.0
126.25
126.25
127.5
127.5
127.75
128.0
128.0
127.0
127.0
127.25
127.25
127.25
127.25
125.0
125.0
124.75
124.75
125.75
125.75
125.75
125.75
125.75
127.0
127.0
128.25
128.25
128.25
128.25
128.25
128.25
129.0
129.0
129.0
129.0
129.0
129.0
128.5
127.25
127.25
126.5
126.5
126.0
126.0
126.75
126.75
126.5
126.5
126.5
126.5
129.25
129.25
128.75
128.75
129.0
129.0
129.0
128.0
128.0
127.5
127.5
127.0
127.0
127.25
127.25
128.0
128.0
128.0
128.0
128.0
127.5
127.5
127.25
127.25
125.5
125.5
125.75
125.75
126.0
126.0
126.0
126.0
126.25
126.25
126.25
126.25
126.75
126.75
126.75
126.25
126.25
126.5
126.5
127.5
127.5
128.0
128.0
128.0
128.0
128.0
128.0
128.25
128.25
128.25
128.5
128.5
127.25
127.25
127.25
127.25
126.5
126.5
126.25
126.25
125.5
125.5
127.0
127.0
127.0
128.25
128.25
128.25
128.25
128.0
128.0
128.25
128.25
128.75
128.75
130.5
130.5
128.0
128.0
128.25
128.25
128.5
128.5
128.75
128.75
128.25
128.25
127.75
128.0
128.0
127.75
127.75
127.0
127.0
128.0
128.0
128.0
128.75
128.75
130.0
130.0
132.0
132.75
132.75
132.75
132.75
134.0
134.0
134.25
134.25
135.0
137.0
137.0
137.0
136.75
136.75
138.25
138.25
138.25
137.0
137.0
137.0
137.5
137.5
139.5
139.5
140.5
140.75
140.75
141.25
141.25
141.25
141.25
141.25
141.25
141.25
141.25
144.25
144.25
144.5
145.5
145.5
149.0
147.0
147.0
144.5
144.5
144.5
144.5
144.0
143.25
143.25
142.0
142.0
141.25
141.25
138.75
138.75
138.5
136.0
136.0
135.0
135.0
130.25
130.25
130.25
130.25
126.0
126.0
127.25
127.25
126.0
126.0
124.75
124.75
124.0
124.0
122.75
122.75
122.75
124.5
124.5
124.5
126.0
126.0
126.0
126.0
125.5
125.5
124.25
124.25
122.5
122.5
121.25
121.25
121.25
121.25
125.25
125.25
125.5
125.5
125.5
125.5
132.0
132.0
132.0
132.0
139.0
139.0
139.0
140.25
140.25
141.75
141.75
142.5
141.75
141.75
136.75
136.75
134.0
134.0
131.5
131.5
130.5
130.0
130.0
128.5
128.5
127.25
127.25
130.0
130.0
130.0
130.0
135.0
135.0
135.0
135.25
135.25
140.0
140.0
140.0
140.0
141.5
141.5
143.25
143.25
143.5
143.5
143.5
144.75
144.75
141.25
141.25
140.0
140.0
136.5
136.5
136.5
133.75
133.75
133.75
133.75
133.75
133.75
133.75
133.75
133.75
132.65
131.55
130.45
129.35
128.25
127.15
126.05
124.95
123.85
122.75
121.65
120.55
119.45
118.35
117.25
116.15
115.05
113.95
112.85
111.75
110.64999999999999
109.55
108.45
107.35
106.25
105.14999999999999
104.05
102.95
101.85
100.75
100.75
101.75
101.75
103.75
103.75
103.75
105.75
105.75
105.75
105.75
111.0
111.0
109.25
109.25
109.25
108.75
108.75
107.25
107.25
107.0
107.0
107.25
107.25
107.25
107.75
107.75
109.0
109.0
108.0
108.0
106.5
106.5
106.5
106.0
106.0
106.25
106.25
109.5
109.5
109.5
109.5
112.25
112.25
114.75
114.75
114.75
113.5
112.0
112.0
112.0
112.75
112.75
113.25
113.25
113.25
113.25
120.0
120.0
120.0
120.0
110.75
110.75
111.25
111.25
111.75
111.75
111.75
110.0
110.0
109.0
109.0
111.75
111.75
112.5
112.5
111.75
111.75
110.25
110.25
110.5
110.5
110.5
112.75
112.75
114.5
114.5
115.75
115.75
116.75
116.75
116.75
116.75
116.75
116.75
113.5
113.5
112.25
112.25
112.25
111.0
111.0
115.0
115.0
116.25
116.25
115.25
115.25
115.25
115.25
115.25
116.5
116.5
116.5
116.5
116.25
116.25
116.25
112.75
112.75
112.75
111.5
111.5
112.75
112.75
114.0
114.0
115.75
115.75
113.75
113.75
112.75
112.75
113.25
113.25
114.25
114.25
117.0
117.0
118.0
118.0
118.0
118.0
111.75
111.75
111.75
111.75
111.75
114.25
114.25
116.0
116.0
115.5
115.5
115.25
115.25
115.5
115.5
116.0
116.0
116.0
116.0
118.25
118.25
116.5
116.5
116.25
116.25
116.25
116.25
115.25
115.25
115.5
115.5
115.5
115.5
115.5
115.5
115.5
115.5
115.5
115.5
115.5
114.75
114.75
114.75
114.75
115.0
115.0
115.75
115.75
116.25
116.25
115.75
115.75
117.0
117.0
117.25
117.25
117.25
117.25
117.25
120.0
119.25
119.25
115.5
115.5
115.5
115.5
115.5
118.25
118.25
115.5
115.5
118.25
118.25
118.25
119.5
119.5
117.25
117.25
117.25
115.5
115.5
115.5
115.5
121.5
121.5
121.5
121.5
121.75
121.75
121.75
120.75
120.75
118.25
118.25
117.25
117.25
117.75
117.75
117.75
116.25
116.25
116.25
116.25
116.25
120.0
120.0
121.25
121.25
122.5
122.5
122.5
123.0
123.0
123.0
123.0
117.25
117.25
118.0
118.0
118.25
118.25
120.0
120.0
119.25
119.25
119.5
119.5
119.5
119.5
119.5
119.5
119.5
119.5
119.5
119.5
121.0
121.0
121.0
121.25
121.25
121.0
120.0
120.0
120.0
119.75
119.75
118.5
118.5
118.5
117.75
117.75
117.25
117.25
117.25
117.25
119.75
119.75
121.5
121.5
122.0
122.0
122.25
122.25
120.0
120.0
119.75
119.75
119.75
119.75
120.75
120.75
122.0
122.0
122.5
122.5
122.5
122.75
122.75
122.75
122.75
122.75
122.75
122.75
122.73529411764706
122.72058823529412
122.70588235294117
122.69117647058823
122.67647058823529
122.66176470588235
122.6470588235294
122.63235294117646
122.61764705882354
122.6029411764706
122.58823529411765
122.57352941176471
122.55882352941177
122.54411764705883
122.52941176470588
122.51470588235294
122.5
122.48529411764706
122.47058823529412
122.45588235294117
122.44117647058823
122.42647058823529
122.41176470588235
122.3970588235294
122.38235294117646
122.36764705882354
122.3529411764706
122.33823529411765
122.32352941176471
122.30882352941177
122.29411764705883
122.27941176470588
122.26470588235294
122.25
122.25
122.5
122.5
121.75
121.75
120.0
120.0
119.5
119.5
120.0
120.0
121.5
121.5
122.0
122.0
121.25
121.25
120.5
120.5
121.0
121.0
121.0
121.25
121.25
122.0
122.0
122.0
122.0
122.5
122.5
122.5
122.25
122.25
122.5
122.5
122.5
122.5
122.5
122.5
122.5
121.0
120.75
120.75
120.75
120.0
120.75
120.75
120.75
120.75
121.0
121.0
121.0
121.0
121.0
121.0
120.25
120.25
120.25
120.25
121.0
122.25
122.25
122.5
122.5
122.0
122.0
121.0
121.0
121.0
119.75
119.75
118.25
118.25
117.25
117.25
118.5
118.5
120.0
120.0
120.0
120.0
120.0
120.0
117.75
117.75
117.75
117.75
116.0
116.0
116.0
116.0
116.0
117.0
117.0
119.25
119.25
119.25
121.0
121.0
121.0
119.75
119.75
118.75
118.75
121.0
121.0
122.75
122.75
121.75
121.75
121.75
121.75
121.5
121.5
116.75
115.25
115.25
115.25
114.25
114.25
114.25
114.0
114.0
114.0
114.5
114.5
116.25
116.25
117.75
117.75
119.0
119.0
119.25
119.25
120.75
120.75
120.75
120.75
120.75
120.75
120.75
120.0
120.0
120.0
120.0
120.0
120.0
120.0
123.0
123.0
124.5
124.5
124.5
124.5
128.25
128.25
128.25
127.0
127.0
127.0
121.75
121.75
120.5
120.5
116.5
116.5
116.5
115.25
115.25
115.25
115.25
115.25
115.25
109.5
109.5
108.5
108.5
108.5
108.5
106.25
106.25
108.75
108.75
111.5
111.5
111.5
112.5
112.5
112.5
116.0
116.0
116.5
116.5
116.75
116.75
115.75
115.75
115.5
115.5
115.5
115.5
114.75
114.75
118.25
118.25
119.75
119.75
119.75
117.25
117.25
116.5
116.5
118.75
118.75
120.25
120.25
121.25
121.25
119.75
119.75
118.25
118.25
118.0
118.0
119.5
119.5
119.75
119.75
120.75
120.75
121.25
121.25
121.75
121.75
121.75
121.75
121.25
121.25
121.75
121.75
122.25
122.25
123.0
123.0
123.5
123.5
122.75
122.75
122.0
122.0
121.0
121.0
121.0
121.0
121.0
121.0
121.0
121.0
121.0
121.0
121.0
121.0
121.0
121.0
121.0
121.0
121.0
121.0
121.0
121.0
123.5
123.5
123.75
123.75
123.75
123.75
123.75
122.75
122.75
123.0
123.0
123.0
123.0
123.25
123.25
123.25
121.5
121.5
121.5
121.5
121.5
122.25
122.25
122.25
122.75
122.75
123.25
123.25
124.5
124.5
123.5
123.5
123.0
123.0
123.0
123.0
123.0
123.0
123.0
123.0
124.25
124.75
124.75
125.0
125.0
125.0
125.0
124.25
124.25
125.0
125.0
126.25
126.25
126.25
126.25
126.25
126.25
126.5
126.5
126.5
127.0
127.0
127.0
127.0
126.0
126.0
125.25
125.25
125.25
125.25
125.5
125.5
125.5
125.5
125.5
125.5
125.5
125.5
126.25
126.75
126.75
127.0
127.0
127.25
127.25
127.75
127.75
127.0
127.0
127.0
127.0
128.5
128.5
128.5
128.5
128.5
128.5
128.5
128.5
128.5
127.5
127.5
127.0
127.0
127.0
124.75
125.25
125.25
125.25
126.25
126.25
126.5
126.5
126.5
126.25
126.25
126.5
126.5
127.0
127.0
127.0
127.0
126.25
126.25
126.0
126.0
126.0
126.0
126.0
126.0
126.0
126.0
125.70833333333333
125.41666666666667
125.125
124.83333333333333
124.54166666666667
124.25
123.95833333333333
123.66666666666667
123.375
123.08333333333333
122.79166666666667
122.5
122.5
123.25
123.25
123.5
123.5
122.0
122.0
123.75
123.75
123.25
123.25
123.0
123.0
124.0
125.5
125.5
125.5
125.5
125.5
125.5
126.25
126.25
126.25
126.25
125.0
125.0
125.0
125.0
123.75
123.75
125.25
125.25
125.25
124.0
124.0
124.0
124.0
123.75
123.75
124.75
124.75
125.5
125.5
125.75
125.75
125.75
125.75
125.0
125.0
124.75
125.0
125.0
124.25
124.25
125.75
125.75
126.25
126.25
125.5
125.5
126.0
126.0
125.25
125.25
125.25
125.25
125.25
126.5
126.5
126.5
124.25
124.25
124.5
124.5
124.25
124.25
124.25
124.5
124.5
127.0
127.0
127.0
127.0
125.75
125.75
125.75
125.0
125.0
125.25
125.25
125.5
125.5
127.0
127.0
127.0
127.0
124.25
124.25
125.75
125.75
125.75
125.75
125.75
125.75
125.75
125.75
124.0
123.5
123.5
123.75
123.75
123.5
123.5
123.5
125.0
125.0
123.5
123.5
123.25
123.25
123.25
124.5
124.5
124.5
124.5
124.75
124.75
126.0
126.0
125.25
125.25
125.0
125.0
126.25
126.25
128.5
128.5
128.5
126.5
126.5
126.25
126.25
126.25
126.25
126.25
126.25
124.75
124.75
125.75
125.75
124.5
124.5
124.25
124.25
126.0
126.0
126.5
126.5
126.5
127.0
127.0
126.5
126.5
126.5
126.5
123.75
123.75
126.0
126.0
126.25
126.25
126.0
126.0
126.0
126.0
126.0
126.0
123.5
123.5
123.75
124.0
124.0
124.0
124.5
124.5
125.25
125.25
125.5
125.5
126.5
126.5
126.5
126.5
128.0
128.0
126.75
126.75
126.75
124.25
124.25
124.0
124.25
124.25
124.25
125.0
125.0
126.25
126.25
126.25
126.0
126.0
126.0
126.0
126.0
126.0
124.0
124.0
124.0
124.0
124.0
122.0
122.0
122.0
122.0
122.5
122.5
122.5
122.5
122.0
122.0
121.75
121.75
122.75
122.75
124.0
124.0
124.75
124.75
124.75
124.75
125.25
125.25
125.5
125.5
125.75
125.75
126.5
126.5
126.5
126.5
126.5
126.5
126.5
126.0
126.0
125.25
125.25
125.0
125.0
125.0
125.0
125.0
124.75
124.75
124.75
124.75
124.75
124.75
124.75
124.75
123.75
123.75
123.75
123.75
125.75
125.75
127.5
127.5
128.75
128.75
129.5
129.5
129.5
129.5
129.75
129.75
129.75
129.75
129.75
129.75
129.75
130.32142857142858
130.89285714285714
131.46428571428572
132.03571428571428
132.60714285714286
133.17857142857142
133.75
135.0
135.0
135.0
135.25
135.25
136.25
136.25
136.5
136.5
136.25
136.25
137.75
137.75
136.75
136.75
135.0
135.0
134.25
134.25
134.25
134.25
134.25
134.25
134.25
125.0
125.0
123.25
123.25
122.0
122.0
121.75
121.75
122.75
122.75
124.0
124.0
124.75
124.75
127.5
129.75
129.75
130.5
130.5
130.75
130.75
134.0
134.0
134.5
134.5
134.75
134.75
134.75
134.75
134.75
136.25
136.25
136.25
137.0
137.0
137.0
137.0
137.0
137.0
137.0
137.0
137.0
137.0
135.28571428571428
133.57142857142858
131.85714285714286
130.14285714285714
128.42857142857142
126.71428571428571
125.0
123.28571428571429
121.57142857142857
119.85714285714286
118.14285714285714
116.42857142857143
114.71428571428572
113.0
111.28571428571429
109.57142857142857
107.85714285714286
106.14285714285714
104.42857142857143
102.71428571428572
101.0
101.0
102.0
102.0
102.0
105.0
105.0
106.0
106.0
106.25
106.25
106.25
106.25
106.25
111.25
111.25
112.75
112.75
114.0
114.0
114.5
114.5
114.5
114.0
114.0
114.0
114.0
114.0
114.0
114.0
114.0
111.75
111.75
111.25
111.25
111.25
111.25
111.25
111.25
111.25
111.25
111.25
109.25
109.25
107.25
107.25
107.25
106.75
106.75
108.75
108.75
108.75
108.75
108.75
114.5
114.5
114.5
112.75
112.75
112.25
112.25
112.25
112.25
109.5
109.5
109.5
111.5
111.5
111.75
111.75
111.75
112.0
112.0
112.25
112.25
111.25
111.25
110.75
110.75
110.5
110.5
113.75
113.75
115.75
115.75
113.25
113.25
112.25
112.25
112.25
112.5
112.5
112.75
112.75
112.75
112.75
117.75
117.75
117.75
116.5
116.5
115.25
115.25
114.25
114.25
113.75
113.75
113.75
113.75
113.25
113.25
113.75
113.75
113.75
114.75
114.75
114.75
117.75
117.75
118.0
118.0
119.5
119.5
119.5
119.5
119.75
119.75
118.0
118.0
119.5
119.5
120.25
120.25
120.25
120.25
121.75
121.75
121.5
121.5
121.5
121.5
121.25
121.25
120.5
120.5
120.5
120.5
119.25
119.25
120.0
120.0
121.5
121.5
121.5
120.25
120.25
120.25
120.0
120.25
120.25
120.25
121.0
121.25
121.25
121.25
121.25
121.0
121.0
120.75
120.75
120.75
120.75
120.75
120.75
121.25
121.25
121.25
121.25
121.0
121.0
121.0
121.0
120.75
120.75
121.0
121.0
121.0
121.0
121.0
123.25
123.25
123.5
123.5
125.0
125.0
125.0
125.0
124.25
124.25
124.5
124.5
124.5
124.5
124.5
124.5
124.5
124.5
122.0
122.0
121.5
121.5
122.25
122.25
123.25
123.25
123.25
123.25
123.5
123.5
123.5
123.5
122.5
122.5
122.5
120.5
120.5
122.25
122.25
123.0
123.0
123.25
123.25
123.5
123.5
120.75
120.75
119.75
119.75
119.75
122.0
122.0
122.25
122.25
122.25
122.25
122.25
122.25
122.25
122.25
122.25
122.5
122.5
122.5
122.5
124.0
124.0
124.0
125.0
125.0
123.5
123.5
123.25
123.25
123.75
123.75
123.75
123.75
123.75
123.75
123.75
123.75
123.75
120.25
120.25
122.5
122.5
124.0
124.0
124.0
124.0
123.25
123.25
121.5
121.5
121.0
121.0
119.0
119.0
118.75
118.75
118.25
118.25
117.75
117.75
118.0
118.0
118.25
118.25
118.25
118.25
117.0
117.0
117.25
117.25
117.25
117.25
117.25
117.25
117.25
121.0
121.0
120.25
120.25
120.25
120.25
120.25
120.25
121.25
121.25
121.5
121.5
121.25
121.25
121.25
120.5
120.5
120.5
120.5
120.5
120.5
120.5
120.5
120.0
120.0
120.0
120.0
119.75
119.75
119.25
119.25
119.0
119.0
119.0
119.0
119.25
119.25
119.25
119.25
119.0
119.0
119.0
119.0
119.0
119.0
119.0
119.0
119.0
119.0
119.0
119.0
119.56944444444444
120.13888888888889
120.70833333333333
121.27777777777777
121.84722222222223
122.41666666666667
122.98611111111111
123.55555555555556
124.125
124.69444444444444
125.26388888888889
125.83333333333333
126.40277777777777
126.97222222222223
127.54166666666667
128.11111111111111
128.68055555555554
129.25
129.25
128.75
128.25
128.25
127.0
127.0
125.0
125.0
123.25
123.25
121.5
121.5
120.75
120.75
121.0
121.0
122.25
122.25
122.75
122.75
123.0
123.0
124.5
124.5
124.5
124.5
123.25
123.25
124.0
124.0
125.0
125.25
125.25
125.25
125.25
113.0
113.0
112.5
112.5
112.5
112.5
112.5
112.5
112.5
112.5
112.5
115.79166666666667
119.08333333333333
122.375
125.66666666666667
128.95833333333334
132.25
131.25
131.25
132.0
132.0
131.0
131.0
131.0
131.0
131.0
131.0
131.0
127.75
127.75
127.75
122.25
122.25
122.25
122.25
117.0
117.0
114.75
114.75
110.75
110.75
110.75
101.75
101.75
100.75
100.75
102.5
102.5
103.5
103.5
104.0
104.0
104.0
104.0
104.0
104.0
104.0
88.25
88.25
85.75
85.75
85.75
85.5
85.5
84.0
84.0
84.0
83.75
83.75
83.75
83.75
83.75
105.75
105.75
105.75
107.59722222222223
109.44444444444444
111.29166666666667
113.13888888888889
114.98611111111111
116.83333333333333
118.68055555555556
120.52777777777777
122.375
124.22222222222223
126.06944444444444
127.91666666666667
129.76388888888889
131.61111111111111
133.45833333333334
135.30555555555554
137.15277777777777
139.0
139.0
138.75
138.75
138.75
138.25
138.25
138.25
139.5
140.0
140.0
140.5
140.5
140.5
142.75
142.75
142.75
145.0
145.0
145.25
145.25
145.25
145.25
151.75
152.25
152.25
152.25
150.25
150.25
146.5
146.5
147.5
147.5
144.25
144.25
142.75
142.75
142.75
137.75
137.75
137.75
134.25
134.25
134.25
132.5
132.5
132.5
131.75
131.75
131.5
131.5
133.5
135.75
135.75
138.0
138.0
140.25
140.25
140.25
140.25
140.25
140.25
140.5
140.5
141.25
141.25
140.75
140.75
136.75
136.75
136.75
128.5
128.5
127.5
127.5
126.5
126.5
126.5
126.25
126.25
126.25
126.25
126.25
126.25
124.25
124.25
124.25
124.25
135.0
135.0
133.5
133.5
129.25
129.25
128.5
128.5
128.5
128.5
127.0
127.0
125.25
125.25
124.25
124.25
124.25
124.25
124.25
124.25
124.25
124.25
124.25
127.46428571428571
130.67857142857142
133.89285714285714
137.10714285714286
140.32142857142858
143.53571428571428
146.75
146.75
142.5
142.5
136.75
136.75
132.0
132.0
131.25
131.25
130.75
130.75
130.75
130.75
130.75
130.75
130.75
129.79545454545453
128.8409090909091
127.88636363636364
126.93181818181819
125.97727272727273
125.02272727272727
124.06818181818181
123.11363636363636
122.1590909090909
121.20454545454545
120.25
120.25
118.75
118.75
117.75
117.75
117.75
117.75
117.75
117.75
120.5
120.5
121.25
121.25
123.0
123.0
123.0
125.5
125.5
127.0
128.0
128.0
128.25
128.25
130.5
130.5
130.5
130.5
133.5
133.75
133.75
134.5
134.5
135.75
135.75
135.75
135.75
134.75
134.0
134.0
132.75
132.75
132.75
131.0
131.0
131.0
131.0
131.0
131.0
135.75
135.75
137.75
137.75
137.75
139.0
139.0
142.75
142.75
144.0
144.0
144.0
144.5
144.5
144.5
144.5
144.5
144.5
144.5
144.5
144.5
