148.75
150.25
150.25
151.0
151.5
151.5
151.75
151.75
151.0
151.0
148.5
148.5
147.25
147.25
147.25
143.75
143.75
144.5
144.5
144.5
143.0
143.0
141.5
141.5
141.5
141.0
141.0
141.0
141.0
141.0
141.0
141.0
141.0
141.0
138.0625
135.125
132.1875
129.25
129.25
125.75
125.75
124.25
124.25
125.0
125.0
127.0
127.0
127.0
128.0
128.0
132.75
134.5
134.5
130.75
130.75
129.25
129.25
128.75
128.75
128.8
128.85
128.9
128.95
129.0
129.0
129.0
129.0
129.0
129.0
129.0
128.15384615384616
127.3076923076923
126.46153846153847
125.61538461538461
124.76923076923077
123.92307692307692
123.07692307692308
122.23076923076923
121.38461538461539
120.53846153846153
119.6923076923077
118.84615384615384
118.0
118.0
118.75
118.75
118.75
117.0
117.0
115.75
115.75
115.5
115.5
115.25
115.25
115.75
115.75
115.25
115.25
116.0
116.0
116.0
116.0
116.25
116.25
116.25
116.25
116.25
116.25
119.875
123.5
127.125
130.75
130.75
130.75
130.75
130.75
130.75
130.75
130.75
130.75
130.75
130.75
130.75
130.475
130.2
129.925
129.65
129.375
129.1
128.825
128.55
128.275
128.0
128.0
128.0
128.0
129.0
129.0
130.5
131.75
131.75
132.0
132.0
132.0
132.0
129.75
129.75
129.25
129.25
128.5
129.5
129.5
131.0
131.0
130.5
130.5
130.5
130.5
132.0
132.0
132.0
132.25
132.25
132.25
125.75
125.75
125.75
125.0
125.0
127.75
127.75
132.75
132.75
134.0
134.0
133.5
131.75
131.75
131.75
131.75
131.0
131.0
134.0
134.0
135.5
135.5
136.0
136.0
137.25
137.25
137.25
138.0
138.75
138.75
137.75
137.75
136.25
136.25
136.25
133.25
133.25
128.5
128.5
128.75
128.75
130.25
130.25
131.75
131.75
133.75
133.75
134.0
134.0
134.0
130.75
130.75
129.75
129.75
130.0
130.0
130.5
130.5
131.75
131.75
131.0
131.0
132.25
132.75
132.75
132.75
136.0
136.0
136.0
136.0
133.5
132.75
132.75
134.0
134.0
134.0
134.0
134.0
134.25
134.25
134.25
132.5
132.5
135.5
135.5
137.0
137.0
140.0
140.0
140.0
143.0
143.0
145.0
145.0
145.0
145.5
145.5
145.5
142.25
142.25
142.5
142.5
142.5
142.0
142.0
142.0
142.0
139.75
139.75
140.5
140.5
140.5
133.25
133.25
134.5
134.5
136.0
136.0
137.5
137.5
137.5
135.25
135.25
136.25
136.25
136.25
136.25
135.5
135.5
136.75
136.75
139.5
140.5
140.5
141.5
141.5
141.75
141.75
141.75
141.75
140.0
140.0
140.75
140.5
140.5
139.0
139.0
139.0
135.75
135.75
135.0
135.0
135.25
136.5
136.5
137.75
137.75
139.0
140.25
140.25
140.25
141.0
141.0
141.25
141.25
139.25
139.25
140.0
140.0
139.5
139.5
138.25
138.25
136.0
134.5
134.5
134.5
134.5
131.0
131.0
131.0
132.25
132.25
134.75
134.75
135.5
135.5
135.5
136.5
136.5
134.25
134.25
134.0
134.0
134.0
134.0
134.0
134.0
134.0
135.25
135.25
135.25
138.5
139.0
139.0
139.25
139.25
139.25
139.25
139.25
139.25
125.0
125.0
114.0
114.0
114.0
114.0
114.0
112.25
112.25
112.25
112.25
109.7
107.15
104.6
102.05
99.5
99.5
99.25
99.25
99.25
99.25
99.25
91.75
91.75
89.0
89.0
89.0
88.75
88.75
88.0
88.0
88.0
89.0
89.0
89.0
89.5
89.5
93.25
93.25
93.25
93.75
93.75
93.75
93.75
93.75
96.4375
99.125
101.8125
104.5
107.1875
109.875
112.5625
115.25
117.9375
120.625
123.3125
126.0
126.0
127.25
127.25
127.75
127.75
127.75
127.75
127.75
127.75
127.75
127.75
128.0
128.0
129.0
129.0
129.0
129.0
128.25
127.5
127.5
128.75
128.75
130.25
130.25
131.5
131.5
133.75
137.25
137.25
137.25
139.0
139.25
139.25
139.25
131.0
131.0
131.75
131.75
131.75
132.25
132.25
130.75
130.75
130.75
130.75
130.75
132.0
132.0
134.25
134.25
134.25
136.5
136.5
136.5
136.25
136.25
136.25
136.25
136.25
136.25
136.25
137.25
137.25
136.0
136.0
137.0
138.25
138.25
138.25
137.0
137.0
137.0
136.5
136.5
136.5
137.0
137.0
137.0
138.25
138.25
138.75
138.75
139.75
139.75
135.25
135.25
135.25
136.5
136.5
137.25
137.25
137.25
137.25
137.25
141.75
141.75
142.0
140.25
140.25
138.75
138.75
138.75
138.75
139.0
139.0
139.0
140.0
140.0
140.5
140.75
140.75
140.75
140.75
141.25
141.25
142.25
142.25
142.25
141.0
141.0
140.25
139.75
139.75
139.5
139.5
138.0
138.0
137.0
137.0
137.0
138.5
138.5
139.25
139.25
138.5
137.25
137.25
134.0
134.0
134.25
134.25
134.25
134.25
134.25
134.25
134.25
134.25
134.25
129.5
128.75
128.75
128.75
133.25
133.25
134.0
134.0
134.0
134.0
134.0
134.0
134.0
134.0
134.0
136.75
138.75
138.75
139.5
139.5
139.75
139.75
138.75
138.75
138.0
138.0
138.0
135.75
135.75
135.75
140.25
140.25
138.75
138.75
138.75
138.75
139.0
139.25
139.25
139.25
139.25
138.75
138.75
140.0
140.0
141.0
141.0
141.75
141.75
141.75
143.0
142.75
142.75
142.75
142.75
142.75
141.5
141.5
141.5
137.25
137.25
138.5
138.5
139.25
139.25
137.0
137.0
137.0
131.25
130.5
130.5
132.5
132.5
132.5
132.5
136.0
136.25
136.25
136.25
136.25
136.25
137.66666666666666
139.08333333333334
140.5
140.5
140.5
140.5
140.5
142.25
142.25
142.25
143.75
143.75
143.75
142.5
142.5
142.5
142.5
143.5
143.5
143.5
143.5
143.5
144.0
145.0
145.0
145.0
145.0
145.25
145.5
145.5
146.0
146.0
144.5
143.75
143.75
143.75
144.5
144.5
143.5
143.5
142.5
142.5
139.0
139.0
138.25
138.75
138.75
139.5
139.5
139.75
139.25
139.25
140.5
140.5
141.75
142.0
142.0
141.75
141.75
142.0
142.0
142.5
141.75
141.75
142.25
142.25
143.0
143.0
143.0
143.75
143.75
143.5
143.0
143.0
141.0
141.0
141.0
141.5
141.5
139.5
139.5
139.25
139.25
140.0
140.0
140.75
141.75
141.75
141.25
141.25
141.25
141.25
141.75
141.75
141.0
141.0
141.5
141.5
141.75
141.75
142.0
142.25
142.25
142.5
142.5
142.75
142.75
143.25
143.25
143.25
151.25
151.25
152.25
147.0
147.0
144.25
144.25
142.25
142.25
142.0
142.0
142.0
142.75
144.5
144.5
145.75
145.75
146.5
146.5
145.25
145.25
147.25
147.25
147.75
146.0
146.0
146.0
144.5
144.5
145.75
145.75
149.0
149.0
149.0
149.0
149.0
149.0
149.0
149.0
149.0
149.0
149.0
149.0
149.0
150.25
151.0
151.0
151.5
151.5
152.0
152.0
152.0
152.0
152.0
152.0
152.0
152.0
152.0
150.75
149.5
148.25
148.25
147.25
147.25
147.0
147.0
147.0
148.0
149.25
149.25
149.25
151.0
151.0
152.5
152.5
152.75
152.75
154.75
154.75
155.0
155.0
155.5
155.5
155.25
155.25
155.75
155.75
155.75
157.5
157.5
158.75
158.75
160.75
160.75
158.75
158.75
159.25
158.75
158.75
160.0
160.0
160.5
160.75
160.75
162.25
162.25
159.25
159.25
158.25
158.25
155.5
155.5
154.25
154.25
153.5
152.75
152.75
150.25
150.25
151.0
151.0
151.75
151.75
151.75
152.0
152.0
152.0
152.0
152.0
152.0
150.67857142857142
149.35714285714286
148.03571428571428
146.71428571428572
145.39285714285714
144.07142857142858
142.75
143.25
143.25
145.0
146.75
146.75
146.5
146.5
146.5
146.5
147.5
147.25
147.25
148.25
148.25
148.25
149.0
149.0
149.0
149.0
149.0
149.0
149.0
149.0
147.25
147.25
146.75
146.75
145.5
145.5
145.5
147.75
147.0
147.0
146.75
146.75
146.25
145.0
145.0
144.5
144.5
146.5
146.5
141.75
141.75
142.75
142.75
146.5
146.5
147.75
148.25
148.25
145.75
145.75
145.75
147.25
147.25
150.0
150.0
149.25
148.25
148.25
148.25
148.25
146.75
146.75
146.0
146.0
146.0
146.0
146.0
146.0
146.0
145.83333333333334
145.66666666666666
145.5
145.33333333333334
145.16666666666666
145.0
144.83333333333334
144.66666666666666
144.5
144.33333333333334
144.16666666666666
144.0
143.83333333333334
143.66666666666666
143.5
143.33333333333334
143.16666666666666
143.0
143.0
142.5
143.5
143.5
143.5
144.25
144.25
145.0
145.0
144.75
144.75
144.75
144.75
144.75
144.25
144.5
144.5
144.5
144.5
143.5
143.5
143.25
143.75
143.75
144.25
144.25
144.75
145.25
145.25
144.5
144.5
144.5
144.25
144.25
142.75
142.75
142.5
142.5
140.75
138.25
138.25
138.0
138.0
138.75
138.75
138.75
141.0
138.0
138.0
138.0
138.0
139.5
140.25
140.25
140.25
142.0
142.0
140.5
140.5
140.5
139.25
140.0
140.0
143.0
143.0
143.5
143.5
143.5
144.25
144.75
144.75
145.0
145.0
145.0
145.0
145.0
144.25
144.25
144.0
142.0
142.0
140.75
140.75
139.25
139.25
139.25
139.25
141.25
141.5
141.5
142.5
142.5
142.5
143.25
141.75
141.75
141.75
141.75
142.25
142.25
142.75
142.75
144.0
144.0
144.25
144.25
143.75
143.75
141.0
141.0
139.75
139.75
136.0
136.0
136.0
133.25
133.25
128.25
128.25
128.25
126.25
124.75
124.75
125.0
125.0
125.25
125.25
127.5
127.5
128.0
128.0
129.5
129.5
130.5
130.5
132.75
132.75
133.0
133.0
135.5
135.5
135.5
130.25
130.25
130.25
130.0
130.0
130.0
130.0
130.0
130.0
130.0
129.52777777777777
129.05555555555554
128.58333333333334
128.11111111111111
127.63888888888889
127.16666666666667
126.69444444444444
126.22222222222223
125.75
125.27777777777777
124.80555555555556
124.33333333333333
123.86111111111111
123.38888888888889
122.91666666666667
122.44444444444444
121.97222222222223
121.5
121.5
121.5
117.0
117.0
116.0
116.0
120.0
120.0
122.0
122.0
123.5
123.5
125.0
124.75
124.75
124.75
124.75
124.75
123.25
123.25
120.25
120.25
120.25
120.25
120.25
120.25
118.25
118.25
118.25
118.25
120.5
120.5
120.5
120.5
118.25
118.25
118.25
118.25
119.75
119.75
120.25
120.25
120.25
120.25
121.5
121.5
122.0
122.0
123.25
123.25
123.75
123.75
125.25
125.25
124.5
124.5
124.0
124.0
126.25
126.25
129.75
129.75
131.75
131.75
133.75
133.75
133.75
131.75
131.75
131.75
128.5
128.5
128.5
131.0
131.0
130.0
130.0
126.75
126.75
125.5
125.5
121.25
121.25
118.0
118.0
117.5
117.5
119.5
119.5
123.0
123.0
126.25
127.5
127.5
125.5
125.5
123.5
123.5
122.75
122.75
122.75
122.75
122.75
122.75
122.75
122.75
122.75
122.75
116.75
116.75
116.75
122.25
122.25
124.75
124.75
129.25
129.25
133.25
133.25
136.25
136.25
138.25
138.31578947368422
138.3815789473684
138.44736842105263
138.51315789473685
138.57894736842104
138.64473684210526
138.71052631578948
138.77631578947367
138.8421052631579
138.9078947368421
138.97368421052633
139.03947368421052
139.10526315789474
139.17105263157896
139.23684210526315
139.30263157894737
139.3684210526316
139.43421052631578
139.5
139.5
140.75
140.75
141.25
141.25
141.25
141.5
141.5
141.5
141.5
141.5
141.5
141.5
141.5
140.58333333333334
139.66666666666666
138.75
137.83333333333334
136.91666666666666
136.0
136.0
131.75
131.75
131.75
131.75
120.0
120.0
118.75
118.75
118.25
118.25
118.25
122.25
122.25
124.75
124.75
127.0
127.0
127.0
128.5
128.5
132.75
132.75
135.5
135.5
135.0
135.0
133.75
131.0
131.0
130.0
130.0
127.0
127.0
125.5
125.5
125.75
125.75
127.0
127.0
130.25
130.25
132.75
133.25
133.25
135.25
135.25
135.25
138.75
138.75
139.75
139.75
140.0
140.0
140.0
138.75
138.75
138.75
138.75
138.75
138.75
138.75
138.75
136.25
136.25
135.0
135.0
134.5
134.5
135.75
135.75
137.25
137.25
137.25
137.25
137.25
136.5
136.5
136.25
136.25
136.25
137.5
137.5
137.5
137.5
138.0
139.25
139.25
139.25
139.25
137.75
137.0
137.0
138.0
138.0
139.0
139.0
139.0
139.75
139.75
140.0
140.0
140.0
139.75
139.75
140.25
140.25
140.5
141.5
141.5
140.0
140.0
139.25
139.25
136.75
136.75
132.75
132.75
130.0
130.0
130.25
130.25
133.75
133.75
134.5
134.5
134.5
135.0
135.0
134.75
134.75
134.75
128.0
128.0
128.0
124.5
124.5
124.5
124.5
124.5
126.5
126.5
127.25
127.25
120.0
120.0
120.0
120.0
117.5
117.5
118.75
118.75
119.5
119.5
119.5
120.25
120.25
116.0
116.0
114.25
114.25
109.5
109.5
111.5
111.5
115.75
115.75
123.0
123.0
126.75
126.75
126.0
126.0
125.0
125.0
116.5
116.5
115.0
115.0
111.5
111.5
108.0
108.0
108.0
107.5
107.5
110.25
110.25
110.25
110.25
111.25
111.25
109.75
109.75
117.5
117.5
122.25
124.0
124.0
119.5
119.5
117.5
117.5
117.5
117.0
117.0
117.0
117.0
116.01923076923077
115.03846153846153
114.0576923076923
113.07692307692308
112.09615384615384
111.11538461538461
110.13461538461539
109.15384615384616
108.17307692307692
107.1923076923077
106.21153846153847
105.23076923076923
104.25
104.25
104.25
104.5
104.5
104.5
104.5
104.5
104.5
104.5
102.0
102.0
101.5
101.5
110.75
110.75
110.75
110.75
110.75
114.25
114.625
115.0
115.375
115.75
116.125
116.5
116.875
117.25
117.625
118.0
118.375
118.75
119.125
119.5
119.875
120.25
120.625
121.0
121.375
121.75
122.125
122.5
125.75
125.75
125.75
125.75
127.5
127.5
126.0
126.0
126.0
125.75
125.75
125.75
125.75
126.0
126.0
121.25
121.25
121.0
121.0
121.0
124.75
124.75
125.75
125.75
127.75
127.75
127.75
129.0
129.0
129.0
129.0
129.0
129.0
123.75
123.75
122.25
122.25
121.0
121.0
120.25
120.25
119.5
119.5
118.25
118.25
118.25
118.25
118.25
118.5
118.5
119.75
119.75
123.0
123.0
123.0
123.75
123.75
123.75
123.75
123.75
123.75
123.75
123.75
121.4375
119.125
116.8125
114.5
112.1875
109.875
107.5625
105.25
105.25
108.75
108.75
108.75
112.25
112.25
112.25
112.25
113.25
113.25
113.25
113.25
116.25
116.25
116.25
116.25
116.25
118.0
118.0
122.75
122.75
121.25
121.25
121.25
121.25
120.75
120.75
120.75
120.75
116.75
116.75
117.0
117.0
117.25
117.25
116.0
116.0
116.0
116.0
116.0
116.0
116.0
116.0
115.75
115.75
115.75
115.75
115.75
121.33333333333333
126.91666666666667
132.5
132.5
134.0
134.0
136.0
136.0
138.25
139.5
139.5
139.5
139.75
139.75
138.25
138.25
135.75
135.75
137.0
137.0
136.5
136.5
135.25
136.0
136.0
136.75
136.75
136.75
139.5
139.5
139.5
139.5
139.5
139.5
138.25
138.75
138.75
139.0
139.0
139.75
139.75
139.75
139.75
139.75
143.0
143.5
143.5
141.5
141.5
139.5
139.5
139.5
142.75
142.75
143.25
143.25
143.25
143.25
144.0
144.0
144.0
144.75
144.75
144.75
144.75
144.75
144.75
144.75
148.5
148.5
147.5
147.5
146.75
147.0
147.0
147.0
147.0
147.0
146.5
146.5
146.25
146.75
146.75
146.25
146.25
145.0
145.0
144.0
144.5
144.5
144.75
144.75
142.25
140.75
140.75
141.25
141.25
139.75
139.5
139.5
140.0
140.0
139.5
139.25
139.25
139.25
138.75
138.75
138.75
141.25
141.5
141.5
141.5
140.0
140.5
140.5
141.25
141.25
142.5
142.5
142.5
143.25
143.25
143.25
141.75
141.75
141.75
140.75
140.75
140.5
140.5
140.25
140.25
138.75
138.75
138.75
138.75
138.0
138.0
138.5
138.5
137.75
137.75
137.0
137.25
137.25
138.75
138.75
139.25
139.25
139.5
139.25
139.25
138.75
138.75
139.0
139.0
139.0
139.25
139.25
141.0
141.0
140.5
140.5
140.5
140.0
140.0
140.5
140.5
140.75
141.0
141.0
141.25
141.25
141.5
141.5
141.0
141.0
141.0
138.25
138.25
140.0
140.5
140.5
140.0
140.25
140.25
140.75
140.75
142.25
142.25
143.25
146.0
146.0
146.0
146.0
145.25
145.25
144.25
143.75
143.75
143.75
144.0
144.0
142.0
142.0
141.25
141.25
141.75
141.75
141.75
141.75
141.75
141.75
139.5
139.5
139.5
141.5
141.5
141.5
145.5
145.5
146.75
146.75
147.75
147.75
148.0
148.0
144.75
144.75
142.75
141.5
141.5
141.5
141.5
140.75
140.75
140.25
137.75
137.75
137.75
137.75
141.5
142.0
142.0
141.25
141.25
141.25
142.5
142.5
143.5
143.5
143.5
143.5
143.5
143.0
143.0
143.5
144.0
144.0
143.5
143.5
143.5
143.5
143.5
142.75
142.75
142.75
136.25
136.25
140.5
140.5
144.75
144.75
145.0
145.0
145.0
145.0
145.0
144.75
144.75
144.25
144.25
144.25
143.75
143.75
143.0
143.0
143.25
143.25
143.25
142.75
142.75
142.75
142.75
143.25
143.25
142.5
142.5
142.5
142.5
141.75
141.75
141.25
141.25
141.25
140.0
140.0
140.25
140.25
140.75
140.75
141.25
141.25
141.25
142.25
142.25
141.5
141.5
141.25
142.0
142.0
142.5
142.5
142.75
142.75
142.75
143.0
143.0
143.25
143.25
143.25
143.75
143.75
143.75
143.75
145.5
145.5
146.0
146.0
146.0
145.75
145.75
145.25
145.25
145.25
145.25
143.75
143.75
143.25
143.25
143.25
143.25
140.75
140.75
139.75
139.75
139.75
139.75
139.75
137.25
137.25
139.5
140.25
140.25
141.0
141.0
142.25
142.25
142.75
142.75
143.25
143.25
143.25
145.5
145.5
145.5
146.75
146.75
146.75
146.75
146.75
148.75
148.75
150.0
150.0
147.5
147.5
150.5
150.5
151.0
151.0
151.0
151.0
151.0
150.25
150.25
150.25
150.0
150.0
148.5
148.5
147.25
147.25
141.5
141.5
141.5
141.5
141.0
141.0
141.0
143.0
143.0
143.75
144.25
144.25
144.25
145.75
145.75
145.25
145.25
145.25
145.25
145.75
145.75
145.5
143.5
143.5
143.5
143.5
141.25
141.25
141.25
141.25
141.25
141.25
141.25
142.29166666666666
143.33333333333334
144.375
145.41666666666666
146.45833333333334
147.5
147.5
147.5
147.5
147.5
147.5
148.5
148.5
149.0
149.0
147.5
147.5
145.75
145.75
146.75
146.75
146.75
147.0
147.0
146.75
146.75
147.5
147.75
147.75
147.75
147.75
147.25
147.5
147.5
146.5
146.5
146.5
147.25
147.25
145.0
144.25
144.25
144.25
144.25
144.25
144.25
144.25
144.25
144.25
144.25
144.25
144.25
146.25
146.25
146.25
146.25
148.25
148.25
148.75
148.75
148.0
147.5
147.5
147.25
147.25
147.25
147.75
147.75
146.25
147.25
147.25
147.25
147.25
147.25
146.0
146.0
145.75
145.75
144.25
144.25
144.25
144.25
145.25
145.25
144.75
144.75
143.75
143.75
141.75
141.75
141.75
141.75
141.75
141.75
145.0
145.0
145.0
145.5
146.0
146.0
146.0
151.75
151.75
149.0
149.0
148.5
147.75
147.75
147.75
146.25
146.25
148.0
148.0
149.0
149.0
149.25
149.25
149.75
149.75
149.75
151.25
151.25
150.75
150.75
152.25
153.25
153.25
153.25
155.75
155.75
155.0
155.0
155.0
156.5
156.5
156.75
156.5
156.5
156.0
155.25
155.25
155.25
155.0
155.0
155.0
153.75
152.0
152.0
151.75
151.75
151.75
151.5
151.5
149.75
149.75
150.25
150.5
150.5
150.5
151.25
151.25
148.5
148.5
151.25
151.25
151.25
152.0
152.0
151.25
151.25
151.75
151.75
152.75
152.75
152.75
154.25
153.5
153.5
153.5
153.5
153.25
153.25
153.25
153.25
153.5
153.5
152.75
152.75
152.75
155.5
155.5
155.5
156.25
156.25
156.25
156.25
156.25
156.25
156.25
153.25
154.5
154.5
155.5
155.5
156.0
156.25
156.25
156.25
156.25
156.25
156.25
156.25
156.25
150.25
144.25
138.25
132.25
126.25
126.25
126.25
131.75
131.75
125.75
125.75
124.75
124.75
126.5
126.5
124.25
121.5
121.5
121.5
119.75
119.75
117.25
117.25
115.75
115.75
116.0
116.0
116.5
116.5
116.75
116.75
117.25
117.25
117.25
117.25
117.25
117.25
117.25
117.25
117.25
117.25
117.25
116.0
116.0
115.75
115.75
115.75
115.75
115.75
115.75
115.75
115.75
115.75
115.75
115.75
115.75
115.75
102.75
102.75
102.75
102.0
102.0
102.0
102.0
102.0
102.0
102.0
102.0
110.5
110.5
110.75
110.75
110.75
110.75
110.75
118.5
118.5
119.25
119.25
119.25
119.25
119.5
119.5
119.5
119.5
119.5
119.81818181818181
120.13636363636364
120.45454545454545
120.77272727272727
121.0909090909091
121.4090909090909
121.72727272727273
122.04545454545455
122.36363636363636
122.68181818181819
123.0
123.0
124.25
124.25
125.0
125.0
124.66666666666667
124.33333333333333
124.0
124.0
124.0
121.25
121.25
116.75
116.75
114.25
114.25
114.25
114.25
113.75
113.75
121.0
121.0
123.75
123.75
124.5
124.5
126.0
126.0
127.75
127.75
131.25
132.0
132.0
132.0
132.0
132.5
132.5
130.5
130.5
130.5
124.75
124.75
124.75
124.75
122.25
122.25
124.0
124.0
125.5
125.5
126.75
127.25
127.25
125.25
125.25
125.25
125.5
125.5
125.5
125.5
125.5
125.5
126.75
126.75
127.5
127.5
128.0
128.0
128.0
128.25
128.25
128.25
128.25
128.5
128.5
128.5
128.5
128.5
128.5
128.5
128.5
128.5
128.5
128.5
128.5
128.5
128.5
129.0
129.0
129.0
129.0
129.0
129.0
121.5
121.5
121.5
121.5
121.5
121.5
121.5
121.5
121.5
129.75
129.75
129.75
129.75
132.75
132.75
132.75
134.5
134.5
134.5
134.5
134.5
134.5
134.5
134.5
134.5
134.25
134.25
135.25
135.25
135.5
135.5
137.0
137.0
137.25
137.25
137.25
139.0
139.0
137.5
138.0
138.0
137.0
137.0
137.0
134.75
134.0
134.0
135.0
135.0
135.0
135.75
135.75
135.75
139.5
139.5
139.75
139.75
139.75
139.75
139.5
141.25
141.25
141.25
137.75
137.75
137.75
132.5
132.5
132.5
131.5
131.5
131.5
131.5
136.75
136.75
137.0
137.0
138.0
138.0
135.5
135.5
136.0
136.0
136.5
136.5
136.5
135.5
135.5
135.5
135.5
135.5
135.5
136.25
136.25
136.25
136.25
139.5
139.5
139.5
135.5
135.5
137.25
137.25
137.5
137.75
137.75
139.25
139.25
139.0
139.0
137.0
137.0
137.0
138.75
138.75
138.75
138.75
139.75
139.75
140.75
140.75
140.5
140.5
141.25
141.25
142.0
142.0
139.25
139.25
141.5
141.5
141.5
138.5
136.5
136.5
136.5
136.5
139.5
139.5
139.75
139.75
139.75
142.5
142.5
137.25
137.25
135.75
135.75
135.75
132.75
132.75
132.5
132.5
132.5
132.5
132.5
132.5
132.5
133.75
133.75
133.5
133.5
134.75
134.75
134.5
134.5
134.0
134.0
134.0
132.25
132.25
132.25
131.5
131.5
132.25
132.75
132.75
133.25
133.25
133.25
132.75
132.75
130.75
130.75
130.0
130.0
130.5
130.5
130.5
130.5
130.5
129.0
129.0
127.5
127.5
124.5
124.5
124.0
124.0
120.5
120.5
119.5
119.5
119.5
119.25
119.25
119.25
119.25
112.5
112.5
112.5
113.75
113.75
113.75
120.75
120.75
122.5
121.75
121.75
121.75
121.0
121.0
121.0
121.0
121.0
123.0
123.0
123.0
123.0
117.5
117.5
117.5
117.5
117.5
117.5
120.0
120.0
120.0
120.0
120.0
119.5
119.5
119.25
119.25
119.5
119.5
119.5
119.5
118.5
118.5
118.75
118.75
119.75
119.75
119.75
120.75
120.75
120.75
121.0
121.0
122.25
122.25
122.75
122.75
122.5
122.5
122.5
122.5
122.5
122.5
122.5
122.5
122.5
122.5
122.5
122.25
122.25
122.25
122.25
122.25
122.25
121.75
121.75
123.5
123.5
123.5
123.5
124.75
124.75
124.75
124.75
127.0
127.0
127.0
127.0
127.25
127.25
127.25
127.25
127.25
127.25
126.5
126.5
126.5
124.75
124.75
124.5
124.5
124.5
124.5
126.25
126.25
128.75
128.75
128.75
130.0
130.0
130.0
130.0
129.75
129.75
130.0
129.75
129.75
130.75
130.75
131.5
131.5
131.75
131.75
133.0
133.0
132.5
131.5
131.5
129.25
129.25
129.0
129.0
129.0
129.0
130.75
130.75
130.75
130.75
128.75
128.75
128.0
128.0
133.25
133.25
132.5
132.5
132.5
132.5
132.5
131.75
131.75
132.5
132.5
132.5
131.75
131.75
132.5
132.5
131.25
131.75
131.75
133.75
133.75
133.5
133.5
133.25
133.25
133.5
133.5
132.25
132.25
133.25
133.25
133.25
133.5
133.5
132.25
132.25
132.25
132.0
132.0
132.0
132.0
132.0
132.0
132.0
131.5
131.5
131.5
131.5
131.5
131.5
131.75
131.75
134.25
132.0
132.0
131.25
131.25
131.25
131.0
131.0
131.0
132.0
132.0
132.0
132.0
130.25
130.25
130.25
130.25
130.5
130.5
130.5
130.5
130.5
130.5
130.5
130.5
130.5
130.5
128.75
127.0
125.25
123.5
121.75
121.75
121.75
121.75
121.75
121.75
121.75
121.75
128.25
128.25
128.25
132.0
132.0
133.5
134.75
134.75
135.25
135.25
136.0
136.0
137.0
138.5
138.5
137.75
137.75
136.5
136.5
137.0
137.0
137.25
137.25
137.25
139.25
139.25
138.0
138.0
138.0
137.75
137.75
137.75
137.75
138.75
138.75
138.75
136.5
136.5
136.5
136.5
138.0
138.5
138.5
139.0
139.0
140.75
140.75
141.0
141.0
141.0
139.0
139.0
137.5
137.5
136.25
136.25
136.25
136.25
136.25
136.25
136.25
135.0
135.0
135.0
129.5
129.5
132.75
132.75
138.25
138.25
138.75
137.75
137.75
137.5
137.5
137.5
136.75
136.75
135.0
135.0
136.0
136.0
136.0
136.75
136.75
136.75
138.75
138.75
138.75
137.75
137.75
137.75
137.75
137.75
137.75
137.75
137.75
137.75
137.75
133.5
133.5
133.25
133.25
133.25
137.0
137.0
138.25
138.25
138.25
138.5
138.5
138.5
138.5
138.5
138.5
138.5
138.5
138.5
138.25
138.0
137.75
137.5
137.5
138.0
138.0
138.25
138.25
135.75
135.75
135.0
135.0
135.0
135.0
135.0
135.0
135.0
135.0
136.25
137.75
137.75
137.5
137.5
137.5
139.75
139.75
139.75
140.25
140.25
137.0
137.0
136.0
135.75
135.75
135.75
135.75
135.0
135.0
131.0
131.0
131.0
131.0
128.75
128.75
128.25
128.25
128.5
130.0
130.0
130.0
130.0
130.75
130.75
130.0
130.0
130.0
130.5
130.5
131.25
131.25
131.0
131.0
131.0
131.0
131.0
126.5
126.5
129.75
129.75
129.75
129.75
129.0
129.0
129.5
129.5
130.75
130.75
131.0
131.0
131.25
131.25
131.25
126.5
126.5
123.75
123.75
124.0
124.0
123.25
123.25
125.5
125.5
126.0
126.0
126.0
126.0
120.25
120.25
118.75
118.75
118.0
118.0
118.0
118.0
118.5
118.5
120.75
120.75
120.25
120.25
119.75
119.75
120.0
120.0
120.0
119.0
119.0
119.0
119.0
119.75
119.75
119.75
119.75
119.75
119.75
119.75
119.75
119.75
119.75
119.75
117.0
117.0
116.0
116.0
116.0
116.0
116.0
116.0
116.0
116.0
119.75
119.75
119.75
119.75
119.75
119.75
119.75
119.75
119.75
119.75
123.25
123.25
122.0
122.0
123.0
123.0
123.0
123.25
123.25
123.25
123.25
117.0
117.0
117.0
118.0
118.0
118.0
124.0
124.0
124.0
124.0
124.5
124.5
124.5
124.5
124.5
124.5
118.75
118.75
118.25
118.25
118.25
118.25
118.25
118.25
118.75
119.25
119.75
119.75
119.75
119.75
122.5
122.5
123.5
123.5
123.75
123.75
124.0
124.0
124.0
124.0
124.0
124.0
124.0
124.75
124.75
125.0
125.0
128.25
128.25
128.75
128.75
130.0
130.0
129.25
129.25
128.0
128.0
127.5
127.5
127.5
127.5
127.5
126.0
126.0
126.0
126.0
129.25
129.25
131.25
131.25
130.75
130.75
128.0
127.5
127.5
129.0
129.0
129.0
129.0
125.75
125.75
125.75
126.25
126.25
126.25
126.25
131.25
131.25
131.25
129.5
129.25
129.25
129.25
129.25
129.25
129.25
129.25
126.25
126.25
126.25
126.25
126.25
125.425
124.6
123.775
122.95
122.125
121.3
120.475
119.65
118.825
118.0
118.0
118.0
118.0
118.0
118.0
118.0
118.0
118.0
118.0
114.66666666666667
111.33333333333333
108.0
108.0
108.0
108.0
108.0
108.0
108.0
108.0
108.0
108.0
108.0
107.75
107.75
107.75
107.75
107.75
107.75
107.75
107.75
107.75
107.75
118.5
118.5
118.5
118.5
121.75
121.75
119.5
119.5
121.0
121.0
121.75
121.75
122.25
122.25
122.25
122.25
122.25
122.25
122.25
122.25
122.25
122.25
117.0
117.0
117.0
117.0
117.0
117.0
117.0
117.0
117.0
117.0
117.0
117.0
117.0
117.0
114.0
111.0
108.0
108.0
108.0
108.0
108.0
108.0
108.0
108.0
112.41666666666667
116.83333333333333
121.25
121.25
121.25
121.25
121.25
121.25
121.25
121.25
121.25
121.25
121.25
138.75
138.75
138.75
138.75
138.75
138.75
135.75
135.75
139.0
139.0
140.25
140.25
140.5
140.5
140.5
140.75
140.75
141.0
145.0
145.0
147.25
147.25
148.5
148.5
149.0
149.0
149.25
149.25
149.25
149.25
149.25
145.25
145.25
145.25
145.25
145.25
145.25
145.75
144.75
144.75
144.25
144.25
144.25
144.25
144.25
144.25
144.25
142.75
142.75
142.5
144.75
144.75
144.75
144.75
143.25
143.25
140.25
140.0
140.0
143.25
143.25
145.25
146.0
146.0
146.0
144.25
144.25
139.75
139.75
138.5
138.5
141.5
141.0
141.0
141.0
141.0
141.0
141.0
141.0
141.0
141.0
142.0
142.5
142.5
142.0
142.0
144.0
144.0
144.0
147.0
147.0
144.0
144.0
144.0
143.0
143.0
145.75
145.25
145.25
144.75
144.75
144.75
144.75
144.75
144.0
144.0
144.0
144.0
144.0
143.25
143.25
143.25
143.25
143.25
143.25
143.25
143.25
144.5
144.5
144.0
144.0
145.0
145.0
143.5
143.0
143.0
143.25
143.25
143.25
145.0
145.0
145.25
145.25
145.25
145.25
145.25
145.25
145.25
145.25
145.25
145.25
147.0
145.75
145.75
143.5
143.5
143.5
143.5
142.5
142.5
142.5
142.5
142.5
142.5
142.5
142.5
142.5
142.5
142.75
142.75
142.75
142.75
142.75
142.75
142.75
142.75
142.75
142.75
142.75
142.75
142.75
141.83333333333334
140.91666666666666
140.0
140.0
140.0
144.25
144.25
144.25
147.75
148.0
148.0
148.0
148.25
148.25
148.25
148.25
148.25
147.0625
145.875
144.6875
143.5
143.5
143.5
143.5
143.5
143.5
143.5
143.5
143.5
143.5
137.275
131.05
124.825
118.6
112.375
106.15
99.925
93.7
87.47500000000001
81.25
81.25
80.75
80.75
80.75
80.75
80.75
80.75
80.75
80.75
80.75
80.75
80.75
80.75
113.625
146.5
146.5
143.5
143.5
143.5
141.5
141.5
141.25
141.25
141.25
143.5
145.25
145.25
143.5
143.5
142.75
142.75
142.75
142.5
142.5
142.5
142.5
142.5
142.5
142.5
142.5
142.41666666666666
142.33333333333334
142.25
142.25
142.25
142.25
142.25
142.25
142.25
142.25
142.25
142.25
142.25
142.25
142.25
142.25
142.25
142.25
142.25
142.25
143.0
143.0
144.0
144.0
144.0
144.75
144.75
144.75
145.25
145.25
146.0
146.0
146.0
146.25
146.25
146.25
146.25
146.25
146.25
146.25
145.0
145.0
144.75
147.25
147.25
146.5
146.5
146.5
145.75
145.75
144.5
144.25
144.25
144.25
144.25
144.25
148.5
148.5
144.25
144.25
147.25
147.25
145.75
145.75
144.25
144.25
144.25
144.25
144.25
144.25
145.75
145.75
147.5
146.75
146.75
146.5
146.5
144.25
147.0
147.0
146.75
146.75
145.75
145.75
145.5
145.5
145.5
146.25
146.25
146.25
146.25
146.5
146.5
146.5
146.75
146.75
149.75
149.75
147.0
147.0
148.75
146.75
146.75
144.5
144.5
144.5
143.0
143.0
143.0
143.0
143.0
143.0
143.0
143.0
140.5
138.0
135.5
135.5
135.5
135.5
135.5
135.5
135.5
135.5
135.5
135.5
137.17857142857142
138.85714285714286
140.53571428571428
142.21428571428572
143.89285714285714
145.57142857142858
147.25
147.25
144.25
148.25
148.25
147.5
147.75
147.75
148.5
148.5
148.5
149.5
149.5
149.25
148.75
148.75
148.0
148.0
148.0
147.5
147.5
147.5
147.5
147.5
144.5
144.5
145.0
145.0
146.0
146.0
145.25
144.5
144.5
144.5
144.5
144.75
146.0
146.0
147.25
147.25
147.25
146.5
145.75
145.75
146.5
146.5
147.75
148.75
148.75
149.25
148.75
148.75
149.25
149.5
149.5
149.0
149.0
148.0
148.0
148.0
148.25
148.25
148.25
145.75
146.75
146.75
147.25
147.25
147.25
147.25
147.25
148.0
148.0
151.0
151.0
152.0
152.0
148.0
148.0
147.5
147.25
147.25
147.25
147.5
147.5
149.0
148.5
148.5
148.0
148.0
147.75
147.75
147.75
147.75
147.75
147.75
147.75
144.25
144.25
147.5
147.5
149.0
149.0
149.0
149.5
149.5
149.5
148.5
148.5
148.5
152.25
151.0
151.0
151.0
147.5
147.5
147.5
147.5
151.0
151.0
149.5
149.5
150.25
150.75
150.75
150.75
148.75
148.75
148.5
148.5
147.0
147.0
148.0
148.0
148.0
148.5
149.0
149.0
149.0
149.5
149.5
148.75
148.75
148.75
151.0
151.0
147.5
146.75
146.75
147.5
147.5
147.5
145.25
145.25
145.75
145.75
145.75
145.75
146.25
146.75
146.75
147.0
147.0
146.25
146.75
146.75
147.0
147.0
147.0
147.5
148.25
148.25
147.5
147.0
147.0
147.75
147.75
146.5
146.5
149.5
149.25
149.25
148.25
148.25
147.0
147.0
147.0
146.0
146.0
146.0
146.0
146.0
146.0
146.0
146.0
145.0
145.0
144.25
148.5
148.5
146.0
146.0
146.75
146.75
144.75
144.75
140.5
140.5
140.5
138.75
142.0
142.0
141.5
141.5
141.5
141.75
143.0
143.0
144.0
144.0
144.0
144.0
144.0
143.25
143.25
143.5
143.5
144.5
144.75
144.75
144.75
144.75
144.75
145.0
145.0
146.25
146.25
146.0
146.0
146.0
147.25
147.25
147.25
146.25
146.25
145.5
145.25
145.25
145.25
145.25
143.75
143.5
143.5
143.5
144.5
144.5
144.5
144.75
144.75
144.25
144.25
143.5
143.5
144.25
144.25
145.0
145.25
145.25
145.5
145.5
149.0
149.0
149.0
150.25
150.25
150.25
150.5
150.5
150.5
150.5
147.5
146.75
146.75
145.75
145.75
145.25
143.0
143.0
142.5
142.5
142.5
144.25
144.25
144.25
143.75
143.75
144.0
144.0
145.0
145.25
145.25
145.25
145.5
145.5
144.25
144.25
144.25
144.25
141.25
143.75
143.75
145.75
145.75
146.5
146.5
147.25
147.25
146.0
146.0
146.0
146.0
147.25
147.25
147.25
146.0
146.0
146.0
146.25
146.25
147.0
146.25
146.25
145.0
145.0
145.0
145.0
146.0
146.0
146.0
146.0
146.0
146.0
146.0
146.0
146.0
146.0
150.25
150.25
150.75
148.75
148.75
147.75
147.5
147.5
146.75
146.75
146.75
156.75
156.75
152.0
146.75
146.75
144.0
144.0
144.0
144.0
143.5
143.5
145.5
145.5
146.0
146.0
146.5
146.25
146.25
146.25
146.25
146.25
146.25
146.25
146.25
146.25
146.25
146.25
145.5
145.5
145.5
145.5
145.5
145.5
142.75
142.75
144.0
144.0
152.0
152.0
152.0
154.25
154.25
154.25
154.75
154.75
154.75
154.75
154.75
154.75
154.75
154.75
154.75
149.7
144.65
139.6
134.55
129.5
129.5
129.5
129.5
121.5
121.5
118.0
118.0
118.0
118.0
119.75
119.75
120.0
120.0
120.0
120.0
120.0
120.0
120.0
120.0
125.5
125.5
126.75
126.75
123.75
123.75
120.75
120.75
118.25
118.25
117.0
117.0
117.0
117.0
117.0
117.0
117.0
117.0
117.0
126.41666666666667
135.83333333333334
145.25
145.25
144.5
144.5
145.25
145.25
145.25
145.5
145.5
145.5
145.5
145.5
145.75
145.75
145.75
145.75
145.75
145.75
146.0
146.0
144.0
144.0
145.0
145.0
145.75
145.75
143.25
143.25
143.25
143.0
143.0
143.0
143.0
143.0
143.0
143.0
143.0
143.0
143.0
144.75
145.0
145.0
145.0
145.0
145.0
147.75
147.75
148.5
150.0
150.0
150.75
150.25
150.25
150.25
150.0
150.0
150.0
150.0
150.0
150.0
150.0
150.0
150.0
150.0
141.29166666666666
132.58333333333334
123.875
115.16666666666666
106.45833333333333
97.75
97.75
97.75
97.75
97.75
97.75
97.75
97.75
126.625
155.5
155.5
154.5
154.5
154.75
155.25
155.25
155.75
156.25
156.25
156.5
156.5
156.5
158.25
157.5
157.5
158.25
157.5
157.5
155.75
155.75
153.5
153.5
153.5
152.5
152.5
150.5
150.5
147.25
145.25
145.25
145.75
145.75
145.75
146.25
146.25
146.25
144.25
144.25
144.25
144.25
144.25
144.25
144.25
144.25
144.25
144.25
144.25
142.86111111111111
141.47222222222223
140.08333333333334
138.69444444444446
137.30555555555554
135.91666666666666
134.52777777777777
133.13888888888889
131.75
131.75
131.75
131.75
136.25
136.25
136.25
138.0
136.75
136.75
136.25
136.25
135.5
135.5
135.5
124.5
124.5
124.5
123.0
123.0
118.5
118.5
118.25
118.25
119.75
119.75
119.75
120.0
120.0
120.0
120.0
120.0
120.0
120.0
120.0
120.0
119.94
119.88
119.82
119.76
119.7
119.64
119.58
119.52
119.46
119.4
119.34
119.28
119.22
119.16
119.1
119.04
118.98
118.92
118.86
118.8
118.74
118.68
118.62
118.56
118.5
118.5
122.25
122.25
123.75
123.75
121.5
121.5
121.5
121.5
116.0
116.0
116.0
116.0
116.0
116.0
116.0
116.0
116.0
116.0
109.16666666666667
102.33333333333333
95.5
95.5
88.75
88.75
88.75
87.0
87.0
87.0
87.0
87.0
85.0
85.0
85.0
85.0
85.0
85.0
85.0
85.0
99.5
114.0
128.5
128.5
129.0
129.0
129.5
129.5
129.5
129.5
129.5
129.5
129.5
129.5
129.5
139.5
142.0
142.0
143.25
146.0
146.0
146.0
149.25
149.25
151.25
151.25
151.0
152.75
152.75
154.25
155.75
155.75
157.0
157.0
158.75
158.75
158.0
158.0
157.75
158.75
158.75
162.25
162.25
162.5
162.5
161.25
161.25
161.5
162.0
162.0
164.25
164.25
164.25
165.0
165.0
165.0
164.25
164.5
164.5
163.5
163.5
165.0
166.25
166.25
163.75
163.75
163.75
163.75
163.75
162.25
162.25
160.0
158.5
158.5
155.25
155.25
153.0
153.0
152.25
152.25
152.25
152.25
152.25
152.25
152.25
152.25
152.25
148.0
143.5
143.5
142.0
142.0
142.0
139.25
139.25
139.25
140.25
140.25
140.25
140.25
140.25
140.25
140.25
138.0
137.5
137.5
135.5
135.5
132.75
132.75
132.0
132.0
133.5
133.5
135.25
136.5
136.5
137.0
137.0
137.25
138.75
138.75
139.0
139.0
138.0
138.0
136.5
136.5
137.0
137.0
138.25
138.25
137.75
137.75
137.75
137.25
137.25
137.25
137.25
137.25
135.75
135.75
135.75
139.5
139.5
139.5
141.5
141.5
141.5
144.25
144.25
144.25
144.75
144.75
144.75
144.75
145.25
145.25
145.5
145.5
146.75
146.75
144.25
144.25
142.5
142.5
143.5
143.5
143.5
140.75
140.75
140.75
139.0
139.25
139.25
139.25
140.25
140.25
140.0
140.0
141.0
141.0
142.25
142.25
141.75
141.0
141.0
140.5
140.5
140.5
140.5
140.5
140.5
140.5
138.75
138.75
138.75
137.75
137.75
137.75
138.25
138.25
138.75
139.0
139.0
139.75
139.75
140.5
140.5
142.5
142.5
142.5
139.75
139.75
142.0
142.0
141.75
141.75
140.75
140.75
141.25
141.25
141.25
141.25
141.25
142.25
142.25
142.5
142.5
139.5
139.5
139.5
139.5
139.5
138.25
138.25
138.25
138.25
138.25
138.25
138.0
138.0
136.5
136.25
136.25
135.75
135.75
134.25
134.25
133.5
133.5
131.0
131.0
130.25
130.25
131.5
132.5
132.5
132.25
132.25
132.25
132.75
132.75
132.75
132.75
132.75
132.75
132.75
128.0
128.0
128.0
128.0
123.75
123.75
122.0
122.0
126.5
126.5
126.5
122.5
122.5
123.0
123.0
123.0
123.25
120.75
120.75
119.75
119.75
119.75
119.5
119.5
118.75
118.75
119.0
119.0
119.0
117.75
117.75
116.0
116.0
116.0
116.0
112.25
112.25
114.25
114.25
115.0
115.0
115.25
115.25
120.5
120.5
121.25
121.25
119.5
119.5
118.5
118.5
117.5
117.5
114.5
114.5
112.75
112.75
112.75
112.5
112.5
110.25
110.25
111.25
111.25
112.0
112.0
112.0
112.0
112.0
112.25
112.25
112.25
112.25
116.5
116.5
116.5
120.5
120.5
121.0
121.0
120.25
120.25
120.5
122.75
122.75
124.75
124.75
124.75
124.0
124.0
124.75
124.75
125.0
125.0
124.75
124.75
124.25
124.25
123.75
123.75
124.5
124.5
127.25
129.0
129.0
129.5
129.5
131.0
131.0
131.5
131.5
131.5
131.75
131.75
132.0
132.0
132.5
132.5
132.5
132.5
131.75
131.75
131.75
132.75
132.75
132.75
132.75
131.25
131.25
131.5
132.75
132.75
134.0
134.0
135.0
135.0
136.0
136.0
136.0
136.0
136.0
134.75
134.75
134.75
135.5
135.5
136.0
136.0
137.25
137.25
138.5
138.5
138.5
138.5
138.5
138.5
137.5
137.5
134.5
134.5
134.5
138.75
138.0
138.0
137.75
136.75
136.75
136.5
136.5
136.25
136.25
140.25
140.25
141.25
141.25
141.75
141.75
141.75
141.75
143.25
143.25
143.5
143.5
142.25
142.0
142.0
140.0
140.0
138.75
138.75
139.25
139.25
139.25
139.75
139.75
140.75
141.5
141.5
141.5
141.5
141.5
141.5
141.5
141.0
141.0
138.75
138.75
135.0
135.0
134.75
133.5
133.5
133.75
133.75
134.0
134.0
134.0
134.0
134.0
135.83333333333334
137.66666666666666
139.5
141.25
141.25
141.5
141.5
141.75
142.0
142.0
144.0
144.0
145.0
144.5
144.5
144.0
144.0
143.25
142.0
142.0
142.5
142.5
144.25
144.25
143.5
143.5
143.5
143.5
143.5
143.5
143.75
143.75
143.25
143.25
143.25
142.75
142.75
143.0
143.0
143.0
143.0
143.0
142.0
142.0
142.0
142.75
142.75
141.75
141.75
141.5
141.5
141.5
138.0
139.75
139.75
141.75
141.75
143.25
142.75
142.75
142.75
141.5
141.5
139.75
139.75
139.25
139.25
139.5
139.5
141.0
142.25
142.25
142.25
143.5
143.5
145.75
145.75
144.75
144.75
144.0
144.0
144.0
145.0
145.0
145.0
144.5
144.5
145.5
145.5
150.0
150.0
155.25
155.25
155.25
155.0
155.0
155.0
155.0
155.0
155.0
155.0
155.0
155.0
150.25
150.25
149.5
149.5
140.75
137.75
137.75
144.25
144.25
144.25
147.5
147.5
146.75
146.0
146.0
146.0
143.75
143.75
143.5
143.5
144.5
144.5
145.0
145.25
145.25
145.75
145.75
147.0
147.0
147.0
147.25
147.25
147.25
146.75
146.75
147.5
147.75
147.75
147.75
147.25
147.25
147.25
148.25
148.25
148.25
148.25
145.5
145.5
145.25
145.25
145.25
145.25
148.25
148.25
147.75
147.75
147.25
147.25
147.0
147.0
147.25
146.5
146.5
146.5
146.25
146.25
146.25
146.25
146.25
146.25
146.25
144.25
146.0
146.0
147.5
147.5
147.75
147.75
147.75
148.5
148.5
148.5
149.25
149.25
149.25
149.25
149.25
149.25
149.25
149.25
149.25
149.5
149.5
149.5
146.75
146.75
126.66666666666667
106.58333333333334
86.5
86.5
86.5
86.5
86.5
86.5
86.5
86.5
86.5
88.33333333333333
90.16666666666667
92.0
93.83333333333333
95.66666666666667
97.5
99.33333333333333
101.16666666666667
103.0
104.83333333333333
106.66666666666667
108.5
110.33333333333333
112.16666666666667
114.0
115.83333333333333
117.66666666666667
119.5
121.33333333333333
123.16666666666667
125.0
126.83333333333333
128.66666666666666
130.5
132.33333333333334
134.16666666666666
136.0
137.83333333333334
139.66666666666666
141.5
143.33333333333334
145.16666666666666
147.0
147.0
150.5
150.5
148.75
148.75
148.25
148.25
148.25
148.25
150.25
150.25
150.5
150.5
150.0
150.0
149.25
149.25
148.0
148.25
148.25
148.75
148.75
149.25
148.75
148.75
148.75
149.5
149.5
150.5
150.5
149.75
150.0
150.0
150.25
151.5
151.5
151.0
151.0
150.75
150.75
150.75
150.75
150.75
150.75
150.75
149.25
149.25
147.75
147.75
149.25
149.25
150.5
150.5
150.5
151.0
151.0
151.5
151.5
150.0
149.75
149.75
149.5
149.5
150.25
150.25
151.0
151.0
151.0
149.25
149.25
150.25
150.25
149.0
149.0
148.5
149.5
149.5
151.25
151.25
150.25
150.25
150.25
150.5
149.5
149.5
149.5
149.5
147.75
146.25
146.25
145.75
145.75
146.25
148.75
148.75
149.5
149.5
149.5
149.75
149.75
145.5
153.0
153.0
153.0
156.0
156.0
155.25
155.0
155.0
155.0
154.0
154.0
155.25
155.25
155.25
156.5
157.25
157.25
158.5
158.5
159.0
159.0
159.25
159.25
159.75
159.75
159.25
158.75
158.75
158.75
158.75
158.75
158.75
158.75
158.75
158.75
158.75
154.43333333333334
150.11666666666667
145.8
141.48333333333335
137.16666666666666
132.85
128.53333333333333
124.21666666666667
119.9
115.58333333333334
111.26666666666667
106.95
102.63333333333334
98.31666666666666
94.0
94.0
94.0
94.0
94.0
94.0
89.25
89.25
89.25
89.0
89.0
89.0
89.0
92.25
95.5
98.75
102.0
105.25
108.5
108.5
108.5
108.5
108.5
108.5
108.5
108.5
108.5
108.5
108.5
108.5
105.25
105.25
105.25
104.5
104.5
97.25
97.25
96.75
96.75
96.75
104.5
104.5
105.5
105.5
106.0
106.0
106.0
106.0
106.0
106.5
106.5
105.5
105.5
105.5
105.5
105.5
97.0
97.0
97.0
97.0
97.0
95.75
95.75
95.75
95.75
95.75
96.875
98.0
99.125
100.25
101.375
102.5
103.625
104.75
105.875
107.0
107.0
107.0
107.0
107.0
107.0
107.0
107.0
107.0
115.0
115.0
116.5
116.5
117.0
117.0
117.0
117.0
116.75
116.75
116.0
116.0
114.25
114.25
116.0
116.0
116.0
116.0
116.75
116.75
116.75
119.25
119.25
119.75
119.75
119.75
120.0
120.0
120.0
120.0
125.75
125.75
125.25
125.25
124.5
124.5
121.5
121.5
119.25
119.25
117.75
117.75
114.5
114.5
113.0
113.0
115.5
115.5
115.5
115.75
115.75
118.0
118.0
118.0
119.5
118.75
118.75
118.75
116.5
116.5
116.25
116.25
116.25
116.25
122.25
122.25
121.5
121.5
120.0
120.0
120.25
120.25
120.75
120.75
119.0
119.0
119.75
119.75
120.25
120.25
120.25
120.25
122.0
122.0
122.0
122.0
120.0
120.0
117.25
117.25
115.75
115.75
115.75
121.0
121.0
121.0
121.75
121.75
121.75
121.75
121.75
124.5
124.5
122.75
122.75
120.25
120.25
118.75
118.75
117.0
117.0
115.25
115.25
114.5
114.5
114.5
124.25
124.25
125.25
125.25
123.25
123.25
122.0
122.0
121.0
121.0
120.75
120.75
116.5
116.5
115.0
115.0
115.25
115.25
116.75
116.75
120.25
120.25
121.75
121.75
121.5
121.5
120.5
120.5
119.0
119.0
122.25
122.25
122.25
122.25
124.25
124.25
125.25
125.25
124.75
124.75
124.75
124.75
126.0
126.0
126.0
128.25
128.25
130.25
130.25
130.0
130.0
130.0
130.0
134.0
135.5
135.5
136.75
136.75
137.5
137.75
137.75
137.75
140.0
140.0
141.75
141.75
141.75
141.5
141.5
141.5
139.75
139.5
139.5
137.25
137.25
137.25
133.75
133.75
133.75
133.5
133.5
133.5
133.0
133.0
132.5
132.5
132.5
132.5
133.5
133.5
133.0
132.25
132.25
131.0
131.0
131.0
131.0
130.5
130.5
130.5
130.5
131.0
131.0
130.0
128.25
128.25
127.0
127.0
127.75
127.75
128.75
128.75
127.0
127.0
126.75
126.75
128.25
127.75
127.75
131.25
131.25
132.75
132.75
133.0
133.0
131.75
131.75
131.75
131.5
131.5
135.5
135.5
134.5
134.5
132.5
131.75
131.75
129.75
129.75
128.75
128.75
128.0
128.0
128.0
128.0
128.0
128.0
128.0
128.0
128.0
137.0
140.25
140.25
141.0
141.0
141.5
141.5
141.75
141.75
141.75
141.75
141.75
141.41666666666666
141.08333333333334
140.75
140.41666666666666
140.08333333333334
139.75
139.41666666666666
139.08333333333334
138.75
138.41666666666666
138.08333333333334
137.75
137.75
137.75
137.75
137.75
137.75
137.75
137.75
138.16666666666666
138.58333333333334
139.0
139.0
139.0
139.0
139.0
139.0
139.0
137.75
136.5
135.25
135.25
135.25
135.25
135.25
135.25
135.25
135.25
