151.75
151.5
151.5
151.0
151.25
151.25
151.75
151.75
150.75
150.75
152.25
152.25
152.25
152.25
152.25
152.25
152.25
152.25
152.25
152.25
152.25
152.25
146.75
146.75
146.75
146.75
146.75
146.75
146.75
146.75
147.0
147.0
147.0
147.0
147.0
147.0
147.0
147.22222222222223
147.44444444444446
147.66666666666666
147.88888888888889
148.11111111111111
148.33333333333334
148.55555555555554
148.77777777777777
149.0
149.0
149.0
149.0
149.0
149.0
148.75
148.75
148.75
148.75
148.75
148.75
148.75
148.02777777777777
147.30555555555554
146.58333333333334
145.86111111111111
145.13888888888889
144.41666666666666
143.69444444444446
142.97222222222223
142.25
142.25
142.25
142.25
142.25
142.5
142.5
142.5
142.5
142.5
142.5
142.5
142.5
142.66304347826087
142.82608695652175
142.9891304347826
143.15217391304347
143.31521739130434
143.47826086956522
143.6413043478261
143.80434782608697
143.9673913043478
144.1304347826087
144.29347826086956
144.45652173913044
144.6195652173913
144.7826086956522
144.94565217391303
145.1086956521739
145.27173913043478
145.43478260869566
145.59782608695653
145.7608695652174
145.92391304347825
146.08695652173913
146.25
146.25
147.0
147.25
147.25
146.75
146.75
146.75
146.75
146.75
146.75
146.75
146.75
146.75
146.75
146.75
146.75
146.75
146.75
147.0
146.79166666666666
146.58333333333334
146.375
146.16666666666666
145.95833333333334
145.75
146.5
146.5
147.25
147.25
147.75
147.75
147.5
147.0
147.0
147.5
146.75
146.75
147.25
148.75
148.75
148.0
148.25
148.25
148.25
148.25
148.75
148.75
148.75
148.75
148.75
148.75
148.75
148.75
150.0
150.0
150.0
149.75
150.25
150.25
150.0
150.0
150.0
150.0
150.0
150.0
150.0
150.0
149.75
149.75
149.0
151.5
151.5
151.25
151.0
151.0
151.25
151.25
151.5
151.25
151.25
151.75
152.25
152.25
152.75
152.5
152.5
152.75
152.75
152.0
151.75
151.75
152.0
151.75
151.75
151.5
151.5
151.5
151.5
151.5
151.75
151.5
151.5
152.0
151.75
151.75
151.25
151.75
151.75
151.75
151.75
152.5
152.5
152.5
153.25
153.25
153.25
154.0
153.5
153.5
153.5
153.5
153.75
153.0
153.0
153.0
153.0
153.0
154.0
153.75
153.75
153.75
153.75
153.75
154.0
154.0
154.75
154.5
154.5
154.5
154.0
154.0
154.0
154.75
154.75
154.75
154.75
154.5
154.5
154.5
154.5
155.5
155.5
155.75
155.25
155.25
155.0
155.0
155.0
155.25
155.0
155.0
155.5
155.5
155.5
155.25
155.25
155.25
156.25
156.25
156.25
155.75
155.75
155.5
156.0
156.0
156.0
156.25
156.25
156.0
156.0
156.0
155.5
155.5
155.75
155.75
155.75
156.0
156.0
156.0
156.0
156.25
156.25
156.5
157.0
157.0
157.0
157.25
157.25
157.5
157.5
157.5
157.75
157.75
157.75
157.75
158.5
158.5
157.5
157.75
157.75
157.5
157.0
157.0
156.5
156.5
158.0
157.75
157.75
158.25
157.75
157.75
157.75
157.75
157.75
158.0
158.5
158.5
158.5
159.5
159.5
160.0
160.25
160.25
159.5
159.5
159.5
159.5
160.0
160.0
160.75
160.5
160.5
160.75
160.75
160.75
160.75
161.0
161.0
161.5
161.0
161.0
161.25
161.25
161.5
161.5
161.5
161.25
161.25
161.5
161.5
161.5
161.25
161.5
161.5
161.5
162.0
162.0
162.25
162.25
162.25
162.25
162.0
162.0
162.5
162.0
162.0
161.75
162.75
162.75
163.25
162.75
162.75
162.75
163.25
163.25
162.5
162.0
162.75
162.75
163.25
162.75
162.75
162.5
162.75
162.75
162.5
162.0
162.0
162.25
162.5
162.5
162.5
162.75
162.75
162.5
162.5
162.5
163.25
162.75
162.75
163.25
163.25
163.25
163.25
163.75
164.25
164.25
164.5
164.75
164.75
164.75
165.0
165.0
165.5
165.0
165.0
165.0
164.5
164.5
164.5
164.5
164.25
164.25
164.5
164.25
164.25
164.25
164.5
164.5
164.75
165.0
165.0
165.5
165.5
165.5
165.5
165.75
165.5
165.5
166.0
166.25
166.25
166.25
166.0
166.0
165.75
166.0
166.5
166.5
166.0
165.5
165.5
166.0
166.0
166.0
166.0
165.5
165.5
166.0
166.25
166.25
166.5
166.25
166.0
166.0
166.0
166.0
166.0
166.0
166.75
166.75
166.75
166.5
166.5
166.5
166.75
167.5
167.5
167.0
167.5
167.5
168.0
167.75
168.0
168.0
167.5
168.25
168.25
168.25
169.0
169.0
168.5
169.5
169.0
169.0
169.5
169.75
169.75
169.75
169.5
169.75
169.75
170.5
170.5
170.5
170.5
170.5
170.25
170.25
170.25
172.25
172.25
172.75
173.25
173.5
173.5
173.25
173.25
173.75
173.75
173.75
173.75
173.75
173.25
172.0
174.75
174.75
175.5
175.5
175.5
175.5
175.5
175.5
175.5
175.5
175.5
175.5
175.5
175.5
175.5
175.0
174.75
174.75
174.5
174.0
173.25
173.25
174.0
176.75
175.75
175.75
176.75
178.0
178.0
176.0
176.0
176.0
176.0
176.0
176.0
176.0
175.75
176.0
180.75
181.75
181.75
181.75
181.75
181.75
181.75
182.0
182.0
182.0
181.75
183.1875
184.625
186.0625
187.5
187.5
186.75
186.0
186.0
186.0
184.75
184.75
184.75
184.5
185.25
186.0
186.0
185.5
185.5
185.5
185.5
185.25
185.25
185.5
181.0
177.0
177.0
177.0
177.0
177.0
177.0
177.0
177.0
177.0
177.0
176.75
177.0
177.0
177.0
176.25
175.5
174.75
174.0
173.25
173.5
173.5
172.0
172.0
170.5
170.5
170.5
170.5
168.5
168.5
169.5
168.25
168.25
168.25
168.25
168.25
168.25
168.25
168.25
168.5
168.5
168.5
164.25
164.25
164.25
164.25
164.25
164.25
164.25
164.5
164.5
164.25
159.83823529411765
155.4264705882353
151.01470588235293
146.60294117647058
142.19117647058823
137.77941176470588
133.36764705882354
128.95588235294116
124.54411764705883
120.13235294117646
115.72058823529412
111.30882352941177
106.8970588235294
102.48529411764706
98.0735294117647
93.66176470588235
89.25
89.25
89.25
89.0
89.0
89.0
89.0
89.0
89.0
89.0
89.0
89.0
89.0
89.0
89.0
89.0
89.0
89.0
89.0
89.0
89.0
89.0
89.0
89.0
100.57142857142857
112.14285714285714
123.71428571428571
135.28571428571428
146.85714285714286
158.42857142857142
170.0
168.5
168.5
168.5
168.25
168.25
172.0
170.5
170.5
170.0
170.0
172.0
172.0
172.0
172.0
171.75
171.75
171.75
172.0
172.0
172.0
172.0
172.0
171.75
171.5
171.25
171.0
170.75
170.5
170.75
170.75
170.5
171.0
171.25
171.25
171.25
174.75
174.5
174.5
174.5
174.5
174.5
174.5
174.5
174.25
174.25
174.25
174.25
174.5
175.05
175.6
176.15
176.7
177.25
177.25
177.0
177.25
178.75
178.75
179.75
179.75
179.75
179.75
179.75
179.25
179.25
179.25
179.25
179.25
178.0
178.0
178.0
178.0
178.0
177.75
177.75
178.0
178.0
175.0
174.75
174.75
175.75
176.25
177.0
177.0
176.75
176.75
178.25
178.75
178.75
178.75
178.75
178.75
178.75
178.75
178.75
178.75
178.75
178.75
178.75
178.75
178.75
178.55
178.35
178.15
177.95
177.75
176.75
176.75
176.25
174.0
174.0
172.75
173.5
173.5
172.5
171.25
170.75
169.5
169.5
170.5
170.5
170.75
169.0
168.25
168.25
168.25
168.25
168.25
168.25
168.25
168.25
168.25
168.25
168.25
168.25
168.25
168.25
168.25
168.5
164.67857142857142
160.85714285714286
157.03571428571428
153.21428571428572
149.39285714285714
145.57142857142858
141.75
137.92857142857142
134.10714285714286
130.28571428571428
126.46428571428571
122.64285714285714
118.82142857142857
115.0
115.0
117.5
117.5
117.5
117.5
118.0
118.0
114.75
114.75
104.5
104.5
104.5
94.0
94.0
94.0
94.0
94.0
94.0
94.0
94.0
94.0
94.0
94.0
94.0
93.75
93.75
93.75
94.0
94.0
94.98571428571428
95.97142857142858
96.95714285714286
97.94285714285715
98.92857142857143
99.91428571428571
100.9
101.88571428571429
102.87142857142857
103.85714285714286
104.84285714285714
105.82857142857142
106.81428571428572
107.8
108.78571428571429
109.77142857142857
110.75714285714285
111.74285714285715
112.72857142857143
113.71428571428572
114.7
115.68571428571428
116.67142857142858
117.65714285714286
118.64285714285714
119.62857142857143
120.61428571428571
121.6
122.58571428571429
123.57142857142857
124.55714285714286
125.54285714285714
126.52857142857142
127.51428571428572
128.5
130.5
130.5
130.5
128.0
128.25
128.25
127.0
127.0
127.0
124.0
124.0
127.75
126.75
126.75
125.5
125.5
120.25
120.25
123.25
124.5
124.5
124.5
121.75
121.75
119.0
119.0
119.5
121.75
121.75
120.25
120.25
120.25
118.0
118.0
118.0
118.0
121.5
123.0
123.0
122.75
122.75
122.75
122.75
123.5
123.5
123.5
123.5
123.5
123.5
123.5
123.5
124.75
124.75
125.25
125.25
122.25
122.25
124.0
124.0
127.0
127.25
127.25
127.25
127.25
124.0
124.5
124.5
125.75
125.75
126.75
126.75
125.25
125.25
122.25
122.25
125.5
125.5
122.5
122.5
122.5
122.5
121.25
121.25
118.25
118.25
116.75
116.75
118.0
118.0
119.75
119.75
121.25
121.25
114.75
114.75
110.25
110.25
110.25
112.5
112.5
113.25
113.25
117.0
117.0
119.25
119.25
117.25
117.25
118.75
117.5
117.5
117.5
117.5
117.5
119.75
119.75
115.5
115.5
114.5
114.5
110.75
110.75
112.0
112.0
111.75
111.75
111.75
113.25
113.25
116.0
114.5
114.5
113.75
113.75
111.0
111.0
106.75
106.75
106.75
117.25
117.25
117.25
103.5
103.5
113.0
113.0
107.0
107.0
103.0
103.0
103.0
106.0
106.0
104.25
104.25
106.25
106.25
104.0
104.0
103.5
103.5
103.5
105.75
105.75
108.75
108.75
111.75
111.75
114.0
114.0
114.25
114.25
114.25
115.0
114.5
114.5
114.75
114.75
110.75
110.75
110.75
108.5
108.5
108.5
108.5
108.5
110.25
110.25
106.5
106.5
107.0
107.0
106.25
106.25
108.0
108.0
108.0
108.0
108.0
108.0
108.0
108.0
108.0
108.0
108.0
108.0
101.0
101.0
101.75
101.75
101.75
104.5
104.5
102.75
102.75
102.75
103.0
103.0
102.75
102.75
102.75
102.75
102.75
103.0
103.0
109.75
109.75
109.75
109.75
111.25
111.25
111.75
111.75
110.75
110.75
108.75
108.75
108.75
108.75
108.75
109.75
109.75
110.75
110.75
113.5
113.5
114.5
114.5
112.5
112.5
109.75
109.75
109.25
109.25
109.25
109.25
109.25
109.25
109.25
109.25
109.25
109.25
109.25
109.5
109.5
109.5
109.5
121.45
133.4
145.35
157.3
169.25
169.25
170.5
166.25
166.25
168.0
167.5
167.5
167.75
166.5
166.5
166.5
166.5
167.5
167.0
167.0
166.5
166.5
167.5
167.5
167.5
169.5
169.0
168.25
168.25
169.0
169.0
169.0
170.5
170.75
171.25
171.25
172.25
172.25
172.25
171.0
172.5
172.75
172.75
173.5
172.75
172.75
173.25
172.75
172.5
172.5
172.5
172.5
172.75
172.75
173.75
172.25
172.25
170.5
169.75
169.25
169.25
168.0
167.5
167.5
165.75
164.25
164.25
163.25
163.5
163.5
162.75
161.25
161.25
161.5
161.0
161.0
159.5
159.5
159.5
156.75
156.75
155.25
154.0
154.0
152.75
152.25
152.25
151.25
151.25
149.75
149.0
149.0
148.75
149.0
149.0
149.25
149.25
150.75
152.25
152.25
154.0
155.5
155.5
156.25
157.0
157.0
157.5
157.5
157.5
157.5
157.75
157.75
158.0
158.0
158.0
157.5
156.75
156.75
156.25
155.75
155.75
155.5
155.5
155.75
156.0
156.0
156.75
156.5
156.5
156.25
156.75
156.75
157.0
157.25
157.25
156.75
156.75
156.75
157.5
158.0
158.0
157.5
158.5
158.5
158.25
158.0
158.0
158.5
159.0
159.0
158.5
158.0
158.0
157.0
157.0
156.25
156.0
156.0
156.25
156.5
156.5
157.5
158.25
158.25
157.75
157.25
157.25
157.75
157.0
157.0
156.25
155.5
155.5
155.25
155.25
155.0
153.75
153.75
153.0
152.0
152.0
151.25
151.0
151.0
149.75
149.75
148.0
147.5
147.5
146.75
146.75
147.0
148.25
148.25
149.75
150.0
150.0
152.0
152.0
155.5
154.25
154.25
155.0
155.5
155.5
155.75
156.0
156.0
155.5
153.75
153.75
148.75
148.75
139.5
139.5
131.0
131.0
128.5
128.5
128.0
128.0
127.5
129.0
129.0
129.5
129.5
130.0
130.0
129.5
129.5
130.25
129.75
129.75
134.0
134.0
139.5
139.0
139.0
143.25
143.25
143.25
144.25
144.25
142.25
140.0
140.0
139.25
139.25
139.25
139.25
139.25
139.25
139.25
139.25
139.5
139.5
139.5
139.5
139.5
140.79166666666666
142.08333333333334
143.375
144.66666666666666
145.95833333333334
147.25
148.54166666666666
149.83333333333334
151.125
152.41666666666666
153.70833333333334
155.0
155.0
155.0
155.25
155.25
155.25
159.25
158.5
158.5
159.5
159.5
158.0
158.0
158.0
158.0
158.0
157.75
157.75
157.75
156.5
157.0
157.0
157.0
155.5
155.5
157.25
157.25
156.25
156.25
156.25
155.75
156.25
156.25
156.25
156.25
156.25
156.0
155.25
155.25
156.0
154.5
154.5
154.25
154.25
152.25
152.0
152.0
151.25
151.75
151.75
150.5
150.5
150.0
150.0
150.0
149.75
149.0
149.0
148.0
148.0
147.75
148.5
148.5
146.5
146.5
146.25
146.5
146.5
146.25
146.25
145.5
144.0
144.0
143.75
143.75
143.25
143.25
143.25
142.5
142.5
142.25
141.75
141.75
142.0
142.0
141.75
141.75
141.75
142.0
142.0
142.0
143.25
143.25
142.25
142.25
144.5
144.5
144.5
144.5
144.5
144.75
145.0
145.0
145.25
145.25
145.25
145.0
145.0
145.0
145.0
145.0
144.25
144.25
143.25
143.25
142.75
142.75
142.0
142.0
142.0
142.0
142.75
142.75
142.75
142.75
143.75
143.75
143.5
143.25
143.25
143.25
143.25
143.25
141.25
141.25
138.75
138.75
137.75
137.75
138.25
138.75
138.75
140.0
140.0
140.5
140.75
140.75
140.5
140.5
140.75
141.0
141.0
141.5
141.5
140.75
140.75
140.25
140.25
140.25
140.5
140.5
141.0
140.75
140.75
139.25
139.25
138.25
138.25
140.0
140.0
140.0
139.5
139.5
140.75
141.25
141.25
140.25
140.25
139.75
140.5
140.5
140.5
140.5
140.75
140.75
141.5
141.5
141.5
141.0
141.0
139.5
138.0
138.0
136.75
136.75
139.5
139.5
141.5
141.0
141.0
143.25
143.25
144.5
145.75
145.75
146.25
146.75
146.75
147.0
147.0
147.75
148.0
148.0
148.25
148.25
148.5
148.0
148.0
147.0
146.75
146.75
146.5
146.5
146.75
145.5
145.5
143.75
143.75
142.25
142.25
141.5
141.0
141.0
141.75
141.75
142.0
142.25
142.25
142.0
142.0
141.5
142.5
142.5
143.0
143.0
143.25
143.25
143.25
143.5
143.5
143.25
144.5
144.5
145.0
145.0
145.0
146.25
146.25
147.25
147.25
148.75
150.25
150.25
150.5
150.25
150.25
150.0
150.75
150.75
150.75
150.75
147.75
146.25
146.25
143.5
143.5
142.5
141.75
141.75
140.5
140.5
140.75
140.75
141.25
142.0
142.0
142.5
142.5
142.5
142.25
142.25
142.5
142.5
143.0
142.75
142.75
142.25
142.25
142.0
141.5
141.5
140.75
140.75
140.75
140.75
141.0
141.25
141.25
140.75
140.75
140.5
141.25
141.25
141.25
141.25
140.75
140.75
140.5
140.5
140.5
140.5
140.5
140.75
139.5
139.5
140.25
140.25
139.5
139.5
139.0
139.5
139.5
139.75
139.75
139.5
140.0
140.0
138.5
138.5
138.5
138.5
138.5
138.75
138.75
139.75
139.75
138.5
138.5
137.75
137.75
137.75
138.0
138.0
138.0
138.0
137.0
138.25
138.25
138.25
138.25
138.5
138.5
138.5
138.0
138.0
138.25
138.25
138.0
138.75
138.75
138.5
138.5
138.25
138.25
139.5
140.75
140.75
140.25
140.25
139.5
139.5
139.5
139.5
139.5
139.75
139.75
140.75
140.5
140.5
140.0
140.0
139.5
139.25
139.25
139.25
139.25
138.5
138.5
138.5
138.0
138.0
138.0
138.0
138.0
138.0
138.0
137.75
137.75
139.0
139.0
138.75
138.75
138.75
139.25
139.25
138.0
138.0
138.0
139.0
139.0
138.5
138.5
138.5
138.5
138.5
138.5
138.5
138.5
140.5
139.5
139.5
139.5
140.0
140.0
139.75
139.75
139.75
138.5
138.5
139.75
139.75
140.0
140.5
140.5
140.25
140.25
140.75
140.75
140.75
140.75
140.75
140.75
140.75
140.75
141.0
141.0
141.0
145.0
144.0
144.0
144.0
144.0
144.0
143.75
143.75
143.75
146.75
146.75
151.25
149.25
149.25
150.75
150.75
150.75
152.25
153.25
153.25
153.75
154.25
154.25
154.25
155.75
155.75
156.75
155.75
155.75
155.75
152.5
152.5
152.5
152.5
152.5
152.25
152.25
152.25
153.5
153.5
151.25
150.5
150.5
150.5
150.5
150.25
150.25
150.25
149.75
149.75
149.5
148.5
148.5
147.25
145.75
145.75
146.0
146.0
146.5
145.75
145.75
145.5
145.5
146.75
147.0
147.0
147.0
147.0
147.0
147.0
147.0
147.75
148.0
148.0
147.5
147.5
147.75
147.0
147.0
145.75
145.75
145.0
143.75
143.75
143.25
143.25
143.0
142.75
142.75
142.0
142.0
141.25
141.25
140.75
140.0
140.0
139.25
139.25
138.5
138.5
139.0
139.5
139.5
140.75
140.75
142.25
143.25
143.25
143.25
143.25
144.75
145.25
145.25
145.0
142.5
142.5
142.5
142.5
142.25
142.25
142.25
142.25
142.5
142.5
133.75
133.75
137.5
137.5
142.25
144.5
144.5
145.5
147.0
147.0
149.0
151.75
151.75
153.5
154.75
154.75
155.0
155.0
155.25
156.0
156.0
156.0
156.0
156.0
155.75
155.5
155.5
155.0
154.75
154.75
154.75
154.75
153.0
150.75
150.75
150.25
150.0
150.0
148.0
148.0
147.5
147.0
147.0
146.75
146.75
146.5
146.25
146.25
145.0
145.0
143.5
143.25
143.25
143.75
143.75
145.0
145.0
145.0
144.25
144.25
144.5
144.5
144.5
145.0
145.0
143.5
143.25
143.25
142.75
142.75
143.0
144.0
144.0
144.75
144.75
145.75
146.5
146.5
147.0
148.25
148.25
148.5
148.5
150.0
150.0
150.0
150.5
150.5
150.5
151.25
152.5
152.5
155.25
155.25
155.0
156.0
156.0
156.5
157.5
157.5
159.0
159.0
159.0
159.25
161.25
162.0
162.0
162.0
162.25
162.25
162.25
162.75
162.75
163.25
164.5
164.5
165.0
165.5
165.5
165.0
165.0
165.0
165.0
164.5
165.5
165.5
164.75
165.0
165.0
164.75
164.0
164.0
163.75
164.25
164.25
164.25
163.75
163.75
164.5
164.25
164.25
163.75
164.25
165.75
165.75
165.5
164.25
164.25
164.0
162.75
162.75
161.5
161.25
161.25
161.0
159.5
159.5
159.5
157.75
157.75
158.25
158.0
158.0
158.5
159.0
159.0
159.5
159.0
159.0
159.25
160.75
160.75
162.25
163.5
163.5
163.75
164.25
164.25
164.25
165.5
165.5
165.5
165.75
166.5
166.5
169.0
168.25
168.25
170.5
170.0
170.75
170.75
172.25
173.25
174.0
174.0
173.5
173.25
173.25
173.75
173.75
174.5
174.5
174.0
174.5
174.5
174.5
175.0
175.75
175.75
175.75
177.75
177.25
177.25
176.75
179.25
180.25
180.25
178.75
178.0
177.25
177.25
176.75
177.0
180.0
180.0
178.75
181.75
181.75
181.75
181.75
181.75
181.75
181.75
181.75
181.75
181.75
181.75
181.75
181.76
181.77
181.78
181.79
181.8
181.81
181.82
181.83
181.84
181.85
181.86
181.87
181.88
181.89
181.9
181.91
181.92
181.93
181.94
181.95
181.96
181.97
181.98
181.99
182.0
182.0
178.25
180.0
180.0
182.0
182.0
181.75
181.75
181.75
181.75
181.75
181.75
181.75
181.75
186.0
185.25
185.25
184.75
184.75
186.0
186.0
186.0
186.0
185.75
185.75
186.0
186.0
185.75
185.75
185.65
185.55
185.45
185.35
185.25
185.25
185.25
185.25
185.25
185.25
185.25
185.5
185.5
185.25
185.25
166.85
148.45
130.05
111.65
93.25
93.25
94.0
94.0
94.0
94.0
94.0
93.75
94.0
94.0
93.75
93.75
112.85
131.95
151.05
170.15
189.25
188.75
188.75
188.75
188.0
187.5
187.75
187.75
188.75
188.5
188.5
188.5
189.25
189.25
189.25
189.25
189.25
189.25
189.25
189.5
187.0
187.0
186.75
186.75
186.25
186.25
186.0
184.75
184.25
184.25
183.75
182.75
182.0
182.0
182.0
182.0
181.0
181.0
180.25
179.0
178.25
178.25
178.25
178.25
178.25
178.25
177.75
178.0
178.0
176.75
176.25
175.0
175.0
174.5
174.5
174.5
174.5
174.75
173.25
173.25
172.75
173.5
173.25
173.25
172.75
172.5
172.5
172.75
172.25
172.0
172.0
172.25
172.25
172.25
172.5
172.75
173.25
173.25
172.25
172.0
172.0
172.0
172.0
172.25
172.25
172.25
172.25
172.5
172.5
172.25
171.25
171.25
171.0
170.5
169.75
169.75
169.5
169.75
169.75
169.25
169.0
169.0
169.0
169.75
169.5
169.5
169.5
169.5
169.5
169.0
169.25
169.25
170.75
170.5
170.0
170.0
170.5
170.0
170.0
170.0
169.75
170.0
170.0
169.75
169.25
169.25
169.75
169.75
170.0
170.0
170.0
169.75
169.75
169.5
168.5
168.5
168.0
167.5
167.0
167.0
167.0
167.0
167.0
167.0
167.5
167.5
167.5
168.0
168.5
168.5
169.0
168.5
168.5
166.75
166.0
166.0
165.0
164.75
164.75
164.75
164.75
164.75
165.0
164.75
165.75
165.75
166.25
166.75
166.75
168.25
169.25
169.25
169.5
170.5
169.75
169.75
169.75
170.5
171.25
171.25
171.5
172.0
172.0
171.0
171.0
171.0
170.5
169.25
169.0
169.0
167.75
166.75
166.75
166.25
164.25
164.25
162.75
162.0
162.0
161.25
161.25
161.25
161.25
161.25
161.5
161.25
161.25
161.25
160.75
160.75
160.0
159.0
159.0
158.0
159.0
159.0
159.0
160.5
160.5
160.25
160.0
160.0
160.0
159.25
158.75
158.75
158.5
159.0
159.0
159.25
159.25
159.25
158.25
157.5
157.5
156.75
155.25
155.25
156.0
156.0
156.75
156.75
156.75
156.5
156.0
156.0
156.0
157.25
157.25
157.0
157.0
157.0
157.0
156.5
156.5
156.0
155.25
155.25
154.75
154.75
154.5
154.0
154.0
153.5
154.25
154.25
155.25
155.75
155.75
156.75
157.75
157.75
158.5
158.5
158.5
158.25
158.5
158.5
159.25
158.5
158.5
159.5
160.25
160.25
160.0
159.5
159.5
160.0
160.25
160.25
160.0
160.0
160.0
160.0
159.5
159.5
159.5
159.25
159.25
159.25
158.5
158.5
156.75
156.75
156.25
156.5
156.5
156.25
155.0
155.0
157.0
157.0
157.0
156.5
157.0
157.0
157.75
157.5
157.5
158.0
157.75
157.75
158.75
157.5
157.5
157.5
160.25
159.5
159.25
159.25
160.25
160.25
158.5
161.0
158.25
158.25
158.75
158.75
158.75
159.5
159.5
159.25
158.5
158.5
156.75
157.5
157.5
157.25
157.75
157.75
158.5
158.5
158.75
158.75
160.75
161.75
161.5
161.5
160.5
160.75
160.75
161.0
161.0
161.0
161.0
160.0
160.0
159.0
158.75
158.75
158.5
158.5
158.0
158.25
158.25
158.25
157.75
157.75
158.25
157.5
157.5
156.75
155.75
155.75
157.75
157.5
157.5
157.75
157.25
157.25
158.0
157.5
157.5
157.75
158.75
158.75
157.75
158.25
158.25
157.25
157.5
157.5
158.0
156.75
156.75
156.5
156.5
156.25
157.25
157.25
157.25
160.5
160.5
160.5
157.25
157.25
156.25
156.25
156.25
156.5
156.5
153.25
153.25
154.25
153.75
153.75
154.5
155.25
155.25
154.5
154.5
153.25
153.25
153.75
153.75
152.25
150.75
150.75
149.75
149.75
150.5
150.5
151.25
151.25
151.25
151.25
151.25
151.25
151.5
151.5
151.5
151.5
151.5
150.25
150.25
153.25
153.0
153.0
152.5
152.5
152.5
152.5
152.5
152.5
152.5
152.5
152.25
152.25
152.5
152.5
150.88636363636363
149.27272727272728
147.6590909090909
146.04545454545453
144.4318181818182
142.8181818181818
141.20454545454547
139.5909090909091
137.97727272727272
136.36363636363637
134.75
133.13636363636363
131.52272727272728
129.9090909090909
128.29545454545456
126.68181818181819
125.06818181818181
123.45454545454545
121.8409090909091
120.22727272727273
118.61363636363636
117.0
115.38636363636364
113.77272727272728
112.1590909090909
110.54545454545455
108.93181818181819
107.31818181818183
105.70454545454545
104.0909090909091
102.47727272727273
100.86363636363637
99.25
99.25
98.5
98.5
100.75
100.75
100.75
100.75
100.75
100.75
100.75
101.0
101.0
101.0
101.0
101.0
101.0
101.0
101.0
101.0
101.0
