133.25
131.75
131.75
130.25
130.25
129.75
130.75
130.75
131.5
131.5
132.0
132.0
132.25
132.25
130.5
129.75
129.75
128.75
128.75
127.25
127.25
126.5
126.5
126.5
126.5
126.25
126.25
126.0
126.0
124.5
124.5
124.5
124.5
124.5
130.0
130.0
130.75
130.75
131.5
131.5
131.75
130.75
130.75
130.75
130.75
130.75
130.75
131.25
131.25
132.0
132.0
132.0
132.0
132.0
131.75
131.75
131.75
131.75
131.75
132.5
132.5
132.75
132.75
133.25
135.0
135.0
136.0
136.0
136.5
136.0
136.0
135.5
135.5
135.0
135.0
132.5
132.5
129.5
129.5
127.75
127.75
127.75
127.75
128.0
128.0
127.75
127.0
127.0
127.25
127.25
128.0
128.0
127.5
127.5
127.5
127.5
128.75
128.75
129.25
129.5
129.5
130.25
130.25
130.5
130.5
130.5
130.5
130.75
130.75
131.0
131.0
130.25
130.25
130.0
130.0
128.5
131.0
131.0
131.0
133.0
133.0
133.25
133.25
134.25
134.25
134.5
134.5
134.5
134.75
134.75
134.75
134.75
134.75
134.75
134.75
133.5
133.5
128.5
128.5
127.5
127.5
127.25
127.25
127.25
127.25
127.25
128.5
128.5
129.75
129.75
130.5
130.5
130.75
130.75
127.83333333333333
124.91666666666667
122.0
122.0
122.0
122.0
132.5
133.0
133.0
133.25
133.25
133.25
133.25
134.0
134.0
134.0
135.75
135.75
135.75
135.75
134.75
134.75
134.25
134.25
134.25
134.25
133.25
132.75
132.75
133.25
133.25
134.0
134.0
134.75
134.75
133.25
132.75
132.75
132.5
132.5
132.0
132.0
131.75
131.5
131.5
131.5
130.5
130.5
130.75
130.75
131.75
131.75
132.5
132.75
132.75
132.75
132.75
135.25
135.25
131.75
131.75
132.75
132.75
132.75
132.75
133.5
133.5
134.25
134.75
134.75
135.0
135.0
134.5
134.5
134.0
134.0
132.5
132.5
131.75
131.75
132.0
132.0
133.25
132.5
132.5
131.25
131.25
131.5
131.5
132.0
133.25
133.25
134.0
134.0
135.25
135.25
136.5
137.25
137.25
137.25
138.75
139.25
139.25
139.25
139.75
139.75
139.75
140.0
140.0
140.25
140.25
140.5
140.5
140.5
140.5
140.5
141.0
141.0
141.25
140.75
140.75
139.75
139.75
139.5
139.5
139.5
138.5
138.5
138.0
138.0
138.25
138.75
138.75
138.25
138.25
138.0
138.0
137.75
136.25
136.25
134.75
134.75
131.75
131.75
131.75
131.75
132.25
133.75
133.75
133.75
135.5
135.5
135.5
138.75
139.25
139.25
139.25
139.25
138.5
138.5
138.75
139.0
139.0
140.0
140.0
140.75
140.75
140.75
140.75
140.75
141.75
142.25
142.25
142.75
142.75
142.5
142.75
142.75
143.75
143.75
144.25
144.5
144.5
144.5
144.5
144.5
144.75
144.75
145.0
145.0
145.25
145.25
146.25
147.25
147.25
148.75
149.25
149.25
149.25
150.5
151.25
151.25
151.75
152.25
152.25
151.75
151.75
150.5
147.75
147.75
144.0
144.0
136.0
136.0
134.25
135.5
135.5
137.0
137.0
137.5
138.0
138.0
137.25
137.25
137.25
138.75
138.75
137.5
137.5
138.0
138.0
138.0
138.0
138.0
136.5
137.0
137.0
138.25
138.25
139.25
139.25
140.0
140.75
140.75
141.0
141.0
140.75
140.75
140.5
140.5
140.5
140.25
140.25
140.75
141.25
141.25
141.25
141.25
141.25
140.0
140.0
140.0
140.0
140.0
138.75
138.75
139.0
139.0
139.25
139.25
137.75
137.75
137.0
136.0
136.0
136.0
136.0
133.25
133.25
132.25
132.25
132.25
132.0
132.0
132.25
132.25
133.5
133.5
134.5
134.5
134.5
134.75
134.75
135.0
135.0
133.75
133.75
133.25
132.25
132.25
132.0
132.0
132.25
132.25
132.0
132.0
131.75
131.75
131.75
131.5
131.5
132.0
132.0
132.75
132.75
134.25
134.25
135.25
135.5
135.5
135.75
135.75
136.5
136.5
137.0
137.5
137.5
138.0
138.0
138.0
138.0
138.0
138.0
138.0
137.25
137.25
137.25
137.25
136.75
136.5
136.5
136.0
136.0
135.25
135.25
135.0
135.25
135.25
135.75
135.75
135.5
135.5
135.0
134.75
134.75
135.25
135.25
135.0
135.0
134.0
134.0
132.5
131.75
131.75
132.0
132.0
131.75
131.75
132.0
132.0
132.0
132.25
132.25
134.0
134.0
134.25
134.25
131.25
131.25
129.75
129.75
129.75
130.0
130.0
132.0
132.0
132.75
132.75
133.5
133.5
134.25
135.0
135.0
135.0
135.0
135.0
135.0
136.25
137.0
137.0
138.0
138.0
138.5
138.5
138.75
138.75
138.75
139.0
139.0
139.5
140.0
140.0
140.5
140.5
140.75
140.75
140.5
140.0
140.0
139.75
139.75
140.0
140.0
140.0
139.5
139.5
139.0
139.0
138.25
139.25
139.25
140.0
140.0
140.0
140.0
139.75
139.5
139.5
139.0
139.0
139.0
138.5
138.5
137.0
137.0
136.5
136.5
135.75
134.5
134.5
134.25
134.25
134.25
134.25
133.5
133.5
132.75
134.0
134.0
135.0
135.0
135.75
135.75
136.75
136.75
136.75
139.75
139.75
139.5
141.0
141.0
141.5
141.5
141.5
141.5
142.0
143.0
143.0
143.5
143.5
142.75
142.75
142.75
143.0
144.5
144.5
144.25
144.25
143.25
143.25
143.0
142.75
142.75
142.5
142.5
142.0
142.0
142.0
142.0
142.0
142.0
142.0
142.0
141.25
141.25
140.25
140.25
139.5
138.75
138.75
138.5
138.5
137.0
137.0
137.0
137.25
137.25
137.75
137.75
137.75
136.75
136.75
136.5
136.5
137.25
137.25
137.5
137.5
137.5
137.5
137.5
137.5
138.0
138.0
139.0
139.0
139.0
139.0
138.25
138.25
138.0
138.0
138.0
138.0
138.0
138.0
138.0
138.25
138.25
138.75
138.75
139.25
139.5
139.5
139.75
139.75
140.25
140.25
140.5
141.5
141.5
142.25
142.25
142.5
143.5
143.5
143.75
143.75
144.25
144.25
145.5
145.5
146.0
146.0
146.0
146.0
145.5
145.0
145.0
144.75
144.75
144.25
144.0
144.0
144.0
144.0
143.5
143.75
143.75
143.5
143.5
142.5
143.25
143.25
143.0
143.0
143.5
143.25
143.25
142.5
142.5
141.25
140.75
140.75
140.75
140.75
140.25
140.25
140.25
141.25
141.25
141.75
141.75
141.25
141.25
140.25
140.25
139.0
139.0
138.25
138.25
138.75
138.75
138.75
138.0
138.0
138.0
138.0
139.25
140.0
140.0
140.5
140.5
140.5
142.0
142.0
142.5
142.5
142.75
144.0
144.0
144.25
144.25
144.25
144.0
144.0
143.5
143.5
143.25
143.0
143.0
142.0
142.0
141.25
139.5
139.5
138.25
138.25
138.5
138.5
139.25
139.75
139.75
140.5
140.5
140.5
140.75
140.75
139.75
139.75
139.0
139.0
138.5
138.5
138.5
138.5
138.5
138.5
138.5
138.5
136.0
135.0
135.0
134.75
134.75
133.75
133.75
133.0
133.0
133.75
134.25
134.25
134.75
134.75
134.5
134.5
134.25
134.25
134.25
134.0
134.0
133.5
133.5
132.5
132.5
131.75
131.75
129.75
129.75
128.75
128.75
128.25
127.0
127.0
127.75
127.75
127.75
127.75
128.0
128.0
128.0
128.0
131.0
131.5
131.5
133.0
133.0
133.75
133.75
134.75
135.0
135.0
134.25
134.25
132.5
132.5
131.25
131.25
130.5
130.5
130.25
130.25
130.25
127.25
127.25
122.25
122.25
121.5
121.5
121.5
121.5
122.0
122.0
123.0
123.0
123.25
123.25
124.5
124.5
124.0
124.0
123.75
123.75
124.5
124.5
125.0
125.0
125.5
125.5
126.5
128.0
128.0
128.25
128.25
126.5
126.5
126.5
126.5
125.5
125.5
122.25
122.25
122.25
122.25
123.5
123.5
124.75
124.75
125.0
125.0
124.5
124.5
125.75
125.75
125.5
125.5
125.5
122.0
122.0
122.0
122.5
122.5
121.75
121.25
121.25
120.5
120.5
121.75
121.75
123.0
123.0
123.0
123.0
126.75
126.75
127.75
127.75
128.5
128.5
129.25
129.25
130.0
129.5
129.5
128.75
128.75
129.5
129.5
130.25
130.25
130.5
130.5
130.5
130.5
129.5
129.25
129.25
129.25
129.25
128.0
128.0
127.25
127.25
127.25
125.25
125.25
125.25
125.25
124.5
125.0
125.0
127.0
127.0
128.5
128.5
128.5
128.5
126.75
126.75
125.75
125.75
125.5
125.5
124.5
124.5
125.0
125.0
124.0
124.0
124.0
125.5
125.5
127.25
127.25
128.25
128.25
129.0
129.0
129.0
131.25
131.25
132.0
132.0
132.0
132.0
132.0
132.0
132.0
128.0
128.0
128.0
128.0
127.75
127.75
127.0
127.0
127.0
127.5
127.5
126.75
126.75
126.75
126.75
126.75
126.75
131.0
131.0
132.25
132.25
132.25
132.25
128.75
128.75
128.25
128.25
127.0
127.0
124.0
124.0
124.0
124.0
124.75
125.75
125.75
125.75
125.75
126.0
126.0
127.0
127.0
127.75
127.75
128.0
128.0
128.0
128.0
129.0
128.5
128.5
128.75
128.75
130.0
130.0
132.25
132.25
132.5
132.5
133.25
133.25
132.75
132.5
132.5
133.25
133.25
134.5
134.5
134.5
134.5
134.5
123.25
123.25
123.5
123.5
127.5
127.5
128.5
128.5
125.5
125.5
122.0
122.0
122.0
124.25
124.25
126.0
126.0
126.75
126.75
128.0
128.0
128.25
128.25
128.25
128.75
128.75
130.25
130.25
130.0
130.0
129.5
129.5
127.5
127.5
124.25
124.25
123.5
123.5
126.5
130.0
130.0
130.0
130.0
131.5
131.5
132.75
132.75
133.75
133.75
133.75
134.0
134.0
134.75
134.75
134.25
134.25
134.0
134.0
134.0
133.75
133.75
131.75
131.75
130.75
130.75
128.0
128.0
127.0
128.75
128.75
130.5
130.5
133.0
133.0
134.25
135.75
135.75
135.75
135.75
134.5
134.5
132.0
132.0
130.5
130.5
130.0
129.75
129.75
129.75
129.75
128.0
128.0
127.5
127.5
127.5
127.5
128.0
128.0
129.25
129.25
129.5
127.75
127.75
126.75
126.75
127.25
127.25
127.5
127.5
128.0
128.0
129.75
131.5
131.5
133.5
133.5
134.75
134.75
137.0
137.0
136.5
135.75
135.75
135.5
135.5
137.5
137.5
138.0
139.25
139.25
140.5
140.5
141.75
138.0
138.0
137.75
137.75
139.75
139.75
141.25
141.75
141.75
141.0
141.0
140.25
140.25
138.75
135.5
135.5
135.25
135.25
135.25
135.25
136.5
136.5
136.75
134.75
134.75
133.25
133.25
132.25
132.25
131.0
131.0
127.0
127.0
127.0
127.0
127.0
127.0
131.25
131.25
131.25
131.25
131.25
130.5
130.5
130.5
137.25
137.25
137.25
137.25
134.75
134.75
135.5
136.75
136.75
137.75
137.75
138.5
138.5
138.0
137.5
137.5
138.5
138.5
138.75
138.75
138.25
138.25
138.25
139.25
139.25
140.25
140.25
141.25
141.25
142.0
142.75
142.75
144.0
144.0
144.25
142.75
142.75
140.75
140.75
140.75
138.75
138.75
138.75
137.0
137.0
137.0
137.0
137.0
137.0
136.25
134.75
134.75
134.25
134.25
135.75
135.75
138.0
139.0
139.0
140.75
140.75
142.0
142.75
142.75
143.25
143.25
142.5
143.0
143.0
143.75
143.75
144.5
143.5
143.5
143.0
143.0
144.5
145.25
145.25
146.0
146.0
147.25
147.75
147.75
147.25
147.25
145.0
145.0
143.5
143.5
142.5
140.5
140.5
141.0
141.0
141.25
141.25
140.5
139.75
139.75
139.5
139.5
140.0
140.0
140.0
140.5
140.5
140.5
140.5
139.25
137.25
137.25
134.25
134.25
133.0
133.0
134.5
136.75
136.75
138.5
138.5
140.0
141.25
141.25
142.25
142.25
143.25
144.25
144.25
144.5
144.5
144.75
145.0
145.0
145.0
145.0
145.0
145.0
145.5
145.5
145.0
146.0
146.0
146.75
146.75
146.5
146.5
146.5
146.5
146.5
146.75
146.75
147.25
147.25
148.25
148.25
148.25
148.0
148.0
148.0
148.0
148.0
148.25
147.75
147.75
147.0
147.0
144.75
142.0
142.0
141.75
141.75
142.5
142.5
143.25
144.0
144.0
144.5
144.5
144.75
146.0
146.0
147.0
147.0
147.0
146.0
146.0
145.25
145.25
145.25
142.0
142.0
140.25
140.25
138.0
138.0
136.5
136.5
135.0
135.0
135.0
135.0
135.0
136.25
136.25
136.5
137.5
137.5
138.0
138.0
138.25
137.5
137.5
136.5
136.5
136.0
136.0
135.75
135.75
135.75
133.25
133.25
133.75
133.75
134.0
133.25
133.25
133.5
133.5
132.0
132.0
133.25
133.25
132.75
132.75
131.5
130.75
130.75
130.75
130.75
131.25
131.25
132.5
134.75
134.75
134.75
135.25
135.5
135.5
137.0
137.0
139.0
139.75
139.75
139.25
139.25
140.0
140.0
139.25
138.5
138.5
137.75
137.75
137.5
137.5
137.5
139.0
139.0
139.5
139.5
140.0
140.0
140.0
140.5
140.5
141.0
141.0
141.0
141.75
141.75
142.75
142.75
142.75
141.5
141.5
140.75
140.75
140.75
140.75
140.5
141.0
141.0
141.0
141.0
140.5
141.75
141.75
142.25
142.25
143.0
144.0
144.0
144.25
144.25
145.0
145.5
145.5
145.5
146.0
146.25
146.25
146.75
146.75
147.0
147.5
147.5
147.25
147.25
145.5
144.75
144.75
143.5
143.5
141.0
141.0
141.0
141.0
142.75
142.75
143.5
143.5
143.5
142.75
142.75
142.75
143.5
143.5
143.5
143.5
142.0
142.0
139.25
139.25
138.5
138.5
138.25
138.25
138.25
137.0
137.0
136.75
136.75
138.25
140.0
140.0
141.5
141.5
141.5
141.5
141.5
141.5
141.5
140.25
140.25
140.0
138.75
138.75
138.75
138.75
139.0
138.75
138.75
138.25
138.25
138.25
138.25
136.25
136.25
136.25
137.75
137.75
142.5
142.5
141.75
141.75
141.25
141.25
140.5
138.5
138.5
138.5
137.75
138.25
138.25
138.75
138.75
139.5
139.5
140.5
140.5
141.25
140.5
140.5
138.5
138.5
136.75
136.75
137.5
138.75
138.75
139.0
139.0
139.5
139.5
137.5
137.0
137.0
137.25
137.25
136.75
136.75
136.0
136.0
136.5
136.5
137.25
137.25
137.25
137.25
137.0
137.0
137.0
137.0
137.5
137.5
138.0
138.0
139.0
139.0
140.5
140.5
140.25
140.5
140.5
141.25
141.25
142.25
142.25
142.25
142.5
142.5
143.0
143.5
143.5
144.0
144.0
144.25
145.0
145.0
145.25
145.25
145.25
145.25
145.25
143.75
143.75
141.75
140.5
140.5
137.75
137.75
134.0
134.0
132.25
131.0
131.0
131.0
128.5
125.5
125.5
125.5
123.75
123.75
123.75
125.0
125.0
125.5
125.5
125.5
124.75
124.75
124.75
124.75
125.25
125.25
125.25
125.25
130.5
130.5
131.5
132.0
132.0
132.5
132.5
135.0
135.0
136.75
136.75
138.0
138.0
138.75
138.75
138.75
140.0
140.25
140.25
140.25
140.25
139.0
139.0
138.0
138.0
138.0
138.75
138.75
139.75
139.75
140.5
141.0
141.0
139.25
139.25
139.25
132.5
132.5
131.25
131.25
132.5
132.5
131.25
131.25
129.25
128.25
128.25
128.25
125.25
125.25
125.0
126.5
126.5
127.75
127.75
127.75
128.5
127.75
127.75
128.25
128.25
129.0
129.0
128.75
128.75
127.5
127.5
128.5
128.5
130.0
130.0
130.5
130.5
130.5
130.0
130.0
130.0
130.0
131.25
131.25
131.75
131.75
131.75
131.75
133.5
133.5
134.75
134.75
135.25
135.25
133.0
133.0
132.75
132.75
132.75
121.25
121.25
120.75
120.75
120.75
129.75
129.75
132.0
133.75
133.75
135.75
135.75
136.5
136.5
136.5
136.5
135.0
135.0
133.5
133.5
130.0
130.0
126.5
126.5
125.0
123.25
123.25
123.25
123.25
125.25
125.25
127.25
127.25
127.25
127.25
130.75
130.75
132.5
132.5
133.75
133.75
134.75
136.25
136.25
137.0
137.0
135.5
135.5
135.0
135.0
137.0
137.0
138.25
138.25
138.5
138.75
138.75
140.25
140.25
140.75
141.25
141.25
141.5
141.5
140.0
140.0
140.0
137.5
137.5
136.75
136.75
136.75
138.0
138.0
138.5
138.5
141.5
141.5
142.5
143.75
143.75
144.5
144.5
145.25
145.75
145.75
146.5
146.5
146.5
144.25
140.25
140.25
137.75
137.75
133.75
133.75
132.0
132.0
130.75
130.75
130.25
130.25
130.75
131.5
131.5
132.75
132.75
133.25
133.25
132.75
132.75
131.25
129.75
129.75
129.25
129.25
130.25
130.25
132.0
132.0
133.0
133.0
132.75
132.75
132.75
132.0
132.0
130.75
130.75
130.25
130.25
128.0
128.0
128.5
130.5
130.5
131.25
131.25
132.0
132.0
132.25
132.25
132.75
132.75
133.5
133.5
134.25
134.25
134.75
134.75
134.75
134.75
134.75
135.5
135.5
135.5
138.75
140.25
140.25
140.75
140.75
140.25
140.25
140.0
139.25
139.25
138.5
138.5
137.5
137.25
137.25
137.25
137.25
136.25
136.25
136.75
136.75
137.0
136.5
136.5
135.5
135.5
135.0
135.0
134.75
135.0
135.0
135.0
135.0
135.0
135.0
135.0
136.0
136.0
138.25
138.25
139.0
139.0
139.0
139.0
139.0
138.0
138.0
134.75
134.75
131.5
131.5
130.25
130.25
131.0
132.0
132.0
133.5
133.5
135.25
135.25
136.5
137.0
137.0
138.25
138.25
139.75
139.75
141.25
141.25
142.0
142.75
142.75
143.75
143.75
144.25
145.0
145.0
145.75
146.25
146.25
145.5
145.5
145.5
142.0
142.0
140.0
137.0
137.0
132.75
132.75
130.75
130.75
128.25
128.25
125.0
125.0
123.75
123.75
123.75
127.25
127.25
127.75
129.25
129.25
131.75
131.75
133.25
133.25
135.25
137.25
137.25
138.5
138.5
139.0
139.5
139.5
140.0
140.0
139.0
139.0
138.5
138.5
138.0
137.5
137.5
138.25
138.25
139.0
140.0
140.0
140.5
140.5
140.0
140.0
139.0
138.25
138.25
138.25
138.5
138.5
139.0
138.75
138.75
138.25
138.25
139.5
140.75
140.75
142.0
142.0
142.0
142.0
141.5
141.75
141.75
141.75
143.0
143.0
143.25
143.25
143.5
143.5
144.25
144.75
144.75
145.25
145.25
147.5
147.5
148.75
150.0
150.0
151.25
152.25
152.25
153.0
153.0
153.75
154.75
154.75
154.75
155.25
154.75
154.75
154.5
154.5
154.5
154.5
142.25
142.25
133.0
133.0
128.5
128.5
127.0
128.75
128.75
129.25
129.25
129.25
129.25
129.25
129.25
132.0
132.0
132.5
133.25
133.25
134.75
134.75
135.25
135.25
134.25
134.25
134.5
135.5
135.5
136.0
136.0
136.25
136.25
136.25
136.75
136.75
136.5
136.5
133.75
133.75
133.0
133.0
133.5
134.0
134.0
134.0
134.0
134.0
134.0
134.0
134.25
134.25
135.25
135.25
136.25
136.25
136.75
137.25
137.25
137.75
137.75
137.0
137.0
136.0
136.0
135.75
136.0
136.0
136.5
136.5
137.0
137.0
136.5
136.5
135.75
135.75
133.5
133.5
130.25
130.25
128.75
128.5
128.5
127.5
127.5
127.75
127.75
129.25
131.0
131.0
130.0
130.0
129.25
129.25
130.0
130.0
131.25
131.25
132.25
132.25
132.25
135.5
135.5
136.25
136.25
138.25
138.25
139.0
139.0
139.0
142.5
142.5
142.5
143.75
144.5
144.5
143.75
143.75
142.75
142.75
142.75
136.75
136.75
135.5
135.5
131.25
131.25
126.5
126.5
124.75
124.75
125.25
127.75
127.75
130.25
130.25
130.25
135.25
137.0
137.0
139.0
139.0
139.75
139.75
139.75
139.75
139.5
139.5
138.25
138.25
137.0
137.0
136.0
135.0
135.0
133.75
133.75
133.75
133.75
133.75
133.75
133.25
132.0
132.0
131.0
131.0
131.25
131.25
131.25
131.25
132.0
132.0
132.25
132.25
132.75
132.75
133.5
133.5
132.25
132.25
132.25
132.25
132.25
132.25
132.25
133.25
133.25
133.25
133.75
133.75
134.0
134.0
131.5
131.5
130.0
130.0
130.5
130.5
131.25
131.25
131.25
130.25
130.25
129.5
129.5
129.5
129.5
129.75
129.75
131.25
132.75
132.75
133.5
133.5
133.75
133.75
134.25
134.25
134.25
134.75
135.0
135.0
136.0
136.0
137.0
137.0
137.5
137.75
137.75
136.75
136.75
136.0
136.0
136.25
136.5
136.5
136.25
136.25
136.25
136.25
136.25
136.25
136.25
137.0
137.0
137.5
137.5
138.25
138.25
139.0
140.5
140.5
140.0
140.0
139.75
139.75
139.75
139.0
139.0
137.5
137.5
134.75
134.75
133.25
133.75
133.75
134.0
134.0
132.75
132.75
131.75
131.75
132.25
132.25
134.0
134.0
135.5
135.5
134.0
134.0
130.0
130.0
124.25
124.25
122.75
122.75
123.0
123.0
126.75
126.75
126.5
126.5
124.25
124.25
124.5
126.0
126.0
127.75
127.75
136.0
136.0
138.5
138.5
140.75
140.75
142.0
143.25
143.25
144.0
144.0
144.0
144.5
144.5
144.5
148.0
148.0
148.0
148.0
148.25
148.25
148.25
150.0
150.0
150.0
151.25
152.25
152.25
153.0
153.0
152.5
152.25
152.25
152.25
152.25
152.25
152.25
147.25
147.25
146.0
146.0
145.5
145.5
145.5
145.5
145.5
145.5
145.5
145.5
145.5
110.125
74.75
74.75
74.75
77.0
77.0
77.0
77.0
77.0
82.5
82.5
82.5
82.5
82.5
82.5
82.5
76.75
76.75
75.0
75.0
75.0
75.0
75.0
75.0
75.0
80.0
85.0
90.0
95.0
100.0
100.0
104.25
104.25
104.25
106.0
106.0
112.0
112.0
115.0
115.0
117.5
117.5
120.5
120.5
124.25
126.25
126.25
127.25
127.25
128.75
128.75
132.75
132.75
137.0
137.0
141.5
141.5
143.25
144.25
144.25
146.5
146.5
149.5
149.5
150.25
150.5
150.5
151.0
150.5
150.5
149.5
149.5
149.5
147.5
146.25
146.25
145.0
145.0
144.5
143.0
143.0
143.25
143.25
144.0
144.0
143.5
143.5
143.5
143.5
143.0
143.0
141.25
139.75
139.75
139.75
139.75
139.75
139.75
139.0
138.0
138.0
138.0
138.0
139.25
140.0
140.0
140.0
139.75
139.75
139.75
139.5
139.5
139.25
139.25
139.0
139.0
138.25
138.25
138.25
138.75
138.75
139.5
140.25
140.25
141.0
141.0
139.75
139.75
139.25
140.25
140.25
140.75
140.75
141.0
141.0
141.5
141.75
141.75
142.75
142.75
143.75
144.25
144.25
145.0
145.5
145.5
144.5
144.5
144.75
144.25
144.25
144.5
144.5
144.0
142.5
142.5
140.5
140.5
139.75
139.75
138.75
137.75
137.75
137.0
137.0
136.0
136.0
135.25
133.25
133.25
130.75
130.75
129.25
129.25
128.5
128.5
128.5
128.5
128.5
128.5
129.5
131.75
131.75
133.75
133.75
137.25
137.25
139.0
139.0
139.25
140.75
140.75
140.75
140.75
140.75
140.75
140.75
140.75
141.0
142.5
142.5
142.5
142.25
142.5
142.5
143.75
143.75
145.0
145.75
145.75
145.75
145.75
145.0
144.25
144.25
144.25
144.25
144.25
143.25
143.25
141.75
141.75
140.25
140.25
139.5
139.5
139.5
139.25
139.25
138.75
138.75
136.0
136.0
134.25
133.5
133.5
134.0
134.0
136.0
136.0
137.25
137.25
137.25
137.25
137.0
136.75
136.75
136.75
136.75
136.75
136.75
136.75
136.5
136.5
137.5
137.5
137.5
137.75
137.75
136.75
136.0
136.0
137.0
137.0
137.5
139.25
139.25
141.0
141.0
141.0
140.5
140.5
140.5
140.5
138.75
138.75
137.25
137.25
136.0
136.0
135.5
136.0
136.0
136.25
136.25
135.75
135.75
135.0
136.0
136.0
137.25
137.25
137.25
137.0
137.0
138.5
138.5
139.25
139.25
140.0
141.0
141.0
142.0
142.0
143.0
141.75
141.75
141.25
141.25
139.75
139.75
137.0
135.5
135.5
136.0
136.0
137.25
137.25
137.25
137.25
137.25
134.0
135.0
135.0
135.0
136.75
137.5
137.5
138.5
138.5
138.5
138.5
137.5
137.5
136.25
136.25
135.25
135.25
135.25
135.5
135.5
136.25
136.75
136.75
137.0
137.0
137.5
137.5
137.5
138.25
138.25
139.75
139.75
140.75
140.25
140.25
139.25
139.25
138.75
138.75
137.25
137.25
137.25
137.5
137.5
137.5
137.5
136.5
137.5
137.5
138.25
138.25
139.75
140.25
140.25
141.5
141.5
142.0
142.0
142.0
142.0
142.25
142.5
142.5
143.0
143.0
144.0
145.0
145.0
145.25
145.25
144.5
144.0
144.0
142.5
142.5
141.75
141.25
141.25
140.0
140.0
139.5
138.75
138.75
138.75
138.75
139.0
139.0
139.25
139.25
139.25
140.0
140.0
140.75
140.75
141.0
141.0
141.0
139.0
137.75
137.75
138.0
138.0
140.25
140.25
139.75
139.75
137.5
137.5
134.25
128.5
128.5
128.5
122.5
120.5
120.5
121.25
121.25
123.5
123.5
129.0
129.0
131.75
131.75
131.75
134.5
137.0
137.0
139.5
139.5
142.5
145.0
145.0
145.75
145.75
146.5
147.75
147.75
148.5
150.0
150.0
149.5
149.5
149.25
149.25
148.0
148.0
147.5
145.0
145.0
145.0
142.5
141.25
141.25
139.75
139.75
139.25
139.25
138.75
138.75
138.25
138.0
138.0
138.75
138.75
138.75
138.75
137.25
137.25
136.75
136.75
138.5
138.5
139.75
139.75
142.75
142.75
143.5
143.5
144.25
144.75
144.75
145.5
145.5
147.0
148.25
148.25
149.75
150.5
150.5
150.5
147.5
147.5
146.5
146.0
146.0
144.75
144.75
144.0
143.25
143.25
142.75
142.75
143.25
144.25
144.25
145.0
145.0
144.25
144.25
143.25
143.25
142.0
140.25
140.25
141.0
141.0
142.25
142.25
142.25
141.5
141.25
141.25
140.5
140.5
139.75
139.75
137.25
137.25
136.75
136.75
138.5
139.25
139.25
140.75
140.75
142.5
142.5
142.5
143.0
143.0
143.0
143.0
142.25
142.0
142.0
142.0
142.5
144.25
144.25
145.5
145.5
145.0
144.25
144.25
142.75
142.75
141.5
141.25
141.25
141.0
141.0
141.25
141.25
141.25
141.25
141.25
141.75
141.75
142.0
142.0
142.0
142.25
142.25
142.25
142.25
142.5
142.5
142.0
141.25
141.25
141.25
141.25
142.75
143.25
143.25
142.5
142.5
142.5
142.5
143.0
144.0
144.0
144.0
146.0
146.25
146.25
145.75
145.75
146.0
146.0
146.25
146.25
146.25
145.75
145.75
145.75
146.25
146.25
146.5
146.5
147.0
147.0
147.0
145.25
145.25
145.25
145.25
145.25
144.75
144.75
144.5
144.5
144.0
144.5
144.5
145.5
145.5
146.0
146.0
146.0
146.5
146.5
147.0
147.25
147.25
147.75
147.5
147.5
146.5
146.5
146.0
146.5
146.5
147.5
148.25
148.25
148.5
148.5
148.5
148.25
148.25
147.75
147.75
148.0
148.25
148.25
148.5
148.5
148.5
148.75
148.75
149.0
149.25
149.25
149.75
149.5
149.5
149.5
149.5
149.75
149.25
149.25
149.25
149.75
149.75
149.0
149.0
149.0
149.5
149.5
150.25
151.5
151.5
151.75
151.75
152.0
152.0
152.5
152.5
153.5
153.5
155.0
155.5
155.5
155.5
155.75
155.75
155.75
156.5
156.5
156.5
156.75
156.75
158.0
158.5
158.5
158.75
158.75
159.25
159.25
158.5
158.5
158.5
158.25
158.25
158.25
158.25
158.25
158.5
158.25
158.25
157.5
155.5
155.5
153.75
152.25
152.25
151.75
151.75
151.5
152.0
152.0
152.25
152.25
152.25
153.0
153.0
153.5
154.0
154.0
154.25
154.25
154.0
154.0
152.0
152.0
149.0
143.5
143.5
141.0
141.0
141.0
141.0
141.0
141.0
141.0
141.25
141.25
141.75
141.25
141.25
140.5
140.5
138.5
138.5
137.75
135.75
135.75
135.5
135.5
135.5
138.5
138.5
137.25
137.25
136.25
136.25
135.5
134.75
134.75
134.75
134.75
135.25
135.25
136.25
136.25
136.5
136.5
136.5
137.5
137.5
138.25
138.25
138.75
138.75
140.25
140.25
140.25
143.0
142.25
142.25
141.0
141.0
139.25
136.75
136.75
136.25
136.25
137.75
137.75
141.0
141.75
141.75
143.75
143.75
144.25
144.25
144.5
143.5
143.5
142.25
142.25
138.5
138.5
136.25
136.25
136.25
136.0
136.0
136.75
136.75
138.5
138.5
138.5
138.0
138.0
138.0
138.0
138.0
138.25
138.25
138.75
138.75
138.75
140.5
140.5
141.25
141.25
142.0
142.0
141.5
140.75
140.75
141.5
143.25
143.25
144.75
144.75
146.0
147.25
147.25
149.0
149.75
149.75
151.75
151.75
152.75
152.75
156.5
156.5
157.5
157.5
158.75
159.0
159.0
157.5
157.5
157.0
157.0
157.25
158.0
158.0
158.5
158.75
158.75
159.25
159.25
160.0
160.0
159.75
159.75
159.75
159.75
159.75
159.75
159.75
159.75
159.75
159.75
159.75
159.75
159.75
155.09375
150.4375
145.78125
141.125
136.46875
131.8125
127.15625
122.5
117.84375
113.1875
108.53125
103.875
99.21875
94.5625
89.90625
85.25
85.25
85.25
85.25
85.25
85.25
85.25
85.25
94.33333333333333
103.41666666666667
112.5
112.5
112.5
112.5
112.5
112.5
112.5
112.5
112.5
112.5
112.5
121.625
130.75
130.75
131.25
131.25
132.75
132.75
132.75
133.75
133.75
136.75
139.0
139.0
140.5
140.5
141.75
142.5
142.5
143.75
143.75
144.75
145.5
145.5
146.75
146.75
149.0
149.0
151.5
151.5
152.25
152.75
152.75
153.25
153.75
153.75
154.25
154.5
154.5
154.25
154.25
154.75
155.5
155.5
155.25
155.5
155.5
155.0
155.25
155.25
156.5
157.25
157.25
157.5
157.5
157.5
156.75
155.5
155.5
154.5
154.5
152.75
152.25
152.25
151.75
151.75
151.25
150.5
150.5
149.25
148.5
148.5
148.25
148.25
148.0
147.5
147.5
147.5
145.5
146.5
146.5
151.0
151.0
151.5
151.5
152.25
153.0
153.0
153.75
153.75
153.75
156.25
157.25
157.25
158.0
158.5
158.5
158.5
158.0
158.0
157.0
155.75
155.75
154.25
154.25
153.0
152.0
152.0
151.5
151.5
150.5
150.5
150.0
150.0
149.75
149.75
147.25
147.25
146.0
145.5
145.5
145.75
145.75
146.5
146.5
146.5
148.75
149.0
149.0
149.5
150.25
150.25
151.0
151.75
151.75
152.25
152.25
153.5
154.25
154.25
154.5
154.5
154.5
154.5
154.5
153.0
153.0
153.0
150.75
148.0
148.0
147.25
147.25
146.25
145.25
145.25
144.25
144.25
144.75
145.25
145.25
145.5
146.0
146.0
146.25
146.25
146.0
145.5
145.5
145.25
145.25
145.0
144.75
144.75
144.25
144.25
143.5
142.0
142.0
141.0
141.0
141.75
142.5
142.5
143.0
143.0
143.75
143.75
143.5
143.5
142.75
141.5
141.5
140.25
140.25
140.5
141.5
141.5
143.0
143.0
145.0
145.75
145.75
145.5
145.0
145.0
144.25
144.25
144.25
144.75
144.75
145.5
145.5
146.0
146.25
146.25
146.5
146.5
147.25
148.0
148.0
148.5
148.5
148.5
151.5
151.75
151.75
151.75
151.75
151.75
151.75
151.75
151.75
152.5
152.5
151.0
151.0
151.0
150.5
151.0
151.0
151.25
151.25
152.25
152.25
152.75
152.75
153.25
154.0
154.0
154.75
155.5
155.5
155.0
155.25
155.25
155.75
155.5
155.5
155.5
155.5
155.5
155.0
155.0
155.0
155.25
155.25
155.25
156.0
156.0
156.75
156.75
158.75
158.75
159.0
160.25
160.25
161.75
161.75
162.0
162.0
162.75
162.5
162.5
162.0
162.0
163.75
163.75
164.5
164.5
164.75
164.75
164.75
164.75
164.75
164.75
164.75
160.5
160.5
160.5
160.5
160.5
161.75
161.25
161.25
160.25
158.5
158.5
155.5
151.0
151.0
145.75
145.75
138.75
138.75
130.75
130.75
130.75
130.75
125.5
125.5
125.5
120.75
120.75
122.5
122.5
127.25
127.25
131.0
136.0
136.0
139.5
139.5
140.25
140.25
138.25
135.25
135.25
133.0
133.0
132.5
132.5
131.5
131.5
131.5
133.75
133.75
136.5
136.5
139.25
141.5
141.5
146.25
146.25
147.75
147.75
149.25
150.5
150.5
151.75
152.25
152.25
154.0
155.25
155.25
156.0
156.0
157.25
157.25
158.75
158.75
159.5
160.0
160.0
160.5
160.75
160.75
161.0
161.25
161.25
161.25
161.75
161.75
162.25
162.25
162.25
162.5
162.0
162.0
161.0
160.25
160.25
159.75
159.0
159.0
158.75
158.75
158.0
158.0
157.5
157.25
157.25
157.75
157.75
157.75
157.25
157.25
155.5
155.5
154.25
153.75
153.75
153.25
154.0
154.0
154.25
154.25
156.25
156.25
156.0
156.0
156.0
155.25
153.75
153.75
152.75
152.75
151.5
150.25
150.25
149.5
149.5
149.75
149.75
149.75
151.25
151.25
151.25
153.75
153.75
153.75
154.0
154.0
155.25
155.25
156.25
157.25
157.25
157.0
157.0
157.5
158.0
158.0
159.0
159.0
159.0
158.5
158.5
158.75
157.75
157.75
157.5
157.5
157.25
157.75
158.0
158.0
158.5
158.5
158.0
158.0
159.75
159.75
161.25
161.25
161.25
160.5
160.5
160.25
163.0
163.0
163.75
163.75
164.0
164.0
164.25
164.25
163.25
163.25
162.75
162.75
163.75
163.75
163.75
163.75
159.0
156.25
156.25
155.0
155.0
144.25
144.25
137.5
137.5
134.25
134.25
135.0
135.0
136.25
136.25
136.5
136.5
139.5
139.5
140.75
140.75
146.75
148.25
148.25
151.0
151.0
151.5
153.5
153.5
154.5
157.75
157.75
158.5
159.0
159.0
159.0
159.75
159.75
161.5
162.25
162.25
163.0
162.5
162.5
161.25
161.75
161.75
161.75
161.75
162.25
162.25
163.5
163.5
163.5
162.25
162.25
162.5
162.5
163.25
163.25
163.25
164.0
164.0
164.0
164.0
164.25
164.25
164.5
164.5
161.25
159.5
159.5
157.0
154.25
154.25
151.25
148.75
148.75
146.75
146.75
147.25
147.25
147.5
147.5
147.5
148.0
148.25
148.25
148.5
148.5
149.5
150.5
150.5
149.75
149.75
148.5
148.5
148.5
148.75
149.75
149.75
151.0
151.25
151.25
152.75
152.75
154.25
155.5
155.5
156.25
157.25
157.25
157.25
158.5
157.5
157.5
156.0
155.5
155.5
155.0
154.5
154.5
154.0
154.0
153.75
154.25
154.25
153.25
152.5
152.5
151.75
151.75
151.75
150.75
150.25
150.25
150.5
150.5
150.5
147.5
147.5
149.25
149.25
150.0
150.5
150.5
150.25
150.25
150.5
150.75
150.75
150.75
150.75
150.75
150.75
150.75
150.75
150.75
151.5
151.75
151.75
150.75
150.25
150.25
150.0
150.0
150.5
150.5
150.75
151.0
151.0
151.0
151.0
151.0
152.0
152.0
152.75
152.75
152.75
154.5
154.5
155.75
155.75
155.75
156.75
156.75
156.75
156.0
155.25
155.25
155.0
154.25
154.25
154.25
154.0
154.0
154.0
154.0
153.25
152.75
152.75
152.75
152.75
152.75
153.0
153.5
153.5
154.25
154.25
155.25
156.75
156.75
156.75
156.75
157.75
157.75
158.5
158.5
159.25
159.5
160.25
160.25
160.25
160.25
160.5
159.75
159.25
159.25
158.75
158.75
158.25
157.5
157.5
156.75
157.0
157.0
157.0
156.75
156.75
156.75
156.75
157.25
157.5
157.5
157.25
157.25
154.75
154.75
154.75
154.75
154.25
153.75
153.75
153.75
154.5
154.5
155.0
155.5
155.5
156.0
156.75
156.75
157.25
158.0
158.0
158.5
158.5
158.5
158.25
158.0
158.0
157.5
157.5
157.25
156.5
156.5
156.25
156.0
156.0
156.25
156.25
156.25
156.0
156.0
156.0
156.25
156.25
156.25
156.0
156.0
156.0
156.25
156.25
156.0
155.25
155.25
154.0
154.0
153.25
153.25
153.25
153.0
153.0
153.0
153.5
153.5
153.5
153.5
154.25
154.25
154.75
155.75
155.75
155.75
158.5
158.5
159.0
159.0
159.0
158.75
159.0
159.0
160.0
160.0
159.75
159.0
159.0
158.5
158.5
158.5
157.75
156.75
156.75
155.75
155.75
155.75
156.25
156.75
156.75
156.25
155.5
155.5
155.25
154.5
154.5
154.0
154.0
154.25
154.0
154.0
153.75
153.25
153.25
153.0
153.25
153.25
153.0
153.0
152.25
151.5
151.5
151.25
151.0
151.0
151.25
151.5
151.5
151.75
151.75
152.0
152.0
152.0
152.25
152.25
152.25
152.0
152.0
152.0
151.75
151.75
151.5
151.5
151.5
151.5
152.0
152.0
152.5
152.5
153.25
154.5
154.5
154.75
155.0
155.0
155.25
155.0
155.0
155.0
154.5
154.5
155.0
155.0
155.0
155.5
155.5
155.5
155.75
156.25
156.25
156.75
156.75
157.5
156.75
156.75
156.25
155.75
155.75
155.75
155.75
155.75
155.25
155.0
155.0
154.75
154.25
154.25
154.5
154.5
154.5
154.5
154.5
154.25
153.75
153.75
152.25
152.25
147.75
146.25
146.25
146.25
146.75
147.0
147.0
146.25
146.25
144.0
144.0
139.5
139.5
134.75
132.0
132.0
130.0
130.0
130.25
130.25
131.0
132.25
132.25
132.25
132.25
129.0
129.0
127.0
127.0
126.75
126.75
128.0
128.0
131.0
131.0
131.0
137.0
137.0
140.25
140.25
141.75
143.75
143.75
144.75
144.75
145.5
145.25
145.25
144.5
144.5
143.25
142.75
142.75
144.0
144.0
143.0
143.0
141.0
141.0
139.25
139.25
136.25
134.75
134.75
133.75
133.75
133.0
133.0
133.5
133.5
133.75
133.5
133.5
133.5
133.5
135.25
135.25
134.75
135.0
135.0
135.25
135.25
135.25
135.25
135.0
135.0
135.25
134.5
134.5
133.25
133.25
133.25
133.25
133.75
132.75
132.75
131.5
131.5
131.75
131.75
132.5
132.5
133.0
133.0
133.25
134.0
134.0
134.25
134.25
135.25
135.75
135.75
137.25
137.25
139.25
139.25
140.25
141.25
141.25
142.5
142.5
143.0
143.5
143.5
145.25
145.25
146.25
146.25
146.25
146.5
146.5
145.5
144.25
144.25
142.25
142.25
141.75
141.0
141.0
140.5
140.5
140.5
140.5
140.5
140.5
139.75
139.75
139.75
139.5
139.5
140.5
140.5
138.0
138.0
136.75
136.75
135.25
134.5
134.5
134.75
134.75
135.0
135.0
134.75
136.0
136.0
136.0
136.0
135.5
135.5
135.5
135.5
136.0
136.75
136.75
136.75
136.75
136.75
137.0
137.5
137.5
137.5
137.5
137.5
137.5
137.5
137.5
137.5
138.25
138.25
138.75
140.25
140.25
141.25
141.25
143.5
143.5
144.0
144.0
145.25
146.0
146.0
146.75
146.75
146.5
146.25
146.25
144.25
144.25
143.0
143.0
142.25
142.25
142.25
141.75
141.75
142.25
142.25
142.0
142.0
141.0
140.25
140.25
140.0
140.0
139.25
139.25
139.25
138.75
138.75
138.0
138.0
137.0
136.5
136.5
137.0
137.0
137.0
138.25
137.75
137.75
137.75
138.75
140.0
140.0
140.5
140.5
141.25
142.75
142.75
144.0
144.0
145.25
145.25
145.25
145.75
145.75
145.75
145.25
145.25
145.25
144.0
144.0
142.25
142.25
142.0
142.0
143.0
143.0
144.0
142.5
142.5
141.75
141.75
141.75
142.25
142.25
142.5
142.5
142.75
142.25
142.25
142.5
142.5
142.75
142.75
142.75
142.75
142.75
143.0
143.25
143.25
143.0
143.0
142.25
142.25
141.75
141.5
141.5
142.0
142.0
142.0
142.25
142.25
141.5
141.5
140.75
141.25
141.25
143.25
143.25
144.5
143.75
143.75
141.0
141.0
140.75
142.0
142.0
141.5
141.5
140.75
140.75
140.75
142.75
142.75
143.5
143.5
142.25
142.25
142.25
145.0
146.0
146.0
147.5
147.5
148.0
148.0
148.0
149.0
149.0
149.0
149.0
149.0
149.0
149.0
149.0
148.5
148.5
147.25
146.5
146.5
146.25
146.25
146.25
146.0
146.0
145.25
145.25
145.25
145.25
145.25
145.5
146.5
146.5
146.5
146.5
143.0
143.0
143.0
147.25
147.25
147.0
146.5
146.5
145.25
149.5
149.5
148.25
148.25
146.75
146.0
146.0
146.25
146.25
147.0
147.0
147.0
147.0
145.75
145.75
145.25
145.25
145.25
145.25
145.25
145.25
145.25
150.25
150.25
150.25
150.25
153.5
153.5
153.5
153.0
153.0
153.0
153.0
153.0
153.0
153.0
153.0
151.0
151.0
150.75
150.75
151.75
152.5
152.5
153.75
153.75
153.5
153.5
154.25
155.5
155.5
156.0
156.0
155.25
155.25
155.25
158.5
158.5
158.5
158.75
158.75
158.75
158.75
159.0
159.0
159.5
159.5
159.5
159.5
156.75
156.75
156.75
145.25
145.25
146.0
146.0
146.25
146.25
146.25
146.25
146.25
146.25
146.25
146.25
138.6
130.95
123.3
115.65
108.0
108.0
108.0
108.0
108.0
109.75
109.75
115.0
115.0
117.25
117.25
117.25
118.5
118.5
115.75
115.75
115.75
112.75
112.75
112.75
113.0
113.0
113.0
113.0
114.0
114.0
115.75
115.75
116.75
116.75
118.75
118.75
122.25
122.25
124.5
124.5
127.5
127.5
129.25
129.25
129.25
128.25
128.25
127.0
127.0
127.25
127.25
128.0
128.0
125.25
125.25
121.75
121.75
122.25
122.25
123.0
123.0
124.0
124.0
125.5
126.75
126.75
127.0
127.0
127.25
127.25
127.75
127.75
125.0
125.0
125.5
125.5
125.0
125.0
124.25
124.25
121.75
121.75
121.75
121.75
124.5
124.5
124.5
126.25
125.5
125.5
125.5
124.25
124.25
125.25
125.25
127.75
127.75
129.75
129.75
131.75
132.75
132.75
132.5
132.5
132.5
132.5
132.5
132.5
132.5
132.5
132.5
132.5
132.5
130.0
127.5
127.5
127.5
125.5
125.5
123.75
123.75
121.75
121.75
120.25
120.25
120.25
120.25
120.5
120.5
120.25
123.0
123.0
125.75
125.75
128.5
128.5
131.5
131.5
133.25
133.25
132.25
132.25
131.75
132.0
132.0
132.75
132.75
133.5
133.5
132.25
132.25
132.0
132.25
132.25
132.75
132.75
132.75
132.75
132.5
132.5
132.5
132.5
132.5
133.25
133.25
133.5
133.5
132.5
132.5
132.5
131.5
131.5
132.25
132.25
132.75
132.75
132.75
134.5
134.5
134.25
134.25
132.0
132.0
130.25
130.25
131.75
131.75
132.5
133.0
133.0
134.75
134.75
134.75
134.75
134.25
134.5
134.5
136.0
136.0
137.0
137.0
138.25
138.75
138.75
138.75
141.75
141.75
142.5
142.5
143.5
143.5
144.25
144.25
144.25
143.25
143.25
141.5
141.25
141.25
142.25
142.25
142.0
142.0
141.5
140.75
140.75
140.75
140.75
140.5
140.5
137.75
136.5
136.5
136.5
136.5
137.5
138.0
138.0
138.5
138.5
139.0
139.0
140.5
140.5
140.0
140.0
140.5
140.0
140.0
139.25
139.25
139.25
140.0
140.0
143.0
143.0
143.0
143.75
143.75
143.75
144.0
144.0
144.0
144.0
145.0
144.5
144.5
143.5
143.5
143.0
142.25
142.25
141.75
141.75
142.0
142.5
142.5
142.0
142.0
140.75
138.5
138.5
139.25
139.25
140.0
140.0
139.75
138.75
138.75
138.5
138.5
137.5
137.5
136.25
136.25
134.5
134.5
133.75
133.75
133.75
133.0
133.0
133.5
133.5
134.25
134.25
134.75
134.75
132.25
133.5
133.5
135.0
135.0
136.0
136.0
136.5
137.75
137.75
138.25
138.25
137.5
137.5
137.5
138.5
140.25
140.25
140.5
140.5
142.5
143.0
143.0
143.25
143.25
142.75
143.5
143.5
144.25
144.25
144.75
145.0
145.0
144.5
144.5
142.5
141.0
141.0
139.75
139.75
138.75
138.75
138.5
139.0
139.0
136.5
136.5
135.5
135.5
135.75
135.75
135.75
135.75
135.5
135.5
135.5
134.75
134.75
134.75
134.75
135.0
135.0
135.25
135.25
135.0
134.5
134.5
134.5
134.5
134.75
134.75
134.0
133.25
133.25
133.25
133.25
134.25
134.25
134.5
134.5
134.5
134.75
138.25
138.25
140.25
140.25
141.25
142.0
142.0
140.5
140.5
140.0
139.75
139.75
139.25
139.25
137.5
137.5
136.0
136.0
136.0
137.5
137.5
137.0
137.0
137.0
137.25
137.25
136.5
136.5
135.75
135.75
134.25
134.25
134.75
135.25
135.25
135.0
135.0
135.0
131.0
131.0
130.75
130.75
132.0
132.0
132.5
132.5
133.0
132.25
132.25
133.0
133.0
134.25
134.25
135.75
135.75
136.25
137.75
137.75
138.25
138.25
138.5
138.5
138.75
138.25
138.25
138.75
138.75
140.0
140.0
139.25
139.25
139.25
139.25
139.25
137.75
137.25
137.25
136.75
136.75
136.75
136.75
136.75
136.75
136.75
132.75
132.75
130.0
130.0
128.25
128.25
127.0
127.0
126.75
126.75
126.75
126.75
126.75
126.75
126.75
126.75
126.0
126.0
124.5
123.25
123.25
122.75
122.75
122.75
122.75
122.75
122.75
124.75
124.75
125.5
125.5
125.5
126.0
126.0
126.0
126.0
126.0
126.0
126.0
126.0
123.5
123.5
124.0
124.0
124.75
124.75
124.75
125.0
125.0
125.0
125.0
125.0
125.0
126.08333333333333
127.16666666666667
128.25
128.25
128.25
128.25
128.25
128.0
128.0
128.0
128.0
126.75
126.75
126.0
126.0
126.0
126.0
126.0
122.0
122.0
118.5
118.5
117.75
117.75
119.25
119.25
119.25
121.25
121.25
121.25
121.25
121.75
121.75
121.75
121.75
121.75
121.75
124.25
124.25
124.5
124.5
123.25
123.25
122.75
122.75
122.25
122.25
122.25
122.25
122.25
122.25
121.25
121.25
121.25
121.25
121.25
121.25
127.0
127.0
130.75
130.75
133.25
133.25
134.25
137.25
137.25
139.25
139.25
139.25
139.25
139.25
139.25
139.25
139.25
139.25
139.25
139.25
139.25
139.25
139.25
136.0
136.0
134.75
134.75
133.25
133.25
131.75
131.75
130.5
131.0
131.0
131.25
131.25
131.25
131.5625
131.875
132.1875
132.5
127.0
127.0
120.0
120.0
120.0
115.75
115.75
115.0
115.0
106.75
106.75
103.0
103.0
103.0
103.0
103.0
98.5
98.5
98.5
98.5
98.5
98.5
98.5
98.5
98.5
98.5
98.5
117.625
136.75
136.75
137.25
137.25
137.25
138.75
138.75
138.75
138.75
138.75
138.25
138.5
138.5
138.75
138.75
139.0
139.0
140.0
140.0
140.0
138.5
138.5
137.25
137.25
138.25
139.25
139.25
138.75
138.75
137.75
137.75
140.0
140.0
140.0
140.25
140.25
140.25
137.5
137.5
137.5
134.0
134.0
134.5
134.75
134.75
134.75
134.75
134.75
137.25
137.5
137.5
137.5
138.0
138.0
138.0
137.5
137.5
137.5
137.75
137.75
138.5
138.5
137.75
137.75
138.0
139.0
139.0
139.75
139.75
140.25
140.25
141.5
142.75
142.75
143.25
143.75
143.75
144.25
144.25
144.75
144.75
144.75
143.75
143.75
144.0
144.0
142.75
142.75
143.75
143.75
143.75
143.75
143.25
143.25
142.25
142.25
142.25
141.25
141.25
141.5
143.5
143.5
143.0
143.0
143.5
143.5
142.75
141.75
141.75
141.5
141.5
142.0
141.5
141.5
141.0
141.0
139.75
139.75
139.75
139.25
139.25
139.25
139.25
139.25
139.25
139.25
139.25
139.25
139.25
139.25
139.25
139.25
139.25
139.25
139.25
139.25
139.25
139.5
139.5
139.75
139.75
139.75
139.75
139.75
138.5
138.5
138.75
138.75
137.75
136.25
136.25
136.25
136.25
137.0
137.0
137.0
137.75
137.75
139.0
139.0
139.0
139.25
139.25
141.75
142.0
142.0
142.25
142.25
143.0
143.0
143.0
142.0
142.0
142.5
142.75
142.75
143.0
143.0
142.75
142.75
143.25
143.25
143.25
144.0
144.0
141.5
140.75
140.75
140.75
141.75
141.75
141.0
141.0
140.5
140.5
139.5
139.5
139.5
139.5
139.5
139.0
139.0
139.0
139.0
139.0
137.5
137.5
138.5
138.5
138.75
138.75
138.75
138.75
140.5
140.5
140.5
140.5
140.0
140.0
139.0
139.0
138.25
138.5
138.5
139.25
139.25
139.75
140.5
140.5
140.0
140.0
137.0
137.0
135.5
135.5
135.5
137.75
137.75
138.0
138.0
138.0
138.5
138.5
139.0
139.0
140.5
141.0
141.0
142.0
142.0
142.5
143.0
143.0
143.75
143.75
143.75
143.5
143.5
143.0
143.0
143.5
143.0
143.0
142.25
142.25
141.75
140.75
140.75
140.5
140.5
139.75
139.75
138.5
139.25
139.25
138.5
138.5
138.25
138.25
138.25
138.0
138.0
138.25
138.25
138.25
138.25
137.0
136.75
136.75
137.5
137.5
137.75
137.5
137.5
138.5
138.5
139.0
139.0
139.25
140.0
140.0
141.25
141.25
141.5
142.0
142.0
142.25
142.25
142.75
143.5
143.5
144.25
144.25
145.0
145.25
145.25
145.0
145.0
143.75
143.75
143.75
144.0
144.0
142.75
141.0
141.0
140.0
140.0
140.0
140.0
139.5
139.0
139.0
137.75
137.75
136.75
136.75
136.25
136.25
136.25
136.5
136.5
137.0
137.0
137.25
137.0
137.0
137.25
137.25
137.75
137.75
139.0
139.5
139.5
139.5
139.5
141.0
141.75
141.75
142.75
142.75
143.0
143.5
143.5
147.25
147.25
143.5
143.5
142.75
142.75
142.75
141.0
140.0
140.0
139.25
139.25
138.5
138.5
138.0
137.75
137.75
137.5
137.5
137.75
137.75
135.75
135.75
135.75
137.5
137.5
137.5
137.5
136.25
137.75
137.75
136.75
136.75
134.25
134.25
133.0
133.0
133.0
134.0
134.0
135.5
135.5
136.75
136.75
137.0
137.75
137.75
138.5
138.5
139.5
140.5
140.5
140.5
139.5
139.5
139.5
140.75
140.75
140.75
141.25
141.25
141.25
140.75
140.75
140.75
140.75
140.75
140.75
139.75
139.75
139.0
138.5
138.5
137.75
137.75
137.25
137.25
137.5
137.0
137.0
136.5
136.5
135.0
135.0
135.5
135.5
135.5
135.75
135.75
136.75
137.0
137.0
137.75
137.75
138.0
138.0
138.0
139.0
139.0
139.0
137.75
137.75
136.75
136.75
135.75
135.75
136.25
136.25
137.0
137.25
137.25
136.0
136.0
136.75
138.75
138.75
138.5
138.5
138.5
138.5
138.5
139.5
139.5
140.0
140.0
140.0
140.0
140.0
140.0
140.0
140.0
142.25
142.25
142.75
142.75
142.25
142.25
140.5
139.5
139.5
139.0
139.0
139.25
139.25
139.25
138.5
138.5
137.75
137.75
137.0
136.5
136.5
137.5
137.5
138.75
138.75
139.25
140.0
140.0
140.25
140.25
140.75
140.25
140.25
140.75
140.75
142.0
142.25
142.25
142.75
142.75
143.75
143.75
144.25
144.25
144.25
145.5
145.5
146.0
146.0
146.0
146.0
153.5
153.5
154.5
152.75
152.75
152.75
152.25
150.75
150.75
154.5
154.5
153.75
153.75
153.75
153.75
154.75
154.75
156.5
157.25
157.25
157.0
157.0
157.5
157.5
157.5
158.0
158.0
158.25
158.25
156.25
156.25
156.5
156.5
153.75
153.75
144.75
144.75
144.75
141.75
141.75
141.5
141.5
141.5
137.75
137.75
137.75
137.5
139.5
139.5
136.5
136.5
136.5
136.5
134.75
134.75
134.75
134.75
134.75
134.75
126.5
126.5
123.75
123.0
123.0
123.0
123.0
126.0
126.0
126.0
126.25
126.25
126.25
126.25
126.25
123.0
123.0
123.0
137.5
137.5
137.5
137.75
137.75
138.5
138.25
138.25
138.25
138.25
138.25
138.25
138.5
138.5
138.5
140.0
140.0
140.5
140.5
140.75
139.5
139.5
139.25
139.25
139.75
139.75
140.5
140.5
140.5
140.75
140.75
142.0
142.0
142.75
142.75
142.75
139.25
139.25
138.25
138.25
137.5
137.5
137.5
137.0
137.0
137.0
137.0
137.0
138.375
139.75
141.125
142.5
142.5
142.75
143.75
143.75
144.25
144.25
144.5
145.75
145.75
145.75
144.75
144.75
144.25
144.25
142.75
142.75
142.0
142.0
142.0
141.0
141.0
141.0
140.5
140.5
140.75
140.75
140.25
140.25
139.5
139.25
139.25
140.5
140.5
141.25
141.25
141.25
141.25
142.5
142.5
141.5
141.5
141.5
140.5
140.5
140.5
141.25
142.0
142.0
142.25
143.25
143.25
143.75
143.75
144.25
144.25
144.25
143.25
143.25
141.0
141.0
139.25
139.5
139.5
139.5
139.5
138.75
138.75
137.0
136.75
136.75
137.5
137.5
140.0
140.0
140.75
140.75
140.75
141.5
141.5
142.25
142.25
142.75
142.5
142.5
142.5
142.5
142.5
142.0
142.0
141.25
141.25
140.5
140.5
139.75
139.5
139.5
139.75
139.75
139.75
138.75
138.75
140.0
142.25
142.25
141.5
141.5
141.75
141.75
141.75
141.75
141.0
141.0
141.0
141.0
136.75
136.75
138.25
138.25
138.25
138.25
137.25
137.25
136.25
136.5
136.5
136.5
136.5
137.75
137.75
137.75
138.0
138.0
139.25
139.25
139.5
139.5
139.5
139.5
139.5
139.75
139.75
138.75
138.75
138.75
139.0
139.0
139.0
139.0
139.0
138.25
138.25
138.25
138.25
138.25
143.5
143.5
139.0
139.0
139.5
139.5
139.5
139.5
139.5
139.0
139.0
139.0
138.5
138.5
138.0
138.0
137.5
137.5
136.75
136.0
136.0
136.25
136.25
137.0
137.5
137.5
137.5
137.5
136.75
136.75
137.0
137.5
137.5
137.75
137.75
137.25
137.25
137.5
137.25
137.25
138.0
138.0
139.0
139.0
139.25
139.75
139.75
140.5
140.5
141.5
143.0
143.0
143.0
143.75
143.75
148.5
148.5
149.5
149.5
149.5
147.5
147.5
147.0
147.25
147.25
146.0
146.0
143.5
143.5
141.75
141.75
138.5
138.5
138.5
141.0
141.75
141.75
141.0
141.0
140.5
140.75
140.75
141.25
141.25
141.25
141.25
142.0
142.5
142.5
141.75
141.75
141.75
138.5
140.0
140.0
140.0
142.0
142.0
142.0
142.0
142.0
142.0
142.0
142.0
139.75
139.75
138.5
138.5
138.0
138.0
138.0
137.25
137.25
137.25
134.75
134.5
134.5
134.5
134.5
134.5
136.75
136.75
137.25
138.5
138.5
139.25
139.25
138.5
138.5
138.0
138.0
135.5
135.5
135.5
132.75
132.75
132.5
132.5
132.0
132.5
132.5
133.75
133.75
133.75
136.75
135.5
135.5
137.0
137.0
137.0
139.5
139.5
139.75
139.5
139.5
137.25
137.25
136.0
136.0
135.0
134.75
134.75
135.5
135.5
135.75
135.75
135.0
135.0
134.25
134.25
133.75
133.75
134.25
134.25
134.5
134.5
136.75
136.75
137.5
137.5
136.25
136.25
135.5
135.75
135.75
136.25
136.25
136.25
134.25
133.0
133.0
133.0
136.25
136.25
136.25
136.25
136.25
137.5
137.5
138.25
138.25
131.25
131.25
129.5
129.5
129.0
129.0
123.25
123.25
123.25
123.25
118.5
118.5
118.5
118.5
118.5
115.0
115.0
115.0
115.0
114.25
114.25
114.25
114.25
114.75
114.75
113.0
113.0
111.5
111.5
111.5
111.0
111.0
111.0
111.0
108.75
108.75
108.75
108.75
108.75
108.75
108.75
108.75
108.75
108.75
108.75
108.75
108.75
109.50961538461539
110.26923076923077
111.02884615384616
111.78846153846153
112.54807692307692
113.3076923076923
114.0673076923077
114.82692307692308
115.58653846153847
116.34615384615384
117.10576923076923
117.86538461538461
118.625
119.38461538461539
120.14423076923077
120.90384615384616
121.66346153846153
122.42307692307692
123.1826923076923
123.9423076923077
124.70192307692308
125.46153846153847
126.22115384615384
126.98076923076923
127.74038461538461
128.5
128.5
131.5
131.5
132.5
132.5
131.0
132.0
132.0
133.0
133.0
134.25
134.25
134.25
134.25
133.0
133.0
133.25
133.25
134.5
136.5
136.5
139.25
139.25
140.25
140.25
138.5
136.75
136.75
136.75
137.25
137.25
137.0
137.0
137.0
137.0
137.0
137.5
137.5
138.5
138.5
138.25
138.25
140.0
141.25
141.25
143.0
143.0
142.5
141.5
141.5
141.0
141.0
141.0
142.5
142.25
142.25
142.25
140.25
141.0
141.0
141.25
141.25
141.5
140.0
140.0
141.0
141.0
141.25
141.25
141.25
139.25
139.25
139.25
139.25
139.25
139.25
139.25
137.5
137.5
138.25
138.0
138.0
138.0
138.0
139.5
139.5
140.5
141.75
141.75
140.75
140.75
140.25
140.25
140.25
140.25
140.25
137.75
137.75
138.0
138.25
138.25
138.5
138.5
138.5
138.25
135.75
135.75
135.75
136.25
136.25
135.75
135.75
136.25
137.75
137.75
138.25
138.25
138.75
138.75
139.0
139.5
139.5
139.75
139.75
138.75
138.0
138.0
138.0
138.0
139.25
139.25
139.25
140.25
140.25
140.25
140.25
140.75
141.25
141.25
141.5
141.5
141.5
142.25
142.25
142.5
142.5
141.5
141.5
142.0
142.0
143.0
143.0
143.0
143.5
142.5
142.5
142.25
142.25
143.25
143.0
143.0
141.75
141.75
140.75
141.0
141.0
141.25
141.25
140.75
139.75
139.75
139.5
139.5
139.25
139.25
139.25
142.0
142.0
142.25
142.25
143.0
144.25
144.25
144.0
144.0
143.5
143.75
143.75
142.0
142.0
138.0
135.0
135.0
133.5
133.5
130.5
130.5
128.75
128.75
128.75
128.75
132.0
132.0
133.0
133.0
137.5
137.5
137.5
138.25
138.25
137.5
137.75
137.75
137.75
140.0
140.0
140.5
140.5
140.75
140.75
140.25
140.25
138.5
137.0
137.0
136.25
136.25
136.5
136.5
136.5
136.75
136.75
136.75
136.75
137.25
137.25
137.5
137.5
137.5
137.75
137.75
138.25
138.25
139.0
138.5
138.5
139.25
139.25
139.75
139.25
139.25
138.75
138.75
139.25
139.25
140.0
140.25
140.25
139.75
139.75
139.0
139.0
139.0
139.5
139.5
139.5
139.5
138.5
138.0
138.0
137.5
137.5
137.25
137.25
136.0
135.75
135.75
138.0
138.0
138.25
138.25
139.25
139.25
140.0
140.0
140.0
141.0
141.25
141.25
141.0
141.0
140.75
140.75
140.75
139.75
139.75
139.75
139.75
141.75
141.75
141.75
143.75
143.75
143.25
143.25
143.25
142.75
142.75
142.25
142.0
142.0
142.0
142.0
142.0
142.25
142.25
142.0
142.0
142.0
142.0
142.0
141.5
141.5
141.5
142.25
142.25
143.25
143.25
145.0
145.0
145.0
146.5
146.5
149.5
149.0
149.0
149.0
149.0
149.0
150.25
150.25
150.0
149.5
149.5
149.75
149.75
149.75
148.25
148.25
148.0
148.0
148.0
148.0
147.5
147.5
146.25
146.25
145.25
145.5
145.5
144.75
144.75
143.5
143.5
143.5
144.5
144.5
145.5
145.5
146.25
146.25
145.75
145.75
145.75
145.75
143.25
143.25
146.0
146.0
146.25
146.25
146.25
130.5
130.5
120.75
119.0
119.0
122.5
122.5
125.0
125.0
127.25
127.25
130.25
130.25
130.25
132.0
132.0
132.25
132.25
132.25
136.5
136.5
136.5
137.0
139.25
139.25
139.25
139.75
139.75
139.75
139.75
139.75
139.75
139.75
130.75
129.5
129.5
130.25
130.25
133.0
133.0
133.75
133.75
133.75
137.25
137.5
137.5
137.5
137.5
137.75
137.75
137.75
137.75
137.75
137.75
137.76315789473685
137.77631578947367
137.78947368421052
137.80263157894737
137.81578947368422
137.82894736842104
137.8421052631579
137.85526315789474
137.8684210526316
137.8815789473684
137.89473684210526
137.9078947368421
137.92105263157896
137.93421052631578
137.94736842105263
137.96052631578948
137.97368421052633
137.98684210526315
138.0
138.0
139.25
141.0
141.0
141.0
142.75
142.75
143.75
143.75
143.75
144.25
144.25
144.5
144.5
144.5
142.75
142.75
143.0
143.0
143.0
145.0
145.0
145.75
145.75
146.0
145.5
145.5
145.25
145.25
145.25
147.25
147.25
147.25
146.0
146.0
146.75
146.25
146.25
146.25
146.25
146.25
145.5
145.5
144.75
144.75
145.0
145.0
145.75
146.25
146.25
146.25
146.25
146.25
146.25
146.25
148.5
146.0
146.0
145.25
145.75
145.75
146.0
146.0
145.5
145.5
145.5
144.25
144.25
143.5
143.75
143.75
142.0
142.0
142.75
143.75
143.75
145.75
145.75
146.75
146.75
147.0
147.0
147.25
147.25
148.0
148.0
146.25
145.5
145.5
145.5
145.0
145.0
145.0
145.0
146.5
146.5
148.25
149.25
149.25
149.75
149.75
148.25
148.75
148.75
151.0
151.75
151.75
151.75
151.75
151.0
150.0
150.0
148.0
147.75
147.75
147.75
147.75
147.75
147.0
147.0
147.0
147.0
147.0
147.0
147.0
147.0
147.0
147.0
144.25
144.25
138.25
138.25
138.25
136.5
136.5
136.25
136.25
136.25
136.25
136.25
136.25
136.25
134.75
134.75
134.75
136.75
139.5
139.5
141.25
142.5
142.5
143.5
143.5
143.25
142.75
142.75
142.5
142.5
143.0
143.0
143.0
143.25
143.25
143.0
145.25
145.25
147.25
147.25
146.25
146.0
146.0
146.0
146.25
146.25
146.25
146.25
146.25
146.0
146.0
146.0
146.0
146.0
146.0
146.0
146.0
146.0
146.0
146.0
146.0
151.75
155.75
155.75
158.25
158.25
157.25
157.25
157.25
157.25
157.25
157.25
155.75
155.75
154.0
154.0
153.0
153.0
153.5
153.5
153.75
153.75
153.75
153.75
153.75
153.75
153.75
153.75
153.75
142.75
131.75
120.75
120.75
120.75
120.75
121.5
121.5
121.5
124.5
126.75
126.75
133.5
133.5
135.75
135.75
135.75
136.5
136.5
135.0
135.0
135.0
136.75
136.75
138.25
138.25
139.75
140.5
140.5
141.25
141.25
141.75
141.75
141.75
142.0
142.0
143.75
144.75
144.75
145.25
145.25
144.5
144.5
144.5
148.5
148.5
149.5
149.5
149.5
148.75
148.75
147.5
147.5
147.5
147.5
146.5
146.5
144.0
144.0
141.0
140.0
140.0
140.25
140.25
139.5
139.5
139.5
140.75
140.75
142.25
142.25
143.0
142.25
142.25
142.75
142.75
143.25
143.75
143.75
144.75
144.75
145.0
145.0
142.5
142.5
142.5
143.25
143.25
143.75
143.5
143.5
141.75
141.75
141.0
141.0
141.0
134.5
134.5
134.0
134.0
134.0
134.0
134.0
134.0
134.0
134.0
137.0
137.0
138.0
138.0
139.25
139.25
139.25
139.25
138.0
136.25
136.25
136.5
136.5
137.0
137.0
137.75
139.0
139.0
140.0
140.0
141.75
143.0
143.0
144.25
144.25
141.25
141.25
141.25
141.25
142.5
141.0
141.0
138.75
138.75
137.25
137.25
136.5
136.5
136.5
138.0
138.0
139.0
139.0
139.0
141.5
141.5
141.5
143.5
145.25
145.25
145.5
145.0
145.0
145.75
145.75
147.5
146.5
146.5
146.5
146.5
145.75
144.75
144.75
143.0
143.0
141.75
141.5
141.5
141.75
143.0
143.0
143.25
143.25
144.5
145.25
145.25
147.0
147.0
148.75
149.5
149.5
149.75
150.0
150.0
151.25
151.25
152.0
151.25
151.25
150.5
151.75
151.75
151.75
151.75
151.75
150.5
150.5
150.5
150.5
151.5
151.5
151.75
151.75
151.75
151.75
152.5
152.5
151.75
151.75
151.25
151.25
149.25
149.25
149.0
149.0
149.5
149.5
149.5
149.5
149.5
149.5
150.0
150.0
148.25
148.25
148.25
147.25
145.5
145.5
143.5
143.5
143.5
144.0
144.0
144.0
144.0
143.25
143.25
143.25
143.25
143.25
145.25
145.25
146.25
146.25
146.25
147.75
147.75
147.75
149.5
150.25
150.25
150.75
150.75
151.5
151.75
151.75
152.25
152.5
152.5
152.25
152.25
152.25
152.25
152.25
152.25
152.25
152.25
150.25
150.25
150.25
149.25
149.25
149.25
148.75
148.75
148.75
148.75
148.75
148.75
148.75
148.75
148.75
148.75
150.0
150.0
150.0
150.0
150.0
149.5
150.0
150.0
150.5
150.5
150.5
151.25
151.25
151.25
151.5
151.5
151.5
153.25
153.25
153.75
153.75
154.0
154.0
154.0
154.5
155.0
155.0
155.5
156.25
156.25
156.75
157.0
157.0
157.25
158.0
158.0
158.25
158.5
158.5
158.5
159.25
159.25
159.25
159.25
158.25
158.25
158.25
158.25
158.25
158.25
158.25
158.25
158.25
158.25
155.0
155.0
155.0
154.0
154.0
154.25
155.0
155.0
157.0
157.25
157.25
157.75
157.75
157.75
159.5
158.5
158.5
158.5
158.5
158.5
158.5
158.5
158.5
160.0
160.0
160.25
160.25
160.25
160.25
160.25
160.25
160.25
156.0
156.0
154.25
153.5
153.5
156.25
156.25
157.5
157.5
157.75
157.75
158.0
158.0
158.0
158.0
158.0
153.04166666666666
148.08333333333334
143.125
138.16666666666666
133.20833333333334
128.25
128.25
128.25
128.25
128.25
128.25
128.25
128.25
128.25
128.25
127.75
127.75
127.75
127.75
127.75
127.75
127.75
127.75
127.75
127.75
129.9
132.05
134.2
136.35
138.5
140.65
142.8
144.95
147.1
149.25
149.25
148.25
148.25
147.75
142.5
142.5
142.5
143.25
143.25
143.25
141.0
140.0
140.0
139.0
139.0
138.0
139.25
139.25
142.75
142.75
145.0
145.0
145.75
146.25
146.25
146.75
146.75
146.75
146.25
147.25
147.25
145.25
145.25
145.75
145.5
145.5
143.0
143.0
144.5
147.0
147.0
147.75
148.0
148.0
148.25
148.25
146.0
146.0
143.25
143.25
145.0
146.75
146.75
147.25
148.5
148.5
149.5
149.5
151.5
151.75
151.75
152.5
151.5
151.5
150.75
154.25
154.25
154.25
156.5
156.5
154.25
152.25
152.25
151.0
151.75
151.75
153.0
153.0
153.5
153.5
153.5
154.25
154.25
154.25
153.25
153.25
152.5
152.5
153.25
153.25
153.0
153.0
152.25
151.25
151.25
151.75
151.75
151.25
151.25
153.5
153.5
155.0
155.0
155.25
153.75
153.75
151.75
151.75
150.25
150.25
149.5
149.5
151.0
151.0
150.5
149.75
149.75
149.75
149.75
149.5
150.25
150.25
149.5
148.0
148.0
148.0
148.0
149.25
149.75
149.75
151.0
151.0
150.0
150.0
150.0
148.5
150.5
150.5
150.75
150.5
150.5
150.25
150.25
149.0
149.0
149.0
148.75
148.75
148.75
148.75
148.75
148.75
148.75
148.75
148.75
145.375
142.0
138.625
135.25
135.25
135.25
135.25
135.25
135.25
135.25
135.25
135.25
159.25
183.25
183.25
183.25
183.25
183.25
183.25
183.25
183.25
177.5
177.5
172.5
172.5
171.0
171.0
170.75
170.75
170.75
170.75
170.75
169.1875
167.625
166.0625
164.5
162.9375
161.375
159.8125
158.25
156.6875
155.125
153.5625
152.0
150.4375
148.875
147.3125
145.75
146.75
146.75
149.5
149.5
147.75
146.75
146.75
145.75
146.25
146.25
146.5
146.5
146.75
148.0
148.0
147.25
147.25
147.0
146.25
146.25
146.5
146.0
146.0
146.0
145.0
145.0
145.0
145.0
144.0
144.0
144.0
143.25
143.25
144.25
144.25
145.25
144.5
144.5
144.5
144.5
145.5
145.5
145.5
145.0
145.0
144.5
142.5
142.5
141.0
141.0
140.25
140.0
140.0
140.0
140.0
140.0
140.0
139.75
141.25
141.25
141.5
141.5
141.5
141.5
141.5
143.0
143.0
144.25
144.25
146.25
146.25
147.0
147.0
147.75
148.0
148.0
149.25
150.5
150.5
150.75
151.5
151.5
151.5
151.5
153.25
154.75
154.75
154.25
154.0
154.0
154.0
154.0
154.0
155.75
156.25
156.25
157.25
157.25
156.5
155.5
155.5
155.25
155.25
155.25
155.75
155.75
156.25
156.5
156.5
156.5
156.5
156.5
156.75
156.75
156.75
156.75
156.0
156.0
156.0
156.0
156.0
157.0
159.5
159.5
159.5
161.25
161.25
161.75
161.75
157.25
157.25
151.5
151.5
150.0
150.0
150.0
149.75
149.75
161.0
161.0
165.25
165.25
166.0
166.25
166.25
166.5
166.5
166.5
166.5
155.0
155.0
152.25
152.25
151.75
151.5
151.5
151.5
151.5
151.5
151.5
152.175
152.85
153.525
154.2
154.875
155.55
156.225
156.9
157.575
158.25
158.25
158.25
158.25
158.25
154.75
154.0
154.0
158.5
158.5
158.5
161.0
159.75
159.75
159.75
159.25
159.25
159.25
159.25
159.25
159.25
159.25
159.25
159.25
159.25
100.75
100.75
100.75
100.75
100.75
100.75
100.75
100.25
100.25
100.25
100.25
96.3125
92.375
88.4375
84.5
84.5
84.5
81.5
81.5
86.0
86.0
86.0
86.75
86.75
86.75
87.0
87.0
96.0
96.0
96.0
98.5
98.5
98.75
98.75
99.0
99.0
101.25
101.25
101.25
101.75
101.75
101.75
101.75
101.75
100.5
100.5
100.5
100.5
100.5
100.5
100.5
100.5
100.5
101.25
101.25
100.0
100.0
103.5
103.5
103.5
102.5
102.5
100.75
100.75
100.75
97.75
97.75
97.0
97.0
97.0
97.0
97.0
91.25
91.25
91.25
90.5
90.5
90.5
90.5
90.5
90.5
80.5
80.5
80.5
80.5
81.25
81.25
81.25
81.25
81.25
81.25
76.25
76.25
76.25
76.25
76.25
81.25
81.25
81.25
81.25
81.25
75.75
75.75
75.75
93.5
93.5
94.75
94.75
92.0
89.25
86.5
86.5
86.5
65.5
65.5
65.5
57.25
57.25
57.25
57.25
57.0
57.0
57.0
57.0
57.0
57.0
57.0
59.0625
61.125
63.1875
65.25
65.25
65.25
65.25
65.25
70.25
70.25
70.25
65.25
65.25
65.25
65.25
65.25
65.25
65.25
65.25
65.25
65.25
65.25
71.25
71.25
69.75
69.75
69.75
71.25
71.25
71.5
71.5
71.5
59.75
59.75
59.75
58.0
58.0
58.0
58.0
59.15
60.3
61.45
62.6
63.75
63.75
63.75
63.75
63.75
66.08928571428571
68.42857142857143
70.76785714285714
73.10714285714286
75.44642857142857
77.78571428571429
80.125
82.46428571428572
84.80357142857143
87.14285714285714
89.48214285714286
91.82142857142857
94.16071428571429
96.5
96.5
96.5
106.0
106.0
107.0
107.0
107.5
107.5
107.5
107.5
107.5
107.5
107.5
128.66666666666666
149.83333333333334
171.0
171.0
172.0
172.0
173.5
174.5
174.5
176.75
176.75
178.75
178.75
177.75
177.75
172.75
169.75
169.75
166.75
166.75
171.75
171.75
178.5
178.5
176.75
175.5
175.5
170.25
170.25
164.25
164.25
154.5
154.5
152.25
152.25
152.5
152.5
152.25
152.25
152.25
152.25
152.25
152.25
152.25
152.25
152.25
152.25
152.25
152.25
137.5
122.75
122.75
121.0
121.0
121.0
118.0
118.0
116.5
116.5
115.5
115.5
115.0
115.0
115.75
115.75
116.25
116.25
117.5
117.5
117.5
117.5
125.75
125.75
129.25
134.5
134.5
138.0
140.0
140.0
139.0
139.0
135.5
135.5
125.75
125.75
121.25
121.25
117.75
117.75
116.75
116.75
116.75
116.75
116.75
116.75
116.75
116.75
116.75
116.75
116.75
125.375
134.0
142.625
151.25
151.5
151.5
151.0
152.0
152.0
153.0
155.0
155.0
157.25
157.25
158.75
158.75
163.25
163.25
167.0
167.0
168.75
168.75
168.75
168.75
168.75
165.75
165.75
165.0
165.0
165.0
162.0
162.0
157.25
153.25
153.25
148.75
148.75
145.5
141.5
141.5
137.25
137.25
130.25
130.25
127.75
127.75
126.25
126.25
129.75
129.75
133.5
133.5
135.75
138.25
138.25
138.25
150.0
151.25
151.25
152.0
152.0
153.0
154.25
154.25
154.25
159.25
159.25
157.25
157.25
157.25
157.25
157.25
157.25
157.25
155.0
155.0
155.0
155.75
155.75
154.75
154.75
153.75
153.75
153.75
155.5
156.25
156.25
156.0
155.0
155.0
155.0
159.5
159.5
161.75
161.75
165.25
165.25
166.0
166.0
167.0
167.0
169.25
169.25
164.25
164.25
162.75
162.75
162.75
162.75
162.75
162.75
162.75
162.75
162.75
162.75
162.75
134.41666666666666
106.08333333333334
77.75
77.75
77.75
85.5
85.5
85.5
92.75
92.75
96.5
96.5
110.5
110.5
112.5
112.5
112.5
113.5
113.5
113.0
113.0
112.0
112.0
109.5
109.5
108.25
108.25
105.75
105.75
105.75
103.5
103.5
103.5
104.0
104.0
104.0
104.0
104.25
104.25
104.25
106.25
106.25
108.5
108.5
110.75
110.75
113.5
113.5
117.25
117.25
120.25
120.25
123.0
123.0
126.75
126.75
128.0
129.0
129.0
131.75
131.75
133.75
133.75
131.25
131.25
130.75
130.75
130.0
129.25
129.25
129.25
129.25
129.75
129.75
129.75
129.75
128.5
128.5
128.5
128.5
151.25
174.0
174.0
174.25
174.25
173.5
173.5
173.0
173.0
173.0
173.0
171.5
171.5
169.75
170.75
170.75
170.75
171.25
171.5
171.5
172.5
172.5
175.25
175.25
176.5
177.0
177.0
177.25
177.25
177.25
177.25
177.25
176.0
176.0
175.0
175.0
174.0
174.0
173.0
173.5
173.5
173.25
173.25
173.25
173.25
173.25
173.75
173.75
174.0
174.0
172.5
171.5
171.5
174.5
174.5
176.0
176.0
175.25
175.25
174.5
174.25
174.25
174.25
174.25
174.25
174.25
174.25
174.25
174.25
174.25
155.25
136.25
117.25
117.25
118.25
118.25
120.75
120.75
122.0
122.0
122.5
122.5
121.75
121.75
122.5
122.5
124.75
124.75
128.5
128.5
126.5
126.5
125.0
125.0
123.75
123.75
123.75
123.75
127.25
127.25
128.75
129.0
129.0
128.25
128.25
127.0
127.0
127.75
127.75
129.0
129.0
129.75
129.75
126.25
126.25
121.5
118.0
118.0
118.0
118.5
118.5
121.25
121.25
124.75
124.75
126.25
128.75
128.75
129.75
129.75
130.5
130.5
132.0
133.25
133.25
133.25
135.25
138.75
138.75
140.0
140.0
141.0
142.25
142.25
142.75
142.75
141.75
141.5
141.5
141.5
141.5
141.5
141.5
141.5
141.0
141.0
138.25
138.25
136.5
136.5
135.0
134.75
134.75
134.0
134.0
133.5
133.5
132.5
132.5
131.5
131.5
129.0
129.0
130.5
131.75
131.75
130.75
130.75
129.25
129.25
128.75
128.75
127.5
127.5
127.75
127.75
128.25
128.25
129.0
128.25
128.25
129.0
129.0
128.25
128.25
128.25
128.25
131.0
131.25
131.25
131.5
131.5
131.0
131.0
130.75
130.75
131.75
132.5
132.5
132.75
132.75
132.75
132.75
133.0
133.0
133.25
134.75
134.75
136.0
136.0
139.0
140.5
140.5
140.0
140.0
140.0
140.0
137.5
136.25
136.25
136.0
136.0
135.25
135.25
134.75
134.75
135.25
136.0
136.0
136.5
136.5
137.0
137.25
137.25
136.75
136.75
135.75
135.75
134.75
134.75
132.75
132.75
132.0
131.5
131.5
131.25
131.25
130.25
130.25
128.5
128.5
126.0
126.0
124.0
124.0
123.0
123.0
123.0
123.0
123.75
123.75
125.75
127.75
127.75
129.0
129.0
131.0
131.0
132.5
132.5
133.25
133.75
133.75
132.25
132.25
131.0
131.0
129.25
129.25
126.25
126.25
123.75
123.75
122.0
122.0
120.25
120.25
118.5
118.5
118.0
118.0
119.5
119.5
120.75
120.75
122.0
122.0
122.25
122.25
122.5
122.5
120.75
120.75
118.5
118.5
119.25
119.25
120.0
120.0
120.75
120.75
121.75
121.75
122.25
126.0
126.0
128.5
128.5
130.5
130.5
131.25
131.25
130.0
130.0
127.75
127.75
126.0
126.0
123.75
123.75
121.75
121.25
121.25
122.25
122.25
124.75
124.75
124.75
124.75
130.75
130.75
131.0
131.0
131.5
133.0
133.0
133.5
133.5
131.0
131.0
130.0
130.0
129.25
129.25
129.25
129.25
129.25
129.25
129.25
129.25
129.5
129.5
129.5
134.25
134.75
134.75
133.25
133.25
132.25
132.25
130.25
130.25
126.0
126.0
124.5
124.5
123.5
123.5
122.75
122.75
123.75
123.75
123.75
123.75
123.75
120.5
120.5
120.75
120.75
121.25
121.25
122.0
122.0
121.5
121.5
121.5
121.5
126.5
126.5
127.75
127.75
127.25
127.25
126.75
127.0
127.0
127.25
127.25
126.5
126.5
124.75
124.75
124.75
124.75
126.5
126.5
125.0
125.0
124.5
124.5
125.5
125.5
126.0
126.0
126.5
125.75
125.75
127.5
127.5
129.0
129.0
130.25
130.25
130.0
130.0
127.5
125.0
125.0
125.0
123.5
123.5
123.5
123.5
112.75
112.75
112.75
112.5
112.5
114.25
114.25
115.75
115.75
117.75
117.75
119.5
119.5
121.0
121.0
121.0
121.0
121.5
121.5
123.5
123.5
126.25
126.25
128.75
128.75
131.75
131.75
135.5
139.25
139.25
142.25
143.25
143.25
142.0
142.0
138.25
138.25
133.75
133.75
130.0
130.0
127.75
128.25
128.25
126.0
126.0
125.25
125.25
124.0
124.0
123.75
123.75
122.75
122.75
121.5
121.5
120.75
120.75
123.0
123.0
123.75
123.75
124.75
124.75
125.5
125.5
125.75
125.75
126.0
126.0
124.25
124.25
122.0
122.0
121.0
121.0
122.0
122.0
123.5
126.25
126.25
128.0
128.0
129.75
129.75
130.5
130.5
130.0
130.0
130.0
132.25
132.25
132.25
133.0
133.0
133.25
133.25
133.25
132.75
132.75
132.0
132.0
131.25
131.25
130.5
130.5
128.75
128.75
128.25
128.25
127.25
127.25
129.25
129.25
131.0
131.0
132.75
133.25
133.25
133.25
133.25
133.0
133.0
132.5
132.5
131.5
131.5
129.25
129.25
129.25
130.5
130.5
131.75
131.75
133.25
133.25
133.25
131.75
131.75
130.25
130.25
129.5
129.5
129.5
129.5
130.25
130.25
130.75
130.25
130.25
129.75
129.75
128.75
128.75
128.25
128.25
128.25
128.25
128.25
128.25
128.75
128.75
129.5
129.75
129.75
130.0
130.0
130.25
130.25
130.0
130.0
130.0
130.0
130.25
130.25
130.25
129.75
129.75
129.0
129.0
129.0
129.0
130.0
130.0
131.0
132.25
132.25
133.25
133.25
133.75
133.75
133.75
133.75
132.25
131.75
131.75
131.25
131.25
131.0
131.0
131.0
131.0
131.0
131.0
131.0
130.75
130.75
130.75
130.75
131.25
131.25
132.0
132.0
131.75
131.75
131.0
130.5
130.5
130.5
130.5
130.75
130.75
131.75
131.75
131.75
131.75
131.75
130.25
130.25
129.0
129.0
128.0
128.0
128.25
128.25
128.5
128.5
129.75
131.75
131.75
133.25
133.25
133.5
133.5
134.25
134.75
134.75
136.0
136.0
137.0
137.0
137.75
137.75
136.75
137.25
137.25
138.25
138.25
138.75
139.25
139.25
139.5
139.5
139.5
139.5
139.5
139.25
139.25
138.75
138.75
138.0
137.5
137.5
137.75
137.75
139.25
139.25
139.25
139.25
139.25
139.75
139.75
139.75
139.75
138.25
136.25
136.25
135.75
135.75
136.75
136.75
137.0
138.25
138.25
139.75
139.75
140.75
141.5
141.5
141.5
141.5
141.25
141.25
139.25
136.25
136.25
133.5
133.5
131.5
131.5
129.0
129.0
127.25
127.25
127.0
127.0
127.5
127.5
129.0
129.0
129.0
132.0
132.0
133.0
133.0
133.0
133.0
132.25
132.25
131.0
131.0
129.5
129.5
128.5
128.0
128.0
126.5
126.5
126.25
126.25
126.25
126.25
127.0
127.0
127.0
127.0
127.25
127.25
127.5
128.0
128.0
128.5
128.5
128.75
128.75
130.0
130.0
130.75
130.75
131.75
133.5
133.5
136.5
136.5
138.0
138.75
138.75
140.25
140.25
141.0
141.0
141.0
141.25
141.25
141.5
141.5
141.5
141.5
141.5
142.0
142.0
142.0
143.0
143.0
143.5
143.75
143.75
144.0
144.0
143.5
143.5
143.5
144.75
144.75
144.75
143.75
143.75
142.75
142.0
142.0
141.5
141.5
141.5
138.75
138.75
139.5
139.5
139.0
139.0
137.75
136.25
136.25
136.25
136.25
134.75
133.25
133.25
133.25
133.75
133.75
135.0
135.0
136.25
136.25
137.25
137.25
137.75
137.75
138.25
139.25
139.25
139.0
139.0
139.0
139.0
137.5
137.25
137.25
137.25
137.25
137.25
137.25
138.25
138.25
139.25
139.25
139.25
139.5
139.5
139.75
139.75
139.0
139.0
138.5
138.0
138.0
137.5
137.5
137.0
137.0
136.25
136.25
136.25
136.25
136.5
137.0
137.0
138.5
138.5
140.0
140.5
140.5
139.75
139.75
138.75
138.75
137.5
136.0
136.0
135.25
135.25
135.0
135.0
134.25
134.25
134.25
134.5
134.5
134.0
134.0
134.25
134.25
134.5
134.5
135.0
135.25
135.25
135.0
135.0
135.0
135.5
135.5
135.5
135.5
135.75
135.75
135.75
134.0
134.0
134.0
134.0
134.25
134.25
135.5
135.5
136.0
136.25
136.25
136.25
138.25
138.25
138.75
139.25
139.25
139.25
139.75
138.75
138.75
137.75
137.75
136.75
136.75
135.75
135.75
134.75
134.75
134.75
134.75
134.75
134.0
134.0
133.5
133.5
133.75
133.75
134.25
134.25
134.25
133.25
133.25
133.25
133.25
134.5
135.25
135.25
136.5
136.5
137.25
137.25
138.0
139.25
139.25
140.25
140.25
140.25
139.25
139.25
139.0
139.0
139.75
140.25
140.25
139.75
139.75
139.25
139.25
138.5
138.5
138.75
138.75
141.0
141.0
141.25
141.25
141.75
141.75
142.0
142.0
142.5
143.75
143.75
144.25
144.25
144.25
146.0
147.0
147.0
147.75
147.75
148.0
148.0
148.0
149.5
149.5
149.5
149.5
149.5
155.25
155.25
155.0
155.0
155.5
155.5
155.0
155.0
155.0
155.75
158.0
158.0
159.5
159.5
162.25
162.25
162.75
162.75
162.25
161.5
161.5
161.5
160.25
160.25
160.25
160.25
160.25
160.25
160.25
160.25
160.25
160.25
160.25
160.25
148.0
148.0
137.75
137.75
133.25
133.25
128.0
128.0
126.0
126.0
126.0
114.5
114.5
109.25
109.25
110.5
110.5
111.0
111.0
111.25
111.25
123.5
123.5
126.75
126.75
123.0
123.0
123.0
112.75
110.25
110.25
110.25
110.0
110.0
110.0
111.75
111.75
112.75
112.75
115.5
115.5
118.25
118.25
116.75
116.75
115.25
115.25
115.0
115.0
115.25
115.25
118.25
118.25
118.75
118.75
117.0
117.0
114.25
114.25
114.25
113.5
113.5
113.75
115.25
115.25
115.25
116.5
116.5
117.0
117.0
118.5
118.5
119.5
119.5
119.75
119.75
121.25
121.25
119.25
119.25
118.5
118.5
118.75
118.75
117.5
117.5
117.25
117.25
117.5
117.5
117.75
117.75
119.0
119.0
122.25
122.25
126.0
128.0
128.0
129.75
129.75
131.5
131.5
132.0
132.0
132.0
133.25
133.25
135.25
135.25
136.25
136.25
135.25
136.5
136.5
138.5
138.5
139.5
139.5
139.5
144.0
144.0
144.75
145.0
145.0
144.0
144.0
144.0
144.0
143.25
142.75
142.75
142.75
144.0
144.0
145.5
145.5
146.75
147.25
147.25
147.5
147.5
148.0
148.5
148.5
149.0
149.0
149.0
148.5
148.5
148.25
147.75
147.75
147.5
147.5
147.25
147.25
146.25
146.25
146.25
146.25
146.0
146.0
145.75
145.75
144.25
144.25
142.0
142.0
141.75
141.25
141.25
141.25
141.25
141.75
142.0
142.0
142.0
142.0
141.5
140.25
140.25
139.25
139.25
138.75
138.75
138.75
138.5
138.5
138.75
138.75
139.25
139.75
139.75
140.5
140.5
140.75
140.75
140.75
141.0
141.0
141.5
141.5
141.75
140.75
140.75
139.5
139.5
138.0
138.0
137.75
139.0
139.0
139.5
139.5
139.25
139.0
139.0
139.25
139.25
140.75
140.75
142.0
142.5
142.5
142.75
143.25
143.25
143.25
143.25
143.25
144.0
144.0
144.0
144.75
145.25
145.25
145.5
145.5
145.75
145.75
146.5
146.0
146.0
145.5
145.5
145.25
144.0
144.0
143.25
143.25
142.25
142.25
142.25
142.75
142.75
142.75
142.75
143.75
144.5
144.5
144.5
144.5
144.5
144.0
144.0
143.75
143.75
143.5
143.75
143.75
144.25
144.25
144.5
144.5
144.5
144.5
144.5
143.5
143.5
143.5
143.0
143.0
140.5
140.5
136.75
133.75
133.75
133.75
130.75
130.75
128.5
127.25
127.25
127.5
127.5
128.0
128.0
128.25
128.25
128.25
129.75
129.75
131.0
131.0
131.5
131.5
131.5
131.5
131.5
131.5
130.75
130.75
130.5
130.5
130.75
130.75
130.75
130.75
130.75
130.75
130.75
132.5
132.5
132.5
132.5
132.5
130.0
130.0
130.0
130.0
130.25
130.25
131.0
132.25
132.25
132.25
132.25
133.25
133.25
134.25
134.25
135.75
136.5
136.5
136.5
136.5
136.0
136.0
135.75
135.75
135.75
135.75
135.75
135.75
137.25
137.25
137.75
137.75
138.0
138.0
137.5
137.25
137.25
137.25
138.0
138.25
138.25
137.75
137.75
137.5
137.75
137.75
137.75
138.75
138.75
139.5
140.25
140.25
140.5
140.5
139.75
139.75
139.5
139.5
139.5
139.75
139.75
140.25
140.25
140.0
140.0
140.0
141.0
141.0
141.25
141.75
141.75
142.75
142.75
144.25
144.25
144.25
144.25
141.75
141.75
143.75
143.75
147.25
147.25
148.0
148.0
149.25
149.25
149.25
150.0
150.0
150.0
150.0
150.0
150.0
150.0
150.0
150.0
151.75
151.75
151.75
153.0
153.0
153.25
153.25
153.0
153.0
154.25
154.25
155.0
155.0
159.25
159.25
160.25
160.25
160.25
160.5
160.5
160.5
160.5
160.5
160.5
160.5
156.25
156.25
153.0
153.0
152.75
152.75
152.75
152.75
152.75
152.75
152.75
152.75
132.75
112.75
112.75
112.75
109.25
109.25
107.75
107.75
107.75
107.75
107.75
107.75
107.75
107.75
109.9375
112.125
114.3125
116.5
116.5
116.5
116.5
116.5
116.5
116.5
116.5
116.5
116.5
116.5
118.28846153846153
120.07692307692308
121.86538461538461
123.65384615384616
125.4423076923077
127.23076923076923
129.01923076923077
130.80769230769232
132.59615384615384
134.3846153846154
136.17307692307693
137.96153846153845
139.75
139.75
139.75
139.75
139.75
139.75
139.75
139.25
139.25
135.5
135.5
135.5
132.0
132.0
132.0
132.0
132.0
132.0
132.0
132.0
132.0
132.0
132.0
132.0
132.0
129.97727272727272
127.95454545454545
125.93181818181819
123.9090909090909
121.88636363636364
119.86363636363636
117.8409090909091
115.81818181818181
113.79545454545455
111.77272727272727
109.75
109.75
109.75
109.75
109.75
109.75
109.75
109.75
109.75
109.75
109.75
109.75
109.75
110.95454545454545
112.1590909090909
113.36363636363636
114.56818181818181
115.77272727272727
116.97727272727273
118.18181818181819
119.38636363636364
120.5909090909091
121.79545454545455
123.0
123.0
122.25
122.25
122.25
122.25
122.0
122.0
122.0
122.0
122.0
122.6
123.2
123.8
124.4
125.0
125.6
126.2
126.8
127.4
128.0
128.0
127.25
127.25
127.25
124.75
124.75
124.75
127.25
128.0
128.0
128.25
128.25
130.0
130.0
132.0
133.0
133.0
135.25
135.25
136.5
136.5
137.5
137.5
138.25
138.5
138.5
138.5
137.75
137.75
137.75
137.75
137.75
137.75
137.75
137.75
138.25
138.25
140.75
140.75
141.75
142.0
142.0
142.75
142.75
140.75
140.75
139.75
139.5
139.5
137.75
137.75
139.75
139.75
140.0
138.75
138.75
138.75
138.75
138.75
138.75
138.75
139.5
139.5
139.5
139.5
134.25
134.25
132.5
132.5
131.5
131.5
131.5
131.43421052631578
131.3684210526316
131.30263157894737
131.23684210526315
131.17105263157896
131.10526315789474
131.03947368421052
130.97368421052633
130.9078947368421
130.8421052631579
130.77631578947367
130.71052631578948
130.64473684210526
130.57894736842104
130.51315789473685
130.44736842105263
130.3815789473684
130.31578947368422
130.25
130.25
130.25
130.25
130.5
130.5
133.625
136.75
136.75
136.75
138.5
138.5
138.75
138.75
138.75
138.5
138.5
138.5
