150.0
150.0
153.0
150.75
151.5
153.75
153.75
154.75
155.5
155.5
156.25
156.25
158.0
158.0
158.0
156.25
158.75
158.75
158.0
157.0
157.0
155.5
153.75
153.75
153.0
155.5
155.5
154.75
153.75
153.75
148.5
148.5
145.0
144.25
144.25
143.5
143.5
146.25
145.75
145.75
146.25
146.25
147.0
148.5
148.5
149.25
152.25
152.25
152.25
152.25
154.75
153.75
153.75
156.25
155.5
155.5
154.75
156.25
156.25
157.0
158.0
158.0
158.0
153.75
153.75
155.5
155.5
152.25
155.5
155.5
155.5
156.25
156.25
158.0
158.75
158.75
159.5
160.5
160.5
158.0
160.5
160.5
158.75
158.75
158.75
158.75
160.5
160.5
160.5
161.25
161.25
160.5
160.5
160.5
160.5
158.75
158.75
160.5
159.5
159.5
158.0
158.75
158.75
159.5
160.5
160.5
160.5
159.5
159.5
160.5
160.5
160.5
160.5
159.5
159.5
162.25
162.25
162.25
163.0
162.25
162.25
162.25
160.5
159.5
159.5
159.5
159.5
157.0
158.75
158.75
160.5
159.5
159.5
160.5
158.75
158.75
162.25
159.5
159.5
162.25
162.25
162.25
162.25
162.25
162.25
162.25
164.0
162.25
164.0
163.0
162.25
162.25
162.25
163.0
163.0
164.0
163.0
163.0
164.75
164.75
164.75
165.75
166.75
166.75
166.75
166.75
167.5
167.5
167.5
166.75
166.75
165.75
165.75
165.75
165.75
164.75
164.75
165.75
164.0
164.0
164.0
164.0
164.75
164.75
164.0
165.75
165.75
165.75
165.75
165.75
166.75
167.5
167.5
167.5
167.5
166.75
166.75
168.5
167.5
167.5
167.5
169.5
169.5
168.5
170.5
170.5
170.5
170.5
170.5
170.5
170.5
170.5
170.5
170.5
169.5
169.5
169.5
168.5
166.75
166.75
165.75
164.0
164.0
164.75
161.25
161.25
161.25
158.75
159.5
159.5
155.5
155.5
155.5
150.75
150.75
152.25
157.0
157.0
156.25
155.5
155.5
154.75
153.75
153.75
155.5
155.5
157.0
159.5
159.5
160.5
160.5
160.5
159.5
158.0
158.0
158.0
158.75
158.75
158.75
159.5
159.5
159.5
157.0
157.0
158.0
155.5
155.5
156.25
153.75
153.75
156.25
157.0
157.0
158.0
158.75
158.75
159.5
159.5
159.5
158.75
158.75
158.75
159.5
158.75
158.75
158.75
162.25
162.25
160.5
160.5
160.5
160.5
161.25
161.25
160.5
158.75
158.75
159.5
156.25
156.25
155.5
155.5
153.0
150.75
150.75
145.75
144.25
144.25
142.25
142.25
140.25
140.25
140.25
140.25
142.25
140.25
140.25
140.25
140.75
140.75
142.75
142.75
140.75
141.5
141.5
144.25
144.25
145.75
145.75
145.75
143.5
143.5
148.5
150.75
150.75
153.75
154.75
154.75
156.25
156.25
156.25
156.25
156.25
157.0
157.0
157.0
159.5
160.5
160.5
161.25
160.5
160.5
160.5
161.25
161.25
161.25
159.5
159.5
159.5
159.5
159.5
158.75
159.5
159.5
155.5
154.75
154.75
153.0
150.75
150.75
150.0
150.0
150.75
150.0
150.0
150.0
147.75
147.75
147.75
147.75
146.25
147.75
147.75
148.5
147.0
147.0
149.25
149.25
149.25
147.75
147.75
147.0
147.0
146.25
145.75
145.75
146.25
146.25
146.25
147.75
147.75
148.5
147.75
147.75
145.75
145.75
146.25
145.0
145.0
145.0
145.0
146.25
146.25
146.25
147.75
147.75
145.0
142.75
142.75
139.5
139.5
137.5
137.5
137.5
137.0
137.0
134.5
134.5
132.75
132.75
132.75
134.0
134.0
133.25
133.25
131.0
131.0
133.25
133.25
132.25
135.75
135.75
137.5
137.5
139.5
139.5
140.25
139.0
139.0
142.25
142.25
143.5
145.0
145.0
148.5
148.5
153.0
153.0
153.0
152.25
150.0
150.0
147.75
147.75
145.75
145.75
147.0
149.25
146.25
146.25
141.5
141.5
145.75
146.25
146.25
147.0
147.0
147.0
146.25
147.75
148.5
148.5
149.25
149.25
149.25
149.25
150.75
150.75
151.5
150.75
150.75
153.0
153.0
153.0
154.75
157.0
156.25
156.25
158.0
158.75
158.75
158.75
159.5
158.0
158.0
158.0
157.0
157.0
156.25
153.75
153.75
150.0
150.0
147.75
145.75
145.75
145.75
145.75
142.25
139.5
139.5
139.5
139.5
141.5
140.25
140.25
139.5
139.5
143.5
147.75
147.75
147.0
147.0
150.0
153.0
153.0
153.0
156.25
156.25
156.25
158.0
158.0
160.5
160.5
160.5
162.25
161.25
161.25
162.25
163.0
163.0
162.25
162.25
162.25
162.25
163.0
163.0
163.0
164.0
164.0
163.0
163.0
163.0
163.0
164.0
164.0
163.0
163.0
162.25
162.25
162.25
160.5
160.5
158.75
158.75
153.0
155.5
155.5
156.25
158.0
158.0
158.0
158.75
158.75
158.0
157.0
157.0
158.0
158.75
158.75
159.5
158.75
158.75
159.5
158.75
158.75
159.5
161.25
161.25
159.5
161.25
161.25
159.5
160.5
160.5
158.75
159.5
159.5
160.5
160.5
160.5
161.25
161.25
161.25
161.25
163.0
163.0
162.25
162.39705882352942
162.5441176470588
162.69117647058823
162.83823529411765
162.98529411764707
163.13235294117646
163.27941176470588
163.4264705882353
163.5735294117647
163.72058823529412
163.86764705882354
164.01470588235293
164.16176470588235
164.30882352941177
164.4558823529412
164.60294117647058
164.75
163.0
164.0
164.0
164.0
164.0
163.0
163.0
164.0
164.0
164.0
164.75
164.75
164.75
164.75
164.75
164.0
164.0
164.75
165.75
165.75
164.0
164.0
164.0
164.75
163.0
163.0
163.0
163.0
164.0
164.0
163.0
164.75
164.75
164.0
163.0
163.0
164.0
164.0
164.0
165.75
164.75
164.75
164.75
164.75
164.75
164.75
165.75
165.75
164.0
164.75
163.0
163.0
163.0
163.0
163.0
163.0
163.0
163.0
163.0
164.0
164.0
163.0
164.0
164.0
163.0
164.0
164.0
163.0
162.25
162.25
162.25
163.0
163.0
163.0
163.0
164.0
164.0
164.0
164.0
164.0
163.0
164.75
164.75
164.75
164.75
164.75
164.75
164.75
164.75
164.75
164.75
164.75
164.75
167.5
164.0
164.0
164.75
166.75
166.75
164.75
163.0
163.0
164.75
164.75
164.75
164.75
165.75
165.75
163.0
164.75
164.0
164.0
164.0
164.0
164.0
164.0
163.0
163.0
162.25
161.25
161.25
163.0
160.5
160.5
161.25
160.5
160.5
161.25
162.25
162.25
160.5
161.25
161.25
159.5
158.75
158.75
158.75
158.75
158.75
158.0
158.0
158.0
156.25
157.0
157.0
155.5
155.5
155.5
156.25
156.25
155.5
154.75
154.75
154.75
153.0
153.0
153.0
153.0
153.0
154.75
152.25
152.25
150.0
150.0
150.75
150.0
150.0
150.0
146.25
146.25
145.75
145.75
145.75
144.25
144.25
144.25
144.25
144.25
145.75
145.75
145.0
145.0
145.0
142.25
142.25
137.5
137.5
140.75
140.75
139.5
138.25
138.25
139.0
139.0
140.25
140.25
138.25
138.25
138.25
139.5
139.5
142.25
145.0
145.0
146.25
146.25
150.0
150.75
150.75
149.25
150.0
150.0
150.75
150.75
152.25
152.25
152.25
154.75
155.5
155.5
155.5
155.5
155.5
156.25
158.0
158.0
157.0
158.75
158.75
158.0
158.75
158.75
158.0
158.75
158.75
158.75
158.75
158.75
157.0
157.0
156.25
155.5
155.5
153.75
153.0
153.0
148.5
142.75
142.75
142.25
142.25
142.25
142.25
142.25
142.75
142.75
141.5
141.5
141.5
145.75
145.75
145.0
145.0
145.0
145.75
145.75
146.25
146.25
147.0
144.25
144.25
147.75
150.0
150.0
152.25
152.25
153.75
153.75
153.75
155.5
155.5
155.5
153.75
151.5
151.5
148.5
148.5
150.75
153.0
153.0
153.75
154.75
154.75
154.75
155.5
155.5
155.5
153.0
153.0
155.5
155.5
156.25
157.0
157.0
156.25
157.0
157.0
157.0
158.0
158.0
158.0
157.0
155.5
157.0
157.0
155.5
158.0
158.0
158.0
158.75
156.25
156.25
159.5
158.75
158.75
157.0
158.0
158.0
157.0
157.0
155.5
157.0
157.0
156.25
156.25
158.0
158.0
155.5
155.5
157.0
158.75
158.75
157.0
155.5
155.5
157.0
154.75
154.75
156.25
155.5
155.5
156.25
156.25
154.75
154.75
154.75
153.75
150.75
150.75
151.5
153.0
153.0
153.75
153.75
153.0
153.75
153.75
153.75
155.5
155.5
154.75
154.75
154.75
154.75
155.5
155.5
154.75
154.75
154.75
151.5
151.5
150.0
150.0
150.0
149.25
149.25
146.25
147.0
147.0
143.5
144.25
144.25
143.5
143.5
141.5
141.5
140.75
142.25
142.25
142.75
142.75
142.75
143.5
143.5
142.75
142.75
140.75
138.25
138.25
135.25
135.25
135.75
135.75
138.25
138.25
138.25
138.25
138.25
137.5
137.5
137.5
134.5
134.5
139.0
139.0
139.0
139.0
137.0
137.5
137.5
133.25
133.25
137.5
137.5
140.25
142.25
142.25
145.0
145.0
143.5
142.75
142.75
143.5
143.5
142.25
144.25
144.25
144.25
144.25
146.25
146.25
145.75
145.75
145.75
145.75
145.75
145.75
144.25
144.25
145.0
147.0
147.0
145.75
144.25
144.25
143.5
143.5
143.5
143.5
139.0
140.75
140.75
145.0
145.0
143.5
143.5
143.5
140.75
140.75
142.25
144.25
144.25
143.5
143.5
142.75
142.25
142.25
141.5
141.5
142.25
145.0
145.0
143.5
143.5
144.25
147.0
147.0
146.25
146.25
144.25
147.0
147.0
144.25
144.25
145.75
148.5
148.5
145.75
145.75
146.25
146.25
145.75
149.25
150.0
150.0
150.75
150.75
147.75
150.0
150.0
147.0
149.25
149.25
148.5
148.5
147.75
150.0
150.0
152.25
150.0
150.0
150.0
150.0
150.75
153.0
153.0
151.5
150.75
150.75
152.25
152.25
154.75
155.5
155.5
153.0
155.5
155.5
153.0
153.75
153.75
152.25
150.75
150.75
149.25
149.25
150.75
150.0
150.0
150.0
151.5
151.5
152.25
152.25
151.5
152.25
152.25
154.75
154.75
154.75
154.75
154.75
154.75
153.75
153.75
155.5
155.5
155.5
155.5
156.25
156.25
155.5
158.0
158.0
157.0
158.75
158.75
158.75
159.5
159.5
161.25
159.5
159.5
158.0
160.5
160.5
158.75
159.5
159.5
158.75
158.75
158.75
156.25
158.75
158.75
159.5
158.0
158.0
158.0
159.5
159.5
157.0
158.75
158.75
160.5
160.5
160.5
158.75
159.5
159.5
161.25
159.5
159.5
159.5
159.5
159.5
160.5
160.5
160.5
161.25
160.5
160.5
160.5
160.5
160.5
160.88888888888889
161.27777777777777
161.66666666666666
162.05555555555554
162.44444444444446
162.83333333333334
163.22222222222223
163.61111111111111
164.0
161.25
164.0
164.0
164.75
163.0
163.0
162.25
161.25
161.25
162.25
162.25
162.25
162.25
162.25
162.25
162.25
163.0
163.0
163.0
163.0
161.25
161.25
162.25
161.25
161.25
163.0
160.5
160.5
161.25
161.25
161.25
160.5
159.5
159.5
159.5
158.75
158.75
158.0
158.0
158.0
158.0
160.5
160.5
160.5
158.75
158.75
159.5
158.75
158.75
157.0
157.0
156.25
156.25
156.25
154.75
155.5
155.5
156.25
156.25
156.25
153.75
153.75
153.75
151.5
151.5
152.25
155.5
155.5
153.75
154.75
154.75
153.75
153.75
153.75
154.75
154.75
154.75
155.5
153.0
153.0
152.25
152.25
153.0
153.0
153.0
152.25
151.5
151.5
149.25
149.25
150.75
150.0
150.0
150.75
151.5
151.5
151.5
153.75
153.75
156.25
156.25
152.25
154.75
154.75
153.0
144.25
144.25
139.5
139.5
143.5
145.0
145.0
147.0
147.0
147.0
146.25
146.25
145.75
145.75
145.75
149.25
149.25
149.25
149.25
149.25
148.5
148.5
149.25
150.0
150.0
150.0
152.25
152.25
153.75
153.75
153.75
153.0
153.0
153.0
150.75
150.75
150.0
150.75
150.75
150.75
150.75
152.25
153.0
153.0
153.0
154.75
154.75
153.75
153.0
153.0
152.25
152.25
153.0
153.0
153.0
153.75
153.75
153.75
153.0
152.25
152.25
152.25
152.25
150.0
146.25
146.25
147.0
147.0
148.5
151.5
151.5
152.25
153.0
153.0
153.75
153.75
153.75
156.25
156.25
156.25
154.75
154.75
150.0
151.5
151.5
153.0
152.25
152.25
153.75
153.75
153.75
152.25
152.25
152.25
152.25
153.75
152.25
150.75
150.75
150.75
150.75
150.0
150.75
150.75
148.5
150.0
150.0
148.5
148.5
148.5
147.75
147.75
147.75
147.0
147.0
147.75
147.75
145.0
145.0
145.0
146.25
146.25
146.25
145.75
145.75
142.25
142.25
143.5
145.75
145.75
147.75
147.75
147.0
147.0
147.0
148.5
146.25
146.25
147.0
147.0
146.25
148.5
148.5
149.25
149.25
149.25
150.0
150.0
148.5
147.0
147.0
150.75
150.75
150.75
150.75
150.75
149.25
148.5
148.5
148.5
148.5
148.5
149.25
149.25
149.25
150.75
150.75
150.75
150.75
151.5
151.5
151.5
151.5
150.0
150.0
149.25
149.25
148.5
143.5
143.5
143.5
143.5
145.75
147.75
147.75
148.5
150.0
150.0
151.5
151.5
150.75
151.5
151.5
153.0
153.0
153.0
152.25
152.25
152.25
153.0
153.0
153.75
154.75
154.75
156.25
156.25
156.25
158.0
157.0
157.0
157.0
156.25
156.25
158.0
158.0
158.0
157.0
157.0
157.0
157.0
157.0
157.0
157.0
157.0
157.0
156.25
156.25
156.25
157.0
157.0
158.0
156.25
156.25
158.0
155.5
155.5
155.5
156.25
156.25
155.5
158.0
158.0
156.25
156.25
153.0
153.75
153.75
155.5
157.0
157.0
158.0
158.0
158.0
158.0
157.0
157.0
158.75
159.5
159.5
160.5
160.5
160.5
160.5
161.25
161.25
161.25
161.25
161.25
161.25
162.25
162.25
160.5
162.25
162.25
160.5
162.25
162.25
162.25
161.25
161.25
162.25
162.25
162.25
162.25
162.25
162.25
161.25
161.25
162.25
162.25
162.25
161.25
161.25
161.25
162.25
162.25
159.5
161.25
161.25
161.25
162.25
162.25
161.25
162.25
162.25
161.25
161.25
158.0
161.25
161.25
161.25
160.5
161.25
161.25
161.25
161.25
161.25
160.5
161.25
161.25
162.25
162.25
162.25
163.0
162.25
162.25
162.25
163.0
163.0
163.0
161.25
161.25
161.25
163.0
163.0
162.25
163.0
163.0
160.5
162.25
161.25
161.25
162.25
161.25
161.25
162.25
161.25
161.25
164.0
163.0
163.0
163.0
162.25
162.25
163.0
163.0
163.0
164.0
163.0
163.0
164.0
164.0
164.0
164.0
163.0
163.0
164.0
164.0
163.0
163.0
164.0
164.0
164.0
164.0
164.75
164.75
164.75
164.75
164.75
164.75
164.0
164.0
164.75
164.0
164.75
164.75
164.75
164.75
164.75
165.75
164.75
164.75
164.75
166.75
166.75
165.75
165.75
165.75
165.75
165.75
165.75
165.75
165.75
164.75
164.75
164.0
164.75
164.75
164.0
164.75
164.75
164.75
164.75
164.75
164.75
164.0
164.75
164.75
164.0
164.0
164.0
164.0
163.0
163.0
163.0
163.0
163.0
163.0
161.25
161.25
162.25
163.0
163.0
161.25
161.25
161.25
162.25
162.25
162.25
160.5
160.5
160.5
160.5
160.5
160.5
159.5
159.5
159.5
160.5
159.5
159.5
159.5
159.5
159.5
158.75
157.0
157.0
158.0
158.0
158.0
157.0
158.0
158.0
157.0
158.0
158.0
158.75
159.5
159.5
158.75
158.75
158.75
159.5
160.5
160.5
159.5
158.75
158.75
158.75
160.5
158.75
157.0
158.0
158.0
158.0
157.0
157.0
158.0
158.0
158.0
156.25
156.25
157.0
156.25
156.25
155.5
155.5
155.5
153.75
154.75
154.75
153.0
153.75
153.75
153.0
153.0
154.75
153.75
153.75
155.5
153.75
153.75
153.75
153.75
153.75
153.75
153.75
153.75
153.75
154.75
156.25
158.0
158.0
157.0
155.5
155.5
156.25
156.25
156.25
155.5
156.25
156.25
155.5
155.5
155.5
155.5
154.75
154.75
153.0
153.0
153.75
152.25
152.25
153.75
151.5
151.5
151.5
153.75
154.75
154.75
154.75
153.0
153.75
153.75
153.75
155.5
155.5
155.5
156.25
156.25
156.25
155.5
155.5
156.25
157.0
157.0
157.0
157.0
157.0
155.5
155.5
157.0
157.0
157.0
158.0
157.0
157.0
157.0
156.25
156.25
155.5
156.25
156.25
156.25
156.25
156.25
156.25
153.75
153.75
155.5
155.5
153.75
153.75
153.75
153.0
152.25
152.25
151.5
150.75
150.75
150.75
150.75
150.0
151.5
151.5
150.0
147.0
147.0
147.75
147.75
148.5
150.75
150.75
149.25
149.25
146.25
147.0
147.0
147.75
147.75
147.75
149.25
149.25
149.25
147.0
147.0
146.25
146.25
146.25
146.25
146.25
147.0
147.75
147.75
147.0
147.0
147.0
149.25
149.25
143.5
143.5
145.0
145.0
145.0
146.25
146.25
146.25
147.0
147.0
147.0
146.25
146.25
147.0
147.0
147.0
146.25
146.25
145.75
145.75
145.75
145.0
145.0
145.75
145.75
146.25
147.75
147.75
146.25
146.25
147.75
147.75
147.75
147.0
147.0
147.0
145.0
145.0
145.0
144.25
144.25
143.5
143.5
142.25
143.5
143.5
144.25
144.25
142.75
143.5
143.5
144.25
144.25
146.25
145.75
145.75
143.5
143.5
144.25
142.75
142.75
142.25
142.25
143.5
144.25
144.25
144.25
144.25
144.25
139.5
139.5
139.0
139.0
139.5
139.5
139.5
140.25
140.25
142.75
142.75
146.25
146.25
146.25
145.75
145.75
147.0
147.0
147.0
147.0
147.0
147.0
145.75
145.75
145.0
146.25
146.25
148.5
148.5
148.5
147.75
147.75
147.75
147.75
148.5
146.25
146.25
145.75
143.5
143.5
145.75
145.75
146.25
145.75
145.75
147.75
147.75
146.25
145.75
145.75
147.0
147.0
147.0
146.25
146.25
147.75
147.75
147.75
150.75
150.75
150.75
148.5
148.5
148.5
148.5
147.0
148.5
148.5
147.75
149.25
149.25
147.75
147.75
147.75
147.0
147.0
146.25
146.25
145.75
147.0
147.0
147.75
148.5
148.5
147.75
147.75
150.0
150.75
150.75
150.75
151.5
151.5
148.5
148.5
148.5
149.25
149.25
149.25
147.75
147.75
147.0
147.0
145.0
145.75
145.75
148.5
148.5
150.75
149.25
149.25
147.75
148.5
148.5
150.0
150.0
150.0
149.25
149.25
150.0
150.0
150.0
150.75
150.75
148.5
145.75
145.75
149.25
149.25
152.25
151.5
151.5
152.25
152.25
152.25
153.0
151.5
151.5
151.5
151.5
152.25
152.25
152.25
150.75
150.75
150.75
150.75
150.75
147.0
147.0
147.0
146.25
145.75
145.75
145.0
145.0
147.75
146.25
146.25
145.75
145.75
143.5
145.0
145.0
142.75
142.75
144.25
140.75
140.75
139.5
139.5
141.5
141.5
139.5
139.0
139.0
141.5
141.5
140.75
142.75
142.75
141.5
141.5
140.75
142.25
142.25
142.25
142.25
144.25
145.75
145.75
144.25
144.25
145.75
147.0
147.0
150.0
150.0
152.25
152.25
152.25
154.75
157.0
157.0
158.75
158.75
158.75
158.75
160.5
160.5
158.0
159.5
159.5
158.0
158.0
158.0
157.0
156.25
156.25
154.75
153.75
153.75
153.0
153.0
151.5
153.0
153.0
152.25
149.25
149.25
150.0
150.0
148.5
148.5
148.5
147.0
148.5
148.5
145.0
145.0
146.25
147.0
147.0
151.5
151.5
153.0
155.5
155.5
153.75
155.5
155.5
156.25
158.75
158.75
158.0
158.0
158.0
158.0
157.0
157.0
158.75
160.5
160.5
158.0
156.25
156.25
159.5
161.25
161.25
160.5
160.5
160.5
161.25
160.5
160.5
160.5
161.25
161.25
159.5
159.5
157.0
155.5
156.25
156.25
157.0
157.0
156.25
157.0
157.0
156.25
156.25
156.25
153.0
154.75
154.75
157.0
157.0
157.0
158.0
156.25
156.25
158.75
158.75
158.75
157.0
157.0
157.0
158.0
158.75
158.75
162.25
161.25
161.25
162.25
164.75
164.75
164.75
164.0
164.0
165.75
164.0
164.0
162.25
162.25
162.25
162.25
161.25
161.25
162.25
165.75
165.75
164.75
166.75
166.75
166.75
168.5
166.75
166.75
164.75
158.75
158.75
153.0
145.75
145.75
126.0
126.0
115.0
115.0
115.0
102.75
102.75
91.25
91.25
91.25
81.5
81.5
81.5
76.5
76.5
76.5
76.5
75.5
75.5
75.5
79.75
79.75
79.75
81.0
81.0
85.5
85.5
85.5
90.75
90.75
90.75
97.0
97.0
105.75
105.75
114.5
114.5
121.0
121.0
125.0
125.0
127.0
127.0
131.0
132.75
132.75
135.75
135.75
135.25
135.25
135.75
136.25
136.25
134.5
134.5
134.0
134.0
137.5
139.5
139.5
140.75
140.75
141.5
141.5
139.5
139.0
139.0
144.25
144.25
147.0
151.5
151.5
153.75
156.25
156.25
155.5
156.25
156.25
156.25
156.25
156.25
154.75
154.75
155.5
156.25
156.25
156.25
156.25
156.25
153.0
155.5
155.5
153.75
152.25
152.25
153.75
153.75
154.75
152.25
152.25
150.75
149.25
149.25
149.25
150.75
151.5
151.5
151.5
150.75
151.5
151.5
150.0
147.0
147.0
148.5
148.5
150.0
151.5
151.5
150.75
153.0
153.0
153.75
153.75
151.5
150.75
150.75
151.5
153.75
153.75
153.75
154.75
154.75
154.75
154.75
155.5
154.75
154.75
154.75
152.25
152.25
152.25
153.0
153.0
152.25
152.25
150.75
150.75
150.75
150.66666666666666
150.58333333333334
150.5
150.41666666666666
150.33333333333334
150.25
150.16666666666666
150.08333333333334
150.0
149.91666666666666
149.83333333333334
149.75
149.66666666666666
149.58333333333334
149.5
149.41666666666666
149.33333333333334
149.25
149.25
144.25
142.25
142.25
142.25
142.25
145.75
146.25
146.25
149.25
149.25
150.75
150.0
150.0
151.5
150.0
150.0
150.0
150.0
147.0
147.0
147.0
146.25
146.25
145.75
145.0
145.0
143.5
143.5
143.5
144.25
144.25
143.5
143.5
144.25
141.5
141.5
141.5
141.5
143.5
143.5
147.75
147.0
147.0
146.25
148.5
148.5
146.25
146.25
149.25
145.0
145.0
147.75
148.5
148.5
147.0
147.0
143.5
141.5
141.5
140.25
140.25
139.0
142.25
142.25
145.0
145.0
146.25
148.5
148.5
148.5
148.5
146.25
148.5
148.5
148.5
150.0
150.0
146.25
146.25
147.75
147.75
147.75
147.0
147.0
147.75
150.0
150.0
148.5
146.25
146.25
145.75
145.75
150.0
150.0
150.0
150.0
149.25
149.25
149.25
149.25
149.25
150.0
150.0
150.75
152.25
152.25
150.75
150.75
151.5
153.0
153.0
153.75
150.75
150.75
150.75
153.0
153.0
150.75
150.75
150.75
151.5
151.5
152.25
152.25
151.5
151.5
151.5
151.5
150.75
150.75
151.5
150.0
150.0
148.5
148.5
151.5
151.5
151.5
151.5
150.75
150.75
153.75
153.0
153.0
153.0
153.0
152.25
152.25
152.25
153.0
153.75
153.75
154.75
154.75
154.75
153.75
156.25
156.25
155.5
155.5
155.5
154.75
154.75
154.75
154.75
154.75
155.5
153.0
153.0
153.75
153.75
153.75
154.75
154.75
155.5
155.5
155.5
153.75
155.5
155.5
155.5
153.75
153.75
152.25
153.75
153.75
154.75
154.75
153.75
151.5
151.5
153.75
153.0
153.0
153.75
153.0
153.0
154.75
154.75
155.5
156.25
156.25
158.0
156.25
156.25
156.25
158.75
158.75
157.0
156.25
156.25
156.25
154.75
154.75
154.75
153.75
153.75
156.25
158.0
158.0
154.75
154.75
156.25
153.75
153.75
156.25
158.0
158.0
155.5
156.25
156.25
157.0
157.0
157.0
156.25
157.0
157.0
157.0
157.0
157.0
158.0
158.75
158.75
159.5
159.5
159.5
160.5
162.25
162.25
161.25
162.25
162.25
162.25
162.25
162.25
162.25
160.5
160.5
160.5
159.5
159.5
159.5
161.25
161.25
160.5
159.5
159.5
161.25
160.5
160.5
161.25
161.25
161.25
162.25
161.25
161.25
162.25
163.0
163.0
164.0
163.0
163.0
164.0
164.0
164.0
164.75
164.0
164.75
164.75
164.0
164.75
164.75
164.0
164.75
164.75
163.0
163.0
163.0
163.0
163.0
162.25
159.5
160.5
160.5
162.25
162.25
162.25
160.5
163.0
163.0
163.0
162.25
162.25
161.25
162.25
162.25
161.25
160.5
160.5
160.5
159.5
161.25
162.25
162.25
162.25
162.25
162.25
161.25
161.25
159.5
160.5
160.5
162.25
158.75
158.75
161.25
162.25
162.25
161.25
163.0
163.0
161.25
163.0
163.0
162.25
162.25
162.25
162.25
162.25
162.25
161.25
161.25
161.25
161.25
161.25
161.25
161.25
160.5
160.5
162.25
162.25
162.25
162.25
163.0
163.0
163.0
163.0
163.0
163.0
162.25
162.25
162.25
162.25
163.0
163.0
163.0
161.25
160.5
160.5
158.0
158.0
159.5
158.75
158.75
157.0
156.25
156.25
156.25
156.25
157.0
158.0
158.0
157.0
157.0
157.0
157.0
157.0
158.75
159.5
158.75
158.75
157.0
158.75
158.75
156.25
156.25
156.25
156.25
158.0
158.0
158.75
158.75
158.75
158.0
159.5
159.5
160.5
160.5
160.5
160.5
159.5
159.5
157.0
158.75
158.75
159.5
157.0
157.0
158.0
157.0
157.0
158.0
158.0
158.75
157.0
157.0
158.0
157.0
157.0
157.0
157.0
157.0
156.25
157.0
157.0
157.0
156.25
156.25
157.0
156.25
156.25
153.75
154.75
154.75
154.75
154.75
153.75
154.75
154.75
151.5
151.5
151.5
152.25
152.25
152.25
151.5
151.5
152.25
152.25
152.25
150.75
149.25
149.25
149.25
149.25
151.5
151.5
151.5
154.75
153.75
153.75
154.75
153.75
153.75
152.25
152.25
151.5
152.25
152.25
152.25
152.25
152.25
152.25
153.0
153.0
154.75
154.75
154.75
155.5
155.5
155.5
156.25
156.25
157.0
157.0
157.0
157.0
157.0
157.0
157.0
158.75
158.75
158.0
159.5
159.5
158.75
160.5
160.5
161.25
160.5
160.5
161.25
162.25
162.25
160.5
160.5
160.5
159.5
158.75
158.75
158.0
155.5
155.5
154.75
155.5
155.5
153.0
153.0
150.75
150.75
150.75
150.0
151.5
151.5
151.5
151.5
152.25
151.5
151.5
150.0
152.25
152.25
150.0
150.75
150.75
151.5
151.5
149.25
150.75
150.75
150.75
150.0
150.0
147.75
147.75
147.0
146.25
146.25
145.75
145.75
145.75
145.75
145.75
142.75
142.75
140.75
140.25
140.25
139.5
139.5
139.0
139.0
137.5
135.75
135.75
133.25
133.25
121.5
121.5
118.5
118.5
117.75
117.75
121.5
121.5
124.5
124.5
130.5
130.5
131.5
131.5
132.25
130.5
130.5
129.75
129.75
127.75
127.75
124.0
124.0
124.0
124.0
122.5
122.5
121.5
121.5
121.5
121.5
127.0
127.0
131.0
132.25
132.25
132.25
132.25
130.5
130.5
132.25
132.25
131.0
131.0
132.75
134.5
134.5
134.5
134.5
135.75
135.75
131.5
131.5
131.5
127.75
127.75
126.5
126.5
123.5
123.5
128.25
128.25
128.75
128.75
131.5
131.5
134.5
132.75
132.75
131.0
131.0
137.5
137.5
139.5
140.75
140.75
141.5
141.5
140.75
140.75
140.25
137.5
137.5
139.0
139.0
140.25
138.25
138.25
141.5
141.5
141.5
141.5
140.25
138.25
138.25
140.75
140.75
142.25
143.5
143.5
145.75
145.75
142.75
145.75
145.75
144.25
144.25
147.0
145.0
145.0
145.75
145.75
144.25
143.5
143.5
145.75
145.75
146.25
147.0
147.0
149.25
147.0
147.0
150.0
150.0
150.0
148.5
148.5
148.5
148.5
147.0
147.75
147.75
145.75
147.0
147.0
142.75
142.75
134.5
134.5
132.25
132.25
127.0
129.75
129.75
134.0
134.0
142.75
142.75
143.5
147.75
147.75
147.0
149.25
149.25
147.75
147.75
147.0
148.5
148.5
150.75
152.25
152.25
153.0
153.0
151.5
150.75
150.75
148.5
147.0
147.0
144.25
144.25
142.25
144.25
144.25
142.75
142.75
144.25
144.25
142.75
142.75
142.75
145.75
145.0
145.0
142.25
142.25
144.25
147.75
147.75
147.0
147.0
147.75
147.75
147.75
147.75
147.75
150.0
147.0
147.0
147.0
147.75
147.75
146.25
146.25
144.25
144.25
144.25
145.75
145.75
145.75
148.5
148.5
147.75
147.75
150.75
153.0
153.0
152.25
153.75
153.75
153.0
153.75
153.75
151.5
151.5
149.25
148.5
148.5
148.5
150.0
150.0
150.0
150.0
150.0
150.75
150.75
152.25
152.25
152.25
150.0
150.0
147.75
148.5
148.5
147.0
146.25
146.25
145.0
145.0
140.25
140.25
142.25
147.0
147.0
150.75
150.75
150.75
151.5
151.5
150.0
150.75
150.75
147.0
147.75
147.75
145.75
145.75
145.75
147.75
147.75
146.25
146.25
146.25
147.75
147.75
147.0
147.0
147.0
147.0
147.0
146.25
145.0
145.0
144.25
144.25
144.25
143.5
143.5
143.5
143.5
145.0
145.0
145.0
143.5
143.5
141.5
139.5
139.5
140.25
140.25
141.5
141.5
142.25
142.25
142.25
144.25
144.25
146.25
143.5
143.5
142.25
142.25
144.25
142.75
142.75
141.5
141.5
141.5
141.5
141.5
140.75
140.75
139.5
139.5
138.25
140.25
140.25
140.25
140.25
143.5
144.25
144.25
142.25
142.25
142.75
145.0
145.0
145.0
145.0
148.5
147.75
147.75
146.25
146.25
146.25
147.0
147.0
149.25
147.75
147.75
150.0
150.0
148.5
150.0
150.0
151.5
150.0
150.0
147.0
147.0
147.0
144.25
144.25
142.75
142.75
143.5
145.0
145.0
146.25
146.25
143.5
141.5
141.5
140.25
140.25
136.25
136.25
135.75
134.5
134.5
135.25
135.25
137.5
137.5
140.25
144.25
144.25
142.25
142.25
143.5
144.25
144.25
144.25
144.25
142.75
142.25
142.25
140.25
140.25
139.0
136.25
136.25
138.25
138.25
139.5
139.5
144.25
145.0
145.0
142.75
142.75
143.5
142.75
142.75
142.75
144.25
142.75
142.25
142.25
141.5
141.5
141.5
139.0
139.0
139.0
139.0
139.0
141.5
140.75
143.5
143.5
145.0
145.0
144.25
143.5
143.5
144.25
144.25
141.5
140.25
140.25
134.5
134.5
134.5
134.5
137.0
138.25
138.25
139.0
139.0
139.0
140.25
135.25
139.5
139.5
141.5
141.5
143.5
145.75
145.75
143.5
143.5
139.5
140.75
140.75
140.25
140.25
142.25
143.5
143.5
145.0
145.0
147.75
147.75
147.75
147.0
147.0
148.5
147.75
147.75
146.25
147.0
147.0
145.0
145.0
145.75
144.25
144.25
142.75
142.75
141.5
141.5
144.25
143.5
143.5
142.75
142.75
145.0
147.75
147.75
148.5
147.75
147.75
150.75
150.75
150.75
149.25
149.25
145.75
145.0
145.0
141.5
141.5
142.75
142.75
145.0
145.75
145.75
140.75
140.75
142.75
145.0
145.0
147.75
147.75
147.75
147.75
147.75
145.0
147.75
147.75
147.75
147.75
149.25
151.5
151.5
148.5
148.5
148.5
150.0
150.0
150.0
151.5
151.5
150.75
149.25
149.25
146.25
146.25
151.5
151.5
151.5
152.25
152.25
152.25
151.5
152.25
152.25
153.75
153.75
153.0
151.5
151.5
152.25
150.0
150.0
150.0
150.0
150.75
151.5
151.5
153.75
155.5
155.5
154.75
153.0
153.0
153.0
153.0
154.75
155.5
155.5
154.75
153.75
153.75
154.75
157.0
157.0
156.25
156.25
156.25
157.0
159.5
159.5
156.25
157.0
157.0
156.25
157.0
157.0
156.25
156.25
156.25
156.25
156.25
155.5
157.0
157.0
156.25
158.0
158.0
158.0
158.75
158.75
161.25
161.25
161.25
160.5
159.5
159.5
159.5
158.0
158.0
159.5
154.75
154.75
156.25
154.75
154.75
155.5
156.25
156.25
156.25
156.25
153.0
154.75
154.75
155.5
156.25
156.25
158.0
157.0
157.0
157.0
158.0
158.0
158.75
158.75
158.75
158.75
159.5
159.5
158.0
158.75
158.75
159.5
158.0
158.0
158.0
158.0
158.0
158.0
158.75
158.75
158.75
158.75
158.75
159.5
159.5
158.75
159.5
159.5
158.0
158.0
158.0
157.0
158.0
158.0
157.0
158.0
158.0
158.75
157.0
157.0
158.75
158.75
158.75
159.5
158.75
158.75
160.5
158.75
158.75
159.5
160.5
160.5
161.25
161.25
161.25
160.5
158.75
158.75
158.0
157.0
157.0
156.25
154.75
154.75
155.5
153.0
153.0
153.0
153.0
153.75
153.0
153.0
153.75
154.75
154.75
156.25
155.5
155.5
156.25
157.0
157.0
157.0
156.25
156.25
157.0
157.0
157.0
158.75
158.75
157.0
158.75
158.75
158.75
160.5
160.5
158.75
158.75
158.75
158.75
158.75
158.75
159.5
160.5
160.5
158.75
158.75
158.75
158.0
159.5
159.5
157.0
155.5
155.5
156.25
156.25
156.25
154.75
154.75
154.75
155.5
155.5
156.25
155.5
155.5
153.75
153.75
153.75
156.25
156.25
156.25
155.5
155.5
155.5
155.5
153.75
153.75
155.5
155.5
155.5
153.75
153.75
153.0
153.0
153.0
152.25
150.0
150.0
151.5
151.5
151.5
151.5
150.0
150.0
147.75
147.75
150.75
150.75
152.25
152.25
152.25
151.5
152.25
152.25
152.25
151.5
151.5
151.5
151.5
152.25
150.75
150.75
150.75
151.5
151.5
147.75
147.75
149.25
149.25
149.25
150.0
151.5
151.5
151.5
151.5
151.5
150.75
150.75
152.25
150.75
150.75
150.75
150.75
150.0
150.0
150.0
147.75
148.5
148.5
150.0
150.0
149.25
148.5
148.5
149.25
151.5
151.5
153.0
153.0
150.75
150.75
150.75
152.25
152.25
152.25
152.25
153.0
153.0
152.25
152.25
151.5
150.75
150.75
151.5
150.75
150.75
150.0
150.0
148.5
150.75
150.75
150.75
151.5
151.5
150.75
150.75
148.5
149.25
149.25
147.75
149.25
149.25
150.0
150.0
150.0
150.75
150.75
150.0
151.5
151.5
150.0
150.0
150.75
150.75
150.75
152.25
153.75
153.75
153.75
154.75
154.75
154.75
155.5
155.5
157.0
157.0
156.25
155.5
155.5
155.5
156.25
156.25
157.0
157.0
157.0
157.0
157.0
153.75
155.5
156.25
156.25
154.75
154.75
155.5
155.5
155.5
154.75
154.75
154.75
156.25
153.0
153.0
153.75
153.0
153.0
153.0
153.0
153.0
153.0
153.0
153.0
153.75
153.75
154.75
153.75
153.75
153.75
151.5
151.5
152.25
152.25
153.75
153.75
153.75
153.0
152.25
152.25
152.25
153.0
153.0
152.25
152.25
153.0
153.75
153.75
153.75
153.0
153.0
155.5
156.25
156.25
155.5
156.25
156.25
153.75
153.75
153.75
154.75
154.75
154.75
153.75
153.75
154.75
154.75
154.75
153.75
153.0
153.0
153.75
153.75
153.75
153.0
153.0
153.0
151.5
151.5
149.25
153.0
153.0
150.75
150.75
150.75
148.5
148.5
149.25
149.25
149.25
147.0
147.0
147.75
147.75
147.75
147.75
147.75
147.75
147.75
147.75
148.5
150.0
150.0
150.0
150.0
150.75
151.5
151.5
152.25
153.0
153.0
152.25
152.25
153.0
151.5
151.5
151.5
150.75
150.75
150.0
150.0
150.0
148.5
148.5
150.0
147.75
147.75
148.5
148.5
149.25
152.25
152.25
153.0
152.25
152.25
151.5
150.75
150.75
152.25
152.25
150.75
152.25
152.25
150.0
148.5
148.5
147.0
147.0
146.25
143.5
143.5
144.25
144.25
142.75
143.5
143.5
142.25
142.25
145.75
146.25
146.25
146.25
146.25
145.0
142.25
142.25
140.75
140.75
141.5
139.5
139.5
137.5
137.5
139.5
139.5
140.75
141.5
141.5
140.75
140.75
142.75
143.5
143.5
140.75
140.75
136.25
136.25
137.5
139.0
139.0
137.5
137.5
134.5
134.5
133.25
133.25
126.0
125.0
125.0
125.0
112.75
112.75
112.75
114.5
122.5
122.5
126.5
126.0
126.0
120.0
120.0
117.75
117.75
117.75
116.75
116.75
120.0
120.0
117.25
117.25
118.0
118.0
119.0
119.0
118.5
118.5
119.0
119.0
119.0
119.0
117.25
117.25
121.0
121.0
121.5
121.5
125.0
125.0
126.5
130.5
130.5
127.0
127.0
124.5
124.5
127.0
127.0
126.5
126.5
118.5
118.5
118.5
118.5
117.16666666666667
115.83333333333333
114.5
113.16666666666667
111.83333333333333
110.5
109.16666666666667
107.83333333333333
106.5
106.5
113.75
113.75
113.75
113.75
111.0
99.0
99.0
101.75
101.75
101.75
105.25
105.25
108.0
108.0
112.75
112.75
107.25
107.25
106.5
106.5
106.5
110.25
110.25
111.0
111.0
112.25
112.25
109.5
109.5
112.25
112.25
115.5
115.5
115.5
106.5
106.5
109.5
109.5
105.75
105.75
104.25
104.25
104.25
103.75
103.75
104.5
104.5
106.0
106.0
108.0
108.0
108.0
108.25
108.25
104.25
104.25
111.5
111.5
113.75
113.75
120.5
120.5
117.75
117.75
122.5
122.5
122.0
122.0
119.0
119.0
120.5
120.5
124.5
124.5
125.5
125.5
129.25
129.25
131.0
131.0
131.0
129.75
129.75
121.5
121.5
125.0
125.0
131.0
131.0
134.0
134.0
135.75
135.75
134.5
132.25
132.25
129.25
129.25
124.0
124.0
112.75
112.75
117.25
117.25
123.5
123.5
131.0
131.0
131.0
131.0
133.25
133.25
137.5
138.25
138.25
138.25
137.5
140.75
142.25
142.25
140.75
140.75
141.5
143.5
143.5
140.75
140.75
145.0
143.5
143.5
145.75
145.75
145.75
143.5
143.5
142.75
142.75
145.0
144.25
144.25
146.25
146.25
143.5
147.0
147.0
149.25
149.25
149.25
149.25
149.25
148.5
149.25
149.25
150.0
150.0
148.5
149.25
149.25
150.75
154.75
154.75
153.0
157.0
157.0
158.0
158.0
154.75
154.75
155.5
154.75
154.75
154.75
155.5
153.0
153.0
151.5
150.75
150.75
150.0
150.0
147.75
147.75
147.75
151.5
152.25
152.25
154.75
154.75
157.0
154.75
154.75
153.0
153.75
153.75
154.75
154.75
154.75
154.75
157.0
157.0
158.0
158.0
158.0
159.5
159.5
159.5
159.5
161.25
161.25
161.25
159.5
159.5
158.0
158.0
158.0
158.0
158.0
158.0
153.75
153.75
154.75
154.75
154.75
153.75
154.75
154.75
150.0
150.0
148.5
147.0
147.0
146.25
146.25
146.25
145.0
145.0
145.0
144.25
144.25
147.0
147.0
147.0
147.0
147.0
147.0
147.0
149.25
151.5
151.5
153.0
153.75
153.75
152.25
150.75
150.75
150.0
150.0
148.5
147.75
147.75
147.0
147.0
147.0
147.0
144.25
147.0
145.75
145.75
145.75
145.75
150.0
150.0
151.5
154.75
150.75
150.75
141.5
141.5
142.25
145.0
145.0
142.75
142.75
145.75
147.75
147.75
148.5
148.5
148.5
149.25
149.25
150.0
150.0
150.0
151.5
151.5
153.0
150.75
150.75
150.75
153.75
152.25
152.25
152.25
150.0
151.5
151.5
152.25
150.0
150.0
147.75
147.75
146.25
147.0
147.0
147.75
147.0
147.0
146.25
146.25
145.75
145.0
145.0
147.75
147.75
147.0
145.75
145.75
147.0
151.5
151.5
151.5
151.5
155.5
153.0
153.0
153.0
150.0
150.0
150.0
150.0
145.75
146.25
146.25
145.75
145.75
144.25
144.25
145.75
145.75
145.75
137.0
142.25
142.25
145.0
145.0
145.75
150.0
150.0
150.0
153.75
153.0
153.0
151.5
151.5
152.25
152.25
152.25
149.25
149.25
149.25
147.75
147.75
147.75
147.75
148.5
146.25
146.25
145.75
145.75
145.75
145.0
145.0
146.25
146.25
145.75
145.75
145.75
147.0
147.0
144.25
142.25
142.25
143.5
143.5
147.0
148.5
148.5
150.75
147.75
147.75
141.5
141.5
137.5
137.5
135.25
137.5
137.5
136.25
136.25
138.25
138.25
138.25
138.25
138.25
134.5
134.5
134.5
134.5
137.0
137.5
137.5
140.25
140.25
145.0
145.0
145.0
146.25
146.25
146.25
147.0
147.0
145.0
145.0
140.75
138.25
138.25
135.25
135.25
130.5
130.5
128.25
128.25
127.0
127.0
130.5
131.0
131.0
129.75
129.75
134.5
134.5
134.0
134.0
136.25
131.5
131.5
132.75
132.75
132.75
131.0
134.5
134.5
134.5
133.25
136.25
137.0
137.0
140.75
140.75
139.0
137.5
137.5
143.5
143.5
143.5
147.0
149.25
148.5
148.5
145.75
145.75
145.75
143.5
143.5
142.25
143.5
143.5
143.5
143.5
140.25
140.25
139.5
137.0
137.0
137.0
137.0
135.75
133.25
133.25
135.25
135.25
136.25
136.25
129.75
129.75
128.75
128.75
135.75
135.75
135.75
140.25
140.25
139.5
137.5
137.5
137.0
137.0
139.0
139.0
138.25
139.0
139.0
138.25
138.25
141.5
141.5
141.5
141.5
141.5
140.75
140.75
136.25
137.5
137.5
132.75
132.75
134.0
134.0
132.75
132.75
133.25
131.5
131.5
133.25
133.25
129.75
129.75
129.75
129.75
131.0
132.25
132.25
134.0
134.0
136.25
136.25
140.25
140.75
140.75
140.75
140.75
141.5
141.5
140.75
136.25
136.25
133.25
133.25
138.25
138.25
142.25
147.0
147.0
150.0
149.25
149.25
149.25
149.25
150.75
147.0
147.0
148.5
147.75
147.75
146.25
146.25
145.0
145.0
136.3125
127.625
118.9375
110.25
121.0
121.0
129.75
129.75
136.25
140.25
140.25
145.0
145.0
144.25
145.0
145.0
145.0
145.0
143.5
141.5
141.5
140.75
140.75
139.0
144.25
144.25
144.25
144.25
144.25
145.75
145.75
147.75
147.75
150.0
151.5
151.5
154.75
153.0
153.0
155.5
152.25
152.25
153.0
153.0
152.25
151.5
151.5
152.25
153.75
153.75
155.5
155.5
155.5
155.5
155.5
155.5
153.75
153.75
153.0
150.75
150.75
149.25
147.0
147.0
149.25
149.25
151.5
154.75
154.75
155.5
155.5
155.5
156.25
157.0
157.0
158.0
158.75
158.75
158.75
160.5
160.5
158.0
154.75
154.75
153.75
153.75
150.0
150.0
150.0
147.75
147.75
147.0
148.5
148.5
147.75
146.25
146.25
150.75
150.75
147.75
148.5
148.5
150.75
149.25
149.25
150.75
150.75
153.75
153.75
153.75
154.75
155.5
155.5
152.25
157.0
157.0
155.5
155.5
155.5
155.5
155.5
155.5
156.25
156.25
156.25
156.25
156.25
158.75
158.0
158.0
157.0
155.5
155.5
153.0
154.75
154.75
156.25
157.0
157.0
157.0
157.0
157.0
158.0
158.0
158.0
158.0
158.0
159.5
158.0
158.0
157.0
159.5
159.5
157.0
159.5
159.5
161.25
159.8170731707317
158.3841463414634
156.9512195121951
155.51829268292684
154.08536585365854
152.65243902439025
151.21951219512195
149.78658536585365
148.35365853658536
146.92073170731706
145.4878048780488
144.0548780487805
142.6219512195122
141.1890243902439
139.7560975609756
138.3231707317073
136.89024390243904
135.45731707317074
134.02439024390245
132.59146341463415
131.15853658536585
129.72560975609755
128.29268292682926
126.85975609756098
125.42682926829268
123.9939024390244
122.5609756097561
121.1280487804878
119.69512195121952
118.26219512195122
116.82926829268293
115.39634146341464
113.96341463414635
112.53048780487805
111.09756097560975
109.66463414634147
108.23170731707317
106.79878048780488
105.3658536585366
103.9329268292683
102.5
102.5
112.0
112.0
122.5
122.5
134.5
134.5
140.75
145.0
145.0
145.0
145.0
145.0
144.890625
144.78125
144.671875
144.5625
144.453125
144.34375
144.234375
144.125
144.015625
143.90625
143.796875
143.6875
143.578125
143.46875
143.359375
143.25
143.140625
143.03125
142.921875
142.8125
142.703125
142.59375
142.484375
142.375
142.265625
142.15625
142.046875
141.9375
141.828125
141.71875
141.609375
141.5
145.75
145.75
150.75
150.75
152.25
152.25
152.25
152.25
150.0
150.0
148.5
148.5
147.75
148.5
148.5
148.5
149.25
149.25
146.25
146.25
143.5
140.25
140.25
139.0
139.0
128.25
128.25
120.625
113.0
105.375
97.75
97.75
102.0
102.0
102.0
102.75
102.75
92.25
92.25
92.25
89.25
89.25
91.25
91.25
91.25
89.75
89.75
89.75
93.75
93.75
91.5
91.5
91.5
93.5
93.5
94.75
94.75
94.75
98.25
98.25
105.75
105.75
103.0
103.0
103.0
104.25
104.25
110.25
110.25
118.5
118.5
124.0
124.0
126.0
126.0
128.75
133.25
133.25
134.0
134.0
136.25
136.25
137.0
137.0
138.25
135.75
135.75
137.5
137.5
142.75
146.25
146.25
148.5
148.5
150.75
153.0
153.0
153.75
153.75
153.75
154.75
156.25
156.25
158.75
158.0
158.0
160.5
159.5
159.5
159.5
161.25
161.25
160.5
155.5
155.5
153.0
153.0
148.5
148.5
148.5
147.75
149.25
149.25
148.5
148.5
147.0
146.25
146.25
149.25
149.25
148.5
149.25
149.25
149.25
150.75
150.75
150.75
150.75
148.5
149.25
149.25
151.5
149.25
149.25
150.0
150.0
152.25
150.75
150.75
142.75
142.75
140.25
129.75
129.75
129.25
129.25
131.0
131.0
130.5
130.5
129.25
129.25
128.25
128.75
128.75
127.75
127.75
122.5
122.5
122.5
122.5
123.0
123.0
117.75
117.75
116.75
116.75
116.75
116.75
115.5
115.5
115.5
114.5
114.5
112.25
112.25
118.0
118.0
93.0
93.0
93.0
104.25
104.25
111.5
111.5
118.0
118.0
122.0
122.0
121.5
121.5
122.5
122.5
121.0
121.0
118.0
118.0
110.25
110.25
106.0
106.0
105.0
105.0
105.0
93.0
93.0
100.25
100.25
100.25
102.75
102.75
107.25
107.25
107.25
100.875
94.5
88.125
81.75
81.75
81.75
92.5
92.5
97.0
97.0
99.0
99.0
99.0
94.75
94.75
94.75
84.25
84.25
84.25
86.75
86.75
95.25
95.25
95.25
96.5
96.5
100.25
100.25
103.5
103.5
109.5
109.5
109.5
111.0
111.0
109.5
109.5
101.75
101.75
101.75
94.75
94.75
95.5
95.5
95.5
99.75
99.75
99.75
102.0
107.25
107.25
107.25
106.0
106.0
103.0
103.0
102.0
102.0
105.25
105.25
105.25
108.75
108.75
108.75
108.75
108.0
108.0
107.25
107.25
107.25
107.5
107.5
112.0
112.0
115.0
115.0
122.5
122.5
123.5
123.5
122.0
122.0
122.5
122.5
114.5
114.5
99.0
99.0
99.0
102.0
102.0
103.0
103.0
106.5
106.5
107.5
107.5
107.5
109.5
109.5
119.0
123.0
123.0
125.5
125.5
125.0
125.0
119.5
119.5
116.25
116.25
115.0
115.0
115.0
112.0
112.0
113.75
113.75
122.5
122.5
130.5
132.75
132.75
129.25
129.25
128.25
128.25
125.5
125.5
126.0
126.0
137.5
137.5
114.5
115.25757575757575
116.01515151515152
116.77272727272727
117.53030303030303
118.28787878787878
119.04545454545455
119.8030303030303
120.56060606060606
121.31818181818181
122.07575757575758
122.83333333333333
123.5909090909091
124.34848484848484
125.10606060606061
125.86363636363636
126.62121212121212
127.37878787878788
128.13636363636363
128.8939393939394
129.65151515151516
130.4090909090909
131.16666666666666
131.92424242424244
132.6818181818182
133.43939393939394
134.1969696969697
134.95454545454547
135.71212121212122
136.46969696969697
137.22727272727272
137.9848484848485
138.74242424242425
139.5
139.5
144.25
145.75
145.75
142.75
142.75
145.0
142.75
142.75
142.75
142.75
140.75
140.25
140.25
136.25
136.25
136.25
136.25
137.0
135.75
135.75
131.5
131.5
137.5
137.5
137.5
137.5
137.5
137.5
139.0
142.25
142.25
139.0
142.25
142.25
148.5
148.5
147.75
147.0
147.0
145.0
145.0
147.0
146.25
146.25
144.25
144.25
140.25
141.5
141.5
140.25
140.25
142.25
142.25
142.25
142.75
142.75
140.75
140.75
140.75
140.75
140.75
140.75
142.75
142.25
141.5
141.5
140.25
140.25
137.0
137.0
135.75
129.25
129.25
127.75
127.75
132.75
132.75
135.75
135.75
137.0
135.75
135.75
134.0
134.0
132.75
132.75
133.25
133.25
134.0
129.25
129.25
131.0
131.0
131.0
132.75
135.25
135.25
129.25
129.25
128.3586956521739
127.46739130434783
126.57608695652173
125.68478260869566
124.79347826086956
123.90217391304348
123.01086956521739
122.11956521739131
121.22826086956522
120.33695652173913
119.44565217391305
118.55434782608695
117.66304347826087
116.77173913043478
115.8804347826087
114.98913043478261
114.09782608695652
113.20652173913044
112.31521739130434
111.42391304347827
110.53260869565217
109.6413043478261
108.75
108.75
118.0
118.0
122.0
122.0
122.5
122.5
122.5
122.5
117.75
117.75
111.0
111.0
114.0
114.0
117.75
117.75
121.5
121.5
125.5
125.5
128.75
128.75
129.75
129.75
131.5
131.5
131.5
131.5
127.0
127.75
127.75
126.0
126.0
123.5
123.5
121.5
121.5
113.25
113.25
113.25
108.0
108.0
111.5
111.5
108.0
108.0
110.0
110.0
115.75
115.75
118.5
118.5
125.0
125.0
126.5
126.5
125.0
125.0
123.5
123.5
124.0
124.0
124.0
124.0
125.5
125.5
128.75
131.0
131.0
127.75
127.75
126.0
126.0
120.5
120.5
120.0
120.0
121.5
121.5
127.0
127.0
129.75
129.75
131.5
131.5
133.25
133.25
134.5
134.0
134.0
134.0
134.0
131.0
131.0
129.25
129.25
128.25
128.75
128.75
126.5
126.5
125.0
125.0
120.0
120.0
119.5
119.5
115.75
115.75
113.25
113.25
115.0
115.0
115.0
113.75
113.75
107.25
107.25
107.25
86.0
86.0
86.0
74.75
74.75
90.0
90.0
90.0
104.25
104.25
114.5
114.5
119.5
119.5
116.75
116.75
109.5
109.5
105.0
105.0
105.0
102.0
102.0
102.0
86.75
86.75
87.75
87.75
87.75
82.75
82.75
82.75
80.75
80.75
80.75
83.5
83.5
83.5
89.0
89.0
96.5
96.5
96.5
99.0
99.0
100.0
100.0
100.0
96.75
96.75
97.5
97.5
98.75
98.75
98.75
98.75
92.5
92.5
91.75
91.75
91.5
91.5
91.5
91.5
86.5
86.5
87.0
87.0
91.5
91.5
91.5
96.25
96.25
97.5
97.5
97.5
79.25
79.25
79.25
86.0
86.0
86.0
90.25
90.25
92.5
92.5
92.5
92.5
95.75
99.0
99.0
99.0
96.5
96.5
95.75
95.75
95.75
95.5
95.5
99.0
99.0
99.0
101.25
101.25
103.0
103.0
101.0
101.0
101.0
86.25
86.25
86.25
92.25
92.25
95.0
95.0
95.0
100.25
100.25
104.5
104.5
108.0
108.0
105.75
105.75
105.75
104.5
104.5
104.5
104.5
104.5
100.4375
96.375
92.3125
88.25
88.25
95.75
95.75
95.75
100.0
100.0
104.5
104.5
109.5
109.5
111.5
111.5
111.5
111.0
111.0
111.5
111.5
108.25
108.25
107.25
107.25
111.0
111.0
114.5
114.5
120.5
120.5
120.5
120.5
123.0
123.0
121.5
121.5
125.0
125.0
128.75
128.75
133.25
133.25
133.25
133.25
135.75
137.5
137.5
137.0
137.0
137.5
137.5
137.0
137.5
137.5
135.25
135.25
137.0
137.0
134.0
132.75
132.75
130.5
130.5
131.5
131.5
131.5
131.5
127.0
127.0
115.75
115.75
108.25
108.25
119.0
119.0
126.0
126.0
134.0
134.0
134.0
133.25
133.25
134.0
134.0
135.75
135.75
139.0
140.25
140.25
140.25
140.25
137.0
137.0
139.0
137.5
137.5
137.5
137.5
138.25
138.25
139.5
144.25
144.25
144.25
144.25
145.75
142.75
142.75
144.25
144.25
144.25
144.25
145.75
145.0
145.0
142.25
145.75
145.75
145.75
145.0
145.0
143.5
143.5
140.75
140.75
137.5
136.25
136.25
134.0
134.0
135.75
135.75
136.25
134.5
134.5
134.0
134.0
135.25
135.25
135.75
135.75
136.25
125.5
125.5
125.5
115.75
115.75
110.25
110.25
110.0
110.0
118.5
118.5
128.75
128.75
132.75
132.75
119.5
119.5
109.0
109.0
115.5
115.5
121.5
121.5
133.25
139.0
139.0
145.0
145.0
142.25
139.5
139.5
132.75
132.75
131.0
131.0
127.0
127.0
124.0
124.0
110.75
110.75
110.75
95.75
95.75
93.5
93.5
93.5
97.75
97.75
104.5
104.5
112.0
112.0
112.0
120.5
128.25
128.25
130.5
130.5
129.25
128.75
128.75
131.0
131.0
133.25
133.25
135.25
135.25
138.25
136.25
136.25
140.25
140.25
139.0
139.0
139.5
141.5
141.5
139.5
139.5
139.5
134.5
134.5
130.5
130.5
129.75
129.75
131.0
131.0
134.0
134.0
135.25
139.0
139.0
138.25
138.25
137.0
137.0
130.5
130.5
117.75
117.75
102.0
102.0
108.75
108.75
115.75
115.75
122.5
122.5
125.5
125.5
130.5
130.5
129.25
129.25
131.0
131.0
126.0
127.0
127.0
131.5
131.5
131.5
131.5
133.25
133.25
129.25
129.25
125.0
125.0
120.5
120.5
116.25
116.25
109.5
109.5
110.25
110.25
116.75
116.75
124.0
124.0
129.25
129.25
127.0
127.0
124.0
124.0
115.0
106.0
97.0
88.0
88.0
88.0
99.0
99.0
109.5
109.5
119.0
119.0
121.5
121.5
126.0
126.0
125.5
128.25
128.25
129.25
129.25
130.5
130.5
129.75
129.75
132.25
132.25
132.25
135.75
135.75
134.5
134.5
128.75
128.75
123.5
123.5
123.5
113.6875
103.875
94.0625
84.25
84.25
92.25
92.25
92.25
100.0
100.0
106.0
106.0
112.0
112.0
113.75
113.75
118.0
118.0
124.0
124.0
129.25
129.25
132.25
132.25
132.25
135.25
135.25
133.25
133.25
134.0
134.0
136.25
136.25
137.5
139.5
139.5
141.5
141.5
143.5
143.5
145.75
146.25
146.25
146.25
144.25
144.25
140.25
140.25
120.0
120.0
112.75
112.75
115.5
115.5
123.5
123.5
129.75
129.75
133.25
135.75
135.75
133.25
133.25
132.75
132.75
133.25
133.25
132.25
132.25
130.5
132.75
132.75
135.25
135.25
137.5
137.5
140.25
141.5
141.5
147.0
147.0
147.75
148.5
148.5
150.75
150.75
150.75
150.75
150.75
151.5
148.5
148.5
147.0
140.75
140.75
138.25
138.25
130.5
130.5
134.0
134.0
139.0
140.75
140.75
142.75
142.75
144.25
144.25
148.5
148.5
149.25
149.25
150.75
150.75
147.75
147.75
150.0
151.5
146.25
146.25
134.5
134.5
140.75
140.75
142.75
146.25
146.25
145.75
145.75
147.0
150.0
150.0
153.0
154.75
154.75
153.75
151.5
151.5
152.25
152.25
151.5
150.0
150.0
150.0
148.5
147.0
146.25
146.25
146.25
145.0
145.0
146.25
146.25
145.75
145.75
145.75
143.5
143.5
144.25
144.25
144.25
144.25
144.25
145.0
142.75
142.75
143.5
143.5
143.5
142.75
142.75
140.25
140.25
135.75
135.75
139.0
139.5
139.5
141.5
141.5
142.75
142.75
142.75
142.25
142.25
142.75
144.25
144.25
144.25
144.25
145.75
145.0
145.0
145.75
145.75
143.5
143.5
143.5
140.75
140.75
142.25
140.25
140.25
137.0
137.0
129.75
129.75
129.75
129.75
135.25
137.5
137.5
139.5
139.5
140.75
140.75
140.25
140.75
140.75
139.0
139.0
133.25
133.25
132.75
132.25
132.25
135.25
135.25
137.5
137.5
139.0
139.5
139.5
137.5
137.5
135.75
135.75
132.25
132.25
130.5
129.25
129.25
127.0
127.0
131.0
131.0
132.75
132.75
134.5
134.5
134.5
137.0
137.0
137.5
137.5
138.25
139.0
139.0
141.5
141.5
140.75
140.75
138.25
137.0
137.0
133.25
133.25
135.75
135.75
134.5
134.5
134.5
136.25
136.25
134.5
134.5
134.5
134.5
135.75
135.25
135.25
123.5
123.5
122.0
122.0
125.0
125.0
131.0
131.0
137.0
137.0
137.0
136.25
136.25
133.25
133.25
139.0
139.0
138.25
141.5
141.5
141.5
141.5
143.5
143.5
143.5
144.25
144.25
145.75
145.75
145.75
145.75
145.75
145.75
145.0
145.0
143.5
145.0
145.0
143.5
143.5
140.25
140.25
139.0
138.25
138.25
136.25
136.25
137.0
137.0
137.5
139.0
139.0
138.25
138.25
139.5
139.5
138.25
138.25
138.25
134.0
134.0
133.25
133.25
131.5
131.5
127.75
127.75
127.0
130.5
130.5
134.5
134.5
136.25
136.25
135.75
137.5
137.5
137.0
137.0
137.5
137.5
137.5
137.5
140.25
139.5
139.5
139.5
136.25
136.25
134.5
134.5
133.25
133.25
128.25
128.25
120.0
120.0
112.75
112.75
115.0
115.0
123.0
123.0
127.75
127.75
129.75
129.75
131.0
132.25
132.25
133.25
133.25
131.0
131.0
129.25
129.25
129.75
129.75
125.5
125.5
104.5
104.5
98.0
98.0
98.0
102.5
102.5
96.25
96.25
96.25
99.75
99.75
111.0
111.0
119.5
119.5
125.5
125.5
133.25
137.5
137.5
138.25
138.25
137.0
137.0
137.5
137.5
137.5
134.5
134.5
133.25
133.25
131.0
131.0
133.25
135.75
135.75
136.25
136.25
136.25
136.25
137.0
136.25
136.25
137.5
137.5
137.5
139.5
134.5
132.75
132.75
132.25
132.25
131.5
131.5
134.0
134.0
132.25
129.75
129.75
131.0
131.0
132.75
132.75
131.5
131.5
125.0
125.0
117.75
117.75
121.0
121.0
127.75
127.75
132.25
134.5
134.5
139.5
139.5
144.25
145.0
145.0
143.5
143.5
145.75
147.75
147.75
147.75
147.75
149.25
149.25
152.25
150.75
146.25
146.25
147.75
147.75
150.0
152.25
152.25
151.5
152.25
152.25
150.75
150.75
150.75
150.75
150.75
152.25
152.25
152.25
148.5
148.5
147.0
147.0
147.0
147.0
147.75
147.75
146.25
146.25
149.25
147.75
147.75
147.0
147.0
142.75
145.0
145.0
142.75
142.75
145.0
145.75
145.75
147.75
149.25
149.25
150.0
150.0
149.25
149.25
149.25
150.75
150.75
150.75
150.75
150.75
151.5
151.5
151.5
153.75
154.75
154.75
155.5
154.75
154.75
154.75
154.75
155.5
156.25
156.25
158.0
159.5
159.5
157.0
157.0
157.0
155.5
155.5
155.5
157.0
154.75
154.75
153.75
152.25
152.25
154.75
154.75
154.75
153.75
153.75
153.75
154.75
154.75
154.75
157.0
157.0
157.0
155.5
155.5
157.0
158.75
158.75
159.5
158.75
158.75
156.25
159.5
159.5
159.5
159.5
159.5
159.5
161.25
161.25
161.25
161.25
161.25
162.25
163.0
163.0
162.25
163.0
163.0
162.25
162.25
162.25
162.25
163.0
163.0
164.0
163.0
163.0
163.0
164.75
164.75
162.25
164.0
164.0
164.0
163.0
163.0
162.25
160.5
160.5
159.5
158.0
158.0
157.0
158.75
158.75
158.75
158.75
157.0
158.0
157.0
157.0
158.0
158.0
158.0
158.75
154.75
154.75
151.5
153.0
153.0
153.75
153.75
150.75
150.0
150.0
150.0
148.5
148.5
150.75
150.75
151.5
152.25
152.25
153.0
154.75
154.75
155.5
155.5
155.5
157.0
156.25
156.25
156.25
155.5
154.75
153.75
153.75
153.0
151.5
151.5
147.75
145.0
145.0
147.75
147.75
147.75
150.0
150.0
148.5
148.5
147.75
146.25
146.25
146.25
147.0
147.0
147.75
147.75
147.0
148.5
148.5
148.5
148.5
146.25
146.25
146.25
147.75
147.75
146.25
147.0
147.0
145.75
145.75
145.75
145.0
145.0
145.75
144.25
144.25
142.75
142.75
141.5
141.5
139.0
140.75
140.75
142.25
142.25
142.75
146.25
146.25
147.75
148.5
148.5
146.25
146.25
145.0
143.5
143.5
144.25
144.25
143.5
142.75
142.75
135.25
135.25
131.0
131.0
135.25
135.25
140.25
142.75
142.75
147.0
148.5
148.5
148.5
148.5
151.5
150.75
150.75
150.75
150.0
150.0
150.0
150.0
147.0
145.0
145.0
142.75
142.75
141.5
139.5
139.5
140.75
140.75
142.75
145.75
145.75
146.25
146.25
147.75
145.75
145.75
146.25
146.25
145.75
147.0
147.0
149.25
149.25
149.25
148.5
148.5
147.0
144.25
144.25
145.75
145.75
145.75
147.0
147.0
146.25
146.25
146.25
145.0
145.0
142.75
142.75
139.0
139.0
131.5
131.0
131.0
135.25
135.25
135.75
135.75
137.5
139.5
139.5
139.5
139.5
140.75
141.5
141.5
144.25
144.25
145.0
145.0
141.5
135.75
135.75
135.75
135.75
133.25
133.25
134.5
136.25
136.25
135.75
135.75
136.25
136.25
136.25
134.0
134.0
135.25
135.25
136.25
136.25
139.5
139.0
139.0
137.5
137.5
129.25
129.25
115.75
115.75
115.0
115.0
118.5
118.5
125.0
125.0
126.5
126.5
125.5
125.5
124.0
124.0
122.5
122.5
119.5
119.5
119.5
115.5
115.5
115.5
120.0
120.0
129.25
129.25
132.25
132.25
132.75
130.5
130.5
125.5
125.5
132.75
132.75
134.5
134.5
132.25
134.0
134.0
134.0
134.0
127.75
127.75
125.5
125.5
121.5
121.5
121.5
121.5
121.5
121.5
119.0
119.0
122.0
122.0
124.5
124.5
124.5
126.0
126.5
126.5
126.0
126.0
126.0
126.0
126.0
125.5
125.5
128.75
128.75
129.25
129.25
130.5
130.5
133.25
133.25
132.75
134.5
134.5
132.75
132.75
120.0
120.0
126.5
126.5
126.5
132.75
137.0
140.75
140.75
143.5
143.5
142.75
142.75
144.25
142.75
142.75
142.75
142.75
142.75
139.5
139.5
134.0
134.0
128.25
128.25
132.75
135.75
135.75
138.25
138.25
140.25
139.5
139.5
139.0
139.0
140.25
140.25
140.25
139.0
139.0
140.75
140.75
140.75
138.25
138.25
139.0
139.0
134.5
134.5
125.5
125.5
113.75
113.75
113.75
113.75
118.0
118.0
128.75
128.75
133.25
133.25
128.25
128.25
118.375
108.5
98.625
88.75
88.75
88.75
83.75
83.75
83.75
88.0
88.0
92.5
92.5
106.0
106.0
116.75
116.75
123.0
123.0
129.25
129.25
134.0
134.0
138.25
142.25
142.25
141.5
141.5
144.25
146.25
146.25
146.34375
146.4375
146.53125
146.625
146.71875
146.8125
146.90625
147.0
147.09375
147.1875
147.28125
147.375
147.46875
147.5625
147.65625
147.75
146.25
146.25
147.0
146.25
146.25
145.75
145.75
142.25
143.5
143.5
140.75
140.75
143.5
143.5
139.0
140.75
140.75
140.25
140.25
143.5
145.0
145.0
147.75
147.75
148.5
147.75
147.75
151.5
151.5
151.5
153.0
153.75
153.75
153.75
153.75
156.25
156.25
156.25
158.75
158.75
158.75
159.5
159.5
159.5
160.5
158.75
158.75
159.5
160.5
160.5
160.5
156.25
157.0
156.25
156.25
156.25
152.25
153.0
153.0
150.75
150.75
147.75
147.75
147.75
150.75
152.25
152.25
153.75
153.75
153.75
154.75
154.75
157.0
156.25
156.25
154.75
153.75
153.75
156.25
156.25
156.25
157.0
157.0
157.0
158.75
158.75
158.75
158.0
158.75
158.75
159.5
159.5
159.5
158.75
160.5
160.5
158.0
158.0
158.0
157.0
155.5
154.75
154.75
153.75
153.0
150.75
150.75
151.5
151.5
153.0
151.5
151.5
153.0
155.5
155.5
156.25
156.25
156.25
158.0
159.5
159.5
159.5
159.5
159.5
158.0
158.0
158.0
158.75
159.5
159.5
156.25
158.0
158.0
158.75
158.0
158.0
159.5
159.5
159.5
158.0
158.75
158.75
158.75
156.25
155.5
143.5
143.5
164.0
150.0
150.0
147.75
147.75
148.5
150.75
150.75
153.0
155.5
155.5
156.25
155.5
155.5
156.25
155.5
155.5
156.25
154.75
154.75
153.75
153.75
152.25
150.75
150.75
150.0
150.0
150.0
148.5
148.5
150.75
149.25
149.25
149.25
146.25
146.25
147.75
147.75
146.25
144.25
144.25
145.0
145.0
145.0
143.5
143.5
145.75
145.75
144.25
146.25
146.25
146.25
146.25
145.75
145.0
145.0
144.25
144.25
145.0
145.75
145.75
147.0
147.0
148.5
148.5
148.5
146.25
145.75
145.75
142.75
142.75
142.75
137.0
137.5
139.5
139.5
140.25
140.25
140.75
142.25
142.25
147.0
147.0
146.25
148.5
148.5
149.25
149.25
148.5
147.75
147.75
146.25
147.0
147.0
146.25
146.25
140.25
140.25
134.5
135.75
135.75
136.25
136.25
137.5
137.5
139.5
140.25
140.25
142.75
142.75
142.75
145.75
145.75
146.25
146.25
147.0
148.5
148.5
147.0
147.0
147.0
144.25
144.25
137.0
137.0
120.0
120.0
121.5
121.5
127.75
127.75
131.0
132.75
132.75
137.0
137.0
137.5
137.5
134.0
129.25
129.25
131.0
131.0
131.0
135.25
138.25
138.25
138.25
141.5
141.5
140.25
140.25
139.5
142.25
142.25
140.75
140.75
140.25
140.25
140.25
140.25
140.25
139.5
139.5
137.0
135.75
135.75
135.25
135.25
132.75
132.75
128.25
128.25
127.0
127.0
127.0
127.75
125.0
127.75
127.75
125.5
125.5
123.0
123.0
126.5
126.5
123.5
123.5
125.0
125.0
125.5
125.5
117.75
117.75
101.0
101.0
101.0
98.25
98.25
108.0
108.0
122.0
122.0
130.5
130.5
136.25
139.5
139.5
138.25
138.25
136.25
136.25
137.0
136.25
136.25
133.25
133.25
133.25
133.25
132.75
132.75
132.75
135.25
135.25
132.25
132.25
134.0
134.0
137.0
137.0
137.0
136.25
136.25
139.5
139.5
135.25
135.25
135.75
136.25
136.25
137.0
137.0
134.0
134.0
131.5
131.5
129.75
133.25
133.25
135.75
135.75
134.0
134.0
136.25
135.75
135.75
135.75
135.75
142.25
142.25
142.25
143.5
143.5
143.5
143.5
140.75
141.5
141.5
139.5
139.5
140.25
140.25
140.25
140.25
140.25
142.25
144.25
144.25
145.0
145.0
146.25
144.25
144.25
147.75
147.75
146.25
145.75
145.75
145.75
145.75
144.25
144.25
144.25
144.25
144.25
144.25
144.25
144.25
145.0
145.0
147.0
145.0
145.0
145.75
145.75
146.25
147.75
147.75
149.25
150.0
150.0
150.0
150.0
150.0
150.0
150.0
150.0
150.0
150.0
150.0
150.0
147.75
148.5
148.5
149.25
147.75
147.75
148.5
148.5
149.25
151.5
151.5
151.5
151.5
151.5
150.0
150.0
149.25
148.5
148.5
145.0
145.0
146.25
147.75
147.75
148.5
149.25
149.25
149.25
149.25
149.25
149.25
149.25
150.75
150.75
150.75
150.0
150.0
149.25
151.5
151.5
152.25
151.5
151.5
151.5
151.5
150.0
150.75
150.75
150.75
149.25
149.25
150.0
150.0
143.5
146.25
146.25
147.75
151.5
151.5
153.0
153.0
153.0
153.75
153.75
154.75
153.0
153.0
154.75
154.75
154.75
155.5
155.5
155.5
155.5
155.5
154.75
155.5
155.5
154.75
153.75
153.75
152.25
150.75
150.75
149.25
149.25
150.0
150.75
150.75
151.5
152.25
152.25
154.75
153.0
153.0
153.75
153.75
152.25
150.75
150.75
150.0
151.5
151.5
152.25
152.25
153.0
153.0
153.0
153.0
153.75
153.75
152.25
153.0
153.0
153.0
154.75
154.75
156.25
156.25
156.25
156.25
156.25
156.25
156.25
156.25
155.5
155.5
155.5
153.75
151.5
151.5
151.5
151.5
150.0
147.0
147.0
135.75
135.75
136.25
140.25
140.25
143.5
143.5
146.25
144.25
144.25
143.5
143.5
143.5
144.25
144.25
142.75
142.75
140.75
140.75
138.25
139.0
139.0
140.75
140.75
140.75
140.75
131.5
134.0
134.0
137.5
137.5
141.5
142.75
142.75
142.75
142.75
143.5
142.75
142.75
141.5
141.5
142.75
142.75
143.5
142.25
142.25
144.25
144.25
143.5
138.25
138.25
140.25
140.25
139.5
140.25
140.25
142.25
142.25
142.25
141.5
141.5
140.25
140.25
139.0
139.0
130.5
130.5
127.75
133.25
133.25
136.25
136.25
139.0
139.0
138.25
139.0
139.0
140.25
140.25
139.5
139.5
142.75
142.75
143.5
143.5
143.5
144.25
143.5
143.5
141.5
141.5
137.0
137.5
137.5
142.75
142.75
145.0
147.75
147.75
147.75
147.75
151.5
151.5
151.5
152.25
150.75
150.75
139.5
139.5
139.5
144.25
144.25
146.25
146.25
150.0
151.5
151.5
153.0
153.75
153.75
153.75
153.75
153.75
152.25
152.25
153.0
153.0
153.0
155.5
154.75
154.75
154.75
152.25
152.25
147.0
147.0
144.25
145.0
145.0
145.75
145.75
147.0
149.25
148.3203125
147.390625
146.4609375
145.53125
144.6015625
143.671875
142.7421875
141.8125
140.8828125
139.953125
139.0234375
138.09375
137.1640625
136.234375
135.3046875
134.375
133.4453125
132.515625
131.5859375
130.65625
129.7265625
128.796875
127.8671875
126.9375
126.0078125
125.078125
124.1484375
123.21875
122.2890625
121.359375
120.4296875
119.5
119.5
111.5
111.5
111.5
111.5
111.5
116.75
116.75
126.5
128.25
128.25
123.5
123.5
143.5
143.5
132.25
132.25
134.5
131.0
131.0
131.5
131.5
134.5
134.5
128.25
128.25
150.75
132.75
132.75
131.5
131.5
131.0
131.0
135.75
135.75
137.0
137.5
137.5
139.5
139.5
139.5
140.25
140.25
139.0
139.0
134.0
134.0
134.5
135.25
135.25
132.75
132.75
131.5
131.5
126.5
126.5
125.5
125.5
127.75
127.75
130.5
132.75
132.75
132.25
132.25
131.5
131.5
133.25
133.25
134.0
134.5
134.5
136.25
136.25
135.25
135.25
137.0
137.0
137.0
140.25
140.25
141.5
141.5
142.75
144.25
144.25
145.75
145.75
141.5
142.25
142.25
138.25
138.25
135.25
135.25
139.0
141.5
141.5
144.25
144.25
146.25
146.25
146.25
145.75
146.25
146.25
147.75
147.75
147.75
146.25
146.25
146.25
146.25
147.0
142.75
142.75
146.25
146.25
148.5
145.75
145.75
143.5
143.5
145.75
147.0
147.0
142.75
142.75
142.75
142.75
142.75
142.75
142.75
147.75
150.75
150.75
150.0
150.75
150.75
152.25
151.5
151.5
151.5
151.5
148.5
147.0
147.0
146.25
146.25
143.5
144.25
144.25
142.25
142.25
142.75
143.5
143.5
145.75
145.75
146.25
149.25
149.25
152.25
150.75
150.75
150.75
155.5
155.5
155.5
155.5
158.0
154.75
154.75
157.0
155.5
155.5
155.5
153.75
153.75
152.25
151.5
151.5
149.25
149.25
145.0
142.25
142.25
142.25
142.25
142.25
145.75
145.75
146.25
146.25
146.25
145.75
145.75
145.75
145.75
143.5
140.75
140.75
141.5
141.5
147.75
148.5
148.5
149.25
149.25
150.75
151.5
151.5
150.0
150.0
150.0
150.0
150.0
147.0
146.25
146.25
145.75
146.25
146.25
146.25
146.25
146.25
142.25
142.25
144.25
144.25
140.25
140.25
140.25
131.0
131.0
131.0
123.0
123.5
123.5
129.75
129.75
136.25
136.25
140.75
145.0
145.0
147.0
147.0
145.75
146.25
146.25
145.75
147.0
147.0
145.75
145.75
145.0
144.25
144.25
140.75
140.75
139.5
142.75
142.75
147.0
147.0
150.0
150.0
150.0
150.0
150.0
150.0
150.0
147.75
149.25
153.0
153.0
151.5
151.5
143.5
140.75
140.75
139.0
139.0
139.0
140.75
140.75
140.75
140.25
142.25
142.25
142.25
142.25
139.5
138.25
138.25
139.0
140.75
140.75
140.75
140.75
141.5
141.5
138.25
140.25
140.25
142.25
142.25
142.25
141.5
141.5
139.5
139.5
137.0
137.0
135.75
129.25
129.25
127.75
127.75
133.25
133.25
137.5
137.5
139.5
139.5
139.5
141.5
141.5
142.75
146.25
146.25
145.75
145.75
145.75
145.75
145.75
144.25
144.25
142.75
142.75
142.75
143.5
143.5
142.75
140.25
140.25
142.25
142.25
142.25
144.25
144.25
140.25
140.25
143.5
141.5
141.5
139.5
139.5
138.25
138.25
140.75
141.5
141.5
142.25
142.25
140.25
139.0
139.0
140.75
140.75
139.5
139.5
139.5
131.5
131.5
123.0
123.0
115.75
115.75
115.75
115.75
115.75
103.5
103.5
106.5
106.5
116.25
116.25
124.0
124.0
128.75
128.75
132.25
132.25
131.5
133.25
133.25
136.25
136.25
138.25
138.25
135.75
131.0
131.0
126.5
126.5
123.5
123.5
121.0
121.0
118.5
118.5
126.0
124.55
123.1
121.65
120.2
118.75
117.3
115.85
114.4
112.95
111.5
110.05
108.6
107.15
105.7
104.25
104.25
104.25
95.75
95.75
98.0
98.0
98.0
98.08333333333333
98.16666666666667
98.25
98.33333333333333
98.41666666666667
98.5
98.58333333333333
98.66666666666667
98.75
98.75
98.75
98.75
98.75
98.25
98.25
97.5
97.5
97.5
96.5
96.5
96.5
93.75
93.75
93.75
83.75
83.75
87.75
87.75
87.75
92.5
92.5
92.5
80.25
80.25
80.25
80.25
82.5
89.75
89.75
89.75
97.0
97.0
99.0
99.0
99.0
102.75
102.75
102.75
103.0
108.75
108.75
109.0
109.0
112.75
112.75
112.75
111.0
111.0
113.75
113.75
112.25
112.25
110.25
110.25
102.0
102.0
102.0
81.5
81.5
81.5
86.25
86.25
98.75
98.75
98.75
90.75
90.75
90.75
86.5
86.5
86.5
73.5
73.5
73.5
81.25
81.25
81.25
89.25
89.25
89.25
88.0
88.0
95.0
95.0
101.25
101.25
101.25
103.75
103.75
103.75
103.75
102.5
102.5
102.5
105.0
105.0
103.5
103.5
102.5
102.5
102.5
105.0
105.0
104.25
104.25
106.0
106.0
105.75
105.75
105.75
106.75
106.75
110.75
110.75
115.5
115.5
114.5
114.5
112.75
112.75
111.0
111.0
112.25
112.25
112.25
112.75
112.75
115.0
115.0
107.5
107.5
101.75
101.75
101.75
100.75
100.75
109.5
109.5
115.0
115.0
118.5
118.5
124.0
124.0
122.5
122.5
123.5
123.5
125.5
125.5
126.5
132.75
132.75
133.25
133.25
135.25
135.25
135.25
135.25
135.25
138.25
138.25
137.5
137.5
140.25
139.5
139.5
140.75
140.75
142.75
142.75
142.25
148.5
148.5
147.75
143.5
143.5
139.0
139.0
137.5
137.5
137.5
135.75
140.25
144.25
144.25
146.25
146.25
146.25
145.0
145.0
144.25
147.75
147.75
148.5
148.5
146.25
142.25
142.25
145.75
145.75
145.75
144.25
140.75
143.5
143.5
145.75
147.75
147.75
148.5
152.25
152.25
154.75
155.5
155.5
154.75
154.75
153.0
153.75
153.75
154.75
157.0
157.0
158.0
159.5
159.5
159.5
160.5
160.5
160.5
165.75
165.75
166.75
166.75
166.75
159.5
159.5
159.5
151.5
145.75
145.75
135.75
135.75
133.25
133.25
135.75
135.75
135.75
142.25
142.25
141.5
143.5
143.5
145.75
145.75
146.25
144.25
144.25
140.25
140.25
139.0
139.0
139.0
142.75
142.75
147.0
147.0
150.0
151.5
151.5
153.75
156.25
156.25
158.75
160.5
160.5
163.0
164.0
164.0
165.75
166.75
166.75
166.75
169.5
168.5
168.5
169.5
167.5
167.5
166.75
165.75
165.75
165.75
162.25
161.25
161.25
159.5
159.5
157.0
153.75
153.75
152.25
150.0
150.0
147.75
147.75
146.25
147.75
147.75
151.5
151.5
151.5
153.0
154.75
154.75
157.0
156.25
156.25
158.75
159.5
159.5
158.75
162.25
162.25
164.0
164.0
164.0
166.75
164.75
164.75
166.75
164.0
164.0
165.75
164.75
164.75
164.75
163.0
163.0
164.75
162.25
163.0
163.0
161.25
161.25
161.25
158.75
158.75
158.75
159.5
158.75
158.75
158.75
158.75
152.25
146.25
146.25
141.5
141.5
138.25
141.5
141.5
147.75
147.75
154.75
158.0
158.0
162.25
165.75
164.75
164.75
165.75
166.75
166.75
165.75
164.0
164.0
162.25
159.5
159.5
160.5
163.0
163.0
163.0
163.0
163.0
164.0
164.0
164.0
161.25
162.25
160.5
160.5
157.0
157.0
158.0
158.0
158.0
154.75
154.75
154.75
154.75
156.25
156.25
155.5
156.25
156.25
153.75
153.75
153.75
153.0
153.0
154.75
155.5
155.5
156.25
156.25
156.25
156.25
155.5
155.5
158.0
158.75
158.75
158.75
161.25
161.25
160.5
158.75
158.75
159.5
162.25
162.25
161.25
159.5
159.5
158.0
156.25
156.25
157.0
154.75
154.75
150.0
150.0
146.25
146.25
143.5
141.5
141.5
140.25
140.25
140.25
139.5
139.5
144.25
148.5
148.5
150.0
150.0
150.75
152.25
152.25
154.75
153.75
153.75
154.75
153.0
153.0
150.0
150.0
149.25
147.75
147.75
147.75
147.75
145.0
145.0
145.0
143.5
143.5
144.25
141.5
141.5
139.5
139.5
132.75
132.75
134.0
134.0
134.0
137.0
137.0
139.0
139.0
138.25
135.25
135.25
131.0
131.0
130.5
130.5
128.25
128.25
131.0
131.0
132.75
132.25
132.25
126.5
126.5
118.0
118.0
117.25
117.25
123.5
123.5
129.25
129.25
128.75
128.75
127.75
127.75
126.5
126.5
128.25
129.75
129.75
131.0
131.0
131.0
135.25
139.0
139.0
139.0
140.75
139.0
135.75
135.75
134.5
134.5
134.5
134.0
134.0
135.25
135.25
132.75
132.75
132.25
132.25
132.25
136.25
132.75
131.0
131.0
130.5
130.5
132.25
132.25
131.0
132.75
132.75
134.5
134.5
132.25
132.25
131.5
131.5
132.75
132.75
132.25
134.5
134.5
135.75
135.75
136.25
136.25
140.25
142.75
142.75
141.5
141.5
142.75
143.5
143.5
145.0
145.0
142.75
145.0
145.0
145.0
145.75
148.5
147.0
147.0
147.0
147.0
147.0
147.0
148.5
147.75
145.75
145.75
145.75
145.75
148.5
147.75
147.75
147.75
147.75
147.75
149.25
149.25
146.25
143.5
143.5
145.0
145.0
147.75
147.0
147.0
148.5
148.5
148.5
149.25
149.25
149.25
151.5
151.5
151.5
156.25
156.25
157.0
157.0
155.5
156.25
156.25
156.25
158.0
158.0
157.0
155.5
155.5
153.75
153.75
153.75
154.75
154.75
154.75
152.25
152.25
152.25
151.5
151.5
154.75
155.5
155.5
156.25
157.0
157.0
158.75
158.75
158.75
159.5
159.5
159.5
159.5
158.0
158.0
158.75
158.75
158.75
158.75
159.5
159.5
158.75
160.5
160.5
159.5
160.5
160.5
161.25
161.25
161.25
163.0
163.0
163.0
163.0
163.0
163.0
164.0
164.75
164.75
165.75
164.75
164.75
165.75
166.75
165.75
165.75
164.75
164.0
164.0
164.0
161.25
161.25
161.25
164.0
164.0
164.0
164.0
164.0
164.75
164.75
164.75
165.75
164.75
164.75
164.75
165.75
164.75
164.75
165.75
166.75
166.75
167.5
167.5
167.5
168.5
168.5
167.5
167.5
168.5
168.5
168.5
166.75
166.75
166.75
165.75
165.75
165.75
165.75
166.75
167.5
167.5
167.5
169.5
169.5
167.5
168.5
169.5
169.5
169.5
169.5
169.5
170.5
169.5
170.5
170.5
170.5
170.5
170.5
170.5
170.5
170.5
168.5
168.5
168.5
168.5
168.5
168.5
168.5
166.75
165.75
165.75
166.75
165.75
166.75
166.75
165.75
165.75
165.75
164.75
168.5
168.5
167.5
169.5
169.5
168.5
169.5
170.5
170.5
169.5
170.5
170.5
169.5
169.5
169.5
169.5
169.5
170.5
170.5
170.5
169.5
170.5
170.5
170.5
171.5
171.5
171.5
170.5
169.5
169.5
170.5
170.5
170.5
171.5
170.5
170.5
170.5
170.5
171.5
171.5
169.5
169.5
169.5
169.5
169.5
168.5
168.5
169.5
169.5
169.5
168.5
168.5
168.5
168.5
168.5
169.5
169.5
168.5
169.5
169.5
169.5
169.5
169.5
169.5
168.5
169.5
169.5
168.5
169.5
169.5
168.5
167.5
168.5
168.5
166.75
167.5
167.5
166.75
167.5
167.5
166.75
166.75
165.75
165.75
165.75
165.75
165.75
163.0
159.5
159.5
158.0
158.75
158.75
160.5
161.25
161.25
164.0
164.75
164.75
164.75
166.75
166.75
164.75
165.75
165.75
163.0
163.0
163.0
162.25
162.25
163.0
163.0
161.25
160.5
160.5
158.0
158.0
157.0
155.5
155.5
152.25
147.75
147.75
141.5
141.5
136.25
136.25
127.75
127.75
127.75
124.5
124.5
115.5
115.5
115.5
115.5
115.5
122.0
129.75
129.75
137.0
137.0
141.5
143.5
143.5
145.0
145.0
146.25
147.75
147.75
145.75
145.75
144.25
142.25
142.25
140.75
140.75
138.25
138.25
132.25
131.0
131.0
132.75
132.75
131.0
131.0
132.25
132.25
137.0
139.5
139.5
141.5
141.5
146.25
148.5
148.5
153.0
153.0
153.0
154.75
154.75
157.0
158.0
158.0
155.5
156.25
156.25
158.0
160.5
160.5
161.25
161.25
161.25
164.0
164.0
164.0
164.0
164.75
164.0
164.0
164.75
166.75
166.75
165.75
167.5
167.5
167.5
167.5
167.5
167.5
168.5
168.5
168.5
168.5
168.5
168.5
169.5
167.5
167.5
167.5
165.75
164.0
164.0
163.0
164.0
164.0
163.0
164.0
164.0
164.75
164.0
164.0
165.75
164.0
164.0
164.75
164.0
164.0
164.0
164.0
164.0
164.0
162.25
162.25
162.25
161.25
161.25
161.25
161.25
159.5
159.5
158.0
158.75
158.75
158.75
158.75
158.75
158.75
158.75
156.25
153.75
153.75
153.0
153.0
153.0
156.25
156.25
156.25
155.5
156.25
156.25
155.5
153.0
153.0
153.0
153.0
152.25
155.5
155.5
154.75
155.5
155.5
155.5
155.5
153.75
153.75
151.5
151.5
150.75
150.75
150.75
149.25
149.25
147.75
147.75
146.25
144.25
144.25
143.5
143.5
141.5
151.5
151.5
150.52631578947367
149.55263157894737
148.57894736842104
147.60526315789474
146.6315789473684
145.6578947368421
144.68421052631578
143.71052631578948
142.73684210526315
141.76315789473685
140.78947368421052
139.81578947368422
138.8421052631579
137.8684210526316
136.89473684210526
135.92105263157896
134.94736842105263
133.97368421052633
133.0
132.02631578947367
131.05263157894737
130.07894736842104
129.10526315789474
128.1315789473684
127.15789473684211
126.1842105263158
125.21052631578948
124.23684210526315
123.26315789473684
122.28947368421052
121.3157894736842
120.34210526315789
119.36842105263158
118.39473684210526
117.42105263157895
116.44736842105263
115.47368421052632
114.5
114.5
122.0
122.0
127.75
127.75
128.25
128.25
125.5
125.5
125.5
125.5
124.0
124.0
123.0
123.0
125.5
130.5
130.5
130.5
130.5
132.75
132.75
136.25
136.25
141.5
142.75
142.75
143.5
143.5
143.5
144.25
144.25
143.5
143.5
141.5
135.25
135.25
134.5
134.5
131.0
131.0
129.25
129.25
127.0
127.0
118.0625
109.125
100.1875
91.25
91.25
91.25
98.0
98.0
103.75
103.75
114.5
114.5
121.5
121.5
127.0
127.0
131.0
133.25
133.25
135.75
135.75
136.25
136.25
137.5
142.25
142.25
142.75
142.75
140.75
140.75
140.25
140.25
140.25
142.75
142.75
142.75
142.25
142.25
141.5
141.5
140.25
143.5
143.5
147.0
147.0
147.0
141.5
141.5
135.75
135.75
137.0
137.0
138.25
140.75
140.75
143.5
143.5
141.5
142.75
142.75
143.5
143.5
143.5
142.75
142.75
139.5
139.5
135.75
135.75
139.0
138.25
138.25
135.75
135.75
140.75
142.25
142.25
143.5
143.5
144.25
145.75
145.75
145.0
145.0
147.75
149.25
149.25
147.0
147.0
147.75
148.5
148.5
148.5
150.75
150.75
151.5
151.5
150.75
150.75
150.75
150.75
149.25
149.25
146.25
146.25
144.25
140.25
140.25
139.5
139.5
143.5
144.25
144.25
145.0
145.0
146.25
147.75
147.75
147.75
147.75
149.25
147.75
147.75
148.5
151.5
151.5
150.0
150.0
147.75
150.0
150.0
150.0
149.25
149.25
152.25
152.25
153.75
153.75
153.75
153.0
153.0
153.0
150.75
150.0
150.0
150.75
150.75
147.75
149.25
149.25
149.25
149.25
149.25
150.0
150.0
151.5
150.75
150.75
155.5
157.0
157.0
157.0
159.5
158.75
159.5
156.25
156.25
153.75
153.75
153.0
150.75
150.75
146.25
144.25
144.25
140.25
140.25
140.75
140.75
145.0
147.75
147.75
148.5
150.0
150.0
149.25
149.25
150.0
150.75
150.75
148.5
147.75
147.75
143.5
143.5
141.5
141.5
136.25
132.75
132.75
127.0
127.0
122.5
122.5
118.0
118.0
116.25
116.25
116.25
116.25
114.5
114.5
114.5
115.0
115.0
117.25
117.25
114.5
114.5
110.25
110.25
115.75
115.75
121.0
121.0
128.25
128.25
132.75
134.0
134.0
133.25
133.25
135.25
135.25
135.25
135.25
135.25
135.25
134.5
134.5
134.5
135.75
135.75
132.75
132.75
128.75
128.75
128.75
127.75
127.75
131.0
131.0
135.75
135.75
139.5
140.75
140.75
141.5
141.5
140.25
139.5
139.5
136.25
136.25
135.25
135.25
132.25
132.25
129.75
129.75
124.5
124.5
122.5
122.0
122.0
125.0
125.0
125.0
125.0
122.0
122.0
123.0
123.0
115.5
115.5
110.0
110.0
110.0
113.75
113.75
107.25
107.25
104.25
104.25
109.5
109.5
115.75
115.75
122.0
122.0
124.5
124.5
126.5
126.5
118.5
118.5
115.5
115.5
114.5
114.5
116.75
116.75
116.75
108.0
108.0
93.0
93.0
93.0
90.75
90.75
90.75
91.75
91.75
95.25
95.25
95.25
97.5
97.5
100.0
100.0
103.0
103.0
103.0
105.0
105.0
101.25
101.25
102.5
102.5
102.5
95.75
95.75
96.5
96.5
96.5
86.0
86.0
86.0
86.25
86.25
86.25
82.0
82.0
82.0
84.75
84.75
84.75
79.0
79.0
79.0
82.25
82.25
82.25
74.0
74.0
74.0
75.5
75.5
75.5
76.0
76.0
76.0
74.0
74.0
74.0
74.0
75.5
75.5
75.5
80.75
80.75
86.75
86.75
86.75
86.0
86.0
86.0
84.0
84.0
84.0
87.75
87.75
88.5
88.5
88.5
93.25
93.25
93.25
90.25
90.25
85.0
85.0
85.0
79.75
79.75
79.75
79.75
77.0
77.0
77.0
78.75
78.75
78.75
82.0
82.0
83.5
83.5
83.5
78.25
78.25
78.25
81.5
81.5
81.5
78.75
78.75
78.75
80.0
80.0
80.0
83.5
83.5
83.5
84.25
84.25
84.25
87.25
87.25
87.25
87.5
87.5
88.5
88.5
88.5
88.0
88.0
88.0
91.0
91.0
94.75
94.75
94.75
96.5
96.5
96.75
96.75
96.75
96.75
94.0
95.75
95.75
95.75
97.5
97.5
97.75
97.75
97.75
102.5
102.5
101.25
101.25
96.75
96.75
96.75
96.25
96.25
95.25
95.25
95.25
103.5
103.5
105.0
105.0
100.0
100.0
100.0
99.75
99.75
97.5
97.5
97.5
105.25
105.25
107.25
107.25
106.0
106.0
114.5
114.5
115.75
115.75
119.5
119.5
123.5
123.5
123.0
123.0
119.0
119.0
110.75
110.75
110.75
97.0
97.0
91.5
91.5
91.5
89.75
89.75
89.75
89.25
89.25
89.25
84.5
84.5
85.25
85.25
85.25
83.5
83.5
83.5
79.25
79.25
79.25
79.25
76.25
76.25
76.25
79.5
79.5
87.0
87.0
87.0
84.0
84.0
84.0
80.75
80.75
80.75
81.5
81.5
81.5
85.75
85.75
85.75
89.5
89.5
89.25
89.25
89.25
89.5
89.5
89.5
87.0
87.0
88.5
88.5
88.5
89.75
89.75
89.75
93.0
93.0
94.0
94.0
94.0
95.0
95.0
95.5
95.5
95.5
94.25
94.25
95.25
95.25
95.25
95.75
95.75
95.75
95.75
95.75
98.0
98.0
100.75
100.75
104.5
104.5
104.5
107.5
107.5
110.25
110.25
112.25
112.25
112.0
112.0
105.0
105.0
105.0
94.75
94.75
115.0
115.0
101.0
101.0
101.0
99.0
99.0
101.75
101.75
105.25
105.25
105.25
110.0
110.0
112.75
112.75
111.0
111.0
107.5
107.5
107.25
107.25
107.25
103.5
103.5
107.5
107.5
108.75
108.75
105.75
105.75
105.75
106.5
106.5
108.25
108.25
102.75
102.75
102.75
95.5
95.5
100.0
100.0
100.0
98.25
98.25
97.0
97.0
97.0
91.5
91.5
95.0
95.0
95.0
89.25
89.25
89.25
80.75
80.75
80.75
80.75
80.75
80.75
82.5
82.5
89.75
89.75
89.75
92.0
92.0
92.0
84.75
84.75
84.75
85.0
85.0
85.0
83.5
83.5
84.0
84.0
84.0
82.75
82.75
82.75
80.75
80.75
80.75
76.75
76.75
76.75
76.75
77.0
77.0
77.0
77.0
77.0
77.0
74.5
74.5
74.5
73.25
73.25
73.25
76.25
76.25
76.25
77.75
77.75
77.75
82.75
82.75
82.75
84.25
84.25
84.25
85.0
85.0
85.0
84.5
84.5
84.5
81.25
81.25
81.25
78.75
78.75
78.75
76.25
76.25
76.25
78.0
78.0
78.0
77.5
77.5
77.5
77.0
77.0
77.0
80.0
80.0
80.0
77.5
77.5
77.5
77.5
75.25
75.25
75.25
79.0
79.0
79.0
78.5
78.5
78.5
81.75
81.75
81.75
81.75
81.75
90.0
90.0
90.0
90.0
90.0
90.75
90.75
90.75
93.75
93.75
109.0
109.0
109.0
93.25
93.25
93.5
93.5
93.5
97.5
97.5
106.5
106.5
128.75
128.75
125.0
125.0
119.0625
113.125
107.1875
101.25
101.25
102.75
102.75
102.75
102.75
102.75
103.0
103.0
108.25
108.25
121.0
121.0
123.0
123.0
125.0
125.0
127.75
127.75
128.75
131.5
131.5
135.75
135.75
137.0
137.0
139.5
139.5
139.5
142.75
142.75
143.5
145.0
145.0
145.0
145.0
145.0
145.0
145.0
142.75
142.75
144.25
142.25
142.25
140.75
140.75
142.25
142.25
142.25
139.0
139.0
139.0
139.0
123.0
123.0
104.25
104.25
107.5
107.5
115.0
115.0
122.5
122.5
131.5
131.5
138.25
138.25
138.25
139.5
139.5
142.75
142.75
147.0
149.25
149.25
150.0
150.0
147.75
144.25
144.25
140.25
140.25
136.25
136.25
130.5
130.5
120.5
120.5
111.5
111.5
107.25
107.25
103.0
103.0
103.0
98.0
98.0
99.0
99.0
99.0
98.25
98.25
100.0
100.0
104.25
104.25
104.25
105.25
105.25
108.75
108.75
110.75
110.75
113.25
113.25
114.0
114.0
118.0
118.0
119.5
119.5
120.0
120.0
120.0
120.0
120.0
120.0
119.5
119.5
121.5
121.5
123.5
123.5
123.5
123.5
124.5
124.5
121.0
121.0
118.5
118.5
123.0
123.0
124.5
124.5
120.5
120.5
117.25
117.25
112.0
112.0
111.0
111.0
112.25
112.25
112.75
112.75
112.75
116.25
116.25
121.0
123.5
123.5
127.0
127.0
126.5
126.5
124.5
124.5
121.0
121.0
120.0
120.0
119.5
119.5
118.0
118.0
120.5
120.5
120.0
120.0
118.5
118.5
123.5
123.5
129.75
129.75
132.75
132.75
134.5
135.75
135.75
133.25
133.25
128.25
128.25
118.5
118.5
116.75
116.75
119.5
119.5
122.0
122.0
121.0
121.0
121.5
121.5
122.0
122.0
122.0
122.0
122.0
122.0
122.0
122.0
122.0
122.0
129.25
129.25
134.0
133.25
133.25
135.75
135.75
136.25
136.25
135.25
137.0
137.0
139.0
139.0
139.5
139.5
141.5
140.75
140.75
141.5
141.5
140.25
137.5
137.5
135.25
135.25
132.25
132.25
128.75
128.75
130.5
133.25
133.25
134.0
134.0
136.25
136.25
134.5
134.5
133.25
135.25
135.25
133.25
133.25
133.25
122.5
111.75
101.0
90.25
90.25
98.0
98.0
104.25
104.25
110.0
110.0
110.0
104.25
104.25
103.75
103.75
113.75
113.75
122.0
122.0
129.75
129.75
134.0
135.25
135.25
134.5
134.5
128.75
128.75
120.5
120.5
104.25
104.25
104.25
111.5
111.5
118.0
125.5
125.5
130.5
130.5
135.25
135.25
137.5
137.5
140.25
142.25
142.25
142.75
142.75
142.25
140.25
140.25
140.25
139.5
136.25
136.25
133.25
131.5
131.5
131.5
131.5
132.25
132.25
137.0
137.0
135.75
140.25
140.25
141.5
141.5
143.5
144.25
144.25
145.0
145.0
145.75
145.75
145.75
142.75
142.75
142.75
139.5
139.5
140.75
140.75
139.5
139.5
136.25
136.25
136.25
138.25
138.25
139.5
138.25
138.25
142.25
142.25
143.5
145.0
145.0
145.75
145.75
146.25
147.0
147.0
149.25
149.25
147.75
146.25
146.25
145.75
145.75
144.25
146.25
146.25
146.25
146.25
146.25
147.0
147.0
148.5
148.5
148.5
150.75
150.75
152.25
151.5
151.5
151.5
152.25
152.25
151.5
151.5
151.5
150.0
150.0
149.25
149.25
149.25
145.0
145.0
145.75
145.75
145.75
140.75
140.75
135.25
135.25
131.5
125.0
125.0
131.0
131.0
139.0
139.0
144.25
144.25
147.0
150.75
153.0
153.0
153.0
153.0
154.75
154.75
155.5
155.5
156.25
156.25
156.25
155.5
155.5
156.25
156.25
156.25
155.5
155.5
155.5
155.5
155.5
154.75
155.5
155.5
155.5
153.75
153.75
155.5
154.75
154.75
154.75
154.75
154.75
157.0
156.25
156.25
155.5
155.5
156.25
157.0
157.0
158.75
158.75
158.75
158.75
158.0
158.0
158.0
156.25
156.25
155.5
154.75
154.75
153.75
153.75
153.75
153.75
155.5
155.5
156.25
156.25
157.0
158.0
158.0
158.0
158.75
158.75
159.5
160.5
160.5
159.5
158.75
158.75
158.75
156.25
156.25
158.75
158.0
158.0
158.75
161.25
161.25
161.25
162.25
162.25
161.25
159.5
159.5
160.5
158.75
158.75
159.5
157.0
157.0
158.75
157.0
157.0
158.0
157.0
157.0
155.5
153.0
153.0
153.75
153.75
156.25
157.0
157.0
158.0
158.75
158.75
158.75
159.5
159.5
161.25
158.75
158.75
158.0
157.0
157.0
158.0
160.5
160.5
158.75
160.5
160.5
161.25
160.5
160.5
161.25
161.25
161.25
162.25
162.25
162.25
163.0
162.25
162.25
160.5
158.75
158.75
160.5
159.5
159.5
157.0
154.75
154.75
155.5
155.5
155.5
157.0
154.75
154.75
154.75
151.5
151.5
147.0
147.0
145.75
144.25
144.25
146.25
146.25
147.75
149.25
149.25
151.5
151.5
151.5
152.25
152.25
153.0
153.75
153.75
152.25
152.25
152.25
152.25
148.5
146.25
147.0
147.0
147.0
146.25
146.25
147.0
147.0
147.0
147.0
147.0
149.25
149.25
150.0
149.25
149.25
148.5
147.75
147.75
147.75
147.75
147.75
147.75
148.5
149.25
147.0
147.0
147.75
147.75
144.25
144.25
128.75
128.75
126.5
131.0
131.0
138.25
138.25
142.75
148.5
148.5
149.25
149.25
151.5
152.25
152.25
152.25
153.75
153.75
153.75
153.75
153.75
155.5
155.5
155.5
156.25
156.25
153.75
153.75
154.75
153.0
150.75
150.75
154.75
155.5
155.5
155.5
154.75
154.75
153.75
153.75
154.75
154.75
154.75
153.75
150.75
150.75
150.0
150.0
147.0
148.5
148.5
151.5
151.5
151.5
150.75
150.75
150.0
149.25
149.25
147.75
146.25
146.25
148.5
148.5
145.0
145.0
145.0
143.5
143.5
145.75
146.25
146.25
147.0
147.0
150.0
148.5
148.5
150.0
151.5
151.5
152.25
151.5
151.5
152.25
152.25
153.0
152.25
152.25
150.0
150.75
150.75
150.75
149.25
150.0
150.75
150.75
152.25
153.75
153.75
152.25
150.0
150.0
149.25
149.25
150.0
150.0
150.0
147.0
147.0
147.75
148.5
148.5
147.0
148.5
148.5
148.5
148.5
148.5
149.25
149.25
150.0
150.0
143.5
142.25
142.25
142.75
142.75
145.75
147.0
147.0
147.75
147.75
147.75
148.5
148.5
147.75
148.5
148.5
148.5
150.75
150.75
150.75
150.75
150.0
150.0
150.0
150.0
150.0
146.25
147.0
147.0
146.25
147.75
147.75
149.25
149.25
150.75
151.5
151.5
152.25
151.5
151.5
152.25
152.25
150.75
151.5
151.5
147.75
147.75
147.75
147.75
147.75
148.5
147.75
147.75
150.0
150.75
150.75
150.75
150.75
151.5
153.75
153.75
153.0
153.0
153.0
152.25
150.75
150.75
150.75
150.75
152.25
153.75
153.75
153.0
153.75
153.75
153.75
153.0
153.0
153.75
153.75
153.75
153.75
153.75
152.25
152.25
152.25
150.0
151.5
151.5
150.75
150.75
152.25
151.5
151.5
151.5
151.5
151.5
152.25
152.25
151.5
150.75
150.75
151.5
152.25
152.25
153.0
152.25
152.25
151.5
151.5
153.75
155.5
155.5
156.25
155.5
155.5
156.25
157.0
157.0
157.0
158.0
158.0
158.75
159.5
159.5
160.5
160.5
160.5
162.25
161.25
161.25
159.5
159.5
159.5
159.5
159.5
159.5
158.75
158.75
158.75
158.0
157.0
157.0
156.25
157.0
157.0
157.0
158.0
158.0
158.75
158.75
158.75
159.5
159.5
160.5
161.25
162.25
162.25
163.0
164.75
164.75
163.0
164.0
164.0
163.0
162.25
162.25
159.5
160.5
160.5
157.0
158.0
158.0
157.0
156.25
156.25
157.0
157.0
157.0
157.0
157.0
158.0
158.0
158.0
158.75
158.0
158.0
157.0
155.5
155.5
157.0
154.75
154.75
152.25
154.75
154.75
155.5
158.0
158.0
158.0
159.5
159.5
158.75
156.25
156.25
153.75
153.75
153.75
153.0
153.0
149.25
145.75
145.75
142.25
142.25
146.25
149.25
149.25
153.0
154.75
154.75
156.25
156.25
157.0
158.0
158.0
155.5
156.25
156.25
153.0
149.25
149.25
145.0
145.0
145.75
146.25
146.25
141.5
141.5
139.5
137.5
137.5
132.25
132.25
131.5
131.5
134.5
134.5
137.5
137.5
139.5
141.5
141.5
142.75
142.75
142.75
139.5
139.5
135.75
135.75
135.25
135.25
135.25
135.25
135.25
131.5
131.5
132.25
132.25
133.25
133.25
133.25
131.0
131.0
124.5
124.5
123.5
123.5
125.5
125.5
124.0
124.0
126.0
126.0
126.0
126.0
130.5
134.0
134.0
134.0
138.25
137.5
137.5
140.25
139.0
139.0
131.5
131.5
118.5
118.5
123.5
123.5
132.25
132.25
139.0
143.5
143.5
145.0
145.0
144.25
145.75
145.75
145.0
145.0
142.25
142.75
142.75
143.5
143.5
145.0
145.0
145.0
147.0
147.0
147.0
147.0
147.0
149.25
147.0
147.0
147.0
147.0
146.25
149.25
149.25
150.0
150.0
148.5
148.5
148.5
147.0
145.75
145.75
143.5
143.5
143.5
145.75
145.75
147.75
147.75
147.0
145.75
145.75
138.25
138.25
135.25
135.25
139.0
142.75
142.75
146.25
146.25
148.5
150.0
150.0
149.25
150.0
150.0
149.25
149.25
147.0
144.25
144.25
145.0
145.0
143.5
140.25
140.25
142.25
142.25
143.5
144.25
144.25
143.5
143.5
142.75
142.25
142.25
142.75
142.75
143.5
144.25
144.25
145.75
145.75
146.25
147.75
147.75
147.0
147.0
148.5
148.5
148.5
147.0
145.75
145.75
137.0
137.0
136.25
136.25
138.25
140.25
140.25
144.25
144.25
145.75
147.0
147.0
143.5
143.5
140.75
142.75
142.75
145.0
145.0
147.0
150.0
150.0
150.0
149.25
149.25
149.25
149.25
150.0
151.5
151.5
153.75
153.75
153.75
153.75
154.75
154.75
153.0
153.0
153.0
153.0
153.0
150.75
152.25
152.25
149.25
149.25
149.25
150.0
150.0
152.25
151.5
151.5
153.75
154.75
154.75
153.75
153.75
152.25
152.25
152.25
151.5
152.25
152.25
150.75
150.75
150.0
150.0
150.0
148.5
150.0
150.0
148.5
148.5
146.25
150.0
150.0
151.5
154.75
154.75
156.25
158.0
158.0
159.5
158.75
158.75
162.25
161.25
161.25
162.25
160.5
160.5
160.5
161.25
161.25
161.25
160.5
160.5
160.5
158.75
158.75
158.0
153.0
153.0
156.25
157.0
157.0
155.5
155.5
151.5
152.25
152.25
152.25
153.0
153.0
155.5
155.5
155.5
153.75
153.75
153.0
153.0
153.0
155.5
155.5
155.5
156.25
158.75
158.75
158.75
158.75
158.75
158.75
159.5
159.5
159.5
160.5
160.5
159.5
160.5
160.5
158.75
158.75
158.75
156.25
156.25
156.25
156.25
156.25
156.25
157.0
158.0
158.0
156.25
156.25
159.5
159.5
159.5
159.5
161.25
161.25
162.25
162.25
162.25
162.25
161.25
162.25
162.25
162.25
163.0
163.0
161.25
162.25
162.25
164.0
164.75
164.75
164.75
164.0
164.0
163.0
164.0
164.0
164.0
164.0
162.25
162.25
161.25
161.25
161.25
161.25
161.25
161.25
162.25
163.0
163.0
163.0
162.25
162.25
162.25
161.25
161.25
161.25
161.25
161.25
159.5
159.5
159.5
157.0
151.5
151.5
150.0
150.0
153.0
152.25
152.25
154.75
153.75
153.75
155.5
154.75
154.75
153.75
153.75
154.75
155.5
155.5
157.0
157.0
155.5
156.25
153.0
153.0
147.75
147.75
140.75
140.25
140.25
142.25
142.25
145.75
147.75
147.75
150.0
150.0
150.0
150.0
150.0
151.5
153.0
153.0
153.0
152.25
152.25
152.25
154.75
154.75
153.0
153.0
148.5
148.5
148.5
150.75
153.75
153.75
155.5
155.5
156.25
156.25
156.25
156.25
154.75
154.75
153.75
154.75
154.75
154.75
153.0
152.25
153.0
153.0
150.75
150.0
150.0
149.25
148.5
148.5
144.25
144.25
139.5
139.5
139.5
140.75
140.75
140.75
140.75
142.25
143.5
143.5
141.5
141.5
139.0
139.0
128.25
123.5
123.5
128.75
128.75
135.25
135.25
139.0
139.0
138.25
140.75
140.75
143.5
143.5
144.25
146.25
146.25
146.25
146.25
147.75
146.25
146.25
148.5
148.5
148.5
150.0
150.0
149.25
147.0
147.0
149.25
150.0
150.0
150.75
150.75
151.5
152.25
152.25
152.25
151.5
151.5
150.75
150.75
152.25
154.75
154.75
155.5
158.0
158.0
158.0
158.75
158.75
158.0
157.0
157.0
154.75
154.75
154.75
153.75
153.0
153.0
153.75
153.75
152.25
151.5
151.5
150.75
148.5
148.5
148.5
148.5
145.75
150.0
150.0
148.5
148.5
147.75
148.5
148.5
149.25
150.0
150.0
146.25
146.25
145.75
145.75
145.75
146.25
146.25
147.75
147.75
147.75
150.0
145.75
145.75
147.0
147.0
145.75
147.0
147.0
146.25
146.25
147.0
146.25
146.25
145.75
145.75
146.25
147.75
147.75
147.0
149.25
149.25
146.25
146.25
145.0
142.25
142.25
142.25
142.25
145.75
146.25
146.25
149.25
149.25
147.75
146.25
146.25
142.25
142.25
139.0
137.5
137.5
139.0
139.0
142.25
145.0
145.0
145.75
145.75
147.0
145.0
145.0
144.25
144.25
142.25
140.75
140.75
139.0
139.0
139.0
139.0
132.25
132.25
127.75
126.5
126.5
129.25
129.25
132.25
132.25
132.25
132.25
135.75
136.25
136.25
139.0
139.0
140.25
140.25
139.0
138.25
138.25
137.0
137.0
137.0
137.0
137.0
136.25
136.25
139.5
139.5
140.75
140.75
140.25
142.25
142.25
143.5
143.5
143.5
143.5
143.5
143.5
143.5
143.5
144.25
144.25
145.75
145.75
146.25
145.0
145.0
140.75
140.75
142.25
142.75
142.75
143.5
143.5
144.25
142.75
142.75
141.5
141.5
140.75
140.75
140.75
140.75
140.75
140.25
140.25
140.75
140.75
140.75
141.5
141.5
142.25
141.5
141.5
141.5
141.5
140.25
138.25
138.25
140.75
140.75
143.5
143.5
143.5
145.0
145.0
145.75
144.25
144.25
142.75
142.75
142.25
142.25
137.0
137.0
130.25
123.5
116.75
110.0
120.0
120.0
127.0
127.0
134.0
140.75
140.75
142.75
142.75
145.0
146.25
146.25
148.5
148.5
149.25
150.0
150.0
151.5
152.25
152.25
153.0
153.75
153.75
153.75
153.75
151.5
151.5
151.5
150.0
149.25
149.25
146.25
146.25
147.0
147.0
147.0
148.5
149.25
149.25
150.75
150.75
150.75
150.0
150.0
150.0
149.25
149.25
150.0
150.0
147.75
148.5
148.5
148.5
148.5
147.0
147.75
147.75
147.0
147.0
147.0
145.0
145.0
141.5
142.25
142.25
142.75
142.75
141.5
141.5
143.5
144.25
144.25
145.0
145.0
145.75
147.75
147.75
150.0
152.25
152.25
150.75
150.75
150.0
150.75
150.75
153.0
153.0
153.0
153.75
153.75
153.75
153.0
152.25
152.25
148.5
148.5
147.75
147.75
147.75
150.0
150.0
151.5
152.25
152.25
153.75
153.75
153.75
153.75
154.75
154.75
155.5
153.75
153.75
155.5
155.5
154.75
155.5
155.5
156.25
157.0
157.0
157.0
156.25
156.25
155.5
155.5
155.5
153.75
155.5
155.5
154.75
154.75
153.75
153.75
153.75
152.25
153.0
153.0
153.75
153.75
153.75
152.25
152.25
150.0
148.5
148.5
147.75
150.0
150.0
152.25
152.25
153.75
156.25
156.25
155.5
157.0
157.0
158.0
156.25
156.25
155.5
150.0
150.0
146.25
146.25
150.0
152.25
152.25
153.0
154.75
154.75
155.5
156.25
156.25
155.5
156.25
156.25
151.5
151.5
153.0
156.25
156.25
153.75
153.75
153.75
154.75
155.5
155.5
153.0
151.5
151.5
151.5
152.25
154.75
158.0
158.0
161.25
162.25
162.25
162.25
160.5
160.5
160.5
159.5
159.5
159.5
159.5
159.5
163.0
164.0
164.75
164.75
164.75
164.75
164.75
163.0
162.25
162.25
159.5
157.0
157.0
154.75
154.75
149.25
145.75
145.75
137.5
137.5
127.75
127.75
111.0
111.0
96.5
96.5
96.5
87.5
87.5
87.5
93.75
93.75
103.5
103.5
114.5
114.5
124.5
124.5
135.25
135.25
145.0
149.25
149.25
153.0
155.5
155.5
157.0
158.0
158.0
158.0
158.0
158.0
159.5
159.5
159.5
159.5
161.25
163.0
163.0
164.75
164.75
164.75
166.75
166.75
164.75
164.75
164.75
164.75
165.75
164.0
164.0
163.0
163.0
163.0
162.25
159.5
159.5
159.5
158.75
158.75
158.0
158.75
158.75
158.75
159.5
158.75
159.5
159.5
159.5
158.0
158.75
158.75
157.0
155.5
155.5
155.5
155.5
155.5
155.5
155.5
155.5
154.75
154.75
157.0
158.0
158.0
157.0
158.0
158.0
150.75
153.75
153.75
153.75
153.75
155.5
157.0
157.0
156.25
156.25
156.25
158.0
157.0
157.0
154.75
153.75
153.75
150.0
153.75
153.75
153.75
153.75
156.25
158.0
158.0
157.0
157.0
157.0
154.75
155.5
155.5
153.75
151.5
151.5
150.0
150.0
151.5
152.25
152.25
155.5
152.25
152.25
148.5
148.5
149.25
148.5
148.5
144.25
140.75
140.75
140.75
140.75
141.5
141.5
145.0
145.75
145.75
145.75
147.75
147.75
150.0
150.0
153.0
153.75
153.75
154.75
153.0
153.0
151.5
151.5
150.0
150.0
150.0
150.75
153.75
153.75
154.75
154.75
154.75
153.0
153.0
150.75
148.5
148.5
144.25
141.5
141.5
141.5
141.5
140.25
140.25
138.25
138.25
138.25
138.25
140.75
140.75
140.75
140.75
140.25
140.25
140.75
140.75
140.25
139.5
139.5
137.5
137.5
135.25
135.25
135.25
137.0
137.0
139.0
139.0
139.0
139.0
133.25
133.25
120.0
120.0
124.0
124.0
129.75
136.25
136.25
139.0
139.0
139.0
139.0
139.0
134.0
134.0
128.75
128.75
129.75
129.75
131.5
134.5
134.5
140.25
140.25
142.75
142.75
145.0
145.75
145.75
142.25
142.25
142.25
141.5
141.5
139.5
139.5
137.5
138.25
138.25
135.75
135.75
131.0
131.0
131.0
122.75
114.5
106.25
98.0
105.25
105.25
116.75
116.75
122.5
122.5
128.75
128.75
128.75
131.0
131.0
131.0
131.0
134.0
131.5
134.0
134.0
136.25
136.25
136.25
134.5
134.5
136.25
136.25
135.75
135.75
135.25
135.25
139.5
138.25
138.25
139.5
139.5
140.25
142.25
142.25
144.25
144.25
143.5
141.5
141.5
142.75
142.75
141.5
141.5
137.5
139.5
139.5
137.0
137.0
135.25
135.25
137.0
138.25
138.25
137.0
137.0
134.5
134.5
129.25
131.0
131.0
131.5
131.5
134.0
134.0
137.0
137.0
134.5
132.75
132.75
128.25
128.25
128.75
128.75
136.25
136.25
139.5
143.5
143.5
147.0
147.0
148.5
153.0
153.0
153.0
154.75
154.75
155.5
153.75
153.75
153.0
153.0
150.0
147.75
147.75
147.0
148.5
148.5
148.5
148.5
147.0
146.25
146.25
146.25
146.25
146.25
145.75
145.75
147.0
147.0
147.0
146.25
146.25
147.75
147.0
147.0
146.25
146.25
149.25
152.25
152.25
152.25
151.5
151.5
153.0
153.0
153.0
151.5
151.5
150.0
149.25
149.25
152.25
153.75
153.75
155.5
155.5
154.75
154.75
154.75
157.0
157.0
157.0
157.0
157.0
157.0
152.25
151.5
151.5
150.0
150.0
147.75
150.75
150.75
150.75
149.25
149.25
149.25
149.25
151.5
153.0
153.0
153.0
154.75
154.75
154.75
155.5
155.5
156.25
156.25
156.25
157.0
157.0
157.0
156.25
156.25
156.25
154.75
154.75
153.75
155.5
155.5
156.25
157.0
157.0
157.0
155.5
155.5
153.0
153.0
153.0
153.0
153.0
154.75
155.5
155.5
157.0
156.25
156.25
155.5
154.75
154.75
152.25
149.25
149.25
147.0
147.0
150.0
150.75
150.75
151.5
150.0
150.0
149.25
149.25
149.25
147.0
142.25
142.75
142.75
142.75
143.5
143.5
144.25
144.25
145.75
147.0
147.0
149.25
149.25
148.5
150.0
150.0
150.75
150.75
150.75
150.75
150.75
151.5
148.5
148.5
147.75
149.25
149.25
150.75
150.75
149.25
148.5
148.5
145.75
145.75
140.75
138.25
138.25
132.25
132.25
128.25
128.25
127.0
127.0
132.75
137.5
137.5
141.5
141.5
142.75
142.75
141.5
142.75
142.75
142.75
142.75
143.5
144.25
144.25
139.5
139.5
137.5
138.25
138.25
139.0
139.0
139.5
139.5
142.25
144.25
144.25
144.25
144.25
143.5
144.25
144.25
145.75
145.75
146.25
147.0
147.0
147.0
146.25
146.25
145.75
145.75
143.5
145.75
145.75
145.75
145.75
142.75
136.25
136.25
136.25
136.25
136.25
136.25
140.25
139.0
139.0
139.0
139.0
141.5
141.5
143.5
147.75
147.75
148.5
150.75
150.75
152.25
152.25
149.25
148.5
148.5
142.75
142.75
131.0
131.0
120.5
120.5
121.5
121.5
123.5
128.25
128.25
135.25
135.25
137.5
137.5
140.75
143.5
143.5
142.25
142.25
138.25
138.25
132.25
131.0
131.0
133.25
133.25
134.0
134.0
131.5
131.5
117.75
117.75
115.5
115.5
120.0
120.0
124.5
124.5
127.75
127.75
129.75
132.75
132.75
133.25
133.25
134.0
134.0
131.5
131.5
132.25
131.5
131.5
128.25
128.25
120.5
120.5
122.0
122.0
121.5
121.5
122.0
122.0
121.0
121.0
119.5
119.5
120.0
120.0
118.5
118.5
116.75
116.75
116.75
100.25
100.25
94.0
94.0
94.0
103.5
103.5
108.0
108.0
112.75
112.75
115.5
115.5
123.0
123.0
126.0
126.0
125.0
125.0
124.5
124.5
126.0
126.0
126.5
128.25
128.25
130.5
130.5
125.0
125.0
121.625
118.25
114.875
111.5
108.125
104.75
101.375
98.0
98.0
110.0
110.0
115.0
115.0
107.25
107.25
107.25
108.0
108.0
114.0
121.5
121.5
124.5
124.5
127.0
127.0
125.5
125.5
127.75
127.75
125.0
125.0
124.5
124.5
125.0
125.0
126.0
126.0
130.5
131.5
131.5
131.5
131.5
133.25
133.25
129.25
129.25
119.0
119.0
115.0
115.0
118.5
118.5
122.5
122.5
117.75
117.75
114.5
114.5
110.75
110.75
119.0
119.0
126.5
126.5
134.0
134.0
137.0
140.25
140.25
138.25
138.25
135.25
135.25
134.0
134.0
134.0
135.75
135.75
137.5
137.5
140.75
142.25
142.25
142.25
142.25
140.75
140.75
126.5
126.5
123.0
123.0
121.5
121.5
121.5
132.25
132.25
121.0
121.0
131.0
131.0
132.75
132.75
117.75
117.75
117.75
97.5
97.5
99.75
99.75
102.5
102.5
102.5
108.25
108.25
116.25
116.25
127.75
133.25
133.25
137.5
137.5
140.75
140.25
140.25
143.5
143.5
142.75
145.0
145.0
145.75
145.75
142.25
142.25
139.5
139.5
139.5
138.25
138.25
140.25
140.25
144.25
145.75
145.75
145.0
143.5
143.5
142.75
142.75
141.5
139.5
139.5
141.5
141.5
140.75
146.25
146.25
147.0
147.0
150.75
150.75
150.75
151.5
150.0
150.0
150.0
150.0
150.0
151.5
151.5
152.25
152.25
152.25
152.25
152.25
153.0
152.25
152.25
153.0
152.25
152.25
153.75
153.0
153.0
152.25
152.25
153.0
151.5
151.5
151.5
151.5
151.5
149.25
149.25
151.5
151.5
151.5
153.75
155.5
155.5
157.0
156.25
156.25
153.0
154.75
154.75
154.75
154.75
154.75
154.75
154.75
154.75
154.75
154.75
140.25
140.25
127.75
127.75
125.5
125.5
130.5
135.25
135.25
142.25
142.25
149.25
150.75
150.75
153.75
154.75
154.75
155.5
157.0
157.0
158.75
157.0
157.0
158.75
160.5
160.5
161.25
163.0
163.0
162.25
163.0
163.0
161.25
160.5
160.5
160.5
153.75
153.75
143.5
143.5
137.5
137.5
139.5
142.75
142.75
145.75
148.5
148.5
146.25
146.25
139.5
139.5
137.0
134.0
134.0
132.25
132.25
130.5
130.5
127.75
127.75
124.0
124.0
123.0
123.0
125.0
134.0
134.0
139.0
139.0
143.5
150.0
150.0
152.25
152.25
154.75
157.0
157.0
158.0
154.75
154.75
152.25
152.25
150.0
143.5
143.5
136.25
136.25
134.0
133.25
133.25
134.0
134.0
133.25
133.25
129.75
129.75
130.5
130.5
131.5
131.5
131.5
132.25
132.25
132.25
132.25
127.0
127.0
106.5
106.5
108.25
108.25
119.5
119.5
116.25
116.25
116.25
105.0
105.0
112.25
112.25
117.75
117.75
121.5
121.5
125.0
125.0
126.5
126.5
127.0
128.75
128.75
129.75
129.75
127.75
127.75
119.5
119.5
115.0
115.0
109.0
109.0
109.0
103.0
103.0
108.75
108.75
107.25
107.25
107.5
107.5
107.5
110.75
110.75
116.25
116.25
122.0
122.0
125.5
126.0
126.0
123.0
123.0
123.0
113.75
113.75
110.75
110.75
115.75
115.75
122.5
122.5
125.5
125.5
128.75
131.5
131.5
130.5
130.5
132.25
132.25
129.75
129.75
129.75
129.75
125.5
125.5
120.0
120.0
118.0
118.0
120.0
120.0
126.0
128.25
128.25
131.0
131.0
131.0
131.0
131.5
131.5
128.25
128.25
128.75
128.75
123.5
123.5
122.5
126.0
126.0
121.5
121.5
119.5
119.5
116.75
116.75
116.75
114.0
114.0
118.0
118.0
120.5
120.5
111.75
103.0
94.25
85.5
85.5
85.5
95.75
95.75
105.75
105.75
112.0
112.0
112.75
112.75
112.75
93.25
93.25
92.25
92.25
92.25
97.0
97.0
95.0
95.0
95.0
91.5
91.5
91.5
96.25
96.25
96.5
96.5
96.5
92.25
92.25
92.5
92.5
92.5
97.5
97.5
97.5
76.75
76.75
76.75
80.0
80.0
80.0
80.75
80.75
91.0
91.0
91.0
94.25
94.25
94.25
85.5
85.5
85.5
82.75
82.75
89.25
89.25
89.25
98.75
98.75
106.0
106.0
109.5
109.5
112.25
112.25
112.25
110.25
110.25
107.5
107.5
105.75
105.75
107.25
107.25
107.25
109.0
109.0
107.25
107.25
106.5
106.5
106.75
106.75
106.75
108.25
108.25
110.75
110.75
110.75
114.5
115.5
115.5
116.75
116.75
120.5
120.5
114.5
114.5
113.75
113.75
120.0
120.0
127.0
127.0
135.25
135.25
133.25
131.0
131.0
130.5
130.5
134.0
134.0
131.0
131.0
135.75
136.25
136.25
134.0
134.0
135.25
135.25
126.5
126.5
137.5
133.671875
129.84375
126.015625
122.1875
118.359375
114.53125
110.703125
106.875
103.046875
99.21875
95.390625
91.5625
87.734375
83.90625
80.078125
76.25
76.25
76.25
80.25
80.25
80.25
85.0
85.0
87.75
87.75
87.75
95.25
95.25
95.5
95.5
95.5
97.75
97.75
108.25
108.25
117.75
117.75
126.0
126.0
133.25
133.25
139.5
145.0
145.0
147.0
147.0
147.75
147.75
147.75
148.5
146.25
146.25
145.75
145.75
143.5
140.25
140.25
137.0
137.0
135.75
135.75
135.25
142.75
142.75
147.0
147.0
150.0
153.0
153.0
158.75
159.5
159.5
158.75
157.0
157.0
156.25
155.5
155.5
155.5
153.75
153.75
146.109375
138.46875
130.828125
123.1875
125.28125
127.375
129.46875
131.5625
133.65625
135.75
136.25
136.25
137.0
137.0
134.0
134.0
137.0
138.25
138.25
136.25
136.25
135.25
135.25
134.0
137.0
137.0
134.5
134.5
136.25
136.25
138.25
138.25
138.25
131.0
131.0
127.75
127.75
127.75
127.75
127.75
127.75
131.5
131.5
137.5
138.25
138.25
139.5
139.5
142.25
145.75
145.75
150.75
154.75
154.75
157.0
157.0
153.75
152.25
152.25
143.5
143.5
132.9375
122.375
111.8125
101.25
101.25
105.75
105.75
102.75
102.75
96.75
96.75
96.75
96.75
96.75
89.0
81.25
73.5
65.75
52.0
52.0
52.0
52.0
52.0
51.84090909090909
51.68181818181818
51.52272727272727
51.36363636363637
51.20454545454545
51.04545454545455
50.88636363636363
50.72727272727273
50.56818181818182
50.40909090909091
50.25
50.25
50.25
50.25
50.25
50.825
51.4
51.975
52.55
53.125
53.7
54.275
54.85
55.425
56.0
56.0
56.0
56.0
56.0
56.0
55.208333333333336
54.416666666666664
53.625
52.833333333333336
52.041666666666664
51.25
51.25
51.25
51.25
53.0
53.0
53.0
53.0
61.0
61.0
61.0
66.25
66.25
66.25
66.25
69.5
69.5
69.5
71.5
71.5
71.5
71.5
69.0
69.0
69.0
73.0
73.0
73.0
82.25
82.25
82.25
87.75
89.12878787878788
90.50757575757575
91.88636363636364
93.26515151515152
94.64393939393939
96.02272727272728
97.40151515151516
98.78030303030303
100.1590909090909
101.53787878787878
102.91666666666667
104.29545454545455
105.67424242424242
107.05303030303031
108.43181818181819
109.81060606060606
111.18939393939394
112.56818181818181
113.9469696969697
115.32575757575758
116.70454545454545
118.08333333333334
119.46212121212122
120.8409090909091
122.21969696969697
123.59848484848484
124.97727272727273
126.35606060606061
127.73484848484848
129.11363636363637
130.49242424242425
131.87121212121212
133.25
133.25
123.5
123.5
110.75
110.75
112.75
112.75
131.0
131.0
149.25
145.75
145.75
134.0
134.0
121.0
121.0
115.75
115.75
109.0
109.0
109.0
98.75
98.75
93.0
93.0
93.0
92.25
92.25
92.25
93.75
93.75
99.0
99.0
107.5
107.5
113.75
113.75
117.75
117.75
120.0
120.0
122.5
122.5
123.0
123.0
123.5
123.5
119.0
119.0
117.75
117.75
117.75
97.75
97.75
97.75
98.25
98.25
98.25
98.25
90.75
90.75
90.75
93.5
93.5
103.75
103.75
111.5
111.5
111.0
111.0
111.0
112.0
112.0
106.75
106.75
104.5
104.5
101.75
101.75
101.75
104.25
104.25
101.0
101.0
101.0
101.0
101.0
100.75
100.75
100.75
92.25
92.25
82.25
82.25
82.25
82.25
75.0
75.0
75.0
78.75
78.75
92.0
92.0
92.0
92.0
92.0
92.0
84.0
84.0
89.25
89.25
89.25
99.25
99.25
110.75
110.75
117.25
117.25
122.0
122.0
122.5
122.5
114.5
114.5
110.75
110.75
113.25
113.25
113.25
104.25
104.25
101.75
101.75
101.0
101.0
101.0
102.75
102.75
106.0
106.0
101.0
101.0
101.0
100.75
100.75
97.75
97.75
97.75
101.0
101.0
99.0
99.0
99.0
97.5
97.5
88.0
88.0
88.0
83.25
83.25
83.25
85.0
85.0
85.0
93.0
93.0
102.75
102.75
109.5
109.5
117.75
117.75
123.5
123.5
125.0
125.0
125.0
125.0
127.0
127.0
128.75
128.75
127.75
127.75
119.0
119.0
105.25
105.25
97.75
97.75
97.75
95.0
95.0
90.25
90.25
90.25
92.25
92.25
92.25
93.5
93.5
98.0
98.0
102.5
102.5
102.5
111.0
111.0
118.5
118.5
125.0
130.5
130.5
130.5
130.5
130.5
130.5
127.0
127.0
103.5
103.5
103.5
100.25
100.25
109.0
109.0
115.0
115.0
121.5
121.5
126.0
126.0
125.5
125.5
121.0
121.0
118.0
118.0
122.0
122.0
123.0
123.0
125.5
126.0
126.0
127.75
127.75
132.75
132.75
135.25
135.25
140.25
143.5
143.5
146.25
146.25
143.5
140.75
140.75
132.75
132.75
124.5
124.5
120.5
120.5
120.0
120.0
124.0
124.0
129.25
129.25
132.75
137.5
137.5
141.5
141.5
141.5
143.5
143.5
140.75
140.75
138.25
138.25
134.0
138.25
138.25
142.25
142.25
144.25
146.25
146.25
147.75
147.75
147.75
147.0
147.0
150.0
150.75
150.75
154.75
154.75
151.5
147.0
147.0
144.25
144.25
145.0
147.0
147.0
150.0
150.75
150.75
151.5
151.5
149.25
146.25
146.25
146.25
146.25
145.75
146.25
146.25
147.75
149.25
149.25
147.0
147.0
147.0
154.75
154.75
143.5
143.5
141.5
145.75
145.75
147.75
147.75
145.75
138.25
138.25
131.0
131.0
115.0
115.0
