102.0
97.75
97.75
97.5
97.5
97.5
86.25
86.25
86.25
84.5
84.5
86.0
86.0
86.0
84.25
84.25
84.25
84.0
84.0
84.0
86.25
86.25
86.25
84.75
84.75
84.75
86.0
86.0
84.5
84.5
84.5
88.5
88.5
88.5
90.25
90.25
91.5
91.5
91.5
94.75
94.75
100.75
100.75
100.75
104.25
104.25
101.75
101.75
106.0
106.0
106.0
106.0
106.0
105.0
105.0
106.5
106.5
106.5
106.5
106.5
107.25
107.25
105.0
105.0
105.0
105.0
107.25
107.25
107.25
110.0
110.0
111.0
111.0
115.5
115.5
116.25
116.25
115.75
115.75
105.75
105.75
108.75
111.75
114.75
117.75
118.5
118.5
121.0
121.86842105263158
122.73684210526316
123.60526315789474
124.47368421052632
125.34210526315789
126.21052631578948
127.07894736842105
127.94736842105263
128.81578947368422
129.68421052631578
130.55263157894737
131.42105263157896
132.28947368421052
133.1578947368421
134.02631578947367
134.89473684210526
135.76315789473685
136.6315789473684
137.5
136.25
136.25
133.25
133.25
131.5
131.5
131.0
131.0
131.0
131.0
131.0
130.5
130.5
130.5
130.5
131.0
131.0
131.5
131.5
131.5
131.5
132.25
124.5
124.5
137.5
137.5
127.0
127.0
127.75
127.46875
127.1875
126.90625
126.625
126.34375
126.0625
125.78125
125.5
125.5
128.75
129.25
129.25
128.25
128.25
128.75
128.75
127.75
127.75
127.0
127.0
125.5
125.66666666666667
125.83333333333333
126.0
126.16666666666667
126.33333333333333
126.5
126.66666666666667
126.83333333333333
127.0
127.0
125.5
125.5
124.5
124.5
125.0
125.0
127.0
127.0
127.0
127.0
126.5
125.35714285714286
124.21428571428571
123.07142857142857
121.92857142857143
120.78571428571429
119.64285714285714
118.5
118.5
120.0
120.0
121.5
121.5
119.0
119.0
117.75
117.75
115.0
115.0
113.25
113.25
113.25
113.25
113.25
113.25
113.25
114.0
114.0
115.75
115.75
114.5
114.5
115.0
115.0
114.0
114.0
112.25
112.25
110.25
110.25
110.25
110.25
106.0
106.75
106.75
106.0
106.0
106.0
106.0
106.0
106.0
106.0
104.5
104.5
102.0
102.0
102.0
96.75
96.75
96.25
96.25
96.25
99.25
99.25
101.75
101.75
104.25
104.25
104.25
103.75
103.75
104.25
104.25
102.75
102.75
102.75
102.5
102.5
103.0
103.0
105.75
105.75
105.75
105.25
105.25
103.75
103.75
102.0
102.0
102.0
100.25
100.25
101.0
101.0
101.0
101.0
101.0
101.0
101.0
102.0
102.0
102.0
99.0
99.0
99.75
99.75
98.0
98.0
98.0
96.75
96.75
96.75
88.75
88.75
85.5
85.5
85.5
81.25
81.25
81.25
80.75
80.75
80.75
81.75
81.75
81.75
81.25
81.25
81.25
83.0
83.0
83.0
82.0
82.0
82.0
85.75
85.75
85.75
80.75
80.75
80.75
72.5
72.5
72.5
77.0
77.0
77.0
76.5
76.5
76.5
76.5
78.0
78.0
82.5
82.5
82.5
84.25
84.25
84.25
82.75
82.75
82.75
85.25
85.25
85.25
86.0
86.0
86.0
86.0
86.0
87.5
87.5
87.5
89.0
89.0
89.0
89.0
89.0
90.0
90.0
90.0
90.25
90.25
90.25
90.25
90.25
89.5
89.5
89.5
91.25
91.25
91.25
90.0
90.0
92.0
92.0
92.0
91.0
91.0
91.0
90.75
90.75
91.25
91.25
91.25
91.25
91.25
92.0
92.0
92.0
92.25
92.25
92.25
93.5
93.5
99.0
99.0
99.0
97.0
97.0
95.25
95.25
95.25
91.75
91.75
95.75
95.75
95.75
96.25
96.25
99.0
99.0
99.0
97.75
97.75
96.25
96.25
99.75
99.75
99.75
100.75
100.75
95.25
95.25
95.25
94.75
94.75
98.25
98.25
98.25
95.75
95.75
91.25
91.25
91.25
90.0
90.0
90.0
87.75
87.75
87.75
89.25
89.25
90.25
90.25
90.25
92.0
92.0
95.0
95.0
95.0
94.0
94.0
95.5
95.5
95.5
97.75
97.75
102.5
102.5
104.5
104.5
104.5
105.75
105.75
106.5
106.5
106.0
106.0
106.0
103.0
103.0
105.25
105.25
108.25
108.25
108.0
108.0
108.0
110.0
110.0
111.0
111.0
112.75
112.75
112.0
112.0
111.5
111.5
114.0
114.0
112.75
112.75
112.75
105.25
105.25
100.25
100.25
99.25
99.25
99.25
106.0
106.0
112.25
112.25
117.25
117.25
120.5
120.5
123.5
123.5
123.5
123.5
123.0
123.0
122.0
122.0
120.0
120.0
119.5
119.5
120.5
120.5
123.0
123.0
124.0
125.5
125.5
125.0
125.0
125.5
125.5
126.5
126.5
127.0
127.0
127.0
127.0
127.0
127.0
127.75
127.75
127.75
127.75
127.75
124.5
124.5
126.0
126.0
130.5
130.5
134.5
134.5
133.25
133.25
133.25
155.5
155.5
149.9375
144.375
138.8125
133.25
135.25
135.25
135.25
134.5
134.5
134.0
134.17857142857142
134.35714285714286
134.53571428571428
134.71428571428572
134.89285714285714
135.07142857142858
135.25
135.25
135.25
135.25
134.0
135.75
135.75
134.875
134.0
133.125
132.25
131.375
130.5
130.5
127.75
127.75
125.5
125.5
125.5
125.5
126.5
126.5
127.75
127.75
128.25
128.25
127.75
128.75
128.75
131.0
131.0
131.29166666666666
131.58333333333334
131.875
132.16666666666666
132.45833333333334
132.75
132.75
134.0
134.0
134.5
134.5
137.0
137.0
155.5
151.1875
146.875
142.5625
138.25
139.0
139.5
139.5
139.16666666666666
138.83333333333334
138.5
138.16666666666666
137.83333333333334
137.5
137.5
137.5
137.5
137.0
137.0
137.0
135.25
135.25
135.25
135.25
133.25
133.25
134.0
132.25
132.25
132.25
132.25
132.25
132.25
132.75
132.75
132.75
133.25
133.25
134.0
134.0
134.5
134.5
134.0
134.0
134.0
132.75
132.75
131.5
131.5
131.5
131.5
129.75
129.75
129.75
129.75
128.75
126.0
126.0
123.5
123.5
123.07142857142857
122.64285714285714
122.21428571428571
121.78571428571429
121.35714285714286
120.92857142857143
120.5
120.5
118.0
118.0
117.25
117.25
115.75
115.75
114.5
114.5
111.5
111.5
111.5
106.0
106.0
105.75
105.75
104.25
104.25
104.25
102.75
102.75
104.25
104.25
100.25
100.25
100.25
93.25
93.25
93.5
93.5
93.5
94.0
94.0
96.25
96.25
96.25
94.75
94.75
97.75
97.75
97.75
102.0
102.0
100.0
100.0
100.0
102.0
102.0
104.5
104.5
103.75
103.75
104.5
104.5
104.5
103.0
103.0
104.5
104.5
105.0
105.0
105.0
104.25
104.25
105.25
105.25
105.0
105.0
105.0
103.5
103.5
100.0
100.0
97.75
97.75
97.75
97.0
97.0
96.5
96.5
96.5
95.75
95.75
95.75
95.75
95.75
95.0
95.0
95.75
95.75
95.75
97.0
97.0
99.25
99.25
99.25
100.75
100.75
99.0
99.0
99.0
99.0
99.0
90.0
90.0
90.0
89.0
89.0
89.0
88.5
88.5
88.0
88.0
88.0
89.75
89.75
89.75
91.25
91.25
91.75
91.75
91.75
92.25
92.25
92.25
89.0
89.0
83.25
83.25
83.25
83.25
78.5
78.5
78.5
78.25
78.25
78.25
69.0
69.0
69.0
69.0
69.5
69.5
69.5
69.25
69.25
69.25
72.0
72.0
72.09615384615384
72.1923076923077
72.28846153846153
72.38461538461539
72.48076923076923
72.57692307692308
72.67307692307692
72.76923076923077
72.86538461538461
72.96153846153847
73.0576923076923
73.15384615384616
73.25
73.25
73.25
73.25
76.25
76.25
76.25
76.0
76.0
76.0
77.0
77.0
77.0
79.25
79.25
79.25
79.25
79.25
79.25
78.75
78.75
78.75
77.25
77.25
77.25
78.5
78.5
78.5
79.75
79.75
79.75
80.25
80.25
80.25
80.75
80.75
80.75
82.75
82.75
82.75
84.5
84.5
84.5
86.5
86.5
87.0
87.0
87.0
84.25
84.25
84.25
83.0
83.0
83.0
83.0
83.0
83.0
83.75
83.75
83.75
83.25
83.25
83.25
83.25
84.0
85.0
85.0
85.0
84.75
84.75
84.75
86.25
86.25
86.25
87.5
87.5
88.75
88.75
88.75
89.75
89.75
89.75
90.0
90.0
91.0
91.0
91.0
90.0
90.0
90.0
89.25
89.25
89.25
87.75
87.75
87.0
87.0
87.0
87.5
87.5
87.5
88.25
88.25
90.75
90.75
90.75
89.5
89.5
89.5
88.0
88.0
88.0
87.25
87.25
86.25
86.25
86.25
86.75
86.75
86.75
86.5
86.5
86.5
87.25
87.25
87.0
87.0
87.0
88.5
88.5
88.5
88.5
88.5
88.5
88.5
88.5
88.5
88.5
88.5
88.75
88.75
88.75
88.25
88.25
88.25
88.25
88.25
89.0
89.0
89.0
89.5
89.5
92.0
92.0
92.0
91.75
91.75
91.75
92.5
92.5
93.0
93.0
93.0
93.75
93.75
94.25
94.25
94.25
94.75
94.75
94.75
94.75
94.75
95.25
95.25
96.25
96.25
96.25
97.75
97.75
105.25
105.25
107.5
107.5
107.5
107.25
107.25
110.0
110.0
110.75
110.75
112.25
112.25
113.75
113.75
113.25
113.25
116.25
116.25
113.25
113.25
113.25
115.5
115.5
116.25
116.25
120.0
120.0
124.0
125.5
125.5
126.0
126.0
126.5
126.5
126.0
126.0
126.5
126.5
127.0
127.0
128.25
128.25
129.25
129.25
130.5
131.5
131.5
131.5
131.5
132.75
132.75
134.5
134.5
135.25
134.5
134.5
135.25
135.25
135.25
135.33333333333334
135.41666666666666
135.5
135.58333333333334
135.66666666666666
135.75
137.5
137.5
139.0
140.25
140.25
140.25
140.42857142857142
140.60714285714286
140.78571428571428
140.96428571428572
141.14285714285714
141.32142857142858
141.5
140.75
140.75
140.75
140.75
143.5
143.16666666666666
142.83333333333334
142.5
142.16666666666666
141.83333333333334
141.5
141.5
141.5
142.75
140.75
141.5
141.5
162.25
162.25
157.25
152.25
147.25
142.25
142.25
141.5
142.75
142.75
142.75
142.75
143.5
142.75
142.75
144.25
144.25
142.25
143.5
143.5
143.29166666666666
143.08333333333334
142.875
142.66666666666666
142.45833333333334
142.25
142.25
142.25
142.75
141.5
142.25
142.25
142.75
142.75
141.5
141.5
143.5
141.5
141.5
142.75
142.75
142.75
141.5
141.5
142.25
141.5
141.5
142.25
142.25
143.5
143.5
143.5
145.0
145.0
144.25
144.25
144.25
143.5
143.5
142.25
141.5
141.5
145.0
145.0
145.75
145.75
145.75
145.0
145.0
146.25
146.25
146.25
146.25
146.25
146.25
146.25
146.25
146.25
146.25
146.25
146.25
146.25
146.25
146.25
146.25
147.0
147.0
147.0
147.0
147.0
147.0
147.0
147.0
147.75
147.75
145.75
146.25
146.25
145.0
145.0
145.75
144.25
144.25
142.75
142.75
142.75
142.25
142.25
142.44642857142858
142.64285714285714
142.83928571428572
143.03571428571428
143.23214285714286
143.42857142857142
143.625
143.82142857142858
144.01785714285714
144.21428571428572
144.41071428571428
144.60714285714286
144.80357142857142
145.0
145.0
145.0
145.75
145.75
144.25
144.25
145.0
145.0
145.0
145.0
145.0
145.75
146.25
146.25
146.25
146.25
146.25
147.0
147.0
148.5
149.25
149.25
149.25
149.25
149.25
148.5
148.5
147.75
147.75
147.75
146.25
146.25
147.75
147.5
147.25
147.0
146.75
146.5
146.25
146.25
147.0
147.0
147.0
146.25
146.25
146.25
165.75
165.75
160.5625
155.375
150.1875
145.0
145.0
145.0
145.0
144.25
145.75
145.75
145.75
145.75
145.75
145.0
145.0
145.75
145.0
145.0
145.75
145.75
146.25
146.25
146.25
147.0
147.0
147.0
147.0
147.0
147.0
150.75
150.75
143.5
143.5
146.25
145.75
145.75
146.25
146.25
146.25
146.25
146.25
146.25
146.25
146.25
146.25
146.25
145.75
145.75
145.75
145.0
145.0
145.0
155.5
155.5
137.5
137.5
144.25
144.25
143.5
144.25
144.25
143.5
143.5
145.0
145.0
145.0
145.0
145.75
145.75
145.75
145.75
145.75
145.75
145.75
145.0
145.0
145.75
146.25
146.25
145.75
145.75
147.0
147.0
147.0
147.75
147.75
148.5
150.0
150.0
150.0
150.75
150.75
150.75
151.5
151.5
150.75
150.75
150.0
150.75
150.75
150.0
148.5
148.5
148.5
148.5
149.25
148.5
148.5
148.5
148.5
147.75
148.5
148.5
148.5
147.75
147.75
148.5
148.5
147.0
147.75
147.75
147.0
147.0
147.0
146.25
146.25
145.75
145.75
145.75
145.0
145.0
145.75
145.75
145.75
145.0
145.0
145.75
145.0
145.0
145.75
145.75
145.75
146.25
146.25
147.0
147.0
145.75
145.0
145.0
145.75
145.75
145.75
145.75
145.75
145.0
145.0
145.75
145.0
145.0
146.25
145.75
145.75
145.75
145.75
146.25
146.25
146.25
147.0
147.0
146.25
146.25
146.25
145.75
145.75
146.25
146.25
146.25
145.75
145.75
145.75
146.25
146.25
147.0
147.0
147.0
147.75
147.75
148.5
150.0
150.0
150.75
151.5
151.5
151.5
151.5
153.0
153.0
153.0
153.75
153.75
153.75
153.0
152.25
152.25
153.0
153.0
152.25
153.0
153.0
152.25
152.25
152.25
151.5
152.25
152.25
153.0
153.0
153.75
153.75
153.75
155.5
157.0
157.0
157.0
159.5
159.5
159.5
161.25
161.25
162.25
163.0
163.0
164.0
163.0
163.0
163.0
181.75
176.1875
170.625
165.0625
159.5
158.75
158.0
158.0
155.5
152.25
152.25
150.75
149.25
149.25
147.0
147.0
142.25
139.0
139.0
134.5
134.5
135.75
136.0
136.25
136.5
136.75
137.0
137.25
137.5
137.5
139.0
139.0
139.0
140.25
140.25
139.0
139.0
139.0
139.0
139.0
139.0
139.0
139.0
136.25
136.25
134.0
134.0
129.75
129.75
125.0
125.0
115.75
115.75
113.25
113.25
108.0
108.0
103.75
103.75
103.75
108.25
108.25
110.75
110.75
113.25
113.25
114.0
114.0
113.82142857142857
113.64285714285714
113.46428571428571
113.28571428571429
113.10714285714286
112.92857142857143
112.75
112.75
113.25
113.25
113.25
108.25
108.25
105.75
105.75
109.5
109.5
109.5
111.5
112.0
112.0
113.25
113.25
113.25
114.0
114.0
113.75
113.75
110.25
110.25
107.25
107.25
106.5
106.5
107.14285714285714
107.78571428571429
108.42857142857143
109.07142857142857
109.71428571428571
110.35714285714286
111.0
111.0
111.0
110.25
110.25
106.75
106.75
109.5
109.5
109.5
106.75
106.75
105.75
105.75
102.0
102.0
104.25
104.25
104.25
103.75
103.75
103.5
103.5
100.25
100.25
100.25
103.75
102.55555555555556
101.36111111111111
100.16666666666667
98.97222222222223
97.77777777777777
96.58333333333333
95.38888888888889
94.19444444444444
93.0
93.0
91.75
91.75
91.75
91.0
91.0
91.0
88.5
88.5
88.5
86.25
86.25
85.75
85.75
85.75
83.5
83.5
83.5
83.75
83.75
83.45
83.15
82.85
82.55
82.25
81.95
81.65
81.35
81.05
80.75
80.75
80.75
79.25
79.25
79.25
77.25
77.25
77.25
72.5
72.5
72.5
72.5
69.25
69.25
69.25
74.75
74.75
74.75
74.75
74.75
74.75
77.0
77.0
77.0
78.75
78.75
78.75
78.75
75.5
75.5
75.5
73.5
73.5
73.5
74.5
74.5
74.5
74.75
74.75
74.9
75.05
75.2
75.35
75.5
75.65
75.8
75.95
76.1
76.25
76.4
76.55
76.7
76.85
77.0
77.0
77.0
79.0
79.0
79.0
80.25
80.25
80.25
80.5
80.5
80.5
80.75
80.75
80.75
80.25
80.25
80.25
79.25
79.25
79.25
81.0
81.0
81.0
82.0
82.0
82.0
82.75
82.75
82.75
84.5
84.5
84.5
83.0
83.0
83.0
80.25
80.25
80.25
81.5
81.5
81.5
80.5
80.5
80.5
82.75
82.75
82.75
83.75
83.75
85.0
85.0
85.0
86.25
86.25
86.25
87.75
87.75
87.75
87.5
87.5
88.25
88.25
88.25
88.75
88.75
88.75
89.0
89.0
92.5
92.5
92.5
95.0
95.0
97.0
97.0
97.0
97.75
97.75
101.25
101.25
101.25
101.0
101.0
104.5
104.5
106.0
106.0
110.25
110.25
113.25
113.25
114.0
114.0
114.0
108.25
108.25
110.25
110.25
109.0
109.0
114.0
114.0
115.5
115.5
115.5
115.5
120.0
120.0
119.5
119.5
118.0
118.0
118.5
118.5
118.5
112.25
112.25
120.5
120.5
114.5
114.5
110.0
110.0
106.0
106.0
109.5
109.5
110.0
110.0
110.0
112.75
112.75
116.25
116.25
117.75
117.75
120.5
120.5
121.5
121.5
124.0
124.0
124.5
125.0
125.0
124.0
124.0
126.0
126.0
127.0
127.0
127.0
127.0
128.25
128.25
128.75
128.75
128.75
128.75
129.75
131.5
131.5
129.75
129.75
130.5
130.5
131.5
131.5
131.5
133.25
133.25
135.25
135.25
151.5
151.5
148.0
144.5
141.0
137.5
137.5
138.25
138.25
139.0
139.0
139.0
139.5
139.5
140.75
140.75
145.0
145.75
145.75
143.5
143.5
142.75
140.75
140.75
140.25
140.25
137.5
135.75
135.75
134.0
134.0
133.25
133.25
133.25
133.25
132.75
133.25
133.25
133.45833333333334
133.66666666666666
133.875
134.08333333333334
134.29166666666666
134.5
134.5
131.0
131.0
126.5
126.5
124.0
124.0
121.5
121.5
115.5
115.5
112.0
112.0
112.0
109.0
109.0
110.25
110.25
110.25
110.25
112.25
112.25
110.0
110.0
109.0
109.0
109.0
109.0
109.0
106.75
106.75
110.75
110.75
111.0
111.0
111.0
111.0
110.75
110.75
110.75
112.25
112.25
111.5
111.5
110.0
110.0
110.25
110.25
113.75
113.75
115.5
115.5
117.75
117.75
116.75
116.75
116.75
114.5
114.5
115.5
115.5
113.75
113.75
112.25
112.25
111.5
111.5
109.5
109.5
112.25
112.25
112.75
112.75
112.75
110.75
110.75
111.0
111.0
112.75
112.75
111.0
111.0
110.25
110.25
110.25
110.25
110.25
109.5
109.5
108.75
108.75
108.25
108.25
111.0
111.0
112.0
112.0
117.25
117.25
121.0
121.0
124.0
124.0
125.5
125.5
120.0
120.0
109.5
109.5
109.5
102.5
102.5
101.25
101.25
101.25
98.75
98.75
97.0
97.0
97.0
95.5
95.5
95.0
95.0
95.0
94.0
94.0
88.25
88.25
88.25
88.25
88.25
88.25
82.75
82.75
82.75
84.75
84.75
84.75
83.5
83.5
83.5
83.25
83.25
83.25
79.5
79.5
85.75
85.75
85.75
85.25
85.25
85.25
80.25
80.25
80.25
81.25
81.25
81.25
77.0
77.0
77.0
79.25
79.25
79.25
79.5
79.5
79.5
80.25
80.25
80.25
78.5
78.5
78.5
79.5
79.5
79.5
79.5
79.5
79.5
77.75
77.75
77.75
79.75
79.75
79.75
79.75
78.0
78.0
78.0
78.0
78.0
78.0
79.25
79.25
79.25
77.75
77.75
77.75
79.75
79.75
79.75
79.5
79.5
79.5
79.75
79.75
79.75
81.0
81.0
81.0
79.5
79.5
79.5
80.75
80.75
80.75
81.5
81.5
81.5
82.5
82.5
83.5
83.5
83.5
83.0
83.0
83.0
84.25
84.25
84.25
83.75
83.75
83.75
84.25
84.25
84.25
84.0
84.0
84.0
84.75
84.75
85.75
85.75
85.75
85.75
85.75
85.75
86.5
86.5
86.5
87.0
87.0
88.25
88.25
88.25
89.0
89.0
89.0
89.5
89.5
89.5
88.25
88.25
88.25
88.25
88.25
87.75
87.75
87.75
88.0
88.0
88.5
88.5
88.5
89.0
89.0
89.0
88.75
88.75
90.0
90.0
90.0
91.0
91.0
91.0
91.0
91.0
91.5
91.5
91.5
91.75
91.75
91.75
92.5
92.5
93.0
93.0
93.0
93.0
93.0
93.5
93.5
93.5
95.0
95.0
99.25
99.25
99.25
101.0
101.0
101.25
101.25
100.25
100.25
100.25
102.0
102.0
104.25
104.25
106.0
106.0
106.0
110.0
110.0
111.5
111.5
112.25
112.25
113.25
113.25
116.75
116.75
120.0
120.0
121.0
121.0
126.0
126.0
126.0
126.0
127.75
130.5
130.5
131.5
131.5
133.25
133.25
133.25
133.25
134.0
134.5
134.5
136.25
136.25
136.25
136.25
137.0
137.0
136.25
135.25
135.25
135.75
136.0
136.25
136.5
136.75
137.0
137.25
137.5
137.5
138.25
138.25
139.0
140.75
140.75
139.5
139.5
140.25
140.45833333333334
140.66666666666666
140.875
141.08333333333334
141.29166666666666
141.5
141.5
142.75
142.75
142.75
143.5
145.0
145.70833333333334
146.41666666666666
147.125
147.83333333333334
148.54166666666666
149.25
152.25
152.25
153.75
154.75
154.75
153.0
153.0
153.0
152.25
152.25
150.75
150.75
150.75
149.25
149.25
149.25
148.5
148.5
149.25
149.25
149.25
150.0
150.0
150.0
150.0
150.0
150.0
150.0
150.0
149.25
150.0
150.0
149.25
149.25
148.5
149.25
149.25
149.25
149.25
149.25
150.0
150.0
149.25
150.0
150.0
150.0
150.0
150.0
150.75
150.75
152.25
152.25
152.25
153.75
154.75
154.75
155.5
157.0
157.0
156.25
158.0
158.0
158.0
158.0
157.0
158.0
158.0
157.0
156.25
156.25
154.75
155.5
155.5
155.5
153.75
153.75
154.75
154.75
154.75
154.75
154.75
153.75
153.75
153.75
153.0
152.25
152.25
150.75
150.0
150.0
149.25
149.25
148.5
148.5
148.5
148.5
149.25
149.25
150.0
150.0
150.75
151.5
151.5
153.0
150.0
150.0
152.25
152.25
152.25
153.75
153.75
153.75
153.75
153.75
153.75
154.75
154.75
153.75
153.75
153.75
153.0
153.0
153.0
152.25
152.25
152.25
151.5
151.5
151.5
151.5
151.5
152.25
152.25
153.0
152.25
152.25
151.5
151.5
151.5
150.75
150.75
151.5
151.5
151.5
150.75
151.125
151.5
151.875
152.25
152.625
153.0
153.75
153.75
155.5
155.5
155.5
155.5
155.5
154.75
154.75
154.75
153.0
168.5
168.5
145.0
151.5
151.5
151.5
151.5
153.0
152.25
152.25
151.5
152.25
152.25
153.0
152.25
152.25
153.0
152.75
152.5
152.25
152.0
151.75
151.5
151.5
153.0
151.5
151.5
153.0
152.25
152.25
153.0
153.0
153.75
153.75
153.0
153.75
153.0
153.0
153.75
153.0
153.0
153.75
153.75
153.0
153.0
153.0
152.25
152.25
152.25
153.0
151.5
151.5
152.25
152.25
151.5
153.0
153.0
151.5
152.25
152.25
151.5
151.75
152.0
152.25
152.5
152.75
153.0
153.0
153.0
153.75
153.75
153.0
153.75
153.75
153.0
153.75
153.75
154.75
154.75
153.75
154.75
154.75
155.5
155.5
155.5
156.25
155.5
155.5
156.25
155.5
155.5
156.25
154.75
154.75
155.5
155.5
153.75
154.75
154.75
154.75
154.75
154.75
154.60714285714286
154.46428571428572
154.32142857142858
154.17857142857142
154.03571428571428
153.89285714285714
153.75
153.75
153.75
153.0
153.0
153.0
152.25
152.25
153.0
152.25
152.25
151.5
150.75
150.75
150.75
150.75
150.75
150.75
150.75
150.75
150.75
150.75
150.75
150.75
150.75
150.625
150.5
150.375
150.25
150.125
150.0
151.5
151.5
150.75
150.75
151.5
150.75
150.75
150.75
150.75
150.75
150.75
150.75
151.5
151.5
151.5
151.5
150.75
150.75
151.5
151.5
151.5
150.75
150.75
150.75
150.75
150.75
150.75
152.25
152.25
151.5
151.5
153.0
152.25
152.25
153.75
154.75
154.75
154.75
154.75
154.75
155.5
155.5
155.5
156.25
156.25
156.25
157.0
157.0
156.25
155.5
155.5
156.25
156.25
156.25
155.5
155.5
155.5
154.75
153.75
153.75
153.75
153.75
152.25
152.25
152.25
151.5
150.75
150.75
150.75
150.75
150.0
150.0
150.0
149.25
150.0
150.0
150.0
150.0
150.0
149.25
149.25
150.0
149.25
149.25
149.25
149.25
149.25
148.5
148.5
149.25
149.25
149.25
149.25
149.25
149.25
150.0
150.0
150.0
149.25
149.25
149.25
149.25
149.25
149.25
149.25
148.5
148.5
148.5
148.5
148.5
147.75
148.5
148.5
147.75
147.75
147.75
148.5
148.5
148.5
147.75
147.75
148.5
148.5
149.25
147.0
147.0
148.5
148.5
147.75
148.5
148.5
147.75
147.75
147.75
147.75
147.75
147.75
147.75
147.75
147.0
147.0
148.5
147.75
147.75
147.75
148.5
148.5
147.75
147.75
148.5
148.5
148.5
149.25
148.5
148.5
148.5
148.5
147.75
148.5
148.5
147.75
147.75
147.75
147.75
147.75
148.5
148.5
148.5
149.25
149.25
148.5
149.25
149.25
150.0
150.75
150.75
150.0
150.0
150.75
150.75
150.75
150.0
150.0
150.0
149.25
149.25
148.5
147.75
147.75
147.75
147.75
147.0
147.0
147.0
147.0
147.0
147.0
147.0
147.0
147.0
147.75
147.75
147.75
147.75
147.75
147.75
147.75
147.75
147.0
147.0
147.0
147.0
147.0
146.25
146.25
146.25
146.25
145.75
145.75
145.75
145.75
145.75
145.0
145.0
145.0
145.0
145.0
145.0
145.0
145.0
145.0
145.0
145.75
145.0
145.0
145.75
145.75
145.75
145.75
145.75
146.25
146.25
146.25
145.75
145.75
145.75
145.75
145.75
145.75
145.75
145.75
146.25
146.25
146.25
146.25
146.25
146.25
146.25
146.25
145.75
145.75
146.25
146.25
146.25
147.0
147.0
147.0
147.0
147.75
147.75
147.75
148.5
148.5
148.5
150.0
150.0
150.75
150.75
150.75
151.5
150.75
150.75
152.25
152.25
152.25
153.0
153.0
153.75
154.75
154.75
155.5
155.5
155.5
156.25
157.0
157.0
156.25
164.0
164.0
151.5
151.5
154.75
153.75
153.75
154.75
153.75
153.75
153.75
153.75
153.75
153.75
153.75
153.75
154.75
154.75
155.5
155.5
155.5
155.5
154.75
154.75
155.5
154.75
154.75
154.75
153.75
153.75
153.0
153.0
152.25
150.75
150.75
150.75
149.25
149.25
149.25
149.25
147.75
147.0
147.0
146.25
146.25
145.0
145.75
145.75
142.75
142.75
141.5
139.0
139.0
140.75
140.75
140.75
142.75
142.75
142.25
142.25
142.25
141.91666666666666
141.58333333333334
141.25
140.91666666666666
140.58333333333334
140.25
140.25
138.25
138.25
137.5
137.5
135.25
133.25
133.25
133.25
133.25
132.75
132.75
131.0
130.60714285714286
130.21428571428572
129.82142857142858
129.42857142857142
129.03571428571428
128.64285714285714
128.25
128.25
127.75
127.75
127.0
127.0
124.5
124.5
122.0
122.0
119.0
119.0
119.5
120.21428571428571
120.92857142857143
121.64285714285714
122.35714285714286
123.07142857142857
123.78571428571429
124.5
124.5
123.0
123.0
137.0
137.0
112.0
112.0
122.0
122.0
121.0
121.0
121.0
121.0
120.92307692307692
120.84615384615384
120.76923076923077
120.6923076923077
120.61538461538461
120.53846153846153
120.46153846153847
120.38461538461539
120.3076923076923
120.23076923076923
120.15384615384616
120.07692307692308
120.0
119.92307692307692
119.84615384615384
119.76923076923077
119.6923076923077
119.61538461538461
119.53846153846153
119.46153846153847
119.38461538461539
119.3076923076923
119.23076923076923
119.15384615384616
119.07692307692308
119.0
119.0
118.5
118.5
117.25
117.25
118.5
118.5
118.5
118.0
118.0
119.0
119.0
119.0
119.17647058823529
119.3529411764706
119.52941176470588
119.70588235294117
119.88235294117646
120.05882352941177
120.23529411764706
120.41176470588235
120.58823529411765
120.76470588235294
120.94117647058823
121.11764705882354
121.29411764705883
121.47058823529412
121.6470588235294
121.82352941176471
122.0
122.0
121.0
121.0
122.0
122.0
122.0
122.0
122.0
122.0
121.0
121.0
122.0
122.35714285714286
122.71428571428571
123.07142857142857
123.42857142857143
123.78571428571429
124.14285714285714
124.5
124.5
125.5
125.5
125.5
125.95
126.4
126.85
127.3
127.75
127.75
127.0
127.0
126.41666666666667
125.83333333333333
125.25
124.66666666666667
124.08333333333333
123.5
125.0
125.0
125.0
124.79411764705883
124.58823529411765
124.38235294117646
124.17647058823529
123.97058823529412
123.76470588235294
123.55882352941177
123.3529411764706
123.1470588235294
122.94117647058823
122.73529411764706
122.52941176470588
122.32352941176471
122.11764705882354
121.91176470588235
121.70588235294117
121.5
121.5
119.5
119.5
117.25
117.25
116.75
116.375
116.0
115.625
115.25
114.875
114.5
114.125
113.75
113.75
116.25
116.25
115.5
115.5
113.25
113.25
110.25
110.25
105.75
105.75
105.75
106.0
106.0
105.25
105.25
106.5
106.5
109.0
109.0
113.75
113.75
115.75
115.75
115.75
116.25
121.0
121.0
122.0
122.0
123.0
123.0
123.0
123.0
123.5
123.5
125.0
125.0
125.0
125.0
126.5
126.5
128.25
128.25
129.25
129.25
129.25
128.75
128.75
129.25
129.25
129.25
129.25
129.75
129.75
130.5
130.5
130.5
130.5
132.25
131.0
131.0
131.5
131.5
131.5
131.5
131.5
131.5
131.0
131.0
131.0
131.85714285714286
132.71428571428572
133.57142857142858
134.42857142857142
135.28571428571428
136.14285714285714
137.0
139.0
139.0
159.5
159.5
155.5
151.5
147.5
143.5
143.5
141.5
142.25
142.25
139.0
139.0
139.5
139.42857142857142
139.35714285714286
139.28571428571428
139.21428571428572
139.14285714285714
139.07142857142858
139.0
139.5
139.5
139.0
139.0
138.25
139.0
139.0
137.0
137.0
138.25
138.25
137.5
137.5
137.5
137.5
137.60714285714286
137.71428571428572
137.82142857142858
137.92857142857142
138.03571428571428
138.14285714285714
138.25
138.25
140.25
145.75
145.75
140.25
140.25
140.75
142.75
142.75
142.25
142.25
142.25
141.5
141.5
139.5
139.5
141.5
141.5
139.0
139.0
139.0
138.25
138.25
137.5
137.5
138.25
139.5
139.5
140.25
140.25
141.5
141.5
141.5
142.75
142.75
142.75
143.5
143.5
145.0
145.0
144.25
144.25
144.25
143.5
143.5
142.25
140.75
140.75
140.75
140.75
140.25
140.25
140.25
139.5
139.5
138.25
138.25
139.0
139.0
139.0
139.0
139.0
139.5
139.5
139.5
140.25
140.25
139.5
139.5
139.5
139.5
138.25
139.0
139.0
137.5
137.5
137.0
156.25
156.25
151.4375
146.625
141.8125
137.0
139.0
139.0
139.0
139.0
139.0
140.25
140.25
139.5
139.5
139.5
139.5
139.5
139.5
139.0
139.0
139.5
139.5
140.25
140.25
139.5
140.25
140.25
140.25
140.25
140.25
140.75
140.75
140.75
140.75
140.25
140.25
140.25
140.25
140.25
139.5
139.5
139.0
139.0
139.0
139.0
139.0
139.0
139.0
141.5
141.5
141.5
142.25
142.25
143.5
144.25
144.25
145.0
145.0
144.25
143.5
143.5
143.5
143.5
142.25
141.5
141.5
140.25
140.25
140.25
140.25
140.25
140.25
140.25
142.25
142.25
142.25
142.75
142.75
144.25
144.25
144.25
144.25
144.25
143.5
143.5
141.5
139.5
139.5
136.25
136.25
133.25
133.25
128.25
128.25
126.5
126.5
123.5
123.5
122.0
122.0
122.0
122.0
123.0
122.0
122.0
122.5
122.5
121.5
121.5
120.5
120.5
120.0
120.0
120.0
120.0
119.5
119.5
119.28571428571429
119.07142857142857
118.85714285714286
118.64285714285714
118.42857142857143
118.21428571428571
118.0
118.0
118.5
118.5
118.5
117.25
117.25
117.25
116.25
116.25
116.75
116.75
115.75
115.75
115.75
116.25
116.25
117.75
117.75
117.75
117.75
115.75
115.75
115.75
115.75
117.25
117.25
117.75
117.75
116.75
116.75
116.25
116.25
116.75
116.8108108108108
116.87162162162163
116.93243243243244
116.99324324324324
117.05405405405405
117.11486486486487
117.17567567567568
117.23648648648648
117.29729729729729
117.35810810810811
117.41891891891892
117.47972972972973
117.54054054054055
117.60135135135135
117.66216216216216
117.72297297297297
117.78378378378379
117.8445945945946
117.9054054054054
117.96621621621621
118.02702702702703
118.08783783783784
118.14864864864865
118.20945945945945
118.27027027027027
118.33108108108108
118.39189189189189
118.45270270270271
118.51351351351352
118.57432432432432
118.63513513513513
118.69594594594595
118.75675675675676
118.81756756756756
118.87837837837837
118.9391891891892
119.0
119.0
120.5
120.5
119.0
119.0
117.75
137.0
137.0
137.0
132.0625
127.125
122.1875
117.25
118.0
118.0
118.0
118.0
115.75
115.75
116.25
116.25
116.25
116.54166666666667
116.83333333333333
117.125
117.41666666666667
117.70833333333333
118.0
118.0
116.25
116.25
115.5
115.5
116.25
116.25
115.5
115.5
115.75
115.75
114.5
113.25
112.0
110.75
109.5
108.25
107.0
105.75
105.75
105.25
105.25
102.75
102.75
102.75
101.25
101.25
101.75
101.75
97.5
97.5
97.5
99.75
99.75
98.75
98.75
98.75
99.75
99.75
97.5
97.5
97.5
96.75
96.75
93.25
93.25
93.25
92.0
92.0
90.25
90.25
90.25
90.25
90.25
90.25
91.25
91.25
93.75
93.75
93.75
95.25
95.25
97.0
97.0
97.0
98.75
98.75
99.0
99.0
99.0
95.75
95.75
95.75
95.75
95.75
96.75
96.75
96.75
96.75
96.75
100.25
100.25
103.0
103.0
105.75
105.75
109.0
109.0
112.75
112.75
112.75
113.75
113.75
112.25
112.25
113.75
113.75
114.5
114.5
118.0
118.0
120.0
120.0
117.25
117.25
120.0
120.0
124.5
124.5
129.75
129.75
135.25
133.25
133.25
131.5
131.5
129.25
129.57142857142858
129.89285714285714
130.21428571428572
130.53571428571428
130.85714285714286
131.17857142857142
131.5
131.5
133.25
133.25
132.75
132.75
132.75
132.25
131.5
132.25
132.25
133.25
133.25
133.25
133.25
134.5
134.5
134.5
134.5
134.5
135.75
135.75
135.25
135.25
136.25
136.25
136.25
135.25
135.25
135.25
135.25
134.5
135.25
135.25
135.25
135.25
135.75
135.75
135.75
137.5
140.25
141.5
141.5
143.5
143.5
145.0
147.0
147.0
147.0
147.75
147.75
147.0
147.0
146.25
146.25
146.25
147.75
147.75
147.0
145.75
145.75
144.25
144.25
144.25
139.5
139.5
139.5
139.5
139.0
139.0
139.0
159.5
159.5
154.375
149.25
144.125
139.0
139.0
139.0
139.25
139.5
139.75
140.0
140.25
140.5
140.75
141.0
141.25
141.5
141.75
142.0
142.25
142.5
142.75
142.75
143.5
142.25
142.25
143.5
143.5
144.25
143.5
143.5
143.5
143.5
142.75
142.25
142.25
141.5
141.5
161.25
155.8125
150.375
144.9375
139.5
141.5
141.5
140.75
142.25
142.25
142.25
142.25
142.25
142.25
142.25
141.5
141.5
142.75
141.5
141.5
141.5
142.75
143.5
142.75
142.75
143.5
167.5
167.5
161.1875
154.875
148.5625
142.25
145.0
145.75
145.75
146.25
146.25
147.0
146.25
146.25
147.0
146.25
146.25
146.25
146.25
145.75
144.25
144.25
143.5
143.5
142.75
142.25
142.25
142.25
142.25
142.25
142.25
142.25
142.25
142.25
142.25
142.25
142.25
142.75
142.75
142.25
142.25
142.25
142.75
142.75
142.25
142.75
142.75
142.25
142.25
142.75
142.75
142.75
141.5
141.5
141.5
141.5
141.5
141.5
141.5
140.75
140.75
140.75
140.25
140.25
140.75
140.75
140.75
140.75
142.25
141.5
141.5
142.25
142.25
141.5
142.25
142.25
142.75
142.75
142.75
143.5
143.5
143.5
143.5
142.75
143.5
143.5
143.5
143.5
142.75
142.75
142.75
142.75
142.75
141.5
140.75
140.75
142.25
142.25
140.75
140.75
141.5
142.25
142.25
141.5
141.5
142.25
142.75
142.75
142.75
142.75
144.25
145.0
145.0
145.0
145.0
145.75
146.25
146.25
145.75
145.75
146.25
145.75
145.75
145.75
145.75
145.0
145.0
145.0
144.25
144.25
144.25
144.25
144.25
144.25
145.0
145.0
144.25
144.25
145.0
145.0
145.0
144.25
144.25
144.25
145.0
145.0
145.0
145.0
144.25
144.25
144.25
145.0
145.0
145.0
145.0
145.0
145.75
145.75
147.0
147.0
147.0
147.75
147.75
147.75
148.5
148.5
148.5
147.75
147.75
147.75
147.75
147.75
147.0
147.0
147.0
147.0
146.25
146.25
146.25
145.75
147.0
147.0
146.25
146.25
146.25
145.75
145.75
146.25
146.25
145.75
145.0
145.0
145.75
145.75
145.75
145.0
145.0
145.0
145.0
145.0
144.25
144.25
143.5
143.5
144.25
143.5
143.5
144.25
144.25
143.5
143.5
143.5
144.25
144.25
144.25
144.25
144.25
144.25
144.25
144.25
144.25
144.25
144.25
144.25
145.0
144.25
144.25
143.5
143.5
143.5
143.5
143.5
143.5
143.5
143.5
142.75
142.75
142.75
142.75
143.5
143.5
143.5
144.25
144.25
144.25
145.75
145.75
145.75
145.75
147.0
147.0
147.0
146.25
147.0
147.0
147.0
147.0
146.25
145.75
145.75
145.75
145.75
145.0
145.0
145.0
144.25
144.25
143.5
143.5
143.5
144.25
144.25
143.5
143.5
143.5
144.25
144.25
144.25
144.25
144.25
145.0
145.0
145.0
144.25
144.25
145.0
145.0
144.25
145.0
145.0
145.0
145.0
145.0
144.25
144.25
143.5
143.5
144.25
144.25
144.25
143.5
143.5
144.25
144.25
144.25
145.0
145.0
145.75
145.75
145.75
146.25
146.25
146.25
147.0
147.0
147.75
147.75
147.75
147.0
147.0
147.75
147.75
147.75
147.75
147.75
147.75
148.5
148.5
147.0
147.75
147.75
147.75
147.75
147.0
146.25
146.25
146.25
146.25
145.75
146.25
146.25
145.75
145.75
145.75
144.25
144.25
144.25
144.25
144.25
145.0
145.0
145.0
145.75
145.75
146.25
146.25
146.25
147.0
147.0
147.75
147.75
148.5
147.75
147.75
147.0
147.0
147.0
147.0
147.0
147.0
147.0
147.0
147.0
147.0
147.75
147.0
147.0
146.25
146.25
147.0
147.75
147.75
148.5
150.0
150.0
150.75
150.75
151.5
153.0
153.0
153.0
153.0
153.0
153.0
151.5
151.5
151.5
151.5
149.25
147.0
147.0
143.5
143.5
142.75
141.5
141.5
140.25
140.25
140.25
139.5
139.5
140.75
140.75
140.66666666666666
140.58333333333334
140.5
140.41666666666666
140.33333333333334
140.25
140.25
139.5
139.5
139.5
138.25
138.25
135.75
135.75
135.75
134.0
134.0
134.0
134.0
133.25
133.25
132.25
131.82142857142858
131.39285714285714
130.96428571428572
130.53571428571428
130.10714285714286
129.67857142857142
129.25
129.25
128.75
128.75
128.25
128.25
128.25
127.75
127.75
127.0
127.0
128.25
127.92857142857143
127.60714285714286
127.28571428571429
126.96428571428571
126.64285714285714
126.32142857142857
126.0
126.0
119.5
119.5
119.5
114.5
114.5
116.25
116.53125
116.8125
117.09375
117.375
117.65625
117.9375
118.21875
118.5
118.5
120.0
120.0
119.0
119.0
121.0
120.875
120.75
120.625
120.5
120.375
120.25
120.125
120.0
120.0
120.5
120.5
118.5
118.5
118.0
118.64285714285714
119.28571428571429
119.92857142857143
120.57142857142857
121.21428571428571
121.85714285714286
122.5
122.5
123.0
123.0
122.5
122.5
122.5
122.5
123.0
123.0
122.5
122.5
121.0
121.0
120.5
120.5
120.5
120.5
119.95833333333333
119.41666666666667
118.875
118.33333333333333
117.79166666666667
117.25
120.5
120.5
121.0
121.0
122.0
122.0
123.0
123.0
124.5
124.5
125.0
125.0
127.75
127.75
130.5
132.25
132.25
132.25
132.25
134.5
134.5
133.25
133.25
131.0
128.75
128.75
127.75
127.75
126.35714285714286
124.96428571428571
123.57142857142857
122.17857142857143
120.78571428571429
119.39285714285714
118.0
118.0
115.0
115.0
115.0
115.0
115.5
115.5
116.25
116.25
118.0
118.0
117.75
117.75
118.0
118.0
117.32142857142857
116.64285714285714
115.96428571428571
115.28571428571429
114.60714285714286
113.92857142857143
113.25
113.25
113.25
110.0
110.0
109.0
109.0
106.5
106.5
103.0
103.0
103.0
101.75
101.75
98.25
98.25
98.25
96.75
96.75
98.0
98.0
98.0
102.5
102.5
105.0
105.0
106.5
106.5
107.5
107.5
107.25
107.25
107.25
106.0
106.0
107.25
107.25
107.25
107.25
106.75
106.75
106.75
110.75
110.75
113.25
113.25
114.5
114.5
117.75
117.75
116.75
116.75
119.0
119.0
118.5
118.5
118.5
118.5
120.0
120.0
121.5
121.5
122.0
122.0
122.0
122.0
123.5
123.5
122.5
122.5
124.0
124.0
123.5
123.5
125.0
125.5
125.5
126.0
126.0
145.0
145.0
140.8125
136.625
132.4375
128.25
129.75
129.75
129.75
129.75
130.5
130.5
130.5
132.25
132.25
132.75
132.75
134.5
134.5
137.0
137.0
137.0
136.25
136.25
136.25
136.25
135.75
135.25
135.25
132.25
132.25
134.0
134.0
134.0
134.0
132.75
146.25
146.25
125.5
125.5
132.75
132.75
135.75
136.25
136.25
140.75
140.75
134.5
134.5
137.0
137.5
137.5
137.0
137.0
137.0
137.0
136.25
137.5
137.5
137.20833333333334
136.91666666666666
136.625
136.33333333333334
136.04166666666666
135.75
135.75
136.25
136.25
150.75
150.75
129.25
137.0
137.0
137.5
137.5
139.5
140.25
140.25
140.75
140.75
141.5
157.0
157.0
133.25
133.25
139.5
139.5
139.5
141.5
141.5
139.0
139.0
140.25
139.5
139.5
140.25
140.25
139.0
139.0
138.25
138.25
138.25
137.0
137.0
137.5
137.5
139.5
139.0
139.0
139.5
139.5
139.5
142.75
142.75
142.75
142.75
142.75
142.75
142.75
142.75
142.75
142.75
142.75
142.75
143.5
143.5
143.5
142.75
142.75
142.75
142.75
142.25
142.25
142.25
141.5
141.5
140.75
140.75
140.75
140.25
140.25
140.75
158.75
158.75
154.125
149.5
144.875
140.25
141.5
143.5
143.5
143.5
143.5
144.25
144.25
144.25
145.0
145.0
144.25
143.5
143.5
143.5
143.5
143.5
142.75
142.75
142.25
142.25
143.5
142.75
142.75
143.5
143.5
143.5
142.75
142.75
142.75
142.75
142.75
142.25
142.25
145.75
145.75
138.25
138.25
141.5
142.25
142.25
141.5
141.5
142.25
142.25
142.25
142.25
142.25
142.25
142.75
142.75
143.5
143.5
142.75
143.5
143.5
143.5
143.5
142.75
142.75
142.75
142.75
142.75
142.75
142.25
142.25
142.25
142.25
142.25
142.25
141.5
142.25
142.25
142.75
142.75
143.5
143.5
143.5
145.0
145.0
145.0
146.25
146.25
147.0
147.0
147.0
147.75
147.75
147.75
148.5
148.5
147.75
147.75
147.75
147.75
147.75
147.0
146.25
146.25
145.75
145.75
145.75
145.75
145.75
145.75
145.75
145.75
145.75
145.75
145.0
145.0
145.75
144.25
144.25
144.25
144.25
143.5
142.75
142.75
142.25
142.25
142.75
142.25
142.25
142.75
142.75
143.5
145.75
145.75
147.0
147.0
147.75
148.5
148.5
148.5
148.5
149.25
148.5
148.5
148.5
148.5
148.5
148.5
148.5
148.5
148.5
148.5
147.75
147.75
147.75
148.5
148.5
147.0
147.75
147.75
147.0
147.0
147.75
146.25
146.25
147.0
146.25
146.25
145.0
145.0
143.5
143.5
142.25
142.75
142.75
145.75
147.0
147.0
148.5
148.5
148.5
150.0
150.0
152.25
152.25
152.25
153.75
153.75
154.75
153.75
153.75
152.25
149.25
149.25
147.0
147.0
144.25
142.75
142.75
139.5
139.5
139.0
136.25
136.25
133.25
133.25
131.0
131.0
130.45833333333334
129.91666666666666
129.375
128.83333333333334
128.29166666666666
127.75
127.75
126.0
126.0
125.0
125.0
124.5
124.5
125.0
125.0
123.0
123.0
122.0
122.0
123.5
123.5
124.0
124.0
124.0
124.0
125.5
125.5
124.5
124.17647058823529
123.8529411764706
123.52941176470588
123.20588235294117
122.88235294117646
122.55882352941177
122.23529411764706
121.91176470588235
121.58823529411765
121.26470588235294
120.94117647058823
120.61764705882354
120.29411764705883
119.97058823529412
119.6470588235294
119.32352941176471
119.0
119.0
119.5
119.5
118.5
118.5
118.5
118.5
117.75
117.75
117.75
117.75
117.25
117.25
117.75
117.75
118.0
118.0
119.5
119.5
118.0
118.0
116.75
116.75
115.5
115.5
115.75
115.75
118.0
118.0
117.25
117.25
117.25
122.0
114.0
114.0
115.75
115.75
115.75
116.25
116.25
116.25
116.25
115.0
115.0
114.0
114.0
113.75
113.75
113.25
113.25
113.5
113.75
114.0
114.25
114.5
114.75
115.0
115.0
115.5
115.5
116.25
116.25
113.75
113.75
111.88888888888889
110.02777777777777
108.16666666666667
106.30555555555556
104.44444444444444
102.58333333333333
100.72222222222223
98.86111111111111
97.0
97.0
97.5
97.5
90.25
90.25
90.25
91.0
91.0
91.0
89.25
89.25
89.25
85.5
85.5
86.0
86.0
86.0
82.75
82.75
82.75
81.75
81.75
81.75
81.5
81.5
81.5
79.75
79.75
79.75
78.25
78.25
78.25
77.25
77.25
77.25
75.25
75.25
75.25
75.25
75.0
75.0
75.0
75.5
75.5
75.5
73.25
73.25
73.25
74.75
74.75
74.75
74.75
72.0
72.0
72.0
72.75
72.75
72.75
72.0
72.0
72.0
72.0
74.25
74.25
74.25
70.25
70.25
70.25
74.75
74.75
74.75
78.25
78.25
78.25
82.25
82.25
82.25
84.5
84.5
84.5
86.25
86.25
86.25
86.25
86.25
87.5
87.5
87.5
93.75
93.75
97.5
97.5
97.5
99.75
99.75
105.0
105.0
107.5
107.5
112.0
112.0
115.0
115.0
115.0
117.25
117.25
119.5
119.5
119.5
119.5
120.0
120.0
118.0
118.0
120.0
120.0
121.0
121.0
123.0
123.5
123.5
126.5
126.5
128.25
128.25
126.5
126.5
127.0
127.0
127.75
127.75
128.75
128.75
129.25
128.75
128.75
129.25
129.25
130.5
130.5
130.5
130.5
132.25
132.25
134.5
138.25
138.25
147.0
147.0
133.25
133.25
137.0
135.25
135.25
134.5
134.5
134.0
134.0
133.25
133.0
132.75
132.5
132.25
132.0
131.75
131.5
131.5
133.25
134.5
134.5
132.25
132.25
133.25
133.25
134.5
134.5
134.5
134.5
134.5
134.0
134.0
132.25
132.25
133.25
133.25
133.25
132.25
132.25
135.25
135.25
130.5
130.5
132.75
132.75
132.75
132.75
132.75
134.0
134.0
135.25
135.25
135.25
135.25
136.25
137.5
137.5
138.25
138.25
138.25
138.25
137.5
139.0
139.0
139.0
139.25
139.5
139.75
140.0
140.25
140.5
140.75
142.25
142.25
141.5
141.5
140.75
140.25
140.25
140.25
140.25
140.25
140.25
140.25
140.25
140.25
139.0
139.0
137.5
137.5
137.5
137.5
137.5
136.25
136.25
137.0
137.0
137.0
137.5
137.5
137.0
137.07142857142858
137.14285714285714
137.21428571428572
137.28571428571428
137.35714285714286
137.42857142857142
137.5
137.5
138.25
153.0
153.0
129.75
129.75
138.25
139.5
139.5
140.25
140.25
139.5
139.5
139.5
139.5
139.5
145.75
145.75
134.0
134.0
139.0
139.5
139.5
139.5
139.5
140.25
140.75
140.75
140.75
140.75
140.75
141.5
141.5
141.5
141.5
145.75
145.75
139.0
140.75
140.75
141.5
141.5
140.25
141.5
141.5
140.25
140.25
137.5
137.5
137.5
137.0
137.0
137.5
137.89285714285714
138.28571428571428
138.67857142857142
139.07142857142858
139.46428571428572
139.85714285714286
140.25
140.25
140.25
140.75
140.75
140.75
140.75
141.5
140.75
140.75
139.5
139.5
139.5
139.5
137.5
135.75
135.75
134.5
134.5
136.25
136.25
134.5
135.33333333333334
136.16666666666666
137.0
137.83333333333334
138.66666666666666
139.5
139.5
140.75
140.75
141.5
141.5
141.5
141.5
141.5
140.25
140.25
139.0
139.0
139.0
138.25
138.25
139.0
139.0
137.0
135.25
135.25
134.5
134.5
134.0
134.0
134.5
134.5
136.25
136.25
136.25
137.0
137.0
149.25
149.25
128.75
136.25
136.25
137.5
137.5
137.5
137.5
137.5
137.0
137.0
137.5
137.5
137.5
137.5
137.5
137.5
137.5
137.5
137.5
138.25
139.5
139.5
139.0
139.0
139.0
155.5
155.5
151.0
146.5
142.0
137.5
139.0
138.25
138.25
138.25
138.25
139.5
139.5
137.5
139.5
139.5
138.25
138.25
139.0
140.75
140.75
139.5
139.5
140.75
140.75
140.75
141.5
141.5
140.25
140.25
140.75
140.25
140.25
140.25
140.25
140.25
140.25
139.0
137.0
137.0
139.0
139.0
138.25
138.25
137.0
137.5
137.5
137.5
137.5
143.5
143.5
133.25
136.25
136.25
137.5
137.5
138.25
138.25
138.25
138.25
138.25
138.25
138.25
137.5
139.0
139.0
139.5
139.5
138.25
138.25
138.25
137.0
137.0
137.20833333333334
137.41666666666666
137.625
137.83333333333334
138.04166666666666
138.25
138.25
138.25
138.25
139.5
139.0
139.0
138.25
138.25
137.5
137.5
138.25
138.25
138.25
137.5
137.5
138.25
138.25
138.25
137.0
137.0
138.25
138.25
138.25
138.25
138.25
139.0
139.0
138.25
138.25
138.25
139.0
139.0
139.5
139.5
139.0
139.0
140.25
139.5
139.5
139.5
139.5
140.25
139.0
139.0
139.0
139.0
139.0
139.0
138.25
139.0
139.0
137.5
137.5
137.5
137.5
137.0
137.0
137.0
136.25
136.25
135.25
135.25
136.25
150.75
150.75
126.5
126.5
134.5
134.5
135.25
136.25
136.25
137.0
137.0
137.0
137.0
137.0
137.5
137.5
138.25
138.25
138.25
162.25
162.25
156.0625
149.875
143.6875
137.5
138.25
138.25
139.0
139.5
139.5
139.5
139.5
140.25
140.25
140.25
140.25
140.25
139.5
139.5
139.5
139.0
139.0
139.0
139.0
139.0
139.0
139.0
139.5
139.5
139.0
139.0
139.5
140.75
140.75
140.25
140.25
140.75
140.75
140.75
140.25
140.25
140.75
140.75
140.75
140.25
140.25
140.25
140.25
140.25
139.5
139.5
140.75
140.75
141.5
141.5
142.25
143.5
143.5
145.0
146.25
146.25
147.0
147.0
147.75
148.5
148.5
148.5
148.5
149.25
150.75
150.75
150.75
151.5
151.5
151.5
151.5
151.5
151.5
151.5
150.75
150.75
150.75
150.0
148.5
148.5
149.25
149.25
147.0
146.25
146.25
146.25
146.25
146.25
145.75
145.75
144.25
144.25
144.25
142.75
142.75
142.25
142.25
141.5
140.25
140.25
140.25
140.25
140.75
140.75
140.25
140.25
140.25
139.0
139.0
139.0
139.5
139.5
139.5
139.5
147.0
147.0
133.25
138.25
138.25
139.0
139.0
139.5
139.5
139.5
140.25
140.25
141.5
141.5
141.5
142.25
142.25
142.25
142.25
142.75
142.75
142.75
143.5
143.5
143.5
142.75
142.75
143.5
143.5
143.5
142.75
142.75
143.5
143.5
142.25
142.25
142.25
140.75
140.75
139.5
139.5
139.0
138.25
138.25
137.5
137.5
137.0
137.0
138.25
138.25
138.25
139.5
139.5
139.0
148.5
148.5
134.0
134.0
139.5
139.5
139.5
139.0
139.0
139.0
139.0
139.0
138.25
138.25
137.5
137.5
137.0
137.0
137.0
137.0
137.0
137.0
137.0
137.0
137.0
137.5
137.5
137.5
137.5
137.5
161.25
161.25
155.1875
149.125
143.0625
137.0
137.0
136.25
136.25
135.25
132.75
132.75
132.75
132.75
131.5
131.5
132.25
132.25
134.0
135.375
136.75
138.125
139.5
140.875
142.25
142.25
145.0
145.0
145.75
148.5
148.5
149.25
149.25
150.0
150.75
150.75
149.25
147.75
147.75
147.75
146.25
145.0
142.75
142.75
140.75
140.75
138.25
138.25
137.0
134.0
134.0
132.25
132.25
130.5
130.5
142.75
142.75
118.0
118.0
127.0
127.75
127.75
129.75
129.75
129.875
130.0
130.125
130.25
130.375
130.5
129.75
130.5
130.5
129.25
129.25
127.0
127.0
122.0
122.0
114.5
114.5
113.25
113.25
113.16964285714286
113.08928571428571
113.00892857142857
112.92857142857143
112.84821428571429
112.76785714285714
112.6875
112.60714285714286
112.52678571428571
112.44642857142857
112.36607142857143
112.28571428571429
112.20535714285714
112.125
112.04464285714286
111.96428571428571
111.88392857142857
111.80357142857143
111.72321428571429
111.64285714285714
111.5625
111.48214285714286
111.40178571428571
111.32142857142857
111.24107142857143
111.16071428571429
111.08035714285714
111.0
111.0
112.75
112.75
112.25
112.25
113.25
113.25
112.25
112.25
112.25
111.0
111.0
112.0
112.0
110.75
110.75
111.5
111.54166666666667
111.58333333333333
111.625
111.66666666666667
111.70833333333333
111.75
111.79166666666667
111.83333333333333
111.875
111.91666666666667
111.95833333333333
112.0
112.04166666666667
112.08333333333333
112.125
112.16666666666667
112.20833333333333
112.25
112.25
112.25
112.0
111.0
111.0
111.0
111.5
112.03125
112.5625
113.09375
113.625
114.15625
114.6875
115.21875
115.75
115.75
114.5
114.5
115.75
115.75
118.0
118.0
118.5
118.5
118.5
118.5
119.0
117.375
115.75
114.125
112.5
110.875
109.25
107.625
106.0
106.0
108.25
108.25
108.25
116.25
116.25
112.25
112.25
107.5
107.5
107.25
107.25
105.75
105.75
105.75
103.75
103.75
106.0
106.0
108.25
108.25
110.75
110.75
110.75
112.0
112.0
113.75
113.75
115.0
115.0
122.0
122.0
109.0
109.0
113.25
113.25
112.0
112.0
112.0
110.75
110.75
110.75
110.75
106.5
106.5
108.0
108.0
109.0
109.0
106.5
106.5
106.5
107.5
107.5
107.25
107.25
107.5
107.5
110.25
110.25
110.25
109.0
109.0
109.5
109.5
108.75
108.75
108.75
108.75
105.0
105.0
105.0
101.25
101.25
102.0
102.0
105.75
105.75
105.75
107.5
107.5
112.0
112.0
114.5
114.5
116.25
116.25
117.75
117.75
119.0
119.0
119.0
119.4375
119.875
120.3125
120.75
121.1875
121.625
122.0625
122.5
122.5
124.0
124.0
124.0
125.5
125.5
140.25
140.25
115.75
115.75
127.0
127.0
129.25
129.25
128.75
128.92424242424244
129.09848484848484
129.27272727272728
129.4469696969697
129.62121212121212
129.79545454545453
129.96969696969697
130.1439393939394
130.3181818181818
130.49242424242425
130.66666666666666
130.8409090909091
131.0151515151515
131.18939393939394
131.36363636363637
131.53787878787878
131.71212121212122
131.88636363636363
132.06060606060606
132.2348484848485
132.4090909090909
132.58333333333334
132.75757575757575
132.9318181818182
133.1060606060606
133.28030303030303
133.45454545454547
133.62878787878788
133.8030303030303
133.97727272727272
134.15151515151516
134.32575757575756
134.5
134.5
134.0
134.0
156.25
156.25
151.0
145.75
140.5
135.25
135.25
137.0
137.0
137.0
137.0
137.0
137.0
137.0
137.5
137.5
137.5
138.25
138.25
137.5
137.5
138.25
138.25
138.25
138.25
138.25
136.25
136.25
135.75
135.75
135.25
135.25
135.25
136.25
136.25
136.25
136.25
136.25
137.5
137.5
137.5
137.5
138.25
138.25
138.25
139.0
139.0
138.75
138.5
138.25
138.0
137.75
137.5
137.5
137.5
137.5
137.5
137.0
137.0
137.0
137.0
137.0
137.0
137.0
137.0
137.0
137.07142857142858
137.14285714285714
137.21428571428572
137.28571428571428
137.35714285714286
137.42857142857142
137.5
138.25
138.25
137.5
137.0
137.0
137.0
137.0
136.25
136.25
135.75
137.0
137.0
135.75
135.75
136.25
136.25
135.25
148.5
148.5
127.0
127.0
135.25
135.25
136.25
136.25
136.25
139.5
139.5
139.0
139.0
139.0
140.75
142.25
142.75
142.75
142.75
143.5
143.5
143.5
143.5
140.75
142.75
142.75
141.5
141.5
140.75
140.75
140.75
140.25
140.25
139.0
139.0
139.5
139.0
139.0
137.5
137.5
137.5
137.5
138.25
138.25
138.25
137.0
137.0
137.0
137.0
137.0
136.25
136.25
136.25
136.25
135.75
135.75
137.0
136.25
136.25
137.0
137.0
137.0
137.0
138.25
137.5
137.5
138.25
138.25
139.0
139.0
138.25
139.0
139.0
139.0
139.0
139.0
139.0
139.0
139.5
139.5
139.0
139.0
138.25
139.0
139.0
139.0
139.0
139.0
139.0
139.0
139.5
139.5
139.5
139.5
139.5
137.5
137.5
139.5
139.5
139.5
139.5
139.0
139.5
139.5
139.5
139.5
140.25
140.25
139.5
140.25
140.25
139.5
139.5
139.5
139.0
139.0
137.5
137.5
137.5
137.5
138.25
137.5
137.5
138.25
138.25
138.25
138.25
138.25
139.0
139.0
139.0
139.0
138.25
138.25
139.0
138.25
138.25
139.0
139.0
139.0
139.0
139.0
139.5
139.5
139.5
139.5
140.75
140.75
140.75
140.75
140.75
140.75
140.75
140.75
140.75
140.75
140.25
140.25
139.0
140.25
140.25
139.5
139.5
139.0
139.5
139.5
139.0
139.0
137.5
137.5
138.25
137.0
137.0
136.25
136.25
137.5
137.5
138.25
139.0
139.0
140.25
140.25
140.75
141.5
141.5
142.25
142.25
141.5
141.5
140.75
139.5
139.5
139.0
139.0
137.5
137.0
137.0
135.75
135.75
135.25
135.25
134.0
134.0
133.25
132.75
132.75
131.0
131.0
131.0
131.0
130.5
130.5
128.25
128.25
126.0
126.0
122.0
122.0
122.0
122.89285714285714
123.78571428571429
124.67857142857143
125.57142857142857
126.46428571428571
127.35714285714286
128.25
128.25
129.75
129.75
128.75
128.75
128.25
128.25
126.0
126.0
121.5
121.5
118.5
118.5
116.25
116.25
115.75
115.75
115.0
114.88157894736842
114.76315789473684
114.64473684210526
114.52631578947368
114.40789473684211
114.28947368421052
114.17105263157895
114.05263157894737
113.9342105263158
113.8157894736842
113.69736842105263
113.57894736842105
113.46052631578948
113.34210526315789
113.22368421052632
113.10526315789474
112.98684210526316
112.86842105263158
112.75
113.75
113.75
113.75
114.5
116.25
116.25
115.75
115.75
116.75
116.75
117.25
117.25
116.59375
115.9375
115.28125
114.625
113.96875
113.3125
112.65625
112.0
112.0
113.25
113.25
105.75
105.75
103.0
103.0
106.5
106.5
106.5
106.5
110.0
111.0
111.0
111.0
111.0
111.5
111.5
110.25
110.25
109.5
109.5
110.1875
110.875
111.5625
112.25
112.9375
113.625
114.3125
115.0
115.0
116.25
116.25
116.25
116.25
118.0
142.25
142.25
142.25
135.3125
128.375
121.4375
114.5
116.75
116.75
115.5
115.5
115.5
115.5
115.5
115.5
115.33333333333333
115.16666666666667
115.0
114.83333333333333
114.66666666666667
114.5
116.25
116.25
113.75
113.75
113.75
112.75
112.75
108.0
108.0
103.0
103.0
103.0
94.25
94.25
89.75
89.75
89.75
89.75
74.0
74.0
74.0
78.5
78.5
78.5
81.0
81.0
81.0
81.25
81.25
81.25
78.75
78.75
78.75
80.75
80.75
81.0
81.0
81.0
80.5
80.5
80.5
80.5
76.5
76.5
76.5
71.75
71.75
71.75
73.0
73.0
73.0
73.0
73.5
73.5
73.5
74.25
74.25
74.25
75.75
75.75
75.75
79.0
79.0
79.0
80.5
80.5
80.5
83.25
83.25
83.25
84.75
84.75
84.75
80.75
80.75
80.75
80.25
80.25
83.25
83.25
83.25
84.5
84.5
84.5
88.75
88.75
88.75
91.75
91.75
96.25
96.25
96.25
96.25
96.25
97.5
97.5
102.5
102.5
102.5
103.5
103.5
107.5
107.5
110.75
110.75
112.25
112.25
116.75
116.75
120.0
120.0
126.0
126.0
128.75
128.75
129.75
129.75
129.75
129.75
129.75
129.75
129.75
128.25
128.25
128.64285714285714
129.03571428571428
129.42857142857142
129.82142857142858
130.21428571428572
130.60714285714286
131.0
132.75
132.75
131.5
131.5
131.0
131.0
131.0
131.0
132.25
143.5
143.5
129.75
129.75
140.25
140.25
139.5
141.5
141.5
140.95833333333334
140.41666666666666
139.875
139.33333333333334
138.79166666666666
138.25
138.25
138.25
138.25
138.25
138.25
138.25
136.25
136.25
137.5
137.5
137.5
136.25
136.25
136.25
136.25
135.75
135.75
136.25
136.25
134.0
134.0
134.0
134.0
134.0
135.25
135.25
135.25
135.75
135.75
135.75
135.75
135.75
135.75
135.75
135.25
135.25
135.25
135.25
137.0
137.0
137.5
137.5
137.5
137.5
137.5
138.25
138.25
138.25
137.5
137.5
138.25
138.25
137.5
137.5
138.25
147.0
147.0
132.25
132.25
137.5
137.5
138.25
137.5
137.5
139.0
139.0
138.25
139.5
139.5
139.5
139.5
140.25
140.25
140.25
139.5
139.5
140.25
140.25
139.0
139.5
139.5
139.0
139.0
138.25
138.25
139.5
139.5
139.5
140.75
140.75
142.75
141.5
141.5
140.75
140.75
139.0
139.0
132.25
132.25
124.0
124.0
116.25
116.25
109.0
109.0
114.0
114.0
120.0
120.0
122.5
122.5
124.0
124.0
126.0
146.25
146.25
142.0
137.75
133.5
129.25
131.5
131.5
132.75
132.75
156.25
151.0
145.75
140.5
135.25
136.25
136.25
138.25
138.25
138.25
139.0
139.0
138.25
159.5
159.5
153.5625
147.625
141.6875
135.75
137.5
137.5
137.0
137.5
137.5
137.0
137.0
138.25
146.25
146.25
131.5
131.5
137.5
137.5
137.5
137.5
138.25
137.0
137.0
138.25
138.25
138.25
138.25
138.25
138.25
138.25
139.0
139.07142857142858
139.14285714285714
139.21428571428572
139.28571428571428
139.35714285714286
139.42857142857142
139.5
140.25
140.25
140.75
140.75
139.5
139.5
137.5
134.5
134.5
133.25
133.25
135.75
135.75
146.25
131.5
131.5
137.0
137.0
139.0
139.0
139.5
137.5
137.5
137.5
137.5
135.75
135.75
137.5
136.25
136.25
137.0
137.0
137.0
137.0
137.0
137.0
137.0
137.20833333333334
137.41666666666666
137.625
137.83333333333334
138.04166666666666
138.25
138.25
139.0
139.0
139.0
138.25
138.25
138.25
140.25
139.0
138.25
138.25
139.5
139.5
138.25
138.25
139.5
138.25
138.25
151.5
151.5
131.0
131.0
137.0
139.5
139.5
138.25
138.25
137.0
137.0
138.25
138.25
138.25
138.25
138.25
139.0
137.5
137.5
139.0
139.0
137.5
137.5
139.0
139.5
139.5
140.75
140.75
140.25
141.5
141.5
142.75
142.75
143.5
143.5
143.5
145.0
145.0
144.25
145.0
145.0
144.25
144.25
145.0
144.25
144.25
144.25
144.25
144.25
143.5
143.5
143.5
143.5
142.25
142.25
142.75
142.75
142.75
141.5
141.5
141.5
142.25
142.25
140.75
140.75
141.5
140.75
140.75
141.5
141.5
141.5
141.5
141.5
142.25
142.25
141.5
141.5
142.25
142.75
142.75
142.75
142.75
142.25
142.75
142.75
142.75
142.75
142.75
142.25
142.25
142.75
142.75
141.5
141.5
141.5
142.25
142.25
142.25
141.5
141.5
142.25
142.25
140.75
140.75
140.75
140.75
140.75
140.25
140.25
140.25
139.5
139.5
139.5
139.5
139.5
139.5
139.5
139.5
139.5
139.5
139.5
138.25
139.0
139.0
138.25
138.25
138.25
138.25
139.0
138.25
138.25
137.5
137.5
138.25
138.25
138.25
138.25
138.25
139.0
139.0
139.0
139.0
138.25
139.5
139.5
139.5
139.5
139.0
139.0
139.0
163.0
163.0
157.125
151.25
145.375
139.5
139.5
140.75
140.75
140.25
139.5
139.5
139.0
139.0
137.0
137.0
137.0
135.75
135.75
135.75
135.75
136.25
136.25
135.75
137.0
137.0
137.5
137.5
138.25
138.25
147.75
131.5
131.5
138.25
138.25
137.0
137.0
137.5
137.0
137.0
137.0
137.0
135.75
135.75
135.75
135.75
135.75
136.25
136.25
137.0
137.0
137.0
137.0
137.0
137.41666666666666
137.83333333333334
138.25
138.66666666666666
139.08333333333334
139.5
139.5
141.5
141.5
142.25
142.75
142.75
143.5
143.5
144.25
144.25
144.25
144.25
144.25
144.25
144.25
144.25
144.25
144.25
144.25
145.0
145.0
145.75
146.25
146.25
147.0
147.0
147.0
148.5
148.5
150.0
150.0
150.75
152.25
152.25
152.25
152.25
152.25
146.25
146.25
146.25
146.25
146.25
147.0
147.75
147.75
146.25
146.25
144.25
142.25
142.25
140.75
140.75
140.25
140.25
137.5
136.25
136.25
133.25
133.25
131.0
131.0
126.0
126.0
120.0
120.0
115.0
115.0
114.5
115.3125
116.125
116.9375
117.75
118.5625
119.375
120.1875
121.0
121.0
120.5
120.5
121.5
121.5
128.25
128.25
131.5
129.25
129.25
127.75
127.75
126.35714285714286
124.96428571428571
123.57142857142857
122.17857142857143
120.78571428571429
119.39285714285714
118.0
118.0
118.5
118.5
115.0
115.0
113.75
113.75
110.75
110.75
107.5
107.5
107.5
105.75
106.78125
107.8125
108.84375
109.875
110.90625
111.9375
112.96875
114.0
114.0
116.25
116.25
117.25
117.25
118.5
118.5
120.0
120.0
119.0
119.0
118.0
118.0
117.40178571428571
116.80357142857143
116.20535714285714
115.60714285714286
115.00892857142857
114.41071428571429
113.8125
113.21428571428571
112.61607142857143
112.01785714285714
111.41964285714286
110.82142857142857
110.22321428571429
109.625
109.02678571428571
108.42857142857143
107.83035714285714
107.23214285714286
106.63392857142857
106.03571428571429
105.4375
104.83928571428571
104.24107142857143
103.64285714285714
103.04464285714286
102.44642857142857
101.84821428571429
101.25
101.25
112.25
112.25
114.0
114.0
114.0
114.0
116.75
116.75
117.25
117.25
117.25
117.25
117.25
117.25
117.25
117.25
117.25
117.25
119.5
119.5
122.5
122.5
124.0
124.0
124.0
124.5
125.5
125.5
126.0
125.42857142857143
124.85714285714286
124.28571428571429
123.71428571428571
123.14285714285714
122.57142857142857
122.0
122.0
120.0
120.0
116.25
116.25
116.75
116.75
116.25
116.25
115.75
115.75
115.5
115.5
117.25
117.25
118.5
118.5
118.5
118.5
118.5
118.5
118.5
116.25
116.25
117.75
117.75
115.75
115.75
114.5
114.5
115.75
116.09375
116.4375
116.78125
117.125
117.46875
117.8125
118.15625
118.5
118.5
118.0
118.0
115.75
115.75
116.25
116.25
116.53125
116.8125
117.09375
117.375
117.65625
117.9375
118.21875
118.5
115.75
115.75
115.0
115.0
115.0
115.0
115.10714285714286
115.21428571428571
115.32142857142857
115.42857142857143
115.53571428571429
115.64285714285714
115.75
115.75
115.75
116.75
114.0
114.0
113.75
113.75
113.75
115.0
115.0
116.25
116.78125
117.3125
117.84375
118.375
118.90625
119.4375
119.96875
120.5
120.5
120.5
119.5
119.5
121.0
121.0
121.0
120.91666666666667
120.83333333333333
120.75
120.66666666666667
120.58333333333333
120.5
120.5
120.5
120.0
120.5
120.5
120.5
121.0
121.66666666666667
122.33333333333333
123.0
123.66666666666667
124.33333333333333
125.0
125.0
126.5
126.5
127.0
127.0
127.0
127.0
127.0
127.0
126.0
126.0
124.5
124.5
124.5
124.5
123.0
123.0
122.5
122.5
123.5
123.5
124.0
125.0
125.0
126.5
126.5
127.23333333333333
127.96666666666667
128.7
129.43333333333334
130.16666666666666
130.9
131.63333333333333
132.36666666666667
133.1
133.83333333333334
134.56666666666666
135.3
136.03333333333333
136.76666666666668
137.5
137.5
139.0
139.0
138.25
138.25
137.0
137.5
137.5
150.75
150.75
129.25
135.75
135.75
135.25
135.25
135.25
135.25
134.5
134.5
133.25
134.0
134.0
134.08333333333334
134.16666666666666
134.25
134.33333333333334
134.41666666666666
134.5
134.5
134.5
134.5
134.5
134.5
135.25
135.25
135.25
135.25
135.25
135.25
135.25
134.0
134.0
134.0
134.0
134.0
145.0
145.0
126.5
126.5
132.25
132.25
134.5
134.0
134.0
134.5
134.5
135.25
135.25
135.75
135.67857142857142
135.60714285714286
135.53571428571428
135.46428571428572
135.39285714285714
135.32142857142858
135.25
135.75
135.75
136.25
136.25
137.0
137.0
135.75
135.95833333333334
136.16666666666666
136.375
136.58333333333334
136.79166666666666
137.0
137.0
137.5
137.5
137.5
137.5
137.5
137.0
137.0
137.0
137.0
137.5
137.5
137.5
147.0
147.0
132.25
132.25
139.5
139.0
139.0
137.5
137.5
136.25
136.25
132.25
132.25
132.25
137.5
137.5
124.0
124.0
128.75
128.75
128.25
128.25
130.5
130.5
130.79166666666666
131.08333333333334
131.375
131.66666666666666
131.95833333333334
132.25
132.25
132.25
131.5
153.75
148.0625
142.375
136.6875
131.0
132.25
132.25
132.75
132.75
134.0
132.75
132.75
133.25
133.25
134.0
134.0
134.0
134.0
134.5
135.25
135.25
134.5
134.5
134.5
134.5
134.5
134.5
136.25
137.0
137.0
137.5
137.5
139.0
138.25
138.25
139.0
139.0
139.0
139.0
140.25
141.5
141.5
142.25
142.25
142.25
143.5
143.5
145.75
145.75
146.25
147.75
147.75
149.25
150.75
150.75
150.75
150.75
151.5
151.5
151.5
150.0
150.0
150.0
148.5
148.5
148.5
147.75
147.75
146.25
146.25
146.25
147.0
145.0
143.5
143.5
140.75
140.75
140.75
140.75
140.75
141.5
142.75
142.75
142.25
142.25
143.5
142.75
142.75
143.5
143.5
143.5
143.5
143.5
143.5
143.5
142.75
142.75
142.75
144.25
144.25
145.0
148.5
148.5
147.0
147.0
149.25
151.5
151.5
152.25
151.5
151.5
150.75
150.75
149.25
147.75
147.75
147.0
147.0
142.75
140.25
140.25
149.25
149.25
125.0
125.0
129.25
129.25
126.5
126.0
126.0
125.88888888888889
125.77777777777777
125.66666666666667
125.55555555555556
125.44444444444444
125.33333333333333
125.22222222222223
125.11111111111111
125.0
125.0
124.0
124.0
125.5
125.5
130.5
130.5
132.75
134.5
134.5
136.25
136.25
137.5
137.5
139.5
142.25
142.25
143.5
143.5
145.0
147.0
147.0
149.25
150.75
150.75
153.0
153.0
154.75
155.5
155.5
156.25
158.75
158.75
157.0
158.75
158.75
158.0
156.25
156.25
155.5
151.5
151.5
148.5
148.5
140.75
140.75
124.5
140.25
140.25
147.75
147.75
154.75
136.25
136.25
118.5
118.5
121.5
121.5
116.25
116.25
116.25
107.25
107.25
114.0
114.0
123.5
123.5
125.5
125.5
120.0
120.0
119.0
119.0
122.5
125.5
125.5
129.25
129.25
128.75
128.75
118.0
118.0
118.0
100.75
100.75
100.75
100.75
99.25
99.25
99.25
94.75
94.75
92.5
92.5
92.5
88.0
88.0
88.0
83.5
83.5
83.5
88.0
88.0
88.0
85.5
85.5
88.25
88.25
88.25
85.0
85.0
85.0
88.5
88.5
88.5
86.5
86.5
86.5
83.0
83.0
83.0
81.25
81.25
91.0
91.0
111.0
111.0
111.0
95.0
95.0
111.5
111.5
105.75
105.75
105.75
105.75
94.25
90.25
90.25
90.25
88.25
88.25
88.25
90.0
90.0
91.0
91.0
91.0
90.25
90.25
101.75
101.75
101.75
101.75
97.0
92.25
87.5
82.75
82.75
85.5
85.5
85.5
85.5
85.5
85.5
84.25
84.25
84.25
84.5
84.5
84.5
91.0
91.0
83.75
83.75
83.75
86.5
86.5
86.5
83.75
83.75
83.75
80.0
80.0
80.0
82.5
82.5
82.5
82.5
83.625
84.75
85.875
87.0
88.125
89.25
90.375
91.5
91.5
91.5
95.75
95.75
93.0
93.0
93.0
101.0
101.0
105.0
105.0
105.0
83.25
83.25
83.25
84.25
84.25
84.25
88.0
88.0
90.25
90.25
112.0
112.0
112.0
104.9375
97.875
90.8125
83.75
83.75
83.75
88.25
88.25
89.25
89.25
89.25
90.0
90.0
90.0
90.0
90.0
90.14285714285714
90.28571428571429
90.42857142857143
90.57142857142857
90.71428571428571
90.85714285714286
91.0
91.0
98.25
98.25
101.25
101.25
100.75
100.75
100.75
103.5
103.5
102.75
102.75
101.75
101.75
101.75
102.75
102.75
101.25
101.25
103.5
103.5
103.5
101.25
101.25
101.5625
101.875
102.1875
102.5
102.8125
103.125
103.4375
103.75
103.75
108.75
108.75
112.75
112.75
105.75
105.75
105.75
102.0
102.0
94.25
94.25
94.25
99.75
99.75
93.5
93.5
94.5625
95.625
96.6875
97.75
98.8125
99.875
100.9375
102.0
102.0
102.0
102.0
102.0
100.25
100.25
102.5
102.5
101.75
101.75
101.75
98.25
98.25
105.75
105.75
109.0
109.0
114.5
114.5
115.0
115.0
115.5
115.5
115.5
115.5
115.5
118.0
118.0
118.5
118.5
117.25
117.25
119.0
119.0
121.0
121.0
123.5
123.5
125.5
123.0
123.0
123.0
117.75
117.75
115.5
115.5
117.25
117.25
121.5
121.5
126.0
129.25
129.25
129.25
129.25
131.0
131.0
131.5
131.5
134.0
134.0
134.0
133.25
133.25
134.5
134.5
133.25
133.25
132.25
133.25
133.25
131.5
131.5
134.0
134.0
132.25
132.25
134.0
134.5
134.5
134.0
134.0
134.0
134.11363636363637
134.22727272727272
134.3409090909091
134.45454545454547
134.5681818181818
134.6818181818182
134.79545454545453
134.9090909090909
135.02272727272728
135.13636363636363
135.25
135.75
135.75
135.75
135.75
135.25
135.25
135.75
135.75
135.75
136.25
136.25
137.0
137.46428571428572
137.92857142857142
138.39285714285714
138.85714285714286
139.32142857142858
139.78571428571428
140.25
140.25
143.5
144.25
144.25
146.25
145.46428571428572
144.67857142857142
143.89285714285714
143.10714285714286
142.32142857142858
141.53571428571428
140.75
140.75
142.75
142.25
142.25
142.25
143.5
143.35
143.2
143.05
142.9
142.75
142.75
140.75
140.75
140.25
139.5
139.5
157.0
157.0
155.5
151.5
151.5
150.0
148.5
148.5
148.5
146.25
160.5
137.5
137.5
147.0
147.0
147.75
147.75
147.75
146.25
146.25
147.75
147.0
147.0
147.75
148.5
148.5
149.25
149.25
149.25
150.75
151.5
150.75
151.5
151.5
151.5
153.0
153.0
153.0
153.0
154.75
153.0
153.0
153.75
154.75
154.75
154.75
153.75
153.75
153.75
154.75
154.75
153.75
153.75
154.75
153.75
153.75
153.0
153.0
153.0
151.5
150.75
150.75
150.0
150.0
148.5
148.5
148.5
147.0
147.0
146.25
147.0
147.0
145.75
145.75
146.25
146.25
146.25
145.75
146.25
146.25
146.25
146.25
147.0
147.0
147.0
147.0
147.0
147.0
146.25
146.25
147.0
147.0
146.25
146.25
146.25
147.0
146.25
146.25
146.25
146.25
144.25
144.25
144.25
142.75
142.75
142.25
140.75
140.75
142.25
142.25
141.5
141.5
142.25
141.5
141.5
141.5
141.5
140.75
139.5
139.5
135.75
135.75
129.25
129.25
123.0
123.0
123.0
123.0
123.0
126.0
130.5
132.25
132.25
132.75
132.75
133.25
133.25
133.25
133.25
137.0
137.5
137.5
140.25
140.25
143.5
146.25
146.25
148.5
148.5
150.0
151.5
151.5
153.0
153.0
153.0
154.75
153.75
153.75
153.75
153.75
153.0
152.25
152.25
149.25
147.75
147.75
143.5
143.5
140.25
140.25
137.0
132.75
132.75
131.0
131.0
128.25
128.25
127.0
127.0
127.75
127.75
128.25
128.25
127.75
125.5
125.5
126.0
126.0
125.5
125.5
123.5
123.5
123.5
123.5
123.5
123.5
124.5
124.5
124.0
124.0
124.5
124.5
123.5
123.5
122.0
122.0
120.0
120.0
119.5
119.5
119.0
119.0
119.5
119.5
117.75
117.75
116.25
116.25
117.25
117.25
116.25
116.25
115.0
115.0
113.75
114.0625
114.375
114.6875
115.0
115.3125
115.625
115.9375
116.25
116.25
115.75
115.75
112.25
112.25
112.25
99.75
99.75
93.0
93.0
94.40625
95.8125
97.21875
98.625
100.03125
101.4375
102.84375
104.25
104.25
99.75
99.75
99.75
90.0
90.0
90.0
89.0
89.0
90.75
90.75
90.75
95.75
97.71875
99.6875
101.65625
103.625
105.59375
107.5625
109.53125
111.5
111.5
103.75
103.75
103.75
103.75
101.75
100.75
100.75
100.75
88.5
88.5
97.75
97.75
98.28571428571429
98.82142857142857
99.35714285714286
99.89285714285714
100.42857142857143
100.96428571428571
101.5
102.03571428571429
102.57142857142857
103.10714285714286
103.64285714285714
104.17857142857143
104.71428571428571
105.25
105.78571428571429
106.32142857142857
106.85714285714286
107.39285714285714
107.92857142857143
108.46428571428571
109.0
109.0
105.0
105.0
109.5
109.5
113.75
113.75
113.25
113.25
113.25
115.75
115.75
115.0
115.0
113.25
113.25
110.75
110.75
114.0
114.0
113.75
113.75
116.75
116.75
117.75
117.75
117.75
117.75
118.5
118.5
118.5
118.5
118.5
118.5
118.5
122.0
121.5
121.5
126.0
126.0
119.5
119.5
125.5
125.5
122.5
122.5
126.0
126.0
123.0
123.0
126.5
126.5
126.0
126.0
126.5
126.5
125.0
125.0
116.25
116.25
118.0
118.0
112.0
112.35135135135135
112.70270270270271
113.05405405405405
113.4054054054054
113.75675675675676
114.10810810810811
114.45945945945945
114.8108108108108
115.16216216216216
115.51351351351352
115.86486486486487
116.21621621621621
116.56756756756756
116.91891891891892
117.27027027027027
117.62162162162163
117.97297297297297
118.32432432432432
118.67567567567568
119.02702702702703
119.37837837837837
119.72972972972973
120.08108108108108
120.43243243243244
120.78378378378379
121.13513513513513
121.48648648648648
121.83783783783784
122.1891891891892
122.54054054054055
122.89189189189189
123.24324324324324
123.5945945945946
123.94594594594595
124.29729729729729
124.64864864864865
125.0
125.0
128.25
128.25
129.25
129.25
131.5
131.5
131.5
131.0
131.0
132.75
132.75
129.25
129.25
131.5
131.5
129.75
129.75
130.5
130.5
130.5
129.25
129.25
131.0
131.0
135.25
135.25
126.0
126.0
131.0
131.0
128.75
132.25
132.25
132.25
129.75
131.5
131.5
130.5
130.5
131.5
131.5
131.5
129.75
129.25
129.75
129.75
127.75
127.75
127.0
127.0
127.0
126.1875
125.375
124.5625
123.75
122.9375
122.125
121.3125
120.5
120.5
123.0
126.5
126.5
127.75
127.75
127.75
131.5
128.75
128.75
129.25
129.859375
130.46875
131.078125
131.6875
132.296875
132.90625
133.515625
134.125
134.734375
135.34375
135.953125
136.5625
137.171875
137.78125
138.390625
139.0
140.25
140.25
139.5
139.5
140.25
141.5
141.5
142.20833333333334
142.91666666666666
143.625
144.33333333333334
145.04166666666666
145.75
146.25
146.25
147.0
147.0
150.75
149.25
149.25
151.5
150.75
150.75
151.5
151.5
150.0
150.75
150.75
150.75
150.75
150.75
150.75
150.75
149.25
148.5
148.5
147.0
146.25
146.25
146.25
147.75
145.75
146.25
146.25
146.25
146.25
144.25
147.0
147.0
143.5
143.5
143.5
156.25
138.25
143.5
143.5
143.5
144.25
144.25
142.75
142.75
143.5
142.75
142.75
142.75
142.75
142.25
141.5
141.5
141.625
141.75
141.875
142.0
142.125
142.25
142.25
142.25
141.5
141.5
141.5
141.5
141.5
140.75
140.75
140.25
140.25
140.75
140.75
139.5
140.25
140.25
141.5
141.5
140.75
140.75
140.75
140.75
140.75
140.75
140.75
140.75
140.75
140.75
140.75
140.25
140.75
140.75
140.75
141.5
141.5
142.25
143.5
143.5
144.25
144.25
144.25
144.25
144.25
145.0
145.0
143.5
142.25
142.25
142.25
142.25
142.25
141.5
141.5
141.5
141.5
140.75
140.75
140.25
139.5
139.5
137.5
137.5
136.25
136.25
136.25
134.5
134.5
132.75
132.75
132.25
132.25
132.25
132.25
131.0
129.75
129.75
128.75
128.75
126.5
126.5
127.75
127.75
126.5
126.5
126.0
126.0
127.75
127.75
128.25
128.25
128.25
128.75
128.75
128.75
128.75
129.75
129.75
128.75
128.75
129.25
129.25
129.25
129.25
128.75
129.25
129.25
128.25
128.25
127.0
127.0
126.0
126.0
125.5
125.5
124.5
124.5
124.5
124.5
125.5
125.5
125.0
125.0
123.5
123.5
121.0
121.0
121.5
121.5
121.5
122.0
123.0
123.0
123.0
123.0
123.0
122.0
122.0
121.5
121.5
121.5
121.5
120.0
120.0
120.5
120.5
117.25
117.25
117.25
117.25
117.75
117.75
117.75
118.0
118.0
119.5
119.5
118.5
118.5
119.5
119.5
119.5
119.5
119.0
119.0
116.25
116.25
113.25
113.25
110.75
110.75
109.5
109.5
111.5
111.5
112.75
112.75
114.0
114.0
114.0
112.0
112.0
110.25
108.75
107.25
105.75
104.25
102.75
101.25
99.75
98.25
96.75
96.75
100.0
100.0
100.0
101.25
101.25
104.25
104.25
101.75
101.75
101.75
102.5
102.5
93.25
93.25
93.25
87.5
87.5
87.5
89.25
88.775
88.3
87.825
87.35
86.875
86.4
85.925
85.45
84.975
84.5
84.5
92.0
92.0
92.0
89.5
89.5
89.5
93.25
93.25
86.75
86.75
86.75
91.5
91.5
91.5
86.25
86.25
91.75
91.75
91.75
88.75
88.75
88.75
86.0
86.0
86.0
89.25
89.25
85.0
85.0
85.0
84.25
84.25
84.25
89.25
89.25
89.25
83.0
83.0
83.0
85.5
85.5
89.75
89.75
89.75
88.75
88.75
88.75
91.75
91.75
88.0
88.0
88.0
90.25
90.25
90.25
89.75
89.75
91.25
91.25
91.25
93.0
93.0
93.25
93.25
93.25
95.75
95.75
95.0
95.0
95.0
95.0
99.25
96.25
96.25
96.25
91.75
91.75
91.75
89.0
89.0
90.25
90.25
90.25
91.0
91.0
91.0
94.25
94.25
97.0
97.0
98.25
98.25
98.25
96.75
96.75
93.75
93.75
93.75
94.25
94.25
94.25
94.25
94.25
96.5
96.5
102.75
102.75
102.75
103.0
103.0
109.5
109.5
109.5
109.5
116.75
116.75
119.0
119.0
122.0
122.0
121.5
121.5
124.0
124.0
124.0
124.0
125.0
125.0
127.0
127.0
127.0
127.0
131.0
128.75
128.75
127.0
127.0
127.45833333333333
127.91666666666667
128.375
128.83333333333334
129.29166666666666
129.75
129.75
128.75
128.75
131.5
131.5
127.75
127.75
128.75
128.75
128.25
128.46428571428572
128.67857142857142
128.89285714285714
129.10714285714286
129.32142857142858
129.53571428571428
129.75
129.75
134.5
134.5
134.0
134.5
134.5
133.82142857142858
133.14285714285714
132.46428571428572
131.78571428571428
131.10714285714286
130.42857142857142
129.75
131.5
131.5
131.5
131.5
133.25
133.25
134.5
134.5
135.75
135.75
138.25
140.25
140.25
140.25
140.25
140.25
139.0
139.0
137.5
137.5
136.25
136.25
136.25
137.0
137.0
137.5
137.5
137.5
139.0
139.0
140.25
140.25
140.25
140.25
139.5
140.25
140.25
140.25
140.25
140.25
139.5
139.5
139.0
139.0
137.5
137.5
139.0
138.25
138.25
138.25
138.25
138.25
138.25
139.0
137.5
137.5
137.5
137.5
137.5
137.5
137.5
137.5
137.5
137.5
137.5
139.0
140.75
140.75
141.5
141.5
139.5
138.25
138.25
137.5
137.5
158.75
158.75
153.4375
148.125
142.8125
137.5
137.5
137.5
137.59375
137.6875
137.78125
137.875
137.96875
138.0625
138.15625
138.25
140.25
140.45833333333334
140.66666666666666
140.875
141.08333333333334
141.29166666666666
141.5
141.5
141.5
142.25
142.25
142.25
142.25
141.5
141.5
162.25
156.5625
150.875
145.1875
139.5
141.5
141.5
141.5
140.75
140.75
140.25
141.5
141.5
141.5
141.5
141.5
141.5
141.5
141.5
141.5
141.5
140.25
140.25
140.25
140.25
139.5
143.5
143.5
134.5
134.5
138.25
138.25
136.25
137.5
137.5
138.25
138.25
139.0
139.0
138.25
163.0
163.0
157.0
151.0
145.0
139.0
139.0
140.25
140.25
139.5
139.5
140.25
140.75
140.75
140.75
140.75
140.25
140.25
140.25
140.25
140.25
140.25
140.25
140.25
140.25
140.25
140.75
140.75
141.5
141.5
141.5
141.5
140.75
140.25
140.75
140.75
140.75
140.75
140.25
141.5
141.5
141.5
141.5
140.75
140.75
140.25
139.5
139.5
143.5
143.5
137.5
140.25
140.25
140.25
140.25
140.25
140.25
139.5
139.5
139.5
139.5
139.5
139.0
140.25
140.25
139.0
139.0
139.0
139.0
139.0
139.0
139.0
139.0
139.0
138.25
138.25
139.0
139.0
139.0
140.25
140.25
139.5
140.25
140.25
139.0
139.0
138.25
138.25
138.25
139.0
139.0
139.0
139.0
138.25
138.25
138.25
138.25
138.25
139.0
139.0
139.5
139.5
139.5
140.25
140.25
141.5
141.5
141.5
141.5
141.5
141.5
141.5
141.5
141.5
141.5
142.25
142.25
141.5
142.75
142.75
143.5
143.5
144.25
144.25
144.25
145.0
145.0
145.0
145.75
145.75
145.0
145.0
145.0
145.0
145.0
144.25
144.25
144.25
142.75
142.75
142.75
142.75
142.75
142.25
142.25
142.25
142.25
141.5
142.25
142.25
141.5
141.5
142.25
142.25
142.25
141.5
141.5
140.25
140.25
141.5
140.75
140.75
140.75
140.75
140.75
140.25
140.25
140.25
140.25
140.25
140.25
139.5
140.25
140.25
139.5
139.5
140.25
139.0
139.0
139.5
139.5
139.5
139.5
139.0
139.0
139.0
139.5
139.5
140.25
140.25
140.25
140.25
140.25
139.5
139.5
140.25
140.25
140.25
140.75
140.75
140.25
140.25
140.25
140.25
140.25
140.25
140.25
140.25
140.75
140.75
140.75
140.75
141.5
142.75
142.75
142.25
142.25
142.75
143.5
143.5
143.5
143.5
143.5
143.5
143.5
144.25
144.25
143.5
143.5
143.5
143.5
143.5
144.25
143.5
143.5
142.25
142.25
142.25
142.25
141.5
140.75
140.75
140.25
140.25
138.25
136.25
136.25
138.25
138.25
139.5
139.5
139.5
141.5
141.5
142.75
142.75
141.5
142.25
142.25
140.75
140.75
139.0
139.0
139.0
140.25
139.0
138.25
138.25
138.25
137.5
137.5
135.75
135.75
135.75
135.75
134.5
134.5
134.0
132.25
132.25
131.5
131.5
131.5
131.5
130.5
130.5
129.75
129.75
129.25
129.25
129.25
128.75
128.75
128.75
128.75
126.5
126.5
127.0
127.0
125.5
125.5
126.0
126.0
126.5
126.5
125.5
125.5
125.5
124.5
124.5
122.0
122.0
119.5
119.5
117.25
117.25
117.25
117.25
117.25
117.75
117.75
117.25
117.25
117.25
117.25
118.0
118.0
118.5
118.5
118.0
118.0
118.5
118.5
118.5
118.5
116.25
116.25
115.0
115.0
114.5
114.5
115.5
115.5
114.5
114.5
114.5
114.5
115.5
115.5
115.75
115.75
115.75
118.0
119.0
119.0
119.0
117.25
117.25
115.0
115.0
112.75
112.75
113.75
113.75
113.25
113.25
110.0
110.0
104.5
104.5
104.5
104.25
105.375
106.5
107.625
108.75
109.875
111.0
112.125
113.25
113.25
114.5
114.5
112.0
112.0
112.0
112.0
110.53571428571429
109.07142857142857
107.60714285714286
106.14285714285714
104.67857142857143
103.21428571428571
101.75
101.75
101.75
97.75
97.75
99.75
99.75
99.75
100.75
100.75
101.75
101.75
106.0
106.0
108.75
108.75
108.75
109.0
109.375
109.75
110.125
110.5
110.875
111.25
111.625
112.0
112.0
113.75
113.75
110.25
110.25
109.5
109.5
108.625
107.75
106.875
106.0
105.125
104.25
103.375
102.5
102.5
102.5
99.75
99.75
103.75
103.75
105.0
105.0
105.0
107.25
107.25
110.25
108.88888888888889
107.52777777777777
106.16666666666667
104.80555555555556
103.44444444444444
102.08333333333333
100.72222222222223
99.36111111111111
98.0
98.0
98.0
98.0
98.0
105.0
105.0
105.25
105.25
105.0
105.0
110.0
110.0
110.0
106.0
106.0
105.0
105.0
106.75
106.75
105.75
105.75
105.75
103.75
103.75
102.75
102.75
102.75
95.5
95.5
96.25
96.25
96.25
97.5
97.5
101.25
101.25
106.5
106.5
110.25
110.25
110.25
111.0
111.0
117.75
117.75
116.25
116.25
117.25
117.25
116.25
116.25
114.0
114.0
114.0
114.0
116.25
116.25
118.5
118.5
122.0
122.0
132.25
132.25
116.75
116.75
124.5
124.5
125.0
125.0
125.5
125.5
124.5
124.5
125.0
137.0
137.0
114.0
114.0
124.5
124.5
126.5
126.5
127.0
127.0
127.75
127.75
126.5
126.5
125.5
125.5
123.5
123.5
124.0
124.0
122.5
122.5
122.0
122.38888888888889
122.77777777777777
123.16666666666667
123.55555555555556
123.94444444444444
124.33333333333333
124.72222222222223
125.11111111111111
125.5
125.5
125.5
125.5
126.0
126.0
126.5
126.5
126.5
127.75
127.75
128.25
128.25
129.25
129.25
128.75
128.75
128.75
128.75
127.75
127.75
127.0
127.0
127.75
128.75
128.75
129.75
129.75
129.75
129.828125
129.90625
129.984375
130.0625
130.140625
130.21875
130.296875
130.375
130.453125
130.53125
130.609375
130.6875
130.765625
130.84375
130.921875
131.0
131.0
131.5
130.95833333333334
130.41666666666666
129.875
129.33333333333334
128.79166666666666
128.25
129.25
129.25
129.25
128.95535714285714
128.66071428571428
128.36607142857142
128.07142857142858
127.77678571428571
127.48214285714286
127.1875
126.89285714285714
126.59821428571429
126.30357142857143
126.00892857142857
125.71428571428571
125.41964285714286
125.125
124.83035714285714
124.53571428571429
124.24107142857143
123.94642857142857
123.65178571428571
123.35714285714286
123.0625
122.76785714285714
122.47321428571429
122.17857142857143
121.88392857142857
121.58928571428571
121.29464285714286
121.0
121.0
121.5
121.5
121.5
121.5
123.0
123.0
124.0
124.0
122.0
121.9074074074074
121.81481481481481
121.72222222222223
121.62962962962963
121.53703703703704
121.44444444444444
121.35185185185185
121.25925925925925
121.16666666666667
121.07407407407408
120.98148148148148
120.88888888888889
120.79629629629629
120.70370370370371
120.61111111111111
120.51851851851852
120.42592592592592
120.33333333333333
120.24074074074075
120.14814814814815
120.05555555555556
119.96296296296296
119.87037037037037
119.77777777777777
119.68518518518519
119.5925925925926
119.5
119.5
121.0
121.0
121.0
121.0
121.0
121.0
120.5
120.5
121.0
121.0
121.0
121.57142857142857
122.14285714285714
122.71428571428571
123.28571428571429
123.85714285714286
124.42857142857143
125.0
125.0
124.0
124.0
137.0
137.0
130.39285714285714
123.78571428571428
117.17857142857143
110.57142857142857
111.17857142857143
111.78571428571429
112.39285714285714
113.0
113.60714285714286
114.21428571428571
114.82142857142857
115.42857142857143
116.03571428571429
116.64285714285714
117.25
117.25
116.75
116.75
117.25
117.25
117.25
117.25
116.75
116.75
115.0
115.0
115.0
113.75
113.15625
112.5625
111.96875
111.375
110.78125
110.1875
109.59375
109.0
109.0
106.75
106.75
108.25
108.25
110.0
110.0
110.01388888888889
110.02777777777777
110.04166666666667
110.05555555555556
110.06944444444444
110.08333333333333
110.09722222222223
110.11111111111111
110.125
110.13888888888889
110.15277777777777
110.16666666666667
110.18055555555556
110.19444444444444
110.20833333333333
110.22222222222223
110.23611111111111
110.25
110.25
108.25
108.25
109.5
109.5
107.5
107.5
107.5
108.25
108.25
109.0
109.3125
109.625
109.9375
110.25
110.5625
110.875
111.1875
111.5
111.5
110.25
110.25
112.25
112.25
114.0
114.0
118.38888888888889
122.77777777777777
127.16666666666666
131.55555555555554
126.58333333333333
121.61111111111111
116.63888888888889
111.66666666666667
106.69444444444444
101.72222222222223
96.75
96.75
96.75
96.75
96.75
94.75
94.75
94.75
95.75
95.75
91.25
91.25
91.25
93.25
93.25
93.25
84.0
84.0
84.0
89.0
89.0
91.75
91.75
91.75
81.5
81.5
81.5
82.25
82.25
82.25
84.0
84.0
84.0
80.0
80.0
80.0
85.25
85.25
85.25
80.75
80.75
80.75
85.0
85.0
85.0
79.25
79.25
79.25
78.5
78.5
78.5
74.5
74.5
74.5
76.0
76.0
76.0
75.5
75.5
75.5
81.5
81.5
81.5
79.0
79.0
79.0
80.75
80.75
80.75
80.75
80.75
80.75
80.25
80.25
80.25
81.5
81.5
81.5
82.5
82.5
82.5
84.0
84.0
84.0
85.25
85.25
86.5
86.5
86.5
85.5
85.5
85.5
86.75
86.75
86.75
87.75
87.75
87.75
87.75
87.75
89.25
89.25
89.25
93.0
93.0
94.75
94.75
94.75
90.75
90.75
90.75
91.25
91.25
91.25
79.25
79.25
81.5
81.5
81.5
84.25
84.25
84.25
85.75
85.75
85.75
86.5
86.5
86.5
86.75
86.75
86.75
86.75
86.75
84.25
84.25
84.25
85.0
85.0
85.0
84.0
84.0
84.0
85.5
85.5
85.5
86.75
86.75
86.0
86.0
86.0
83.75
83.75
83.75
84.0
84.0
84.0
86.0
86.0
86.0
87.75
87.75
89.25
89.25
89.25
96.75
96.75
100.75
100.75
103.5
103.5
103.5
105.25
105.25
106.0
106.0
119.5
119.5
123.5
123.5
123.0
123.0
123.0
124.0
125.5
125.5
126.5
126.5
126.5
127.75
127.75
128.25
128.25
129.75
129.75
129.75
129.75
129.25
129.25
128.75
128.75
126.5
126.5
123.0
123.0
119.0
119.0
120.5
120.5
122.0
125.0
125.0
127.0
127.0
129.75
129.75
131.0
131.0
132.75
132.75
133.25
135.75
135.75
136.25
136.25
154.75
154.75
150.8125
146.875
142.9375
139.0
139.0
139.5
139.5
139.0
139.0
139.0
162.25
162.25
156.25
150.25
144.25
138.25
138.25
137.5
137.5
137.5
135.75
135.25
134.82142857142858
134.39285714285714
133.96428571428572
133.53571428571428
133.10714285714286
132.67857142857142
132.25
133.25
133.25
133.25
133.25
134.0
134.0
134.5
134.5
132.75
133.25
133.25
133.25
133.25
133.25
133.25
132.25
132.25
131.0
130.5
130.5
131.0
131.0
130.5
130.5
129.25
129.25
128.75
128.75
125.0
125.0
124.5
124.5
123.0
123.0
121.0
121.0
119.5
119.5
118.5
118.5
119.0
119.0
121.0
121.0
120.5
120.5
118.0
118.0
115.0
115.0
110.75
110.75
104.25
104.25
104.25
102.0
102.0
106.0
106.0
108.75
108.75
111.5
111.5
114.0
114.0
115.5
115.5
116.25
116.25
117.75
117.75
117.75
119.5
119.5
119.5
119.5
118.5
118.5
119.0
119.0
119.0
119.0
118.0
118.0
117.25
117.25
116.25
138.25
138.25
138.25
128.875
119.5
110.125
100.75
102.0
103.25
104.5
105.75
107.0
108.25
108.25
109.5
109.5
111.5
111.5
112.0
112.0
110.75
110.75
110.75
109.5
109.5
108.25
108.25
108.25
108.25
106.5
106.5
106.5
107.5
107.5
108.75
108.75
110.75
110.75
108.25
108.25
109.5
109.5
109.5
105.25
105.25
101.75
101.75
101.75
101.75
101.75
102.5
102.5
101.25
101.25
100.75
100.75
100.75
103.0
103.0
103.0
101.75
101.75
100.0
100.0
90.75
90.75
90.75
86.5
86.5
86.5
82.0
82.0
82.0
84.0
84.0
84.0
82.75
82.75
82.75
81.75
81.75
81.75
79.5
79.5
79.5
71.0
71.0
71.0
71.75
71.75
71.75
71.75
69.0
69.0
69.0
78.25
78.25
78.25
77.75
77.75
77.75
83.5
83.5
83.5
77.5
77.5
77.5
85.75
85.75
85.75
86.25
86.25
81.75
81.75
81.75
85.25
85.25
85.25
82.75
82.75
82.75
80.25
80.25
80.25
80.25
80.25
80.25
84.25
84.25
84.25
87.25
87.25
89.0
89.0
89.0
90.0
90.0
90.0
91.25
91.25
98.25
98.25
98.25
98.25
100.25
97.5
97.5
97.75
97.75
97.75
97.0
97.0
96.25
96.25
96.25
101.0
101.0
100.0
100.0
100.0
101.0
101.0
102.75
102.75
103.5
103.5
103.5
102.75
102.75
97.5
97.5
97.5
95.5
95.5
96.5
96.5
96.5
89.5
89.5
92.0
92.0
92.0
91.0
91.0
91.0
92.25
92.25
87.25
87.25
87.25
84.0
84.0
84.0
82.75
82.75
82.75
81.75
81.75
81.75
83.75
83.75
83.75
83.25
83.25
83.25
83.5
83.5
83.5
83.25
83.25
85.0
85.0
85.0
85.25
85.25
85.25
86.5
86.5
86.5
86.5
87.5
88.75
88.75
88.75
89.75
89.75
89.75
91.25
91.25
93.0
93.0
93.0
93.0
93.0
93.75
93.75
93.75
95.25
95.25
98.25
98.25
98.25
104.5
104.5
108.75
108.75
111.5
111.5
114.0
114.0
118.0
118.0
122.0
122.0
125.0
125.0
127.75
127.75
129.75
129.75
132.25
132.75
132.75
132.75
135.75
135.25
135.25
137.0
137.0
137.0
138.25
138.25
136.25
136.25
137.0
137.0
137.0
135.75
135.75
135.25
135.25
132.75
132.75
132.75
133.25
133.25
136.25
136.25
135.83928571428572
135.42857142857142
135.01785714285714
134.60714285714286
134.19642857142858
133.78571428571428
133.375
132.96428571428572
132.55357142857142
132.14285714285714
131.73214285714286
131.32142857142858
130.91071428571428
130.5
130.5
141.5
141.5
143.5
145.75
145.75
145.75
145.75
145.75
149.25
149.25
150.75
151.5
151.5
153.0
152.50735294117646
152.01470588235293
151.52205882352942
151.02941176470588
150.53676470588235
150.0441176470588
149.5514705882353
149.05882352941177
148.56617647058823
148.0735294117647
147.5808823529412
147.08823529411765
146.59558823529412
146.10294117647058
145.61029411764707
145.11764705882354
144.625
144.13235294117646
143.63970588235293
143.14705882352942
142.65441176470588
142.16176470588235
141.6691176470588
141.1764705882353
140.68382352941177
140.19117647058823
139.6985294117647
139.2058823529412
138.71323529411765
138.22058823529412
137.72794117647058
137.23529411764707
136.74264705882354
136.25
136.25
150.0
150.0
127.0
140.25
140.25
137.5
137.5
139.5
139.5
140.75
140.75
140.75
164.0
164.0
157.75
151.5
145.25
139.0
139.0
141.5
142.01190476190476
142.52380952380952
143.03571428571428
143.54761904761904
144.0595238095238
144.57142857142858
145.08333333333334
145.5952380952381
146.10714285714286
146.61904761904762
147.13095238095238
147.64285714285714
148.1547619047619
148.66666666666666
149.17857142857142
149.6904761904762
150.20238095238096
150.71428571428572
151.22619047619048
151.73809523809524
152.25
152.25
150.75
150.75
150.75
152.25
153.0
153.0
153.0
171.5
171.5
166.875
162.25
157.625
153.0
153.0
155.5
156.25
156.25
157.0
156.25
156.25
154.75
152.25
152.25
150.75
150.75
153.0
151.5
151.5
153.75
153.0
153.0
154.75
153.75
153.75
155.5
153.75
153.75
153.75
153.75
154.75
153.0
152.5
152.0
151.5
151.0
150.5
150.0
150.0
150.75
150.75
152.25
154.75
154.75
157.0
158.75
158.75
158.0
153.0
153.0
150.0
149.25
149.25
147.75
147.75
142.25
142.25
134.5
134.5
125.5
125.5
113.75
113.75
109.5
109.5
106.5
106.5
103.75
103.75
103.75
103.75
103.75
96.5
96.5
96.5
96.5
96.5
99.0
99.0
99.0
99.0
98.25
99.25
99.25
99.25
91.75
91.75
95.25
95.25
99.25
99.25
99.25
101.0
101.0
109.0
109.0
112.25
112.25
114.5
114.5
119.0
119.0
118.5
118.5
118.5
117.75
115.75
115.75
115.75
106.5
106.5
104.5
104.5
100.75
100.75
100.75
96.75
96.75
97.75
97.75
97.75
99.0
99.0
104.5
104.5
103.5
103.5
103.5
103.5
103.0
105.25
105.25
100.0
100.0
100.0
103.5
103.5
103.0
103.0
99.75
99.75
99.75
94.25
94.25
100.25
100.25
100.25
107.5
107.5
109.5
109.5
111.0
111.0
110.75
110.75
106.0
106.0
106.0
102.75
102.75
106.21428571428571
109.67857142857143
113.14285714285714
116.60714285714286
120.07142857142857
123.53571428571429
127.0
127.0
125.0
125.0
117.75
117.75
117.75
115.5
121.0
121.0
119.5
119.5
115.0
115.0
114.0
114.0
112.25
112.25
112.25
108.75
108.75
103.0
103.0
101.0
101.0
101.0
101.0
93.25
91.5
91.5
91.5
97.75
97.75
97.5
97.5
97.5
95.0
95.0
94.0
94.0
94.0
104.25
104.25
112.0
112.0
115.75
115.75
121.5
121.5
118.0
118.0
115.5
115.5
110.25
110.25
107.5
107.5
107.5
110.0
110.0
114.0
114.0
114.0
117.75
112.25
112.25
112.0
112.0
104.25
104.25
104.25
107.25
107.25
97.75
97.75
97.0
97.0
97.0
88.75
88.75
88.75
88.0
88.0
88.0
85.75
85.75
88.0
88.0
88.0
88.5
88.5
88.5
89.25
89.25
91.25
91.25
91.25
91.25
91.25
91.25
92.25
92.25
91.25
91.25
91.25
94.75
94.75
93.5
93.5
93.5
93.5
96.5
95.0
95.0
95.0
96.5
96.5
98.75
98.75
98.75
101.0
101.0
101.0
106.0
108.75
108.75
110.25
110.25
112.75
112.75
112.75
110.0
110.0
111.5
111.5
110.75
110.75
112.75
112.75
115.75
115.75
116.25
116.25
117.75
117.75
121.5
121.5
123.0
123.0
123.5
123.5
124.5
124.5
125.0
125.0
126.0
126.0
128.75
128.75
128.75
128.75
127.75
127.75
127.0
126.5
126.5
126.0
126.0
127.75
127.75
129.25
129.25
130.5
130.5
131.0
133.25
133.25
134.0
134.0
134.0
134.0
134.0
134.0
134.5
134.0
134.0
153.0
153.0
149.0
145.0
141.0
137.0
137.0
137.5
137.5
135.25
135.25
129.25
129.25
126.0
126.0
123.0
123.0
121.5
121.5
123.0
123.0
126.5
128.75
128.75
128.75
128.75
129.25
129.25
131.5
131.5
132.75
132.75
124.89285714285714
117.03571428571428
109.17857142857143
101.32142857142857
103.51190476190476
105.70238095238095
107.89285714285714
110.08333333333333
112.27380952380952
114.46428571428572
116.65476190476191
118.8452380952381
121.03571428571429
123.22619047619048
125.41666666666667
127.60714285714286
129.79761904761904
131.98809523809524
134.17857142857144
136.36904761904762
138.55952380952382
140.75
142.25
141.5
141.5
138.25
135.75
135.75
147.0
147.0
122.5
122.5
134.0
134.0
137.0
142.25
142.25
143.5
143.5
148.5
150.75
150.75
151.5
147.0
147.0
149.25
149.25
147.0
143.5
143.5
139.5
139.5
139.5
139.5
126.5
126.5
124.0
124.0
124.0
124.0
119.5
119.5
111.5
111.5
112.25
112.25
112.75
112.75
112.0
112.0
110.25
110.25
110.75
110.75
110.75
114.5
114.5
114.5
114.5
111.0
111.0
106.0
106.0
105.25
105.25
105.25
105.0
105.0
110.0
110.0
118.5
118.5
118.5
126.0
130.5
133.25
133.25
131.0
131.0
126.82142857142857
122.64285714285714
118.46428571428571
114.28571428571428
110.10714285714286
105.92857142857143
101.75
101.75
101.75
101.75
102.0
97.5
97.5
97.5
100.0
100.0
101.0
101.0
98.25
98.25
98.25
98.0
98.0
103.75
103.75
106.75
106.75
106.75
100.75
100.75
101.0
101.0
104.25
104.25
104.25
103.75
103.75
104.25
104.25
114.0
114.0
114.0
126.0
131.5
131.5
131.5
123.5
117.75
117.75
124.0
124.0
126.5
126.5
123.0
123.0
103.0
103.0
103.0
93.0
93.0
91.75
91.75
91.75
91.0
91.0
91.25
91.25
91.25
90.25
90.25
90.25
95.0
95.0
99.0
99.0
107.25
107.25
113.25
113.25
113.25
113.25
113.25
106.0
106.0
111.0
111.0
112.25
112.25
109.5
109.5
109.5
104.5
104.5
110.75
110.75
114.5
114.5
111.5
111.5
102.75
102.75
102.75
106.0
106.0
108.25
108.25
110.75
110.75
106.5
106.5
106.5
101.75
101.75
95.5
95.5
95.5
101.0
101.0
105.25
105.25
106.75
106.75
111.5
111.5
116.75
116.75
111.5
111.5
115.75
115.75
122.5
122.5
119.0
119.0
121.0
121.0
122.5
122.5
126.5
126.5
124.5
124.5
127.0
127.0
132.25
132.25
133.25
133.25
134.5
136.25
136.25
140.75
140.75
141.5
141.88636363636363
142.27272727272728
142.6590909090909
143.04545454545453
143.4318181818182
143.8181818181818
144.20454545454547
144.5909090909091
144.97727272727272
145.36363636363637
145.75
145.75
143.5
143.5
144.25
145.0
145.0
139.5
139.5
140.75
137.0
137.0
134.0
134.0
129.25
129.25
123.5
123.5
116.75
116.75
109.0
109.0
109.0
102.75
102.75
102.0
102.0
99.75
99.75
99.75
100.0
100.0
103.75
103.75
105.25
105.25
105.25
105.75
105.75
106.0
106.0
106.0
108.0
109.5
109.5
110.0
110.0
110.0
108.75
108.75
112.0
112.0
115.75
115.75
123.5
123.5
123.5
123.5
113.25
113.25
115.0
115.0
113.75
113.75
115.75
115.75
116.75
116.75
112.25
112.25
112.25
112.25
112.25
105.0
105.0
98.0
98.0
98.0
99.0
99.0
95.5
95.5
95.5
95.75
95.75
99.0
99.0
99.0
97.75
97.75
99.75
99.75
95.25
95.25
95.25
95.75
95.75
95.75
95.75
95.75
92.0
92.0
92.0
93.25
93.25
93.25
92.0
92.0
93.75
93.75
95.5
95.5
95.5
98.75
98.75
102.0
102.0
103.5
103.5
103.5
110.0
110.0
112.0
112.0
114.0
114.0
121.5
121.5
126.0
126.0
136.25
137.375
138.5
139.625
140.75
141.875
143.0
144.125
145.25
146.375
147.5
148.625
149.75
150.875
152.0
153.125
154.25
155.375
156.5
157.625
158.75
158.75
158.75
158.75
154.75
154.75
154.75
154.75
155.5
154.75
154.75
150.0
144.25
144.25
139.5
139.5
139.0
139.0
134.5
130.5
130.5
127.0
127.0
129.75
129.75
132.25
132.25
135.75
137.5
137.5
140.25
140.25
141.5
141.5
142.25
143.5
143.5
145.75
145.75
145.75
145.0
145.75
147.0
148.5
148.5
147.75
147.75
146.25
144.25
144.25
140.25
140.25
137.5
137.5
125.5
125.5
118.0
118.0
121.5
121.5
122.5
122.5
123.0
123.0
125.5
128.25
128.25
132.25
132.25
133.25
133.25
135.25
135.25
134.5
135.75
135.75
134.5
134.5
129.75
129.75
126.0
124.03125
122.0625
120.09375
118.125
116.15625
114.1875
112.21875
110.25
110.25
107.5
107.5
105.25
105.25
105.25
101.0
101.0
97.75
97.75
97.75
91.5
91.5
94.75
94.75
94.75
101.75
101.75
108.0
108.0
107.25
107.25
115.75
115.75
125.5
125.5
135.75
135.75
138.25
146.25
146.25
147.0
148.95833333333334
150.91666666666666
152.875
154.83333333333334
156.79166666666666
158.75
162.25
162.25
160.5
163.0
163.0
164.0
163.0
163.0
163.0
167.5
166.75
166.33333333333334
165.91666666666666
165.5
165.08333333333334
164.66666666666666
164.25
163.83333333333334
163.41666666666666
163.0
162.58333333333334
162.16666666666666
161.75
161.33333333333334
160.91666666666666
160.5
160.08333333333334
159.66666666666666
159.25
158.83333333333334
158.41666666666666
158.0
157.58333333333334
157.16666666666666
156.75
156.33333333333334
155.91666666666666
155.5
157.0
157.0
157.0
153.0
153.0
149.25
149.25
150.0
147.0
147.0
142.75
142.75
139.5
137.5
137.5
132.25
131.75
131.25
130.75
130.25
129.75
129.25
128.75
128.25
131.0
131.0
131.0
127.0
127.0
106.0
110.75
115.5
120.25
125.0
129.75
134.5
134.5
134.5
134.5
133.25
133.25
127.75
127.75
124.0
124.0
121.0
121.0
116.75
116.75
112.0
112.0
117.75
117.75
122.5
122.5
127.75
127.75
130.5
127.8125
125.125
122.4375
119.75
117.0625
114.375
111.6875
109.0
109.0
115.75
115.75
123.0
131.5
131.5
136.25
136.25
139.0
139.0
140.75
139.0
139.0
125.0
125.0
125.5
125.5
121.0
121.0
122.5
122.5
112.75
112.75
112.75
101.75
101.75
96.25
96.25
96.25
102.5
102.5
108.75
108.75
113.25
113.25
109.0
109.0
115.0
115.0
113.75
113.75
113.75
103.5
103.5
102.5
102.5
105.75
105.75
106.75
106.75
106.75
109.5
109.5
112.75
112.75
112.25
112.25
110.25
110.25
113.75
113.75
111.5
111.5
114.5
114.5
114.5
114.0
114.0
114.0
115.75
115.5
115.5
116.75
116.75
116.75
116.75
117.75
117.75
120.5
120.5
116.25
116.25
122.0
122.0
119.0
119.0
119.0
119.0
119.0
115.0
114.5
114.5
107.25
107.25
107.25
102.75
102.75
100.25
100.25
99.25
99.25
99.25
98.25
98.25
97.75
97.75
97.75
100.25
100.25
101.0
101.0
102.0
102.0
102.0
100.25
100.25
101.25
101.25
101.25
104.25
104.25
105.75
105.75
108.25
108.25
112.0
112.0
115.0
115.0
113.25
113.25
113.25
108.25
108.25
107.25
107.25
103.75
103.75
103.75
99.75
99.75
101.0
101.0
103.0
103.0
109.0
109.0
109.0
113.25
113.25
114.5
114.5
112.75
112.75
113.75
113.75
115.0
115.0
120.0
120.0
117.25
117.25
104.25
104.25
104.25
100.0
100.0
103.75
103.75
103.75
103.75
103.75
102.75
102.75
106.75
106.75
106.75
106.75
111.5
111.5
113.75
113.75
113.75
115.5
115.5
117.25
117.25
121.0
121.0
124.5
126.5
126.5
126.5
126.5
119.5
119.5
119.5
117.25
117.75
117.75
121.0
121.0
123.0
123.0
131.5
131.5
137.5
137.5
142.25
146.25
146.25
150.0
150.0
150.0
151.5
151.5
152.25
150.75
150.75
147.75
141.5
141.5
135.75
135.75
131.0
131.0
129.75
129.75
131.5
131.5
134.0
138.25
138.25
139.5
139.5
142.75
144.25
144.25
142.25
142.25
141.5
145.75
145.75
146.25
146.25
150.0
151.5
151.5
151.275
151.05
150.825
150.6
150.375
150.15
149.925
149.7
149.475
149.25
149.25
148.5
142.25
142.25
137.5
137.5
135.75
135.75
136.25
136.25
136.25
137.5
137.5
137.0
137.0
137.0
138.25
138.25
139.0
139.0
139.5
139.5
140.75
142.25
142.25
145.0
145.0
147.0
151.5
151.5
154.75
155.83333333333334
156.91666666666666
158.0
159.08333333333334
160.16666666666666
161.25
163.0
163.0
164.75
164.75
174.5
174.5
153.0
159.5
159.5
160.5
156.25
156.25
157.0
157.0
153.75
153.0
153.0
151.5
158.0
158.0
141.5
141.5
145.0
144.25
144.25
145.75
145.75
146.25
150.75
150.75
153.0
156.25
156.25
157.0
159.5
159.5
178.5
173.75
169.0
164.25
159.5
159.5
158.75
156.25
156.25
156.25
175.5
175.5
169.3125
163.125
156.9375
150.75
150.75
148.5
148.5
148.5
147.75
147.625
147.5
147.375
147.25
147.125
147.0
147.0
148.5
149.25
149.25
149.25
149.5
149.75
150.0
150.25
150.5
150.75
150.75
153.75
154.75
154.75
157.0
164.75
164.75
156.25
159.5
159.5
159.5
158.75
158.75
157.95
157.15
156.35
155.55
154.75
154.75
155.5
155.5
153.75
154.75
154.75
153.75
153.75
153.75
152.25
152.25
152.25
151.5
151.5
152.25
152.25
152.25
152.25
152.25
152.25
153.75
153.5
153.25
153.0
152.75
152.5
152.25
152.25
153.75
153.75
153.75
153.75
153.75
153.75
153.75
151.5
150.96428571428572
150.42857142857142
149.89285714285714
149.35714285714286
148.82142857142858
148.28571428571428
147.75
147.75
147.75
147.75
147.75
147.75
147.75
147.75
147.75
147.0
147.0
148.5
148.5
148.5
150.0
150.0
148.5
149.25
149.25
149.25
149.25
150.75
153.0
153.0
155.5
156.25
156.25
156.25
158.75
159.5
162.25
162.25
162.25
164.0
164.5
165.0
165.5
166.0
166.5
167.0
167.5
178.5
161.25
161.25
166.75
168.5
168.5
170.5
186.25
161.25
161.25
169.5
171.5
171.5
172.5
180.75
165.75
165.75
171.5
171.5
171.5
171.5
171.5
170.5
170.5
168.5
168.5
168.5
166.75
164.0
164.0
164.0
162.25
162.25
162.25
162.25
161.25
161.25
160.5
160.5
159.5
159.25
159.0
158.75
158.5
158.25
158.0
158.75
158.75
157.0
157.0
157.0
157.0
155.5
155.5
156.25
155.5
155.5
154.75
157.0
157.16666666666666
157.33333333333334
157.5
157.66666666666666
157.83333333333334
158.0
158.0
158.0
159.5
158.75
158.75
158.75
158.75
158.0
158.0
158.0
157.0
157.0
157.0
157.0
162.25
162.25
153.0
156.25
156.25
157.0
158.0
158.0
157.0
157.0
158.0
157.0
181.75
181.75
175.8125
169.875
163.9375
158.0
158.0
159.5
159.5
159.5
159.5
159.5
181.75
181.75
176.875
172.0
167.125
162.25
163.0
163.0
163.0
164.75
164.75
165.75
165.75
165.75
165.75
165.75
165.75
165.75
165.75
166.75
166.75
