148.5
150.75
150.75
151.5
151.75
151.75
151.5
152.75
152.75
154.0
154.5
154.5
156.0
156.0
156.5
156.5
156.5
156.5
156.5
156.5
156.5
156.5
156.5
156.5
156.5
156.5
156.25
156.25
156.25
156.25
155.37121212121212
154.49242424242425
153.61363636363637
152.7348484848485
151.8560606060606
150.97727272727272
150.09848484848484
149.21969696969697
148.3409090909091
147.46212121212122
146.58333333333334
145.70454545454547
144.82575757575756
143.9469696969697
143.0681818181818
142.18939393939394
141.31060606060606
140.4318181818182
139.5530303030303
138.67424242424244
137.79545454545453
136.91666666666666
136.03787878787878
135.1590909090909
134.28030303030303
133.40151515151516
132.52272727272728
131.6439393939394
130.7651515151515
129.88636363636363
129.00757575757575
128.12878787878788
127.25
127.25
127.25
127.25
127.25
127.25
127.25
127.25
127.25
127.25
127.25
127.25
127.25
127.5
127.5
127.5
132.83333333333334
138.16666666666666
143.5
148.83333333333334
154.16666666666666
159.5
159.5
160.25
160.75
160.75
160.5
160.5
161.0
161.0
161.25
161.25
161.5
161.75
161.75
162.5
162.75
162.75
163.25
163.5
163.5
164.25
164.25
164.25
164.25
164.0
164.25
164.25
164.5
164.75
164.75
164.75
164.75
164.75
165.5
165.0
165.0
164.75
164.75
164.75
165.0
166.75
166.75
164.25
166.75
164.25
164.25
166.0
164.0
164.0
164.25
162.0
162.0
164.0
163.75
163.75
166.75
162.5
162.5
164.0
163.25
163.25
162.75
164.75
164.75
164.75
162.75
163.5
163.5
165.0
164.5
164.5
166.5
164.25
164.25
165.75
166.0
166.5
166.5
166.75
166.75
166.75
166.5
167.0
167.0
167.5
167.75
168.0
168.0
167.75
168.25
168.25
167.75
167.0
167.0
168.5
167.75
169.25
169.25
168.5
169.0
169.0
168.0
167.75
167.75
167.5
166.5
167.5
167.5
166.75
166.75
166.75
167.0
166.75
166.75
166.75
166.25
166.25
166.5
166.25
166.5
166.5
166.25
166.0
166.0
166.0
166.0
166.0
166.0
165.5
165.5
166.0
165.75
166.0
166.0
166.0
166.0
166.0
165.75
165.75
165.75
165.75
166.5
165.75
165.75
165.75
165.75
165.75
165.5
165.5
165.0
165.0
166.0
166.25
166.25
166.25
166.25
166.25
166.25
166.0
166.0
166.0
165.5
165.5
165.5
165.5
164.75
164.75
164.75
164.5
164.5
164.25
164.0
164.0
162.5
161.5
161.5
161.5
162.25
162.25
161.75
161.0
161.0
161.0
160.25
160.25
161.25
161.5
161.5
161.0
161.25
161.25
161.75
161.75
161.75
161.25
161.0
161.0
160.25
159.0
159.0
158.25
157.25
157.25
153.75
150.25
150.25
148.75
148.75
147.0
145.0
145.0
143.5
143.5
143.0
143.0
141.75
140.75
140.75
141.25
141.25
141.75
142.0
142.0
142.0
142.0
141.5
141.75
141.75
142.0
142.0
142.5
142.25
142.25
142.25
143.25
142.0
143.25
143.25
143.25
143.25
143.25
143.0
143.0
143.5
143.5
144.5
144.5
143.25
142.0
142.0
141.0
141.0
141.25
141.5
141.5
141.5
141.5
140.5
139.25
139.25
137.75
137.75
136.5
136.5
137.0
138.5
138.5
138.75
138.75
136.75
136.75
136.75
136.75
137.5
137.0
137.0
137.25
137.25
137.5
137.5
136.75
136.5
136.5
137.5
137.5
137.75
137.75
137.5
137.5
137.5
138.5
138.5
138.5
138.5
138.5
138.75
138.75
139.25
139.25
140.0
141.0
141.0
142.0
142.0
143.0
143.75
143.75
145.25
147.25
147.25
148.5
148.5
149.75
150.75
150.75
152.0
153.25
153.25
154.0
154.25
154.25
155.0
155.5
155.5
156.75
158.0
158.0
157.75
157.75
158.0
157.75
157.75
157.25
156.75
156.75
156.0
155.25
155.25
155.25
155.25
153.75
152.25
152.25
151.0
150.5
150.5
150.0
150.0
150.0
150.75
150.75
151.0
151.5
151.5
151.5
151.75
151.75
151.75
151.75
151.75
151.75
151.75
151.5
152.0
152.0
151.75
151.5
151.5
152.0
152.75
152.75
153.25
153.25
154.5
154.75
154.75
155.0
156.25
156.25
156.75
157.75
157.75
158.0
158.5
158.5
159.5
160.0
160.0
160.0
160.25
160.25
161.0
161.25
161.25
161.0
161.75
161.75
162.5
162.5
162.75
162.75
163.25
163.25
163.25
163.5
163.25
163.25
162.5
162.5
162.5
162.5
162.5
162.5
162.5
162.75
162.75
162.25
161.75
161.75
162.25
162.25
162.25
162.25
161.5
161.5
161.5
161.75
161.75
161.75
162.0
162.0
162.25
162.25
161.5
161.5
160.25
160.25
160.5
161.0
161.25
161.25
161.75
162.0
162.0
162.75
162.5
162.5
163.5
161.75
161.75
158.0
158.0
158.0
158.0
158.0
158.0
158.0
158.0
158.0
158.0
158.0
158.0
163.25
163.25
165.75
165.75
165.75
164.25
164.25
164.5
166.25
166.25
166.25
164.0
164.0
165.0
156.5
156.5
155.75
153.25
153.25
151.0
151.0
148.0
148.0
145.0
142.75
142.75
141.0
141.0
139.25
139.25
137.75
137.5
137.5
138.5
138.5
139.25
140.25
140.25
140.5
140.5
145.0
146.25
146.25
145.0
145.0
145.0
146.25
146.25
147.0
147.0
147.0
146.25
146.25
149.75
149.75
150.0
151.25
151.25
152.0
152.5
152.5
152.25
152.25
153.0
154.25
154.0
154.0
154.0
154.75
154.75
154.0
154.0
153.75
153.0
153.0
150.25
150.25
150.0
150.25
150.25
146.75
144.75
144.75
143.25
143.25
141.0
141.0
138.0
138.0
138.0
138.5
114.75
114.75
119.25
119.25
123.5
123.5
123.0
123.0
119.75
119.75
121.5
123.5
123.5
122.75
122.75
124.0
124.0
123.75
123.75
125.5
125.5
124.0
124.0
123.75
123.75
123.5
123.5
128.0
128.0
134.5
139.5
139.5
141.5
141.5
142.75
142.75
142.25
141.0
141.0
140.5
141.25
141.25
141.25
142.0
143.0
143.0
143.25
145.0
145.0
146.5
146.5
146.0
147.0
147.0
147.0
147.0
147.0
148.0
148.0
150.0
150.25
150.25
151.25
151.25
152.75
153.5
153.5
153.5
153.25
153.25
155.5
154.25
154.25
153.5
154.0
154.0
153.25
154.75
154.75
155.5
155.5
155.5
153.75
152.5
152.5
151.5
151.5
151.25
151.25
150.0
150.25
150.25
150.0
150.0
150.0
150.0
150.0
150.0
150.0
150.0
150.0
152.75
152.75
153.25
153.25
153.75
153.75
154.25
154.25
154.75
154.75
154.75
155.0
155.75
155.75
155.75
156.75
156.75
157.25
158.25
158.25
158.5
158.5
158.5
158.5
159.25
159.25
158.5
157.0
157.0
157.25
158.75
158.75
160.5
160.25
160.25
160.25
160.25
159.0
159.0
159.0
159.0
159.0
158.75
158.75
158.75
157.75
157.75
157.25
157.25
157.0
156.25
156.25
156.25
158.0
158.0
158.5
157.0
157.0
159.5
159.5
159.5
160.25
161.0
161.0
162.25
162.25
161.0
161.0
161.0
160.75
161.0
161.0
160.25
161.75
161.75
159.25
159.25
160.25
160.25
160.5
160.0
160.0
160.25
161.25
161.0
161.0
161.0
161.5
161.5
161.25
161.75
161.75
161.25
161.0
161.0
161.25
161.25
161.75
162.25
162.25
162.25
162.25
162.25
162.25
161.75
162.25
162.25
162.75
162.0
162.0
163.25
163.25
161.5
161.25
161.25
161.75
161.5
161.25
161.25
161.0
159.25
159.25
158.75
158.25
158.0
158.0
157.25
156.25
156.25
155.25
155.25
154.75
154.75
154.75
156.0
155.5
155.5
154.5
153.25
153.25
152.75
152.75
152.5
151.75
151.75
151.25
151.5
151.5
151.25
151.25
150.5
149.75
149.75
149.5
148.0
148.0
147.25
147.25
145.75
144.5
144.5
142.75
142.75
142.0
142.0
142.0
141.75
141.75
140.75
140.75
140.5
140.25
140.25
138.75
138.75
138.25
138.25
138.25
135.0
135.0
126.5
126.5
126.5
122.75
122.75
121.0
121.0
120.75
120.75
118.0
118.0
117.75
117.75
116.5
116.5
118.0
118.0
119.25
119.25
118.0
118.0
119.25
119.25
121.25
121.25
121.5
121.5
121.75
121.75
120.25
120.25
122.25
122.25
123.5
123.5
130.0
130.0
131.0
130.25
130.25
127.5
127.5
122.25
122.25
116.5
123.25
123.25
112.25
112.25
115.75
115.75
115.75
116.75
116.75
117.75
119.25
119.25
126.75
126.75
127.75
128.25
128.25
128.75
128.75
129.25
129.25
130.25
130.25
131.5
132.0
132.0
135.0
135.0
141.25
142.5
142.5
145.0
147.0
147.0
150.0
150.0
151.5
152.25
152.25
153.0
154.25
154.25
155.5
155.5
156.75
157.0
157.0
156.5
156.75
156.75
156.25
156.25
154.75
154.5
154.5
154.0
151.75
151.75
149.5
149.5
148.5
147.0
147.0
146.5
145.25
145.25
145.0
145.0
143.25
143.25
142.0
141.75
141.75
141.5
141.5
140.75
140.75
140.75
140.75
140.75
141.75
141.75
142.0
142.0
143.25
143.25
148.0
147.5
147.5
149.5
149.5
151.0
155.0
155.0
155.75
155.75
157.0
158.5
160.0
160.0
161.25
161.25
160.25
160.5
160.5
160.5
161.0
162.0
162.0
162.25
162.0
162.0
162.0
161.5
161.5
161.5
162.5
162.5
159.5
162.25
162.25
158.5
161.0
161.0
159.5
161.75
161.75
159.25
159.25
159.25
159.25
159.25
159.25
160.0
160.5
160.5
160.75
160.75
161.25
161.25
161.5
162.0
162.0
162.75
163.25
163.25
164.25
163.75
163.75
164.75
165.0
165.0
163.75
163.75
161.5
161.5
161.5
164.25
165.0
165.0
163.5
167.0
167.5
167.5
167.75
166.75
166.75
169.0
169.0
168.0
167.75
167.75
167.0
167.0
167.0
167.0
167.75
167.75
167.75
167.75
167.75
167.75
167.75
167.75
168.0
168.0
168.0
165.5625
163.125
160.6875
158.25
155.8125
153.375
150.9375
148.5
148.5
148.5
151.5
151.5
151.5
151.5
151.5
151.5
151.5
151.5
151.5
151.5
151.5
151.5
151.5
151.5
154.9
158.3
161.7
165.1
168.5
168.5
166.0
169.25
169.25
175.75
175.75
175.75
175.75
175.75
175.75
175.75
175.75
175.75
175.75
175.75
175.75
175.75
175.75
175.75
175.25
174.75
174.25
173.75
173.25
172.75
172.25
172.25
172.75
172.5
172.75
172.75
170.5
170.5
170.5
174.0
166.5
166.5
165.75
165.75
165.0
165.0
168.25
165.75
165.75
165.75
167.75
166.75
166.75
166.75
167.0
166.75
166.75
166.75
164.25
164.25
162.0
164.25
164.25
164.25
165.75
161.75
161.75
163.25
163.25
162.75
164.0
163.5
163.5
163.5
164.0
165.5
165.5
165.0
166.25
166.25
164.0
164.25
164.25
164.75
164.75
164.75
166.25
166.5
166.5
166.75
166.25
167.0
167.0
168.0
169.25
169.25
169.5
168.25
168.25
168.25
169.25
169.25
169.25
169.25
167.75
168.25
167.5
166.75
166.75
166.5
166.75
166.75
168.0
168.25
168.25
167.5
167.75
168.25
168.25
168.0
166.5
166.5
166.25
168.0
168.0
167.5
167.0
167.0
165.75
164.5
164.5
161.75
161.75
161.75
160.5
160.5
158.5
158.75
158.75
157.25
157.5
157.5
156.75
157.25
157.25
156.25
156.0
154.5
154.5
155.0
155.75
155.75
155.5
155.5
155.5
155.75
155.75
155.25
155.25
155.25
155.25
155.75
155.75
156.75
156.75
156.75
157.75
157.75
157.75
158.0
159.0
159.0
158.75
161.0
161.0
161.75
164.25
164.25
158.5
158.5
160.5
161.5
161.5
161.25
161.5
161.5
162.0
161.5
161.75
161.75
161.0
160.75
160.75
160.5
159.5
159.5
159.0
158.5
158.5
158.25
156.75
156.75
155.0
154.25
154.25
154.25
154.0
154.0
153.25
153.25
152.0
151.5
151.5
152.0
152.5
152.5
153.5
155.25
155.25
157.75
162.25
162.25
161.5
161.5
159.5
156.25
156.25
157.75
157.75
156.25
156.25
156.25
157.25
158.5
158.5
157.75
159.0
159.0
157.5
158.5
158.5
159.0
160.5
161.0
161.0
160.5
160.5
161.75
162.0
162.0
162.0
162.5
162.25
162.25
161.5
161.5
161.5
161.5
161.75
165.0
165.0
162.75
162.25
162.25
162.25
162.5
162.5
161.75
161.75
161.75
162.0
163.25
163.25
162.75
162.75
162.75
161.75
162.0
162.0
162.0
161.75
161.75
161.75
162.0
162.0
162.0
162.25
162.5
162.5
163.25
163.75
163.75
163.75
163.5
163.5
163.25
162.5
162.5
163.5
164.5
164.5
164.25
165.0
165.0
164.0
164.25
164.25
164.25
165.75
165.75
164.5
162.5
162.5
163.75
164.25
164.25
165.0
165.0
165.0
165.0
165.0
164.75
164.75
164.5
165.5
165.5
164.5
163.75
163.75
164.25
164.75
164.75
164.5
164.25
164.25
165.75
165.75
165.75
164.75
166.0
166.0
165.5
165.5
165.75
165.5
165.5
164.75
165.0
165.0
166.0
166.0
166.75
166.75
166.0
165.5
165.5
165.0
164.75
164.75
164.75
165.75
165.75
165.75
164.75
164.75
165.0
165.5
165.5
165.5
164.75
165.5
165.5
165.0
164.75
164.75
165.5
165.0
165.0
165.5
165.75
165.75
166.25
166.25
166.25
166.25
165.5
166.5
166.5
165.5
165.5
164.5
164.5
164.5
164.75
165.5
165.5
165.5
165.5
165.75
166.75
166.75
167.75
167.0
167.0
166.5
166.25
166.25
165.5
165.75
164.75
164.75
164.75
164.25
164.25
163.5
163.25
163.25
162.5
162.0
162.0
161.75
162.75
162.75
161.0
158.5
158.5
157.5
157.5
157.5
156.0
156.0
155.75
155.0
155.0
153.5
152.0
152.0
151.5
150.5
150.5
150.0
150.0
148.0
146.5
146.5
145.25
145.25
145.75
146.0
146.0
146.0
146.0
145.25
145.0
145.0
145.0
145.0
144.25
144.25
144.25
143.75
143.75
145.0
146.5
146.5
148.0
150.0
150.0
151.75
151.75
151.25
150.0
150.0
148.25
148.25
145.25
142.75
142.75
142.75
142.75
142.25
141.0
141.0
138.75
138.75
136.0
136.0
139.25
137.5
137.5
135.25
135.25
134.25
134.25
131.5
131.5
133.5
128.75
128.75
125.75
125.75
125.0
125.0
123.0
123.0
126.25
126.25
130.25
130.25
132.75
132.75
135.5
136.25
136.25
136.5
136.5
137.0
137.0
138.5
135.75
135.75
134.5
134.5
136.0
136.0
136.75
138.0
138.0
140.25
140.25
140.0
140.0
140.0
139.5
139.5
137.5
137.5
136.75
137.25
137.25
137.75
137.75
139.75
139.75
142.0
140.75
140.75
138.5
138.5
137.25
137.25
136.0
136.75
136.75
137.75
137.75
140.75
142.75
142.75
144.75
144.75
145.0
146.0
146.0
146.5
146.5
147.0
147.0
148.25
148.0
148.0
148.75
150.0
150.0
150.25
150.25
150.5
150.75
150.75
150.25
150.5
150.5
150.0
151.75
151.75
153.25
153.25
152.75
151.5
151.5
149.25
149.25
147.0
146.5
146.5
147.25
146.75
146.75
146.5
146.5
146.0
145.0
145.0
144.0
143.25
143.25
142.25
142.25
143.25
144.0
144.0
144.5
144.5
144.5
145.25
145.25
146.5
147.25
147.25
149.0
149.0
149.75
149.25
149.25
149.25
150.0
150.0
151.0
151.0
153.0
153.25
153.25
153.75
153.75
155.0
153.75
153.75
154.25
154.75
153.5
153.5
154.25
154.25
155.0
155.0
152.25
154.25
154.25
156.25
154.0
154.0
155.0
157.25
157.25
156.25
156.75
156.75
155.0
155.0
154.25
153.5
153.5
154.75
153.5
153.5
153.0
153.0
153.0
154.0
152.5
152.5
153.25
153.25
154.5
156.0
156.0
157.0
156.5
156.5
156.75
156.25
156.25
157.25
158.0
158.0
158.5
158.25
158.25
157.5
158.5
158.5
160.5
158.25
158.25
159.25
160.25
160.25
160.25
160.75
160.75
160.5
158.75
158.75
160.0
158.75
158.75
160.5
159.5
159.5
160.25
158.0
158.0
158.0
158.0
158.0
157.75
160.0
160.0
160.25
160.25
160.25
160.25
160.0
160.0
158.5
161.0
161.0
157.5
157.0
157.0
155.5
155.5
155.5
155.5
155.5
156.75
154.0
154.0
154.5
154.5
154.5
154.25
154.5
153.75
153.75
153.25
153.25
153.5
153.0
153.0
153.0
153.25
153.25
153.0
152.5
152.5
152.25
152.25
151.0
149.0
149.0
148.25
148.25
147.0
146.0
146.0
145.0
145.0
144.0
142.25
142.25
141.25
141.25
138.0
138.0
137.0
136.75
136.75
137.5
137.5
136.75
136.75
133.5
133.5
131.5
130.75
130.75
125.5
125.5
121.75
121.75
124.25
124.25
126.25
126.25
127.0
127.0
129.5
129.5
128.75
128.75
128.75
128.75
127.25
128.25
128.25
128.25
136.5
132.0
132.0
134.0
134.0
138.25
138.25
140.25
139.5
139.5
138.25
138.25
133.5
133.5
129.5
125.75
125.75
129.0
129.0
123.5
123.5
130.25
130.25
127.25
127.25
123.5
123.5
115.5
115.5
117.25
117.25
116.25
116.25
112.75
112.75
113.5
113.5
113.5
112.75
112.75
116.0
116.0
115.25
115.25
91.5
91.5
104.25
104.25
107.5
107.5
108.0
108.0
108.0
103.0
103.0
103.0
121.0
134.0
134.0
133.75
133.75
133.25
133.25
132.0
129.75
129.75
127.25
127.25
126.25
126.25
121.5
121.5
110.0
110.0
112.5
112.5
118.75
118.75
121.25
121.25
124.5
124.5
128.75
128.75
131.75
131.75
135.0
138.5
138.5
142.0
142.0
144.5
146.5
146.5
148.25
150.0
150.0
151.0
152.5
152.5
153.5
153.5
153.5
153.5
153.5
153.0
153.25
153.25
153.25
154.25
154.25
154.75
154.75
154.75
155.0
155.0
154.25
152.75
152.75
151.25
150.0
150.0
149.0
149.0
146.5
144.25
144.25
144.75
144.75
144.0
143.25
143.25
142.5
142.5
142.0
142.0
143.0
144.0
144.0
145.0
146.0
146.0
148.0
148.0
150.75
150.75
150.75
148.75
147.0
147.0
145.75
145.75
147.0
147.25
147.25
148.75
148.75
150.0
150.25
150.25
151.25
151.75
151.75
153.5
154.75
154.75
155.25
155.25
155.25
155.5
155.5
156.25
157.0
157.0
158.0
159.0
159.0
160.5
160.75
160.75
161.0
160.75
160.25
160.25
160.5
161.75
161.75
162.25
161.25
161.25
160.25
159.0
159.0
158.5
158.5
158.75
158.5
158.5
158.5
158.5
158.5
158.5
158.75
158.75
158.5
159.0
159.0
161.0
161.5
161.5
160.75
160.0
160.0
159.0
158.5
158.5
158.25
158.25
158.25
158.75
158.75
158.75
159.0
159.0
159.0
159.25
159.25
159.25
159.0
159.25
159.25
159.5
160.5
160.5
160.5
158.5
158.5
158.0
157.25
157.25
156.0
155.75
155.75
155.5
155.5
154.75
154.75
154.75
156.25
155.75
155.75
155.75
156.0
156.0
155.75
155.5
155.5
154.5
151.5
151.5
150.5
150.5
150.25
150.25
150.25
149.0
149.0
148.5
148.25
148.25
148.0
147.75
147.75
148.25
148.25
149.5
148.75
148.75
149.25
149.0
149.0
148.0
148.0
146.5
145.5
145.5
145.0
145.0
143.75
143.0
143.0
141.0
141.0
138.75
138.75
135.75
135.75
138.0
131.5
131.5
131.25
131.25
132.0
132.0
129.75
129.75
125.25
125.25
119.25
119.25
117.0
117.0
112.5
112.5
116.0
116.0
119.5
119.5
122.0
122.0
126.0
126.0
130.0
130.0
133.75
136.0
136.0
134.5
134.5
130.25
130.25
130.25
130.5
130.5
130.5
130.5
130.5
130.25
130.5
130.5
130.5
130.25
128.9
127.55
126.2
124.85
123.5
123.5
124.75
124.75
124.0
124.0
124.0
124.0
124.0
124.0
124.0
123.75
123.75
123.75
123.75
123.75
123.75
123.75
123.75
123.75
121.2
118.65
116.1
113.55
111.0
111.0
115.5
115.5
124.0
124.0
127.25
130.25
130.25
132.75
132.75
136.75
136.75
139.5
139.5
143.0
140.25
140.25
143.5
143.5
144.25
143.75
143.75
145.75
147.0
147.0
149.0
149.0
147.75
150.0
150.0
151.0
151.75
151.75
152.5
152.5
153.25
152.25
152.25
151.75
151.5
151.5
152.0
151.75
151.75
151.75
151.75
150.5
150.0
150.0
149.75
149.75
149.75
149.25
149.75
149.75
149.25
148.75
148.75
149.5
149.5
149.5
148.75
148.75
149.25
149.25
149.25
148.5
148.5
149.25
149.75
149.75
149.0
149.0
150.5
150.5
151.75
152.75
152.75
152.5
151.5
151.5
151.75
153.25
153.25
155.25
155.0
155.0
155.5
155.5
155.5
154.5
154.5
154.75
155.5
155.5
155.25
155.75
155.75
157.75
156.75
156.75
157.0
158.25
158.25
160.75
158.0
158.0
157.75
157.25
157.25
157.5
158.75
158.75
158.75
159.0
159.0
159.25
159.25
159.25
159.0
159.25
159.25
159.25
160.25
160.25
161.75
158.75
158.75
160.75
159.5
159.5
156.75
156.25
156.25
155.75
155.75
154.75
155.0
155.0
155.0
156.0
156.0
156.5
156.75
156.75
157.5
158.75
158.75
159.25
160.0
160.0
160.0
160.5
160.5
161.0
161.25
161.25
161.0
160.5
160.5
161.25
161.0
161.0
161.25
161.0
161.0
159.25
159.5
160.0
160.0
158.5
158.75
158.75
158.25
158.75
158.75
159.25
160.0
160.0
159.5
158.75
158.75
158.75
158.75
158.75
157.75
157.0
157.0
156.0
155.0
155.0
155.5
155.5
154.25
152.75
152.75
152.25
151.75
151.75
151.25
151.25
149.75
148.75
148.75
146.5
145.0
145.0
145.25
145.25
144.75
144.75
143.75
142.0
142.0
142.0
142.0
142.25
143.75
143.75
144.5
144.5
143.0
140.75
140.75
139.0
139.0
138.5
142.5
142.5
154.0
154.0
154.0
154.0
154.0
154.0
153.75
153.75
154.0
154.0
140.0
142.0
142.0
141.75
141.75
138.5
138.5
135.75
135.75
131.75
131.75
130.5
130.5
130.5
131.25
131.25
131.25
131.25
131.25
131.25
131.25
131.25
131.5
120.75
120.75
107.25
107.25
108.0
108.0
108.0
108.0
108.0
102.25
102.25
102.0
102.0
108.25
108.25
108.25
102.5
102.5
95.5
95.5
95.5
103.25
103.25
98.75
98.75
98.75
100.0
100.0
102.0
102.0
98.75
98.75
98.75
98.75
109.25
109.25
85.25
85.25
85.25
85.25
85.5
85.5
85.5
85.5
85.5
85.5
85.5
94.25
94.25
97.0
97.0
97.0
100.0
100.0
101.25
101.25
101.25
100.0
100.0
112.75
112.75
92.25
92.25
92.25
92.25
92.25
92.25
92.25
92.25
92.5
92.5
92.5
92.5
92.5
98.92857142857143
105.35714285714286
111.78571428571429
118.21428571428572
124.64285714285714
131.07142857142858
137.5
138.25
138.25
141.0
141.0
142.0
142.0
142.5
142.5
141.5
142.25
142.25
144.75
147.0
147.0
147.75
146.25
146.25
146.25
146.25
147.25
146.25
146.25
148.5
149.75
149.75
151.25
151.25
152.75
152.75
153.5
154.25
155.5
155.5
157.25
157.25
158.25
159.25
161.25
161.25
160.25
160.25
160.25
160.75
161.75
161.75
162.0
160.75
160.75
161.25
160.0
160.0
160.75
161.0
161.0
159.25
160.5
160.5
161.5
161.5
161.5
163.75
163.5
163.5
161.0
160.5
160.5
162.0
162.0
179.0
164.25
160.25
160.25
162.75
162.0
162.0
162.0
162.0
162.0
162.0
162.0
161.75
161.75
161.75
161.75
161.75
161.75
162.0
159.76785714285714
157.53571428571428
155.30357142857142
153.07142857142858
150.83928571428572
148.60714285714286
146.375
144.14285714285714
141.91071428571428
139.67857142857142
137.44642857142858
135.21428571428572
132.98214285714286
130.75
130.75
130.75
130.75
130.75
130.75
130.75
130.75
130.75
130.75
130.75
130.75
130.75
130.75
130.75
130.75
130.75
130.75
131.0
131.0
132.5
134.0
135.5
137.0
138.5
140.0
143.0
143.0
139.5
139.5
142.0
142.0
143.25
143.25
145.0
144.5
144.5
145.25
147.75
147.75
147.75
147.75
148.75
149.75
149.75
150.0
150.25
150.25
153.0
153.25
153.25
154.5
154.5
155.5
156.75
156.75
156.25
156.25
156.25
155.0
156.5
156.5
156.5
156.5
156.5
156.5
156.5
156.5
156.5
156.25
156.25
156.5
156.5
156.5
156.5
156.5
156.0
155.5
155.0
154.5
154.0
153.5
153.0
152.5
152.0
151.5
151.0
150.5
150.0
149.5
149.0
148.5
148.0
147.5
147.0
146.5
146.0
145.5
145.0
144.5
144.0
144.0
144.75
144.75
144.75
141.5
140.75
140.75
140.75
141.25
141.25
141.25
141.25
141.25
141.25
141.25
141.25
141.25
141.25
141.5
141.5
141.5
141.5
141.5
142.1
142.7
143.3
143.9
144.5
145.5
145.5
145.5
146.0
146.0
144.25
144.25
146.0
147.25
147.25
147.25
147.25
146.5
146.5
146.5
146.5
146.5
146.25
146.25
146.25
146.25
146.25
146.25
146.25
146.25
146.5
144.765625
143.03125
141.296875
139.5625
137.828125
136.09375
134.359375
132.625
130.890625
129.15625
127.421875
125.6875
123.953125
122.21875
120.484375
118.75
117.015625
115.28125
113.546875
111.8125
110.078125
108.34375
106.609375
104.875
103.140625
101.40625
99.671875
97.9375
96.203125
94.46875
92.734375
91.0
91.0
88.25
88.25
88.25
85.25
85.25
85.25
84.0
84.0
84.0
84.5
84.5
84.5
85.25
85.25
86.0
86.0
86.0
86.5
86.5
86.5
86.75
86.75
86.75
86.75
86.75
87.25
87.25
87.25
88.5
88.5
88.5
91.5
91.5
97.0
97.0
97.0
91.25
91.25
94.5
94.5
94.5
97.0
97.0
97.75
97.75
97.75
97.75
97.75
98.75
98.75
101.75
101.75
103.75
103.75
103.75
106.0
106.0
108.75
108.75
113.25
113.25
117.0
117.0
121.5
121.5
121.75
125.25
125.25
125.25
111.25
111.25
111.5
111.5
111.5
111.25
111.5
111.5
111.5
111.5
111.5
118.33333333333333
125.16666666666667
132.0
138.83333333333334
145.66666666666666
152.5
152.0
152.0
151.5
151.5
151.5
152.0
152.25
152.25
150.0
146.0
146.0
142.0
142.0
142.0
142.0
142.0
142.0
142.0
142.0
142.0
142.0
142.0
142.0
142.0
140.33333333333334
138.66666666666666
137.0
135.33333333333334
133.66666666666666
132.0
132.0
135.25
135.25
138.25
139.5
140.75
140.75
140.75
140.75
139.5
139.5
139.5
139.5
139.5
139.5
139.5
139.25
139.25
139.25
139.25
153.75
154.75
154.75
154.75
154.75
154.75
154.75
154.75
154.75
154.75
154.75
155.0
153.54166666666666
152.08333333333334
150.625
149.16666666666666
147.70833333333334
146.25
143.75
143.75
140.25
136.0
136.0
135.25
135.25
137.0
133.5
133.5
133.5
131.75
131.75
132.25
131.5
131.5
131.5
131.5
131.5
131.5
131.5
131.5
131.5
131.5
131.5
131.5
131.5
131.5
131.25
131.25
131.5
129.28571428571428
127.07142857142857
124.85714285714286
122.64285714285714
120.42857142857143
118.21428571428571
116.0
113.78571428571428
111.57142857142857
109.35714285714286
107.14285714285714
104.92857142857143
102.71428571428571
100.5
100.5
100.5
96.25
96.25
95.5
95.5
95.5
95.5
95.5
95.5
94.25
94.25
95.5
95.5
95.5
95.5
95.5
95.5
95.5
95.5
95.5
95.5
95.5
95.5
95.5
95.5
95.25
95.25
95.25
97.19444444444444
99.13888888888889
101.08333333333333
103.02777777777777
104.97222222222223
106.91666666666667
108.86111111111111
110.80555555555556
112.75
111.75
111.75
112.0
112.0
112.0
112.0
112.0
112.0
111.75
111.75
111.75
107.32142857142857
102.89285714285714
98.46428571428571
94.03571428571428
89.60714285714286
85.17857142857143
80.75
80.75
80.75
82.75
82.75
82.25
82.25
82.25
82.25
81.75
81.75
81.75
80.75
80.75
80.0
80.0
80.0
81.5
81.5
81.5
82.0
82.0
82.0
82.75
82.75
82.75
80.25
80.25
70.5
70.5
70.5
72.25
72.25
72.25
70.0
70.0
70.0
66.25
66.25
66.25
66.25
65.25
65.25
65.25
65.25
64.75
64.75
64.75
64.5
64.5
64.5
64.5
67.75
67.75
67.75
68.25
68.25
68.25
69.25
69.25
69.25
69.25
69.25
74.75
74.75
74.75
70.0
70.0
70.0
70.0
69.75
69.75
69.75
69.75
69.75
69.75
70.0
70.0
95.0
95.0
95.0
95.0
94.0
94.0
94.0
94.0
94.0
94.0
94.0
93.75
93.75
93.75
93.75
93.75
100.13888888888889
106.52777777777777
112.91666666666667
119.30555555555556
125.69444444444444
132.08333333333334
138.47222222222223
144.86111111111111
151.25
151.0
151.0
151.0
151.0
151.0
151.0
151.0
150.75
149.0
149.0
147.75
147.75
146.75
145.75
145.75
145.0
144.25
144.25
143.0
143.0
140.25
140.25
136.25
136.25
127.5
127.5
125.0
125.0
124.75
124.75
124.0
124.0
122.5
121.75
121.75
121.75
121.0
124.0
124.0
124.0
110.75
110.75
114.0
114.0
115.5
115.5
115.5
115.5
115.5
115.25
115.5
115.5
115.5
115.5
115.5
115.25
114.22058823529412
113.19117647058823
112.16176470588235
111.13235294117646
110.1029411764706
109.07352941176471
108.04411764705883
107.01470588235294
105.98529411764706
104.95588235294117
103.92647058823529
102.89705882352942
101.86764705882354
100.83823529411765
99.80882352941177
98.77941176470588
97.75
96.72058823529412
95.69117647058823
94.66176470588235
93.63235294117648
92.6029411764706
91.57352941176471
90.54411764705883
89.51470588235294
88.48529411764706
87.45588235294117
86.4264705882353
85.39705882352942
84.36764705882354
83.33823529411765
82.30882352941177
81.27941176470588
80.25
80.25
80.25
79.25
79.25
79.0
79.0
79.0
78.75
78.75
78.75
80.25
80.25
80.25
77.5
77.5
77.5
77.5
77.5
77.0
77.0
77.0
77.0
76.5
76.5
76.0
76.0
76.0
76.0
83.75
83.75
59.5
59.5
59.5
59.5
59.75
59.75
59.5
59.5
59.5
59.5
63.0
63.0
63.0
57.75
57.75
57.75
57.5
57.5
57.5
57.5
57.25
57.25
57.25
57.0
57.0
57.0
57.0
78.25
58.5
58.5
58.5
58.5
58.0
58.0
58.0
58.0
58.75
58.75
58.75
57.5
57.5
57.5
57.0
57.0
57.0
57.25
57.25
57.25
58.25
58.25
58.25
58.5
58.5
58.5
58.5
61.75
61.75
61.5
61.5
61.5
61.75
61.75
61.75
63.0
63.0
63.0
65.0
65.0
65.0
67.75
67.75
67.75
67.5
67.5
67.5
67.5
67.5
67.5
67.5
67.5
67.5
67.5
67.5
67.5
67.25
67.25
67.25
67.25
67.5
67.5
80.325
93.15
105.975
118.8
131.625
144.45
157.275
170.1
182.92499999999998
195.75
196.6875
197.625
198.5625
199.5
199.5
199.5
199.5
199.5
199.5
199.5
199.5
199.5
190.5
181.5
172.5
163.5
154.5
154.5
154.75
155.75
155.75
156.25
156.25
156.75
157.25
157.25
158.0
158.75
158.75
158.75
160.25
161.25
161.25
161.25
161.25
161.25
161.5
161.5
161.5
161.25
162.0
162.0
163.75
163.5
163.5
163.5
164.25
164.25
164.25
164.5
164.5
164.5
164.5
165.0
165.0
164.75
164.75
164.75
165.5
165.0
165.0
165.0
166.0
166.0
166.0
165.0
165.0
165.0
165.75
166.75
166.75
167.5
167.0
167.0
167.75
167.5
167.5
167.5
167.5
167.5
167.5
167.5
167.25
170.5
170.75
170.75
171.0
170.0
170.75
170.75
171.25
172.25
172.25
172.5
172.75
172.0
169.75
169.75
168.0
166.0
166.0
164.75
164.75
164.25
165.0
165.0
164.0
164.0
164.25
159.5
159.5
158.75
160.0
160.0
158.5
158.75
158.75
157.75
157.0
157.0
157.25
158.0
158.0
157.75
158.5
158.5
157.25
157.25
160.0
162.25
162.5
162.5
164.25
164.25
162.75
163.25
163.25
165.0
166.5
166.5
166.75
167.75
167.75
169.0
168.5
168.5
169.25
169.5
169.0
169.0
169.5
169.5
169.5
168.5
169.25
169.25
169.75
172.25
171.25
171.25
171.5
169.25
169.0
169.0
171.0
169.25
169.25
166.0
165.75
165.75
164.25
162.75
162.75
162.75
162.5
162.5
162.75
161.0
161.0
159.5
161.0
161.0
158.25
157.0
157.0
157.25
157.5
157.5
154.5
154.5
152.0
149.75
149.75
149.0
149.0
150.25
150.25
150.25
143.25
143.25
146.0
147.0
147.0
148.0
148.0
147.0
147.0
147.0
148.5
150.0
150.0
151.25
152.25
152.25
150.75
150.0
150.0
150.0
150.0
151.5
151.0
151.0
153.25
151.25
151.25
153.25
153.25
154.5
153.25
153.25
152.25
151.75
151.75
150.25
147.0
147.0
144.5
144.5
143.75
143.75
144.0
142.25
142.25
141.0
141.0
140.75
140.75
138.0
138.0
137.5
137.5
137.5
137.5
137.5
137.5
137.5
137.5
137.5
137.5
137.5
137.5
137.25
137.25
134.21428571428572
131.17857142857142
128.14285714285714
125.10714285714286
122.07142857142857
119.03571428571429
116.0
116.0
115.75
115.75
116.5
116.5
117.75
117.75
117.75
117.75
117.75
117.75
117.75
117.75
117.75
117.75
118.0
118.0
118.0
123.05
128.1
133.15
138.2
143.25
143.25
142.75
143.75
143.75
144.0
144.0
145.0
144.0
144.0
144.75
144.75
146.75
147.5
147.5
149.25
152.0
152.0
153.0
153.0
151.75
152.75
152.0
152.0
150.75
150.75
152.75
153.75
153.75
153.25
153.25
152.25
152.75
153.5
153.5
154.0
154.5
154.5
155.25
155.25
154.25
153.75
153.75
154.5
154.25
154.25
155.0
155.0
154.0
153.25
153.25
154.0
154.25
154.25
155.25
155.25
155.25
156.0
156.0
156.25
156.5
155.5
155.5
155.5
156.0
156.0
155.5
155.75
155.75
156.25
156.0
156.0
156.25
156.25
155.75
156.75
157.0
157.0
157.0
157.0
157.0
159.0
163.5
163.5
158.0
158.0
157.75
157.75
157.75
156.75
156.0
156.0
157.25
158.25
158.25
158.5
157.75
157.75
158.25
158.25
157.75
158.75
158.0
158.0
158.25
158.25
158.25
158.5
159.0
159.0
158.75
159.25
159.25
161.75
163.5
163.5
161.0
160.25
160.25
158.75
158.25
158.25
158.25
160.0
160.0
164.75
164.75
158.0
157.75
157.75
157.0
156.5
156.5
156.25
156.25
156.25
155.75
155.75
156.0
156.0
156.0
156.0
155.75
155.75
155.0
153.5
153.5
151.75
151.75
150.25
149.25
149.25
149.25
149.5
149.0
149.0
149.5
149.5
149.5
148.75
148.75
149.75
150.0
150.0
150.0
150.0
150.0
150.0
149.75
149.75
150.0
150.0
148.5
148.5
148.5
149.5
149.25
149.25
150.0
150.0
149.5
149.25
149.25
149.5
149.0
149.0
150.0
150.0
150.0
149.75
149.75
149.5
149.5
149.5
148.75
148.75
149.0
147.5
147.5
147.25
147.25
145.25
145.5
145.5
144.25
144.25
144.25
142.75
142.75
141.25
141.25
139.75
137.75
137.75
137.0
137.0
135.5
135.5
132.0
132.0
130.25
130.25
128.0
128.0
125.25
125.25
125.5
124.5
124.5
124.5
122.5
123.25
123.25
123.25
125.0
128.0
128.0
128.75
128.75
129.0
129.0
128.25
128.25
126.75
126.75
126.75
126.75
127.25
128.0
128.0
128.0
129.0
129.5
129.5
129.5
130.25
130.25
130.5
132.0
132.0
133.5
133.5
133.5
133.5
133.5
133.5
133.75
133.75
133.75
133.75
134.5
134.25
134.25
134.25
134.25
134.25
134.25
134.25
134.25
134.25
134.25
134.25
134.25
134.25
134.25
134.25
134.25
135.09375
135.9375
136.78125
137.625
138.46875
139.3125
140.15625
141.0
141.0
141.0
141.0
141.0
141.0
140.75
140.75
141.0
141.0
140.75
141.95
143.15
144.35
145.55
146.75
146.75
147.0
147.0
148.0
147.75
147.75
148.25
148.25
148.25
148.0
148.0
148.5
148.75
148.75
149.25
149.5
149.5
149.75
149.75
150.0
150.5
150.5
151.5
151.75
151.75
152.25
152.5
152.5
153.0
153.0
152.75
152.75
154.5
156.0
156.0
153.25
156.25
156.25
156.25
156.0
156.0
156.25
155.0
155.0
155.25
155.25
155.25
155.5
155.5
156.5
157.5
157.5
156.75
156.75
156.75
157.0
157.25
157.25
156.25
156.25
156.25
156.75
156.75
156.75
155.75
156.75
156.75
156.0
156.0
156.0
155.25
155.25
155.0
155.25
155.25
154.75
155.0
155.0
155.25
155.0
155.0
155.0
154.75
154.75
154.75
155.25
155.25
154.5
156.25
156.25
156.75
156.75
156.75
156.75
156.75
156.5
157.0
157.0
157.0
157.25
157.25
157.5
158.25
158.25
158.0
158.0
158.0
157.5
157.0
157.0
156.5
156.5
156.5
157.25
157.25
157.75
157.25
157.25
157.25
158.0
157.0
157.0
157.5
157.5
157.0
156.5
156.5
157.25
159.25
159.25
157.5
157.5
157.5
157.5
157.75
157.75
157.75
157.5
157.5
157.5
158.0
158.0
159.0
157.75
157.75
158.0
157.75
157.75
157.75
157.75
157.25
157.25
157.25
156.75
156.5
156.5
156.0
154.5
154.5
154.0
153.0
153.0
152.25
152.25
153.5
152.0
152.0
152.75
152.75
151.0
153.0
153.0
153.75
151.0
151.0
150.75
149.5
149.5
149.25
149.25
149.0
149.0
148.0
146.5
146.5
147.5
145.75
145.75
145.75
145.75
145.75
145.75
145.0
145.0
145.0
146.0
144.25
144.25
144.25
144.25
145.0
145.0
145.0
145.0
145.0
144.5
144.5
144.5
146.5
144.75
144.75
144.0
144.0
143.0
143.0
141.25
141.25
142.75
143.0
143.0
142.0
142.5
142.5
141.75
141.75
140.0
140.0
139.25
138.0
138.0
138.25
138.25
135.75
135.75
134.0
132.5
132.5
130.25
130.25
128.0
128.0
126.25
126.25
125.25
125.25
125.25
125.5
125.5
125.5
125.25
125.25
125.25
125.25
125.25
125.25
123.14285714285714
121.03571428571429
118.92857142857143
116.82142857142857
114.71428571428571
112.60714285714286
110.5
110.5
110.25
110.25
109.25
109.25
109.25
109.25
109.75
109.75
110.0
110.0
112.25
112.25
113.5
113.5
114.75
114.75
115.75
115.75
118.25
118.25
119.25
119.25
124.0
126.0
126.0
127.0
127.0
129.0
129.0
132.0
132.0
132.5
132.5
134.25
136.0
136.0
137.5
137.5
138.5
139.75
139.75
139.75
144.5
144.5
144.5
144.75
144.75
143.25
143.25
144.25
145.5
145.5
146.5
145.25
145.25
145.0
145.0
146.75
147.75
147.75
147.5
147.5
146.5
147.0
147.0
147.0
147.0
147.5
147.25
146.5
146.5
146.0
146.25
146.25
144.75
144.75
145.0
144.5
144.5
145.25
145.25
145.75
146.0
146.0
146.5
146.5
146.75
146.0
146.0
147.0
148.0
148.0
147.5
148.0
148.0
148.0
148.0
148.25
149.25
149.25
149.0
150.75
150.75
150.0
150.75
150.75
151.25
151.25
152.0
151.75
151.75
153.5
152.5
152.5
153.0
153.25
153.25
153.75
153.75
154.25
154.5
154.5
154.5
155.25
155.25
155.25
155.5
155.5
155.75
155.5
155.5
156.0
156.25
156.25
156.25
155.75
155.75
155.5
155.5
156.0
155.25
155.25
156.25
155.75
155.75
154.75
154.75
155.75
156.5
156.5
156.25
156.25
156.5
156.0
156.0
156.5
156.5
157.25
157.25
157.25
157.0
157.0
156.75
157.0
157.0
157.5
157.75
157.75
157.75
157.5
157.5
158.75
158.25
158.25
158.0
158.25
158.25
158.5
158.75
158.75
158.75
159.25
159.25
159.25
159.0
159.0
159.0
159.0
159.0
159.0
160.0
160.0
159.25
159.0
159.0
159.25
159.25
159.25
159.25
158.75
158.75
158.5
158.75
158.75
158.5
158.25
158.25
157.5
157.0
157.0
156.5
156.5
156.25
156.25
156.25
156.25
155.75
155.75
155.25
155.75
155.75
155.25
156.0
156.0
156.0
155.75
155.75
156.25
156.25
156.0
155.25
155.25
154.75
155.25
155.25
155.5
155.5
155.5
154.75
154.5
154.5
155.25
155.5
155.5
155.25
155.75
155.75
155.75
155.75
156.0
155.5
155.5
155.5
155.25
155.25
155.5
155.75
155.75
156.5
157.25
157.25
158.25
158.75
158.75
159.25
159.0
159.0
159.0
159.0
159.0
159.0
159.0
159.0
158.0
157.75
157.75
157.0
157.0
157.0
156.25
156.25
157.25
157.5
157.5
153.75
156.75
156.75
156.75
154.5
154.5
152.75
152.75
152.75
152.75
152.75
152.75
152.75
152.75
152.75
152.75
153.0
153.0
153.0
161.0
155.75
155.75
153.0
153.0
156.75
156.75
156.75
160.5
160.75
160.75
163.25
163.75
163.75
163.25
163.25
162.75
162.75
161.0
160.25
160.25
160.0
159.0
159.0
158.5
157.5
157.5
155.75
154.25
154.25
153.5
153.5
152.5
151.25
151.25
151.25
152.0
152.0
151.5
151.5
151.5
151.5
151.5
151.75
151.5
151.5
150.75
150.75
150.25
150.75
150.75
150.5
150.5
151.25
153.25
153.25
153.75
154.25
154.25
155.0
155.25
155.25
156.25
156.5
156.5
157.25
156.75
156.75
156.5
156.75
156.75
157.5
157.75
157.75
157.75
158.5
158.5
158.75
158.25
158.25
158.0
158.0
158.0
157.25
157.25
157.25
157.0
157.0
157.0
155.0
155.0
155.0
157.0
157.0
156.25
156.0
156.0
156.25
156.25
156.25
156.0
155.25
155.25
154.75
156.25
156.25
155.5
155.5
155.5
155.25
155.25
155.0
154.5
154.5
154.5
154.5
153.25
154.0
154.0
154.25
155.25
155.25
153.25
153.75
153.75
154.0
154.25
154.25
154.75
154.75
154.75
155.75
155.75
155.0
153.25
153.25
154.0
154.0
154.0
153.75
152.75
152.75
152.0
152.5
152.5
152.0
151.5
151.5
151.0
151.0
150.0
150.0
150.0
151.0
151.25
151.25
151.0
151.0
152.5
152.25
152.25
151.5
151.5
151.25
152.0
151.5
151.5
152.25
152.25
152.5
151.75
151.75
151.5
151.5
151.0
152.25
152.25
151.5
151.25
151.25
152.0
152.0
152.75
152.75
152.75
152.0
151.75
151.75
151.5
151.5
151.5
151.5
151.25
151.25
151.25
150.5
150.5
150.0
150.0
149.75
150.0
150.0
149.75
149.75
149.75
149.75
149.75
149.5
149.5
149.5
149.25
149.25
148.25
148.0
148.0
148.0
148.0
148.0
147.75
147.75
148.0
147.75
147.75
148.25
148.25
148.5
148.75
148.75
150.0
149.75
149.75
150.0
150.0
150.0
149.25
149.25
149.25
150.0
150.0
150.0
150.0
150.0
150.0
150.0
149.75
150.0
150.0
150.5
150.5
151.0
151.25
151.25
151.75
152.25
152.25
152.25
153.5
153.5
154.0
154.0
154.25
154.75
154.75
155.0
155.5
155.5
156.0
156.5
156.5
156.0
155.25
155.25
154.5
155.25
155.25
154.5
154.5
154.5
154.25
154.25
155.0
155.5
155.5
155.5
154.75
154.75
153.25
154.0
154.0
153.25
153.25
152.75
152.25
152.25
153.75
151.25
151.25
149.75
149.75
150.25
150.5
150.5
150.0
150.5
150.5
151.25
150.75
150.75
150.75
150.75
151.0
150.25
150.25
151.0
151.5
151.5
151.75
151.75
151.25
151.0
151.0
152.25
152.25
152.25
152.5
152.5
154.25
153.25
153.25
153.5
154.5
154.5
155.5
155.5
155.5
155.5
154.75
154.75
155.0
155.25
155.25
155.5
155.5
155.5
155.5
155.5
155.5
156.0
156.0
156.75
156.5
156.5
155.25
155.5
155.5
155.25
154.75
154.75
154.25
154.25
154.0
154.25
154.25
153.75
154.0
154.0
154.5
154.0
154.0
154.0
152.75
152.75
152.0
152.0
153.0
152.5
152.5
152.25
151.25
151.25
151.5
151.5
150.0
150.0
150.0
150.5
150.5
150.25
150.0
150.0
150.0
150.0
150.0
149.75
149.25
149.25
149.75
149.75
149.75
149.5
149.5
149.0
149.0
150.0
150.0
150.0
149.5
149.0
149.0
149.5
149.5
148.25
148.25
148.25
147.25
147.25
147.5
148.25
148.25
147.75
147.75
147.75
147.0
147.0
147.0
145.5
145.5
147.0
147.0
144.75
146.0
146.0
147.25
147.25
146.5
146.0
146.0
145.75
145.75
145.5
145.25
145.25
145.25
145.25
145.25
145.0
145.0
145.0
145.0
145.0
143.75
143.75
143.75
143.0
143.0
144.0
144.0
144.0
144.0
143.25
141.5
141.5
140.75
141.25
141.25
141.25
141.25
140.5
140.5
140.25
140.25
139.25
139.25
139.25
138.5
138.5
138.25
138.5
138.5
138.5
138.5
137.5
138.0
138.0
138.5
138.5
139.0
139.0
139.5
138.75
138.75
138.5
138.5
138.25
138.25
138.0
137.5
137.5
138.5
138.5
138.5
138.5
138.5
135.75
135.75
137.5
136.75
136.75
136.75
137.75
137.75
137.25
136.75
136.75
136.75
137.5
137.5
137.25
138.5
138.5
138.75
138.75
139.5
139.5
140.75
140.75
141.5
141.5
141.0
142.0
142.0
143.5
143.5
144.25
145.5
145.5
145.5
146.0
146.0
146.25
146.25
147.0
147.5
147.5
148.0
148.5
148.5
148.0
148.0
147.75
148.0
148.0
148.0
148.0
148.0
148.0
148.0
148.25
148.5
148.5
149.0
149.0
149.25
149.5
149.5
149.75
149.75
149.75
150.0
150.0
149.75
149.5
149.5
149.75
149.75
149.75
149.75
149.75
149.25
149.25
149.25
149.0
148.75
148.75
148.5
148.5
148.25
147.75
147.75
147.75
147.75
147.25
147.0
147.0
147.75
147.75
148.25
148.75
148.75
149.75
149.5
149.5
149.75
149.75
149.0
149.25
149.25
149.25
148.5
148.5
148.5
148.5
148.75
148.75
148.75
149.0
149.25
149.25
149.0
149.0
148.75
149.75
149.75
150.0
150.0
150.0
150.25
150.25
150.5
150.5
150.5
150.0
150.0
150.0
149.5
149.5
150.0
150.25
150.25
149.25
150.0
150.0
150.25
150.25
150.75
151.25
151.25
150.75
150.75
150.75
150.0
150.0
150.0
150.0
150.0
149.75
150.0
150.0
149.5
149.5
148.25
148.25
148.25
148.75
148.25
148.25
148.75
148.75
148.5
149.5
149.5
148.0
148.0
148.5
148.75
148.75
148.25
148.5
148.5
149.0
149.0
149.5
150.0
150.0
150.0
150.0
150.0
149.5
149.5
149.5
149.0
149.0
148.5
148.5
147.75
148.25
148.25
147.0
146.25
146.25
146.0
146.0
146.0
146.5
146.5
146.25
146.25
144.75
144.75
144.75
144.75
144.75
146.25
145.25
145.25
145.0
145.0
143.25
143.25
143.25
142.25
142.25
142.25
142.25
142.5
143.25
143.25
142.25
142.25
142.75
141.25
141.25
141.0
141.0
140.75
140.75
140.75
138.75
138.75
139.25
139.25
139.5
139.5
139.75
138.5
138.5
137.0
137.0
137.5
137.5
137.25
137.25
135.0
135.0
134.25
134.25
134.25
134.25
134.25
134.25
134.75
134.75
134.75
137.25
137.5
137.5
137.5
137.25
137.5
137.5
136.5
136.0
136.0
137.0
137.0
136.75
136.75
136.75
135.0
133.25
133.25
132.0
132.0
131.75
131.75
131.5
132.25
132.25
132.25
132.25
133.5
133.5
133.75
133.75
134.25
134.25
135.25
135.25
135.25
135.25
135.25
135.75
135.5
135.5
135.5
135.5
135.5
135.75
135.0
135.0
135.0
135.0
134.25
134.25
134.25
134.25
135.25
135.5
135.5
136.5
136.5
137.25
138.5
138.5
139.5
139.5
141.75
141.75
142.0
143.25
143.25
144.5
145.0
145.0
145.25
145.25
145.75
146.25
146.25
146.0
146.0
146.75
148.0
148.0
149.0
150.0
150.0
151.0
151.0
150.5
149.25
149.25
148.25
148.25
146.5
145.25
145.25
144.5
144.5
144.0
142.0
142.0
141.5
141.5
142.0
141.75
141.75
142.25
142.25
144.0
144.0
144.0
144.0
144.0
144.0
144.0
143.75
147.0
147.75
147.75
147.25
147.25
149.5
148.75
148.75
148.0
148.0
149.0
149.0
149.0
149.0
148.25
148.25
149.0
149.0
149.5
149.5
149.5
149.25
149.25
149.25
148.75
148.75
149.0
149.5
149.5
149.75
149.75
149.75
150.0
150.0
150.0
150.5
150.5
150.25
151.25
151.25
151.25
151.25
151.5
152.0
152.0
151.25
151.0
151.0
150.5
150.5
151.0
150.75
150.75
151.5
151.0
151.0
151.0
150.75
150.75
151.0
151.0
151.0
150.25
150.25
150.0
150.0
150.0
149.75
149.75
149.75
150.25
150.25
150.25
150.25
150.25
150.5
150.5
150.75
151.0
151.0
151.0
151.25
151.25
151.25
151.25
152.0
151.75
151.75
152.0
151.75
151.75
151.5
151.0
151.0
151.25
151.25
150.5
150.5
150.5
149.5
149.0
149.0
147.75
147.75
147.5
147.0
147.0
146.25
146.25
143.25
143.25
141.0
141.0
140.75
139.0
139.0
137.5
137.5
135.25
135.25
135.25
135.25
135.75
135.75
136.0
135.75
135.75
135.5
135.5
135.5
135.5
137.0
136.0
136.0
137.5
137.5
137.5
137.5
138.25
138.25
137.5
137.25
137.25
136.25
136.25
136.5
136.5
136.75
138.0
138.0
138.0
140.25
140.25
140.75
138.5
138.5
135.25
135.25
134.25
134.25
131.5
131.5
129.5
128.75
128.75
128.5
128.5
126.5
154.0
154.0
152.5
152.5
151.75
151.25
151.25
153.0
153.0
153.0
152.5
152.5
152.25
152.5
152.5
152.75
153.25
153.25
153.5
155.0
155.0
156.25
156.5
156.5
157.0
157.75
157.75
157.0
157.25
157.25
156.75
157.75
157.75
157.25
157.75
157.75
157.75
157.75
157.5
157.5
158.0
158.0
157.5
157.5
157.5
157.25
157.25
156.5
156.5
156.25
156.25
157.25
157.25
156.5
156.5
156.5
156.75
157.5
157.5
157.25
157.0
157.0
156.5
156.5
157.25
158.0
158.75
158.75
159.0
159.0
158.25
158.0
158.0
159.0
158.75
158.75
159.5
159.5
159.5
159.5
159.5
159.5
159.0
159.0
157.75
159.0
159.0
158.25
158.5
158.5
157.75
158.25
157.25
157.25
157.25
157.75
157.75
157.5
157.25
157.25
156.75
156.25
156.25
155.5
156.0
156.0
155.75
155.75
155.75
155.0
155.0
154.5
153.5
153.5
154.25
153.0
153.0
152.5
152.5
152.5
152.5
151.25
149.75
150.5
150.5
150.0
150.0
150.0
150.0
150.0
150.25
150.0
150.0
150.0
149.75
149.75
150.0
150.0
150.0
150.0
150.0
150.0
150.5
150.5
150.5
150.5
150.0
150.0
150.0
150.25
151.25
151.25
152.0
152.0
151.75
152.0
152.5
152.5
153.25
153.25
154.0
153.75
154.0
154.0
154.5
154.0
154.0
154.75
154.0
154.0
154.0
154.0
154.0
153.75
153.75
154.0
153.0
153.0
153.25
153.25
153.25
154.75
154.75
154.75
152.75
152.0
152.0
151.25
151.25
152.5
152.25
152.25
152.25
152.25
152.25
152.25
152.25
151.75
151.75
151.75
151.5
151.75
151.75
151.75
151.75
151.5
151.5
151.25
151.5
151.5
150.75
150.75
150.75
151.0
151.0
151.25
150.75
150.75
151.5
151.5
151.25
151.5
151.5
151.25
151.5
151.5
151.25
151.5
151.5
151.75
151.75
152.0
152.0
152.0
152.25
152.5
152.5
152.0
152.5
152.5
152.0
152.0
152.0
152.0
152.5
152.5
152.5
152.5
152.5
152.5
152.25
152.25
151.75
152.0
152.0
152.0
152.25
152.25
152.0
152.0
152.0
151.75
151.5
151.5
151.0
150.5
150.5
150.5
150.25
150.25
149.75
149.75
149.25
149.25
149.25
148.75
148.75
149.0
148.5
148.5
147.75
147.0
147.0
146.75
146.75
146.5
145.0
145.0
144.25
144.25
144.5
143.75
143.75
142.0
142.0
142.5
142.5
142.0
142.0
140.75
140.5
140.5
140.5
140.5
140.25
140.25
140.0
140.0
141.25
140.75
140.75
141.0
141.75
141.75
141.75
141.75
142.5
143.25
143.25
144.75
144.75
145.25
146.25
146.25
146.5
146.5
146.75
147.0
147.0
146.75
146.25
146.25
145.25
145.25
144.0
142.5
142.5
141.0
141.0
139.5
137.5
137.5
136.25
136.25
136.0
136.0
134.75
133.25
133.25
133.5
133.5
133.5
133.5
133.75
133.75
136.25
136.25
136.75
138.0
138.0
139.75
139.75
140.75
141.25
141.25
141.25
140.5
140.5
140.5
140.75
140.75
140.75
140.75
140.75
140.75
140.75
140.75
140.75
140.75
140.75
140.75
140.75
140.75
140.75
141.28947368421052
141.82894736842104
142.3684210526316
142.9078947368421
143.44736842105263
143.98684210526315
144.52631578947367
145.06578947368422
145.60526315789474
146.14473684210526
146.68421052631578
147.22368421052633
147.76315789473685
148.30263157894737
148.8421052631579
149.3815789473684
149.92105263157896
150.46052631578948
151.0
151.0
150.0
150.0
150.0
150.25
150.25
150.25
150.25
150.25
150.5
150.5
150.25
150.25
150.25
150.25
149.85
149.45
149.05
148.65
148.25
148.25
147.0
147.0
147.0
147.0
146.0
146.5
146.5
145.5
145.5
145.5
145.25
145.25
145.75
146.25
146.25
146.5
146.25
146.25
146.75
146.75
147.5
147.25
147.25
147.75
147.75
147.75
148.0
148.0
148.5
149.0
149.0
149.25
149.25
149.5
149.25
149.25
150.0
150.25
150.25
150.75
150.75
151.5
151.75
151.75
152.25
152.25
152.25
152.25
152.25
152.5
152.5
152.5
153.0
153.0
153.0
153.0
153.5
153.5
154.0
153.75
153.75
154.25
154.5
154.5
154.5
154.5
154.5
154.25
154.25
154.0
154.0
154.0
153.25
153.25
153.5
153.25
153.25
153.25
153.25
153.25
153.0
152.75
152.75
153.0
153.0
152.75
152.0
152.25
152.25
152.5
152.5
152.5
152.75
152.75
152.75
152.75
152.5
153.0
153.0
153.0
152.5
152.5
152.5
152.5
152.5
153.0
153.25
153.25
153.75
154.0
154.0
154.0
154.5
154.5
154.0
154.0
154.25
154.5
154.5
154.5
154.25
154.25
154.5
154.5
154.5
154.5
154.75
154.75
155.0
155.0
155.25
155.25
155.25
155.5
155.75
155.75
157.0
157.0
157.0
157.0
157.0
157.0
157.0
157.0
157.0
157.0
157.0
157.0
157.0
157.0
157.0
153.9
150.8
147.7
144.6
141.5
138.4
135.3
132.2
129.1
126.0
122.9
119.8
116.7
113.6
110.5
110.5
110.5
110.5
110.5
110.5
110.5
110.25
110.25
110.25
110.5
110.5
119.1
127.7
136.3
144.9
153.5
153.75
153.75
153.75
153.75
153.75
152.75
152.25
152.25
150.75
151.25
151.25
151.75
151.5
151.5
151.75
151.75
151.25
151.0
151.0
151.0
151.0
151.0
150.25
150.25
149.5
148.75
148.75
148.75
148.5
148.5
148.0
148.0
147.75
147.5
147.5
147.0
147.0
147.25
146.75
146.75
146.25
146.25
146.25
146.5
146.5
146.75
146.25
146.25
146.75
146.75
145.75
145.25
145.25
145.0
145.0
144.25
143.25
143.25
143.25
143.25
143.5
143.5
143.25
143.75
143.75
143.75
143.5
143.5
143.5
143.5
142.25
142.25
143.25
142.0
142.0
142.0
142.0
141.5
140.0
140.0
139.5
139.5
139.5
139.5
140.25
141.0
141.0
141.0
141.0
142.0
143.0
143.0
142.0
142.0
141.0
141.0
140.0
138.5
138.5
138.25
138.25
138.25
138.25
136.25
137.0
137.0
137.5
137.5
138.25
138.25
136.25
133.25
133.25
134.25
134.25
132.0
132.0
130.25
129.75
129.75
128.5
128.5
128.0
128.0
127.25
127.25
127.75
127.75
127.5
127.5
128.5
128.5
129.5
129.75
129.75
129.0
129.0
127.75
127.75
127.0
127.0
127.0
127.0
128.5
128.5
129.0
129.0
130.5
131.5
131.5
133.25
133.25
134.25
134.25
135.75
137.25
137.25
137.25
137.25
138.25
139.0
139.0
140.25
140.25
140.75
142.75
142.75
144.75
144.75
145.25
145.5
145.5
144.75
144.75
145.0
145.5
145.5
146.25
146.25
146.5
146.5
146.5
147.25
147.25
149.0
149.75
149.75
150.0
150.0
150.0
150.75
150.0
150.0
149.25
149.25
148.0
147.25
147.25
146.75
146.75
147.0
146.0
146.0
146.5
146.5
147.5
148.75
148.75
149.5
149.75
149.75
149.5
149.5
149.75
150.25
150.25
150.5
152.0
152.0
152.0
152.25
152.25
152.5
152.5
152.75
154.75
154.75
155.25
155.25
155.25
155.75
156.25
156.25
156.25
156.25
156.25
156.0
155.5
155.5
155.25
155.25
154.75
154.5
154.5
154.5
153.5
153.5
153.5
152.75
152.75
152.75
152.75
153.0
152.75
152.75
152.25
152.5
152.5
152.5
152.25
152.25
152.75
153.0
153.0
152.75
152.75
152.75
152.0
152.0
152.75
152.75
152.75
152.75
152.75
152.75
153.0
153.0
152.25
152.25
152.25
153.0
152.0
152.0
152.5
152.5
152.5
152.5
152.5
151.75
152.0
152.0
151.5
151.5
151.5
152.0
152.0
152.0
152.0
152.0
151.5
150.5
150.5
150.25
150.25
150.0
150.0
150.0
150.0
149.75
149.75
149.25
149.25
148.75
148.75
148.75
148.5
148.5
148.0
147.5
147.5
147.75
147.75
147.75
147.25
147.25
147.0
147.25
147.25
147.0
147.0
145.75
147.25
147.25
149.0
149.0
146.25
145.25
145.25
144.75
144.75
144.75
144.75
144.75
143.5
143.5
143.5
142.25
141.5
141.5
142.25
142.25
142.0
142.5
142.5
142.25
142.25
142.0
142.0
140.25
139.25
139.25
138.75
138.75
137.25
137.25
136.75
136.75
136.75
135.25
135.25
134.25
134.25
131.75
131.75
129.25
129.25
127.25
127.25
125.5
124.5
124.5
123.5
123.5
122.75
122.75
122.25
122.25
123.75
123.75
125.25
125.25
124.25
124.25
123.75
123.75
124.0
124.0
124.0
124.0
126.5
126.5
128.75
128.75
130.75
131.75
131.75
131.75
133.0
133.0
135.0
135.0
137.0
137.0
137.5
137.5
139.25
139.25
140.25
140.25
140.0
139.75
139.75
139.5
139.5
139.5
139.5
139.5
139.5
141.25
141.0
141.0
142.0
142.0
142.0
142.0
142.0
142.5
142.25
142.25
143.0
143.0
143.25
144.0
144.0
145.25
145.25
147.0
147.75
147.75
148.5
149.5
149.5
150.25
150.5
150.5
150.75
150.75
151.5
152.75
152.75
152.5
152.75
152.75
153.0
152.75
152.75
153.0
153.0
152.5
151.0
151.0
151.0
150.75
150.75
150.0
150.0
148.75
148.0
148.0
147.5
147.5
147.25
147.0
147.0
147.25
147.25
147.25
147.0
147.0
146.25
146.0
146.0
146.0
146.0
145.75
146.0
146.0
146.5
146.5
145.75
146.25
146.25
146.0
146.0
147.0
147.25
147.25
147.5
148.0
148.0
148.75
148.75
149.25
149.25
149.25
150.0
150.5
150.5
150.75
150.75
151.0
151.5
151.5
151.25
152.0
152.0
152.5
153.0
153.0
153.0
153.0
153.0
152.75
152.75
152.25
152.0
152.0
151.75
152.25
152.25
152.25
152.25
152.25
152.5
152.5
153.5
153.75
153.75
153.75
155.0
155.0
154.25
154.25
153.5
153.5
153.5
153.75
152.75
152.75
153.0
153.0
153.0
153.25
153.25
152.5
151.75
151.75
151.75
152.0
152.0
151.75
151.0
151.0
151.25
151.25
150.75
150.25
150.25
150.0
150.0
148.5
148.5
148.5
148.0
148.0
148.0
147.5
147.5
148.5
148.5
148.5
148.75
149.5
149.5
148.75
148.75
149.25
149.0
149.0
149.25
149.25
148.75
148.0
148.0
148.0
148.0
147.0
145.0
145.0
143.0
143.0
141.25
141.25
139.75
138.5
138.5
137.5
137.5
137.75
137.75
137.5
137.5
136.5
134.75
134.75
133.75
133.75
132.0
132.0
131.5
131.5
130.75
130.75
131.0
130.25
130.25
130.0
130.0
129.0
129.0
126.75
126.75
124.25
124.25
124.5
124.5
124.5
124.5
125.5
125.5
128.0
128.0
128.75
128.75
129.5
129.5
130.25
131.75
131.75
133.0
133.0
133.75
133.75
133.5
133.5
133.25
132.25
132.25
133.5
133.5
132.75
132.75
128.25
128.25
125.25
125.25
119.0
119.0
118.0
118.0
116.5
116.5
102.25
102.25
102.25
118.5
118.5
96.0
96.0
103.0
103.0
103.0
117.75
117.75
115.25
115.25
117.5
117.5
117.0
117.0
108.0
108.0
105.25
105.25
105.25
105.25
128.0
128.0
133.5
133.75
133.75
138.0
140.25
140.25
141.25
140.75
140.75
141.75
141.75
142.5
142.75
142.75
142.75
142.75
142.5
142.5
143.0
142.25
142.25
142.5
142.5
143.5
142.25
142.25
143.0
143.0
143.0
144.0
144.0
145.5
146.5
146.5
147.75
147.75
148.75
148.5
148.5
149.25
150.25
150.25
150.5
150.5
149.5
149.25
149.25
148.75
148.75
148.0
147.25
147.25
146.75
146.75
146.75
146.5
146.5
146.25
146.25
146.75
146.25
146.25
145.75
145.25
145.25
144.25
144.25
143.25
144.5
144.5
142.5
142.5
144.75
145.25
145.25
146.5
146.5
147.0
147.0
148.5
149.0
149.0
148.75
149.0
149.0
149.0
149.0
149.0
148.75
149.0
149.0
149.5
149.5
150.0
150.0
150.0
149.25
151.25
151.25
150.25
151.25
151.25
152.0
152.0
151.75
151.75
151.75
152.25
152.25
152.25
152.5
152.5
152.0
151.25
151.25
152.5
152.5
152.5
152.75
153.0
153.0
154.25
153.5
153.5
153.5
153.5
154.25
154.25
154.25
153.5
152.25
152.25
151.25
151.25
150.75
149.75
149.75
149.0
147.75
147.75
146.75
146.75
146.5
146.0
146.0
146.0
146.0
145.25
145.5
145.5
146.0
146.0
146.0
145.5
145.5
144.5
144.5
142.75
141.0
141.0
140.75
140.75
139.75
139.75
140.25
140.5
140.5
141.5
141.5
142.25
143.75
143.75
143.75
143.75
143.25
143.0
143.0
141.0
141.0
139.5
139.5
137.0
136.75
136.75
137.25
137.25
137.5
137.5
136.5
133.75
133.75
136.0
136.0
136.0
136.0
136.0
136.0
136.0
136.0
135.75
135.75
136.0
148.6
161.2
173.8
186.4
199.0
198.75
198.75
198.75
199.0
198.75
198.75
198.75
192.4558823529412
186.16176470588235
179.86764705882354
173.5735294117647
167.27941176470588
160.98529411764707
154.69117647058823
148.39705882352942
142.10294117647058
135.80882352941177
129.51470588235296
123.22058823529412
116.92647058823529
110.63235294117648
104.33823529411765
98.04411764705883
91.75
91.75
91.75
97.5
97.5
92.5
92.5
92.5
96.0
96.0
97.25
97.25
97.5
97.5
97.75
97.75
95.0
95.0
93.5
93.5
93.5
94.75
94.75
94.0
94.0
89.75
89.75
89.75
92.25
92.25
93.75
93.75
95.5
95.5
95.5
95.5
95.5
89.75
89.75
94.25
94.25
94.75
94.75
94.75
94.0
94.0
96.0
96.0
97.0
97.0
97.0
97.0
95.75
95.75
95.75
95.75
96.0
96.0
95.75
95.75
95.75
95.75
95.75
104.0
112.25
120.5
128.75
137.0
145.25
146.25
146.25
146.5
147.0
147.0
148.0
148.0
148.75
148.25
148.25
148.25
148.25
147.75
147.0
147.0
146.5
147.0
147.0
146.75
146.75
146.5
147.0
147.0
147.5
147.5
148.25
148.25
148.25
148.25
148.75
148.75
149.25
149.25
149.5
149.5
149.5
149.75
150.0
150.0
150.25
150.25
150.0
150.0
150.0
149.5
149.5
149.5
149.5
149.5
149.75
149.5
149.5
149.75
149.75
149.5
150.0
150.0
150.0
150.25
150.25
150.5
150.5
150.5
151.0
151.0
151.5
151.5
151.5
152.0
152.5
152.5
152.5
152.5
152.5
153.0
153.0
153.0
153.0
153.0
153.0
152.75
152.75
152.75
152.25
152.25
152.5
152.5
152.0
152.0
152.0
152.5
152.0
152.0
152.25
152.25
151.5
152.0
152.0
151.5
151.25
151.25
151.75
152.0
152.0
152.75
152.75
152.5
152.0
152.0
151.5
151.5
151.5
151.25
152.25
152.25
154.0
154.0
153.5
152.0
152.0
148.5
148.5
145.0
143.0
143.0
141.0
141.0
139.5
139.5
138.75
138.75
138.75
140.75
141.5
141.5
142.25
142.25
143.5
143.5
143.5
144.5
144.5
141.0
141.0
138.75
138.75
136.75
136.75
135.75
135.75
133.5
133.5
132.75
132.75
134.0
134.5
134.5
135.0
135.0
135.0
135.0
132.0
132.0
130.5
130.5
129.5
128.5
128.5
128.5
128.5
127.25
127.25
127.25
130.25
130.25
135.0
135.0
135.25
134.25
134.25
133.75
133.75
133.5
133.5
131.5
129.5
129.5
129.5
126.75
126.75
124.75
124.75
122.75
122.75
122.25
122.25
122.25
122.25
122.25
122.25
122.5
122.5
122.25
122.5
122.5
121.6951219512195
120.89024390243902
120.08536585365853
119.28048780487805
118.47560975609755
117.67073170731707
116.86585365853658
116.0609756097561
115.2560975609756
114.45121951219512
113.64634146341463
112.84146341463415
112.03658536585365
111.23170731707317
110.42682926829268
109.6219512195122
108.8170731707317
108.01219512195122
107.20731707317073
106.40243902439025
105.59756097560975
104.79268292682927
103.98780487804878
103.1829268292683
102.3780487804878
101.57317073170732
100.76829268292683
99.96341463414635
99.15853658536585
98.35365853658537
97.54878048780488
96.7439024390244
95.9390243902439
95.1341463414634
94.32926829268293
93.52439024390243
92.71951219512195
91.91463414634146
91.10975609756098
90.30487804878048
89.5
89.5
89.25
89.25
89.25
89.25
89.25
89.25
89.25
89.25
89.25
89.25
89.8
90.35
90.9
91.45
92.0
92.0
92.0
92.0
91.75
91.75
97.5
97.5
97.5
97.5
97.25
97.25
97.5
97.5
97.5
97.25
97.25
97.5
106.95
116.4
125.85
135.3
144.75
144.75
146.0
147.25
147.25
148.5
150.0
150.0
151.25
151.25
152.0
152.75
152.75
153.0
152.75
152.75
153.25
153.0
153.0
152.75
152.5
152.5
152.75
152.75
153.25
152.5
152.5
152.25
150.75
150.75
150.5
150.5
151.5
151.5
151.5
150.75
151.25
151.25
151.0
151.0
150.75
151.5
151.5
151.75
151.5
151.5
151.5
151.5
151.75
151.75
151.75
152.0
152.5
152.5
152.75
152.75
152.75
153.0
153.5
153.5
154.75
154.75
155.25
155.5
155.5
155.25
154.5
154.5
155.25
156.0
156.0
157.0
158.25
158.25
158.75
158.25
158.25
156.5
155.5
155.5
155.0
155.0
154.5
153.75
153.75
153.5
153.25
153.25
152.5
152.0
152.0
151.75
151.75
151.75
151.75
151.75
152.25
152.75
152.75
152.25
151.75
151.75
151.25
151.25
150.0
149.5
149.5
150.0
150.0
150.0
149.25
149.25
149.0
147.25
147.25
146.0
146.0
145.0
144.75
144.75
144.5
144.5
145.0
144.0
144.0
142.5
142.5
142.5
142.5
140.5
140.5
140.5
139.5
139.5
138.5
136.75
136.75
133.5
136.5
136.5
139.0
139.0
140.75
141.5
141.5
139.5
139.5
137.5
137.5
135.25
135.25
130.5
130.5
125.5
125.5
121.0
121.0
119.5
119.5
119.75
119.75
121.5
124.25
124.25
128.5
128.5
128.5
128.5
126.0
126.0
125.0
125.0
125.5
125.5
125.5
123.5
123.5
123.5
123.5
123.5
123.5
123.25
123.25
123.25
123.25
123.25
123.5
120.25
117.0
113.75
110.5
107.25
104.0
100.75
100.75
101.5
101.5
101.5
102.5
102.5
100.25
100.25
100.25
100.25
100.25
100.25
100.25
100.25
100.25
100.5
100.5
100.5
102.95
105.4
107.85
110.3
112.75
112.75
116.5
116.5
117.0
118.0
118.0
118.0
120.5
122.5
122.5
125.0
125.0
129.0
129.0
133.75
137.75
137.75
140.25
141.75
141.75
143.5
143.5
144.5
145.5
145.5
146.0
146.0
146.0
146.25
146.25
146.5
146.75
146.75
147.0
147.0
147.0
147.5
147.5
148.5
149.0
149.0
148.5
148.5
149.0
149.75
149.75
149.5
149.5
148.75
148.0
148.0
148.0
148.0
148.5
149.25
149.25
149.5
149.75
149.75
150.0
151.0
151.0
151.5
151.5
152.0
152.0
152.0
152.0
153.0
153.0
153.75
153.5
153.5
154.25
154.25
155.0
155.25
155.25
155.5
155.75
155.75
156.0
156.25
156.25
156.5
157.0
157.0
157.5
157.75
157.75
158.0
158.25
158.25
158.75
158.5
158.5
158.25
158.5
158.5
158.5
158.75
158.75
159.25
159.5
159.5
159.5
159.5
159.5
160.0
159.5
159.5
160.0
160.25
160.25
160.25
159.5
159.5
161.0
161.5
161.5
161.0
161.25
161.25
161.25
160.75
160.75
160.5
161.0
161.0
161.25
161.25
161.25
161.0
161.25
161.25
161.0
161.0
161.0
160.75
160.75
160.75
161.0
160.5
160.5
160.75
160.75
160.75
160.75
160.25
160.25
160.25
159.25
159.25
159.0
159.0
159.0
159.0
159.5
159.5
159.5
159.0
159.0
159.25
159.5
159.5
159.5
160.0
160.0
160.0
160.75
160.75
161.5
161.25
161.25
160.75
160.75
160.75
160.5
161.0
161.0
161.25
160.75
160.75
160.25
160.25
160.25
160.0
159.5
159.5
160.0
159.5
159.5
160.0
159.25
159.25
159.0
158.5
158.5
158.0
157.5
157.5
156.5
156.25
156.25
155.75
156.0
156.0
155.25
155.25
153.75
152.75
152.75
152.75
152.5
152.5
151.0
151.0
150.25
150.25
150.25
149.5
149.25
149.25
147.5
147.5
147.75
146.75
146.75
147.5
147.5
147.75
147.0
147.0
147.0
147.0
147.0
146.0
146.0
144.5
143.5
143.5
142.25
142.25
143.25
143.25
143.25
143.0
143.0
143.5
143.5
143.75
144.0
144.0
146.25
145.25
145.25
146.5
146.5
145.5
144.75
144.75
141.25
141.25
138.5
138.5
135.75
135.75
135.75
136.0
136.0
136.75
136.75
135.5
135.0
135.0
129.25
129.25
142.0
142.0
155.5
155.5
155.5
155.5
155.5
155.5
155.25
155.25
155.25
155.25
155.25
155.25
147.66666666666666
140.08333333333334
132.5
124.91666666666667
117.33333333333333
109.75
109.75
110.5
110.5
109.5
109.5
118.5
118.5
117.0
117.0
117.5
117.5
121.0
121.0
122.75
122.75
124.25
124.5
124.5
127.5
127.5
129.75
129.75
131.5
131.5
133.5
134.75
134.75
136.5
136.5
138.5
140.25
140.25
141.25
141.25
142.75
143.75
143.75
145.0
145.0
145.75
147.0
147.0
148.0
148.0
149.25
150.0
150.0
150.0
151.0
151.0
150.0
150.0
150.0
150.0
150.0
150.0
150.5
150.5
150.75
150.75
150.0
149.75
149.75
150.5
150.0
150.0
150.5
150.0
150.0
150.25
150.25
149.25
149.0
149.0
149.75
149.75
149.25
149.75
149.75
150.0
150.0
150.0
150.0
150.75
150.75
150.75
150.75
151.0
151.5
151.5
152.5
152.25
152.25
152.75
152.75
152.75
152.5
152.5
153.5
154.25
154.25
153.75
154.75
154.75
154.25
154.5
154.5
154.75
154.75
154.75
155.0
155.0
156.75
156.5
156.5
156.5
156.25
156.25
156.75
156.75
156.75
157.0
157.75
157.75
159.0
159.25
159.25
160.25
160.0
160.0
159.0
159.5
159.5
159.0
158.75
158.75
159.25
160.0
160.0
160.0
160.0
160.0
160.25
160.5
160.5
160.75
160.75
160.75
160.75
160.5
160.5
160.5
160.5
160.5
160.25
160.25
160.25
160.25
160.75
160.75
160.75
160.5
160.5
160.0
160.0
160.0
160.25
160.5
160.5
160.75
160.75
160.75
161.0
160.75
160.75
160.75
161.0
161.0
160.75
161.0
161.0
160.75
161.0
161.0
160.75
160.75
160.75
160.5
160.5
160.5
160.5
160.5
160.5
160.5
160.5
160.5
160.75
160.75
160.75
161.0
161.0
161.0
160.75
160.75
160.75
160.5
160.75
160.75
160.75
160.5
160.25
160.25
160.0
160.0
160.0
159.5
159.5
159.5
159.5
159.5
160.0
160.25
160.25
160.0
160.0
160.0
159.5
159.5
159.5
159.25
158.75
158.75
159.25
159.5
159.5
160.0
159.5
159.5
159.5
159.5
159.5
159.5
159.0
159.0
158.25
158.5
158.5
158.5
158.5
158.5
159.0
158.5
158.5
158.5
158.75
158.75
158.75
158.0
158.0
158.75
157.75
157.75
158.25
158.25
158.25
158.0
158.25
158.25
157.75
157.25
157.25
157.25
157.25
157.25
157.0
157.0
157.25
157.25
157.25
157.25
157.5
157.5
157.0
156.75
156.75
157.0
156.75
156.75
156.75
156.5
156.5
156.5
156.25
156.25
155.5
155.5
155.25
155.5
155.5
155.25
155.0
155.0
154.5
154.75
154.75
154.25
154.0
154.0
153.25
153.25
152.25
151.0
151.0
150.5
150.0
150.0
150.0
150.0
150.0
150.0
150.0
148.5
148.5
146.75
145.5
145.5
145.0
145.0
145.25
146.25
146.25
146.0
145.25
145.25
144.5
144.5
144.25
144.25
144.25
143.75
143.75
143.25
143.25
143.25
143.5
143.5
143.75
143.75
144.5
143.0
143.0
141.75
141.75
138.5
138.5
138.5
139.0
139.0
139.75
139.5
139.5
139.5
139.5
141.0
141.0
141.25
143.25
143.25
142.25
142.25
142.75
141.75
141.75
140.25
140.25
140.0
139.5
139.5
140.0
140.0
140.75
140.75
142.0
142.0
142.0
142.0
142.0
143.25
143.5
143.5
144.25
145.0
145.0
145.75
145.75
145.5
146.0
146.0
146.25
146.25
147.0
147.75
147.75
148.0
148.0
148.0
148.75
148.75
149.5
149.75
149.75
149.25
149.25
149.5
149.25
149.25
148.5
148.75
148.75
149.5
149.5
149.75
149.0
149.0
149.75
149.75
149.75
149.75
149.75
151.0
154.0
154.0
149.75
149.75
149.75
150.25
150.25
150.25
150.5
150.5
152.0
151.25
151.25
150.75
150.75
150.0
150.0
150.0
150.25
152.0
152.0
152.0
150.25
150.25
150.5
150.5
151.75
153.25
153.25
153.0
153.0
153.0
153.0
153.75
153.75
154.25
155.0
155.0
155.25
155.25
155.5
155.5
155.5
155.25
155.5
155.5
155.0
155.25
155.25
155.5
155.5
155.5
155.5
155.5
155.25
155.0
155.0
155.0
155.5
155.5
155.75
155.75
155.75
156.0
156.5
156.5
157.0
157.25
157.25
157.0
157.25
157.25
157.25
157.5
157.5
157.5
157.5
157.5
157.5
157.5
157.25
157.5
157.5
157.25
157.5
157.5
158.0
157.75
157.75
157.75
157.75
157.75
157.75
157.75
157.75
157.25
156.75
156.75
156.5
156.5
156.5
156.75
157.0
157.0
157.25
157.75
157.75
158.0
157.5
157.5
157.0
157.0
156.75
156.75
156.75
157.25
157.25
157.25
157.5
158.25
158.25
158.0
157.75
157.75
157.5
157.0
157.0
157.0
157.0
157.0
157.0
156.75
156.75
157.0
156.75
156.75
156.75
156.75
156.0
156.0
156.0
156.25
157.0
157.0
156.25
156.0
156.0
156.25
156.0
156.0
156.0
155.0
155.0
155.5
155.5
155.25
154.0
154.0
154.25
154.5
154.5
154.0
154.0
154.0
153.5
153.5
152.5
152.0
152.0
152.75
152.75
152.75
151.75
151.75
151.75
151.0
151.0
150.5
150.75
150.75
150.25
149.25
149.25
149.0
149.0
148.5
148.0
148.0
147.5
147.5
146.75
145.5
145.5
145.0
145.0
145.5
144.5
144.5
144.0
144.0
143.5
144.75
144.75
145.75
145.75
145.75
145.25
145.25
144.25
144.25
144.25
144.5
144.5
144.5
144.25
144.25
142.25
142.25
141.5
141.5
142.25
141.25
141.25
140.25
140.25
139.5
139.25
139.25
139.5
139.5
137.5
137.5
135.25
135.25
135.75
134.5
134.5
131.5
131.5
131.75
131.75
131.75
131.75
131.5
131.5
132.5
135.0
135.0
136.0
136.0
135.0
135.0
134.0
132.75
132.75
131.5
131.5
131.5
131.5
131.75
131.75
132.0
132.0
133.25
134.0
134.0
135.5
135.5
136.25
136.25
137.75
140.5
140.5
141.0
141.0
142.75
144.0
144.0
145.0
145.25
145.25
145.5
145.5
146.75
146.0
146.0
147.25
147.25
147.5
148.25
148.25
149.25
149.25
149.25
149.5
149.5
150.0
150.0
150.0
150.0
149.5
149.5
149.25
149.25
149.25
149.25
149.25
148.75
148.75
148.75
148.0
148.0
147.5
148.0
148.0
148.25
148.25
148.5
147.75
147.75
147.25
147.25
147.25
147.5
147.5
147.25
147.75
147.75
148.0
148.0
148.25
148.75
148.75
149.25
150.0
150.0
151.0
151.0
152.25
152.25
152.25
152.25
152.5
152.5
153.5
153.75
153.75
153.0
153.0
153.0
154.25
154.25
154.75
153.75
153.75
154.0
154.25
154.25
154.5
156.25
156.25
156.5
156.25
156.25
155.75
155.75
156.0
156.0
156.0
155.5
155.75
155.75
156.25
156.75
156.75
156.5
156.5
156.5
156.75
157.5
157.5
157.25
157.0
157.0
157.0
157.0
156.75
156.0
156.0
155.75
155.5
155.5
155.5
155.5
155.5
156.0
155.75
155.75
155.25
155.5
155.5
155.25
155.5
155.5
155.25
155.25
155.5
155.0
155.0
154.75
154.5
154.5
154.75
154.75
154.75
154.25
154.75
154.75
154.75
154.75
155.0
154.5
154.5
154.75
154.25
154.25
154.5
154.25
154.25
155.0
155.0
155.0
155.0
154.75
154.75
154.75
154.75
154.25
154.25
154.25
153.5
153.25
153.25
152.5
152.5
151.75
150.5
150.5
150.0
150.0
150.0
149.75
149.75
149.0
149.25
149.25
148.75
149.0
149.0
149.5
149.5
149.25
148.75
148.75
148.0
148.0
147.0
145.25
145.25
144.75
144.75
143.0
142.5
142.5
142.5
142.5
144.5
146.0
146.0
147.0
147.0
147.0
146.0
146.0
146.0
146.0
143.25
139.75
139.75
138.75
138.75
137.0
133.75
133.75
156.0
156.0
155.75
156.0
156.0
155.75
155.75
155.75
155.75
156.0
151.20833333333334
146.41666666666666
141.625
136.83333333333334
132.04166666666666
127.25
127.25
126.25
126.25
124.5
124.5
124.0
124.0
123.5
123.5
123.75
123.75
125.0
125.0
126.25
125.0
125.0
127.25
127.25
129.0
129.0
129.0
129.0
130.0
130.0
131.5
132.75
132.75
133.25
133.25
132.0
132.0
132.0
131.5
131.5
132.0
132.0
133.0
133.0
134.25
134.25
135.0
137.5
137.5
138.5
138.5
139.5
141.5
141.5
141.75
141.75
140.75
140.75
140.75
141.75
141.75
143.5
143.5
143.0
143.5
143.5
144.0
144.0
145.0
144.5
144.5
144.5
144.5
145.0
145.25
145.25
145.5
146.25
146.25
145.25
145.25
145.5
145.0
145.0
144.0
144.0
143.5
143.5
144.25
144.75
144.75
144.75
145.0
145.0
144.75
144.75
145.25
144.5
144.5
146.0
146.0
146.25
145.0
145.0
146.25
146.25
146.5
146.25
146.25
146.0
146.5
146.5
149.5
149.5
152.0
152.75
152.75
153.75
154.5
154.5
153.25
153.25
151.75
150.0
150.0
151.0
151.0
153.0
153.0
152.0
152.0
149.75
149.5
149.5
151.75
152.5
152.5
152.5
152.0
152.0
152.0
152.0
152.0
152.0
152.0
152.0
152.0
152.0
152.0
152.0
152.0
152.0
152.0
