116.25
116.25
116.25
116.25
116.25
116.25
116.25
116.25
116.25
116.25
116.25
118.33333333333333
120.41666666666667
122.5
124.58333333333333
126.66666666666667
128.75
128.75
131.75
131.75
131.75
134.25
136.25
136.25
137.5
137.5
134.25
134.25
133.25
133.25
134.25
134.25
135.75
137.0
137.0
137.75
137.75
136.75
136.75
134.75
134.75
131.25
129.25
129.25
127.25
127.25
125.25
125.25
123.75
123.75
120.75
120.75
120.75
121.0
121.0
120.75
120.75
115.0
115.0
115.0
115.0
117.25
117.25
117.75
117.75
117.75
118.0
118.0
119.0
119.0
119.0
119.0
118.5
118.5
117.0
117.0
118.0
118.0
116.75
116.75
116.25
116.25
116.75
116.75
117.75
117.75
118.0
118.0
116.5
116.5
117.75
117.75
119.25
119.25
119.5
119.5
119.75
119.75
120.0
120.0
120.25
120.25
120.75
120.75
121.75
121.75
120.75
120.75
119.5
119.5
120.0
120.0
122.0
122.0
122.75
122.75
123.25
122.0
122.0
122.0
121.75
121.75
121.75
120.75
120.75
120.75
119.25
119.25
118.25
118.25
117.5
117.5
116.0
116.0
116.5
116.5
116.25
116.25
116.5
116.5
117.0
117.0
117.5
117.5
117.75
117.75
117.0
117.0
116.75
116.75
117.25
117.25
117.25
116.5
116.5
119.0
119.0
122.5
122.5
122.75
122.75
122.0
122.0
122.25
122.25
120.25
120.25
119.5
119.5
120.0
120.0
121.0
121.0
122.5
122.5
120.75
120.75
121.5
121.5
119.75
119.75
118.5
118.5
118.75
118.75
119.5
119.5
119.5
119.5
118.25
118.25
118.5
118.5
119.75
119.75
121.25
121.25
122.0
122.0
122.75
122.75
122.0
122.0
121.5
121.5
121.5
121.5
124.5
124.75
124.75
124.0
124.0
121.75
121.75
121.75
121.75
125.0
125.0
125.75
125.75
125.5
125.5
125.5
125.5
124.75
124.75
126.25
126.25
126.25
125.75
125.75
125.75
123.0
123.0
122.25
122.25
120.5
120.5
120.5
120.5
120.5
120.5
122.75
124.5
124.5
125.75
125.75
126.75
126.75
127.25
127.25
126.0
126.0
124.75
123.25
123.25
123.25
123.25
123.25
123.25
122.0
122.0
122.0
121.25
121.25
122.25
122.25
123.25
123.25
123.25
123.25
123.25
123.25
123.5
124.25
124.25
125.75
125.75
127.25
127.25
124.75
124.75
124.5
124.5
124.5
124.5
124.5
124.5
125.25
125.25
125.25
125.25
125.25
125.25
125.25
125.25
125.25
125.25
125.25
125.25
125.25
126.0
126.0
126.5
126.5
126.5
126.5
124.75
124.25
124.25
124.25
124.25
124.25
124.25
124.25
124.25
124.25
124.25
124.25
124.25
124.25
124.25
126.25
126.25
126.5
126.5
127.25
127.25
126.5
126.5
126.5
126.25
126.25
125.25
125.25
125.0
125.0
125.0
125.0
125.0
125.0
125.5
125.5
125.5
128.75
128.75
128.75
128.75
129.0
129.0
129.0
129.0
125.75
125.75
125.75
125.75
125.75
125.75
125.75
125.75
125.75
125.75
125.75
125.68333333333334
125.61666666666666
125.55
125.48333333333333
125.41666666666667
125.35
125.28333333333333
125.21666666666667
125.15
125.08333333333333
125.01666666666667
124.95
124.88333333333334
124.81666666666666
124.75
124.75
124.75
124.75
124.75
124.75
124.75
124.75
124.75
124.75
124.75
124.75
124.0
124.0
123.75
123.75
123.75
123.75
123.75
123.75
123.25
123.25
123.25
124.25
124.25
124.25
125.5
125.5
125.5
126.0
126.0
126.0
126.0
126.0
126.0
126.0
126.0
126.0
122.13636363636364
118.27272727272727
114.4090909090909
110.54545454545455
106.68181818181819
102.81818181818181
98.95454545454545
95.0909090909091
91.22727272727272
87.36363636363636
83.5
83.5
83.5
83.5
83.5
83.5
83.5
83.5
83.5
83.5
85.13541666666667
86.77083333333333
88.40625
90.04166666666667
91.67708333333333
93.3125
94.94791666666667
96.58333333333333
98.21875
99.85416666666667
101.48958333333333
103.125
104.76041666666667
106.39583333333333
108.03125
109.66666666666667
111.30208333333333
112.9375
114.57291666666667
116.20833333333333
117.84375
119.47916666666667
121.11458333333333
122.75
122.75
123.5
123.5
124.25
124.25
124.25
124.75
124.75
124.75
124.75
124.75
124.0
124.0
124.0
124.0
124.0
124.0
124.0
124.0
124.0
124.0
124.0
125.0
125.0
125.0
124.0
124.0
124.25
124.25
125.5
125.5
125.75
125.75
126.0
126.0
126.5
126.5
126.5
126.75
126.75
126.75
126.75
123.5
123.5
123.5
123.5
122.25
122.25
122.25
122.25
124.5
124.5
123.75
123.75
123.75
123.75
124.25
124.25
125.25
125.25
126.75
127.5
127.5
128.25
128.25
128.25
128.25
128.25
127.5
126.5
126.5
126.0
126.0
125.5
125.5
127.0
127.0
127.5
127.5
125.25
125.25
124.25
124.25
124.0
124.0
124.0
124.0
124.25
124.25
123.0
123.0
123.75
123.75
125.0
124.25
124.25
124.25
127.5
127.5
127.5
127.5
127.5
127.5
125.75
125.5
125.5
127.25
127.25
127.25
129.25
129.25
129.5
129.5
128.75
128.75
128.0
128.0
126.75
126.75
126.5
126.5
128.0
128.0
128.5
128.5
128.5
127.75
127.75
127.75
127.75
126.0
126.0
126.25
126.25
126.25
126.25
124.75
124.75
124.75
124.75
124.75
124.75
125.5
125.5
125.5
125.5
125.0
125.25
125.25
125.0
125.0
125.25
125.25
126.75
126.75
126.75
126.75
127.25
127.25
127.0
127.0
127.0
127.0
127.0
126.0
126.0
124.25
124.25
124.25
124.25
126.0
126.0
127.5
127.5
128.25
128.25
128.5
128.5
127.25
127.25
126.75
126.75
126.75
127.25
127.25
127.5
127.5
127.75
127.75
128.75
128.75
129.75
129.75
128.25
128.25
127.0
126.5
126.5
126.75
126.75
126.5
126.5
125.5
125.5
123.75
123.75
123.75
123.75
123.0
123.0
123.0
123.0
123.75
123.75
124.0
124.0
125.0
125.0
125.0
125.0
125.25
124.5
124.5
124.25
124.25
124.25
124.25
125.25
125.25
125.5
125.5
126.0
126.0
126.75
126.75
127.5
127.5
128.5
128.25
128.25
127.25
127.25
126.75
126.75
126.75
126.75
127.0
127.0
127.25
127.25
126.75
126.75
126.75
126.75
126.75
126.25
126.25
126.25
126.25
126.5
126.5
127.25
127.25
128.25
128.25
128.5
128.5
128.5
128.5
128.5
129.0
129.0
129.25
129.25
129.25
129.25
129.5
129.5
130.25
130.25
130.5
130.25
130.25
130.0
130.0
129.25
129.25
128.25
128.25
127.0
127.0
126.5
126.5
126.75
126.75
127.5
127.75
127.75
128.25
128.25
128.5
128.5
129.75
129.75
130.25
130.25
130.0
129.25
129.25
129.25
129.25
128.75
128.75
128.75
128.75
128.75
128.75
128.0
128.0
128.0
126.75
126.75
126.5
126.5
128.25
128.25
129.25
129.25
128.5
128.5
128.25
128.25
128.25
126.75
126.75
126.75
126.75
129.0
129.0
130.25
131.25
131.25
130.5
130.5
129.25
129.25
128.0
128.0
127.5
127.5
127.5
122.25
122.25
121.5
121.5
122.75
124.75
124.75
125.25
125.25
124.5
124.5
123.25
123.25
121.75
121.75
121.75
121.75
121.25
121.25
121.25
121.25
121.25
121.25
121.25
121.25
120.5
120.5
121.25
121.25
121.25
121.25
121.75
121.75
122.0
122.0
122.25
122.25
124.25
124.25
125.25
125.25
126.0
125.75
125.75
125.0
125.0
124.5
124.5
124.75
124.75
125.25
125.25
125.75
125.75
126.25
126.25
127.25
127.25
127.75
127.75
128.0
128.25
128.25
128.0
128.0
128.0
128.0
126.75
126.75
126.25
126.25
126.25
126.25
126.5
126.5
127.0
127.0
127.0
127.5
127.5
125.75
125.75
126.25
126.25
127.0
127.0
127.5
127.5
126.5
126.5
126.25
126.25
127.0
127.0
127.75
128.0
128.0
128.0
128.0
127.25
127.25
127.0
127.0
126.75
126.75
126.75
126.75
126.75
126.75
127.0
128.5
128.5
129.75
129.75
129.75
129.75
128.75
128.75
127.0
127.0
124.5
124.5
123.0
123.0
121.75
121.75
121.25
121.25
119.0
119.0
119.75
119.75
120.75
120.75
120.25
120.25
123.75
123.75
126.0
126.25
126.25
126.25
126.25
126.5
126.5
126.0
126.0
126.0
126.0
124.0
124.0
124.0
126.75
126.75
129.25
129.25
132.5
132.5
132.5
133.25
133.25
133.5
133.5
133.5
133.5
133.5
133.5
133.5
133.5
134.32142857142858
135.14285714285714
135.96428571428572
136.78571428571428
137.60714285714286
138.42857142857142
139.25
140.07142857142858
140.89285714285714
141.71428571428572
142.53571428571428
143.35714285714286
144.17857142857142
145.0
145.0
145.0
143.5
143.5
143.5
147.5
147.5
147.5
148.5
148.75
148.75
149.0
149.0
149.0
149.0
149.0
149.0
130.5
130.5
124.75
124.75
123.0
123.0
122.25
122.25
121.0
121.0
121.0
121.0
123.75
123.75
124.75
124.75
125.75
125.75
125.75
129.0
129.0
129.25
129.25
129.25
129.25
129.25
129.25
129.25
129.5
129.5
128.5
128.5
128.75
128.75
127.5
127.5
127.5
126.75
126.75
126.75
126.75
126.75
126.75
126.75
126.75
126.75
127.53125
128.3125
129.09375
129.875
130.65625
131.4375
132.21875
133.0
133.78125
134.5625
135.34375
136.125
136.90625
137.6875
138.46875
139.25
140.03125
140.8125
141.59375
142.375
143.15625
143.9375
144.71875
145.5
145.5
145.5
142.5
142.5
138.5
136.0
136.0
134.75
134.75
134.0
134.0
132.25
132.25
131.25
131.25
131.75
132.0
132.0
135.5
135.5
135.5
140.75
140.75
141.0
141.0
141.0
142.75
142.75
142.75
142.75
142.75
142.75
136.25
136.25
135.75
135.75
135.75
136.0
134.0
134.0
134.0
134.0
133.25
133.25
127.25
127.25
124.25
124.25
124.25
127.25
127.25
127.5
127.5
127.75
127.75
123.0
118.25
113.5
108.75
108.75
108.75
108.75
111.75
111.75
111.25
111.25
111.25
106.5
106.5
105.5
105.5
105.5
105.5
105.5
105.5
105.25
105.25
105.25
105.25
105.25
105.25
105.25
105.25
83.0
83.0
83.0
83.0
84.70833333333333
86.41666666666667
88.125
89.83333333333333
91.54166666666667
93.25
94.95833333333333
96.66666666666667
98.375
100.08333333333333
101.79166666666667
103.5
103.5
103.5
103.5
103.5
103.5
107.0
107.0
107.0
107.0
107.25
107.25
107.25
107.25
107.25
107.25
107.25
107.25
107.25
106.74
106.23
105.72
105.21
104.7
104.19
103.68
103.17
102.66
102.15
101.64
101.13
100.62
100.11
99.6
99.09
98.58
98.07
97.56
97.05
96.54
96.03
95.52
95.01
94.5
94.5
94.5
94.5
94.5
94.5
94.5
94.5
87.0
87.0
93.0
93.0
93.0
105.25
105.25
110.0
110.0
113.75
113.75
118.25
118.25
119.75
119.75
122.0
122.0
115.0
115.0
115.75
115.75
116.25
116.25
117.25
117.25
118.75
118.75
119.25
119.25
119.25
119.25
117.5
117.5
123.25
123.25
124.25
124.25
125.5
125.5
125.5
137.5
137.5
137.5
138.75
138.75
131.5
131.5
126.75
126.75
124.25
124.25
121.25
121.25
123.0
127.25
127.25
128.0
128.0
128.0
130.75
130.75
130.25
135.25
135.25
135.25
138.25
138.25
138.75
138.75
139.0
139.0
139.0
139.0
139.0
127.0
127.0
123.25
123.25
122.0
122.0
123.75
123.75
126.25
126.25
130.25
134.5
134.5
135.5
135.5
130.75
130.75
128.0
128.0
126.75
126.75
125.25
125.25
124.0
124.0
123.0
123.0
122.75
122.75
123.25
123.25
123.5
123.5
124.5
124.5
125.0
125.0
125.0
125.75
125.75
125.75
125.75
126.25
126.25
127.25
127.25
128.25
128.25
131.25
135.25
135.25
136.25
136.25
134.25
134.25
133.0
133.0
133.0
133.0
133.0
133.0
133.0
132.25
132.25
131.25
131.25
131.25
129.5
129.5
128.75
128.75
129.75
129.75
130.0
130.0
130.25
130.25
130.25
130.5
130.5
130.75
130.75
131.0
131.0
131.75
131.75
132.0
132.0
132.0
132.75
132.75
132.75
132.75
132.0
132.0
132.0
131.25
131.25
129.75
129.75
130.5
130.5
130.0
130.0
130.25
130.25
130.75
130.75
131.75
131.5
131.5
131.5
129.5
127.0
127.0
125.5
125.5
125.0
125.0
124.75
124.75
125.5
125.5
127.0
127.0
132.5
135.0
135.0
134.5
134.5
134.25
134.25
134.25
134.25
134.0
133.5
133.5
133.0
133.0
133.25
133.25
133.25
132.5
132.5
131.25
131.25
131.5
131.5
132.0
132.0
132.0
132.0
131.25
130.5
130.5
130.5
130.5
131.0
131.0
131.0
131.0
132.5
132.5
133.75
133.75
134.5
134.5
135.0
135.0
135.0
135.0
134.75
134.75
132.0
132.0
131.25
131.25
131.25
127.0
127.0
126.5
126.5
126.5
126.5
126.5
126.5
126.0
126.0
126.0
126.0
126.0
126.0
126.0
126.0
126.0
126.0
126.0
126.5
126.5
127.25
127.5
127.5
126.75
126.75
127.25
127.25
127.75
127.75
127.75
127.75
126.75
126.75
125.25
125.25
124.5
124.5
124.75
124.75
125.0
125.0
125.25
125.25
126.5
126.5
128.5
129.0
129.0
128.5
128.5
128.25
128.25
128.25
128.25
127.25
127.25
128.25
127.5
127.5
126.5
126.5
126.5
126.5
126.75
126.75
126.75
126.75
126.75
126.75
127.0
127.0
128.5
128.5
128.5
128.5
128.5
128.5
128.75
128.75
128.75
129.0
129.0
129.0
129.0
127.5
127.5
130.75
130.75
132.0
132.0
131.5
131.5
130.0
130.0
130.0
130.0
128.75
128.75
128.5
128.5
128.0
128.0
128.0
127.0
127.0
127.0
127.0
126.75
126.75
125.75
125.75
125.75
125.75
127.0
127.0
129.25
130.0
130.0
130.25
130.25
130.25
129.5
129.5
128.0
128.0
128.0
128.0
127.25
127.25
126.75
126.75
126.75
126.75
127.75
127.75
128.0
128.0
127.25
127.25
126.25
126.25
126.5
126.5
127.5
127.25
127.25
126.5
126.5
126.75
126.75
126.25
126.25
126.25
126.25
124.0
121.5
121.5
121.5
119.0
119.0
119.75
119.75
121.0
121.0
121.5
121.5
123.0
123.0
125.25
125.25
127.75
129.25
129.25
130.0
130.0
129.5
129.5
129.5
129.5
129.25
128.75
128.75
130.0
130.0
129.5
129.5
129.5
129.5
128.5
128.5
128.5
128.5
128.5
127.75
127.75
128.0
128.0
129.25
129.25
130.0
130.0
130.75
130.75
130.25
130.25
130.25
135.0
135.0
135.0
135.0
130.5
130.5
127.75
126.5
126.5
126.5
126.0
126.0
127.75
127.75
126.75
126.75
126.25
126.25
125.5
125.5
125.75
125.75
127.0
127.0
127.0
130.5
130.5
127.5
127.5
127.5
127.5
126.75
126.75
125.75
125.75
125.75
125.75
123.25
123.25
122.25
122.25
121.5
121.5
123.0
123.0
124.5
124.5
124.75
124.25
124.25
124.25
124.0
124.0
123.0
123.0
122.75
122.75
122.75
122.75
123.0
123.0
122.75
122.75
122.75
122.75
122.5
123.25
123.25
124.0
124.0
124.75
124.75
125.5
125.5
124.25
124.25
124.25
124.25
125.25
125.25
126.0
126.0
127.25
127.25
128.25
128.25
127.25
127.25
126.25
126.25
126.25
123.75
123.75
121.75
121.75
121.75
121.75
121.75
121.75
121.25
121.25
121.75
121.75
121.0
121.0
120.75
120.75
120.75
120.75
121.5
121.5
122.75
122.75
124.0
124.0
124.0
124.0
124.5
124.5
126.0
128.0
128.0
131.75
131.75
133.25
133.25
134.5
134.5
135.0
135.75
135.75
133.5
133.5
130.25
127.75
127.75
128.75
128.75
129.5
129.5
126.5
126.5
126.5
123.0
122.25
122.25
121.5
121.5
121.75
121.75
125.75
125.75
127.75
127.75
129.75
129.75
131.25
132.5
132.5
132.5
132.75
132.75
131.75
131.75
130.5
130.5
128.75
128.75
130.0
130.0
134.0
134.0
136.0
136.0
138.25
138.75
138.75
141.75
141.75
142.75
142.75
142.75
144.25
143.5
143.5
141.5
141.5
140.25
140.25
140.25
138.0
138.0
138.0
139.5
139.5
139.5
139.5
139.75
139.75
139.75
139.75
139.75
136.25
132.75
129.25
125.75
122.25
118.75
118.75
118.75
118.75
118.75
128.25
128.25
126.0
126.0
128.75
128.75
130.0
130.0
130.25
130.25
130.25
130.25
130.25
130.25
130.25
130.25
105.08333333333333
79.91666666666666
54.75
54.75
54.75
54.75
54.75
54.75
54.75
54.75
54.75
54.75
54.75
65.625
76.5
87.375
98.25
98.25
96.0
96.0
103.75
103.75
107.25
107.25
107.25
108.5
108.5
107.75
107.75
108.0
108.0
108.25
108.25
106.25
106.25
105.5
105.5
105.5
107.75
107.75
109.5
109.5
111.25
111.25
111.75
111.75
113.0
113.0
113.0
115.25
115.25
116.75
118.5
118.5
119.75
119.75
121.75
121.75
123.75
123.75
124.25
124.25
125.75
125.75
126.75
126.75
127.25
127.25
127.25
127.25
127.25
127.25
127.25
127.25
127.0
127.0
125.0
124.25
124.25
124.25
124.25
122.5
122.5
120.75
120.75
120.5
120.5
121.5
121.5
121.5
121.5
121.0
121.0
120.5
120.5
120.75
120.75
123.0
123.0
124.25
124.25
125.0
125.0
125.25
125.25
124.5
124.5
123.75
123.0
123.0
123.0
120.25
120.25
119.75
119.75
118.25
118.25
118.75
118.75
119.75
119.75
121.25
121.25
121.5
121.5
120.5
120.5
120.25
120.25
120.25
120.25
120.25
120.25
120.25
120.25
120.25
119.75
119.75
119.75
119.5
119.0
119.0
119.0
119.0
119.0
118.75
118.75
119.0
119.0
118.0
118.0
118.0
118.0
118.0
118.0
118.5
118.5
118.25
118.25
118.25
118.25
118.25
118.25
116.5
116.5
115.75
115.75
116.25
116.25
118.25
118.25
118.75
118.75
118.75
118.75
118.25
118.25
118.25
118.25
118.25
118.25
119.75
119.75
120.75
120.75
121.0
121.0
121.75
121.75
120.75
120.75
121.0
121.0
121.5
121.5
122.0
122.0
122.75
122.75
123.75
123.75
123.75
123.75
122.5
122.5
122.5
122.5
123.0
123.0
121.5
121.5
119.5
119.5
117.75
117.75
118.0
118.0
119.5
119.5
121.25
121.25
121.0
121.0
119.5
119.5
119.25
119.25
119.25
119.25
125.25
125.25
125.25
128.75
128.75
129.75
130.25
130.25
129.75
129.75
129.25
129.25
128.75
128.75
125.25
125.25
125.25
125.25
126.5
126.5
127.75
127.75
129.0
129.5
129.5
129.25
129.25
127.5
127.5
126.5
126.5
125.0
125.0
121.25
121.25
119.75
119.75
119.5
119.5
120.5
120.5
120.0
120.0
120.0
120.0
120.75
120.75
120.75
120.75
120.75
120.75
120.0
120.0
120.0
120.0
120.0
120.25
120.25
120.75
120.75
119.5
119.5
118.25
118.25
118.5
118.5
120.0
120.0
121.0
121.0
122.0
122.0
122.5
122.5
122.5
122.5
123.0
123.0
123.25
123.25
123.75
123.75
125.0
125.0
125.0
125.0
122.75
122.75
120.25
120.25
120.25
118.75
118.75
119.5
119.5
120.75
120.75
120.5
120.5
121.5
121.5
122.5
122.5
122.5
127.75
127.75
127.75
127.75
127.75
127.75
127.75
127.0
127.0
127.25
127.25
126.5
126.5
126.5
126.5
124.75
124.75
124.25
124.25
124.25
124.25
123.25
123.25
124.0
124.0
125.5
125.5
125.5
125.5
124.75
124.75
123.75
123.75
123.0
123.0
123.25
123.25
124.75
124.75
124.75
124.75
125.0
125.0
125.25
125.25
125.25
125.25
125.25
120.5
122.0
122.0
123.75
123.75
123.75
124.25
124.25
123.0
123.0
122.25
122.25
123.0
123.0
123.25
123.25
123.25
127.25
127.25
126.0
126.0
124.5
124.5
122.75
122.75
121.75
121.75
120.25
120.25
120.25
120.25
118.0
118.0
118.0
118.0
121.25
121.25
122.0
122.0
120.75
120.75
120.25
120.25
120.25
120.25
120.25
120.25
121.25
123.0
123.0
123.0
126.75
126.75
127.25
127.25
125.75
125.75
124.25
124.25
123.75
123.75
123.75
123.75
123.25
124.0
124.0
125.0
125.0
122.5
122.5
121.5
121.5
121.75
121.75
122.0
122.0
122.0
121.5
121.5
121.25
121.25
121.25
121.25
121.75
121.75
121.75
121.75
121.5
121.5
121.5
121.5
121.25
121.5
121.5
121.5
119.75
119.75
119.5
119.5
119.5
119.5
119.5
119.5
119.5
119.5
119.5
119.5
119.5
119.5
119.5
119.5
119.5
119.5
115.5
115.5
115.5
115.5
113.75
113.75
113.75
113.75
102.0
102.0
102.0
102.0
102.0
101.75
101.75
101.75
101.75
101.75
101.75
101.75
101.75
101.75
