128.5
128.5
128.5
129.75
129.75
128.0
128.0
127.25
127.25
126.25
126.25
125.25
125.25
125.75
125.75
126.25
126.25
126.25
126.25
126.25
126.75
126.75
127.5
127.5
127.5
128.0
128.25
128.25
127.25
127.25
127.25
126.25
126.25
126.25
127.75
128.0
128.0
128.0
128.0
128.0
128.0
127.75
127.75
126.5
126.5
126.5
126.5
126.25
124.75
124.75
125.5
125.5
126.0
126.0
124.25
124.25
124.5
124.5
124.5
124.5
125.5
125.5
125.75
125.75
128.0
128.0
129.5
129.5
129.5
130.25
130.25
130.25
130.25
132.0
132.0
132.5
132.5
132.5
133.0
133.0
133.25
133.25
133.25
133.25
133.25
133.25
133.25
133.25
133.25
135.25
135.5
135.5
136.25
136.25
136.5
136.5
135.0
135.0
134.75
134.75
131.0
131.0
129.25
129.25
127.0
127.0
124.0
124.0
122.5
122.5
121.5
121.5
121.5
121.5
122.25
122.25
121.5
121.5
120.25
120.25
119.5
119.5
118.0
118.0
117.5
117.5
115.75
115.75
115.75
110.75
110.75
111.5
111.5
113.0
113.0
114.0
114.0
114.0
114.0
121.5
121.5
121.5
123.25
123.25
123.25
125.25
125.25
126.25
127.0
127.0
127.25
127.25
126.5
126.5
127.5
127.5
128.5
128.5
129.0
130.0
130.0
130.25
130.25
131.0
131.0
132.25
132.25
132.25
131.25
131.25
132.75
132.75
132.25
132.25
133.5
128.25
128.25
124.25
124.25
124.25
124.25
120.75
120.75
118.5
118.5
115.5
115.5
113.0
113.0
113.0
113.0
113.0
112.0
112.0
111.75
111.75
115.0
115.0
118.0
118.0
119.25
119.25
119.25
119.25
118.0
118.0
116.0
116.0
115.75
115.75
115.75
115.75
116.5
116.5
115.75
115.75
117.0
117.0
116.75
116.75
116.75
116.75
117.0
117.0
118.0
118.0
117.5
117.5
117.5
117.25
116.75
116.75
115.75
115.75
115.0
115.0
115.0
112.0
112.0
117.5
117.5
117.5
118.25
118.25
118.5
118.5
100.25
100.25
103.0
103.0
103.0
106.25
106.25
108.5
108.5
106.5
106.5
106.5
104.25
104.25
104.25
100.25
100.25
100.25
99.0
99.0
99.5
99.5
99.5
103.25
103.25
105.25
105.25
105.5
105.5
105.5
101.75
101.75
99.5
99.5
99.25
99.25
99.25
100.25
100.25
105.75
105.75
111.0
111.0
114.75
114.75
114.5
114.5
113.5
113.5
113.5
113.5
113.5
113.5
113.5
113.0
113.0
111.5
111.5
108.0
108.0
108.0
105.75
105.75
105.75
105.75
105.5
105.5
111.75
111.75
114.0
114.0
115.5
115.5
116.75
116.75
117.0
117.0
115.25
115.25
117.25
117.25
119.25
119.25
120.75
120.75
121.75
121.75
121.75
121.75
121.75
121.75
121.5
121.5
121.5
121.5
121.5
123.0
123.0
123.0
123.75
123.75
123.75
121.25
121.25
121.25
121.25
121.5
121.5
121.75
123.0
123.0
123.5
123.5
123.5
123.5
123.5
123.5
123.5
119.75
119.75
120.25
120.25
120.25
120.25
123.5
123.5
125.5
125.5
125.5
125.5
128.0
128.0
128.0
128.0
125.0
125.0
121.0
121.0
119.75
119.75
118.0
118.0
117.25
117.25
118.25
118.25
118.25
118.5
118.5
118.5
118.5
118.75
118.75
119.5
119.75
119.75
119.75
121.5
121.5
121.75
121.75
120.5
120.5
120.5
120.5
113.25
113.25
111.0
111.0
109.5
109.5
107.5
107.5
104.5
104.5
104.5
104.5
108.0
108.0
108.0
109.25
109.25
111.0
111.0
113.25
113.25
113.75
113.75
115.5
115.5
119.25
119.25
122.5
122.5
124.5
124.5
125.25
125.25
124.75
124.75
123.25
123.25
123.5
123.5
123.5
123.5
123.0
123.0
123.0
123.0
124.75
124.75
125.75
126.25
126.25
126.25
126.25
128.5
128.5
128.5
128.5
128.25
128.25
128.75
128.75
128.75
127.5
127.5
127.5
124.75
124.75
124.75
121.0
121.0
120.25
119.75
119.75
119.75
118.0
118.0
117.0
117.0
116.0
116.0
115.25
115.25
116.5
116.5
119.0
119.0
119.75
119.75
120.75
120.75
120.75
120.75
121.25
121.25
121.25
121.25
124.0
124.0
123.5
123.5
123.5
123.5
123.75
123.75
125.0
125.0
124.5
123.25
123.25
122.0
122.0
120.5
120.5
117.75
117.75
117.75
115.25
114.75
114.75
115.5
115.5
115.5
117.75
117.75
118.25
118.25
119.0
119.0
120.75
120.75
122.0
122.0
122.0
122.0
122.0
122.0
121.5
121.5
121.25
121.25
120.5
120.5
120.0
120.0
120.0
120.0
120.75
120.75
121.5
122.5
122.5
122.5
122.5
123.5
123.5
123.5
123.5
125.25
125.25
127.5
127.5
125.75
125.75
125.75
122.75
122.75
120.0
120.0
119.5
119.5
119.5
119.5
119.25
119.25
119.25
119.25
120.25
120.25
121.5
121.5
121.75
121.75
122.75
122.75
123.0
123.0
123.0
126.5
126.5
127.5
127.5
126.75
126.75
125.5
125.5
125.0
125.0
123.5
123.5
123.5
123.5
122.0
122.0
120.5
120.5
119.75
119.75
118.75
118.75
117.5
117.5
117.75
117.75
119.25
119.25
119.5
119.5
119.75
119.75
120.25
120.25
121.25
121.25
121.25
121.25
121.25
120.75
120.75
120.5
120.5
120.25
120.25
118.75
118.75
116.5
116.5
115.25
115.25
115.25
113.75
113.75
114.75
114.75
116.25
116.25
117.5
119.75
119.75
119.75
120.5
120.5
120.75
122.5
122.5
123.0
123.0
123.0
123.0
124.25
124.25
124.25
125.5
125.5
125.0
125.0
125.0
125.0
123.5
123.5
122.5
122.5
122.5
122.5
122.25
122.25
122.25
122.25
122.25
123.25
123.25
124.0
124.0
125.0
125.0
125.5
125.5
127.0
127.0
127.25
127.25
127.25
125.5
125.5
124.5
124.5
124.0
124.0
123.25
123.25
122.5
122.5
121.75
121.75
121.75
121.75
121.5
121.5
121.5
120.0
120.0
118.5
118.5
117.25
117.25
117.75
117.75
118.0
118.0
121.5
122.5
122.5
123.0
123.0
115.0
115.0
115.0
112.25
112.25
112.25
107.19444444444444
102.13888888888889
97.08333333333333
92.02777777777777
86.97222222222223
81.91666666666667
76.86111111111111
71.80555555555556
66.75
66.75
66.75
66.75
66.75
66.75
66.75
66.75
66.75
66.75
66.75
80.0
93.25
106.5
106.5
107.25
107.25
110.0
110.0
110.5
110.5
112.25
112.25
115.0
115.0
115.5
115.5
118.0
118.0
118.0
119.0
119.0
119.25
119.25
120.75
120.75
121.25
122.0
122.0
124.0
124.0
124.25
124.25
124.25
126.0
126.75
126.75
127.75
127.75
127.75
128.75
128.75
128.75
131.5
131.5
131.5
131.25
131.25
131.5
131.5
132.25
132.25
133.0
133.0
133.0
133.0
132.75
132.75
130.75
130.75
127.5
127.5
124.0
124.0
122.25
122.25
123.0
123.0
125.0
126.0
126.0
126.5
126.5
126.5
126.5
127.0
127.0
127.25
127.25
128.5
128.5
128.75
128.75
128.75
127.5
127.5
127.75
127.75
127.75
127.75
128.0
128.0
128.0
127.0
127.0
125.5
125.5
125.5
125.5
117.25
117.25
116.0
116.0
112.5
112.5
112.5
105.5
105.5
99.25
99.25
99.25
94.5
94.5
94.75
94.75
101.25
101.25
101.25
105.75
105.75
109.0
109.0
112.0
112.0
114.25
114.25
115.5
115.5
116.0
116.0
115.75
115.75
115.5
115.5
116.25
116.25
116.25
116.25
115.5
115.5
115.5
115.5
115.5
116.5
116.5
116.5
116.5
116.75
116.75
116.75
116.75
116.75
116.75
116.75
116.75
117.5
117.5
118.25
118.25
118.75
118.75
119.5
119.5
119.75
119.75
116.5
116.5
114.25
114.25
113.75
113.75
114.75
114.75
115.75
115.75
116.25
116.25
116.25
116.25
116.25
118.5
118.5
120.0
120.0
121.75
121.75
123.25
123.25
123.75
123.75
123.75
123.75
126.5
126.5
127.0
127.5
127.5
128.25
128.25
128.0
128.0
128.0
128.0
128.0
128.0
127.75
127.75
126.5
126.5
126.5
126.5
126.25
126.25
126.0
126.0
126.0
126.25
126.25
126.25
126.25
126.25
126.25
126.5
126.5
127.25
127.25
127.75
127.75
127.75
127.75
128.25
128.25
128.25
125.75
125.75
123.0
123.0
120.5
120.5
119.75
119.75
120.25
120.25
120.75
120.75
122.0
122.0
122.75
122.75
122.25
122.25
121.5
121.5
118.75
118.75
118.75
118.75
116.25
116.25
116.5
116.5
116.75
116.75
117.0
117.0
116.0
116.0
117.25
117.25
118.0
118.0
117.75
117.75
119.25
119.25
119.5
119.5
120.0
120.0
120.0
120.5
120.5
121.25
122.75
122.75
124.0
124.0
124.75
124.75
125.75
125.75
127.0
127.0
127.75
127.75
129.0
129.0
129.5
130.25
130.25
130.75
130.75
130.75
130.75
129.75
129.75
127.25
127.25
123.75
123.75
121.75
121.75
121.5
121.5
121.0
121.0
120.25
120.25
118.25
118.25
119.75
119.75
119.75
119.75
119.75
119.75
119.75
119.75
119.5
119.5
120.5
119.5
119.5
119.5
117.5
117.5
117.75
119.5
119.5
120.25
120.25
120.5
120.5
121.0
121.0
122.0
122.0
123.0
123.0
123.0
124.75
125.5
125.5
126.5
126.5
127.5
127.5
128.25
128.25
128.75
128.75
129.5
129.5
130.0
130.0
130.25
130.25
130.25
127.25
127.25
127.25
127.25
121.25
121.25
119.5
119.5
118.25
118.25
119.0
119.0
119.5
119.5
119.5
120.0
120.0
121.5
121.5
122.25
122.25
121.5
121.5
121.5
121.5
120.25
120.25
119.0
119.0
119.0
117.75
118.0
118.0
118.0
118.0
118.0
118.25
118.25
118.75
118.75
119.0
119.0
120.0
120.5
120.5
120.25
120.25
120.25
120.25
121.25
121.25
122.25
122.25
122.5
122.5
123.0
123.0
123.5
123.5
123.75
123.75
123.75
123.75
124.0
124.0
124.0
124.0
124.0
124.0
124.5
124.0
124.0
121.5
121.5
120.75
120.75
121.0
121.0
122.25
122.25
123.25
123.25
123.75
123.75
126.25
126.25
127.25
127.25
127.75
127.75
127.75
130.5
130.5
130.5
130.75
130.75
133.25
133.25
133.25
133.75
133.75
134.5
134.5
135.0
135.0
134.25
135.25
135.25
135.25
135.25
134.5
134.5
133.25
133.25
132.5
132.5
131.75
131.75
130.25
130.25
127.25
125.0
125.0
125.0
122.75
122.75
122.75
122.75
122.75
122.75
123.25
123.25
123.0
123.0
123.0
123.0
123.0
123.0
123.0
123.0
121.75
121.75
121.75
121.75
122.25
122.25
122.0
122.0
121.0
121.0
120.5
120.5
120.75
120.75
120.0
120.0
120.0
120.0
120.75
120.75
120.25
120.25
118.75
118.75
118.75
118.75
119.25
119.25
120.0
120.0
121.0
121.0
121.0
121.0
122.25
122.25
122.5
122.5
121.0
121.0
122.25
122.25
123.5
123.5
122.25
122.25
121.5
121.5
122.0
122.0
122.5
122.5
122.5
125.0
125.0
125.25
125.25
124.5
124.5
124.75
124.75
124.75
124.75
123.75
123.75
123.25
123.25
123.25
123.5
123.5
124.0
124.0
123.5
123.5
122.5
122.5
122.5
122.5
123.0
123.75
123.75
124.25
124.25
124.5
124.5
124.5
124.5
123.5
123.5
122.25
122.25
122.0
122.0
122.0
121.5
121.5
121.5
121.5
120.0
120.0
119.5
119.5
120.5
120.5
121.25
121.25
121.5
121.5
121.0
121.0
121.5
121.5
122.25
122.25
123.25
123.25
123.75
123.75
124.75
124.75
125.25
125.5
125.5
124.5
124.5
124.25
124.25
124.25
124.25
123.25
123.25
121.5
121.5
120.0
120.0
119.5
119.5
119.75
119.75
120.0
120.0
120.0
120.0
120.0
120.0
120.0
120.0
120.25
120.25
120.25
120.25
120.25
120.25
120.75
120.75
121.75
121.75
122.0
122.0
122.0
122.0
122.5
122.5
122.5
122.5
123.5
123.5
123.75
123.75
124.5
124.5
126.0
126.0
126.5
126.5
126.25
126.25
125.5
125.5
124.0
124.0
124.0
123.5
123.5
123.5
123.5
123.0
123.0
123.0
123.0
123.25
123.25
123.25
123.25
123.5
123.5
123.5
123.5
123.5
123.5
123.5
123.5
123.5
123.5
122.0
122.0
121.75
121.75
122.0
122.0
122.0
122.0
122.5
122.75
122.75
123.25
123.25
123.5
123.5
123.75
123.75
124.0
124.0
124.25
124.25
124.5
124.5
125.25
125.25
125.75
125.75
126.75
126.75
127.5
127.5
127.5
128.25
128.25
129.0
129.0
129.25
129.25
129.25
129.25
128.0
128.0
127.5
127.5
125.75
125.75
124.5
124.5
124.25
124.5
124.5
124.5
124.5
124.5
124.5
123.75
123.75
123.75
123.75
123.25
123.25
123.25
123.25
122.0
122.0
122.0
122.0
122.0
122.0
121.75
121.75
121.75
121.75
121.75
121.75
122.75
122.75
123.0
123.0
123.0
123.0
123.25
123.25
124.5
124.5
124.5
124.75
124.75
125.25
125.25
125.5
125.5
125.75
125.75
126.0
126.0
126.0
126.0
126.0
126.0
126.25
126.25
126.5
126.5
126.5
126.25
126.25
125.5
125.5
125.0
125.0
125.0
125.0
124.25
124.25
124.0
124.0
123.0
123.0
122.0
122.0
122.0
122.0
122.0
122.0
121.75
121.75
121.75
121.75
123.5
123.5
123.75
123.75
124.0
124.0
125.0
125.0
125.0
125.0
125.0
126.75
126.75
127.75
127.75
128.5
128.5
125.75
125.75
123.75
123.75
124.0
124.0
124.0
124.0
123.25
123.25
123.25
123.25
123.25
123.25
123.0
123.0
123.0
123.75
123.75
123.25
123.25
122.0
122.0
121.25
121.25
120.25
120.25
120.25
120.25
121.0
121.0
121.5
121.5
121.5
121.5
125.25
125.25
125.25
125.25
125.75
125.75
126.5
126.5
126.75
126.75
127.5
127.75
127.75
127.75
127.75
127.75
127.75
127.75
127.75
128.0
128.0
128.0
128.0
127.25
127.25
124.75
124.75
123.25
123.25
121.75
122.25
122.25
122.75
122.75
123.25
123.25
123.5
123.5
123.5
123.5
122.5
122.5
122.0
122.0
122.25
122.25
123.25
123.25
123.25
123.25
123.25
123.25
123.25
123.25
123.25
123.25
124.75
124.75
124.75
125.75
125.5
125.5
126.0
126.0
126.0
129.0
129.0
129.75
129.75
131.75
131.75
131.5
131.5
130.75
130.75
130.0
130.0
130.0
129.25
129.25
127.75
127.75
127.75
127.75
126.75
126.75
127.0
127.0
127.0
127.0
127.0
127.0
127.25
127.75
127.75
128.25
128.25
128.5
128.5
128.5
128.5
128.5
127.75
127.75
126.75
126.75
125.25
125.25
124.25
124.25
124.25
124.25
124.5
124.5
124.5
124.5
125.25
125.25
125.0
124.75
124.75
124.75
123.75
124.0
124.0
124.0
124.0
122.75
122.75
123.0
123.0
123.0
123.0
122.75
122.75
122.25
122.25
121.5
121.5
121.75
121.75
122.25
122.25
122.5
122.5
121.0
121.0
121.25
121.25
120.75
120.75
120.75
120.75
123.25
123.25
123.25
123.25
122.75
123.25
123.25
123.5
123.5
123.0
123.0
122.0
122.0
121.75
121.75
121.75
122.5
122.5
122.75
122.75
123.0
123.75
123.75
125.25
125.25
125.25
125.25
126.5
126.5
126.5
126.5
127.0
127.0
127.0
127.0
129.25
129.25
129.25
129.25
131.5
131.5
131.5
131.5
131.5
132.75
132.75
133.0
133.0
132.5
132.5
132.25
132.25
134.0
134.0
134.0
134.75
134.75
132.0
132.0
132.0
133.0
133.0
134.5
134.5
134.75
133.5
133.5
132.5
132.5
132.75
132.75
132.75
130.75
130.75
131.25
131.25
131.5
131.5
130.75
130.75
129.0
129.0
126.5
126.5
124.75
124.75
123.5
123.5
123.75
123.75
125.0
125.0
125.25
125.25
125.0
125.0
125.0
125.0
125.5
125.5
126.0
126.0
126.0
126.0
126.0
125.75
125.75
125.75
125.75
125.75
125.75
126.5
126.5
127.0
127.0
127.25
127.25
127.25
127.25
127.0
127.0
127.0
127.0
127.0
127.5
127.5
127.75
127.75
127.75
127.75
128.0
128.0
128.25
128.25
128.75
128.75
128.75
127.75
127.75
127.25
127.25
127.0
127.0
127.0
127.0
127.0
127.0
127.0
127.0
125.0
125.0
125.0
125.0
125.25
125.25
125.5
125.5
125.5
127.5
127.5
127.5
127.5
124.75
124.75
124.75
127.5
127.5
127.5
128.0
128.5
128.5
128.5
128.5
129.0
129.0
129.0
122.75
122.75
126.75
126.75
130.25
130.25
131.75
131.75
133.75
133.75
135.5
135.5
135.0
134.5
134.5
135.25
135.25
135.75
135.75
135.75
135.0
135.0
134.25
134.25
134.75
134.75
133.75
134.0
134.0
134.0
134.0
134.0
134.0
133.25
133.25
131.0
131.0
126.75
126.75
123.75
123.75
121.5
119.5
119.5
119.5
116.25
116.25
113.25
113.25
111.5
111.5
111.5
109.5
109.5
108.75
108.75
111.0
111.0
112.0
112.0
112.0
112.0
112.0
118.75
118.75
122.0
122.0
122.75
122.75
123.75
123.75
123.5
123.5
122.75
122.75
121.25
121.25
117.25
117.25
113.5
113.5
113.5
103.25
103.25
103.0
103.0
103.0
103.0
103.25
103.25
103.25
101.25
101.25
100.25
100.25
100.25
96.5
96.5
97.75
97.75
97.75
100.0
100.0
99.25
99.25
95.75
95.75
94.25
94.25
94.25
93.0
93.0
93.0
92.75
92.75
95.25
95.25
96.25
96.25
97.25
97.25
97.25
98.5
98.5
101.5
101.5
103.75
103.75
107.0
107.0
107.0
109.25
109.25
109.75
109.75
109.25
109.25
109.5
109.5
109.5
105.25
105.25
103.0
103.0
101.25
101.25
101.25
101.25
101.25
101.0
101.0
101.0
103.75
103.75
103.0
103.0
109.25
109.25
113.25
113.25
115.0
115.0
115.25
115.25
116.0
116.0
115.25
115.25
114.75
114.75
114.25
114.25
114.25
114.75
114.75
116.25
116.25
118.0
118.0
120.5
120.5
120.5
120.5
122.5
122.5
124.5
124.5
125.75
125.75
125.75
125.75
125.75
126.0
126.0
125.25
125.25
125.0
125.0
124.0
124.0
122.0
122.0
120.75
120.75
120.0
120.0
120.5
120.5
120.75
120.75
120.75
120.75
120.5
120.5
120.25
120.25
120.25
120.25
120.5
120.5
119.75
119.75
119.5
119.5
120.0
120.0
120.0
120.0
120.0
120.0
121.5
121.5
123.5
123.5
124.5
124.75
124.75
124.75
126.25
126.25
127.25
127.25
127.25
127.25
128.25
128.25
127.0
127.0
126.0
126.0
125.25
125.25
125.25
125.25
126.0
126.0
127.0
127.0
126.0
126.0
126.25
126.25
126.5
126.5
124.5
124.5
123.0
123.0
122.0
122.0
121.5
121.5
122.25
122.25
123.0
123.0
122.75
122.75
122.25
122.25
122.0
122.0
122.0
122.0
122.25
122.25
122.75
122.75
123.5
123.5
123.75
123.5
123.5
122.25
122.25
122.25
123.25
123.25
123.0
123.0
123.0
123.0
124.0
124.0
124.25
124.25
125.0
125.0
125.75
125.75
125.75
125.0
125.0
125.0
125.75
125.75
126.25
126.25
126.5
126.5
127.25
127.25
127.0
127.75
127.75
126.25
126.25
125.5
125.5
125.0
125.0
125.0
125.0
124.25
124.25
123.25
123.25
123.25
121.25
121.25
120.0
120.0
120.0
120.0
121.75
121.75
121.75
121.75
123.5
123.5
124.5
124.5
125.75
125.75
126.5
126.5
128.5
128.5
129.75
129.75
131.0
131.0
132.25
132.25
133.0
133.0
132.5
132.5
132.5
132.5
132.5
128.75
128.75
128.25
128.25
128.25
128.25
127.25
127.25
127.25
127.25
127.5
127.5
127.75
127.0
127.0
127.5
127.5
127.5
127.5
124.5
124.5
124.25
124.25
123.5
123.5
123.0
123.0
121.5
121.5
117.75
117.75
117.75
113.75
113.75
113.75
115.0
115.0
116.5
117.75
117.75
117.75
119.5
119.5
119.5
121.5
121.5
121.5
122.25
122.25
129.75
129.75
127.5
127.5
127.5
127.5
125.0
125.0
124.5
124.5
124.5
124.5
125.25
125.25
125.5
125.5
123.0
122.5
122.5
122.5
122.75
122.25
122.25
120.75
120.75
120.75
118.0
118.0
117.75
117.75
117.75
117.75
116.75
116.75
116.75
116.75
116.75
118.5
118.5
119.25
119.25
119.5
120.5
120.5
120.5
120.5
120.5
120.75
120.75
120.5
120.5
120.5
120.5
121.0
121.0
121.0
121.0
120.5
120.5
119.5
118.25
118.25
118.25
117.25
117.25
118.25
118.25
119.0
119.0
119.75
119.75
123.25
123.25
123.25
123.25
124.0
124.75
124.75
128.5
128.5
128.5
128.0
128.0
128.0
132.5
132.5
132.0
132.0
132.0
132.0
133.25
132.5
132.5
132.0
132.0
130.75
130.75
130.0
130.0
130.25
130.25
130.25
130.25
130.25
129.5
129.5
128.5
128.5
127.0
127.0
126.5
126.5
126.5
126.0
126.0
125.0
125.0
124.5
124.5
124.25
124.25
123.5
123.5
122.5
122.5
120.25
120.25
119.25
119.25
119.75
119.75
120.0
120.0
120.0
120.0
119.5
119.5
118.75
118.75
118.75
118.75
118.25
118.25
118.25
118.25
118.25
118.25
118.25
120.0
120.0
120.0
119.0
119.0
119.5
119.5
120.25
120.25
120.25
120.25
120.25
120.25
120.5
120.5
120.5
120.5
123.75
123.75
123.75
123.75
125.0
125.0
125.25
125.25
127.0
127.0
130.75
130.75
131.75
131.75
130.25
129.5
129.5
131.75
131.75
132.75
132.75
131.75
131.75
131.0
131.0
131.25
131.25
129.75
127.5
127.5
127.5
126.25
126.25
126.25
126.25
126.25
126.25
126.25
126.25
126.25
120.0
120.0
123.0
123.0
125.0
125.0
124.0
124.0
124.0
124.0
122.0
122.0
117.75
117.75
118.5
118.5
120.5
120.5
121.0
121.0
123.0
123.0
121.0
121.0
123.5
123.5
124.5
124.5
122.5
122.5
125.0
125.0
124.5
124.5
124.0
124.0
120.5
120.5
121.0
121.0
119.0
119.0
117.75
117.75
119.0
119.0
123.0
123.0
124.0
124.0
122.5
122.5
122.5
122.5
120.0
120.0
118.5
118.5
114.0
114.0
115.75
115.75
121.5
121.5
125.0
125.0
128.75
131.0
131.0
132.25
132.25
131.5
131.5
126.5
126.5
114.5
114.5
114.0
114.0
107.5
107.5
107.5
107.25
107.25
110.25
110.25
113.75
113.75
116.75
116.75
117.75
117.75
115.5
115.5
116.25
116.25
113.25
113.25
114.5
114.5
111.5
111.5
111.5
110.25
110.25
116.75
116.75
119.5
119.5
118.5
118.5
106.0
106.0
112.0
112.0
106.0
106.0
106.0
106.5
106.5
105.0
105.0
107.5
107.5
112.25
112.25
112.25
109.0
109.0
105.25
105.25
112.0
112.0
112.75
112.75
112.0
112.0
116.25
116.25
122.0
122.0
124.5
124.5
121.0
121.0
115.0
115.0
115.0
99.75
99.75
96.25
96.25
96.25
96.75
96.75
100.0
100.0
107.25
107.25
107.25
99.0
99.0
105.0
105.0
109.5
109.5
110.0
110.0
110.0
106.5
106.5
106.0
106.0
107.25
107.25
108.0
108.0
108.0
109.0
109.0
103.75
103.75
99.0
99.0
99.0
103.75
103.75
105.0
105.0
104.25
104.25
104.25
103.75
103.75
105.0
105.0
109.0
109.0
113.25
113.25
115.5
115.5
115.5
115.5
108.25
108.25
108.25
110.75
110.75
118.0
118.0
118.5
118.5
113.75
113.75
115.5
115.5
112.75
112.75
114.0
114.0
114.0
105.0
105.0
108.25
108.25
109.5
109.5
100.25
100.25
100.25
91.75
91.75
94.25
94.25
94.25
94.0
94.0
96.25
96.25
96.25
95.75
95.75
103.0
103.0
103.0
107.25
107.25
108.0
108.0
110.0
110.0
105.0
105.0
105.25
105.25
105.25
106.5
106.5
110.25
110.25
112.75
112.75
116.25
116.25
113.25
113.25
119.0
119.0
119.0
119.0
117.25
117.25
117.75
117.75
117.75
111.0
111.0
110.75
110.75
107.25
107.25
110.0
110.0
107.5
107.5
107.5
107.5
107.5
103.5
103.5
108.75
108.75
115.0
115.0
121.5
121.5
125.0
125.0
121.5
121.5
122.0
122.0
112.25
112.25
112.25
106.75
106.75
103.75
103.75
102.75
102.75
101.25
101.25
101.25
104.25
104.25
105.75
105.75
107.5
107.5
106.5
106.5
106.5
103.75
103.75
102.75
102.75
103.0
103.0
103.0
109.0
109.0
111.0
111.0
109.0
109.0
107.25
107.25
107.25
104.5
104.5
110.25
110.25
112.75
112.75
113.75
113.75
118.0
118.0
120.5
120.5
116.25
116.25
109.5
109.5
109.5
102.5
102.5
102.0
102.0
102.0
101.25
101.25
102.75
102.75
108.0
108.0
110.75
110.75
106.5
106.5
106.5
106.5
101.25
102.5
102.5
105.75
105.75
105.75
106.0
106.0
108.25
108.25
108.0
108.0
103.75
103.75
103.75
106.75
106.75
105.75
105.75
103.0
103.0
103.75
103.75
103.75
107.5
107.5
110.0
110.0
115.75
115.75
121.5
121.5
120.0
120.0
124.0
124.0
121.5
121.5
113.25
113.25
104.5
104.5
104.5
98.75
98.75
90.0
90.0
90.0
92.0
92.0
92.0
90.0
90.0
89.0
89.0
89.0
95.0
95.0
100.75
100.75
100.75
104.25
104.25
105.75
105.75
97.0
97.0
97.0
95.0
95.0
89.75
89.75
89.75
85.25
85.25
85.25
83.75
83.75
83.75
86.0
86.0
86.0
89.75
89.75
98.25
98.25
104.25
104.25
104.25
108.25
108.25
112.0
112.0
107.5
107.5
98.25
98.25
98.25
93.25
93.25
93.25
91.5
91.5
91.0
91.0
91.0
90.75
90.75
94.75
94.75
94.75
95.75
95.75
94.25
94.25
94.25
95.75
95.75
99.75
99.75
99.75
103.0
103.0
100.75
100.75
100.75
96.75
96.75
97.75
97.75
101.25
101.25
101.25
99.75
99.75
95.5
95.5
95.5
100.75
100.75
101.25
101.25
101.0
101.0
101.0
97.5
97.5
99.0
99.0
99.0
95.75
95.75
93.5
93.5
93.5
94.0
94.0
96.75
96.75
96.75
98.25
98.25
105.75
105.75
103.5
103.5
103.5
101.25
101.25
97.5
97.5
97.5
91.75
91.75
91.75
87.0
87.0
88.75
88.75
88.75
95.0
95.0
95.5
95.5
95.5
97.5
97.5
102.0
102.0
102.0
99.25
99.25
102.5
102.5
98.75
98.75
98.75
99.75
99.75
101.0
101.0
107.25
107.25
107.25
103.5
103.5
104.5
104.5
101.75
101.75
101.75
104.5
104.5
105.0
105.0
106.75
106.75
108.25
108.25
108.25
106.75
106.75
110.75
110.75
112.75
112.75
111.0
111.0
112.75
112.75
112.75
109.0
109.0
112.25
112.25
113.25
113.25
112.25
112.25
116.25
116.25
118.0
118.0
115.75
115.75
110.75
110.75
114.0
114.0
114.0
110.25
110.25
110.25
110.25
104.5
104.5
104.5
88.0
88.0
88.5
88.5
88.5
89.75
89.75
89.75
92.5
92.5
93.0
93.0
93.0
94.25
94.25
96.25
96.25
96.25
100.75
100.75
99.75
99.75
99.75
96.75
96.75
99.0
99.0
99.25
99.25
99.25
97.5
97.5
99.0
99.0
99.0
98.25
98.25
101.75
101.75
109.5
109.5
109.5
108.25
108.25
112.0
112.0
112.75
112.75
112.75
112.75
113.25
113.25
114.0
114.0
104.5
104.5
104.5
110.25
110.25
109.5
109.5
103.75
103.75
102.0
102.0
102.0
93.25
93.25
93.25
86.5
86.5
90.0
90.0
90.0
94.0
94.0
94.0
93.75
93.75
97.0
97.0
97.0
93.5
93.5
84.75
84.75
84.75
89.75
89.75
89.75
95.0
95.0
95.25
95.25
95.25
91.5
91.5
90.75
90.75
90.75
89.0
89.0
89.0
91.0
91.0
93.75
93.75
93.75
95.75
95.75
94.0
94.0
94.0
98.25
98.25
103.0
103.0
103.0
101.25
101.25
105.25
105.25
102.0
102.0
102.0
101.75
101.75
100.25
100.25
104.5
104.5
104.5
105.75
105.75
91.5
91.5
91.5
91.25
91.25
97.0
97.0
97.0
101.25
101.25
104.25
104.25
106.5
106.5
107.5
107.5
107.5
106.75
106.75
101.75
101.75
100.75
100.75
100.75
102.75
102.75
101.0
101.0
103.0
103.0
103.0
101.0
101.0
97.5
97.5
97.5
101.25
101.25
102.0
102.0
102.75
102.75
102.75
105.75
105.75
108.0
108.0
106.75
106.75
109.0
109.0
108.25
108.25
108.25
113.25
113.25
116.75
116.75
115.0
115.0
114.5
114.5
112.0
112.0
112.25
112.25
112.75
112.75
115.0
115.0
117.25
117.25
117.25
117.25
119.0
119.0
119.0
119.5
120.0
120.0
124.0
124.0
124.0
124.0
122.0
122.0
123.5
123.5
119.5
119.5
120.0
120.0
115.75
115.75
115.0
115.0
115.0
111.5
111.5
108.75
108.75
108.25
108.25
109.0
109.0
106.0
106.0
106.0
105.25
105.25
109.0
109.0
109.0
108.25
109.5
109.5
109.5
107.5
107.5
108.75
108.75
106.75
106.75
103.0
103.0
103.0
103.0
103.0
106.0
106.0
110.0
110.0
111.0
111.0
113.25
113.25
115.75
115.75
115.75
115.0
115.0
112.75
112.75
113.75
113.75
115.5
115.5
117.25
117.25
117.75
117.75
115.75
115.75
112.25
112.25
110.0
110.0
110.0
110.25
110.25
106.5
106.5
105.75
105.75
106.0
106.0
106.0
105.0
105.0
107.25
107.25
109.5
109.5
110.25
110.25
110.75
110.75
110.75
111.5
111.5
113.25
113.25
115.5
115.5
118.5
118.5
115.0
115.0
115.5
115.5
116.25
116.25
113.75
113.75
110.75
110.75
110.75
107.25
107.25
106.75
106.75
106.75
106.75
106.5
106.5
108.75
108.75
108.75
112.0
112.0
111.5
111.5
103.75
103.75
103.75
103.75
103.75
105.0
105.0
105.0
105.0
100.75
100.75
100.75
97.75
97.75
93.0
93.0
93.0
92.0
92.0
92.0
92.0
92.0
95.25
95.25
102.5
102.5
102.5
105.75
105.75
106.5
106.5
105.25
105.25
105.25
107.25
107.25
105.75
105.75
107.5
107.5
108.25
108.25
110.0
110.0
110.0
112.75
112.75
115.5
115.5
119.0
119.0
122.5
122.5
120.0
120.0
121.0
121.0
121.0
121.0
120.5
120.5
120.0
120.0
118.5
118.5
116.25
116.25
116.75
116.75
112.25
112.25
112.25
112.25
114.5
114.5
115.5
115.5
111.5
111.5
110.75
110.75
110.75
111.0
111.0
114.5
114.5
114.0
114.0
117.75
117.75
119.5
119.5
119.5
119.5
116.75
116.75
116.25
116.25
113.25
113.25
112.75
112.75
110.0
110.0
110.0
111.0
111.0
114.5
114.5
116.75
116.75
120.0
120.0
122.0
122.0
123.0
123.0
123.0
123.0
123.0
123.0
121.0
121.0
118.5
118.5
120.0
120.0
121.5
121.5
121.0
121.0
117.25
117.25
123.5
125.0
125.0
123.5
123.5
124.5
124.5
123.5
123.5
122.5
122.5
120.5
120.5
121.5
121.5
120.5
120.5
116.25
116.25
115.0
115.0
115.75
115.75
115.75
115.5
115.5
116.25
116.25
114.5
114.5
113.75
113.75
113.75
113.75
115.5
115.5
118.0
118.0
118.5
118.5
119.5
119.5
119.0
119.0
118.0
118.0
117.75
117.75
119.0
119.0
116.25
116.25
118.5
118.5
118.5
118.5
120.0
120.0
118.0
118.0
119.5
119.5
119.0
119.0
116.75
116.75
116.25
116.25
116.25
115.75
115.75
115.75
115.75
117.25
117.25
121.0
121.0
121.0
121.0
122.0
122.0
123.0
124.0
124.0
124.5
124.5
123.5
123.5
123.0
123.0
120.0
120.0
117.75
117.75
118.0
118.0
116.75
116.75
119.5
119.5
119.0
119.0
119.5
119.5
118.0
118.0
118.5
118.5
118.5
117.25
117.25
117.25
117.25
116.25
116.25
113.75
113.75
118.0
118.0
118.0
118.0
121.0
121.0
120.0
120.0
121.0
121.0
121.0
121.0
120.0
120.0
120.5
120.5
120.0
120.0
120.5
120.5
120.0
120.0
116.25
116.25
116.75
116.75
113.25
113.25
116.25
116.25
115.5
115.5
115.75
115.75
115.75
115.75
115.75
115.75
115.5
115.5
118.0
118.0
118.0
114.5
114.5
116.75
116.75
117.25
117.25
117.75
117.75
119.0
119.0
120.5
120.5
122.0
122.0
122.5
122.5
121.0
121.0
119.5
119.5
119.5
119.5
115.75
115.75
117.25
117.25
117.75
117.75
121.0
121.0
121.5
121.5
122.0
122.0
121.0
121.0
119.5
119.5
118.5
118.5
120.0
120.0
117.75
117.75
115.0
115.0
117.25
117.25
118.0
118.0
118.5
118.5
118.5
118.5
119.5
119.5
119.0
119.0
120.0
120.0
120.5
120.5
119.5
119.5
118.0
118.0
117.75
117.75
118.5
118.5
120.5
120.5
122.0
122.0
119.5
119.5
115.5
115.5
116.75
116.75
115.75
115.75
116.25
116.25
115.5
115.5
115.5
115.0
115.0
115.0
115.0
118.0
118.0
120.0
120.0
120.5
120.5
119.5
119.5
119.0
119.0
120.0
120.0
119.5
119.5
121.5
121.5
123.5
123.5
122.5
122.5
122.5
123.5
123.5
122.5
122.5
121.5
121.5
121.5
121.5
120.5
120.5
120.0
120.0
121.0
121.0
121.0
121.0
123.0
123.0
120.5
120.5
118.5
118.5
121.0
121.0
122.0
122.0
122.0
122.0
121.5
121.5
121.5
121.5
122.5
122.5
120.0
120.0
119.0
119.0
117.75
117.75
117.25
117.25
117.75
117.75
115.5
115.5
116.25
116.25
118.0
118.0
118.0
118.0
120.5
120.5
121.5
121.5
121.0
121.0
122.0
122.0
121.5
121.5
121.5
121.5
121.5
121.5
123.0
123.0
123.0
123.0
122.5
122.5
121.5
121.5
121.5
121.5
121.0
121.0
121.0
121.0
120.5
120.5
121.5
121.5
121.0
121.0
122.0
122.0
124.5
124.5
125.5
125.5
127.75
127.75
128.25
128.25
128.75
127.0
127.0
125.0
125.0
122.0
122.0
120.0
120.0
119.0
119.0
116.25
116.25
116.75
116.75
116.25
116.25
116.25
117.25
117.25
116.75
116.75
120.0
120.0
120.0
120.0
121.0
121.0
120.5
120.5
121.5
121.5
122.0
123.0
123.0
121.5
121.5
123.0
123.0
123.5
123.5
122.5
122.5
120.5
120.5
120.0
120.0
121.5
121.5
119.0
119.0
120.0
120.0
121.5
121.5
121.5
121.5
121.5
121.5
123.5
123.5
122.5
122.5
122.5
122.5
123.0
123.0
121.0
121.0
121.0
121.0
119.5
119.5
120.5
120.5
120.0
120.0
119.0
119.0
117.25
117.25
116.25
116.25
119.0
119.0
118.5
118.5
118.5
118.5
123.5
123.5
124.0
124.0
126.5
126.5
127.75
127.75
129.25
129.25
131.0
131.5
131.5
131.5
131.5
132.25
132.25
129.25
129.25
128.75
128.75
127.0
126.0
126.0
124.0
124.0
123.5
123.5
122.0
122.0
121.0
121.0
118.0
118.0
117.25
117.25
116.25
116.25
116.25
116.75
116.75
115.0
115.0
115.75
115.75
117.75
117.75
118.5
118.5
118.0
118.0
118.5
118.5
120.0
120.0
119.0
119.0
117.75
117.75
117.75
117.75
117.75
117.75
116.75
116.75
117.75
117.75
119.5
119.5
121.0
121.0
120.0
120.0
122.0
122.0
122.0
122.0
121.5
121.5
122.0
122.0
121.5
121.5
122.0
122.0
121.5
121.5
121.0
121.0
121.5
121.5
121.5
121.5
121.0
121.0
122.0
122.0
124.0
124.0
125.5
126.5
126.5
126.5
126.5
127.75
127.75
128.75
128.75
128.25
128.25
128.25
128.25
128.25
128.25
127.0
127.0
127.0
125.0
125.0
125.0
125.0
123.0
123.0
123.5
123.5
122.5
122.5
123.5
123.5
123.0
123.0
124.0
124.0
122.0
122.0
123.5
123.5
124.0
124.0
120.5
120.5
120.0
120.0
119.0
119.0
120.0
120.0
120.5
120.5
119.5
119.5
118.0
118.0
119.5
119.5
120.0
120.0
123.0
123.0
124.5
124.5
125.0
125.0
125.0
125.0
126.5
128.25
128.25
129.25
129.25
129.75
129.75
130.5
130.5
130.5
132.25
132.25
134.0
134.0
134.0
134.0
135.25
135.25
135.75
136.25
136.25
137.0
137.0
137.0
137.0
138.25
138.25
138.25
138.25
138.25
139.0
139.0
138.25
138.25
138.25
137.5
137.5
137.5
137.0
137.5
138.25
138.25
137.5
137.5
138.25
138.25
139.0
139.5
139.5
140.25
140.25
140.25
140.75
140.75
140.75
140.75
141.5
141.5
142.25
142.25
142.25
142.75
142.75
142.75
142.75
142.75
144.25
144.25
143.5
143.5
143.5
144.25
144.25
144.25
143.5
143.5
142.25
142.25
140.75
138.25
138.25
137.0
137.0
134.0
134.0
133.25
133.25
131.0
129.75
129.75
125.0
125.0
122.0
122.0
124.0
124.0
120.0
120.0
119.5
119.5
118.0
118.0
118.5
118.5
117.75
117.75
115.0
115.0
115.5
115.5
115.5
117.25
117.25
115.5
115.5
115.0
115.0
117.25
117.25
117.25
117.25
122.0
122.0
126.0
126.0
127.75
129.75
129.75
131.5
131.5
132.75
132.75
133.25
133.25
134.0
131.5
131.5
130.5
130.5
127.75
127.75
125.5
125.5
123.5
123.5
122.5
122.5
121.0
121.0
125.5
125.5
127.0
127.0
128.25
128.25
128.75
129.75
129.75
129.25
129.25
129.25
129.25
127.0
127.0
126.0
126.0
124.0
124.0
125.0
125.0
127.0
127.0
125.0
125.0
121.0
120.5
120.5
120.5
117.75
117.75
115.5
115.5
115.0
115.0
115.5
115.5
116.25
116.25
113.75
113.75
114.5
114.5
112.0
112.0
115.5
115.5
115.75
115.75
115.75
115.75
116.25
116.25
116.25
115.75
115.75
117.25
117.25
115.75
115.75
117.75
117.75
118.5
118.5
120.5
120.5
121.0
121.0
122.0
122.0
121.5
121.5
118.0
118.0
118.5
118.5
117.75
117.75
119.0
119.0
117.25
117.25
118.0
118.0
118.5
118.5
119.0
119.0
119.5
119.5
119.0
119.0
120.0
120.0
121.5
121.5
123.5
123.5
123.0
123.0
124.0
124.0
124.5
124.5
122.0
122.0
122.0
122.0
123.5
123.5
119.0
119.0
120.5
120.5
121.0
121.0
114.0
114.0
113.75
113.75
108.75
108.75
108.25
108.25
108.75
108.75
108.75
110.0
110.0
111.5
111.5
112.25
112.25
114.5
114.5
116.25
116.25
116.75
116.75
117.25
117.25
119.0
119.0
121.5
121.5
121.5
121.5
122.0
122.0
123.5
123.5
123.0
123.0
123.5
123.5
123.5
123.5
121.0
121.0
120.5
120.5
121.5
121.5
121.5
121.5
121.0
121.0
116.25
116.25
117.75
117.75
119.0
119.0
118.5
118.5
121.5
121.5
122.5
122.5
123.5
123.5
123.0
123.0
123.5
123.5
125.0
125.0
123.5
124.0
124.0
125.0
125.0
124.5
124.5
125.0
125.0
124.5
124.5
124.5
124.5
125.5
125.5
125.0
125.0
125.5
125.5
126.5
126.5
127.0
127.0
127.0
128.25
128.25
127.0
127.0
126.5
126.5
127.0
127.0
126.5
126.5
126.5
126.5
125.5
125.5
125.5
125.5
126.5
125.5
125.5
127.0
127.0
126.5
126.5
127.75
127.75
128.75
128.75
128.25
128.25
129.25
129.25
127.75
127.75
126.5
126.0
126.0
125.0
125.0
126.0
126.0
125.5
125.5
125.5
125.5
124.0
124.0
123.0
123.0
120.5
120.5
122.0
122.0
123.5
123.5
123.0
123.0
123.0
123.0
123.5
123.5
124.0
124.0
124.5
125.5
125.5
125.5
125.5
125.5
125.5
125.5
125.5
125.5
125.5
126.5
126.5
127.0
127.0
127.75
127.75
127.75
127.75
127.75
127.0
127.0
127.0
127.0
124.5
124.5
125.5
125.5
124.0
124.0
125.0
125.0
124.0
124.0
123.5
123.5
122.0
122.0
123.0
123.0
123.0
123.0
122.0
122.0
118.0
118.0
121.0
121.0
123.0
123.0
124.0
124.0
125.0
124.0
124.0
126.0
126.0
125.5
125.5
126.0
126.0
125.5
125.5
125.5
125.5
125.0
125.0
125.0
125.0
125.0
125.0
125.5
125.5
126.0
126.0
127.0
125.5
125.5
126.0
126.0
125.5
125.5
125.5
125.5
123.5
123.5
122.5
122.5
122.0
122.0
120.5
120.5
122.5
122.5
121.0
121.0
119.5
119.5
121.5
121.5
122.5
122.5
122.5
122.5
122.0
122.0
121.0
121.0
122.0
122.0
121.5
121.5
119.0
119.0
120.0
120.0
120.0
120.0
121.0
121.0
122.5
122.5
122.5
122.5
123.0
123.0
123.0
123.0
124.0
124.5
124.5
124.5
124.5
124.0
124.0
124.0
124.0
122.5
122.5
123.5
123.5
123.5
123.5
120.0
120.0
120.5
120.5
119.5
119.5
119.5
119.5
120.0
120.0
120.0
120.0
122.0
122.0
121.5
121.5
123.0
123.0
121.0
121.0
121.5
121.5
121.5
121.5
122.0
122.0
122.0
122.0
122.5
122.5
122.5
122.5
122.5
122.5
123.5
123.5
123.5
123.5
124.0
124.0
123.5
122.5
122.5
124.0
124.0
124.5
124.5
124.0
124.0
123.0
123.0
124.5
124.5
125.0
125.0
125.0
125.0
125.5
125.5
126.5
126.5
127.0
127.0
127.75
127.75
127.75
128.25
128.25
128.75
128.75
128.25
128.25
125.0
125.0
125.0
125.0
124.5
124.5
124.0
124.0
125.0
125.0
123.5
123.5
123.0
123.0
122.5
123.0
123.0
123.5
123.5
123.0
123.0
123.5
123.5
123.5
123.5
124.5
124.5
124.5
124.5
124.5
124.5
123.0
123.0
120.0
120.0
122.0
122.0
121.0
121.0
121.0
121.0
120.5
120.5
122.0
122.0
120.5
120.5
122.5
122.5
123.0
123.0
124.0
124.0
123.5
123.5
124.0
124.0
123.5
123.5
121.5
121.5
119.5
119.5
118.0
118.0
118.5
118.5
119.0
119.0
119.0
119.0
120.0
120.0
120.0
120.0
121.0
121.0
119.0
119.0
119.0
119.0
115.5
115.5
116.25
116.25
116.25
116.25
116.25
116.25
116.25
116.25
117.75
117.75
118.0
118.0
119.0
119.0
120.5
120.5
119.5
119.5
121.5
121.5
122.5
122.5
123.0
123.0
122.5
122.5
121.5
121.5
121.0
121.0
122.0
122.0
120.0
120.0
121.0
121.0
121.0
121.0
122.0
122.0
121.0
121.0
120.0
120.0
121.5
121.5
121.5
121.5
122.0
122.0
121.5
121.5
120.0
120.0
118.5
118.5
119.0
119.0
117.25
117.25
117.75
117.75
118.0
118.0
119.5
119.5
120.5
120.5
121.0
121.0
120.5
120.5
120.5
120.5
121.5
121.5
122.0
122.0
122.5
122.5
122.0
122.0
123.5
123.5
124.0
125.0
125.0
125.5
125.5
126.0
126.0
126.0
126.0
126.5
126.5
125.0
125.0
124.5
124.5
124.0
124.0
120.5
120.5
121.5
121.5
121.0
121.0
121.0
121.0
120.0
120.0
120.5
120.5
121.0
121.0
121.0
121.0
122.0
122.0
122.0
122.0
122.5
122.5
120.5
120.5
121.5
121.5
122.0
122.0
121.0
121.0
120.5
120.5
120.0
120.0
120.5
120.5
120.0
120.0
121.5
121.5
119.5
119.5
119.5
119.5
121.0
121.0
121.0
121.0
121.5
121.0
121.0
120.5
120.5
119.0
119.0
119.0
119.5
120.5
120.5
122.0
122.0
122.5
122.5
122.5
122.5
121.5
121.5
122.5
122.5
121.5
121.5
121.5
121.5
121.0
121.0
122.0
122.0
122.0
122.0
123.0
123.0
124.0
124.0
125.0
125.0
125.0
125.0
125.5
125.5
126.5
126.5
126.5
126.5
126.0
125.5
125.5
125.0
125.0
124.0
124.0
122.0
122.0
123.5
123.5
124.0
124.0
125.0
125.0
124.5
124.5
123.5
123.5
122.5
122.5
120.5
120.5
121.5
121.5
122.0
122.0
119.5
119.5
117.75
117.75
119.5
119.5
118.0
118.0
121.0
121.0
119.5
119.5
119.5
119.5
118.5
118.5
120.0
120.0
121.0
121.0
121.0
121.0
121.0
121.0
121.5
121.5
120.5
120.5
121.5
121.5
122.0
122.0
121.0
121.0
122.0
122.0
120.5
120.5
118.5
118.5
118.5
118.5
118.0
118.0
115.75
115.75
118.0
118.0
119.0
119.0
119.0
119.0
119.5
119.5
119.5
119.5
120.0
120.0
119.5
119.5
120.5
120.5
120.5
120.5
121.5
121.5
122.0
122.0
122.0
122.0
121.5
121.5
120.5
120.5
120.0
120.0
121.5
121.5
120.5
120.5
120.5
120.5
121.5
121.5
121.0
121.0
122.0
122.0
122.0
122.0
123.0
123.0
121.5
121.5
121.5
121.5
121.5
121.5
121.0
121.0
121.5
121.5
122.0
123.0
123.0
123.5
123.5
123.5
123.5
123.5
123.5
123.5
123.5
125.0
125.0
124.5
124.5
125.0
125.0
125.0
125.0
125.0
125.0
125.5
125.5
125.5
125.5
125.5
126.0
126.0
126.0
126.0
123.5
123.5
122.5
122.5
123.0
123.0
123.0
123.0
122.0
122.0
121.0
121.0
119.0
119.0
119.0
119.0
116.75
116.75
114.5
114.5
115.5
115.5
116.75
116.75
116.75
115.0
115.0
115.5
115.5
117.25
117.25
116.25
116.25
117.25
117.25
118.5
118.5
119.0
119.0
120.5
120.5
121.0
121.0
122.5
122.5
122.5
122.5
123.5
123.5
122.0
122.0
121.0
121.0
122.0
122.0
116.75
116.75
116.25
116.25
116.25
116.25
116.75
116.75
117.25
117.25
114.0
114.0
116.75
116.75
118.0
118.0
118.5
118.5
118.0
118.0
118.0
118.0
116.75
116.75
118.0
118.0
117.75
117.75
118.0
118.0
118.5
118.5
120.5
120.5
121.0
121.0
120.5
120.5
120.0
120.0
120.0
120.0
119.0
119.0
120.0
120.0
120.5
120.5
120.5
120.5
121.0
121.0
121.5
121.5
120.5
120.5
121.0
121.0
121.5
121.5
122.0
122.0
120.0
120.0
121.0
121.0
121.5
121.5
121.0
121.0
122.0
122.0
123.0
123.0
122.5
122.5
123.5
123.5
124.0
124.0
124.5
124.5
125.0
125.0
125.5
125.5
125.5
125.5
125.5
126.0
126.0
124.5
124.5
124.0
124.0
123.5
123.5
123.5
123.5
123.0
123.0
123.0
123.0
121.5
121.5
120.5
120.5
121.5
121.5
119.5
119.5
119.0
119.0
120.5
120.5
122.0
122.0
121.5
121.5
122.5
122.5
121.5
121.5
122.5
122.5
120.5
120.5
118.0
118.0
120.0
120.0
120.5
120.5
121.5
121.5
122.0
122.0
121.5
121.5
121.5
121.5
122.5
122.5
122.0
122.0
123.0
123.0
122.5
122.5
123.0
123.0
122.0
122.0
122.0
121.0
121.0
121.5
121.5
122.0
122.0
120.0
120.0
118.0
118.0
120.0
120.0
120.5
120.5
121.0
121.0
120.5
120.5
121.5
121.5
121.5
121.5
119.5
119.5
120.0
120.0
121.0
121.0
121.5
121.5
121.0
121.0
122.0
122.0
122.0
122.0
121.5
121.5
122.0
122.0
122.5
122.5
122.5
122.5
123.0
123.0
123.5
123.5
123.5
123.5
123.0
123.0
123.5
123.5
121.0
121.0
120.5
120.5
121.5
121.5
120.5
120.5
121.0
121.0
122.0
122.0
121.5
121.5
121.0
121.0
121.5
121.5
123.0
123.0
122.5
122.5
122.0
122.0
120.0
120.0
120.0
120.0
121.5
121.5
120.0
120.0
120.5
120.5
121.5
123.0
123.0
123.5
123.5
124.5
124.5
124.0
124.0
125.5
125.5
126.0
126.0
126.5
126.5
127.0
127.0
127.75
127.75
127.75
127.75
128.25
127.75
127.75
126.0
126.0
125.0
125.0
124.5
124.5
122.0
122.0
123.0
123.0
123.5
123.5
123.5
123.5
124.0
124.0
123.5
123.5
120.5
120.5
120.5
120.5
122.0
122.0
122.5
122.5
122.5
122.5
120.0
120.0
122.0
122.0
121.0
121.0
119.0
119.0
121.0
121.0
121.5
121.5
122.5
122.5
123.5
123.5
121.0
122.5
122.5
123.5
123.5
124.5
124.5
124.5
124.5
125.5
125.5
125.5
125.5
125.5
125.5
125.5
125.5
124.5
124.5
124.5
124.5
124.5
124.5
123.5
123.5
123.0
123.0
123.0
123.0
123.0
123.0
123.0
121.0
121.0
120.5
120.5
121.0
121.0
122.0
122.0
122.0
122.0
121.5
121.5
121.5
121.5
120.5
120.5
121.0
121.0
121.0
121.0
122.5
122.5
122.0
122.0
122.5
122.5
123.0
123.0
122.5
122.5
124.0
124.0
124.0
124.0
125.5
125.5
125.0
125.0
125.0
125.0
125.0
125.0
125.0
125.5
125.5
125.5
125.5
125.5
125.5
126.0
126.0
126.0
126.0
127.0
127.0
127.0
127.0
127.0
127.0
127.0
127.0
127.0
127.75
127.75
127.75
127.75
128.25
128.25
128.75
128.75
128.75
128.75
128.25
128.25
127.75
127.75
127.75
127.0
127.0
127.75
127.75
128.25
128.25
128.75
128.75
128.75
128.75
129.25
129.25
130.5
131.0
131.0
131.5
131.5
132.75
132.75
132.75
132.75
134.0
135.25
135.25
135.75
135.75
135.75
135.25
135.75
135.75
135.75
137.0
137.0
137.0
137.0
137.5
137.5
137.5
138.25
138.25
139.5
139.5
139.5
139.5
139.5
139.5
139.5
138.25
138.25
140.25
139.5
139.5
139.5
139.5
139.5
139.5
139.5
139.0
139.0
139.0
139.0
137.5
136.25
136.25
134.0
134.0
134.0
134.0
131.5
131.5
131.0
129.75
129.75
128.75
128.75
129.25
129.25
128.75
128.75
128.75
128.75
127.75
127.75
127.75
127.75
128.25
128.75
128.75
128.75
128.75
128.25
128.25
127.0
127.0
127.75
127.75
126.0
126.0
126.0
126.0
126.0
126.0
127.0
126.5
126.5
126.5
126.5
127.0
127.0
127.75
127.75
127.75
127.75
127.0
127.0
127.75
127.75
127.75
127.75
127.75
128.25
128.25
128.25
128.25
127.75
127.75
125.5
125.5
126.5
126.5
126.5
126.5
126.0
126.0
127.0
127.0
125.5
124.0
124.0
125.0
125.0
125.5
125.5
125.0
125.0
124.5
124.5
124.5
124.5
125.5
125.5
126.0
126.0
126.5
126.5
127.0
127.0
127.0
126.5
126.5
125.5
125.5
124.0
124.0
124.5
124.5
123.5
123.5
123.0
123.0
124.0
124.0
124.0
124.0
123.5
123.5
121.5
121.5
116.75
116.75
120.5
120.5
122.5
122.5
124.5
124.5
125.5
125.5
127.0
127.0
128.25
129.25
129.25
130.5
130.5
131.5
131.5
131.0
131.0
130.5
130.5
129.75
129.25
129.25
129.75
129.75
129.25
129.25
128.75
128.75
128.25
128.25
128.25
128.25
128.25
127.0
127.0
126.0
126.0
124.5
124.5
124.0
124.0
125.5
125.5
126.0
126.0
126.5
126.5
128.25
128.25
128.75
128.75
129.25
131.0
131.0
131.5
131.5
133.25
133.25
134.5
134.5
135.25
135.75
135.75
136.25
136.25
135.75
135.75
135.25
132.75
132.75
132.25
132.25
126.5
126.5
119.0
119.0
116.75
116.75
119.0
119.0
120.5
120.5
123.5
123.5
125.0
125.0
126.0
126.0
127.0
127.0
128.25
128.25
128.75
130.5
130.5
131.0
131.0
132.25
132.25
132.75
132.75
134.0
134.0
134.5
135.25
135.25
135.25
135.25
135.75
135.75
136.25
137.0
137.0
136.25
136.25
135.75
135.75
135.75
135.25
135.25
134.5
134.5
132.75
132.75
131.5
131.5
130.5
132.25
132.25
132.25
132.25
133.25
133.25
133.25
133.25
134.5
134.5
135.25
135.25
135.25
135.25
135.75
135.25
135.25
135.75
135.25
135.25
134.0
134.0
132.75
132.75
132.25
132.25
131.5
132.25
132.25
132.25
132.25
132.25
132.25
131.0
131.0
131.0
131.0
129.25
128.75
128.75
126.0
126.0
125.5
125.5
124.5
124.5
125.0
125.0
124.0
124.0
124.0
124.0
124.0
124.0
123.0
123.0
121.0
121.0
123.0
123.0
121.5
121.5
122.0
122.0
123.5
123.5
123.5
123.5
124.0
122.5
122.5
122.5
119.0
121.0
121.0
121.0
119.0
121.0
121.0
121.5
121.5
121.0
121.0
124.0
124.0
124.5
124.5
124.0
124.0
124.5
124.5
124.5
124.5
124.0
124.0
125.0
125.0
126.0
126.0
124.0
124.0
123.5
123.5
124.5
124.5
124.0
124.0
124.5
125.0
125.0
124.0
124.0
122.5
122.5
124.0
124.0
123.0
123.0
123.5
123.5
123.0
123.0
124.0
124.0
124.5
124.5
125.5
125.5
126.0
126.0
126.5
126.5
126.0
126.0
127.0
126.5
126.5
127.0
127.0
127.0
127.0
125.5
125.5
125.5
125.5
126.5
126.5
124.0
124.0
123.5
123.5
124.5
124.5
124.5
124.5
125.0
125.5
125.5
126.0
126.0
123.0
123.0
124.5
124.5
125.0
125.0
124.0
124.0
125.0
125.0
125.5
125.5
125.5
125.5
126.0
126.0
126.0
126.0
127.0
127.75
127.75
127.75
127.75
127.75
127.75
127.75
127.75
127.75
127.75
128.25
128.25
127.75
127.75
128.25
127.0
127.0
127.75
127.75
127.0
127.0
127.0
127.0
126.5
126.5
127.0
127.0
126.5
126.5
126.5
126.5
127.0
126.5
126.5
125.5
125.5
126.5
126.5
124.5
124.5
124.5
124.5
124.5
124.5
126.5
126.5
125.5
125.5
126.0
126.0
127.0
127.0
125.5
126.0
126.0
124.5
124.5
121.0
121.0
122.0
122.0
122.5
122.5
122.5
122.5
122.5
122.5
124.5
124.5
124.0
124.0
125.0
125.0
123.0
123.0
124.5
124.5
122.5
122.5
122.5
122.5
121.0
121.0
121.0
121.0
121.5
121.5
122.5
122.5
123.0
123.0
124.0
124.0
124.0
124.0
124.0
124.0
124.0
123.0
123.0
123.5
123.5
124.5
124.5
125.0
125.0
125.0
125.0
125.5
125.5
126.0
126.0
126.0
126.0
125.5
125.5
125.0
125.0
125.0
125.0
124.0
124.5
124.5
124.0
124.0
124.5
124.5
125.0
125.0
124.5
124.5
124.5
124.5
124.5
124.5
125.0
125.0
125.0
125.0
125.0
125.0
125.0
125.0
125.0
125.0
124.5
125.5
125.5
125.5
125.5
126.0
126.0
126.0
126.0
125.0
125.0
125.5
125.5
126.0
126.0
126.5
126.5
126.0
126.0
126.5
126.5
126.5
127.0
127.0
127.0
127.0
126.5
126.5
126.5
126.5
126.5
126.5
125.5
125.5
125.5
125.5
125.0
125.0
123.5
123.5
124.0
124.0
123.5
123.5
123.5
124.0
124.0
124.5
124.5
125.0
125.0
126.0
126.0
126.0
126.0
126.0
126.0
127.0
127.0
126.5
126.5
127.0
127.0
126.5
125.5
125.5
126.5
126.5
126.0
126.0
126.5
126.5
126.0
126.0
126.0
126.0
126.0
126.0
126.0
126.0
126.5
126.5
126.5
126.5
126.5
126.5
126.5
126.5
126.5
124.5
124.5
125.0
125.0
125.0
125.0
125.0
125.0
125.0
125.0
125.5
125.5
125.5
125.5
125.0
125.0
125.0
125.0
125.0
124.0
124.0
124.0
124.0
124.0
124.0
123.5
123.5
124.0
124.0
121.0
121.0
119.5
119.5
121.5
121.5
123.0
123.0
123.5
123.5
123.5
123.5
124.5
124.5
124.5
124.5
125.0
125.0
125.5
125.5
126.0
125.0
125.0
124.0
124.0
124.0
124.0
124.5
124.5
124.5
124.5
124.0
124.0
124.5
124.5
124.0
124.0
125.0
125.0
126.0
126.0
124.5
124.5
125.0
125.0
125.5
124.0
124.0
124.5
124.5
123.0
123.0
123.0
123.0
122.5
122.5
121.5
121.5
123.0
123.0
123.0
123.0
124.0
124.0
124.0
124.0
123.5
123.5
123.5
123.5
123.0
123.0
122.5
122.5
124.0
124.0
122.5
122.5
121.5
121.5
122.5
122.5
122.5
122.5
123.0
123.0
123.0
123.5
123.5
122.5
122.5
121.5
121.5
122.5
122.5
123.5
123.5
122.0
122.0
120.5
120.5
121.5
121.5
122.5
122.5
123.5
123.5
123.0
123.0
123.0
123.0
123.0
123.0
123.0
123.0
122.0
122.0
122.5
122.5
123.0
123.0
121.5
121.5
121.0
121.0
122.5
122.5
123.0
123.0
123.5
123.5
124.0
124.0
125.0
126.0
126.0
127.0
127.0
128.75
128.75
129.25
129.25
130.5
130.5
131.5
132.25
132.25
131.5
131.5
130.5
130.5
128.25
128.25
125.5
125.5
124.0
124.0
122.5
122.5
120.5
120.5
119.0
119.0
117.75
117.75
118.5
118.5
116.25
116.25
116.75
116.75
117.75
117.75
117.75
117.75
117.75
117.75
118.5
118.5
119.0
119.0
119.5
119.5
119.0
119.0
119.0
119.0
120.0
120.0
119.0
119.0
117.75
117.75
117.25
117.25
117.25
117.25
119.0
119.0
120.0
120.0
121.0
121.0
121.5
121.5
122.5
122.5
122.5
122.5
122.5
122.5
122.5
122.5
122.0
122.0
122.0
122.0
122.0
122.0
120.0
120.0
121.0
121.0
119.0
119.0
118.0
118.0
120.5
120.5
120.0
120.0
119.0
119.0
121.5
121.5
122.0
122.0
123.0
123.0
124.5
124.5
125.0
125.0
126.0
126.0
127.0
127.0
126.5
125.0
125.0
126.0
126.0
126.5
126.5
127.0
127.0
127.75
127.75
127.75
127.75
128.25
128.25
128.75
128.75
128.75
129.75
129.75
130.5
130.5
129.75
129.75
129.75
129.75
129.25
129.25
127.0
127.0
128.25
127.0
127.0
127.75
127.75
127.0
127.0
128.25
128.25
128.25
128.25
128.75
128.75
129.75
131.0
131.0
131.0
131.0
131.5
131.5
131.0
131.0
131.5
131.5
130.5
130.5
130.5
129.25
129.25
128.75
128.75
128.25
128.25
128.75
128.75
128.25
128.25
128.25
128.25
128.25
127.75
127.75
127.75
127.75
127.75
127.75
128.25
128.25
128.25
128.25
126.5
126.5
128.75
128.75
128.75
129.25
129.25
128.75
128.75
129.25
129.25
128.75
128.75
129.25
129.25
127.75
127.75
126.5
126.5
126.5
124.5
124.5
125.0
125.0
124.5
124.5
124.5
124.5
122.0
122.0
122.0
122.0
123.5
123.5
124.5
124.5
123.0
123.0
123.5
123.5
122.5
122.5
123.0
123.0
122.0
122.0
121.0
121.0
122.5
122.5
123.5
123.5
123.0
123.0
123.5
123.5
123.0
124.5
124.5
124.0
124.0
123.0
123.0
123.0
123.0
123.0
123.0
122.0
122.0
121.0
121.0
122.5
122.5
121.5
121.5
121.0
121.0
121.5
121.5
122.5
122.5
124.0
124.0
124.0
124.0
125.5
125.5
125.5
125.5
127.0
127.0
128.25
128.75
128.75
129.75
129.75
131.0
131.0
131.0
131.0
132.75
132.75
133.25
134.5
134.5
135.25
135.25
135.25
135.25
135.75
134.5
134.5
134.5
134.5
133.25
133.25
134.0
134.0
133.25
132.25
132.25
132.75
132.75
132.25
132.25
130.5
130.5
129.75
129.75
129.25
129.75
129.75
129.75
129.75
128.25
128.25
128.25
128.25
127.75
127.75
128.25
128.25
128.25
128.25
128.25
128.75
128.75
129.25
129.25
129.75
129.75
129.25
129.25
128.25
128.25
128.75
128.75
128.25
126.5
126.5
127.0
127.0
125.0
125.0
125.0
125.0
124.5
124.5
123.0
123.0
125.0
125.0
124.0
124.0
123.0
123.0
122.0
122.0
123.0
123.0
124.0
124.0
124.5
124.5
123.5
123.5
124.5
125.0
125.0
125.5
125.5
125.0
125.0
125.5
125.5
124.0
124.0
124.5
124.5
125.0
125.0
125.0
125.0
124.5
124.5
123.5
123.5
124.0
124.0
124.0
124.0
122.5
122.5
123.0
122.5
122.5
122.5
122.5
121.0
121.0
121.5
121.5
123.0
123.0
122.5
122.5
121.0
121.0
123.0
123.0
123.5
123.5
124.5
124.5
125.0
125.0
126.5
126.5
127.0
127.0
127.0
127.0
122.5
122.5
117.25
117.25
116.75
116.75
118.5
118.5
118.0
118.0
119.0
119.0
114.0
114.0
116.75
116.75
119.5
119.5
120.5
120.5
122.5
122.5
123.5
123.5
125.0
125.0
126.5
126.5
127.75
129.25
129.25
129.75
129.75
129.75
129.75
128.75
128.75
127.0
127.0
125.5
125.5
123.5
123.5
122.5
122.5
120.5
120.5
121.5
121.5
119.0
119.0
120.0
120.0
122.0
122.0
121.5
121.5
122.0
122.0
121.0
121.0
118.5
118.5
120.0
120.0
121.0
121.0
119.5
119.5
119.0
119.0
117.25
117.25
117.75
117.75
118.5
118.5
118.5
118.5
119.5
119.5
120.0
120.0
120.0
120.0
121.0
121.0
122.5
122.5
122.5
122.5
123.5
123.5
122.5
122.5
123.5
123.5
122.0
122.0
120.0
121.5
121.5
120.5
120.5
121.0
121.0
121.0
121.0
121.5
121.5
123.0
123.0
123.5
123.5
124.5
124.5
125.5
125.5
125.5
125.5
126.5
126.5
127.75
127.75
128.75
128.75
128.75
128.75
129.75
131.0
131.0
131.5
131.5
131.0
131.0
131.5
131.5
131.5
129.75
129.75
129.25
129.25
129.75
129.75
125.0
125.0
123.0
123.0
120.0
120.0
121.0
121.0
121.5
121.5
122.5
122.5
122.0
122.0
122.0
122.0
122.5
122.5
123.5
123.5
124.5
124.5
125.0
125.0
125.0
126.0
126.0
126.5
126.5
128.25
128.25
128.75
128.75
128.75
128.75
130.5
130.5
129.75
130.5
130.5
131.0
131.0
131.5
131.5
131.5
131.5
129.75
129.75
130.5
131.0
131.0
131.0
131.0
131.5
131.5
131.0
131.0
131.5
131.5
132.25
133.25
133.25
134.0
134.0
134.0
134.0
135.25
135.25
135.25
135.25
135.25
135.75
135.75
135.25
135.25
134.5
134.5
134.5
134.5
134.5
134.0
134.0
134.5
134.5
134.0
134.0
134.0
134.5
134.5
134.5
134.5
134.0
135.25
135.25
135.25
135.25
135.75
135.75
136.25
136.25
137.0
137.0
137.0
137.5
137.5
138.25
138.25
137.5
136.25
136.25
135.75
135.75
134.0
134.0
130.5
130.5
126.0
125.5
125.5
123.5
123.5
124.5
124.5
127.0
127.0
127.0
127.0
128.75
128.75
127.75
127.75
123.0
123.0
117.25
117.25
116.75
116.75
121.0
121.0
123.0
123.0
121.5
121.5
120.5
120.5
117.75
117.75
119.0
119.0
116.75
116.75
115.75
115.75
115.75
115.75
119.0
119.0
118.5
118.5
120.5
120.5
119.5
119.5
118.5
118.5
118.5
118.5
115.0
115.0
117.75
117.75
116.25
116.25
118.5
118.5
116.25
116.25
116.25
113.25
113.25
116.75
116.75
117.75
117.75
115.5
115.5
115.0
115.0
114.0
114.0
110.25
110.25
108.25
108.25
108.25
106.0
106.0
108.25
108.25
111.0
111.0
110.75
110.75
115.75
115.75
117.25
117.25
120.5
120.5
123.0
123.0
120.5
120.5
120.5
120.5
121.0
121.0
121.0
121.0
118.5
118.5
116.75
116.75
118.5
118.5
120.5
120.5
120.0
120.0
122.0
122.0
120.0
120.0
120.5
120.5
121.0
121.0
123.0
123.0
124.0
124.0
125.0
125.0
126.0
126.0
126.5
126.5
126.0
126.0
124.0
124.0
122.5
122.5
120.0
120.0
120.0
120.0
119.5
119.5
119.5
119.5
120.5
120.5
120.5
120.5
122.0
122.0
122.0
123.0
123.0
124.5
124.5
126.0
126.0
126.0
126.0
127.75
127.75
129.25
129.25
130.5
130.5
131.0
131.5
131.5
127.75
127.75
127.0
127.0
128.25
128.25
123.5
123.5
120.5
120.5
122.5
122.5
122.5
122.5
121.5
121.5
121.5
121.5
118.0
118.0
119.0
119.0
119.0
119.0
118.0
118.0
118.5
118.5
118.5
118.5
121.0
121.0
121.5
121.5
122.5
122.5
123.5
123.5
124.5
124.5
125.0
125.0
126.0
126.0
126.5
126.0
126.0
126.5
126.5
126.0
126.0
126.0
126.0
125.5
125.5
125.5
125.5
124.5
124.5
125.0
125.0
125.5
125.5
125.5
125.5
126.5
126.5
126.5
127.75
127.75
127.75
127.75
127.0
127.0
127.0
127.0
127.75
127.75
126.0
126.0
125.0
125.0
125.5
125.5
126.0
126.0
126.0
124.5
124.5
125.5
125.5
125.5
125.5
125.5
125.5
127.0
127.0
127.0
127.0
126.0
126.0
123.5
123.5
123.5
123.5
123.0
123.0
122.0
122.0
121.0
121.0
122.0
122.0
119.5
119.5
121.0
121.0
120.5
121.0
121.0
122.5
122.5
122.0
122.0
122.0
122.0
123.0
123.0
123.0
123.0
123.5
123.5
123.0
123.0
124.0
124.0
124.0
124.0
124.0
124.0
125.5
125.5
126.0
126.0
126.5
126.5
127.75
128.25
128.25
128.75
128.75
129.25
129.25
129.25
129.25
128.25
128.25
127.75
127.75
127.0
127.0
126.0
127.0
127.0
127.75
127.75
127.75
127.75
128.25
128.25
128.75
128.75
129.25
129.25
130.5
131.5
131.5
132.25
132.25
132.75
132.75
132.25
132.25
132.25
132.25
131.0
130.5
130.5
129.75
129.75
128.25
128.25
127.75
127.75
128.75
128.75
125.5
125.5
125.5
125.5
126.0
126.0
124.5
126.0
126.0
125.5
125.5
126.0
126.0
126.0
126.0
125.5
125.5
126.0
126.0
126.0
126.0
125.0
125.0
125.5
125.5
124.5
124.5
126.0
126.0
126.0
123.0
123.0
120.5
120.5
120.0
120.0
120.5
120.5
120.0
120.0
121.0
121.0
122.0
122.0
122.5
122.5
123.5
123.5
124.0
124.0
124.0
124.0
124.0
124.0
125.0
125.0
125.0
125.0
124.5
124.5
125.5
125.5
124.5
124.5
124.0
124.0
125.0
123.5
123.5
123.0
123.0
123.5
123.5
124.0
124.0
122.5
122.5
123.0
123.0
123.0
123.0
124.0
124.0
125.0
125.0
125.5
125.5
126.0
126.0
128.25
128.25
128.25
128.25
128.25
128.75
128.75
129.25
129.25
125.5
125.5
123.0
123.0
124.0
124.0
123.5
123.5
124.5
124.5
124.5
124.5
124.0
124.0
123.5
123.5
124.0
124.0
124.0
122.5
122.5
123.0
123.0
123.0
123.0
123.0
123.0
122.5
122.5
122.5
122.5
123.5
123.5
123.5
123.5
123.5
123.5
125.0
125.0
125.5
125.5
127.0
127.0
126.5
126.5
127.0
127.75
127.75
127.0
127.0
127.0
127.0
124.0
124.0
124.0
124.0
125.0
125.0
125.5
125.5
125.5
125.5
125.5
125.5
125.5
125.5
124.0
124.0
124.5
123.5
123.5
123.0
123.0
123.0
123.0
123.0
123.0
123.5
123.5
124.0
124.0
123.5
123.5
123.5
123.5
123.5
123.5
123.0
123.0
122.5
122.5
122.5
122.5
123.0
123.0
122.5
122.5
122.0
122.0
122.5
122.5
121.5
121.5
122.5
122.5
122.5
122.5
122.5
122.5
122.0
122.0
123.0
123.0
122.5
122.0
122.0
121.5
121.5
121.5
121.5
122.0
122.0
122.0
122.0
121.5
121.5
122.0
122.0
122.5
122.5
120.0
120.0
116.75
116.75
112.25
112.25
112.25
112.0
112.0
111.0
111.0
110.25
110.25
111.5
111.5
112.25
112.25
114.0
114.0
114.5
114.5
115.75
115.75
115.75
118.0
118.0
118.0
118.0
119.5
119.5
119.0
119.0
118.5
118.5
120.0
120.0
120.5
120.5
119.0
119.0
117.25
117.25
115.0
115.0
118.0
118.0
116.75
116.75
119.0
119.0
118.5
118.5
118.5
118.5
118.0
118.0
114.5
114.5
115.75
115.75
115.0
115.0
115.75
115.75
117.25
117.25
119.0
119.0
119.0
119.0
119.5
119.5
120.5
120.5
120.5
120.5
122.0
122.0
123.0
123.0
123.0
123.0
123.5
123.5
124.0
124.0
124.0
124.0
124.0
124.0
122.0
122.0
122.5
122.5
123.5
123.5
124.5
124.5
122.5
122.5
121.5
121.5
122.0
122.0
122.5
122.5
123.5
123.5
123.5
123.0
123.0
124.0
124.0
124.0
124.0
125.5
125.5
125.5
125.5
126.5
126.5
127.75
127.75
128.25
128.25
129.75
129.75
129.75
131.0
131.0
129.75
129.75
130.5
130.5
129.75
129.75
129.25
129.25
128.25
126.5
126.5
126.0
126.0
124.5
124.5
123.0
123.0
122.0
122.0
123.5
123.5
124.5
124.5
124.0
124.0
125.0
125.0
125.0
125.0
125.5
125.5
125.0
125.0
124.5
124.5
124.5
124.5
125.0
124.5
124.5
124.5
124.5
126.0
126.0
126.5
126.5
126.5
126.5
127.75
127.75
127.0
127.0
126.5
126.5
125.5
125.5
125.5
125.5
125.5
124.0
124.0
123.5
123.5
122.5
122.5
123.5
123.5
123.5
123.5
123.0
123.0
123.0
123.0
124.0
124.0
123.0
123.0
124.5
124.5
124.0
124.0
124.0
124.0
124.5
124.5
124.5
124.5
125.5
125.0
125.0
125.5
125.5
126.0
126.0
126.0
126.0
125.5
125.5
126.0
126.0
126.5
126.5
126.5
126.5
127.0
127.0
127.0
125.5
125.5
126.0
126.0
126.5
126.5
126.0
126.0
125.5
125.5
125.0
125.0
124.0
124.0
122.0
122.0
122.0
122.0
122.0
122.0
123.0
123.0
122.5
122.5
122.5
122.5
123.0
123.0
123.5
123.5
123.5
123.5
123.5
123.5
123.5
124.0
124.0
125.0
125.0
125.5
125.5
126.5
126.5
127.75
127.75
127.75
127.75
128.25
128.25
128.25
128.25
128.25
127.0
127.0
126.0
126.0
126.0
126.0
126.0
126.0
127.0
127.0
127.0
127.0
128.25
128.25
128.75
127.0
127.0
128.75
128.75
128.25
128.25
128.25
128.25
127.75
127.75
127.0
127.0
127.75
127.75
127.75
127.75
126.5
125.5
125.5
124.5
124.5
124.0
124.0
124.0
124.0
123.0
123.0
122.0
122.0
123.5
123.5
123.5
123.5
124.0
124.0
125.0
125.0
125.0
125.0
124.5
124.5
124.5
124.5
123.5
123.5
125.0
125.0
125.0
124.0
124.0
124.0
124.0
124.0
124.0
123.5
123.5
123.0
123.0
123.5
123.5
122.5
122.5
123.0
123.0
124.0
124.0
125.0
125.0
125.5
125.5
126.0
126.0
126.0
126.0
125.5
125.5
125.5
125.5
125.5
124.5
124.5
123.0
123.0
120.5
120.5
118.5
118.5
117.25
117.25
119.0
119.0
117.25
117.25
121.5
121.5
123.0
123.0
124.5
124.5
126.0
126.0
126.5
126.5
128.25
128.25
128.25
128.25
127.75
128.25
128.25
127.75
127.75
127.0
127.0
127.0
127.0
125.0
125.0
123.0
123.0
121.5
121.5
125.0
125.0
126.5
126.5
128.25
128.25
129.25
130.5
130.5
131.0
131.0
132.25
132.25
132.25
132.25
132.25
131.0
131.0
130.5
130.5
126.5
126.5
125.5
125.5
123.0
123.0
120.5
120.5
120.0
120.0
120.0
120.0
119.5
119.5
114.0
114.0
113.75
113.75
115.0
115.0
116.25
116.25
118.0
118.0
118.0
117.75
117.75
117.25
117.25
115.5
115.5
116.25
116.25
115.75
115.75
115.5
115.5
117.75
117.75
118.5
118.5
122.0
122.0
123.5
123.5
124.5
124.5
126.0
126.0
127.75
128.25
128.25
129.25
129.25
129.75
129.75
129.75
129.75
128.75
128.75
126.5
126.5
126.0
126.0
124.5
124.5
122.5
122.5
122.0
123.0
123.0
122.0
122.0
120.0
120.0
119.0
119.0
119.5
119.5
120.5
120.5
120.5
120.5
121.0
121.0
117.75
117.75
118.5
118.5
118.5
119.0
119.0
117.75
117.75
117.75
117.75
117.25
117.25
120.5
120.5
122.0
122.0
123.0
124.0
124.0
124.0
124.0
124.5
124.5
124.0
124.0
123.5
123.5
123.0
123.0
123.5
123.5
123.5
123.5
124.0
124.0
125.5
125.5
126.5
126.5
127.75
127.75
128.25
129.25
129.25
130.5
130.5
131.0
131.0
130.5
130.5
129.25
129.25
127.75
127.75
126.5
127.75
127.75
126.0
126.0
123.5
123.5
123.5
123.5
123.5
123.5
123.5
123.5
125.0
125.0
127.0
127.0
127.75
127.75
128.25
128.25
129.25
130.5
130.5
131.0
131.0
132.25
132.25
132.75
132.75
132.75
130.5
130.5
126.5
126.5
122.0
122.0
112.75
112.75
112.75
114.5
114.5
115.0
115.0
115.75
115.75
114.5
114.5
115.0
115.0
115.0
115.0
118.5
118.5
121.0
121.0
122.5
122.5
123.5
123.5
123.5
123.5
123.5
123.5
124.0
124.0
122.5
122.5
122.5
122.5
123.5
123.5
124.0
123.0
123.0
122.5
122.5
123.5
123.5
123.5
123.5
123.5
123.5
122.0
122.0
121.5
121.5
121.0
121.0
116.75
116.75
117.25
117.25
116.25
116.25
119.0
119.0
119.0
119.0
122.5
122.5
123.0
123.0
124.0
124.0
124.5
124.5
122.5
122.5
121.5
121.5
122.5
122.5
123.5
123.5
123.0
123.0
122.0
122.0
121.5
121.5
123.0
123.0
122.0
122.0
122.0
122.0
120.0
120.0
119.5
119.5
118.0
118.0
119.5
119.5
120.5
120.5
122.0
122.0
121.0
121.0
122.0
122.0
122.5
122.5
123.0
123.0
124.0
124.0
125.5
124.0
124.0
124.5
124.5
125.5
125.5
126.0
126.0
122.5
122.5
121.5
121.5
121.5
121.5
123.0
123.0
122.0
122.0
122.0
122.0
122.0
122.0
123.0
123.0
122.5
122.5
121.5
121.5
121.5
121.5
119.5
119.5
121.5
121.5
118.5
118.5
116.75
116.75
118.0
118.0
121.0
121.0
122.0
122.0
121.5
121.5
122.0
122.0
123.0
123.0
123.0
123.0
120.5
120.5
116.75
116.75
117.75
117.75
118.0
118.0
118.5
118.5
120.0
120.0
120.0
120.0
119.5
119.5
119.0
119.0
119.5
119.5
121.5
121.5
122.5
122.5
124.0
124.0
124.5
124.5
126.5
127.0
127.0
128.25
128.25
129.25
129.25
130.5
130.5
129.25
129.25
128.25
128.25
124.5
124.5
124.0
124.0
122.0
122.0
119.5
119.5
120.5
120.5
122.0
122.0
123.0
124.5
124.5
124.5
124.5
125.5
125.5
126.5
126.5
127.75
127.75
126.5
126.5
127.0
127.0
126.0
126.0
123.5
123.5
119.5
119.5
115.75
115.75
116.75
116.75
115.5
115.5
114.5
114.5
115.75
115.75
118.0
118.0
119.0
119.0
119.5
119.5
120.0
120.0
120.0
120.0
120.5
120.5
121.0
121.0
121.5
121.5
123.0
123.0
119.5
119.5
122.0
122.0
122.5
122.5
123.5
123.5
124.5
124.5
125.5
125.5
126.0
126.0
126.0
126.0
126.0
126.5
126.5
125.0
125.0
122.0
122.0
123.0
123.0
123.5
123.5
121.0
121.0
120.5
120.5
121.5
121.5
122.0
122.0
117.75
117.75
117.75
117.75
119.5
119.5
120.0
120.0
120.0
120.0
119.5
119.5
121.0
121.0
120.5
120.5
119.0
119.0
120.5
120.5
119.5
119.5
119.5
119.5
122.0
122.0
123.0
123.0
123.0
123.0
123.5
123.5
124.0
124.0
121.5
121.5
119.5
119.5
120.0
120.0
118.5
118.5
115.0
115.0
115.0
115.0
116.75
116.75
115.75
115.75
114.5
114.5
114.0
114.0
114.0
114.5
114.5
115.5
115.5
116.25
116.25
115.75
115.75
117.25
117.25
117.75
117.75
117.25
117.25
120.0
120.0
118.5
118.5
116.75
116.75
113.25
113.25
115.0
115.0
113.25
113.25
114.0
114.0
115.75
115.75
115.75
115.5
115.5
114.5
114.5
114.0
114.0
115.0
115.0
115.5
115.5
115.75
115.75
117.75
117.75
116.75
116.75
112.25
112.25
110.75
110.75
110.75
110.75
110.75
114.0
114.0
115.5
115.5
116.75
116.75
116.75
116.75
115.5
115.5
115.0
115.0
117.25
117.25
115.0
115.0
117.25
117.25
114.5
114.5
114.0
114.0
114.0
113.25
113.25
115.75
115.75
116.25
116.25
117.75
117.75
119.5
119.5
120.5
120.5
119.0
119.0
119.5
119.5
118.5
118.5
119.5
119.5
117.75
117.75
117.25
117.25
116.25
116.25
113.75
113.75
113.75
113.75
115.5
115.5
115.5
115.5
113.25
113.25
113.25
112.25
112.25
114.0
114.0
113.75
113.75
113.25
113.25
115.5
115.5
115.75
115.75
116.75
116.75
117.25
117.25
118.0
118.0
116.25
116.25
116.25
116.25
115.75
115.75
116.25
116.25
116.25
115.5
115.5
117.25
117.25
115.5
115.5
114.0
114.0
114.5
114.5
112.0
112.0
113.75
113.75
115.75
115.75
113.25
113.25
114.5
114.5
115.0
115.0
115.0
115.5
115.5
116.75
116.75
116.25
116.25
118.5
118.5
118.5
118.5
118.5
118.5
118.0
118.0
117.25
117.25
116.25
116.25
114.5
114.5
110.75
110.75
108.0
108.0
108.0
109.0
109.0
107.25
107.25
107.5
107.5
108.25
108.25
111.5
111.5
111.5
112.75
112.75
113.75
113.75
117.25
117.25
118.5
118.5
119.0
119.0
118.0
118.0
118.0
118.0
114.0
114.0
112.0
112.0
114.5
114.5
110.75
110.75
110.75
111.0
111.0
113.75
113.75
115.0
115.0
115.75
115.75
117.25
117.25
118.5
118.5
120.5
120.5
120.0
120.0
120.0
120.0
122.0
122.0
122.0
122.0
122.0
122.0
121.0
121.0
122.5
122.5
123.5
123.5
124.5
125.5
125.5
126.0
126.0
126.0
126.0
126.5
126.5
126.5
126.5
127.0
127.0
127.0
127.0
127.75
127.75
127.0
127.0
126.5
126.0
126.0
123.5
123.5
124.5
124.5
124.0
124.0
126.0
126.0
126.0
126.0
127.0
127.0
127.75
127.75
127.75
127.75
127.75
127.75
127.75
125.5
125.5
123.0
123.0
120.5
120.5
122.5
122.5
124.5
124.5
125.0
125.0
126.0
126.0
125.5
125.5
126.5
126.5
127.0
127.0
128.75
129.75
129.75
130.5
130.5
129.75
129.75
128.25
128.25
129.25
129.25
129.25
128.25
124.0
124.0
121.0
121.0
119.0
119.0
119.5
119.5
116.75
116.75
117.75
117.75
117.25
117.25
114.5
114.5
116.75
116.75
121.5
121.5
124.5
124.5
126.5
126.5
128.25
129.75
129.75
131.5
131.5
132.75
132.75
132.75
132.75
128.75
128.75
124.5
124.5
126.0
127.75
127.75
129.25
129.25
130.5
130.5
132.25
132.25
132.75
132.75
134.5
135.75
135.75
136.25
136.25
137.0
137.0
138.25
139.0
139.0
139.0
139.0
139.0
140.25
140.25
139.5
139.5
140.25
140.25
140.75
140.75
140.75
142.25
142.25
141.5
138.25
138.25
124.0
124.0
124.0
112.0
112.0
106.5
106.5
106.5
103.5
100.75
100.75
100.75
102.0
102.0
105.0
105.0
106.0
106.0
106.0
109.0
109.0
111.5
111.5
110.75
110.75
114.0
114.0
118.5
118.5
119.5
119.5
119.5
119.5
115.0
115.0
118.0
118.0
119.0
119.0
122.0
122.0
119.5
119.5
120.0
120.0
113.25
113.25
117.75
117.75
119.0
119.0
123.0
123.0
124.0
124.0
124.5
124.5
123.0
123.0
123.5
123.5
124.5
124.5
123.5
123.5
125.0
125.0
124.0
124.0
123.5
123.5
122.5
122.5
123.5
123.5
124.5
124.5
124.5
124.5
124.5
126.5
126.5
126.5
126.5
129.25
129.25
129.25
129.25
130.5
130.5
130.5
131.5
131.5
132.25
132.25
132.25
132.25
132.75
132.75
132.75
132.75
129.75
129.75
129.75
128.75
128.75
127.75
127.75
126.5
126.5
127.0
127.0
126.0
126.0
126.5
126.5
127.75
128.25
128.25
128.25
128.25
128.25
128.25
128.75
128.75
128.75
128.75
129.25
129.25
128.75
128.75
129.25
127.0
127.0
125.0
125.0
125.0
125.0
125.5
125.5
126.5
126.5
125.5
125.5
126.0
126.0
126.0
126.0
125.5
125.5
125.5
127.0
127.0
127.75
127.75
127.0
127.0
129.25
129.25
128.75
128.75
130.5
130.5
131.0
130.5
130.5
131.5
131.5
130.5
130.5
129.75
129.75
129.25
129.25
128.75
128.75
127.0
126.0
126.0
124.0
124.0
126.0
126.0
124.0
124.0
119.0
119.0
120.0
120.0
122.0
122.0
123.5
123.5
119.5
119.5
122.5
122.5
125.0
125.0
124.5
124.5
126.0
126.0
126.0
126.0
127.75
127.75
128.25
129.25
129.25
129.75
129.75
131.0
131.0
132.75
132.75
133.25
133.25
134.0
133.25
133.25
131.5
131.5
128.25
128.25
126.5
126.5
128.25
128.25
126.0
126.0
126.0
126.0
120.0
120.0
121.0
121.0
117.75
117.75
118.5
118.5
119.5
119.5
122.0
122.0
122.0
122.0
124.0
124.0
124.0
124.5
124.5
124.5
124.5
125.0
125.0
125.5
125.5
123.5
123.5
124.0
124.0
123.5
123.5
124.5
124.5
124.0
124.0
125.0
125.0
126.5
126.5
125.5
125.5
125.5
126.5
126.5
127.75
127.75
127.75
127.75
127.75
127.75
126.5
126.5
124.0
124.0
124.5
124.5
125.0
125.0
124.5
124.5
123.5
123.5
123.5
122.5
122.5
124.0
124.0
123.0
123.0
124.0
124.0
125.5
125.5
125.0
125.0
126.0
126.0
125.5
125.5
125.0
125.0
123.5
123.5
124.5
124.5
125.0
125.0
126.0
126.5
126.5
124.5
124.5
122.0
122.0
117.75
117.75
116.75
116.75
116.75
112.25
112.25
112.25
112.25
112.0
112.0
115.5
115.5
114.5
114.5
116.25
116.25
116.75
116.75
113.25
113.25
110.75
110.75
110.75
109.0
109.0
111.0
111.0
108.75
108.75
106.0
106.0
106.0
106.75
106.75
114.0
114.0
118.5
118.5
121.5
121.5
117.75
117.75
120.5
120.5
122.0
122.0
116.25
116.25
115.75
115.75
112.75
112.75
111.0
111.0
111.5
111.5
113.25
113.25
113.25
108.0
108.0
110.25
110.25
109.5
109.5
113.75
113.75
117.25
117.25
119.0
119.0
119.5
119.5
119.5
119.5
120.0
120.0
118.5
118.5
118.5
118.0
116.25
116.25
117.75
117.75
116.25
116.25
119.5
119.5
119.5
119.5
118.0
118.0
120.5
120.5
121.5
121.5
120.5
120.5
120.5
120.5
121.5
121.5
121.5
121.5
121.0
121.0
123.0
123.0
125.0
125.0
125.0
125.0
119.0
119.0
121.0
121.0
120.0
120.0
117.25
117.25
117.25
117.25
118.0
118.0
118.5
118.5
117.75
117.75
119.0
119.0
121.0
121.0
118.5
118.5
119.0
119.0
120.5
120.5
124.0
124.0
125.0
125.0
126.5
126.5
126.0
126.0
127.0
127.0
125.5
125.5
125.0
125.0
125.0
124.5
124.5
123.0
123.0
122.5
122.5
122.5
122.5
121.5
121.5
122.5
122.5
124.5
124.5
124.5
124.5
125.5
125.5
126.5
126.5
127.75
127.75
129.25
129.25
129.75
129.75
129.75
128.25
128.25
127.75
127.75
127.0
127.0
126.0
126.0
126.5
126.5
128.25
128.25
126.0
126.0
123.0
125.0
125.0
124.0
124.0
123.0
123.0
121.5
121.5
117.25
117.25
117.75
117.75
119.0
119.0
119.0
116.25
116.25
113.75
113.75
112.75
112.75
105.75
105.75
98.0
98.0
98.0
103.75
103.75
110.75
110.75
113.75
113.75
117.25
117.25
118.0
118.0
114.5
114.5
116.75
116.75
113.75
113.75
113.75
114.0
114.0
116.75
116.75
113.75
113.75
115.0
115.0
111.0
111.0
110.75
110.75
110.75
110.75
108.75
108.75
108.75
111.5
111.5
115.0
115.0
117.25
117.25
118.5
118.5
119.5
119.5
120.0
120.0
121.5
121.5
118.0
118.0
121.0
121.0
119.0
119.0
119.0
119.0
120.0
120.0
123.0
123.0
122.0
122.0
121.0
121.0
120.0
120.0
120.0
120.0
118.5
118.5
116.75
116.75
119.0
119.0
119.5
119.5
120.5
120.5
121.0
121.0
122.5
122.5
121.5
121.5
118.5
118.5
115.75
115.75
117.75
117.75
120.5
120.5
121.0
121.0
120.0
120.0
119.0
119.0
120.5
120.5
121.0
121.0
121.5
121.5
119.5
119.5
120.0
120.0
119.5
119.5
121.5
121.5
121.5
121.5
123.0
123.0
123.5
123.5
124.5
124.5
125.0
124.0
124.0
124.0
124.0
122.0
122.0
122.5
122.5
122.5
122.5
120.0
120.0
121.0
121.0
121.0
121.0
119.5
119.5
121.0
121.0
122.0
122.0
123.0
123.0
124.0
124.0
123.0
123.0
123.5
123.5
124.0
124.0
123.5
123.5
123.0
123.0
124.0
124.0
122.5
122.5
122.5
122.5
123.0
123.0
124.0
124.0
125.0
125.5
125.5
124.0
124.0
124.0
124.0
123.0
123.0
122.5
122.5
122.0
122.0
122.0
122.0
122.0
122.0
123.5
123.5
124.0
124.0
124.5
124.5
124.0
124.0
124.0
124.0
123.0
123.0
124.0
124.0
121.5
121.5
119.5
119.5
121.5
121.5
121.5
121.5
121.5
121.5
122.0
122.0
122.0
123.0
123.0
120.0
120.0
120.0
117.75
117.75
114.0
114.0
112.0
112.0
113.75
113.75
115.5
115.5
118.5
118.5
119.5
119.5
122.5
122.5
125.5
125.5
128.25
128.25
129.75
126.5
126.5
127.0
127.0
129.75
129.75
130.5
130.5
130.5
130.5
132.25
132.25
133.25
133.25
133.25
135.25
135.25
137.0
137.0
137.0
137.0
137.0
137.0
137.0
137.0
137.0
138.25
139.5
139.5
139.5
139.5
140.75
140.75
140.75
141.5
141.5
142.25
142.25
142.25
141.5
141.5
142.75
142.75
145.75
146.25
146.25
147.0
147.75
147.75
147.75
147.75
147.0
147.0
147.0
145.75
145.75
143.5
142.25
142.25
139.0
139.0
137.0
137.0
131.0
131.0
123.5
127.0
127.0
127.0
122.0
122.0
115.0
115.0
120.5
120.5
119.5
119.5
116.75
116.75
116.75
116.75
118.975
121.2
123.425
125.65
127.875
130.1
132.325
134.55
136.775
139.0
139.0
142.25
142.25
143.5
145.75
145.75
145.75
145.75
145.75
142.75
142.75
142.25
142.75
142.75
144.25
144.25
145.75
150.75
150.75
153.0
153.0
154.75
157.0
157.0
156.25
156.25
156.25
158.0
159.5
159.5
162.25
161.25
161.25
163.0
162.25
162.25
163.0
163.0
161.25
159.5
160.5
160.5
161.25
160.5
160.5
160.5
158.75
158.75
153.0
153.0
153.0
153.75
150.0
150.0
145.75
145.75
145.0
145.0
139.5
135.75
135.75
136.25
136.25
137.5
129.75
129.75
126.5
126.5
120.0
120.0
116.75
116.75
116.75
114.5
114.5
105.75
105.75
102.5
102.5
102.0
102.0
102.0
100.0
100.0
102.75
102.75
102.75
103.0
103.0
102.5
102.5
102.5
102.5
102.5
101.75
101.75
103.5
103.5
103.75
103.75
103.75
103.5
103.5
101.0
101.0
102.5
102.5
102.5
94.0
94.0
100.75
100.75
100.75
101.25
101.25
107.25
107.25
107.5
107.5
103.5
103.5
103.5
100.0
100.0
97.5
97.5
97.5
96.25
96.25
91.5
91.5
91.5
91.5
91.5
91.5
92.25
92.25
91.0
91.0
91.0
88.75
88.75
92.5
92.5
92.5
95.25
95.25
95.25
95.75
95.75
97.0
97.0
119.0
119.0
132.25
132.25
138.25
141.5
141.5
145.0
145.0
149.25
152.25
152.25
152.25
152.25
152.25
152.25
154.75
154.75
155.5
159.5
159.5
160.5
160.5
160.5
159.5
158.0
158.0
159.5
163.0
163.0
164.75
163.0
163.0
162.25
162.25
162.25
163.0
165.75
165.75
166.75
164.75
164.75
163.0
160.5
160.5
160.5
162.25
162.25
164.0
164.0
162.25
162.25
162.25
162.25
164.0
164.75
164.0
164.0
164.75
165.75
165.75
167.5
164.75
164.75
165.75
167.5
167.5
167.5
166.75
165.75
165.75
164.75
164.75
164.75
163.0
160.5
160.5
158.0
154.75
154.75
154.75
148.5
148.5
141.5
141.5
139.0
139.0
140.25
137.5
137.5
139.5
139.5
137.5
137.5
131.0
131.5
131.5
125.5
125.5
125.5
103.5
103.5
95.25
95.25
95.25
103.5
103.5
104.25
104.25
103.0
103.0
103.0
100.75
100.75
101.25
101.25
101.0
101.0
101.0
100.75
100.75
101.0
101.0
101.0
101.0
101.0
100.75
100.75
100.75
100.75
100.75
100.75
100.75
100.0
100.0
98.0
98.0
98.0
95.75
95.75
93.5
93.5
93.5
89.75
89.75
89.75
84.25
84.25
84.25
82.0
82.0
82.0
82.75
82.75
82.75
87.25
87.25
92.25
92.25
92.25
95.5
95.5
107.25
107.25
132.25
142.75
142.75
147.0
147.0
149.25
153.75
153.75
155.5
158.0
158.0
159.5
153.0
153.0
153.71153846153845
154.42307692307693
155.1346153846154
155.84615384615384
156.55769230769232
157.26923076923077
157.98076923076923
158.69230769230768
159.40384615384616
160.1153846153846
160.82692307692307
161.53846153846155
162.25
161.25
161.25
162.25
163.0
163.0
163.0
162.25
162.25
163.0
163.0
163.0
162.25
164.0
164.0
164.0
163.0
163.0
165.75
164.75
164.75
163.0
165.75
164.75
164.75
165.75
164.75
164.75
165.75
166.75
166.75
166.75
166.75
166.75
165.75
163.0
163.0
164.0
157.0
157.0
147.75
138.75
129.75
120.75
111.75
102.75
93.75
84.75
75.75
75.75
75.75
75.75
71.75
71.75
71.75
71.5
71.5
71.5
72.0
72.0
70.16666666666667
68.33333333333333
66.5
64.66666666666667
62.833333333333336
61.0
59.166666666666664
57.333333333333336
55.5
53.666666666666664
51.833333333333336
50.0
50.0
50.0
50.0
50.0
62.75
62.75
62.75
63.25
63.25
63.25
63.25
63.0
63.0
63.0
63.0
63.0
62.75
62.75
62.75
63.0
63.0
63.0
63.0
63.0
63.0
63.0
63.25
63.25
63.25
63.25
63.25
63.25
63.25
63.25
63.0
63.0
63.0
63.0
62.75
62.75
62.75
62.5
62.5
62.5
62.5
62.25
62.25
62.25
62.25
62.25
62.25
62.25
62.25
62.0
62.0
62.0
62.0
62.25
62.25
62.25
62.25
61.75
61.75
61.75
61.75
62.25
62.25
62.25
62.5
62.5
62.5
62.5
62.75
62.75
62.75
62.75
62.5
62.5
62.5
62.5
63.25
63.25
63.25
63.25
62.0
62.0
62.0
62.0
60.75
60.75
60.75
60.75
60.75
60.75
60.75
60.75
60.0
60.0
60.0
60.0
59.5
59.5
59.5
59.5
59.25
59.25
59.25
59.25
58.25
58.25
58.25
58.25
57.75
57.75
57.75
57.75
57.0
57.0
57.0
57.0
57.0
55.75
55.75
55.75
55.75
56.0
56.0
56.0
56.0
55.0
55.0
55.0
55.0
55.0
55.5
55.5
55.5
55.5
56.5
56.5
56.5
56.5
55.5
55.5
55.5
55.5
55.5
55.5
54.5
54.5
54.5
54.75
54.75
54.75
54.75
54.75
54.5
54.5
54.5
54.5
54.5
54.5
54.5
54.5
54.5
54.5
54.5
54.5
54.5
54.75
54.75
54.75
54.75
54.5
54.5
54.5
54.5
54.5
54.5
54.5
54.5
54.5
54.25
54.25
54.25
54.25
54.5
54.5
54.5
54.5
54.5
54.5
54.0
54.0
54.0
53.75
53.75
53.75
53.75
53.75
54.25
54.25
54.25
54.25
54.5
54.5
54.5
54.5
54.25
54.25
54.25
54.25
54.25
54.5
54.5
54.5
54.5
54.75
54.75
54.75
54.75
55.25
55.25
55.25
55.25
55.25
55.25
55.25
55.25
55.25
55.5
55.5
55.5
55.5
56.0
56.0
56.0
56.0
56.0
56.0
56.0
56.0
56.0
56.5
56.5
56.5
56.5
56.0
56.0
56.0
56.0
56.75
56.75
56.75
